36
{{0,0,0,0,0,0,0,0,0,0,0,0,0,0,0,0,0,-0.0045105490*J2^5+0.0050743676*J2^4*(J2-J1)^1+0.0022552745*J2^3*(J2-J1)^2+0,0,0,0,0,0,0,0,0,0,0,0,-0.0030305251*J2^5+0.0090210980*J2^3*(J2-J1)^2+0,0,0,0,0,0,0},
{0,0,0,0,0,0,0,0,0,0,0,0,0,-0.0006610886*J2^5+-0.0002531829*J2^4*(J2-J1)^1+-0.0032150206*J2^3*(J2-J1)^2+0,0,0,0,0,0,0,0,-0.0013739637*J2^5+-0.0006905340*J2^4*(J2-J1)^1+-0.0007615766*J2^3*(J2-J1)^2+0,0,0,0,0,0,0,0,0,0,0.0010101750*J2^5+-0.0020766159*J2^4*(J2-J1)^1+-0.0086452189*J2^3*(J2-J1)^2+0,0,0,0,0},
{0,0,0,0,0,0,0,0,0,0,0,0,0,0,0,0,0,0,0,-0.0045105490*J2^5+0.0031949722*J2^4*(J2-J1)^1+0.0060140653*J2^3*(J2-J1)^2+0,0,0,0,0,0,0.0017496745*J2^5+0.0060040509*J2^4*(J2-J1)^1+-0.0279947917*J2^3*(J2-J1)^2+0,0,0,0,0,0,0,0,-0.0024744134*J2^5+-0.0012787666*J2^4*(J2-J1)^1+0.0050639158*J2^3*(J2-J1)^2+0,0,0},
{0,0,0,0,0,0,0,0,0,0,0,0,0,0,0,-0.0006610886*J2^5+0.0005425347*J2^4*(J2-J1)^1+0.0025023577*J2^3*(J2-J1)^2+0,0,0,0,0,0,0,0,-0.0013739637*J2^5+-0.0020204512*J2^4*(J2-J1)^1+0.0102490775*J2^3*(J2-J1)^2+0,0,0,0,-0.0005832248*J2^5+-0.0008024156*J2^4*(J2-J1)^1+-0.0004340278*J2^3*(J2-J1)^2+0,0,0,0,0,0,0,0,0.0008248045*J2^5+-0.0012692943*J2^4*(J2-J1)^1+-0.0154986512*J2^3*(J2-J1)^2+0},
{0,0,0,0,0,0,0,0,0,0,0,0,0,0,0,0,0.0078125000*J2^5+-0.0234375000*J2^4*(J2-J1)^1+0,0,0,0,0,0,0,0,0,0,0,0,0.0052490234*J2^5+0.0073242187*J2^4*(J2-J1)^1+-0.0703125000*J2^3*(J2-J1)^2+0,0,0,0,0,0,0,0},
{0,0,0,0,0,0,0,0,0,0,0,0,0.0011450391*J2^5+-0.0011276372*J2^4*(J2-J1)^1+0.0119167590*J2^3*(J2-J1)^2+0,0,0,0,0,0,0,0,0.0023797749*J2^5+-0.0036767153*J2^4*(J2-J1)^1+0.0095289435*J2^3*(J2-J1)^2+0,0,0,0,0,0,0,0,0,0,-0.0017496745*J2^5+0.0011553980*J2^4*(J2-J1)^1+0.0045572917*J2^3*(J2-J1)^2+0,0,0,0,0,0},
{0,0,0,0,0,0,0,0,0,0,0,0,0,0,0,0,0,0,0.0078125000*J2^5+-0.0201822917*J2^4*(J2-J1)^1+0.0039062500*J2^3*(J2-J1)^2+0,0,0,0,0,0,-0.0030305251*J2^5+-0.0146279609*J2^4*(J2-J1)^1+0.1048702637*J2^3*(J2-J1)^2+0,0,0,0,0,0,0,0,0.0042858097*J2^5+0.0081950883*J2^4*(J2-J1)^1+-0.0358811974*J2^3*(J2-J1)^2+0,0,0,0},
{0,0,0,0,0,0,0,0,0,0,0,0,0,0,0.0011450391*J2^5+-0.0025058605*J2^4*(J2-J1)^1+0.0051323736*J2^3*(J2-J1)^2+0,0,0,0,0,0,0,0,0.0023797749*J2^5+-0.0013732310*J2^4*(J2-J1)^1+-0.0074945272*J2^3*(J2-J1)^2+0,0,0,0,0.0010101750*J2^5+0.0027993711*J2^4*(J2-J1)^1+-0.0015035163*J2^3*(J2-J1)^2+0,0,0,0,0,0,0,0,-0.0014286032*J2^5+0.0002050823*J2^4*(J2-J1)^1+0.0124919724*J2^3*(J2-J1)^2+0,0},
{0,0,0,0,0,0,0,0,0,0,0,0,0,0,0,0,0,-0.0063788795*J2^5+0.0131564390*J2^4*(J2-J1)^1+0.0031894398*J2^3*(J2-J1)^2+0,0,0,0,0,0,0,0,0,0,0,0,-0.0042858097*J2^5+-0.0029900998*J2^4*(J2-J1)^1+0.0271102380*J2^3*(J2-J1)^2+0,0,0,0,0,0,0},
{0,0,0,0,0,0,0,0,0,0,0,0,0,-0.0009349205*J2^5+0.0002813287*J2^4*(J2-J1)^1+-0.0070360580*J2^3*(J2-J1)^2+0,0,0,0,0,0,0,0,-0.0019430781*J2^5+0.0010127315*J2^4*(J2-J1)^1+-0.0038499871*J2^3*(J2-J1)^2+0,0,0,0,0,0,0,0,0,0,0.0014286032*J2^5+-0.0019400785*J2^4*(J2-J1)^1+-0.0053157329*J2^3*(J2-J1)^2+0,0,0,0,0},
{0,0,0,0,0,0,0,0,0,0,0,0,0,0,0,0,0,0,0,-0.0063788795*J2^5+0.0104985726*J2^4*(J2-J1)^1+0.0042525864*J2^3*(J2-J1)^2+0,0,0,0,0,0,0.0024744134*J2^5+0.0102173452*J2^4*(J2-J1)^1+-0.0580048531*J2^3*(J2-J1)^2+0,0,0,0,0,0,0,0,-0.0034993490*J2^5+-0.0042498553*J2^4*(J2-J1)^1+0.0117187500*J2^3*(J2-J1)^2+0,0,0},
{0,0,0,0,0,0,0,0,0,0,0,0,0,0,0,-0.0009349205*J2^5+0.0014066433*J2^4*(J2-J1)^1+-0.0002235473*J2^3*(J2-J1)^2+0,0,0,0,0,0,0,0,-0.0019430781*J2^5+-0.0008680556*J2^4*(J2-J1)^1+0.0108855238*J2^3*(J2-J1)^2+0,0,0,0,-0.0008248045*J2^5+-0.0017102319*J2^4*(J2-J1)^1+-0.0012276159*J2^3*(J2-J1)^2+0,0,0,0,0,0,0,0,0.0011664497*J2^5+-0.0009812511*J2^4*(J2-J1)^1+-0.0138888889*J2^3*(J2-J1)^2+0},
{0,0,0,0,0,-0.0015145375*J2^5+0.0036961443*J2^4*(J2-J1)^1+-0.0262372880*J2^3*(J2-J1)^2+0,0,0,0,0,0,0,0,0,0,0,0,0,0,0,0,0,0,0,0,0,0,0,0,0,0,0,0,0,0,0},
{0,0.0008744186*J2^5+0.0004380466*J2^4*(J2-J1)^1+0.0226926869*J2^3*(J2-J1)^2+0,0,0,0,0,0,0,0,0.0012366147*J2^5+-0.0011991989*J2^4*(J2-J1)^1+0.0269090383*J2^3*(J2-J1)^2+0,0,0,0,0,0,0,0,0,0,0,0,0,0,0,0,0,0,0,0,0,0,0,0,0,0,0},
{0,0,0,0,0,0,0,-0.0015145375*J2^5+0.0109724208*J2^4*(J2-J1)^1+0.0068957570*J2^3*(J2-J1)^2+0,0,0,0,0,0,0,0,0,0,0,0,0,0,0,0,0,0,0,0,0,0,0,0,0,0,0,0,0},
{0,0,0,0.0008744186*J2^5+-0.0037629137*J2^4*(J2-J1)^1+0.0048493227*J2^3*(J2-J1)^2+0,0,0,0,0,0,0,0,0.0012366147*J2^5+-0.0071402538*J2^4*(J2-J1)^1+0.0007653655*J2^3*(J2-J1)^2+0,0,0,0,0,0,0,0,0,0,0,0,0,0,0,0,0,0,0,0,0,0,0,0,0},
{0,0,0,0,-0.0114746094*J2^5+-0.0117187500*J2^4*(J2-J1)^1+0.0468750000*J2^3*(J2-J1)^2+0,0,0,0,0,0,0,0,0,0,0,0,0,0,0,0,0,0,0,0,0,0,0,0,0,0,0,0,0,0,0,0},
{0.0066248688*J2^5+0.0157869214*J2^4*(J2-J1)^1+-0.1172742734*J2^3*(J2-J1)^2+0,0,0,0,0,0,0,0,0.0093689793*J2^5+0.0159471988*J2^4*(J2-J1)^1+-0.0893043135*J2^3*(J2-J1)^2+0,0,0,0,0,0,0,0,0,0,0,0,0,0,0,0,0,0,0,0,0,0,0,0,0,0,0,0},
{0,0,0,0,0,0,-0.0114746094*J2^5+0.0143229167*J2^4*(J2-J1)^1+0.0234375000*J2^3*(J2-J1)^2+0,0,0,0,0,0,0,0,0,0,0,0,0,0,0,0,0,0,0,0,0,0,0,0,0,0,0,0,0,0},
{0,0,0.0066248688*J2^5+0.0007517582*J2^4*(J2-J1)^1+-0.0195457122*J2^3*(J2-J1)^2+0,0,0,0,0,0,0,0,0.0093689793*J2^5+-0.0053157329*J2^4*(J2-J1)^1+-0.0106314659*J2^3*(J2-J1)^2+0,0,0,0,0,0,0,0,0,0,0,0,0,0,0,0,0,0,0,0,0,0,0,0,0,0},
{0,0,0,0,0,-0.0036135499*J2^5+0.0040901612*J2^4*(J2-J1)^1+-0.0101523937*J2^3*(J2-J1)^2+0,0,0,0,0,0,0,0,0,0,0,0,0,0,0,0,0,0,0,0,0,0,0,0,0,0,0,0,0,0,0},
{0,0.0020862840*J2^5+-0.0004972981*J2^4*(J2-J1)^1+0.0152580537*J2^3*(J2-J1)^2+0,0,0,0,0,0,0,0,0.0029504512*J2^5+-0.0020214442*J2^4*(J2-J1)^1+0.0200349366*J2^3*(J2-J1)^2+0,0,0,0,0,0,0,0,0,0,0,0,0,0,0,0,0,0,0,0,0,0,0,0,0,0,0},
{0,0,0,0,0,0,0,-0.0036135499*J2^5+0.0095765226*J2^4*(J2-J1)^1+0.1014386225*J2^3*(J2-J1)^2+0,0,0,0,0,0,0,0,0,0,0,0,0,0,0,0,0,0,0,0,0,0,0,0,0,0,0,0,0},
{0,0,0,0.0020862840*J2^5+-0.0036648504*J2^4*(J2-J1)^1+-0.0157051484*J2^3*(J2-J1)^2+0,0,0,0,0,0,0,0,0.0029504512*J2^5+-0.0065010395*J2^4*(J2-J1)^1+-0.0474161951*J2^3*(J2-J1)^2+0,0,0,0,0,0,0,0,0,0,0,0,0,0,0,0,0,0,0,0,0,0,0,0,0},
{0,0,0,0,0,0,0.0062724822*J2^5+-0.0093737746*J2^4*(J2-J1)^1+0.0033829117*J2^3*(J2-J1)^2+0,0,0,0,0,0,0,0,0,0,0,0,0,0,0,0,0,0,0,0,0,0,0,0,0,0,0,0,0,0},
{0,0,-0.0036214193*J2^5+0.0002036180*J2^4*(J2-J1)^1+0.0136718750*J2^3*(J2-J1)^2+0,0,0,0,0,0,0,0,-0.0051214602*J2^5+0.0039708071*J2^4*(J2-J1)^1+0.0009207120*J2^3*(J2-J1)^2+0,0,0,0,0,0,0,0,0,0,0,0,0,0,0,0,0,0,0,0,0,0,0,0,0,0},
{0,0,0,0,0,0,0,-0.0020908274*J2^5+0.0081641555*J2^4*(J2-J1)^1+0.0278150520*J2^3*(J2-J1)^2+0,0,0,0,0,0,0,0,0,0,0,0,0,0,0,0,0,0,0,0,0,0,0,0,0,0,0,0,0},
{0,0,0,0.0012071398*J2^5+-0.0029774663*J2^4*(J2-J1)^1+0.0030381944*J2^3*(J2-J1)^2+0,0,0,0,0,0,0,0,0.0017071534*J2^5+-0.0054383891*J2^4*(J2-J1)^1+-0.0067518877*J2^3*(J2-J1)^2+0,0,0,0,0,0,0,0,0,0,0,0,0,0,0,0,0,0,0,0,0,0,0,0,0},
{0,0,0,0,-0.0108642578*J2^5+-0.0102539063*J2^4*(J2-J1)^1+0.0234375000*J2^3*(J2-J1)^2+0,0,0,0,0,0,0,0,0,0,0,0,0,0,0,0,0,0,0,0,0,0,0,0,0,0,0,0,0,0,0,0},
{0.0062724822*J2^5+0.0149411935*J2^4*(J2-J1)^1+-0.1037426265*J2^3*(J2-J1)^2+0,0,0,0,0,0,0,0,0.0088706294*J2^5+0.0147511589*J2^4*(J2-J1)^1+-0.0701676749*J2^3*(J2-J1)^2+0,0,0,0,0,0,0,0,0,0,0,0,0,0,0,0,0,0,0,0,0,0,0,0,0,0,0,0},
{0,0,0,0,0,0.0036214193*J2^5+-0.0053108121*J2^4*(J2-J1)^1+0.0253906250*J2^3*(J2-J1)^2+0,0,0,0,0,0,0,0,0,0,0,0,0,0,0,0,0,0,0,0,0,0,0,0,0,0,0,0,0,0,0},
{0,-0.0020908274*J2^5+0.0000591662*J2^4*(J2-J1)^1+-0.0266874148*J2^3*(J2-J1)^2+0,0,0,0,0,0,0,0,-0.0029568765*J2^5+0.0022099668*J2^4*(J2-J1)^1+-0.0334891176*J2^3*(J2-J1)^2+0,0,0,0,0,0,0,0,0,0,0,0,0,0,0,0,0,0,0,0,0,0,0,0,0,0,0},
{0,0,0,0,0,0,-0.0088706294*J2^5+0.0115116791*J2^4*(J2-J1)^1+0.0271102380*J2^3*(J2-J1)^2+0,0,0,0,0,0,0,0,0,0,0,0,0,0,0,0,0,0,0,0,0,0,0,0,0,0,0,0,0,0},
{0,0,0.0051214602*J2^5+0.0007194246*J2^4*(J2-J1)^1+-0.0119692554*J2^3*(J2-J1)^2+0,0,0,0,0,0,0,0,0.0072428385*J2^5+-0.0041909133*J2^4*(J2-J1)^1+-0.0091145833*J2^3*(J2-J1)^2+0,0,0,0,0,0,0,0,0,0,0,0,0,0,0,0,0,0,0,0,0,0,0,0,0,0},
{0,0,0,0,0,0,0,0.0029568765*J2^5+-0.0109642461*J2^4*(J2-J1)^1+-0.0861148738*J2^3*(J2-J1)^2+0,0,0,0,0,0,0,0,0,0,0,0,0,0,0,0,0,0,0,0,0,0,0,0,0,0,0,0,0},
{0,0,0,-0.0017071534*J2^5+0.0038749786*J2^4*(J2-J1)^1+0.0141175833*J2^3*(J2-J1)^2+0,0,0,0,0,0,0,0,-0.0024142795*J2^5+0.0072161583*J2^4*(J2-J1)^1+0.0416666667*J2^3*(J2-J1)^2+0,0,0,0,0,0,0,0,0,0,0,0,0,0,0,0,0,0,0,0,0,0,0,0,0}
}