36
{{0,0,0,0,0,0,0,0,0,0,0,0,0,0,0,0,0,0,0,0,0,0,0,0,0,0,0,0,0,0,0,0,0,0,0,0},
{0,0,0,0,0,0,0,0,0,0,0,0,0,0,0,0,0,0,0,0,0,0,0,0,0,0,0,0,0,0,0,0,0,0,0,0},
{0,0,0,0,0,0,0,0,0,0,0,0,0,0,0,0,0,0,0,0,0,0,0,0,0,0,0,0,0,0,0,0,0,0,0,0},
{0,0,0,0,0,0,0,0,0,0,0,0,0,0,0,0,0,0,0,0,0,0,0,0,0,0,0,0,0,0,0,0,0,0,0,0},
{0,0,0,0,0,0,0,0,0,0,0,0,0,0,0,0,0,0,0,0,0,0,0,0,0,0,0,0,0,0,0,0,0,0,0,0},
{0,0,0,0,0,0,0,0,0,0,0,0,0,0,0,0,0,0,0,0,0,0,0,0,0,0,0,0,0,0,0,0,0,0,0,0},
{0,0,0,0,0,0,0,0,0,0,0,0,0,0,0,0,0,0,0,0,0,0,0,0,0,0,0,0,0,0,0,0,0,0,0,0},
{0,0,0,0,0,0,0,0,0,0,0,0,0,0,0,0,0,0,0,0,0,0,0,0,0,0,0,0,0,0,0,0,0,0,0,0},
{0,0,0,0,0,0,0,0,0,0,0,0,0,0,0,0,0,0,0,0,0,0,0,0,0,0,0,0,0,0,0,0,0,0,0,0},
{0,0,0,0,0,0,0,0,0,0,0,0,0,0,0,0,0,0,0,0,0,0,0,0,0,0,0,0,0,0,0,0,0,0,0,0},
{0,0,0,0,0,0,0,0,0,0,0,0,0,0,0,0,0,0,0,0,0,0,0,0,0,0,0,0,0,0,0,0,0,0,0,0},
{0,0,0,0,0,0,0,0,0,0,0,0,0,0,0,0,0,0,0,0,0,0,0,0,0,0,0,0,0,0,0,0,0,0,0,0},
{0,0,0,0,0,0,0,0,0,0,0,0,0,0,0,0,0,0,0,0,0,0,0,0,0.0312500000*J1^2+-0.0312500000*J2^2+0,0,0,0.0104166667*J1^2+-0.0104166667*J2^2+0,0,-0.0180421959*J1^2+0.0180421959*J2^2+0,-0.0180421959*J1^2+0.0180421959*J2^2+0,0,0,0,0,0},
{0,0,0,0,0,0,0,0,0,0,0,0,0,0,0,0,0,0,0,0,0,0,0,0,0,0.0312500000*J1^2+-0.0416666667*J1^1*J2^1+0.0104166667*J2^2+0,0.0104166667*J1^2+-0.0104166667*J2^2+0,-0.0120281306*J1^2+0.0240562612*J1^1*J2^1+-0.0120281306*J2^2+0,-0.0180421959*J1^2+0.0180421959*J2^2+0,-0.0208333333*J1^2+0.0416666667*J1^1*J2^1+-0.0208333333*J2^2+0,0,0.0060140653*J1^2+-0.0240562612*J1^1*J2^1+0.0180421959*J2^2+0,0,0,0,0},
{0,0,0,0,0,0,0,0,0,0,0,0,0,0,0,0,0,0,0,0,0,0,0,0,0,0.0104166667*J1^2+-0.0104166667*J2^2+0,0.0104166667*J1^2+-0.0104166667*J2^2+0,0,-0.0180421959*J1^2+0.0180421959*J2^2+0,0,0,-0.0060140653*J1^2+0.0060140653*J2^2+0,-0.0255155182*J1^2+0.0255155182*J2^2+0,-0.0147313913*J1^2+0.0147313913*J2^2+0,-0.0147313913*J1^2+0.0147313913*J2^2+0,-0.0085051727*J1^2+0.0085051727*J2^2+0},
{0,0,0,0,0,0,0,0,0,0,0,0,0,0,0,0,0,0,0,0,0,0,0,0,0.0104166667*J1^2+-0.0104166667*J2^2+0,0.0120281306*J1^2+-0.0240562612*J1^1*J2^1+0.0120281306*J2^2+0,0,-0.0034722222*J1^2+0.0138888889*J1^1*J2^1+-0.0104166667*J2^2+0,0,-0.0180421959*J1^2+0.0240562612*J1^1*J2^1+-0.0060140653*J2^2+0,-0.0060140653*J1^2+0.0060140653*J2^2+0,0.0069444444*J1^2+-0.0138888889*J1^1*J2^1+0.0069444444*J2^2+0,-0.0147313913*J1^2+0.0147313913*J2^2+0,-0.0425258636*J1^2+0.0680413817*J1^1*J2^1+-0.0255155182*J2^2+0,-0.0085051727*J1^2+0.0085051727*J2^2+0,0.0147313913*J1^2+-0.0392837101*J1^1*J2^1+0.0245523188*J2^2+0},
{0,0,0,0,0,0,0,0,0,0,0,0,0,0,0,0,0,0,0,0,0,0,0,0,0,-0.0180421959*J1^2+0.0180421959*J2^2+0,-0.0180421959*J1^2+0.0180421959*J2^2+0,0,0.0312500000*J1^2+-0.0312500000*J2^2+0,0,0,0.0104166667*J1^2+-0.0104166667*J2^2+0,0,0,0,0},
{0,0,0,0,0,0,0,0,0,0,0,0,0,0,0,0,0,0,0,0,0,0,0,0,-0.0180421959*J1^2+0.0180421959*J2^2+0,0.0208333333*J1^2+-0.0416666667*J1^1*J2^1+0.0208333333*J2^2+0,0,-0.0180421959*J1^2+0.0240562612*J1^1*J2^1+-0.0060140653*J2^2+0,0,-0.0104166667*J1^2+0.0416666667*J1^1*J2^1+-0.0312500000*J2^2+0,0.0104166667*J1^2+-0.0104166667*J2^2+0,0.0120281306*J1^2+-0.0240562612*J1^1*J2^1+0.0120281306*J2^2+0,0,0,0,0},
{0,0,0,0,0,0,0,0,0,0,0,0,0,0,0,0,0,0,0,0,0,0,0,0,-0.0180421959*J1^2+0.0180421959*J2^2+0,0,0,-0.0060140653*J1^2+0.0060140653*J2^2+0,0,0.0104166667*J1^2+-0.0104166667*J2^2+0,0.0104166667*J1^2+-0.0104166667*J2^2+0,0,0.0255155182*J1^2+-0.0255155182*J2^2+0,0.0147313913*J1^2+-0.0147313913*J2^2+0,0.0147313913*J1^2+-0.0147313913*J2^2+0,0.0085051727*J1^2+-0.0085051727*J2^2+0},
{0,0,0,0,0,0,0,0,0,0,0,0,0,0,0,0,0,0,0,0,0,0,0,0,0,0.0060140653*J1^2+-0.0240562612*J1^1*J2^1+0.0180421959*J2^2+0,-0.0060140653*J1^2+0.0060140653*J2^2+0,-0.0069444444*J1^2+0.0138888889*J1^1*J2^1+-0.0069444444*J2^2+0,0.0104166667*J1^2+-0.0104166667*J2^2+0,-0.0120281306*J1^2+0.0240562612*J1^1*J2^1+-0.0120281306*J2^2+0,0,0.0104166667*J1^2+-0.0138888889*J1^1*J2^1+0.0034722222*J2^2+0,0.0147313913*J1^2+-0.0147313913*J2^2+0,-0.0255155182*J1^2+0.0680413817*J1^1*J2^1+-0.0425258636*J2^2+0,0.0085051727*J1^2+-0.0085051727*J2^2+0,0.0245523188*J1^2+-0.0392837101*J1^1*J2^1+0.0147313913*J2^2+0},
{0,0,0,0,0,0,0,0,0,0,0,0,0,0,0,0,0,0,0,0,0,0,0,0,0,0,0.0255155182*J1^2+-0.0255155182*J2^2+0,-0.0147313913*J1^2+0.0147313913*J2^2+0,0,0,0.0255155182*J1^2+-0.0255155182*J2^2+0,-0.0147313913*J1^2+0.0147313913*J2^2+0,0,0,0,0},
{0,0,0,0,0,0,0,0,0,0,0,0,0,0,0,0,0,0,0,0,0,0,0,0,0,0,-0.0147313913*J1^2+0.0147313913*J2^2+0,0.0425258636*J1^2+-0.0680413817*J1^1*J2^1+0.0255155182*J2^2+0,0,0,-0.0147313913*J1^2+0.0147313913*J2^2+0,-0.0255155182*J1^2+0.0680413817*J1^1*J2^1+-0.0425258636*J2^2+0,0,0,0,0},
{0,0,0,0,0,0,0,0,0,0,0,0,0,0,0,0,0,0,0,0,0,0,0,0,0,0,-0.0147313913*J1^2+0.0147313913*J2^2+0,0.0085051727*J1^2+-0.0085051727*J2^2+0,0,0,-0.0147313913*J1^2+0.0147313913*J2^2+0,0.0085051727*J1^2+-0.0085051727*J2^2+0,0,0,0,0},
{0,0,0,0,0,0,0,0,0,0,0,0,0,0,0,0,0,0,0,0,0,0,0,0,0,0,0.0085051727*J1^2+-0.0085051727*J2^2+0,0.0147313913*J1^2+-0.0392837101*J1^1*J2^1+0.0245523188*J2^2+0,0,0,0.0085051727*J1^2+-0.0085051727*J2^2+0,-0.0245523188*J1^2+0.0392837101*J1^1*J2^1+-0.0147313913*J2^2+0,0,0,0,-0.0555555556*J1^2+0.1111111111*J1^1*J2^1+-0.0555555556*J2^2+0},
{0,0,0,0,0,0,0,0,0,0,0,0,0.0312500000*J1^2+-0.0312500000*J2^2+0,0,0,0.0104166667*J1^2+-0.0104166667*J2^2+0,0,-0.0180421959*J1^2+0.0180421959*J2^2+0,-0.0180421959*J1^2+0.0180421959*J2^2+0,0,0,0,0,0,0,0,0,0,0,0,0,0,0,0,0,0},
{0,0,0,0,0,0,0,0,0,0,0,0,0,0.0312500000*J1^2+-0.0416666667*J1^1*J2^1+0.0104166667*J2^2+0,0.0104166667*J1^2+-0.0104166667*J2^2+0,0.0120281306*J1^2+-0.0240562612*J1^1*J2^1+0.0120281306*J2^2+0,-0.0180421959*J1^2+0.0180421959*J2^2+0,0.0208333333*J1^2+-0.0416666667*J1^1*J2^1+0.0208333333*J2^2+0,0,0.0060140653*J1^2+-0.0240562612*J1^1*J2^1+0.0180421959*J2^2+0,0,0,0,0,0,0,0,0,0,0,0,0,0,0,0,0},
{0,0,0,0,0,0,0,0,0,0,0,0,0,0.0104166667*J1^2+-0.0104166667*J2^2+0,0.0104166667*J1^2+-0.0104166667*J2^2+0,0,-0.0180421959*J1^2+0.0180421959*J2^2+0,0,0,-0.0060140653*J1^2+0.0060140653*J2^2+0,0.0255155182*J1^2+-0.0255155182*J2^2+0,-0.0147313913*J1^2+0.0147313913*J2^2+0,-0.0147313913*J1^2+0.0147313913*J2^2+0,0.0085051727*J1^2+-0.0085051727*J2^2+0,0,0,0,0,0,0,0,0,0,0,0,0},
{0,0,0,0,0,0,0,0,0,0,0,0,0.0104166667*J1^2+-0.0104166667*J2^2+0,-0.0120281306*J1^2+0.0240562612*J1^1*J2^1+-0.0120281306*J2^2+0,0,-0.0034722222*J1^2+0.0138888889*J1^1*J2^1+-0.0104166667*J2^2+0,0,-0.0180421959*J1^2+0.0240562612*J1^1*J2^1+-0.0060140653*J2^2+0,-0.0060140653*J1^2+0.0060140653*J2^2+0,-0.0069444444*J1^2+0.0138888889*J1^1*J2^1+-0.0069444444*J2^2+0,-0.0147313913*J1^2+0.0147313913*J2^2+0,0.0425258636*J1^2+-0.0680413817*J1^1*J2^1+0.0255155182*J2^2+0,0.0085051727*J1^2+-0.0085051727*J2^2+0,0.0147313913*J1^2+-0.0392837101*J1^1*J2^1+0.0245523188*J2^2+0,0,0,0,0,0,0,0,0,0,0,0,0},
{0,0,0,0,0,0,0,0,0,0,0,0,0,-0.0180421959*J1^2+0.0180421959*J2^2+0,-0.0180421959*J1^2+0.0180421959*J2^2+0,0,0.0312500000*J1^2+-0.0312500000*J2^2+0,0,0,0.0104166667*J1^2+-0.0104166667*J2^2+0,0,0,0,0,0,0,0,0,0,0,0,0,0,0,0,0},
{0,0,0,0,0,0,0,0,0,0,0,0,-0.0180421959*J1^2+0.0180421959*J2^2+0,-0.0208333333*J1^2+0.0416666667*J1^1*J2^1+-0.0208333333*J2^2+0,0,-0.0180421959*J1^2+0.0240562612*J1^1*J2^1+-0.0060140653*J2^2+0,0,-0.0104166667*J1^2+0.0416666667*J1^1*J2^1+-0.0312500000*J2^2+0,0.0104166667*J1^2+-0.0104166667*J2^2+0,-0.0120281306*J1^2+0.0240562612*J1^1*J2^1+-0.0120281306*J2^2+0,0,0,0,0,0,0,0,0,0,0,0,0,0,0,0,0},
{0,0,0,0,0,0,0,0,0,0,0,0,-0.0180421959*J1^2+0.0180421959*J2^2+0,0,0,-0.0060140653*J1^2+0.0060140653*J2^2+0,0,0.0104166667*J1^2+-0.0104166667*J2^2+0,0.0104166667*J1^2+-0.0104166667*J2^2+0,0,0.0255155182*J1^2+-0.0255155182*J2^2+0,-0.0147313913*J1^2+0.0147313913*J2^2+0,-0.0147313913*J1^2+0.0147313913*J2^2+0,0.0085051727*J1^2+-0.0085051727*J2^2+0,0,0,0,0,0,0,0,0,0,0,0,0},
{0,0,0,0,0,0,0,0,0,0,0,0,0,0.0060140653*J1^2+-0.0240562612*J1^1*J2^1+0.0180421959*J2^2+0,-0.0060140653*J1^2+0.0060140653*J2^2+0,0.0069444444*J1^2+-0.0138888889*J1^1*J2^1+0.0069444444*J2^2+0,0.0104166667*J1^2+-0.0104166667*J2^2+0,0.0120281306*J1^2+-0.0240562612*J1^1*J2^1+0.0120281306*J2^2+0,0,0.0104166667*J1^2+-0.0138888889*J1^1*J2^1+0.0034722222*J2^2+0,-0.0147313913*J1^2+0.0147313913*J2^2+0,-0.0255155182*J1^2+0.0680413817*J1^1*J2^1+-0.0425258636*J2^2+0,0.0085051727*J1^2+-0.0085051727*J2^2+0,-0.0245523188*J1^2+0.0392837101*J1^1*J2^1+-0.0147313913*J2^2+0,0,0,0,0,0,0,0,0,0,0,0,0},
{0,0,0,0,0,0,0,0,0,0,0,0,0,0,-0.0255155182*J1^2+0.0255155182*J2^2+0,-0.0147313913*J1^2+0.0147313913*J2^2+0,0,0,0.0255155182*J1^2+-0.0255155182*J2^2+0,0.0147313913*J1^2+-0.0147313913*J2^2+0,0,0,0,0,0,0,0,0,0,0,0,0,0,0,0,0},
{0,0,0,0,0,0,0,0,0,0,0,0,0,0,-0.0147313913*J1^2+0.0147313913*J2^2+0,-0.0425258636*J1^2+0.0680413817*J1^1*J2^1+-0.0255155182*J2^2+0,0,0,0.0147313913*J1^2+-0.0147313913*J2^2+0,-0.0255155182*J1^2+0.0680413817*J1^1*J2^1+-0.0425258636*J2^2+0,0,0,0,0,0,0,0,0,0,0,0,0,0,0,0,0},
{0,0,0,0,0,0,0,0,0,0,0,0,0,0,-0.0147313913*J1^2+0.0147313913*J2^2+0,-0.0085051727*J1^2+0.0085051727*J2^2+0,0,0,0.0147313913*J1^2+-0.0147313913*J2^2+0,0.0085051727*J1^2+-0.0085051727*J2^2+0,0,0,0,0,0,0,0,0,0,0,0,0,0,0,0,0},
{0,0,0,0,0,0,0,0,0,0,0,0,0,0,-0.0085051727*J1^2+0.0085051727*J2^2+0,0.0147313913*J1^2+-0.0392837101*J1^1*J2^1+0.0245523188*J2^2+0,0,0,0.0085051727*J1^2+-0.0085051727*J2^2+0,0.0245523188*J1^2+-0.0392837101*J1^1*J2^1+0.0147313913*J2^2+0,0,0,0,-0.0555555556*J1^2+0.1111111111*J1^1*J2^1+-0.0555555556*J2^2+0,0,0,0,0,0,0,0,0,0,0,0,0}
}