36
{{-0.0035445602*J2^4+0,0.0066927359*J2^4+0,0,0,0,0,0,0,0,0,0,0,-0.0052625868*J2^4+0,0,0,0,-0.0087890625*J2^4+0,0,0,0,-0.0038746628*J2^4+0,0,0,0,0,0,0,0,-0.0065917969*J2^4+0,0,0.0035238664*J2^4+0,0,0,0,0,0},
{0.0066927359*J2^4+0,-0.0112726659*J2^4+0,0,0,0,0,0,0,0,0,0,0,0.0082380165*J2^4+0,0,0,0,0.0062020048*J2^4+0,0,0,0,0.0137101612*J2^4+0,0,0,0,0,0,0,0,0.0035238664*J2^4+0,0,-0.0106608073*J2^4+0,0,0,0,0,0},
{0,0,-0.0035445602*J2^4+0,0.0066927359*J2^4+0,0,0,0,0,0,0,0,0,0,0,-0.0052625868*J2^4+0,0,0,0,-0.0087890625*J2^4+0,0,0,0,-0.0038746628*J2^4+0,0,0.0038057757*J2^4+0,0,-0.0020345052*J2^4+0,0,0,0,0,0,-0.0053821796*J2^4+0,0,0.0028772249*J2^4+0,0},
{0,0,0.0066927359*J2^4+0,-0.0112726659*J2^4+0,0,0,0,0,0,0,0,0,0,0,0.0082380165*J2^4+0,0,0,0,0.0062020048*J2^4+0,0,0,0,0.0137101612*J2^4+0,0,-0.0020345052*J2^4+0,0,0.0061550200*J2^4+0,0,0,0,0,0,0.0028772249*J2^4+0,0,-0.0087045127*J2^4+0,0},
{0,0,0,0,-0.0020897634*J2^4+0,0.0040070566*J2^4+0,0,0,0.0010286967*J2^4+0,-0.0018990620*J2^4+0,0,0,0,0.0030383559*J2^4+0,0,0,0,0.0050743676*J2^4+0,0,0,0,0.0022370376*J2^4+0,0,0,0,0,0,0,0,0.0038057757*J2^4+0,0,-0.0020345052*J2^4+0,0,0,0,0},
{0,0,0,0,0.0040070566*J2^4+0,-0.0067167138*J2^4+0,0,0,-0.0018990620*J2^4+0,0.0032215446*J2^4+0,0,0,0,-0.0047562211*J2^4+0,0,0,0,-0.0035807292*J2^4+0,0,0,0,-0.0079155653*J2^4+0,0,0,0,0,0,0,0,-0.0020345052*J2^4+0,0,0.0061550200*J2^4+0,0,0,0,0},
{0,0,0,0,0,0,-0.0020897634*J2^4+0,0.0040070566*J2^4+0,0,0,0.0010286967*J2^4+0,-0.0018990620*J2^4+0,0,0,0,0.0030383559*J2^4+0,0,0,0,0.0050743676*J2^4+0,0,0,0,0.0022370376*J2^4+0,0,-0.0021972656*J2^4+0,0,0.0011746221*J2^4+0,0,0,0,0,0,0.0031074028*J2^4+0,0,-0.0016611665*J2^4+0},
{0,0,0,0,0,0,0.0040070566*J2^4+0,-0.0067167138*J2^4+0,0,0,-0.0018990620*J2^4+0,0.0032215446*J2^4+0,0,0,0,-0.0047562211*J2^4+0,0,0,0,-0.0035807292*J2^4+0,0,0,0,-0.0079155653*J2^4+0,0,0.0011746221*J2^4+0,0,-0.0035536024*J2^4+0,0,0,0,0,0,-0.0016611665*J2^4+0,0,0.0050255528*J2^4+0},
{0,0,0,0,0.0010286967*J2^4+0,-0.0018990620*J2^4+0,0,0,-0.0028171618*J2^4+0,0.0053498962*J2^4+0,0,0,0,-0.0042968841*J2^4+0,0,0,0,-0.0071762395*J2^4+0,0,0,0,-0.0031636489*J2^4+0,0,0,0,0,0,0,0,-0.0053821796*J2^4+0,0,0.0028772249*J2^4+0,0,0,0,0},
{0,0,0,0,-0.0018990620*J2^4+0,0.0032215446*J2^4+0,0,0,0.0053498962*J2^4+0,-0.0089946899*J2^4+0,0,0,0,0.0067263123*J2^4+0,0,0,0,0.0050639158*J2^4+0,0,0,0,0.0111942998*J2^4+0,0,0,0,0,0,0,0,0.0028772249*J2^4+0,0,-0.0087045127*J2^4+0,0,0,0,0},
{0,0,0,0,0,0,0.0010286967*J2^4+0,-0.0018990620*J2^4+0,0,0,-0.0028171618*J2^4+0,0.0053498962*J2^4+0,0,0,0,-0.0042968841*J2^4+0,0,0,0,-0.0071762395*J2^4+0,0,0,0,-0.0031636489*J2^4+0,0,0.0031074028*J2^4+0,0,-0.0016611665*J2^4+0,0,0,0,0,0,-0.0043945313*J2^4+0,0,0.0023492443*J2^4+0},
{0,0,0,0,0,0,-0.0018990620*J2^4+0,0.0032215446*J2^4+0,0,0,0.0053498962*J2^4+0,-0.0089946899*J2^4+0,0,0,0,0.0067263123*J2^4+0,0,0,0,0.0050639158*J2^4+0,0,0,0,0.0111942998*J2^4+0,0,-0.0016611665*J2^4+0,0,0.0050255528*J2^4+0,0,0,0,0,0,0.0023492443*J2^4+0,0,-0.0071072049*J2^4+0},
{-0.0022967303*J2^4+0,0.0065674428*J2^4+0,0,0,0,0,0,0,0,0,0,0,-0.0079812886*J2^4+0,0,0,0,-0.0112083655*J2^4+0,0,0,0,-0.0057658165*J2^4+0,0,0,0,0,0,0,0,-0.0087890625*J2^4+0,0,0.0028190931*J2^4+0,0,0,0,0,0},
{0,0,0,0,0.0013260179*J2^4+0,-0.0037917149*J2^4+0,0,0,-0.0018752725*J2^4+0,0.0053622946*J2^4+0,0,0,0,-0.0079812886*J2^4+0,0,0,0,-0.0112083655*J2^4+0,0,0,0,-0.0057658165*J2^4+0,0,0,0,0,0,0,0,-0.0087890625*J2^4+0,0,0.0028190931*J2^4+0,0,0,0,0},
{0,0,-0.0022967303*J2^4+0,0.0065674428*J2^4+0,0,0,0,0,0,0,0,0,0,0,-0.0079812886*J2^4+0,0,0,0,-0.0112083655*J2^4+0,0,0,0,-0.0057658165*J2^4+0,0,0.0050743676*J2^4+0,0,-0.0016276042*J2^4+0,0,0,0,0,0,-0.0071762395*J2^4+0,0,0.0023017799*J2^4+0,0},
{0,0,0,0,0,0,0.0013260179*J2^4+0,-0.0037917149*J2^4+0,0,0,-0.0018752725*J2^4+0,0.0053622946*J2^4+0,0,0,0,-0.0079812886*J2^4+0,0,0,0,-0.0112083655*J2^4+0,0,0,0,-0.0057658165*J2^4+0,0,0.0050743676*J2^4+0,0,-0.0016276042*J2^4+0,0,0,0,0,0,-0.0071762395*J2^4+0,0,0.0023017799*J2^4+0},
{-0.0087890625*J2^4+0,0.0028190931*J2^4+0,0,0,0,0,0,0,0,0,0,0,-0.0112083655*J2^4+0,0,0,0,-0.0079812886*J2^4+0,0,0,0,-0.0057658165*J2^4+0,0,0,0,0,0,0,0,-0.0022967303*J2^4+0,0,0.0065674428*J2^4+0,0,0,0,0,0},
{0,0,0,0,0.0050743676*J2^4+0,-0.0016276042*J2^4+0,0,0,-0.0071762395*J2^4+0,0.0023017799*J2^4+0,0,0,0,-0.0112083655*J2^4+0,0,0,0,-0.0079812886*J2^4+0,0,0,0,-0.0057658165*J2^4+0,0,0,0,0,0,0,0,-0.0022967303*J2^4+0,0,0.0065674428*J2^4+0,0,0,0,0},
{0,0,-0.0087890625*J2^4+0,0.0028190931*J2^4+0,0,0,0,0,0,0,0,0,0,0,-0.0112083655*J2^4+0,0,0,0,-0.0079812886*J2^4+0,0,0,0,-0.0057658165*J2^4+0,0,0.0013260179*J2^4+0,0,-0.0037917149*J2^4+0,0,0,0,0,0,-0.0018752725*J2^4+0,0,0.0053622946*J2^4+0,0},
{0,0,0,0,0,0,0.0050743676*J2^4+0,-0.0016276042*J2^4+0,0,0,-0.0071762395*J2^4+0,0.0023017799*J2^4+0,0,0,0,-0.0112083655*J2^4+0,0,0,0,-0.0079812886*J2^4+0,0,0,0,-0.0057658165*J2^4+0,0,0.0013260179*J2^4+0,0,-0.0037917149*J2^4+0,0,0,0,0,0,-0.0018752725*J2^4+0,0,0.0053622946*J2^4+0},
{-0.0018286362*J2^4+0,0.0101072756*J2^4+0,0,0,0,0,0,0,0,0,0,0,-0.0057658165*J2^4+0,0,0,0,-0.0057658165*J2^4+0,0,0,0,-0.0191896541*J2^4+0,0,0,0,0,0,0,0,-0.0018286362*J2^4+0,0,0.0101072756*J2^4+0,0,0,0,0,0},
{0,0,0,0,0.0010557636*J2^4+0,-0.0058354383*J2^4+0,0,0,-0.0014930752*J2^4+0,0.0082525559*J2^4+0,0,0,0,-0.0057658165*J2^4+0,0,0,0,-0.0057658165*J2^4+0,0,0,0,-0.0191896541*J2^4+0,0,0,0,0,0,0,0,-0.0018286362*J2^4+0,0,0.0101072756*J2^4+0,0,0,0,0},
{0,0,-0.0018286362*J2^4+0,0.0101072756*J2^4+0,0,0,0,0,0,0,0,0,0,0,-0.0057658165*J2^4+0,0,0,0,-0.0057658165*J2^4+0,0,0,0,-0.0191896541*J2^4+0,0,0.0010557636*J2^4+0,0,-0.0058354383*J2^4+0,0,0,0,0,0,-0.0014930752*J2^4+0,0,0.0082525559*J2^4+0,0},
{0,0,0,0,0,0,0.0010557636*J2^4+0,-0.0058354383*J2^4+0,0,0,-0.0014930752*J2^4+0,0.0082525559*J2^4+0,0,0,0,-0.0057658165*J2^4+0,0,0,0,-0.0057658165*J2^4+0,0,0,0,-0.0191896541*J2^4+0,0,0.0010557636*J2^4+0,0,-0.0058354383*J2^4+0,0,0,0,0,0,-0.0014930752*J2^4+0,0,0.0082525559*J2^4+0},
{0,0,0.0038057757*J2^4+0,-0.0020345052*J2^4+0,0,0,0,0,0,0,0,0,0,0,0.0050743676*J2^4+0,0,0,0,0.0030383559*J2^4+0,0,0,0,0.0022370376*J2^4+0,0,-0.0020897634*J2^4+0,0,0.0040070566*J2^4+0,0,0,0,0,0,0.0010286967*J2^4+0,0,-0.0018990620*J2^4+0,0},
{0,0,0,0,0,0,-0.0021972656*J2^4+0,0.0011746221*J2^4+0,0,0,0.0031074028*J2^4+0,-0.0016611665*J2^4+0,0,0,0,0.0050743676*J2^4+0,0,0,0,0.0030383559*J2^4+0,0,0,0,0.0022370376*J2^4+0,0,-0.0020897634*J2^4+0,0,0.0040070566*J2^4+0,0,0,0,0,0,0.0010286967*J2^4+0,0,-0.0018990620*J2^4+0},
{0,0,-0.0020345052*J2^4+0,0.0061550200*J2^4+0,0,0,0,0,0,0,0,0,0,0,-0.0035807292*J2^4+0,0,0,0,-0.0047562211*J2^4+0,0,0,0,-0.0079155653*J2^4+0,0,0.0040070566*J2^4+0,0,-0.0067167138*J2^4+0,0,0,0,0,0,-0.0018990620*J2^4+0,0,0.0032215446*J2^4+0,0},
{0,0,0,0,0,0,0.0011746221*J2^4+0,-0.0035536024*J2^4+0,0,0,-0.0016611665*J2^4+0,0.0050255528*J2^4+0,0,0,0,-0.0035807292*J2^4+0,0,0,0,-0.0047562211*J2^4+0,0,0,0,-0.0079155653*J2^4+0,0,0.0040070566*J2^4+0,0,-0.0067167138*J2^4+0,0,0,0,0,0,-0.0018990620*J2^4+0,0,0.0032215446*J2^4+0},
{-0.0065917969*J2^4+0,0.0035238664*J2^4+0,0,0,0,0,0,0,0,0,0,0,-0.0087890625*J2^4+0,0,0,0,-0.0052625868*J2^4+0,0,0,0,-0.0038746628*J2^4+0,0,0,0,0,0,0,0,-0.0035445602*J2^4+0,0,0.0066927359*J2^4+0,0,0,0,0,0},
{0,0,0,0,0.0038057757*J2^4+0,-0.0020345052*J2^4+0,0,0,-0.0053821796*J2^4+0,0.0028772249*J2^4+0,0,0,0,-0.0087890625*J2^4+0,0,0,0,-0.0052625868*J2^4+0,0,0,0,-0.0038746628*J2^4+0,0,0,0,0,0,0,0,-0.0035445602*J2^4+0,0,0.0066927359*J2^4+0,0,0,0,0},
{0.0035238664*J2^4+0,-0.0106608073*J2^4+0,0,0,0,0,0,0,0,0,0,0,0.0062020048*J2^4+0,0,0,0,0.0082380165*J2^4+0,0,0,0,0.0137101612*J2^4+0,0,0,0,0,0,0,0,0.0066927359*J2^4+0,0,-0.0112726659*J2^4+0,0,0,0,0,0},
{0,0,0,0,-0.0020345052*J2^4+0,0.0061550200*J2^4+0,0,0,0.0028772249*J2^4+0,-0.0087045127*J2^4+0,0,0,0,0.0062020048*J2^4+0,0,0,0,0.0082380165*J2^4+0,0,0,0,0.0137101612*J2^4+0,0,0,0,0,0,0,0,0.0066927359*J2^4+0,0,-0.0112726659*J2^4+0,0,0,0,0},
{0,0,-0.0053821796*J2^4+0,0.0028772249*J2^4+0,0,0,0,0,0,0,0,0,0,0,-0.0071762395*J2^4+0,0,0,0,-0.0042968841*J2^4+0,0,0,0,-0.0031636489*J2^4+0,0,0.0010286967*J2^4+0,0,-0.0018990620*J2^4+0,0,0,0,0,0,-0.0028171618*J2^4+0,0,0.0053498962*J2^4+0,0},
{0,0,0,0,0,0,0.0031074028*J2^4+0,-0.0016611665*J2^4+0,0,0,-0.0043945313*J2^4+0,0.0023492443*J2^4+0,0,0,0,-0.0071762395*J2^4+0,0,0,0,-0.0042968841*J2^4+0,0,0,0,-0.0031636489*J2^4+0,0,0.0010286967*J2^4+0,0,-0.0018990620*J2^4+0,0,0,0,0,0,-0.0028171618*J2^4+0,0,0.0053498962*J2^4+0},
{0,0,0.0028772249*J2^4+0,-0.0087045127*J2^4+0,0,0,0,0,0,0,0,0,0,0,0.0050639158*J2^4+0,0,0,0,0.0067263123*J2^4+0,0,0,0,0.0111942998*J2^4+0,0,-0.0018990620*J2^4+0,0,0.0032215446*J2^4+0,0,0,0,0,0,0.0053498962*J2^4+0,0,-0.0089946899*J2^4+0,0},
{0,0,0,0,0,0,-0.0016611665*J2^4+0,0.0050255528*J2^4+0,0,0,0.0023492443*J2^4+0,-0.0071072049*J2^4+0,0,0,0,0.0050639158*J2^4+0,0,0,0,0.0067263123*J2^4+0,0,0,0,0.0111942998*J2^4+0,0,-0.0018990620*J2^4+0,0,0.0032215446*J2^4+0,0,0,0,0,0,0.0053498962*J2^4+0,0,-0.0089946899*J2^4+0}
}