96
{{0,0,0,0,0,0,0,0,0,0,0,0,0,0,0,0,0,0,0,0,0,0,0,0,0,0,0,0,0,0,0,0,0,0,0,0,0,0,0,0,0,0,0,0,0,0,0,0,0,0,0,0,0,0,0,0,0,0,0,0,0,0,0,0,0,0,0,0,0,0,0,0,0,0,0,0,0,0,0,0,0,0,0,0,0,0,0,0,0,0,0,0,0,0,0,0},
{0,0,0,0,0,0,0,0,0,0,0,0,0,0,0,0,0,0,0,0,0,0,0,0,0,0,0,0,0,0,0,0,0,0,0,0,0,0,0,0,0,0,0,0,0,0,0,0,0,0,0,0,0,0,0,0,0,0,0,0,0,0,0,0,0,0,0,0,0,0,0,0,0,0,0,0,0,0,0,0,0,0,0,0,0,0,0,0,0,0,0,0,0,0,0,0},
{0,0,0,0,0,0,0,0,0,0,0,0,0,0,0,0,0,0,0,0,0,0,0,0,0,0,0,0,0,0,0,0,0,0,0,0,0,0,0,0,0,0,0,0,0,0,0,0,0,0,0,0,0,0,0,0,0,0,0,0,0,0,0,0,0,0,0,0,0,0,0,0,0,0,0,0,0,0,0,0,0,0,0,0,0,0,0,0,0,0,0,0,0,0,0,0},
{0,0,0,0,0,0,0,0,0,0,0,0,0,0,0,0,0,0,0,0,0,0,0,0,0,0,0,0,0,0,0,0,0,0,0,0,0,0,0,0,0,0,0,0,0,0,0,0,0,0,0,0,0,0,0,0,0,0,0,0,0,0,0,0,0,0,0,0,0,0,0,0,0,0,0,0,0,0,0,0,0,0,0,0,0,0,0,0,0,0,0,0,0,0,0,0},
{0,0,0,0,0,0,0,0,0,0,0,0,0,0,0,0,0,0,0,0,0,0,0,0,0,0,0,0,0,0,0,0,0,0,0,0,0,0,0,0,0,0,0,0,0,0,0,0,0,0,0,0,0,0,0,0,0,0,0,0,0,0,0,0,0,0,0,0,0,0,0,0,0,0,0,0,0,0,0,0,0,0,0,0,0,0,0,0,0,0,0,0,0,0,0,0},
{0,0,0,0,0,0,0,0,0,0,0,0,0,0,0,0,0,0,0,0,0,0,0,0,0,0,0,0,0,0,0,0,0,0,0,0,0,0,0,0,0,0,0,0,0,0,0,0,0,0,0,0,0,0,0,0,0,0,0,0,0,0,0,0,0,0,0,0,0,0,0,0,0,0,0,0,0,0,0,0,0,0,0,0,0,0,0,0,0,0,0,0,0,0,0,0},
{0,0,0,0,0,0,0,0,0,0,0,0,0,0,0,0,0,0,0,0,0,0,0,0,0,0,0,0,0,0,0,0,0,0,0,0,0,0,0,0,0,0,0,0,0,0,0,0,0,0,0,0,0,0,0,0,0,0,0,0,0,0,0,0,0,0,0,0,0,0,0,0,0,0,0,0,0,0,0,0,0,0,0,0,0,0,0,0,0,0,0,0,0,0,0,0},
{0,0,0,0,0,0,0,0,0,0,0,0,0,0,0,0,0,0,0,0,0,0,0,0,0,0,0,0,0,0,0,0,0,0,0,0,0,0,0,0,0,0,0,0,0,0,0,0,0,0,0,0,0,0,0,0,0,0,0,0,0,0,0,0,0,0,0,0,0,0,0,0,0,0,0,0,0,0,0,0,0,0,0,0,0,0,0,0,0,0,0,0,0,0,0,0},
{0,0,0,0,0,0,0,0,0,0,0,0,0,0,0,0,0,0,0,0,0,0,0,0,0,0,0,0,0,0,0,0,0,0,0,0,0,0,0,0,0,0,0,0,0,0,0,0,0,0,0,0,0,0,0,0,0,0,0,0,0,0,0,0,0,0,0,0,0,0,0,0,0,0,0,0,0,0,0,0,0,0,0,0,0,0,0,0,0,0,0,0,0,0,0,0},
{0,0,0,0,0,0,0,0,0,0,0,0,0,0,0,0,0,0,0,0,0,0,0,0,0,0,0,0,0,0,0,0,0,0,0,0,0,0,0,0,0,0,0,0,0,0,0,0,0,0,0,0,0,0,0,0,0,0,0,0,0,0,0,0,0,0,0,0,0,0,0,0,0,0,0,0,0,0,0,0,0,0,0,0,0,0,0,0,0,0,0,0,0,0,0,0},
{0,0,0,0,0,0,0,0,0,0,0,0,0,0,0,0,0,0,0,0,0,0,0,0,0,0,0,0,0,0,0,0,0,0,0,0,0,0,0,0,0,0,0,0,0,0,0,0,0,0,0,0,0,0,0,0,0,0,0,0,0,0,0,0,0,0,0,0,0,0,0,0,0,0,0,0,0,0,0,0,0,0,0,0,0,0,0,0,0,0,0,0,0,0,0,0},
{0,0,0,0,0,0,0,0,0,0,0,0,0,0,0,0,0,0,0,0,0,0,0,0,0,0,0,0,0,0,0,0,0,0,0,0,0,0,0,0,0,0,0,0,0,0,0,0,0,0,0,0,0,0,0,0,0,0,0,0,0,0,0,0,0,0,0,0,0,0,0,0,0,0,0,0,0,0,0,0,0,0,0,0,0,0,0,0,0,0,0,0,0,0,0,0},
{0,0,0,0,0,0,0,0,0,0,0,0,0,0,0,0,0,0,0,0,0,0,0,0,0,0,0,0,0,0,0,0,0,0,0,0,0,0,0,0,0,0,0,0,0,0,0,0,0,0,0,0,0,0,0,0,0,0,0,0,0,0,0,0,0,0,0,0,0,0,0,0,0,0,0,0,0,0,0,0,0,0,0,0,0,0,0,0,0,0,0,0,0,0,0,0},
{0,0,0,0,0,0,0,0,0,0,0,0,0,0,0,0,0,0,0,0,0,0,0,0,0,0,0,0,0,0,0,0,0,0,0,0,0,0,0,0,0,0,0,0,0,0,0,0,0,0,0,0,0,0,0,0,0,0,0,0,0,0,0,0,0,0,0,0,0,0,0,0,0,0,0,0,0,0,0,0,0,0,0,0,0,0,0,0,0,0,0,0,0,0,0,0},
{0,0,0,0,0,0,0,0,0,0,0,0,0,0,0,0,0,0,0,0,0,0,0,0,0,0,0,0,0,0,0,0,0,0,0,0,0,0,0,0,0,0,0,0,0,0,0,0,0,0,0,0,0,0,0,0,0,0,0,0,0,0,0,0,0,0,0,0,0,0,0,0,0,0,0,0,0,0,0,0,0,0,0,0,0,0,0,0,0,0,0,0,0,0,0,0},
{0,0,0,0,0,0,0,0,0,0,0,0,0,0,0,0,0,0,0,0,0,0,0,0,0,0,0,0,0,0,0,0,0,0,0,0,0,0,0,0,0,0,0,0,0,0,0,0,0,0,0,0,0,0,0,0,0,0,0,0,0,0,0,0,0,0,0,0,0,0,0,0,0,0,0,0,0,0,0,0,0,0,0,0,0,0,0,0,0,0,0,0,0,0,0,0},
{0,0,0,0,0,0,0,0,0,0,0,0,0,0,0,0,0,0,0,0,0,0,0,0,0,0,0,0,0,0,0,0,0,0,0,0,0,0,0,0,0,0,0,0,0,0,0,0,0,0,0,0,0,0,0,0,0,0,0,0,0,0,0,0,0,0,0,0,0,0,0,0,0,0,0,0,0,0,0,0,0,0,0,0,0,0,0,0,0,0,0,0,0,0,0,0},
{0,0,0,0,0,0,0,0,0,0,0,0,0,0,0,0,0,0,0,0,0,0,0,0,0,0,0,0,0,0,0,0,0,0,0,0,0,0,0,0,0,0,0,0,0,0,0,0,0,0,0,0,0,0,0,0,0,0,0,0,0,0,0,0,0,0,0,0,0,0,0,0,0,0,0,0,0,0,0,0,0,0,0,0,0,0,0,0,0,0,0,0,0,0,0,0},
{0,0,0,0,0,0,0,0,0,0,0,0,0,0,0,0,0,0,0,0,0,0,0,0,0,0,0,0,0,0,0,0,0,0,0,0,0,0,0,0,0,0,0,0,0,0,0,0,0,0,0,0,0,0,0,0,0,0,0,0,0,0,0,0,0,0,0,0,0,0,0,0,0,0,0,0,0,0,0,0,0,0,0,0,0,0,0,0,0,0,0,0,0,0,0,0},
{0,0,0,0,0,0,0,0,0,0,0,0,0,0,0,0,0,0,0,0,0,0,0,0,0,0,0,0,0,0,0,0,0,0,0,0,0,0,0,0,0,0,0,0,0,0,0,0,0,0,0,0,0,0,0,0,0,0,0,0,0,0,0,0,0,0,0,0,0,0,0,0,0,0,0,0,0,0,0,0,0,0,0,0,0,0,0,0,0,0,0,0,0,0,0,0},
{0,0,0,0,0,0,0,0,0,0,0,0,0,0,0,0,0,0,0,0,0,0,0,0,0,0,0,0,0,0,0,0,0,0,0,0,0,0,0,0,0,0,0,0,0,0,0,0,0,0,0,0,0,0,0,0,0,0,0,0,0,0,0,0,0,0,0,0,0,0,0,0,0,0,0,0,0,0,0,0,0,0,0,0,0,0,0,0,0,0,0,0,0,0,0,0},
{0,0,0,0,0,0,0,0,0,0,0,0,0,0,0,0,0,0,0,0,0,0,0,0,0,0,0,0,0,0,0,0,0,0,0,0,0,0,0,0,0,0,0,0,0,0,0,0,0,0,0,0,0,0,0,0,0,0,0,0,0,0,0,0,0,0,0,0,0,0,0,0,0,0,0,0,0,0,0,0,0,0,0,0,0,0,0,0,0,0,0,0,0,0,0,0},
{0,0,0,0,0,0,0,0,0,0,0,0,0,0,0,0,0,0,0,0,0,0,0,0,0,0,0,0,0,0,0,0,0,0,0,0,0,0,0,0,0,0,0,0,0,0,0,0,0,0,0,0,0,0,0,0,0,0,0,0,0,0,0,0,0,0,0,0,0,0,0,0,0,0,0,0,0,0,0,0,0,0,0,0,0,0,0,0,0,0,0,0,0,0,0,0},
{0,0,0,0,0,0,0,0,0,0,0,0,0,0,0,0,0,0,0,0,0,0,0,0,0,0,0,0,0,0,0,0,0,0,0,0,0,0,0,0,0,0,0,0,0,0,0,0,0,0,0,0,0,0,0,0,0,0,0,0,0,0,0,0,0,0,0,0,0,0,0,0,0,0,0,0,0,0,0,0,0,0,0,0,0,0,0,0,0,0,0,0,0,0,0,0},
{0,0,0,0,0,0,0,0,0,0,0,0,0,0,0,0,0,0,0,0,0,0,0,0,0,0,0,0,0,0,0,0,0,0,0,0,0,0,0,0,0,0,0,0,0,0,0,0,0,0,0,0,0,0,0,0,0,0,0,0,0,0,0,0,0,0,0,0,0,0,0,0,0,0,0,0,0,0,0,0,0,0,0,0,0,0,0,0,0,0,0,0,0,0,0,0},
{0,0,0,0,0,0,0,0,0,0,0,0,0,0,0,0,0,0,0,0,0,0,0,0,0,0,0,0,0,0,0,0,0,0,0,0,0,0,0,0,0,0,0,0,0,0,0,0,0,0,0,0,0,0,0,0,0,0,0,0,0,0,0,0,0,0,0,0,0,0,0,0,0,0,0,0,0,0,0,0,0,0,0,0,0,0,0,0,0,0,0,0,0,0,0,0},
{0,0,0,0,0,0,0,0,0,0,0,0,0,0,0,0,0,0,0,0,0,0,0,0,0,0,0,0,0,0,0,0,0,0,0,0,0,0,0,0,0,0,0,0,0,0,0,0,0,0,0,0,0,0,0,0,0,0,0,0,0,0,0,0,0,0,0,0,0,0,0,0,0,0,0,0,0,0,0,0,0,0,0,0,0,0,0,0,0,0,0,0,0,0,0,0},
{0,0,0,0,0,0,0,0,0,0,0,0,0,0,0,0,0,0,0,0,0,0,0,0,0,0,0,0,0,0,0,0,0,0,0,0,0,0,0,0,0,0,0,0,0,0,0,0,0,0,0,0,0,0,0,0,0,0,0,0,0,0,0,0,0,0,0,0,0,0,0,0,0,0,0,0,0,0,0,0,0,0,0,0,0,0,0,0,0,0,0,0,0,0,0,0},
{0,0,0,0,0,0,0,0,0,0,0,0,0,0,0,0,0,0,0,0,0,0,0,0,0,0,0,0,0,0,0,0,0,0,0,0,0,0,0,0,0,0,0,0,0,0,0,0,0,0,0,0,0,0,0,0,0,0,0,0,0,0,0,0,0,0,0,0,0,0,0,0,0,0,0,0,0,0,0,0,0,0,0,0,0,0,0,0,0,0,0,0,0,0,0,0},
{0,0,0,0,0,0,0,0,0,0,0,0,0,0,0,0,0,0,0,0,0,0,0,0,0,0,0,0,0,0,0,0,0,0,0,0,0,0,0,0,0,0,0,0,0,0,0,0,0,0,0,0,0,0,0,0,0,0,0,0,0,0,0,0,0,0,0,0,0,0,0,0,0,0,0,0,0,0,0,0,0,0,0,0,0,0,0,0,0,0,0,0,0,0,0,0},
{0,0,0,0,0,0,0,0,0,0,0,0,0,0,0,0,0,0,0,0,0,0,0,0,0,0,0,0,0,0,0,0,0,0,0,0,0,0,0,0,0,0,0,0,0,0,0,0,0,0,0,0,0,0,0,0,0,0,0,0,0,0,0,0,0,0,0,0,0,0,0,0,0,0,0,0,0,0,0,0,0,0,0,0,0,0,0,0,0,0,0,0,0,0,0,0},
{0,0,0,0,0,0,0,0,0,0,0,0,0,0,0,0,0,0,0,0,0,0,0,0,0,0,0,0,0,0,0,0,0,0,0,0,0,0,0,0,0,0,0,0,0,0,0,0,0,0,0,0,0,0,0,0,0,0,0,0,0,0,0,0,0,0,0,0,0,0,0,0,0,0,0,0,0,0,0,0,0,0,0,0,0,0,0,0,0,0,0,0,0,0,0,0},
{0,0,0,0,0,0,0,0,0,0,0,0,0,0,0,0,0,0,0,0,0,0,0,0,0,0,0,0,0,0,0,0,0,0,0,0,0,0,0,0,0,0,0,0,0,0,0,0,0,0,0,0,0,0,0,0,0,0,0,0,0,0,0,0,0,0,0,0,0,0,0,0,0,0,0,0,0,0,0,0,0,0,0,0,0,0,0,0,0,0,0,0,0,0,0,0},
{0,0,0,0,0,0,0,0,0,0,0,0,0,0,0,0,0,0,0,0,0,0,0,0,0,0,0,0,0,0,0,0,0,0,0,0,0,0,0,0,0,0,0,0,0,0,0,0,0,0,0,0,0,0,0,0,0,0,0,0,0,0,0,0,0,0,0,0,0,0,0,0,0,0,0,0,0,0,0,0,0,0,0,0,0,0,0,0,0,0,0,0,0,0,0,0},
{0,0,0,0,0,0,0,0,0,0,0,0,0,0,0,0,0,0,0,0,0,0,0,0,0,0,0,0,0,0,0,0,0,0,0,0,0,0,0,0,0,0,0,0,0,0,0,0,0,0,0,0,0,0,0,0,0,0,0,0,0,0,0,0,0,0,0,0,0,0,0,0,0,0,0,0,0,0,0,0,0,0,0,0,0,0,0,0,0,0,0,0,0,0,0,0},
{0,0,0,0,0,0,0,0,0,0,0,0,0,0,0,0,0,0,0,0,0,0,0,0,0,0,0,0,0,0,0,0,0,0,0,0,0,0,0,0,0,0,0,0,0,0,0,0,0,0,0,0,0,0,0,0,0,0,0,0,0,0,0,0,0,0,0,0,0,0,0,0,0,0,0,0,0,0,0,0,0,0,0,0,0,0,0,0,0,0,0,0,0,0,0,0},
{0,0,0,0,0,0,0,0,0,0,0,0,0,0,0,0,0,0,0,0,0,0,0,0,0,0,0,0,0,0,0,0,0,0,0,0,0,0,0,0,0,0,0,0,0,0,0,0,0,0,0,0,0,0,0,0,0,0,0,0,0,0,0,0,0,0,0,0,0,0,0,0,0,0,0,0,0,0,0,0,0,0,0,0,0,0,0,0,0,0,0,0,0,0,0,0},
{0,0,0,0,0,0,0,0,0,0,0,0,0,0,0,0,0,0,0,0,0,0,0,0,0,0,0,0,0,0,0,0,0,0,0,0,0,0,0,0,0,0,0,0,0,0,0,0,0,0,0,0,0,0,0,0,0,0,0,0,0,0,0,0,0,0,0,0,0,0,0,0,0,0,0,0,0,0,0,0,0,0,0,0,0,0,0,0,0,0,0,0,0,0,0,0},
{0,0,0,0,0,0,0,0,0,0,0,0,0,0,0,0,0,0,0,0,0,0,0,0,0,0,0,0,0,0,0,0,0,0,0,0,0,0,0,0,0,0,0,0,0,0,0,0,0,0,0,0,0,0,0,0,0,0,0,0,0,0,0,0,0,0,0,0,0,0,0,0,0,0,0,0,0,0,0,0,0,0,0,0,0,0,0,0,0,0,0,0,0,0,0,0},
{0,0,0,0,0,0,0,0,0,0,0,0,0,0,0,0,0,0,0,0,0,0,0,0,0,0,0,0,0,0,0,0,0,0,0,0,0,0,0,0,0,0,0,0,0,0,0,0,0,0,0,0,0,0,0,0,0,0,0,0,0,0,0,0,0,0,0,0,0,0,0,0,0,0,0,0,0,0,0,0,0,0,0,0,0,0,0,0,0,0,0,0,0,0,0,0},
{0,0,0,0,0,0,0,0,0,0,0,0,0,0,0,0,0,0,0,0,0,0,0,0,0,0,0,0,0,0,0,0,0,0,0,0,0,0,0,0,0,0,0,0,0,0,0,0,0,0,0,0,0,0,0,0,0,0,0,0,0,0,0,0,0,0,0,0,0,0,0,0,0,0,0,0,0,0,0,0,0,0,0,0,0,0,0,0,0,0,0,0,0,0,0,0},
{0,0,0,0,0,0,0,0,0,0,0,0,0,0,0,0,0,0,0,0,0,0,0,0,0,0,0,0,0,0,0,0,0,0,0,0,0,0,0,0,0,0,0,0,0,0,0,0,0,0,0,0,0,0,0,0,0,0,0,0,0,0,0,0,0,0,0,0,0,0,0,0,0,0,0,0,0,0,0,0,0,0,0,0,0,0,0,0,0,0,0,0,0,0,0,0},
{0,0,0,0,0,0,0,0,0,0,0,0,0,0,0,0,0,0,0,0,0,0,0,0,0,0,0,0,0,0,0,0,0,0,0,0,0,0,0,0,0,0,0,0,0,0,0,0,0,0,0,0,0,0,0,0,0,0,0,0,0,0,0,0,0,0,0,0,0,0,0,0,0,0,0,0,0,0,0,0,0,0,0,0,0,0,0,0,0,0,0,0,0,0,0,0},
{0,0,0,0,0,0,0,0,0,0,0,0,0,0,0,0,0,0,0,0,0,0,0,0,0,0,0,0,0,0,0,0,0,0,0,0,0,0,0,0,0,0,0,0,0,0,0,0,0,0,0,0,0,0,0,0,0,0,0,0,0,0,0,0,0,0,0,0,0,0,0,0,0,0,0,0,0,0,0,0,0,0,0,0,0,0,0,0,0,0,0,0,0,0,0,0},
{0,0,0,0,0,0,0,0,0,0,0,0,0,0,0,0,0,0,0,0,0,0,0,0,0,0,0,0,0,0,0,0,0,0,0,0,0,0,0,0,0,0,0,0,0,0,0,0,0,0,0,0,0,0,0,0,0,0,0,0,0,0,0,0,0,0,0,0,0,0,0,0,0,0,0,0,0,0,0,0,0,0,0,0,0,0,0,0,0,0,0,0,0,0,0,0},
{0,0,0,0,0,0,0,0,0,0,0,0,0,0,0,0,0,0,0,0,0,0,0,0,0,0,0,0,0,0,0,0,0,0,0,0,0,0,0,0,0,0,0,0,0,0,0,0,0,0,0,0,0,0,0,0,0,0,0,0,0,0,0,0,0,0,0,0,0,0,0,0,0,0,0,0,0,0,0,0,0,0,0,0,0,0,0,0,0,0,0,0,0,0,0,0},
{0,0,0,0,0,0,0,0,0,0,0,0,0,0,0,0,0,0,0,0,0,0,0,0,0,0,0,0,0,0,0,0,0,0,0,0,0,0,0,0,0,0,0,0,0,0,0,0,0,0,0,0,0,0,0,0,0,0,0,0,0,0,0,0,0,0,0,0,0,0,0,0,0,0,0,0,0,0,0,0,0,0,0,0,0,0,0,0,0,0,0,0,0,0,0,0},
{0,0,0,0,0,0,0,0,0,0,0,0,0,0,0,0,0,0,0,0,0,0,0,0,0,0,0,0,0,0,0,0,0,0,0,0,0,0,0,0,0,0,0,0,0,0,0,0,0,0,0,0,0,0,0,0,0,0,0,0,0,0,0,0,0,0,0,0,0,0,0,0,0,0,0,0,0,0,0,0,0,0,0,0,0,0,0,0,0,0,0,0,0,0,0,0},
{0,0,0,0,0,0,0,0,0,0,0,0,0,0,0,0,0,0,0,0,0,0,0,0,0,0,0,0,0,0,0,0,0,0,0,0,0,0,0,0,0,0,0,0,0,0,0,0,0,0,0,0,0,0,0,0,0,0,0,0,0,0,0,0,0,0,0,0,0,0,0,0,0,0,0,0,-0.0022552745*J1^2*J2^2+-0.0022552745*J1^1*J2^3+0.0045105490*J1^1*J2^2*(J2-J1)^1+0,0.0004340278*J1^3*J2^1+-0.0017361111*J1^2*J2^2+-0.0017361111*J1^1*J2^3+0.0004340278*J2^4+-0.0039062500*J1^2*J2^1*(J2-J1)^1+-0.0039062500*J2^3*(J2-J1)^1+0,-0.0013020833*J1^3*J2^1+-0.0013020833*J2^4+-0.0026041667*J1^2*J2^1*(J2-J1)^1+-0.0026041667*J2^3*(J2-J1)^1+0,0.0002505861*J1^3*J2^1+-0.0010023442*J1^2*J2^2+-0.0010023442*J1^1*J2^3+0.0002505861*J2^4+-0.0090210980*J1^1*J2^2*(J2-J1)^1+0,0,0,0,0,0.0022552745*J1^3*J2^1+0.0022552745*J2^4+-0.0022552745*J1^2*J2^1*(J2-J1)^1+-0.0022552745*J2^3*(J2-J1)^1+0,0.0013020833*J1^2*J2^2+0.0013020833*J1^1*J2^3+0.0078125000*J1^1*J2^2*(J2-J1)^1+0,0.0013020833*J1^2*J2^2+0.0013020833*J1^1*J2^3+0.0052083333*J1^1*J2^2*(J2-J1)^1+0,0.0007517582*J1^2*J2^2+0.0007517582*J1^1*J2^3+0.0045105490*J1^2*J2^1*(J2-J1)^1+0.0045105490*J2^3*(J2-J1)^1+0,0,0,0,0,0,0,0,0},
{0,0,0,0,0,0,0,0,0,0,0,0,0,0,0,0,0,0,0,0,0,0,0,0,0,0,0,0,0,0,0,0,0,0,0,0,0,0,0,0,0,0,0,0,0,0,0,0,0,0,0,0,0,0,0,0,0,0,0,0,0,0,0,0,0,0,0,0,0,0,0,0,0,0,0,0,0.0004340278*J1^3*J2^1+-0.0017361111*J1^2*J2^2+-0.0017361111*J1^1*J2^3+0.0004340278*J2^4+0.0039062500*J1^2*J2^1*(J2-J1)^1+0.0039062500*J2^3*(J2-J1)^1+0,-0.0005011721*J1^3*J2^1+-0.0002505861*J1^2*J2^2+-0.0002505861*J1^1*J2^3+-0.0005011721*J2^4+-0.0015035163*J1^1*J2^2*(J2-J1)^1+0,0.0002505861*J1^3*J2^1+-0.0010023442*J1^2*J2^2+-0.0010023442*J1^1*J2^3+0.0002505861*J2^4+0,-0.0015914352*J1^3*J2^1+0.0011574074*J1^2*J2^2+0.0011574074*J1^1*J2^3+-0.0015914352*J2^4+-0.0043402778*J1^2*J2^1*(J2-J1)^1+0.0052083333*J1^1*J2^2*(J2-J1)^1+-0.0043402778*J2^3*(J2-J1)^1+0,0,0,0,0,0.0013020833*J1^2*J2^2+0.0013020833*J1^1*J2^3+-0.0078125000*J1^1*J2^2*(J2-J1)^1+0,0.0022552745*J1^3*J2^1+-0.0015035163*J1^2*J2^2+-0.0015035163*J1^1*J2^3+0.0022552745*J2^4+0.0007517582*J1^2*J2^1*(J2-J1)^1+0.0007517582*J2^3*(J2-J1)^1+0,0.0007517582*J1^2*J2^2+0.0007517582*J1^1*J2^3+0,0.0004340278*J1^2*J2^2+0.0004340278*J1^1*J2^3+-0.0026041667*J1^2*J2^1*(J2-J1)^1+0.0086805556*J1^1*J2^2*(J2-J1)^1+-0.0026041667*J2^3*(J2-J1)^1+0,0,0,0,0,0,0,0,0},
{0,0,0,0,0,0,0,0,0,0,0,0,0,0,0,0,0,0,0,0,0,0,0,0,0,0,0,0,0,0,0,0,0,0,0,0,0,0,0,0,0,0,0,0,0,0,0,0,0,0,0,0,0,0,0,0,0,0,0,0,0,0,0,0,0,0,0,0,0,0,0,0,0,0,0,0,-0.0013020833*J1^3*J2^1+-0.0013020833*J2^4+0.0013020833*J1^2*J2^1*(J2-J1)^1+0.0013020833*J2^3*(J2-J1)^1+0,-0.0002505861*J1^3*J2^1+-0.0005011721*J1^2*J2^2+-0.0005011721*J1^1*J2^3+-0.0002505861*J2^4+-0.0045105490*J1^1*J2^2*(J2-J1)^1+0,-0.0015035163*J1^3*J2^1+0.0007517582*J1^2*J2^2+0.0007517582*J1^1*J2^3+-0.0015035163*J2^4+-0.0007517582*J1^2*J2^1*(J2-J1)^1+-0.0015035163*J1^1*J2^2*(J2-J1)^1+-0.0007517582*J2^3*(J2-J1)^1+0,-0.0001446759*J1^3*J2^1+-0.0002893519*J1^2*J2^2+-0.0002893519*J1^1*J2^3+-0.0001446759*J2^4+0.0013020833*J1^2*J2^1*(J2-J1)^1+-0.0078125000*J1^1*J2^2*(J2-J1)^1+0.0013020833*J2^3*(J2-J1)^1+0,0,0,0,0,0.0013020833*J1^2*J2^2+0.0013020833*J1^1*J2^3+-0.0026041667*J1^1*J2^2*(J2-J1)^1+0,-0.0005011721*J1^3*J2^1+0.0012529303*J1^2*J2^2+0.0012529303*J1^1*J2^3+-0.0005011721*J2^4+0.0022552745*J1^2*J2^1*(J2-J1)^1+0.0022552745*J2^3*(J2-J1)^1+0,-0.0007517582*J1^3*J2^1+0.0015035163*J1^2*J2^2+0.0015035163*J1^1*J2^3+-0.0007517582*J2^4+0.0007517582*J1^2*J2^1*(J2-J1)^1+0.0015035163*J1^1*J2^2*(J2-J1)^1+0.0007517582*J2^3*(J2-J1)^1+0,-0.0002893519*J1^3*J2^1+0.0007233796*J1^2*J2^2+0.0007233796*J1^1*J2^3+-0.0002893519*J2^4+0.0039062500*J1^2*J2^1*(J2-J1)^1+-0.0026041667*J1^1*J2^2*(J2-J1)^1+0.0039062500*J2^3*(J2-J1)^1+0,0,0,0,0,0,0,0,0},
{0,0,0,0,0,0,0,0,0,0,0,0,0,0,0,0,0,0,0,0,0,0,0,0,0,0,0,0,0,0,0,0,0,0,0,0,0,0,0,0,0,0,0,0,0,0,0,0,0,0,0,0,0,0,0,0,0,0,0,0,0,0,0,0,0,0,0,0,0,0,0,0,0,0,0,0,-0.0002505861*J1^3*J2^1+-0.0005011721*J1^2*J2^2+-0.0005011721*J1^1*J2^3+-0.0002505861*J2^4+0.0045105490*J1^1*J2^2*(J2-J1)^1+0,-0.0010127315*J1^3*J2^1+0.0005787037*J1^2*J2^2+0.0005787037*J1^1*J2^3+-0.0010127315*J2^4+-0.0004340278*J1^2*J2^1*(J2-J1)^1+-0.0004340278*J2^3*(J2-J1)^1+0,-0.0001446759*J1^3*J2^1+-0.0002893519*J1^2*J2^2+-0.0002893519*J1^1*J2^3+-0.0001446759*J2^4+-0.0013020833*J1^2*J2^1*(J2-J1)^1+0.0026041667*J1^1*J2^2*(J2-J1)^1+-0.0013020833*J2^3*(J2-J1)^1+0,-0.0013364590*J1^3*J2^1+0.0010858729*J1^2*J2^2+0.0010858729*J1^1*J2^3+-0.0013364590*J2^4+-0.0027564466*J1^2*J2^1*(J2-J1)^1+0.0035082048*J1^1*J2^2*(J2-J1)^1+-0.0027564466*J2^3*(J2-J1)^1+0,0,0,0,0,-0.0005011721*J1^3*J2^1+0.0012529303*J1^2*J2^2+0.0012529303*J1^1*J2^3+-0.0005011721*J2^4+-0.0022552745*J1^2*J2^1*(J2-J1)^1+-0.0022552745*J2^3*(J2-J1)^1+0,0.0005787037*J1^3*J2^1+-0.0001446759*J1^2*J2^2+-0.0001446759*J1^1*J2^3+0.0005787037*J2^4+0.0008680556*J1^1*J2^2*(J2-J1)^1+0,-0.0002893519*J1^3*J2^1+0.0007233796*J1^2*J2^2+0.0007233796*J1^1*J2^3+-0.0002893519*J2^4+-0.0013020833*J1^2*J2^1*(J2-J1)^1+0.0026041667*J1^1*J2^2*(J2-J1)^1+-0.0013020833*J2^3*(J2-J1)^1+0,-0.0004176434*J1^3*J2^1+0.0006682295*J1^2*J2^2+0.0006682295*J1^1*J2^3+-0.0004176434*J2^4+-0.0017541024*J1^2*J2^1*(J2-J1)^1+0.0055128932*J1^1*J2^2*(J2-J1)^1+-0.0017541024*J2^3*(J2-J1)^1+0,0,0,0,0,0,0,0,0},
{0,0,0,0,0,0,0,0,0,0,0,0,0,0,0,0,0,0,0,0,0,0,0,0,0,0,0,0,0,0,0,0,0,0,0,0,0,0,0,0,0,0,0,0,0,0,0,0,0,0,0,0,0,0,0,0,0,0,0,0,0,0,0,0,0,0,0,0,0,0,0,0,0,0,0,0,-0.0013020833*J1^3*J2^1+-0.0013020833*J2^4+0.0013020833*J1^2*J2^1*(J2-J1)^1+0.0013020833*J2^3*(J2-J1)^1+0,-0.0007517582*J1^2*J2^2+-0.0007517582*J1^1*J2^3+-0.0045105490*J1^1*J2^2*(J2-J1)^1+0,-0.0007517582*J1^2*J2^2+-0.0007517582*J1^1*J2^3+-0.0030070327*J1^1*J2^2*(J2-J1)^1+0,-0.0004340278*J1^2*J2^2+-0.0004340278*J1^1*J2^3+-0.0026041667*J1^2*J2^1*(J2-J1)^1+-0.0026041667*J2^3*(J2-J1)^1+0,0,0,0,0,0.0013020833*J1^2*J2^2+0.0013020833*J1^1*J2^3+-0.0026041667*J1^1*J2^2*(J2-J1)^1+0,-0.0002505861*J1^3*J2^1+0.0010023442*J1^2*J2^2+0.0010023442*J1^1*J2^3+-0.0002505861*J2^4+0.0022552745*J1^2*J2^1*(J2-J1)^1+0.0022552745*J2^3*(J2-J1)^1+0,0.0007517582*J1^3*J2^1+0.0007517582*J2^4+0.0015035163*J1^2*J2^1*(J2-J1)^1+0.0015035163*J2^3*(J2-J1)^1+0,-0.0001446759*J1^3*J2^1+0.0005787037*J1^2*J2^2+0.0005787037*J1^1*J2^3+-0.0001446759*J2^4+0.0052083333*J1^1*J2^2*(J2-J1)^1+0,0,0,0,0,0.0018414239*J1^3*J2^1+-0.0018414239*J1^2*J2^2+-0.0018414239*J1^1*J2^3+0.0018414239*J2^4+-0.0018414239*J1^2*J2^1*(J2-J1)^1+0.0036828478*J1^1*J2^2*(J2-J1)^1+-0.0018414239*J2^3*(J2-J1)^1+0,0.0003543822*J1^3*J2^1+-0.0003543822*J1^2*J2^2+-0.0003543822*J1^1*J2^3+0.0003543822*J2^4+-0.0031894398*J1^2*J2^1*(J2-J1)^1+0.0063788795*J1^1*J2^2*(J2-J1)^1+-0.0031894398*J2^3*(J2-J1)^1+0,-0.0010631466*J1^3*J2^1+0.0010631466*J1^2*J2^2+0.0010631466*J1^1*J2^3+-0.0010631466*J2^4+-0.0021262932*J1^2*J2^1*(J2-J1)^1+0.0042525864*J1^1*J2^2*(J2-J1)^1+-0.0021262932*J2^3*(J2-J1)^1+0,0.0002046027*J1^3*J2^1+-0.0002046027*J1^2*J2^2+-0.0002046027*J1^1*J2^3+0.0002046027*J2^4+0.0036828478*J1^2*J2^1*(J2-J1)^1+-0.0073656956*J1^1*J2^2*(J2-J1)^1+0.0036828478*J2^3*(J2-J1)^1+0},
{0,0,0,0,0,0,0,0,0,0,0,0,0,0,0,0,0,0,0,0,0,0,0,0,0,0,0,0,0,0,0,0,0,0,0,0,0,0,0,0,0,0,0,0,0,0,0,0,0,0,0,0,0,0,0,0,0,0,0,0,0,0,0,0,0,0,0,0,0,0,0,0,0,0,0,0,-0.0007517582*J1^2*J2^2+-0.0007517582*J1^1*J2^3+0.0045105490*J1^1*J2^2*(J2-J1)^1+0,-0.0013020833*J1^3*J2^1+0.0008680556*J1^2*J2^2+0.0008680556*J1^1*J2^3+-0.0013020833*J2^4+-0.0004340278*J1^2*J2^1*(J2-J1)^1+-0.0004340278*J2^3*(J2-J1)^1+0,-0.0004340278*J1^2*J2^2+-0.0004340278*J1^1*J2^3+0,-0.0002505861*J1^2*J2^2+-0.0002505861*J1^1*J2^3+0.0015035163*J1^2*J2^1*(J2-J1)^1+-0.0050117211*J1^1*J2^2*(J2-J1)^1+0.0015035163*J2^3*(J2-J1)^1+0,0,0,0,0,-0.0002505861*J1^3*J2^1+0.0010023442*J1^2*J2^2+0.0010023442*J1^1*J2^3+-0.0002505861*J2^4+-0.0022552745*J1^2*J2^1*(J2-J1)^1+-0.0022552745*J2^3*(J2-J1)^1+0,0.0002893519*J1^3*J2^1+0.0001446759*J1^2*J2^2+0.0001446759*J1^1*J2^3+0.0002893519*J2^4+0.0008680556*J1^1*J2^2*(J2-J1)^1+0,-0.0001446759*J1^3*J2^1+0.0005787037*J1^2*J2^2+0.0005787037*J1^1*J2^3+-0.0001446759*J2^4+0,0.0009188155*J1^3*J2^1+-0.0006682295*J1^2*J2^2+-0.0006682295*J1^1*J2^3+0.0009188155*J2^4+0.0025058605*J1^2*J2^1*(J2-J1)^1+-0.0030070327*J1^1*J2^2*(J2-J1)^1+0.0025058605*J2^3*(J2-J1)^1+0,0,0,0,0,0.0003543822*J1^3*J2^1+-0.0003543822*J1^2*J2^2+-0.0003543822*J1^1*J2^3+0.0003543822*J2^4+0.0031894398*J1^2*J2^1*(J2-J1)^1+-0.0063788795*J1^1*J2^2*(J2-J1)^1+0.0031894398*J2^3*(J2-J1)^1+0,0.0014322186*J1^3*J2^1+-0.0014322186*J1^2*J2^2+-0.0014322186*J1^1*J2^3+0.0014322186*J2^4+0.0006138080*J1^2*J2^1*(J2-J1)^1+-0.0012276159*J1^1*J2^2*(J2-J1)^1+0.0006138080*J2^3*(J2-J1)^1+0,0.0002046027*J1^3*J2^1+-0.0002046027*J1^2*J2^2+-0.0002046027*J1^1*J2^3+0.0002046027*J2^4+0,-0.0012994014*J1^3*J2^1+0.0012994014*J1^2*J2^2+0.0012994014*J1^1*J2^3+-0.0012994014*J2^4+-0.0056701151*J1^2*J2^1*(J2-J1)^1+0.0113402303*J1^1*J2^2*(J2-J1)^1+-0.0056701151*J2^3*(J2-J1)^1+0},
{0,0,0,0,0,0,0,0,0,0,0,0,0,0,0,0,0,0,0,0,0,0,0,0,0,0,0,0,0,0,0,0,0,0,0,0,0,0,0,0,0,0,0,0,0,0,0,0,0,0,0,0,0,0,0,0,0,0,0,0,0,0,0,0,0,0,0,0,0,0,0,0,0,0,0,0,-0.0007517582*J1^2*J2^2+-0.0007517582*J1^1*J2^3+0.0015035163*J1^1*J2^2*(J2-J1)^1+0,0.0002893519*J1^3*J2^1+-0.0007233796*J1^2*J2^2+-0.0007233796*J1^1*J2^3+0.0002893519*J2^4+-0.0013020833*J1^2*J2^1*(J2-J1)^1+-0.0013020833*J2^3*(J2-J1)^1+0,0.0004340278*J1^3*J2^1+-0.0008680556*J1^2*J2^2+-0.0008680556*J1^1*J2^3+0.0004340278*J2^4+-0.0004340278*J1^2*J2^1*(J2-J1)^1+-0.0008680556*J1^1*J2^2*(J2-J1)^1+-0.0004340278*J2^3*(J2-J1)^1+0,0.0001670574*J1^3*J2^1+-0.0004176434*J1^2*J2^2+-0.0004176434*J1^1*J2^3+0.0001670574*J2^4+-0.0022552745*J1^2*J2^1*(J2-J1)^1+0.0015035163*J1^1*J2^2*(J2-J1)^1+-0.0022552745*J2^3*(J2-J1)^1+0,0,0,0,0,0.0007517582*J1^3*J2^1+0.0007517582*J2^4+-0.0007517582*J1^2*J2^1*(J2-J1)^1+-0.0007517582*J2^3*(J2-J1)^1+0,0.0001446759*J1^3*J2^1+0.0002893519*J1^2*J2^2+0.0002893519*J1^1*J2^3+0.0001446759*J2^4+0.0026041667*J1^1*J2^2*(J2-J1)^1+0,0.0008680556*J1^3*J2^1+-0.0004340278*J1^2*J2^2+-0.0004340278*J1^1*J2^3+0.0008680556*J2^4+0.0004340278*J1^2*J2^1*(J2-J1)^1+0.0008680556*J1^1*J2^2*(J2-J1)^1+0.0004340278*J2^3*(J2-J1)^1+0,0.0000835287*J1^3*J2^1+0.0001670574*J1^2*J2^2+0.0001670574*J1^1*J2^3+0.0000835287*J2^4+-0.0007517582*J1^2*J2^1*(J2-J1)^1+0.0045105490*J1^1*J2^2*(J2-J1)^1+-0.0007517582*J2^3*(J2-J1)^1+0,0,0,0,0,-0.0010631466*J1^3*J2^1+0.0010631466*J1^2*J2^2+0.0010631466*J1^1*J2^3+-0.0010631466*J2^4+0.0010631466*J1^2*J2^1*(J2-J1)^1+-0.0021262932*J1^1*J2^2*(J2-J1)^1+0.0010631466*J2^3*(J2-J1)^1+0,-0.0006138080*J1^3*J2^1+0.0006138080*J1^2*J2^2+0.0006138080*J1^1*J2^3+-0.0006138080*J2^4+0.0018414239*J1^2*J2^1*(J2-J1)^1+-0.0036828478*J1^1*J2^2*(J2-J1)^1+0.0018414239*J2^3*(J2-J1)^1+0,-0.0018414239*J1^3*J2^1+0.0018414239*J1^2*J2^2+0.0018414239*J1^1*J2^3+-0.0018414239*J2^4+0,-0.0003543822*J1^3*J2^1+0.0003543822*J1^2*J2^2+0.0003543822*J1^1*J2^3+-0.0003543822*J2^4+0.0042525864*J1^2*J2^1*(J2-J1)^1+-0.0085051727*J1^1*J2^2*(J2-J1)^1+0.0042525864*J2^3*(J2-J1)^1+0},
{0,0,0,0,0,0,0,0,0,0,0,0,0,0,0,0,0,0,0,0,0,0,0,0,0,0,0,0,0,0,0,0,0,0,0,0,0,0,0,0,0,0,0,0,0,0,0,0,0,0,0,0,0,0,0,0,0,0,0,0,0,0,0,0,0,0,0,0,0,0,0,0,0,0,0,0,0.0002893519*J1^3*J2^1+-0.0007233796*J1^2*J2^2+-0.0007233796*J1^1*J2^3+0.0002893519*J2^4+0.0013020833*J1^2*J2^1*(J2-J1)^1+0.0013020833*J2^3*(J2-J1)^1+0,-0.0003341147*J1^3*J2^1+0.0000835287*J1^2*J2^2+0.0000835287*J1^1*J2^3+-0.0003341147*J2^4+-0.0005011721*J1^1*J2^2*(J2-J1)^1+0,0.0001670574*J1^3*J2^1+-0.0004176434*J1^2*J2^2+-0.0004176434*J1^1*J2^3+0.0001670574*J2^4+0.0007517582*J1^2*J2^1*(J2-J1)^1+-0.0015035163*J1^1*J2^2*(J2-J1)^1+0.0007517582*J2^3*(J2-J1)^1+0,0.0002411265*J1^3*J2^1+-0.0003858025*J1^2*J2^2+-0.0003858025*J1^1*J2^3+0.0002411265*J2^4+0.0010127315*J1^2*J2^1*(J2-J1)^1+-0.0031828704*J1^1*J2^2*(J2-J1)^1+0.0010127315*J2^3*(J2-J1)^1+0,0,0,0,0,0.0001446759*J1^3*J2^1+0.0002893519*J1^2*J2^2+0.0002893519*J1^1*J2^3+0.0001446759*J2^4+-0.0026041667*J1^1*J2^2*(J2-J1)^1+0,0.0005847008*J1^3*J2^1+-0.0003341147*J1^2*J2^2+-0.0003341147*J1^1*J2^3+0.0005847008*J2^4+0.0002505861*J1^2*J2^1*(J2-J1)^1+0.0002505861*J2^3*(J2-J1)^1+0,0.0000835287*J1^3*J2^1+0.0001670574*J1^2*J2^2+0.0001670574*J1^1*J2^3+0.0000835287*J2^4+0.0007517582*J1^2*J2^1*(J2-J1)^1+-0.0015035163*J1^1*J2^2*(J2-J1)^1+0.0007517582*J2^3*(J2-J1)^1+0,0.0007716049*J1^3*J2^1+-0.0006269290*J1^2*J2^2+-0.0006269290*J1^1*J2^3+0.0007716049*J2^4+0.0015914352*J1^2*J2^1*(J2-J1)^1+-0.0020254630*J1^1*J2^2*(J2-J1)^1+0.0015914352*J2^3*(J2-J1)^1+0,0,0,0,0,-0.0006138080*J1^3*J2^1+0.0006138080*J1^2*J2^2+0.0006138080*J1^1*J2^3+-0.0006138080*J2^4+-0.0018414239*J1^2*J2^1*(J2-J1)^1+0.0036828478*J1^1*J2^2*(J2-J1)^1+-0.0018414239*J2^3*(J2-J1)^1+0,-0.0003543822*J1^3*J2^1+0.0003543822*J1^2*J2^2+0.0003543822*J1^1*J2^3+-0.0003543822*J2^4+-0.0003543822*J1^2*J2^1*(J2-J1)^1+0.0007087644*J1^1*J2^2*(J2-J1)^1+-0.0003543822*J2^3*(J2-J1)^1+0,-0.0003543822*J1^3*J2^1+0.0003543822*J1^2*J2^2+0.0003543822*J1^1*J2^3+-0.0003543822*J2^4+-0.0021262932*J1^2*J2^1*(J2-J1)^1+0.0042525864*J1^1*J2^2*(J2-J1)^1+-0.0021262932*J2^3*(J2-J1)^1+0,-0.0014322186*J1^3*J2^1+0.0014322186*J1^2*J2^2+0.0014322186*J1^1*J2^3+-0.0014322186*J2^4+-0.0036828478*J1^2*J2^1*(J2-J1)^1+0.0073656956*J1^1*J2^2*(J2-J1)^1+-0.0036828478*J2^3*(J2-J1)^1+0},
{0,0,0,0,0,0,0,0,0,0,0,0,0,0,0,0,0,0,0,0,0,0,0,0,0,0,0,0,0,0,0,0,0,0,0,0,0,0,0,0,0,0,0,0,0,0,0,0,0,0,0,0,0,0,0,0,0,0,0,0,0,0,0,0,0,0,0,0,0,0,0,0,0.0039062500*J1^2*J2^2+0.0039062500*J1^1*J2^3+-0.0312500000*J1^1*J2^2*(J2-J1)^1+0,-0.0007517582*J1^3*J2^1+0.0030070327*J1^2*J2^2+0.0030070327*J1^1*J2^3+-0.0007517582*J2^4+0,0.0022552745*J1^3*J2^1+0.0022552745*J2^4+-0.0022552745*J1^2*J2^1*(J2-J1)^1+-0.0022552745*J2^3*(J2-J1)^1+0,-0.0004340278*J1^3*J2^1+0.0017361111*J1^2*J2^2+0.0017361111*J1^1*J2^3+-0.0004340278*J2^4+0.0078125000*J1^1*J2^2*(J2-J1)^1+0,0,0,0,0,-0.0039062500*J1^3*J2^1+-0.0039062500*J2^4+0.0156250000*J1^2*J2^1*(J2-J1)^1+0.0156250000*J2^3*(J2-J1)^1+0,-0.0022552745*J1^2*J2^2+-0.0022552745*J1^1*J2^3+0,-0.0022552745*J1^2*J2^2+-0.0022552745*J1^1*J2^3+0.0045105490*J1^1*J2^2*(J2-J1)^1+0,-0.0013020833*J1^2*J2^2+-0.0013020833*J1^1*J2^3+-0.0039062500*J1^2*J2^1*(J2-J1)^1+-0.0039062500*J2^3*(J2-J1)^1+0,0,0,0,0,0,0,0,0,0,0,0,0},
{0,0,0,0,0,0,0,0,0,0,0,0,0,0,0,0,0,0,0,0,0,0,0,0,0,0,0,0,0,0,0,0,0,0,0,0,0,0,0,0,0,0,0,0,0,0,0,0,0,0,0,0,0,0,0,0,0,0,0,0,0,0,0,0,0,0,0,0,0,0,0,0,-0.0007517582*J1^3*J2^1+0.0030070327*J1^2*J2^2+0.0030070327*J1^1*J2^3+-0.0007517582*J2^4+-0.0135316469*J1^2*J2^1*(J2-J1)^1+-0.0135316469*J2^3*(J2-J1)^1+0,0.0008680556*J1^3*J2^1+0.0004340278*J1^2*J2^2+0.0004340278*J1^1*J2^3+0.0008680556*J2^4+0.0078125000*J1^2*J2^1*(J2-J1)^1+-0.0208333333*J1^1*J2^2*(J2-J1)^1+0.0078125000*J2^3*(J2-J1)^1+0,-0.0004340278*J1^3*J2^1+0.0017361111*J1^2*J2^2+0.0017361111*J1^1*J2^3+-0.0004340278*J2^4+-0.0078125000*J1^1*J2^2*(J2-J1)^1+0,0.0027564466*J1^3*J2^1+-0.0020046884*J1^2*J2^2+-0.0020046884*J1^1*J2^3+0.0027564466*J2^4+0.0007517582*J1^2*J2^1*(J2-J1)^1+0.0007517582*J2^3*(J2-J1)^1+0,0,0,0,0,-0.0022552745*J1^2*J2^2+-0.0022552745*J1^1*J2^3+0.0270632939*J1^1*J2^2*(J2-J1)^1+0,-0.0039062500*J1^3*J2^1+0.0026041667*J1^2*J2^2+0.0026041667*J1^1*J2^3+-0.0039062500*J2^4+0.0104166667*J1^2*J2^1*(J2-J1)^1+-0.0156250000*J1^1*J2^2*(J2-J1)^1+0.0104166667*J2^3*(J2-J1)^1+0,-0.0013020833*J1^2*J2^2+-0.0013020833*J1^1*J2^3+0.0039062500*J1^2*J2^1*(J2-J1)^1+0.0039062500*J2^3*(J2-J1)^1+0,-0.0007517582*J1^2*J2^2+-0.0007517582*J1^1*J2^3+-0.0015035163*J1^1*J2^2*(J2-J1)^1+0,0,0,0,0,0,0,0,0,0,0,0,0},
{0,0,0,0,0,0,0,0,0,0,0,0,0,0,0,0,0,0,0,0,0,0,0,0,0,0,0,0,0,0,0,0,0,0,0,0,0,0,0,0,0,0,0,0,0,0,0,0,0,0,0,0,0,0,0,0,0,0,0,0,0,0,0,0,0,0,0,0,0,0,0,0,0.0022552745*J1^3*J2^1+0.0022552745*J2^4+-0.0090210980*J1^2*J2^1*(J2-J1)^1+-0.0090210980*J2^3*(J2-J1)^1+0,0.0004340278*J1^3*J2^1+0.0008680556*J1^2*J2^2+0.0008680556*J1^1*J2^3+0.0004340278*J2^4+0,0.0026041667*J1^3*J2^1+-0.0013020833*J1^2*J2^2+-0.0013020833*J1^1*J2^3+0.0026041667*J2^4+-0.0065104167*J1^2*J2^1*(J2-J1)^1+0.0104166667*J1^1*J2^2*(J2-J1)^1+-0.0065104167*J2^3*(J2-J1)^1+0,0.0002505861*J1^3*J2^1+0.0005011721*J1^2*J2^2+0.0005011721*J1^1*J2^3+0.0002505861*J2^4+0.0045105490*J1^1*J2^2*(J2-J1)^1+0,0,0,0,0,-0.0022552745*J1^2*J2^2+-0.0022552745*J1^1*J2^3+0.0180421959*J1^1*J2^2*(J2-J1)^1+0,0.0008680556*J1^3*J2^1+-0.0021701389*J1^2*J2^2+-0.0021701389*J1^1*J2^3+0.0008680556*J2^4+0,0.0013020833*J1^3*J2^1+-0.0026041667*J1^2*J2^2+-0.0026041667*J1^1*J2^3+0.0013020833*J2^4+-0.0052083333*J1^2*J2^1*(J2-J1)^1+0.0130208333*J1^1*J2^2*(J2-J1)^1+-0.0052083333*J2^3*(J2-J1)^1+0,0.0005011721*J1^3*J2^1+-0.0012529303*J1^2*J2^2+-0.0012529303*J1^1*J2^3+0.0005011721*J2^4+-0.0022552745*J1^2*J2^1*(J2-J1)^1+-0.0022552745*J2^3*(J2-J1)^1+0,0,0,0,0,0,0,0,0,0,0,0,0},
{0,0,0,0,0,0,0,0,0,0,0,0,0,0,0,0,0,0,0,0,0,0,0,0,0,0,0,0,0,0,0,0,0,0,0,0,0,0,0,0,0,0,0,0,0,0,0,0,0,0,0,0,0,0,0,0,0,0,0,0,0,0,0,0,0,0,0,0,0,0,0,0,0.0004340278*J1^3*J2^1+0.0008680556*J1^2*J2^2+0.0008680556*J1^1*J2^3+0.0004340278*J2^4+-0.0156250000*J1^1*J2^2*(J2-J1)^1+0,0.0017541024*J1^3*J2^1+-0.0010023442*J1^2*J2^2+-0.0010023442*J1^1*J2^3+0.0017541024*J2^4+-0.0060140653*J1^2*J2^1*(J2-J1)^1+0.0090210980*J1^1*J2^2*(J2-J1)^1+-0.0060140653*J2^3*(J2-J1)^1+0,0.0002505861*J1^3*J2^1+0.0005011721*J1^2*J2^2+0.0005011721*J1^1*J2^3+0.0002505861*J2^4+0.0045105490*J1^2*J2^1*(J2-J1)^1+-0.0135316469*J1^1*J2^2*(J2-J1)^1+0.0045105490*J2^3*(J2-J1)^1+0,0.0023148148*J1^3*J2^1+-0.0018807870*J1^2*J2^2+-0.0018807870*J1^1*J2^3+0.0023148148*J2^4+-0.0056423611*J1^2*J2^1*(J2-J1)^1+0.0121527778*J1^1*J2^2*(J2-J1)^1+-0.0056423611*J2^3*(J2-J1)^1+0,0,0,0,0,0.0008680556*J1^3*J2^1+-0.0021701389*J1^2*J2^2+-0.0021701389*J1^1*J2^3+0.0008680556*J2^4+0.0078125000*J1^2*J2^1*(J2-J1)^1+0.0078125000*J2^3*(J2-J1)^1+0,-0.0010023442*J1^3*J2^1+0.0002505861*J1^2*J2^2+0.0002505861*J1^1*J2^3+-0.0010023442*J2^4+-0.0045105490*J1^2*J2^1*(J2-J1)^1+0.0120281306*J1^1*J2^2*(J2-J1)^1+-0.0045105490*J2^3*(J2-J1)^1+0,0.0005011721*J1^3*J2^1+-0.0012529303*J1^2*J2^2+-0.0012529303*J1^1*J2^3+0.0005011721*J2^4+0.0067658235*J1^2*J2^1*(J2-J1)^1+-0.0090210980*J1^1*J2^2*(J2-J1)^1+0.0067658235*J2^3*(J2-J1)^1+0,0.0007233796*J1^3*J2^1+-0.0011574074*J1^2*J2^2+-0.0011574074*J1^1*J2^3+0.0007233796*J2^4+-0.0060763889*J1^2*J2^1*(J2-J1)^1+0.0112847222*J1^1*J2^2*(J2-J1)^1+-0.0060763889*J2^3*(J2-J1)^1+0,0,0,0,0,0,0,0,0,0,0,0,0},
{0,0,0,0,0,0,0,0,0,0,0,0,0,0,0,0,0,0,0,0,0,0,0,0,0,0,0,0,0,0,0,0,0,0,0,0,0,0,0,0,0,0,0,0,0,0,0,0,0,0,0,0,0,0,0,0,0,0,0,0,0,0,0,0,0,0,0,0,0,0,0,0,0.0022552745*J1^3*J2^1+0.0022552745*J2^4+-0.0090210980*J1^2*J2^1*(J2-J1)^1+-0.0090210980*J2^3*(J2-J1)^1+0,0.0013020833*J1^2*J2^2+0.0013020833*J1^1*J2^3+0,0.0013020833*J1^2*J2^2+0.0013020833*J1^1*J2^3+-0.0026041667*J1^1*J2^2*(J2-J1)^1+0,0.0007517582*J1^2*J2^2+0.0007517582*J1^1*J2^3+0.0022552745*J1^2*J2^1*(J2-J1)^1+0.0022552745*J2^3*(J2-J1)^1+0,0,0,0,0,-0.0022552745*J1^2*J2^2+-0.0022552745*J1^1*J2^3+0.0180421959*J1^1*J2^2*(J2-J1)^1+0,0.0004340278*J1^3*J2^1+-0.0017361111*J1^2*J2^2+-0.0017361111*J1^1*J2^3+0.0004340278*J2^4+0,-0.0013020833*J1^3*J2^1+-0.0013020833*J2^4+0.0013020833*J1^2*J2^1*(J2-J1)^1+0.0013020833*J2^3*(J2-J1)^1+0,0.0002505861*J1^3*J2^1+-0.0010023442*J1^2*J2^2+-0.0010023442*J1^1*J2^3+0.0002505861*J2^4+-0.0045105490*J1^1*J2^2*(J2-J1)^1+0,0,0,0,0,-0.0031894398*J1^3*J2^1+0.0031894398*J1^2*J2^2+0.0031894398*J1^1*J2^3+-0.0031894398*J2^4+0.0127577591*J1^2*J2^1*(J2-J1)^1+-0.0255155182*J1^1*J2^2*(J2-J1)^1+0.0127577591*J2^3*(J2-J1)^1+0,-0.0006138080*J1^3*J2^1+0.0006138080*J1^2*J2^2+0.0006138080*J1^1*J2^3+-0.0006138080*J2^4+0,0.0018414239*J1^3*J2^1+-0.0018414239*J1^2*J2^2+-0.0018414239*J1^1*J2^3+0.0018414239*J2^4+-0.0018414239*J1^2*J2^1*(J2-J1)^1+0.0036828478*J1^1*J2^2*(J2-J1)^1+-0.0018414239*J2^3*(J2-J1)^1+0,-0.0003543822*J1^3*J2^1+0.0003543822*J1^2*J2^2+0.0003543822*J1^1*J2^3+-0.0003543822*J2^4+-0.0031894398*J1^2*J2^1*(J2-J1)^1+0.0063788795*J1^1*J2^2*(J2-J1)^1+-0.0031894398*J2^3*(J2-J1)^1+0,0,0,0,0},
{0,0,0,0,0,0,0,0,0,0,0,0,0,0,0,0,0,0,0,0,0,0,0,0,0,0,0,0,0,0,0,0,0,0,0,0,0,0,0,0,0,0,0,0,0,0,0,0,0,0,0,0,0,0,0,0,0,0,0,0,0,0,0,0,0,0,0,0,0,0,0,0,0.0013020833*J1^2*J2^2+0.0013020833*J1^1*J2^3+-0.0156250000*J1^1*J2^2*(J2-J1)^1+0,0.0022552745*J1^3*J2^1+-0.0015035163*J1^2*J2^2+-0.0015035163*J1^1*J2^3+0.0022552745*J2^4+-0.0060140653*J1^2*J2^1*(J2-J1)^1+0.0090210980*J1^1*J2^2*(J2-J1)^1+-0.0060140653*J2^3*(J2-J1)^1+0,0.0007517582*J1^2*J2^2+0.0007517582*J1^1*J2^3+-0.0022552745*J1^2*J2^1*(J2-J1)^1+-0.0022552745*J2^3*(J2-J1)^1+0,0.0004340278*J1^2*J2^2+0.0004340278*J1^1*J2^3+0.0008680556*J1^1*J2^2*(J2-J1)^1+0,0,0,0,0,0.0004340278*J1^3*J2^1+-0.0017361111*J1^2*J2^2+-0.0017361111*J1^1*J2^3+0.0004340278*J2^4+0.0078125000*J1^2*J2^1*(J2-J1)^1+0.0078125000*J2^3*(J2-J1)^1+0,-0.0005011721*J1^3*J2^1+-0.0002505861*J1^2*J2^2+-0.0002505861*J1^1*J2^3+-0.0005011721*J2^4+-0.0045105490*J1^2*J2^1*(J2-J1)^1+0.0120281306*J1^1*J2^2*(J2-J1)^1+-0.0045105490*J2^3*(J2-J1)^1+0,0.0002505861*J1^3*J2^1+-0.0010023442*J1^2*J2^2+-0.0010023442*J1^1*J2^3+0.0002505861*J2^4+0.0045105490*J1^1*J2^2*(J2-J1)^1+0,-0.0015914352*J1^3*J2^1+0.0011574074*J1^2*J2^2+0.0011574074*J1^1*J2^3+-0.0015914352*J2^4+-0.0004340278*J1^2*J2^1*(J2-J1)^1+-0.0004340278*J2^3*(J2-J1)^1+0,0,0,0,0,-0.0006138080*J1^3*J2^1+0.0006138080*J1^2*J2^2+0.0006138080*J1^1*J2^3+-0.0006138080*J2^4+-0.0110485435*J1^2*J2^1*(J2-J1)^1+0.0220970869*J1^1*J2^2*(J2-J1)^1+-0.0110485435*J2^3*(J2-J1)^1+0,-0.0024806754*J1^3*J2^1+0.0024806754*J1^2*J2^2+0.0024806754*J1^1*J2^3+-0.0024806754*J2^4+0.0148840523*J1^2*J2^1*(J2-J1)^1+-0.0297681045*J1^1*J2^2*(J2-J1)^1+0.0148840523*J2^3*(J2-J1)^1+0,-0.0003543822*J1^3*J2^1+0.0003543822*J1^2*J2^2+0.0003543822*J1^1*J2^3+-0.0003543822*J2^4+0.0031894398*J1^2*J2^1*(J2-J1)^1+-0.0063788795*J1^1*J2^2*(J2-J1)^1+0.0031894398*J2^3*(J2-J1)^1+0,0.0022506292*J1^3*J2^1+-0.0022506292*J1^2*J2^2+-0.0022506292*J1^1*J2^3+0.0022506292*J2^4+0.0006138080*J1^2*J2^1*(J2-J1)^1+-0.0012276159*J1^1*J2^2*(J2-J1)^1+0.0006138080*J2^3*(J2-J1)^1+0,0,0,0,0},
{0,0,0,0,0,0,0,0,0,0,0,0,0,0,0,0,0,0,0,0,0,0,0,0,0,0,0,0,0,0,0,0,0,0,0,0,0,0,0,0,0,0,0,0,0,0,0,0,0,0,0,0,0,0,0,0,0,0,0,0,0,0,0,0,0,0,0,0,0,0,0,0,0.0013020833*J1^2*J2^2+0.0013020833*J1^1*J2^3+-0.0104166667*J1^1*J2^2*(J2-J1)^1+0,-0.0005011721*J1^3*J2^1+0.0012529303*J1^2*J2^2+0.0012529303*J1^1*J2^3+-0.0005011721*J2^4+0,-0.0007517582*J1^3*J2^1+0.0015035163*J1^2*J2^2+0.0015035163*J1^1*J2^3+-0.0007517582*J2^4+0.0030070327*J1^2*J2^1*(J2-J1)^1+-0.0075175816*J1^1*J2^2*(J2-J1)^1+0.0030070327*J2^3*(J2-J1)^1+0,-0.0002893519*J1^3*J2^1+0.0007233796*J1^2*J2^2+0.0007233796*J1^1*J2^3+-0.0002893519*J2^4+0.0013020833*J1^2*J2^1*(J2-J1)^1+0.0013020833*J2^3*(J2-J1)^1+0,0,0,0,0,-0.0013020833*J1^3*J2^1+-0.0013020833*J2^4+0.0052083333*J1^2*J2^1*(J2-J1)^1+0.0052083333*J2^3*(J2-J1)^1+0,-0.0002505861*J1^3*J2^1+-0.0005011721*J1^2*J2^2+-0.0005011721*J1^1*J2^3+-0.0002505861*J2^4+0,-0.0015035163*J1^3*J2^1+0.0007517582*J1^2*J2^2+0.0007517582*J1^1*J2^3+-0.0015035163*J2^4+0.0037587908*J1^2*J2^1*(J2-J1)^1+-0.0060140653*J1^1*J2^2*(J2-J1)^1+0.0037587908*J2^3*(J2-J1)^1+0,-0.0001446759*J1^3*J2^1+-0.0002893519*J1^2*J2^2+-0.0002893519*J1^1*J2^3+-0.0001446759*J2^4+-0.0026041667*J1^1*J2^2*(J2-J1)^1+0,0,0,0,0,0.0018414239*J1^3*J2^1+-0.0018414239*J1^2*J2^2+-0.0018414239*J1^1*J2^3+0.0018414239*J2^4+-0.0073656956*J1^2*J2^1*(J2-J1)^1+0.0147313913*J1^1*J2^2*(J2-J1)^1+-0.0073656956*J2^3*(J2-J1)^1+0,0.0010631466*J1^3*J2^1+-0.0010631466*J1^2*J2^2+-0.0010631466*J1^1*J2^3+0.0010631466*J2^4+0,0.0031894398*J1^3*J2^1+-0.0031894398*J1^2*J2^2+-0.0031894398*J1^1*J2^3+0.0031894398*J2^4+-0.0095683193*J1^2*J2^1*(J2-J1)^1+0.0191366386*J1^1*J2^2*(J2-J1)^1+-0.0095683193*J2^3*(J2-J1)^1+0,0.0006138080*J1^3*J2^1+-0.0006138080*J1^2*J2^2+-0.0006138080*J1^1*J2^3+0.0006138080*J2^4+-0.0018414239*J1^2*J2^1*(J2-J1)^1+0.0036828478*J1^1*J2^2*(J2-J1)^1+-0.0018414239*J2^3*(J2-J1)^1+0,0,0,0,0},
{0,0,0,0,0,0,0,0,0,0,0,0,0,0,0,0,0,0,0,0,0,0,0,0,0,0,0,0,0,0,0,0,0,0,0,0,0,0,0,0,0,0,0,0,0,0,0,0,0,0,0,0,0,0,0,0,0,0,0,0,0,0,0,0,0,0,0,0,0,0,0,0,-0.0005011721*J1^3*J2^1+0.0012529303*J1^2*J2^2+0.0012529303*J1^1*J2^3+-0.0005011721*J2^4+-0.0045105490*J1^2*J2^1*(J2-J1)^1+-0.0045105490*J2^3*(J2-J1)^1+0,0.0005787037*J1^3*J2^1+-0.0001446759*J1^2*J2^2+-0.0001446759*J1^1*J2^3+0.0005787037*J2^4+0.0026041667*J1^2*J2^1*(J2-J1)^1+-0.0069444444*J1^1*J2^2*(J2-J1)^1+0.0026041667*J2^3*(J2-J1)^1+0,-0.0002893519*J1^3*J2^1+0.0007233796*J1^2*J2^2+0.0007233796*J1^1*J2^3+-0.0002893519*J2^4+-0.0039062500*J1^2*J2^1*(J2-J1)^1+0.0052083333*J1^1*J2^2*(J2-J1)^1+-0.0039062500*J2^3*(J2-J1)^1+0,-0.0004176434*J1^3*J2^1+0.0006682295*J1^2*J2^2+0.0006682295*J1^1*J2^3+-0.0004176434*J2^4+0.0035082048*J1^2*J2^1*(J2-J1)^1+-0.0065152374*J1^1*J2^2*(J2-J1)^1+0.0035082048*J2^3*(J2-J1)^1+0,0,0,0,0,-0.0002505861*J1^3*J2^1+-0.0005011721*J1^2*J2^2+-0.0005011721*J1^1*J2^3+-0.0002505861*J2^4+0.0090210980*J1^1*J2^2*(J2-J1)^1+0,-0.0010127315*J1^3*J2^1+0.0005787037*J1^2*J2^2+0.0005787037*J1^1*J2^3+-0.0010127315*J2^4+0.0034722222*J1^2*J2^1*(J2-J1)^1+-0.0052083333*J1^1*J2^2*(J2-J1)^1+0.0034722222*J2^3*(J2-J1)^1+0,-0.0001446759*J1^3*J2^1+-0.0002893519*J1^2*J2^2+-0.0002893519*J1^1*J2^3+-0.0001446759*J2^4+-0.0026041667*J1^2*J2^1*(J2-J1)^1+0.0078125000*J1^1*J2^2*(J2-J1)^1+-0.0026041667*J2^3*(J2-J1)^1+0,-0.0013364590*J1^3*J2^1+0.0010858729*J1^2*J2^2+0.0010858729*J1^1*J2^3+-0.0013364590*J2^4+0.0032576187*J1^2*J2^1*(J2-J1)^1+-0.0070164095*J1^1*J2^2*(J2-J1)^1+0.0032576187*J2^3*(J2-J1)^1+0,0,0,0,0,0.0010631466*J1^3*J2^1+-0.0010631466*J1^2*J2^2+-0.0010631466*J1^1*J2^3+0.0010631466*J2^4+0.0063788795*J1^2*J2^1*(J2-J1)^1+-0.0127577591*J1^1*J2^2*(J2-J1)^1+0.0063788795*J2^3*(J2-J1)^1+0,0.0006138080*J1^3*J2^1+-0.0006138080*J1^2*J2^2+-0.0006138080*J1^1*J2^3+0.0006138080*J2^4+-0.0085933116*J1^2*J2^1*(J2-J1)^1+0.0171866232*J1^1*J2^2*(J2-J1)^1+-0.0085933116*J2^3*(J2-J1)^1+0,0.0006138080*J1^3*J2^1+-0.0006138080*J1^2*J2^2+-0.0006138080*J1^1*J2^3+0.0006138080*J2^4+0.0092071195*J1^2*J2^1*(J2-J1)^1+-0.0184142391*J1^1*J2^2*(J2-J1)^1+0.0092071195*J2^3*(J2-J1)^1+0,0.0024806754*J1^3*J2^1+-0.0024806754*J1^2*J2^2+-0.0024806754*J1^1*J2^3+0.0024806754*J2^4+-0.0095683193*J1^2*J2^1*(J2-J1)^1+0.0191366386*J1^1*J2^2*(J2-J1)^1+-0.0095683193*J2^3*(J2-J1)^1+0,0,0,0,0},
{0,0,0,0,0,0,0,0,0,0,0,0,0,0,0,0,0,0,0,0,0,0,0,0,0,0,0,0,0,0,0,0,0,0,0,0,0,0,0,0,0,0,0,0,0,0,0,0,0,0,0,0,0,0,0,0,0,0,0,0,0,0,0,0,0,0,0,0,0,0,0,0,0,0,0,0,0.0031894398*J1^2*J2^2+0.0031894398*J1^1*J2^3+-0.0159471988*J1^1*J2^2*(J2-J1)^1+0,-0.0006138080*J1^3*J2^1+0.0024552319*J1^2*J2^2+0.0024552319*J1^1*J2^3+-0.0006138080*J2^4+0.0027621359*J1^2*J2^1*(J2-J1)^1+0.0027621359*J2^3*(J2-J1)^1+0,0.0018414239*J1^3*J2^1+0.0018414239*J2^4+0.0009207120*J1^2*J2^1*(J2-J1)^1+0.0009207120*J2^3*(J2-J1)^1+0,-0.0003543822*J1^3*J2^1+0.0014175288*J1^2*J2^2+0.0014175288*J1^1*J2^3+-0.0003543822*J2^4+0.0095683193*J1^1*J2^2*(J2-J1)^1+0,0,0,0,0,-0.0031894398*J1^3*J2^1+-0.0031894398*J2^4+0.0079735994*J1^2*J2^1*(J2-J1)^1+0.0079735994*J2^3*(J2-J1)^1+0,-0.0018414239*J1^2*J2^2+-0.0018414239*J1^1*J2^3+-0.0055242717*J1^1*J2^2*(J2-J1)^1+0,-0.0018414239*J1^2*J2^2+-0.0018414239*J1^1*J2^3+-0.0018414239*J1^1*J2^2*(J2-J1)^1+0,-0.0010631466*J1^2*J2^2+-0.0010631466*J1^1*J2^3+-0.0047841597*J1^2*J2^1*(J2-J1)^1+-0.0047841597*J2^3*(J2-J1)^1+0,0,0,0,0,0,0,0,0},
{0,0,0,0,0,0,0,0,0,0,0,0,0,0,0,0,0,0,0,0,0,0,0,0,0,0,0,0,0,0,0,0,0,0,0,0,0,0,0,0,0,0,0,0,0,0,0,0,0,0,0,0,0,0,0,0,0,0,0,0,0,0,0,0,0,0,0,0,0,0,0,0,0,0,0,0,-0.0006138080*J1^3*J2^1+0.0024552319*J1^2*J2^2+0.0024552319*J1^1*J2^3+-0.0006138080*J2^4+-0.0082864076*J1^2*J2^1*(J2-J1)^1+-0.0082864076*J2^3*(J2-J1)^1+0,0.0007087644*J1^3*J2^1+0.0003543822*J1^2*J2^2+0.0003543822*J1^1*J2^3+0.0007087644*J2^4+0.0031894398*J1^2*J2^1*(J2-J1)^1+-0.0074420261*J1^1*J2^2*(J2-J1)^1+0.0031894398*J2^3*(J2-J1)^1+0,-0.0003543822*J1^3*J2^1+0.0014175288*J1^2*J2^2+0.0014175288*J1^1*J2^3+-0.0003543822*J2^4+-0.0031894398*J1^1*J2^2*(J2-J1)^1+0,0.0022506292*J1^3*J2^1+-0.0016368213*J1^2*J2^2+-0.0016368213*J1^1*J2^3+0.0022506292*J2^4+0.0033759438*J1^2*J2^1*(J2-J1)^1+-0.0036828478*J1^1*J2^2*(J2-J1)^1+0.0033759438*J2^3*(J2-J1)^1+0,0,0,0,0,-0.0018414239*J1^2*J2^2+-0.0018414239*J1^1*J2^3+0.0165728152*J1^1*J2^2*(J2-J1)^1+0,-0.0031894398*J1^3*J2^1+0.0021262932*J1^2*J2^2+0.0021262932*J1^1*J2^3+-0.0031894398*J2^4+0.0037210131*J1^2*J2^1*(J2-J1)^1+-0.0063788795*J1^1*J2^2*(J2-J1)^1+0.0037210131*J2^3*(J2-J1)^1+0,-0.0010631466*J1^2*J2^2+-0.0010631466*J1^1*J2^3+0.0015947199*J1^2*J2^1*(J2-J1)^1+0.0015947199*J2^3*(J2-J1)^1+0,-0.0006138080*J1^2*J2^2+-0.0006138080*J1^1*J2^3+0.0018414239*J1^2*J2^1*(J2-J1)^1+-0.0067518877*J1^1*J2^2*(J2-J1)^1+0.0018414239*J2^3*(J2-J1)^1+0,0,0,0,0,0,0,0,0},
{0,0,0,0,0,0,0,0,0,0,0,0,0,0,0,0,0,0,0,0,0,0,0,0,0,0,0,0,0,0,0,0,0,0,0,0,0,0,0,0,0,0,0,0,0,0,0,0,0,0,0,0,0,0,0,0,0,0,0,0,0,0,0,0,0,0,0,0,0,0,0,0,0,0,0,0,0.0018414239*J1^3*J2^1+0.0018414239*J2^4+-0.0046035598*J1^2*J2^1*(J2-J1)^1+-0.0046035598*J2^3*(J2-J1)^1+0,0.0003543822*J1^3*J2^1+0.0007087644*J1^2*J2^2+0.0007087644*J1^1*J2^3+0.0003543822*J2^4+0.0031894398*J1^1*J2^2*(J2-J1)^1+0,0.0021262932*J1^3*J2^1+-0.0010631466*J1^2*J2^2+-0.0010631466*J1^1*J2^3+0.0021262932*J2^4+-0.0021262932*J1^2*J2^1*(J2-J1)^1+0.0053157329*J1^1*J2^2*(J2-J1)^1+-0.0021262932*J2^3*(J2-J1)^1+0,0.0002046027*J1^3*J2^1+0.0004092053*J1^2*J2^2+0.0004092053*J1^1*J2^3+0.0002046027*J2^4+-0.0009207120*J1^2*J2^1*(J2-J1)^1+0.0073656956*J1^1*J2^2*(J2-J1)^1+-0.0009207120*J2^3*(J2-J1)^1+0,0,0,0,0,-0.0018414239*J1^2*J2^2+-0.0018414239*J1^1*J2^3+0.0092071195*J1^1*J2^2*(J2-J1)^1+0,0.0007087644*J1^3*J2^1+-0.0017719110*J1^2*J2^2+-0.0017719110*J1^1*J2^3+0.0007087644*J2^4+-0.0015947199*J1^2*J2^1*(J2-J1)^1+-0.0015947199*J2^3*(J2-J1)^1+0,0.0010631466*J1^3*J2^1+-0.0021262932*J1^2*J2^2+-0.0021262932*J1^1*J2^3+0.0010631466*J2^4+-0.0026578665*J1^2*J2^1*(J2-J1)^1+0.0042525864*J1^1*J2^2*(J2-J1)^1+-0.0026578665*J2^3*(J2-J1)^1+0,0.0004092053*J1^3*J2^1+-0.0010230133*J1^2*J2^2+-0.0010230133*J1^1*J2^3+0.0004092053*J2^4+-0.0036828478*J1^2*J2^1*(J2-J1)^1+0.0018414239*J1^1*J2^2*(J2-J1)^1+-0.0036828478*J2^3*(J2-J1)^1+0,0,0,0,0,0,0,0,0},
{0,0,0,0,0,0,0,0,0,0,0,0,0,0,0,0,0,0,0,0,0,0,0,0,0,0,0,0,0,0,0,0,0,0,0,0,0,0,0,0,0,0,0,0,0,0,0,0,0,0,0,0,0,0,0,0,0,0,0,0,0,0,0,0,0,0,0,0,0,0,0,0,0,0,0,0,0.0003543822*J1^3*J2^1+0.0007087644*J1^2*J2^2+0.0007087644*J1^1*J2^3+0.0003543822*J2^4+-0.0095683193*J1^1*J2^2*(J2-J1)^1+0,0.0014322186*J1^3*J2^1+-0.0008184106*J1^2*J2^2+-0.0008184106*J1^1*J2^3+0.0014322186*J2^4+-0.0021483279*J1^2*J2^1*(J2-J1)^1+0.0036828478*J1^1*J2^2*(J2-J1)^1+-0.0021483279*J2^3*(J2-J1)^1+0,0.0002046027*J1^3*J2^1+0.0004092053*J1^2*J2^2+0.0004092053*J1^1*J2^3+0.0002046027*J2^4+0.0027621359*J1^2*J2^1*(J2-J1)^1+-0.0073656956*J1^1*J2^2*(J2-J1)^1+0.0027621359*J2^3*(J2-J1)^1+0,0.0018900384*J1^3*J2^1+-0.0015356562*J1^2*J2^2+-0.0015356562*J1^1*J2^3+0.0018900384*J2^4+-0.0003543822*J1^2*J2^1*(J2-J1)^1+0.0024806754*J1^1*J2^2*(J2-J1)^1+-0.0003543822*J2^3*(J2-J1)^1+0,0,0,0,0,0.0007087644*J1^3*J2^1+-0.0017719110*J1^2*J2^2+-0.0017719110*J1^1*J2^3+0.0007087644*J2^4+0.0047841597*J1^2*J2^1*(J2-J1)^1+0.0047841597*J2^3*(J2-J1)^1+0,-0.0008184106*J1^3*J2^1+0.0002046027*J1^2*J2^2+0.0002046027*J1^1*J2^3+-0.0008184106*J2^4+-0.0018414239*J1^2*J2^1*(J2-J1)^1+0.0042966558*J1^1*J2^2*(J2-J1)^1+-0.0018414239*J2^3*(J2-J1)^1+0,0.0004092053*J1^3*J2^1+-0.0010230133*J1^2*J2^2+-0.0010230133*J1^1*J2^3+0.0004092053*J2^4+0.0036828478*J1^2*J2^1*(J2-J1)^1+-0.0055242717*J1^1*J2^2*(J2-J1)^1+0.0036828478*J2^3*(J2-J1)^1+0,0.0005906370*J1^3*J2^1+-0.0009450192*J1^2*J2^2+-0.0009450192*J1^1*J2^3+0.0005906370*J2^4+-0.0012403377*J1^2*J2^1*(J2-J1)^1+0.0007087644*J1^1*J2^2*(J2-J1)^1+-0.0012403377*J2^3*(J2-J1)^1+0,0,0,0,0,0,0,0,0},
{0,0,0,0,0,0,0,0,0,0,0,0,0,0,0,0,0,0,0,0,0,0,0,0,0,0,0,0,0,0,0,0,0,0,0,0,0,0,0,0,0,0,0,0,0,0,0,0,0,0,0,0,0,0,0,0,0,0,0,0,0,0,0,0,0,0,0,0,0,0,0,0,0,0,0,0,0.0018414239*J1^3*J2^1+0.0018414239*J2^4+-0.0046035598*J1^2*J2^1*(J2-J1)^1+-0.0046035598*J2^3*(J2-J1)^1+0,0.0010631466*J1^2*J2^2+0.0010631466*J1^1*J2^3+0.0031894398*J1^1*J2^2*(J2-J1)^1+0,0.0010631466*J1^2*J2^2+0.0010631466*J1^1*J2^3+0.0010631466*J1^1*J2^2*(J2-J1)^1+0,0.0006138080*J1^2*J2^2+0.0006138080*J1^1*J2^3+0.0027621359*J1^2*J2^1*(J2-J1)^1+0.0027621359*J2^3*(J2-J1)^1+0,0,0,0,0,-0.0018414239*J1^2*J2^2+-0.0018414239*J1^1*J2^3+0.0092071195*J1^1*J2^2*(J2-J1)^1+0,0.0003543822*J1^3*J2^1+-0.0014175288*J1^2*J2^2+-0.0014175288*J1^1*J2^3+0.0003543822*J2^4+-0.0015947199*J1^2*J2^1*(J2-J1)^1+-0.0015947199*J2^3*(J2-J1)^1+0,-0.0010631466*J1^3*J2^1+-0.0010631466*J2^4+-0.0005315733*J1^2*J2^1*(J2-J1)^1+-0.0005315733*J2^3*(J2-J1)^1+0,0.0002046027*J1^3*J2^1+-0.0008184106*J1^2*J2^2+-0.0008184106*J1^1*J2^3+0.0002046027*J2^4+-0.0055242717*J1^1*J2^2*(J2-J1)^1+0,0,0,0,0,-0.0026041667*J1^3*J2^1+0.0026041667*J1^2*J2^2+0.0026041667*J1^1*J2^3+-0.0026041667*J2^4+0.0065104167*J1^2*J2^1*(J2-J1)^1+-0.0130208333*J1^1*J2^2*(J2-J1)^1+0.0065104167*J2^3*(J2-J1)^1+0,-0.0005011721*J1^3*J2^1+0.0005011721*J1^2*J2^2+0.0005011721*J1^1*J2^3+-0.0005011721*J2^4+0.0022552745*J1^2*J2^1*(J2-J1)^1+-0.0045105490*J1^1*J2^2*(J2-J1)^1+0.0022552745*J2^3*(J2-J1)^1+0,0.0015035163*J1^3*J2^1+-0.0015035163*J1^2*J2^2+-0.0015035163*J1^1*J2^3+0.0015035163*J2^4+0.0007517582*J1^2*J2^1*(J2-J1)^1+-0.0015035163*J1^1*J2^2*(J2-J1)^1+0.0007517582*J2^3*(J2-J1)^1+0,-0.0002893519*J1^3*J2^1+0.0002893519*J1^2*J2^2+0.0002893519*J1^1*J2^3+-0.0002893519*J2^4+-0.0039062500*J1^2*J2^1*(J2-J1)^1+0.0078125000*J1^1*J2^2*(J2-J1)^1+-0.0039062500*J2^3*(J2-J1)^1+0},
{0,0,0,0,0,0,0,0,0,0,0,0,0,0,0,0,0,0,0,0,0,0,0,0,0,0,0,0,0,0,0,0,0,0,0,0,0,0,0,0,0,0,0,0,0,0,0,0,0,0,0,0,0,0,0,0,0,0,0,0,0,0,0,0,0,0,0,0,0,0,0,0,0,0,0,0,0.0010631466*J1^2*J2^2+0.0010631466*J1^1*J2^3+-0.0095683193*J1^1*J2^2*(J2-J1)^1+0,0.0018414239*J1^3*J2^1+-0.0012276159*J1^2*J2^2+-0.0012276159*J1^1*J2^3+0.0018414239*J2^4+-0.0021483279*J1^2*J2^1*(J2-J1)^1+0.0036828478*J1^1*J2^2*(J2-J1)^1+-0.0021483279*J2^3*(J2-J1)^1+0,0.0006138080*J1^2*J2^2+0.0006138080*J1^1*J2^3+-0.0009207120*J1^2*J2^1*(J2-J1)^1+-0.0009207120*J2^3*(J2-J1)^1+0,0.0003543822*J1^2*J2^2+0.0003543822*J1^1*J2^3+-0.0010631466*J1^2*J2^1*(J2-J1)^1+0.0038982042*J1^1*J2^2*(J2-J1)^1+-0.0010631466*J2^3*(J2-J1)^1+0,0,0,0,0,0.0003543822*J1^3*J2^1+-0.0014175288*J1^2*J2^2+-0.0014175288*J1^1*J2^3+0.0003543822*J2^4+0.0047841597*J1^2*J2^1*(J2-J1)^1+0.0047841597*J2^3*(J2-J1)^1+0,-0.0004092053*J1^3*J2^1+-0.0002046027*J1^2*J2^2+-0.0002046027*J1^1*J2^3+-0.0004092053*J2^4+-0.0018414239*J1^2*J2^1*(J2-J1)^1+0.0042966558*J1^1*J2^2*(J2-J1)^1+-0.0018414239*J2^3*(J2-J1)^1+0,0.0002046027*J1^3*J2^1+-0.0008184106*J1^2*J2^2+-0.0008184106*J1^1*J2^3+0.0002046027*J2^4+0.0018414239*J1^1*J2^2*(J2-J1)^1+0,-0.0012994014*J1^3*J2^1+0.0009450192*J1^2*J2^2+0.0009450192*J1^1*J2^3+-0.0012994014*J2^4+-0.0019491021*J1^2*J2^1*(J2-J1)^1+0.0021262932*J1^1*J2^2*(J2-J1)^1+-0.0019491021*J2^3*(J2-J1)^1+0,0,0,0,0,-0.0005011721*J1^3*J2^1+0.0005011721*J1^2*J2^2+0.0005011721*J1^1*J2^3+-0.0005011721*J2^4+-0.0067658235*J1^2*J2^1*(J2-J1)^1+0.0135316469*J1^1*J2^2*(J2-J1)^1+-0.0067658235*J2^3*(J2-J1)^1+0,-0.0020254630*J1^3*J2^1+0.0020254630*J1^2*J2^2+0.0020254630*J1^1*J2^3+-0.0020254630*J2^4+0.0056423611*J1^2*J2^1*(J2-J1)^1+-0.0112847222*J1^1*J2^2*(J2-J1)^1+0.0056423611*J2^3*(J2-J1)^1+0,-0.0002893519*J1^3*J2^1+0.0002893519*J1^2*J2^2+0.0002893519*J1^1*J2^3+-0.0002893519*J2^4+0.0013020833*J1^2*J2^1*(J2-J1)^1+-0.0026041667*J1^1*J2^2*(J2-J1)^1+0.0013020833*J2^3*(J2-J1)^1+0,0.0018376311*J1^3*J2^1+-0.0018376311*J1^2*J2^2+-0.0018376311*J1^1*J2^3+0.0018376311*J2^4+0.0042599629*J1^2*J2^1*(J2-J1)^1+-0.0085199258*J1^1*J2^2*(J2-J1)^1+0.0042599629*J2^3*(J2-J1)^1+0},
{0,0,0,0,0,0,0,0,0,0,0,0,0,0,0,0,0,0,0,0,0,0,0,0,0,0,0,0,0,0,0,0,0,0,0,0,0,0,0,0,0,0,0,0,0,0,0,0,0,0,0,0,0,0,0,0,0,0,0,0,0,0,0,0,0,0,0,0,0,0,0,0,0,0,0,0,0.0010631466*J1^2*J2^2+0.0010631466*J1^1*J2^3+-0.0053157329*J1^1*J2^2*(J2-J1)^1+0,-0.0004092053*J1^3*J2^1+0.0010230133*J1^2*J2^2+0.0010230133*J1^1*J2^3+-0.0004092053*J2^4+0.0009207120*J1^2*J2^1*(J2-J1)^1+0.0009207120*J2^3*(J2-J1)^1+0,-0.0006138080*J1^3*J2^1+0.0012276159*J1^2*J2^2+0.0012276159*J1^1*J2^3+-0.0006138080*J2^4+0.0015345199*J1^2*J2^1*(J2-J1)^1+-0.0024552319*J1^1*J2^2*(J2-J1)^1+0.0015345199*J2^3*(J2-J1)^1+0,-0.0002362548*J1^3*J2^1+0.0005906370*J1^2*J2^2+0.0005906370*J1^1*J2^3+-0.0002362548*J2^4+0.0021262932*J1^2*J2^1*(J2-J1)^1+-0.0010631466*J1^1*J2^2*(J2-J1)^1+0.0021262932*J2^3*(J2-J1)^1+0,0,0,0,0,-0.0010631466*J1^3*J2^1+-0.0010631466*J2^4+0.0026578665*J1^2*J2^1*(J2-J1)^1+0.0026578665*J2^3*(J2-J1)^1+0,-0.0002046027*J1^3*J2^1+-0.0004092053*J1^2*J2^2+-0.0004092053*J1^1*J2^3+-0.0002046027*J2^4+-0.0018414239*J1^1*J2^2*(J2-J1)^1+0,-0.0012276159*J1^3*J2^1+0.0006138080*J1^2*J2^2+0.0006138080*J1^1*J2^3+-0.0012276159*J2^4+0.0012276159*J1^2*J2^1*(J2-J1)^1+-0.0030690398*J1^1*J2^2*(J2-J1)^1+0.0012276159*J2^3*(J2-J1)^1+0,-0.0001181274*J1^3*J2^1+-0.0002362548*J1^2*J2^2+-0.0002362548*J1^1*J2^3+-0.0001181274*J2^4+0.0005315733*J1^2*J2^1*(J2-J1)^1+-0.0042525864*J1^1*J2^2*(J2-J1)^1+0.0005315733*J2^3*(J2-J1)^1+0,0,0,0,0,0.0015035163*J1^3*J2^1+-0.0015035163*J1^2*J2^2+-0.0015035163*J1^1*J2^3+0.0015035163*J2^4+-0.0037587908*J1^2*J2^1*(J2-J1)^1+0.0075175816*J1^1*J2^2*(J2-J1)^1+-0.0037587908*J2^3*(J2-J1)^1+0,0.0008680556*J1^3*J2^1+-0.0008680556*J1^2*J2^2+-0.0008680556*J1^1*J2^3+0.0008680556*J2^4+-0.0013020833*J1^2*J2^1*(J2-J1)^1+0.0026041667*J1^1*J2^2*(J2-J1)^1+-0.0013020833*J2^3*(J2-J1)^1+0,0.0026041667*J1^3*J2^1+-0.0026041667*J1^2*J2^2+-0.0026041667*J1^1*J2^3+0.0026041667*J2^4+-0.0039062500*J1^2*J2^1*(J2-J1)^1+0.0078125000*J1^1*J2^2*(J2-J1)^1+-0.0039062500*J2^3*(J2-J1)^1+0,0.0005011721*J1^3*J2^1+-0.0005011721*J1^2*J2^2+-0.0005011721*J1^1*J2^3+0.0005011721*J2^4+-0.0037587908*J1^2*J2^1*(J2-J1)^1+0.0075175816*J1^1*J2^2*(J2-J1)^1+-0.0037587908*J2^3*(J2-J1)^1+0},
{0,0,0,0,0,0,0,0,0,0,0,0,0,0,0,0,0,0,0,0,0,0,0,0,0,0,0,0,0,0,0,0,0,0,0,0,0,0,0,0,0,0,0,0,0,0,0,0,0,0,0,0,0,0,0,0,0,0,0,0,0,0,0,0,0,0,0,0,0,0,0,0,0,0,0,0,-0.0004092053*J1^3*J2^1+0.0010230133*J1^2*J2^2+0.0010230133*J1^1*J2^3+-0.0004092053*J2^4+-0.0027621359*J1^2*J2^1*(J2-J1)^1+-0.0027621359*J2^3*(J2-J1)^1+0,0.0004725096*J1^3*J2^1+-0.0001181274*J1^2*J2^2+-0.0001181274*J1^1*J2^3+0.0004725096*J2^4+0.0010631466*J1^2*J2^1*(J2-J1)^1+-0.0024806754*J1^1*J2^2*(J2-J1)^1+0.0010631466*J2^3*(J2-J1)^1+0,-0.0002362548*J1^3*J2^1+0.0005906370*J1^2*J2^2+0.0005906370*J1^1*J2^3+-0.0002362548*J2^4+-0.0021262932*J1^2*J2^1*(J2-J1)^1+0.0031894398*J1^1*J2^2*(J2-J1)^1+-0.0021262932*J2^3*(J2-J1)^1+0,-0.0003410044*J1^3*J2^1+0.0005456071*J1^2*J2^2+0.0005456071*J1^1*J2^3+-0.0003410044*J2^4+0.0007161093*J1^2*J2^1*(J2-J1)^1+-0.0004092053*J1^1*J2^2*(J2-J1)^1+0.0007161093*J2^3*(J2-J1)^1+0,0,0,0,0,-0.0002046027*J1^3*J2^1+-0.0004092053*J1^2*J2^2+-0.0004092053*J1^1*J2^3+-0.0002046027*J2^4+0.0055242717*J1^1*J2^2*(J2-J1)^1+0,-0.0008268918*J1^3*J2^1+0.0004725096*J1^2*J2^2+0.0004725096*J1^1*J2^3+-0.0008268918*J2^4+0.0012403377*J1^2*J2^1*(J2-J1)^1+-0.0021262932*J1^1*J2^2*(J2-J1)^1+0.0012403377*J2^3*(J2-J1)^1+0,-0.0001181274*J1^3*J2^1+-0.0002362548*J1^2*J2^2+-0.0002362548*J1^1*J2^3+-0.0001181274*J2^4+-0.0015947199*J1^2*J2^1*(J2-J1)^1+0.0042525864*J1^1*J2^2*(J2-J1)^1+-0.0015947199*J2^3*(J2-J1)^1+0,-0.0010912142*J1^3*J2^1+0.0008866115*J1^2*J2^2+0.0008866115*J1^1*J2^3+-0.0010912142*J2^4+0.0002046027*J1^2*J2^1*(J2-J1)^1+-0.0014322186*J1^1*J2^2*(J2-J1)^1+0.0002046027*J2^3*(J2-J1)^1+0,0,0,0,0,0.0008680556*J1^3*J2^1+-0.0008680556*J1^2*J2^2+-0.0008680556*J1^1*J2^3+0.0008680556*J2^4+0.0039062500*J1^2*J2^1*(J2-J1)^1+-0.0078125000*J1^1*J2^2*(J2-J1)^1+0.0039062500*J2^3*(J2-J1)^1+0,0.0005011721*J1^3*J2^1+-0.0005011721*J1^2*J2^2+-0.0005011721*J1^1*J2^3+0.0005011721*J2^4+-0.0032576187*J1^2*J2^1*(J2-J1)^1+0.0065152374*J1^1*J2^2*(J2-J1)^1+-0.0032576187*J2^3*(J2-J1)^1+0,0.0005011721*J1^3*J2^1+-0.0005011721*J1^2*J2^2+-0.0005011721*J1^1*J2^3+0.0005011721*J2^4+0.0052623071*J1^2*J2^1*(J2-J1)^1+-0.0105246143*J1^1*J2^2*(J2-J1)^1+0.0052623071*J2^3*(J2-J1)^1+0,0.0020254630*J1^3*J2^1+-0.0020254630*J1^2*J2^2+-0.0020254630*J1^1*J2^3+0.0020254630*J2^4+-0.0013020833*J1^2*J2^1*(J2-J1)^1+0.0026041667*J1^1*J2^2*(J2-J1)^1+-0.0013020833*J2^3*(J2-J1)^1+0},
{0,0,0,0,0,0,0,0,0,0,0,0,0,0,0,0,0,0,0,0,0,0,0,0,0,0,0,0,0,0,0,0,0,0,0,0,0,0,0,0,0,0,0,0,0,0,0,0,0,0,0,0,0,0,0,0,-0.0078125000*J1^2*J2^2+-0.0078125000*J1^1*J2^3+-0.0312500000*J1^1*J2^2*(J2-J1)^1+0,-0.0007517582*J1^3*J2^1+-0.0037587908*J1^2*J2^2+-0.0037587908*J1^1*J2^3+-0.0007517582*J2^4+-0.0022552745*J1^2*J2^1*(J2-J1)^1+-0.0022552745*J2^3*(J2-J1)^1+0,-0.0045105490*J1^3*J2^1+-0.0045105490*J2^4+0,-0.0060763889*J1^3*J2^1+0.0034722222*J1^2*J2^2+0.0034722222*J1^1*J2^3+-0.0060763889*J2^4+0.0078125000*J1^1*J2^2*(J2-J1)^1+0,-0.0045105490*J1^3*J2^1+-0.0045105490*J2^4+-0.0022552745*J1^2*J2^1*(J2-J1)^1+-0.0022552745*J2^3*(J2-J1)^1+0,-0.0026041667*J1^2*J2^2+-0.0026041667*J1^1*J2^3+0.0052083333*J1^1*J2^2*(J2-J1)^1+0,-0.0026041667*J1^2*J2^2+-0.0026041667*J1^1*J2^3+0.0078125000*J1^1*J2^2*(J2-J1)^1+0,0.0032576187*J1^3*J2^1+-0.0047611350*J1^2*J2^2+-0.0047611350*J1^1*J2^3+0.0032576187*J2^4+0.0045105490*J1^2*J2^1*(J2-J1)^1+0.0045105490*J2^3*(J2-J1)^1+0,0,0,0,0,0,0,0,0,0,0,0,0,0,0,0,0,0,0,0,0,0,0,0,0,0,0,0,0,0,0,0,0},
{0,0,0,0,0,0,0,0,0,0,0,0,0,0,0,0,0,0,0,0,0,0,0,0,0,0,0,0,0,0,0,0,0,0,0,0,0,0,0,0,0,0,0,0,0,0,0,0,0,0,0,0,0,0,0,0,-0.0007517582*J1^3*J2^1+-0.0037587908*J1^2*J2^2+-0.0037587908*J1^1*J2^3+-0.0007517582*J2^4+-0.0090210980*J1^2*J2^1*(J2-J1)^1+-0.0090210980*J2^3*(J2-J1)^1+0,0.0008680556*J1^3*J2^1+-0.0034722222*J1^2*J2^2+-0.0034722222*J1^1*J2^3+0.0008680556*J2^4+0.0065104167*J1^2*J2^1*(J2-J1)^1+-0.0156250000*J1^1*J2^2*(J2-J1)^1+0.0065104167*J2^3*(J2-J1)^1+0,-0.0060763889*J1^3*J2^1+0.0034722222*J1^2*J2^2+0.0034722222*J1^1*J2^3+-0.0060763889*J2^4+0,0.0025058605*J1^3*J2^1+-0.0040093769*J1^2*J2^2+-0.0040093769*J1^1*J2^3+0.0025058605*J2^4+0.0045105490*J1^2*J2^1*(J2-J1)^1+-0.0045105490*J1^1*J2^2*(J2-J1)^1+0.0045105490*J2^3*(J2-J1)^1+0,-0.0026041667*J1^2*J2^2+-0.0026041667*J1^1*J2^3+-0.0026041667*J1^1*J2^2*(J2-J1)^1+0,-0.0045105490*J1^3*J2^1+0.0030070327*J1^2*J2^2+0.0030070327*J1^1*J2^3+-0.0045105490*J2^4+0.0022552745*J1^2*J2^1*(J2-J1)^1+-0.0015035163*J1^1*J2^2*(J2-J1)^1+0.0022552745*J2^3*(J2-J1)^1+0,0.0032576187*J1^3*J2^1+-0.0047611350*J1^2*J2^2+-0.0047611350*J1^1*J2^3+0.0032576187*J2^4+0.0022552745*J1^2*J2^1*(J2-J1)^1+0.0022552745*J2^3*(J2-J1)^1+0,-0.0037615741*J1^3*J2^1+0.0028935185*J1^2*J2^2+0.0028935185*J1^1*J2^3+-0.0037615741*J2^4+-0.0039062500*J1^2*J2^1*(J2-J1)^1+0.0130208333*J1^1*J2^2*(J2-J1)^1+-0.0039062500*J2^3*(J2-J1)^1+0,0,0,0,0,0,0,0,0,0,0,0,0,0,0,0,0,0,0,0,0,0,0,0,0,0,0,0,0,0,0,0,0},
{0,0,0,0,0,0,0,0,0,0,0,0,0,0,0,0,0,0,0,0,0,0,0,0,0,0,0,0,0,0,0,0,0,0,0,0,0,0,0,0,0,0,0,0,0,0,0,0,0,0,0,0,0,0,0,0,-0.0045105490*J1^3*J2^1+-0.0045105490*J2^4+-0.0135316469*J1^2*J2^1*(J2-J1)^1+-0.0135316469*J2^3*(J2-J1)^1+0,0.0060763889*J1^3*J2^1+-0.0086805556*J1^2*J2^2+-0.0086805556*J1^1*J2^3+0.0060763889*J2^4+-0.0078125000*J1^1*J2^2*(J2-J1)^1+0,-0.0052083333*J1^3*J2^1+0.0026041667*J1^2*J2^2+0.0026041667*J1^1*J2^3+-0.0052083333*J2^4+-0.0078125000*J1^2*J2^1*(J2-J1)^1+0.0104166667*J1^1*J2^2*(J2-J1)^1+-0.0078125000*J2^3*(J2-J1)^1+0,0.0002505861*J1^3*J2^1+-0.0017541024*J1^2*J2^2+-0.0017541024*J1^1*J2^3+0.0002505861*J2^4+0.0007517582*J1^2*J2^1*(J2-J1)^1+0.0007517582*J2^3*(J2-J1)^1+0,-0.0026041667*J1^2*J2^2+-0.0026041667*J1^1*J2^3+-0.0078125000*J1^1*J2^2*(J2-J1)^1+0,-0.0037587908*J1^3*J2^1+0.0022552745*J1^2*J2^2+0.0022552745*J1^1*J2^3+-0.0037587908*J2^4+0,0.0015035163*J1^3*J2^1+-0.0030070327*J1^2*J2^2+-0.0030070327*J1^1*J2^3+0.0015035163*J2^4+0.0007517582*J1^2*J2^1*(J2-J1)^1+0.0007517582*J2^3*(J2-J1)^1+0,-0.0002893519*J1^3*J2^1+-0.0005787037*J1^2*J2^2+-0.0005787037*J1^1*J2^3+-0.0002893519*J2^4+0.0026041667*J1^2*J2^1*(J2-J1)^1+-0.0017361111*J1^1*J2^2*(J2-J1)^1+0.0026041667*J2^3*(J2-J1)^1+0,0,0,0,0,0,0,0,0,0,0,0,0,0,0,0,0,0,0,0,0,0,0,0,0,0,0,0,0,0,0,0,0},
{0,0,0,0,0,0,0,0,0,0,0,0,0,0,0,0,0,0,0,0,0,0,0,0,0,0,0,0,0,0,0,0,0,0,0,0,0,0,0,0,0,0,0,0,0,0,0,0,0,0,0,0,0,0,0,0,0.0060763889*J1^3*J2^1+-0.0086805556*J1^2*J2^2+-0.0086805556*J1^1*J2^3+0.0060763889*J2^4+-0.0156250000*J1^1*J2^2*(J2-J1)^1+0,-0.0115269585*J1^3*J2^1+0.0100234422*J1^2*J2^2+0.0100234422*J1^1*J2^3+-0.0115269585*J2^4+-0.0090210980*J1^2*J2^1*(J2-J1)^1+0.0135316469*J1^1*J2^2*(J2-J1)^1+-0.0090210980*J2^3*(J2-J1)^1+0,0.0002505861*J1^3*J2^1+-0.0017541024*J1^2*J2^2+-0.0017541024*J1^1*J2^3+0.0002505861*J2^4+0.0030070327*J1^2*J2^1*(J2-J1)^1+-0.0090210980*J1^1*J2^2*(J2-J1)^1+0.0030070327*J2^3*(J2-J1)^1+0,-0.0054976852*J1^3*J2^1+0.0046296296*J1^2*J2^2+0.0046296296*J1^1*J2^3+-0.0054976852*J2^4+-0.0047743056*J1^2*J2^1*(J2-J1)^1+0.0104166667*J1^1*J2^2*(J2-J1)^1+-0.0047743056*J2^3*(J2-J1)^1+0,-0.0037587908*J1^3*J2^1+0.0022552745*J1^2*J2^2+0.0022552745*J1^1*J2^3+-0.0037587908*J2^4+-0.0022552745*J1^2*J2^1*(J2-J1)^1+-0.0022552745*J2^3*(J2-J1)^1+0,0.0043402778*J1^3*J2^1+-0.0052083333*J1^2*J2^2+-0.0052083333*J1^1*J2^3+0.0043402778*J2^4+0.0013020833*J1^2*J2^1*(J2-J1)^1+-0.0026041667*J1^1*J2^2*(J2-J1)^1+0.0013020833*J2^3*(J2-J1)^1+0,-0.0002893519*J1^3*J2^1+-0.0005787037*J1^2*J2^2+-0.0005787037*J1^1*J2^3+-0.0002893519*J2^4+0.0008680556*J1^1*J2^2*(J2-J1)^1+0,0.0018376311*J1^3*J2^1+-0.0023388032*J1^2*J2^2+-0.0023388032*J1^1*J2^3+0.0018376311*J2^4+-0.0022552745*J1^2*J2^1*(J2-J1)^1+0.0065152374*J1^1*J2^2*(J2-J1)^1+-0.0022552745*J2^3*(J2-J1)^1+0,0,0,0,0,0,0,0,0,0,0,0,0,0,0,0,0,0,0,0,0,0,0,0,0,0,0,0,0,0,0,0,0},
{0,0,0,0,0,0,0,0,0,0,0,0,0,0,0,0,0,0,0,0,0,0,0,0,0,0,0,0,0,0,0,0,0,0,0,0,0,0,0,0,0,0,0,0,0,0,0,0,0.0045105490*J1^2*J2^2+0.0045105490*J1^1*J2^3+0.0180421959*J1^1*J2^2*(J2-J1)^1+0,0.0004340278*J1^3*J2^1+0.0021701389*J1^2*J2^2+0.0021701389*J1^1*J2^3+0.0004340278*J2^4+0.0013020833*J1^2*J2^1*(J2-J1)^1+0.0013020833*J2^3*(J2-J1)^1+0,0.0026041667*J1^3*J2^1+0.0026041667*J2^4+0,0.0035082048*J1^3*J2^1+-0.0020046884*J1^2*J2^2+-0.0020046884*J1^1*J2^3+0.0035082048*J2^4+-0.0045105490*J1^1*J2^2*(J2-J1)^1+0,0.0026041667*J1^3*J2^1+0.0026041667*J2^4+0.0013020833*J1^2*J2^1*(J2-J1)^1+0.0013020833*J2^3*(J2-J1)^1+0,0.0015035163*J1^2*J2^2+0.0015035163*J1^1*J2^3+-0.0030070327*J1^1*J2^2*(J2-J1)^1+0,0.0015035163*J1^2*J2^2+0.0015035163*J1^1*J2^3+-0.0045105490*J1^1*J2^2*(J2-J1)^1+0,-0.0018807870*J1^3*J2^1+0.0027488426*J1^2*J2^2+0.0027488426*J1^1*J2^3+-0.0018807870*J2^4+-0.0026041667*J1^2*J2^1*(J2-J1)^1+-0.0026041667*J2^3*(J2-J1)^1+0,0,0,0,0,0,0,0,0,-0.0063788795*J1^2*J2^2+-0.0063788795*J1^1*J2^3+-0.0255155182*J1^1*J2^2*(J2-J1)^1+0,-0.0006138080*J1^3*J2^1+-0.0030690398*J1^2*J2^2+-0.0030690398*J1^1*J2^3+-0.0006138080*J2^4+-0.0018414239*J1^2*J2^1*(J2-J1)^1+-0.0018414239*J2^3*(J2-J1)^1+0,-0.0036828478*J1^3*J2^1+-0.0036828478*J2^4+0,-0.0049613508*J1^3*J2^1+0.0028350576*J1^2*J2^2+0.0028350576*J1^1*J2^3+-0.0049613508*J2^4+0.0063788795*J1^1*J2^2*(J2-J1)^1+0,-0.0036828478*J1^3*J2^1+-0.0036828478*J2^4+-0.0018414239*J1^2*J2^1*(J2-J1)^1+-0.0018414239*J2^3*(J2-J1)^1+0,-0.0021262932*J1^2*J2^2+-0.0021262932*J1^1*J2^3+0.0042525864*J1^1*J2^2*(J2-J1)^1+0,-0.0021262932*J1^2*J2^2+-0.0021262932*J1^1*J2^3+0.0063788795*J1^1*J2^2*(J2-J1)^1+0,0.0026598345*J1^3*J2^1+-0.0038874505*J1^2*J2^2+-0.0038874505*J1^1*J2^3+0.0026598345*J2^4+0.0036828478*J1^2*J2^1*(J2-J1)^1+0.0036828478*J2^3*(J2-J1)^1+0,0,0,0,0,0,0,0,0,0,0,0,0,0,0,0,0,0,0,0,0,0,0,0,0},
{0,0,0,0,0,0,0,0,0,0,0,0,0,0,0,0,0,0,0,0,0,0,0,0,0,0,0,0,0,0,0,0,0,0,0,0,0,0,0,0,0,0,0,0,0,0,0,0,0.0004340278*J1^3*J2^1+0.0021701389*J1^2*J2^2+0.0021701389*J1^1*J2^3+0.0004340278*J2^4+0.0052083333*J1^2*J2^1*(J2-J1)^1+0.0052083333*J2^3*(J2-J1)^1+0,-0.0005011721*J1^3*J2^1+0.0020046884*J1^2*J2^2+0.0020046884*J1^1*J2^3+-0.0005011721*J2^4+-0.0037587908*J1^2*J2^1*(J2-J1)^1+0.0090210980*J1^1*J2^2*(J2-J1)^1+-0.0037587908*J2^3*(J2-J1)^1+0,0.0035082048*J1^3*J2^1+-0.0020046884*J1^2*J2^2+-0.0020046884*J1^1*J2^3+0.0035082048*J2^4+0,-0.0014467593*J1^3*J2^1+0.0023148148*J1^2*J2^2+0.0023148148*J1^1*J2^3+-0.0014467593*J2^4+-0.0026041667*J1^2*J2^1*(J2-J1)^1+0.0026041667*J1^1*J2^2*(J2-J1)^1+-0.0026041667*J2^3*(J2-J1)^1+0,0.0015035163*J1^2*J2^2+0.0015035163*J1^1*J2^3+0.0015035163*J1^1*J2^2*(J2-J1)^1+0,0.0026041667*J1^3*J2^1+-0.0017361111*J1^2*J2^2+-0.0017361111*J1^1*J2^3+0.0026041667*J2^4+-0.0013020833*J1^2*J2^1*(J2-J1)^1+0.0008680556*J1^1*J2^2*(J2-J1)^1+-0.0013020833*J2^3*(J2-J1)^1+0,-0.0018807870*J1^3*J2^1+0.0027488426*J1^2*J2^2+0.0027488426*J1^1*J2^3+-0.0018807870*J2^4+-0.0013020833*J1^2*J2^1*(J2-J1)^1+-0.0013020833*J2^3*(J2-J1)^1+0,0.0021717458*J1^3*J2^1+-0.0016705737*J1^2*J2^2+-0.0016705737*J1^1*J2^3+0.0021717458*J2^4+0.0022552745*J1^2*J2^1*(J2-J1)^1+-0.0075175816*J1^1*J2^2*(J2-J1)^1+0.0022552745*J2^3*(J2-J1)^1+0,0,0,0,0,0,0,0,0,-0.0006138080*J1^3*J2^1+-0.0030690398*J1^2*J2^2+-0.0030690398*J1^1*J2^3+-0.0006138080*J2^4+-0.0073656956*J1^2*J2^1*(J2-J1)^1+-0.0073656956*J2^3*(J2-J1)^1+0,0.0007087644*J1^3*J2^1+-0.0028350576*J1^2*J2^2+-0.0028350576*J1^1*J2^3+0.0007087644*J2^4+0.0053157329*J1^2*J2^1*(J2-J1)^1+-0.0127577591*J1^1*J2^2*(J2-J1)^1+0.0053157329*J2^3*(J2-J1)^1+0,-0.0049613508*J1^3*J2^1+0.0028350576*J1^2*J2^2+0.0028350576*J1^1*J2^3+-0.0049613508*J2^4+0,0.0020460266*J1^3*J2^1+-0.0032736425*J1^2*J2^2+-0.0032736425*J1^1*J2^3+0.0020460266*J2^4+0.0036828478*J1^2*J2^1*(J2-J1)^1+-0.0036828478*J1^1*J2^2*(J2-J1)^1+0.0036828478*J2^3*(J2-J1)^1+0,-0.0021262932*J1^2*J2^2+-0.0021262932*J1^1*J2^3+-0.0021262932*J1^1*J2^2*(J2-J1)^1+0,-0.0036828478*J1^3*J2^1+0.0024552319*J1^2*J2^2+0.0024552319*J1^1*J2^3+-0.0036828478*J2^4+0.0018414239*J1^2*J2^1*(J2-J1)^1+-0.0012276159*J1^1*J2^2*(J2-J1)^1+0.0018414239*J2^3*(J2-J1)^1+0,0.0026598345*J1^3*J2^1+-0.0038874505*J1^2*J2^2+-0.0038874505*J1^1*J2^3+0.0026598345*J2^4+0.0018414239*J1^2*J2^1*(J2-J1)^1+0.0018414239*J2^3*(J2-J1)^1+0,-0.0030713124*J1^3*J2^1+0.0023625480*J1^2*J2^2+0.0023625480*J1^1*J2^3+-0.0030713124*J2^4+-0.0031894398*J1^2*J2^1*(J2-J1)^1+0.0106314659*J1^1*J2^2*(J2-J1)^1+-0.0031894398*J2^3*(J2-J1)^1+0,0,0,0,0,0,0,0,0,0,0,0,0,0,0,0,0,0,0,0,0,0,0,0,0},
{0,0,0,0,0,0,0,0,0,0,0,0,0,0,0,0,0,0,0,0,0,0,0,0,0,0,0,0,0,0,0,0,0,0,0,0,0,0,0,0,0,0,0,0,0,0,0,0,0.0026041667*J1^3*J2^1+0.0026041667*J2^4+0.0078125000*J1^2*J2^1*(J2-J1)^1+0.0078125000*J2^3*(J2-J1)^1+0,-0.0035082048*J1^3*J2^1+0.0050117211*J1^2*J2^2+0.0050117211*J1^1*J2^3+-0.0035082048*J2^4+0.0045105490*J1^1*J2^2*(J2-J1)^1+0,0.0030070327*J1^3*J2^1+-0.0015035163*J1^2*J2^2+-0.0015035163*J1^1*J2^3+0.0030070327*J2^4+0.0045105490*J1^2*J2^1*(J2-J1)^1+-0.0060140653*J1^1*J2^2*(J2-J1)^1+0.0045105490*J2^3*(J2-J1)^1+0,-0.0001446759*J1^3*J2^1+0.0010127315*J1^2*J2^2+0.0010127315*J1^1*J2^3+-0.0001446759*J2^4+-0.0004340278*J1^2*J2^1*(J2-J1)^1+-0.0004340278*J2^3*(J2-J1)^1+0,0.0015035163*J1^2*J2^2+0.0015035163*J1^1*J2^3+0.0045105490*J1^1*J2^2*(J2-J1)^1+0,0.0021701389*J1^3*J2^1+-0.0013020833*J1^2*J2^2+-0.0013020833*J1^1*J2^3+0.0021701389*J2^4+0,-0.0008680556*J1^3*J2^1+0.0017361111*J1^2*J2^2+0.0017361111*J1^1*J2^3+-0.0008680556*J2^4+-0.0004340278*J1^2*J2^1*(J2-J1)^1+-0.0004340278*J2^3*(J2-J1)^1+0,0.0001670574*J1^3*J2^1+0.0003341147*J1^2*J2^2+0.0003341147*J1^1*J2^3+0.0001670574*J2^4+-0.0015035163*J1^2*J2^1*(J2-J1)^1+0.0010023442*J1^1*J2^2*(J2-J1)^1+-0.0015035163*J2^3*(J2-J1)^1+0,0,0,0,0,0,0,0,0,-0.0036828478*J1^3*J2^1+-0.0036828478*J2^4+-0.0110485435*J1^2*J2^1*(J2-J1)^1+-0.0110485435*J2^3*(J2-J1)^1+0,0.0049613508*J1^3*J2^1+-0.0070876439*J1^2*J2^2+-0.0070876439*J1^1*J2^3+0.0049613508*J2^4+-0.0063788795*J1^1*J2^2*(J2-J1)^1+0,-0.0042525864*J1^3*J2^1+0.0021262932*J1^2*J2^2+0.0021262932*J1^1*J2^3+-0.0042525864*J2^4+-0.0063788795*J1^2*J2^1*(J2-J1)^1+0.0085051727*J1^1*J2^2*(J2-J1)^1+-0.0063788795*J2^3*(J2-J1)^1+0,0.0002046027*J1^3*J2^1+-0.0014322186*J1^2*J2^2+-0.0014322186*J1^1*J2^3+0.0002046027*J2^4+0.0006138080*J1^2*J2^1*(J2-J1)^1+0.0006138080*J2^3*(J2-J1)^1+0,-0.0021262932*J1^2*J2^2+-0.0021262932*J1^1*J2^3+-0.0063788795*J1^1*J2^2*(J2-J1)^1+0,-0.0030690398*J1^3*J2^1+0.0018414239*J1^2*J2^2+0.0018414239*J1^1*J2^3+-0.0030690398*J2^4+0,0.0012276159*J1^3*J2^1+-0.0024552319*J1^2*J2^2+-0.0024552319*J1^1*J2^3+0.0012276159*J2^4+0.0006138080*J1^2*J2^1*(J2-J1)^1+0.0006138080*J2^3*(J2-J1)^1+0,-0.0002362548*J1^3*J2^1+-0.0004725096*J1^2*J2^2+-0.0004725096*J1^1*J2^3+-0.0002362548*J2^4+0.0021262932*J1^2*J2^1*(J2-J1)^1+-0.0014175288*J1^1*J2^2*(J2-J1)^1+0.0021262932*J2^3*(J2-J1)^1+0,0,0,0,0,0,0,0,0,0,0,0,0,0,0,0,0,0,0,0,0,0,0,0,0},
{0,0,0,0,0,0,0,0,0,0,0,0,0,0,0,0,0,0,0,0,0,0,0,0,0,0,0,0,0,0,0,0,0,0,0,0,0,0,0,0,0,0,0,0,0,0,0,0,-0.0035082048*J1^3*J2^1+0.0050117211*J1^2*J2^2+0.0050117211*J1^1*J2^3+-0.0035082048*J2^4+0.0090210980*J1^1*J2^2*(J2-J1)^1+0,0.0066550926*J1^3*J2^1+-0.0057870370*J1^2*J2^2+-0.0057870370*J1^1*J2^3+0.0066550926*J2^4+0.0052083333*J1^2*J2^1*(J2-J1)^1+-0.0078125000*J1^1*J2^2*(J2-J1)^1+0.0052083333*J2^3*(J2-J1)^1+0,-0.0001446759*J1^3*J2^1+0.0010127315*J1^2*J2^2+0.0010127315*J1^1*J2^3+-0.0001446759*J2^4+-0.0017361111*J1^2*J2^1*(J2-J1)^1+0.0052083333*J1^1*J2^2*(J2-J1)^1+-0.0017361111*J2^3*(J2-J1)^1+0,0.0031740900*J1^3*J2^1+-0.0026729179*J1^2*J2^2+-0.0026729179*J1^1*J2^3+0.0031740900*J2^4+0.0027564466*J1^2*J2^1*(J2-J1)^1+-0.0060140653*J1^1*J2^2*(J2-J1)^1+0.0027564466*J2^3*(J2-J1)^1+0,0.0021701389*J1^3*J2^1+-0.0013020833*J1^2*J2^2+-0.0013020833*J1^1*J2^3+0.0021701389*J2^4+0.0013020833*J1^2*J2^1*(J2-J1)^1+0.0013020833*J2^3*(J2-J1)^1+0,-0.0025058605*J1^3*J2^1+0.0030070327*J1^2*J2^2+0.0030070327*J1^1*J2^3+-0.0025058605*J2^4+-0.0007517582*J1^2*J2^1*(J2-J1)^1+0.0015035163*J1^1*J2^2*(J2-J1)^1+-0.0007517582*J2^3*(J2-J1)^1+0,0.0001670574*J1^3*J2^1+0.0003341147*J1^2*J2^2+0.0003341147*J1^1*J2^3+0.0001670574*J2^4+-0.0005011721*J1^1*J2^2*(J2-J1)^1+0,-0.0010609568*J1^3*J2^1+0.0013503086*J1^2*J2^2+0.0013503086*J1^1*J2^3+-0.0010609568*J2^4+0.0013020833*J1^2*J2^1*(J2-J1)^1+-0.0037615741*J1^1*J2^2*(J2-J1)^1+0.0013020833*J2^3*(J2-J1)^1+0,0,0,0,0,0,0,0,0,0.0049613508*J1^3*J2^1+-0.0070876439*J1^2*J2^2+-0.0070876439*J1^1*J2^3+0.0049613508*J2^4+-0.0127577591*J1^1*J2^2*(J2-J1)^1+0,-0.0094117222*J1^3*J2^1+0.0081841063*J1^2*J2^2+0.0081841063*J1^1*J2^3+-0.0094117222*J2^4+-0.0073656956*J1^2*J2^1*(J2-J1)^1+0.0110485435*J1^1*J2^2*(J2-J1)^1+-0.0073656956*J2^3*(J2-J1)^1+0,0.0002046027*J1^3*J2^1+-0.0014322186*J1^2*J2^2+-0.0014322186*J1^1*J2^3+0.0002046027*J2^4+0.0024552319*J1^2*J2^1*(J2-J1)^1+-0.0073656956*J1^1*J2^2*(J2-J1)^1+0.0024552319*J2^3*(J2-J1)^1+0,-0.0044888412*J1^3*J2^1+0.0037800768*J1^2*J2^2+0.0037800768*J1^1*J2^3+-0.0044888412*J2^4+-0.0038982042*J1^2*J2^1*(J2-J1)^1+0.0085051727*J1^1*J2^2*(J2-J1)^1+-0.0038982042*J2^3*(J2-J1)^1+0,-0.0030690398*J1^3*J2^1+0.0018414239*J1^2*J2^2+0.0018414239*J1^1*J2^3+-0.0030690398*J2^4+-0.0018414239*J1^2*J2^1*(J2-J1)^1+-0.0018414239*J2^3*(J2-J1)^1+0,0.0035438220*J1^3*J2^1+-0.0042525864*J1^2*J2^2+-0.0042525864*J1^1*J2^3+0.0035438220*J2^4+0.0010631466*J1^2*J2^1*(J2-J1)^1+-0.0021262932*J1^1*J2^2*(J2-J1)^1+0.0010631466*J2^3*(J2-J1)^1+0,-0.0002362548*J1^3*J2^1+-0.0004725096*J1^2*J2^2+-0.0004725096*J1^1*J2^3+-0.0002362548*J2^4+0.0007087644*J1^1*J2^2*(J2-J1)^1+0,0.0015004195*J1^3*J2^1+-0.0019096248*J1^2*J2^2+-0.0019096248*J1^1*J2^3+0.0015004195*J2^4+-0.0018414239*J1^2*J2^1*(J2-J1)^1+0.0053196691*J1^1*J2^2*(J2-J1)^1+-0.0018414239*J2^3*(J2-J1)^1+0,0,0,0,0,0,0,0,0,0,0,0,0,0,0,0,0,0,0,0,0,0,0,0,0},
{0,0,0,0,0,0,0,0,0,0,0,0,0,0,0,0,0,0,0,0,0,0,0,0,0,0,0,0,0,0,0,0,0,0,0,0,0,0,0,0,0,0,0,0,0,0,0,0,0,0,0,0,0,0,0,0,0.0078125000*J1^3*J2^1+0.0078125000*J2^4+0.0156250000*J1^2*J2^1*(J2-J1)^1+0.0156250000*J2^3*(J2-J1)^1+0,0.0045105490*J1^2*J2^2+0.0045105490*J1^1*J2^3+0.0045105490*J1^1*J2^2*(J2-J1)^1+0,0.0045105490*J1^2*J2^2+0.0045105490*J1^1*J2^3+0,-0.0056423611*J1^3*J2^1+0.0082465278*J1^2*J2^2+0.0082465278*J1^1*J2^3+-0.0056423611*J2^4+-0.0039062500*J1^2*J2^1*(J2-J1)^1+-0.0039062500*J2^3*(J2-J1)^1+0,0.0045105490*J1^2*J2^2+0.0045105490*J1^1*J2^3+0.0045105490*J1^1*J2^2*(J2-J1)^1+0,0.0004340278*J1^3*J2^1+0.0021701389*J1^2*J2^2+0.0021701389*J1^1*J2^3+0.0004340278*J2^4+-0.0026041667*J1^2*J2^1*(J2-J1)^1+-0.0026041667*J2^3*(J2-J1)^1+0,0.0026041667*J1^3*J2^1+0.0026041667*J2^4+-0.0039062500*J1^2*J2^1*(J2-J1)^1+-0.0039062500*J2^3*(J2-J1)^1+0,0.0035082048*J1^3*J2^1+-0.0020046884*J1^2*J2^2+-0.0020046884*J1^1*J2^3+0.0035082048*J2^4+-0.0090210980*J1^1*J2^2*(J2-J1)^1+0,0,0,0,0,0,0,0,0,0,0,0,0,0,0,0,0,0,0,0,0,0,0,0,0,0,0,0,0,0,0,0,0},
{0,0,0,0,0,0,0,0,0,0,0,0,0,0,0,0,0,0,0,0,0,0,0,0,0,0,0,0,0,0,0,0,0,0,0,0,0,0,0,0,0,0,0,0,0,0,0,0,0,0,0,0,0,0,0,0,0.0045105490*J1^2*J2^2+0.0045105490*J1^1*J2^3+0.0180421959*J1^1*J2^2*(J2-J1)^1+0,0.0078125000*J1^3*J2^1+-0.0052083333*J1^2*J2^2+-0.0052083333*J1^1*J2^3+0.0078125000*J2^4+0.0078125000*J1^2*J2^1*(J2-J1)^1+-0.0130208333*J1^1*J2^2*(J2-J1)^1+0.0078125000*J2^3*(J2-J1)^1+0,-0.0056423611*J1^3*J2^1+0.0082465278*J1^2*J2^2+0.0082465278*J1^1*J2^3+-0.0056423611*J2^4+0,0.0065152374*J1^3*J2^1+-0.0050117211*J1^2*J2^2+-0.0050117211*J1^1*J2^3+0.0065152374*J2^4+0.0022552745*J1^2*J2^1*(J2-J1)^1+-0.0090210980*J1^1*J2^2*(J2-J1)^1+0.0022552745*J2^3*(J2-J1)^1+0,0.0004340278*J1^3*J2^1+0.0021701389*J1^2*J2^2+0.0021701389*J1^1*J2^3+0.0004340278*J2^4+0.0013020833*J1^2*J2^1*(J2-J1)^1+0.0013020833*J2^3*(J2-J1)^1+0,-0.0005011721*J1^3*J2^1+0.0020046884*J1^2*J2^2+0.0020046884*J1^1*J2^3+-0.0005011721*J2^4+0.0007517582*J1^2*J2^1*(J2-J1)^1+-0.0045105490*J1^1*J2^2*(J2-J1)^1+0.0007517582*J2^3*(J2-J1)^1+0,0.0035082048*J1^3*J2^1+-0.0020046884*J1^2*J2^2+-0.0020046884*J1^1*J2^3+0.0035082048*J2^4+-0.0045105490*J1^1*J2^2*(J2-J1)^1+0,-0.0014467593*J1^3*J2^1+0.0023148148*J1^2*J2^2+0.0023148148*J1^1*J2^3+-0.0014467593*J2^4+-0.0065104167*J1^2*J2^1*(J2-J1)^1+0.0078125000*J1^1*J2^2*(J2-J1)^1+-0.0065104167*J2^3*(J2-J1)^1+0,0,0,0,0,0,0,0,0,0,0,0,0,0,0,0,0,0,0,0,0,0,0,0,0,0,0,0,0,0,0,0,0},
{0,0,0,0,0,0,0,0,0,0,0,0,0,0,0,0,0,0,0,0,0,0,0,0,0,0,0,0,0,0,0,0,0,0,0,0,0,0,0,0,0,0,0,0,0,0,0,0,0,0,0,0,0,0,0,0,0.0045105490*J1^2*J2^2+0.0045105490*J1^1*J2^3+0.0270632939*J1^1*J2^2*(J2-J1)^1+0,0.0065104167*J1^3*J2^1+-0.0039062500*J1^2*J2^2+-0.0039062500*J1^1*J2^3+0.0065104167*J2^4+0.0039062500*J1^2*J2^1*(J2-J1)^1+0.0039062500*J2^3*(J2-J1)^1+0,-0.0026041667*J1^3*J2^1+0.0052083333*J1^2*J2^2+0.0052083333*J1^1*J2^3+-0.0026041667*J2^4+-0.0052083333*J1^2*J2^1*(J2-J1)^1+0.0156250000*J1^1*J2^2*(J2-J1)^1+-0.0052083333*J2^3*(J2-J1)^1+0,0.0005011721*J1^3*J2^1+0.0010023442*J1^2*J2^2+0.0010023442*J1^1*J2^3+0.0005011721*J2^4+-0.0015035163*J1^1*J2^2*(J2-J1)^1+0,0.0026041667*J1^3*J2^1+0.0026041667*J2^4+0.0039062500*J1^2*J2^1*(J2-J1)^1+0.0039062500*J2^3*(J2-J1)^1+0,-0.0035082048*J1^3*J2^1+0.0050117211*J1^2*J2^2+0.0050117211*J1^1*J2^3+-0.0035082048*J2^4+0,0.0030070327*J1^3*J2^1+-0.0015035163*J1^2*J2^2+-0.0015035163*J1^1*J2^3+0.0030070327*J2^4+-0.0015035163*J1^1*J2^2*(J2-J1)^1+0,-0.0001446759*J1^3*J2^1+0.0010127315*J1^2*J2^2+0.0010127315*J1^1*J2^3+-0.0001446759*J2^4+0.0008680556*J1^2*J2^1*(J2-J1)^1+-0.0052083333*J1^1*J2^2*(J2-J1)^1+0.0008680556*J2^3*(J2-J1)^1+0,0,0,0,0,0,0,0,0,0,0,0,0,0,0,0,0,0,0,0,0,0,0,0,0,0,0,0,0,0,0,0,0},
{0,0,0,0,0,0,0,0,0,0,0,0,0,0,0,0,0,0,0,0,0,0,0,0,0,0,0,0,0,0,0,0,0,0,0,0,0,0,0,0,0,0,0,0,0,0,0,0,0,0,0,0,0,0,0,0,0.0065104167*J1^3*J2^1+-0.0039062500*J1^2*J2^2+-0.0039062500*J1^1*J2^3+0.0065104167*J2^4+0.0078125000*J1^2*J2^1*(J2-J1)^1+0.0078125000*J2^3*(J2-J1)^1+0,-0.0075175816*J1^3*J2^1+0.0090210980*J1^2*J2^2+0.0090210980*J1^1*J2^3+-0.0075175816*J2^4+-0.0067658235*J1^2*J2^1*(J2-J1)^1+0.0180421959*J1^1*J2^2*(J2-J1)^1+-0.0067658235*J2^3*(J2-J1)^1+0,0.0005011721*J1^3*J2^1+0.0010023442*J1^2*J2^2+0.0010023442*J1^1*J2^3+0.0005011721*J2^4+0.0045105490*J1^2*J2^1*(J2-J1)^1+-0.0060140653*J1^1*J2^2*(J2-J1)^1+0.0045105490*J2^3*(J2-J1)^1+0,-0.0031828704*J1^3*J2^1+0.0040509259*J1^2*J2^2+0.0040509259*J1^1*J2^3+-0.0031828704*J2^4+-0.0052083333*J1^2*J2^1*(J2-J1)^1+0.0095486111*J1^1*J2^2*(J2-J1)^1+-0.0052083333*J2^3*(J2-J1)^1+0,-0.0035082048*J1^3*J2^1+0.0050117211*J1^2*J2^2+0.0050117211*J1^1*J2^3+-0.0035082048*J2^4+0.0045105490*J1^1*J2^2*(J2-J1)^1+0,0.0066550926*J1^3*J2^1+-0.0057870370*J1^2*J2^2+-0.0057870370*J1^1*J2^3+0.0066550926*J2^4+0.0013020833*J1^2*J2^1*(J2-J1)^1+-0.0026041667*J1^1*J2^2*(J2-J1)^1+0.0013020833*J2^3*(J2-J1)^1+0,-0.0001446759*J1^3*J2^1+0.0010127315*J1^2*J2^2+0.0010127315*J1^1*J2^3+-0.0001446759*J2^4+-0.0004340278*J1^2*J2^1*(J2-J1)^1+-0.0004340278*J2^3*(J2-J1)^1+0,0.0031740900*J1^3*J2^1+-0.0026729179*J1^2*J2^2+-0.0026729179*J1^1*J2^3+0.0031740900*J2^4+-0.0032576187*J1^2*J2^1*(J2-J1)^1+0.0045105490*J1^1*J2^2*(J2-J1)^1+-0.0032576187*J2^3*(J2-J1)^1+0,0,0,0,0,0,0,0,0,0,0,0,0,0,0,0,0,0,0,0,0,0,0,0,0,0,0,0,0,0,0,0,0},
{0,0,0,0,0,0,0,0,0,0,0,0,0,0,0,0,0,0,0,0,0,0,0,0,0,0,0,0,0,0,0,0,0,0,0,0,0,0,0,0,0,0,0,0,0,0,0,0,-0.0045105490*J1^3*J2^1+-0.0045105490*J2^4+-0.0090210980*J1^2*J2^1*(J2-J1)^1+-0.0090210980*J2^3*(J2-J1)^1+0,-0.0026041667*J1^2*J2^2+-0.0026041667*J1^1*J2^3+-0.0026041667*J1^1*J2^2*(J2-J1)^1+0,-0.0026041667*J1^2*J2^2+-0.0026041667*J1^1*J2^3+0,0.0032576187*J1^3*J2^1+-0.0047611350*J1^2*J2^2+-0.0047611350*J1^1*J2^3+0.0032576187*J2^4+0.0022552745*J1^2*J2^1*(J2-J1)^1+0.0022552745*J2^3*(J2-J1)^1+0,-0.0026041667*J1^2*J2^2+-0.0026041667*J1^1*J2^3+-0.0026041667*J1^1*J2^2*(J2-J1)^1+0,-0.0002505861*J1^3*J2^1+-0.0012529303*J1^2*J2^2+-0.0012529303*J1^1*J2^3+-0.0002505861*J2^4+0.0015035163*J1^2*J2^1*(J2-J1)^1+0.0015035163*J2^3*(J2-J1)^1+0,-0.0015035163*J1^3*J2^1+-0.0015035163*J2^4+0.0022552745*J1^2*J2^1*(J2-J1)^1+0.0022552745*J2^3*(J2-J1)^1+0,-0.0020254630*J1^3*J2^1+0.0011574074*J1^2*J2^2+0.0011574074*J1^1*J2^3+-0.0020254630*J2^4+0.0052083333*J1^1*J2^2*(J2-J1)^1+0,0,0,0,0,0,0,0,0,0.0063788795*J1^3*J2^1+0.0063788795*J2^4+0.0127577591*J1^2*J2^1*(J2-J1)^1+0.0127577591*J2^3*(J2-J1)^1+0,0.0036828478*J1^2*J2^2+0.0036828478*J1^1*J2^3+0.0036828478*J1^1*J2^2*(J2-J1)^1+0,0.0036828478*J1^2*J2^2+0.0036828478*J1^1*J2^3+0,-0.0046069686*J1^3*J2^1+0.0067332617*J1^2*J2^2+0.0067332617*J1^1*J2^3+-0.0046069686*J2^4+-0.0031894398*J1^2*J2^1*(J2-J1)^1+-0.0031894398*J2^3*(J2-J1)^1+0,0.0036828478*J1^2*J2^2+0.0036828478*J1^1*J2^3+0.0036828478*J1^1*J2^2*(J2-J1)^1+0,0.0003543822*J1^3*J2^1+0.0017719110*J1^2*J2^2+0.0017719110*J1^1*J2^3+0.0003543822*J2^4+-0.0021262932*J1^2*J2^1*(J2-J1)^1+-0.0021262932*J2^3*(J2-J1)^1+0,0.0021262932*J1^3*J2^1+0.0021262932*J2^4+-0.0031894398*J1^2*J2^1*(J2-J1)^1+-0.0031894398*J2^3*(J2-J1)^1+0,0.0028644372*J1^3*J2^1+-0.0016368213*J1^2*J2^2+-0.0016368213*J1^1*J2^3+0.0028644372*J2^4+-0.0073656956*J1^1*J2^2*(J2-J1)^1+0,0,0,0,0,0,0,0,0,0,0,0,0,0,0,0,0,0,0,0,0,0,0,0,0},
{0,0,0,0,0,0,0,0,0,0,0,0,0,0,0,0,0,0,0,0,0,0,0,0,0,0,0,0,0,0,0,0,0,0,0,0,0,0,0,0,0,0,0,0,0,0,0,0,-0.0026041667*J1^2*J2^2+-0.0026041667*J1^1*J2^3+-0.0104166667*J1^1*J2^2*(J2-J1)^1+0,-0.0045105490*J1^3*J2^1+0.0030070327*J1^2*J2^2+0.0030070327*J1^1*J2^3+-0.0045105490*J2^4+-0.0045105490*J1^2*J2^1*(J2-J1)^1+0.0075175816*J1^1*J2^2*(J2-J1)^1+-0.0045105490*J2^3*(J2-J1)^1+0,0.0032576187*J1^3*J2^1+-0.0047611350*J1^2*J2^2+-0.0047611350*J1^1*J2^3+0.0032576187*J2^4+0,-0.0037615741*J1^3*J2^1+0.0028935185*J1^2*J2^2+0.0028935185*J1^1*J2^3+-0.0037615741*J2^4+-0.0013020833*J1^2*J2^1*(J2-J1)^1+0.0052083333*J1^1*J2^2*(J2-J1)^1+-0.0013020833*J2^3*(J2-J1)^1+0,-0.0002505861*J1^3*J2^1+-0.0012529303*J1^2*J2^2+-0.0012529303*J1^1*J2^3+-0.0002505861*J2^4+-0.0007517582*J1^2*J2^1*(J2-J1)^1+-0.0007517582*J2^3*(J2-J1)^1+0,0.0002893519*J1^3*J2^1+-0.0011574074*J1^2*J2^2+-0.0011574074*J1^1*J2^3+0.0002893519*J2^4+-0.0004340278*J1^2*J2^1*(J2-J1)^1+0.0026041667*J1^1*J2^2*(J2-J1)^1+-0.0004340278*J2^3*(J2-J1)^1+0,-0.0020254630*J1^3*J2^1+0.0011574074*J1^2*J2^2+0.0011574074*J1^1*J2^3+-0.0020254630*J2^4+0.0026041667*J1^1*J2^2*(J2-J1)^1+0,0.0008352868*J1^3*J2^1+-0.0013364590*J1^2*J2^2+-0.0013364590*J1^1*J2^3+0.0008352868*J2^4+0.0037587908*J1^2*J2^1*(J2-J1)^1+-0.0045105490*J1^1*J2^2*(J2-J1)^1+0.0037587908*J2^3*(J2-J1)^1+0,0,0,0,0,0,0,0,0,0.0036828478*J1^2*J2^2+0.0036828478*J1^1*J2^3+0.0147313913*J1^1*J2^2*(J2-J1)^1+0,0.0063788795*J1^3*J2^1+-0.0042525864*J1^2*J2^2+-0.0042525864*J1^1*J2^3+0.0063788795*J2^4+0.0063788795*J1^2*J2^1*(J2-J1)^1+-0.0106314659*J1^1*J2^2*(J2-J1)^1+0.0063788795*J2^3*(J2-J1)^1+0,-0.0046069686*J1^3*J2^1+0.0067332617*J1^2*J2^2+0.0067332617*J1^1*J2^3+-0.0046069686*J2^4+0,0.0053196691*J1^3*J2^1+-0.0040920531*J1^2*J2^2+-0.0040920531*J1^1*J2^3+0.0053196691*J2^4+0.0018414239*J1^2*J2^1*(J2-J1)^1+-0.0073656956*J1^1*J2^2*(J2-J1)^1+0.0018414239*J2^3*(J2-J1)^1+0,0.0003543822*J1^3*J2^1+0.0017719110*J1^2*J2^2+0.0017719110*J1^1*J2^3+0.0003543822*J2^4+0.0010631466*J1^2*J2^1*(J2-J1)^1+0.0010631466*J2^3*(J2-J1)^1+0,-0.0004092053*J1^3*J2^1+0.0016368213*J1^2*J2^2+0.0016368213*J1^1*J2^3+-0.0004092053*J2^4+0.0006138080*J1^2*J2^1*(J2-J1)^1+-0.0036828478*J1^1*J2^2*(J2-J1)^1+0.0006138080*J2^3*(J2-J1)^1+0,0.0028644372*J1^3*J2^1+-0.0016368213*J1^2*J2^2+-0.0016368213*J1^1*J2^3+0.0028644372*J2^4+-0.0036828478*J1^1*J2^2*(J2-J1)^1+0,-0.0011812740*J1^3*J2^1+0.0018900384*J1^2*J2^2+0.0018900384*J1^1*J2^3+-0.0011812740*J2^4+-0.0053157329*J1^2*J2^1*(J2-J1)^1+0.0063788795*J1^1*J2^2*(J2-J1)^1+-0.0053157329*J2^3*(J2-J1)^1+0,0,0,0,0,0,0,0,0,0,0,0,0,0,0,0,0,0,0,0,0,0,0,0,0},
{0,0,0,0,0,0,0,0,0,0,0,0,0,0,0,0,0,0,0,0,0,0,0,0,0,0,0,0,0,0,0,0,0,0,0,0,0,0,0,0,0,0,0,0,0,0,0,0,-0.0026041667*J1^2*J2^2+-0.0026041667*J1^1*J2^3+-0.0156250000*J1^1*J2^2*(J2-J1)^1+0,-0.0037587908*J1^3*J2^1+0.0022552745*J1^2*J2^2+0.0022552745*J1^1*J2^3+-0.0037587908*J2^4+-0.0022552745*J1^2*J2^1*(J2-J1)^1+-0.0022552745*J2^3*(J2-J1)^1+0,0.0015035163*J1^3*J2^1+-0.0030070327*J1^2*J2^2+-0.0030070327*J1^1*J2^3+0.0015035163*J2^4+0.0030070327*J1^2*J2^1*(J2-J1)^1+-0.0090210980*J1^1*J2^2*(J2-J1)^1+0.0030070327*J2^3*(J2-J1)^1+0,-0.0002893519*J1^3*J2^1+-0.0005787037*J1^2*J2^2+-0.0005787037*J1^1*J2^3+-0.0002893519*J2^4+0.0008680556*J1^1*J2^2*(J2-J1)^1+0,-0.0015035163*J1^3*J2^1+-0.0015035163*J2^4+-0.0022552745*J1^2*J2^1*(J2-J1)^1+-0.0022552745*J2^3*(J2-J1)^1+0,0.0020254630*J1^3*J2^1+-0.0028935185*J1^2*J2^2+-0.0028935185*J1^1*J2^3+0.0020254630*J2^4+0,-0.0017361111*J1^3*J2^1+0.0008680556*J1^2*J2^2+0.0008680556*J1^1*J2^3+-0.0017361111*J2^4+0.0008680556*J1^1*J2^2*(J2-J1)^1+0,0.0000835287*J1^3*J2^1+-0.0005847008*J1^2*J2^2+-0.0005847008*J1^1*J2^3+0.0000835287*J2^4+-0.0005011721*J1^2*J2^1*(J2-J1)^1+0.0030070327*J1^1*J2^2*(J2-J1)^1+-0.0005011721*J2^3*(J2-J1)^1+0,0,0,0,0,0,0,0,0,0.0036828478*J1^2*J2^2+0.0036828478*J1^1*J2^3+0.0220970869*J1^1*J2^2*(J2-J1)^1+0,0.0053157329*J1^3*J2^1+-0.0031894398*J1^2*J2^2+-0.0031894398*J1^1*J2^3+0.0053157329*J2^4+0.0031894398*J1^2*J2^1*(J2-J1)^1+0.0031894398*J2^3*(J2-J1)^1+0,-0.0021262932*J1^3*J2^1+0.0042525864*J1^2*J2^2+0.0042525864*J1^1*J2^3+-0.0021262932*J2^4+-0.0042525864*J1^2*J2^1*(J2-J1)^1+0.0127577591*J1^1*J2^2*(J2-J1)^1+-0.0042525864*J2^3*(J2-J1)^1+0,0.0004092053*J1^3*J2^1+0.0008184106*J1^2*J2^2+0.0008184106*J1^1*J2^3+0.0004092053*J2^4+-0.0012276159*J1^1*J2^2*(J2-J1)^1+0,0.0021262932*J1^3*J2^1+0.0021262932*J2^4+0.0031894398*J1^2*J2^1*(J2-J1)^1+0.0031894398*J2^3*(J2-J1)^1+0,-0.0028644372*J1^3*J2^1+0.0040920531*J1^2*J2^2+0.0040920531*J1^1*J2^3+-0.0028644372*J2^4+0,0.0024552319*J1^3*J2^1+-0.0012276159*J1^2*J2^2+-0.0012276159*J1^1*J2^3+0.0024552319*J2^4+-0.0012276159*J1^1*J2^2*(J2-J1)^1+0,-0.0001181274*J1^3*J2^1+0.0008268918*J1^2*J2^2+0.0008268918*J1^1*J2^3+-0.0001181274*J2^4+0.0007087644*J1^2*J2^1*(J2-J1)^1+-0.0042525864*J1^1*J2^2*(J2-J1)^1+0.0007087644*J2^3*(J2-J1)^1+0,0,0,0,0,0,0,0,0,0,0,0,0,0,0,0,0,0,0,0,0,0,0,0,0},
{0,0,0,0,0,0,0,0,0,0,0,0,0,0,0,0,0,0,0,0,0,0,0,0,0,0,0,0,0,0,0,0,0,0,0,0,0,0,0,0,0,0,0,0,0,0,0,0,-0.0037587908*J1^3*J2^1+0.0022552745*J1^2*J2^2+0.0022552745*J1^1*J2^3+-0.0037587908*J2^4+-0.0045105490*J1^2*J2^1*(J2-J1)^1+-0.0045105490*J2^3*(J2-J1)^1+0,0.0043402778*J1^3*J2^1+-0.0052083333*J1^2*J2^2+-0.0052083333*J1^1*J2^3+0.0043402778*J2^4+0.0039062500*J1^2*J2^1*(J2-J1)^1+-0.0104166667*J1^1*J2^2*(J2-J1)^1+0.0039062500*J2^3*(J2-J1)^1+0,-0.0002893519*J1^3*J2^1+-0.0005787037*J1^2*J2^2+-0.0005787037*J1^1*J2^3+-0.0002893519*J2^4+-0.0026041667*J1^2*J2^1*(J2-J1)^1+0.0034722222*J1^1*J2^2*(J2-J1)^1+-0.0026041667*J2^3*(J2-J1)^1+0,0.0018376311*J1^3*J2^1+-0.0023388032*J1^2*J2^2+-0.0023388032*J1^1*J2^3+0.0018376311*J2^4+0.0030070327*J1^2*J2^1*(J2-J1)^1+-0.0055128932*J1^1*J2^2*(J2-J1)^1+0.0030070327*J2^3*(J2-J1)^1+0,0.0020254630*J1^3*J2^1+-0.0028935185*J1^2*J2^2+-0.0028935185*J1^1*J2^3+0.0020254630*J2^4+-0.0026041667*J1^1*J2^2*(J2-J1)^1+0,-0.0038423195*J1^3*J2^1+0.0033411474*J1^2*J2^2+0.0033411474*J1^1*J2^3+-0.0038423195*J2^4+-0.0007517582*J1^2*J2^1*(J2-J1)^1+0.0015035163*J1^1*J2^2*(J2-J1)^1+-0.0007517582*J2^3*(J2-J1)^1+0,0.0000835287*J1^3*J2^1+-0.0005847008*J1^2*J2^2+-0.0005847008*J1^1*J2^3+0.0000835287*J2^4+0.0002505861*J1^2*J2^1*(J2-J1)^1+0.0002505861*J2^3*(J2-J1)^1+0,-0.0018325617*J1^3*J2^1+0.0015432099*J1^2*J2^2+0.0015432099*J1^1*J2^3+-0.0018325617*J2^4+0.0018807870*J1^2*J2^1*(J2-J1)^1+-0.0026041667*J1^1*J2^2*(J2-J1)^1+0.0018807870*J2^3*(J2-J1)^1+0,0,0,0,0,0,0,0,0,0.0053157329*J1^3*J2^1+-0.0031894398*J1^2*J2^2+-0.0031894398*J1^1*J2^3+0.0053157329*J2^4+0.0063788795*J1^2*J2^1*(J2-J1)^1+0.0063788795*J2^3*(J2-J1)^1+0,-0.0061380797*J1^3*J2^1+0.0073656956*J1^2*J2^2+0.0073656956*J1^1*J2^3+-0.0061380797*J2^4+-0.0055242717*J1^2*J2^1*(J2-J1)^1+0.0147313913*J1^1*J2^2*(J2-J1)^1+-0.0055242717*J2^3*(J2-J1)^1+0,0.0004092053*J1^3*J2^1+0.0008184106*J1^2*J2^2+0.0008184106*J1^1*J2^3+0.0004092053*J2^4+0.0036828478*J1^2*J2^1*(J2-J1)^1+-0.0049104638*J1^1*J2^2*(J2-J1)^1+0.0036828478*J2^3*(J2-J1)^1+0,-0.0025988028*J1^3*J2^1+0.0033075672*J1^2*J2^2+0.0033075672*J1^1*J2^3+-0.0025988028*J2^4+-0.0042525864*J1^2*J2^1*(J2-J1)^1+0.0077964083*J1^1*J2^2*(J2-J1)^1+-0.0042525864*J2^3*(J2-J1)^1+0,-0.0028644372*J1^3*J2^1+0.0040920531*J1^2*J2^2+0.0040920531*J1^1*J2^3+-0.0028644372*J2^4+0.0036828478*J1^1*J2^2*(J2-J1)^1+0,0.0054338603*J1^3*J2^1+-0.0047250960*J1^2*J2^2+-0.0047250960*J1^1*J2^3+0.0054338603*J2^4+0.0010631466*J1^2*J2^1*(J2-J1)^1+-0.0021262932*J1^1*J2^2*(J2-J1)^1+0.0010631466*J2^3*(J2-J1)^1+0,-0.0001181274*J1^3*J2^1+0.0008268918*J1^2*J2^2+0.0008268918*J1^1*J2^3+-0.0001181274*J2^4+-0.0003543822*J1^2*J2^1*(J2-J1)^1+-0.0003543822*J2^3*(J2-J1)^1+0,0.0025916337*J1^3*J2^1+-0.0021824283*J1^2*J2^2+-0.0021824283*J1^1*J2^3+0.0025916337*J2^4+-0.0026598345*J1^2*J2^1*(J2-J1)^1+0.0036828478*J1^1*J2^2*(J2-J1)^1+-0.0026598345*J2^3*(J2-J1)^1+0,0,0,0,0,0,0,0,0,0,0,0,0,0,0,0,0,0,0,0,0,0,0,0,0},
{0,0,0,0,0,0,0,0,0,0,0,0,0,0,0,0,0,0,0,0,0,0,0,0,0,0,0,0,0,0,0,0,0,0,0,0,0,0,0,0,0,0,0,0,0,0,0,0,0,0,0,0,0,0,0,0,0,0,0,0,0.0063788795*J1^3*J2^1+-0.0063788795*J1^2*J2^2+-0.0063788795*J1^1*J2^3+0.0063788795*J2^4+0.0079735994*J1^2*J2^1*(J2-J1)^1+-0.0159471988*J1^1*J2^2*(J2-J1)^1+0.0079735994*J2^3*(J2-J1)^1+0,-0.0006138080*J1^3*J2^1+0.0006138080*J1^2*J2^2+0.0006138080*J1^1*J2^3+-0.0006138080*J2^4+0.0009207120*J1^2*J2^1*(J2-J1)^1+-0.0018414239*J1^1*J2^2*(J2-J1)^1+0.0009207120*J2^3*(J2-J1)^1+0,-0.0036828478*J1^3*J2^1+0.0036828478*J1^2*J2^2+0.0036828478*J1^1*J2^3+-0.0036828478*J2^4+0.0027621359*J1^2*J2^1*(J2-J1)^1+-0.0055242717*J1^1*J2^2*(J2-J1)^1+0.0027621359*J2^3*(J2-J1)^1+0,-0.0095683193*J1^3*J2^1+0.0095683193*J1^2*J2^2+0.0095683193*J1^1*J2^3+-0.0095683193*J2^4+-0.0047841597*J1^2*J2^1*(J2-J1)^1+0.0095683193*J1^1*J2^2*(J2-J1)^1+-0.0047841597*J2^3*(J2-J1)^1+0,0,0,0,0,0,0,0,0,0,0,0,0,0,0,0,0,0,0,0,0,0,0,0,0,0,0,0,0,0,0,0,0},
{0,0,0,0,0,0,0,0,0,0,0,0,0,0,0,0,0,0,0,0,0,0,0,0,0,0,0,0,0,0,0,0,0,0,0,0,0,0,0,0,0,0,0,0,0,0,0,0,0,0,0,0,0,0,0,0,0,0,0,0,-0.0006138080*J1^3*J2^1+0.0006138080*J1^2*J2^2+0.0006138080*J1^1*J2^3+-0.0006138080*J2^4+-0.0046035598*J1^2*J2^1*(J2-J1)^1+0.0092071195*J1^1*J2^2*(J2-J1)^1+-0.0046035598*J2^3*(J2-J1)^1+0,0.0070876439*J1^3*J2^1+-0.0070876439*J1^2*J2^2+-0.0070876439*J1^1*J2^3+0.0070876439*J2^4+0.0037210131*J1^2*J2^1*(J2-J1)^1+-0.0074420261*J1^1*J2^2*(J2-J1)^1+0.0037210131*J2^3*(J2-J1)^1+0,-0.0095683193*J1^3*J2^1+0.0095683193*J1^2*J2^2+0.0095683193*J1^1*J2^3+-0.0095683193*J2^4+-0.0015947199*J1^2*J2^1*(J2-J1)^1+0.0031894398*J1^1*J2^2*(J2-J1)^1+-0.0015947199*J2^3*(J2-J1)^1+0,0.0073656956*J1^3*J2^1+-0.0073656956*J1^2*J2^2+-0.0073656956*J1^1*J2^3+0.0073656956*J2^4+0.0101278315*J1^2*J2^1*(J2-J1)^1+-0.0202556630*J1^1*J2^2*(J2-J1)^1+0.0101278315*J2^3*(J2-J1)^1+0,0,0,0,0,0,0,0,0,0,0,0,0,0,0,0,0,0,0,0,0,0,0,0,0,0,0,0,0,0,0,0,0},
{0,0,0,0,0,0,0,0,0,0,0,0,0,0,0,0,0,0,0,0,0,0,0,0,0,0,0,0,0,0,0,0,0,0,0,0,0,0,0,0,0,0,0,0,0,0,0,0,0,0,0,0,0,0,0,0,0,0,0,0,-0.0036828478*J1^3*J2^1+0.0036828478*J1^2*J2^2+0.0036828478*J1^1*J2^3+-0.0036828478*J2^4+-0.0082864076*J1^2*J2^1*(J2-J1)^1+0.0165728152*J1^1*J2^2*(J2-J1)^1+-0.0082864076*J2^3*(J2-J1)^1+0,0.0102770837*J1^3*J2^1+-0.0102770837*J1^2*J2^2+-0.0102770837*J1^1*J2^3+0.0102770837*J2^4+0.0015947199*J1^2*J2^1*(J2-J1)^1+-0.0031894398*J1^1*J2^2*(J2-J1)^1+0.0015947199*J2^3*(J2-J1)^1+0,-0.0063788795*J1^3*J2^1+0.0063788795*J1^2*J2^2+0.0063788795*J1^1*J2^3+-0.0063788795*J2^4+-0.0058473062*J1^2*J2^1*(J2-J1)^1+0.0116946125*J1^1*J2^2*(J2-J1)^1+-0.0058473062*J2^3*(J2-J1)^1+0,0.0006138080*J1^3*J2^1+-0.0006138080*J1^2*J2^2+-0.0006138080*J1^1*J2^3+0.0006138080*J2^4+-0.0021483279*J1^2*J2^1*(J2-J1)^1+0.0042966558*J1^1*J2^2*(J2-J1)^1+-0.0021483279*J2^3*(J2-J1)^1+0,0,0,0,0,0,0,0,0,0,0,0,0,0,0,0,0,0,0,0,0,0,0,0,0,0,0,0,0,0,0,0,0},
{0,0,0,0,0,0,0,0,0,0,0,0,0,0,0,0,0,0,0,0,0,0,0,0,0,0,0,0,0,0,0,0,0,0,0,0,0,0,0,0,0,0,0,0,0,0,0,0,0,0,0,0,0,0,0,0,0,0,0,0,0.0102770837*J1^3*J2^1+-0.0102770837*J1^2*J2^2+-0.0102770837*J1^1*J2^3+0.0102770837*J2^4+0.0047841597*J1^2*J2^1*(J2-J1)^1+-0.0095683193*J1^1*J2^2*(J2-J1)^1+0.0047841597*J2^3*(J2-J1)^1+0,-0.0155498019*J1^3*J2^1+0.0155498019*J1^2*J2^2+0.0155498019*J1^1*J2^3+-0.0155498019*J2^4+-0.0082864076*J1^2*J2^1*(J2-J1)^1+0.0165728152*J1^1*J2^2*(J2-J1)^1+-0.0082864076*J2^3*(J2-J1)^1+0,0.0006138080*J1^3*J2^1+-0.0006138080*J1^2*J2^2+-0.0006138080*J1^1*J2^3+0.0006138080*J2^4+0.0033759438*J1^2*J2^1*(J2-J1)^1+-0.0067518877*J1^1*J2^2*(J2-J1)^1+0.0033759438*J2^3*(J2-J1)^1+0,-0.0070876439*J1^3*J2^1+0.0070876439*J1^2*J2^2+0.0070876439*J1^1*J2^3+-0.0070876439*J2^4+-0.0001771911*J1^2*J2^1*(J2-J1)^1+0.0003543822*J1^1*J2^2*(J2-J1)^1+-0.0001771911*J2^3*(J2-J1)^1+0,0,0,0,0,0,0,0,0,0,0,0,0,0,0,0,0,0,0,0,0,0,0,0,0,0,0,0,0,0,0,0,0},
{0,0,0,0,0,0,0,0,0,0,0,0,0,0,0,0,0,0,0,0,0,0,0,0,0,0,0,0,0,0,0,0,0,0,0,0,0,0,0,0,0,0,0,0,0,0,0,0,0,0,0,0,-0.0036828478*J1^3*J2^1+0.0036828478*J1^2*J2^2+0.0036828478*J1^1*J2^3+-0.0036828478*J2^4+-0.0046035598*J1^2*J2^1*(J2-J1)^1+0.0092071195*J1^1*J2^2*(J2-J1)^1+-0.0046035598*J2^3*(J2-J1)^1+0,0.0003543822*J1^3*J2^1+-0.0003543822*J1^2*J2^2+-0.0003543822*J1^1*J2^3+0.0003543822*J2^4+-0.0005315733*J1^2*J2^1*(J2-J1)^1+0.0010631466*J1^1*J2^2*(J2-J1)^1+-0.0005315733*J2^3*(J2-J1)^1+0,0.0021262932*J1^3*J2^1+-0.0021262932*J1^2*J2^2+-0.0021262932*J1^1*J2^3+0.0021262932*J2^4+-0.0015947199*J1^2*J2^1*(J2-J1)^1+0.0031894398*J1^1*J2^2*(J2-J1)^1+-0.0015947199*J2^3*(J2-J1)^1+0,0.0055242717*J1^3*J2^1+-0.0055242717*J1^2*J2^2+-0.0055242717*J1^1*J2^3+0.0055242717*J2^4+0.0027621359*J1^2*J2^1*(J2-J1)^1+-0.0055242717*J1^1*J2^2*(J2-J1)^1+0.0027621359*J2^3*(J2-J1)^1+0,0,0,0,0,0,0,0,0,0,0,0,0,0.0052083333*J1^3*J2^1+-0.0052083333*J1^2*J2^2+-0.0052083333*J1^1*J2^3+0.0052083333*J2^4+0.0065104167*J1^2*J2^1*(J2-J1)^1+-0.0130208333*J1^1*J2^2*(J2-J1)^1+0.0065104167*J2^3*(J2-J1)^1+0,-0.0005011721*J1^3*J2^1+0.0005011721*J1^2*J2^2+0.0005011721*J1^1*J2^3+-0.0005011721*J2^4+0.0007517582*J1^2*J2^1*(J2-J1)^1+-0.0015035163*J1^1*J2^2*(J2-J1)^1+0.0007517582*J2^3*(J2-J1)^1+0,-0.0030070327*J1^3*J2^1+0.0030070327*J1^2*J2^2+0.0030070327*J1^1*J2^3+-0.0030070327*J2^4+0.0022552745*J1^2*J2^1*(J2-J1)^1+-0.0045105490*J1^1*J2^2*(J2-J1)^1+0.0022552745*J2^3*(J2-J1)^1+0,-0.0078125000*J1^3*J2^1+0.0078125000*J1^2*J2^2+0.0078125000*J1^1*J2^3+-0.0078125000*J2^4+-0.0039062500*J1^2*J2^1*(J2-J1)^1+0.0078125000*J1^1*J2^2*(J2-J1)^1+-0.0039062500*J2^3*(J2-J1)^1+0,0,0,0,0,0,0,0,0,0,0,0,0,0,0,0,0,0,0,0,0,0,0,0,0},
{0,0,0,0,0,0,0,0,0,0,0,0,0,0,0,0,0,0,0,0,0,0,0,0,0,0,0,0,0,0,0,0,0,0,0,0,0,0,0,0,0,0,0,0,0,0,0,0,0,0,0,0,0.0003543822*J1^3*J2^1+-0.0003543822*J1^2*J2^2+-0.0003543822*J1^1*J2^3+0.0003543822*J2^4+0.0026578665*J1^2*J2^1*(J2-J1)^1+-0.0053157329*J1^1*J2^2*(J2-J1)^1+0.0026578665*J2^3*(J2-J1)^1+0,-0.0040920531*J1^3*J2^1+0.0040920531*J1^2*J2^2+0.0040920531*J1^1*J2^3+-0.0040920531*J2^4+-0.0021483279*J1^2*J2^1*(J2-J1)^1+0.0042966558*J1^1*J2^2*(J2-J1)^1+-0.0021483279*J2^3*(J2-J1)^1+0,0.0055242717*J1^3*J2^1+-0.0055242717*J1^2*J2^2+-0.0055242717*J1^1*J2^3+0.0055242717*J2^4+0.0009207120*J1^2*J2^1*(J2-J1)^1+-0.0018414239*J1^1*J2^2*(J2-J1)^1+0.0009207120*J2^3*(J2-J1)^1+0,-0.0042525864*J1^3*J2^1+0.0042525864*J1^2*J2^2+0.0042525864*J1^1*J2^3+-0.0042525864*J2^4+-0.0058473062*J1^2*J2^1*(J2-J1)^1+0.0116946125*J1^1*J2^2*(J2-J1)^1+-0.0058473062*J2^3*(J2-J1)^1+0,0,0,0,0,0,0,0,0,0,0,0,0,-0.0005011721*J1^3*J2^1+0.0005011721*J1^2*J2^2+0.0005011721*J1^1*J2^3+-0.0005011721*J2^4+-0.0037587908*J1^2*J2^1*(J2-J1)^1+0.0075175816*J1^1*J2^2*(J2-J1)^1+-0.0037587908*J2^3*(J2-J1)^1+0,0.0057870370*J1^3*J2^1+-0.0057870370*J1^2*J2^2+-0.0057870370*J1^1*J2^3+0.0057870370*J2^4+0.0030381944*J1^2*J2^1*(J2-J1)^1+-0.0060763889*J1^1*J2^2*(J2-J1)^1+0.0030381944*J2^3*(J2-J1)^1+0,-0.0078125000*J1^3*J2^1+0.0078125000*J1^2*J2^2+0.0078125000*J1^1*J2^3+-0.0078125000*J2^4+-0.0013020833*J1^2*J2^1*(J2-J1)^1+0.0026041667*J1^1*J2^2*(J2-J1)^1+-0.0013020833*J2^3*(J2-J1)^1+0,0.0060140653*J1^3*J2^1+-0.0060140653*J1^2*J2^2+-0.0060140653*J1^1*J2^3+0.0060140653*J2^4+0.0082693398*J1^2*J2^1*(J2-J1)^1+-0.0165386796*J1^1*J2^2*(J2-J1)^1+0.0082693398*J2^3*(J2-J1)^1+0,0,0,0,0,0,0,0,0,0,0,0,0,0,0,0,0,0,0,0,0,0,0,0,0},
{0,0,0,0,0,0,0,0,0,0,0,0,0,0,0,0,0,0,0,0,0,0,0,0,0,0,0,0,0,0,0,0,0,0,0,0,0,0,0,0,0,0,0,0,0,0,0,0,0,0,0,0,0.0021262932*J1^3*J2^1+-0.0021262932*J1^2*J2^2+-0.0021262932*J1^1*J2^3+0.0021262932*J2^4+0.0047841597*J1^2*J2^1*(J2-J1)^1+-0.0095683193*J1^1*J2^2*(J2-J1)^1+0.0047841597*J2^3*(J2-J1)^1+0,-0.0059334770*J1^3*J2^1+0.0059334770*J1^2*J2^2+0.0059334770*J1^1*J2^3+-0.0059334770*J2^4+-0.0009207120*J1^2*J2^1*(J2-J1)^1+0.0018414239*J1^1*J2^2*(J2-J1)^1+-0.0009207120*J2^3*(J2-J1)^1+0,0.0036828478*J1^3*J2^1+-0.0036828478*J1^2*J2^2+-0.0036828478*J1^1*J2^3+0.0036828478*J2^4+0.0033759438*J1^2*J2^1*(J2-J1)^1+-0.0067518877*J1^1*J2^2*(J2-J1)^1+0.0033759438*J2^3*(J2-J1)^1+0,-0.0003543822*J1^3*J2^1+0.0003543822*J1^2*J2^2+0.0003543822*J1^1*J2^3+-0.0003543822*J2^4+0.0012403377*J1^2*J2^1*(J2-J1)^1+-0.0024806754*J1^1*J2^2*(J2-J1)^1+0.0012403377*J2^3*(J2-J1)^1+0,0,0,0,0,0,0,0,0,0,0,0,0,-0.0030070327*J1^3*J2^1+0.0030070327*J1^2*J2^2+0.0030070327*J1^1*J2^3+-0.0030070327*J2^4+-0.0067658235*J1^2*J2^1*(J2-J1)^1+0.0135316469*J1^1*J2^2*(J2-J1)^1+-0.0067658235*J2^3*(J2-J1)^1+0,0.0083912037*J1^3*J2^1+-0.0083912037*J1^2*J2^2+-0.0083912037*J1^1*J2^3+0.0083912037*J2^4+0.0013020833*J1^2*J2^1*(J2-J1)^1+-0.0026041667*J1^1*J2^2*(J2-J1)^1+0.0013020833*J2^3*(J2-J1)^1+0,-0.0052083333*J1^3*J2^1+0.0052083333*J1^2*J2^2+0.0052083333*J1^1*J2^3+-0.0052083333*J2^4+-0.0047743056*J1^2*J2^1*(J2-J1)^1+0.0095486111*J1^1*J2^2*(J2-J1)^1+-0.0047743056*J2^3*(J2-J1)^1+0,0.0005011721*J1^3*J2^1+-0.0005011721*J1^2*J2^2+-0.0005011721*J1^1*J2^3+0.0005011721*J2^4+-0.0017541024*J1^2*J2^1*(J2-J1)^1+0.0035082048*J1^1*J2^2*(J2-J1)^1+-0.0017541024*J2^3*(J2-J1)^1+0,0,0,0,0,0,0,0,0,0,0,0,0,0,0,0,0,0,0,0,0,0,0,0,0},
{0,0,0,0,0,0,0,0,0,0,0,0,0,0,0,0,0,0,0,0,0,0,0,0,0,0,0,0,0,0,0,0,0,0,0,0,0,0,0,0,0,0,0,0,0,0,0,0,0,0,0,0,-0.0059334770*J1^3*J2^1+0.0059334770*J1^2*J2^2+0.0059334770*J1^1*J2^3+-0.0059334770*J2^4+-0.0027621359*J1^2*J2^1*(J2-J1)^1+0.0055242717*J1^1*J2^2*(J2-J1)^1+-0.0027621359*J2^3*(J2-J1)^1+0,0.0089776823*J1^3*J2^1+-0.0089776823*J1^2*J2^2+-0.0089776823*J1^1*J2^3+0.0089776823*J2^4+0.0047841597*J1^2*J2^1*(J2-J1)^1+-0.0095683193*J1^1*J2^2*(J2-J1)^1+0.0047841597*J2^3*(J2-J1)^1+0,-0.0003543822*J1^3*J2^1+0.0003543822*J1^2*J2^2+0.0003543822*J1^1*J2^3+-0.0003543822*J2^4+-0.0019491021*J1^2*J2^1*(J2-J1)^1+0.0038982042*J1^1*J2^2*(J2-J1)^1+-0.0019491021*J2^3*(J2-J1)^1+0,0.0040920531*J1^3*J2^1+-0.0040920531*J1^2*J2^2+-0.0040920531*J1^1*J2^3+0.0040920531*J2^4+0.0001023013*J1^2*J2^1*(J2-J1)^1+-0.0002046027*J1^1*J2^2*(J2-J1)^1+0.0001023013*J2^3*(J2-J1)^1+0,0,0,0,0,0,0,0,0,0,0,0,0,0.0083912037*J1^3*J2^1+-0.0083912037*J1^2*J2^2+-0.0083912037*J1^1*J2^3+0.0083912037*J2^4+0.0039062500*J1^2*J2^1*(J2-J1)^1+-0.0078125000*J1^1*J2^2*(J2-J1)^1+0.0039062500*J2^3*(J2-J1)^1+0,-0.0126963601*J1^3*J2^1+0.0126963601*J1^2*J2^2+0.0126963601*J1^1*J2^3+-0.0126963601*J2^4+-0.0067658235*J1^2*J2^1*(J2-J1)^1+0.0135316469*J1^1*J2^2*(J2-J1)^1+-0.0067658235*J2^3*(J2-J1)^1+0,0.0005011721*J1^3*J2^1+-0.0005011721*J1^2*J2^2+-0.0005011721*J1^1*J2^3+0.0005011721*J2^4+0.0027564466*J1^2*J2^1*(J2-J1)^1+-0.0055128932*J1^1*J2^2*(J2-J1)^1+0.0027564466*J2^3*(J2-J1)^1+0,-0.0057870370*J1^3*J2^1+0.0057870370*J1^2*J2^2+0.0057870370*J1^1*J2^3+-0.0057870370*J2^4+-0.0001446759*J1^2*J2^1*(J2-J1)^1+0.0002893519*J1^1*J2^2*(J2-J1)^1+-0.0001446759*J2^3*(J2-J1)^1+0,0,0,0,0,0,0,0,0,0,0,0,0,0,0,0,0,0,0,0,0,0,0,0,0}
}