96
{{0,0,0,0,0,0,0,0,0,0,0,0,0,0,0,0,0,0,0,0,0,0,0,0,0,0,0,0,0,0,0,0,0,0,0,0,0,0,0,0,0,0,0,0,0,0,0,0,0,0,0,0,0,0,0,0,0,0,0,0,0,0,0,0,0,0,0,0,0,0,0,0,0,0,0,0,0,-0.0273437500*J1^2*J2^2+0.0273437500*J2^4+0,0,0.0002505861*J1^2*J2^2+-0.0002505861*J2^4+0,0,0,0,0,0,0,0,0,0,0,0,0,0,0,0,0},
{0,0,0,0,0,0,0,0,0,0,0,0,0,0,0,0,0,0,0,0,0,0,0,0,0,0,0,0,0,0,0,0,0,0,0,0,0,0,0,0,0,0,0,0,0,0,0,0,0,0,0,0,0,0,0,0,0,0,0,0,0,0,0,0,0,0,0,0,0,0,0,0,0,0,0,0,0,0.0002505861*J1^2*J2^2+-0.0002505861*J2^4+0,0,-0.0001446759*J1^2*J2^2+-0.0179398148*J1^1*J2^3+0.0180844907*J2^4+0,0,0,0,0,0,0,0,0,0,0,0,0,0,0,0,0},
{0,0,0,0,0,0,0,0,0,0,0,0,0,0,0,0,0,0,0,0,0,0,0,0,0,0,0,0,0,0,0,0,0,0,0,0,0,0,0,0,0,0,0,0,0,0,0,0,0,0,0,0,0,0,0,0,0,0,0,0,0,0,0,0,0,0,0,0,0,0,0,0,0,-0.0273437500*J1^2*J2^2+0.0273437500*J2^4+0,0,0.0002505861*J1^2*J2^2+-0.0002505861*J2^4+0,0,0.0315738428*J1^2*J2^2+-0.0315738428*J2^4+0,0,-0.0002893519*J1^2*J2^2+0.0002893519*J2^4+0,0,0,0,0,0,0,0,0,0,0,0,0,0,0,0,0},
{0,0,0,0,0,0,0,0,0,0,0,0,0,0,0,0,0,0,0,0,0,0,0,0,0,0,0,0,0,0,0,0,0,0,0,0,0,0,0,0,0,0,0,0,0,0,0,0,0,0,0,0,0,0,0,0,0,0,0,0,0,0,0,0,0,0,0,0,0,0,0,0,0,0.0002505861*J1^2*J2^2+-0.0002505861*J2^4+0,0,-0.0001446759*J1^2*J2^2+-0.0179398148*J1^1*J2^3+0.0180844907*J2^4+0,0,-0.0002893519*J1^2*J2^2+0.0002893519*J2^4+0,0,0.0001670574*J1^2*J2^2+0.0207151138*J1^1*J2^3+-0.0208821712*J2^4+0,0,0,0,0,0,0,0,0,0,0,0,0,0,0,0,0},
{0,0,0,0,0,0,0,0,0,0,0,0,0,0,0,0,0,0,0,0,0,0,0,0,0,0,0,0,0,0,0,0,0,0,0,0,0,0,0,0,0,0,0,0,0,0,0,0,0,0,0,0,0,0,0,0,0,0,0,0,0,0,0,0,0,0,0,0,0,0,0,0,0,0,0,0,0,0,0,0,0,0,0,0,0,0.0157869214*J1^2*J2^2+-0.0157869214*J2^4+0,0,-0.0001446759*J1^2*J2^2+0.0001446759*J2^4+0,0,0,0,0,0,0.0223260784*J1^2*J2^2+-0.0223260784*J2^4+0,0,-0.0002046027*J1^2*J2^2+0.0002046027*J2^4+0},
{0,0,0,0,0,0,0,0,0,0,0,0,0,0,0,0,0,0,0,0,0,0,0,0,0,0,0,0,0,0,0,0,0,0,0,0,0,0,0,0,0,0,0,0,0,0,0,0,0,0,0,0,0,0,0,0,0,0,0,0,0,0,0,0,0,0,0,0,0,0,0,0,0,0,0,0,0,0,0,0,0,0,0,0,0,-0.0001446759*J1^2*J2^2+0.0001446759*J2^4+0,0,0.0000835287*J1^2*J2^2+0.0103575569*J1^1*J2^3+-0.0104410856*J2^4+0,0,0,0,0,0,-0.0002046027*J1^2*J2^2+0.0002046027*J2^4+0,0,0.0001181274*J1^2*J2^2+0.0146477975*J1^1*J2^3+-0.0147659249*J2^4+0},
{0,0,0,0,0,0,0,0,0,0,0,0,0,0,0,0,0,0,0,0,0,0,0,0,0,0,0,0,0,0,0,0,0,0,0,0,0,0,0,0,0,0,0,0,0,0,0,0,0,0,0,0,0,0,0,0,0,0,0,0,0,0,0,0,0,0,0,0,0,0,0,0,0,0,0,0,0,0,0,0,0,0.0157869214*J1^2*J2^2+-0.0157869214*J2^4+0,0,-0.0001446759*J1^2*J2^2+0.0001446759*J2^4+0,0,-0.0182291667*J1^2*J2^2+0.0182291667*J2^4+0,0,0.0001670574*J1^2*J2^2+-0.0001670574*J2^4+0,0,0.0223260784*J1^2*J2^2+-0.0223260784*J2^4+0,0,-0.0002046027*J1^2*J2^2+0.0002046027*J2^4+0,0,-0.0257799347*J1^2*J2^2+0.0257799347*J2^4+0,0,0.0002362548*J1^2*J2^2+-0.0002362548*J2^4+0},
{0,0,0,0,0,0,0,0,0,0,0,0,0,0,0,0,0,0,0,0,0,0,0,0,0,0,0,0,0,0,0,0,0,0,0,0,0,0,0,0,0,0,0,0,0,0,0,0,0,0,0,0,0,0,0,0,0,0,0,0,0,0,0,0,0,0,0,0,0,0,0,0,0,0,0,0,0,0,0,0,0,-0.0001446759*J1^2*J2^2+0.0001446759*J2^4+0,0,0.0000835287*J1^2*J2^2+0.0103575569*J1^1*J2^3+-0.0104410856*J2^4+0,0,0.0001670574*J1^2*J2^2+-0.0001670574*J2^4+0,0,-0.0000964506*J1^2*J2^2+-0.0119598765*J1^1*J2^3+0.0120563272*J2^4+0,0,-0.0002046027*J1^2*J2^2+0.0002046027*J2^4+0,0,0.0001181274*J1^2*J2^2+0.0146477975*J1^1*J2^3+-0.0147659249*J2^4+0,0,0.0002362548*J1^2*J2^2+-0.0002362548*J2^4+0,0,-0.0001364018*J1^2*J2^2+-0.0169138196*J1^1*J2^3+0.0170502214*J2^4+0},
{0,0,0,0,0,0,0,0,0,0,0,0,0,0,0,0,0,0,0,0,0,0,0,0,0,0,0,0,0,0,0,0,0,0,0,0,0,0,0,0,0,0,0,0,0,0,0,0,0,0,0,0,0,0,0,0,0,0,0,0,0,0,0,0,0,0,0,0,0,0,0,0,0,0,0,0,0.0073296421*J1^2*J2^2+-0.0073296421*J2^4+0,0.0231119792*J1^2*J2^2+-0.0231119792*J2^4+0,-0.0029296875*J1^2*J2^2+0.0029296875*J2^4+0,0.0014408698*J1^2*J2^2+-0.0014408698*J2^4+0,0,0,0,0,0,0,0,0,0,0,0,0,0,0,0,0},
{0,0,0,0,0,0,0,0,0,0,0,0,0,0,0,0,0,0,0,0,0,0,0,0,0,0,0,0,0,0,0,0,0,0,0,0,0,0,0,0,0,0,0,0,0,0,0,0,0,0,0,0,0,0,0,0,0,0,0,0,0,0,0,0,0,0,0,0,0,0,0,0,0,0,0,0,-0.0029296875*J1^2*J2^2+0.0029296875*J2^4+0,0.0014408698*J1^2*J2^2+-0.0014408698*J2^4+0,0.0107125538*J1^2*J2^2+-0.0165386796*J1^1*J2^3+0.0058261258*J2^4+0,-0.0060402199*J1^2*J2^2+0.0274884259*J1^1*J2^3+-0.0214482060*J2^4+0,0,0,0,0,0,0,0,0,0,0,0,0,0,0,0,0},
{0,0,0,0,0,0,0,0,0,0,0,0,0,0,0,0,0,0,0,0,0,0,0,0,0,0,0,0,0,0,0,0,0,0,0,0,0,0,0,0,0,0,0,0,0,0,0,0,0,0,0,0,0,0,0,0,0,0,0,0,0,0,0,0,0,0,0,0,0,0,0,0,0.0073296421*J1^2*J2^2+-0.0073296421*J2^4+0,0.0231119792*J1^2*J2^2+-0.0231119792*J2^4+0,-0.0029296875*J1^2*J2^2+0.0029296875*J2^4+0,0.0014408698*J1^2*J2^2+-0.0014408698*J2^4+0,-0.0084635417*J1^2*J2^2+0.0084635417*J2^4+0,-0.0266874148*J1^2*J2^2+0.0266874148*J2^4+0,0.0033829117*J1^2*J2^2+-0.0033829117*J2^4+0,-0.0016637731*J1^2*J2^2+0.0016637731*J2^4+0,0,0,0,0,0,0,0,0,0,0,0,0,0,0,0,0},
{0,0,0,0,0,0,0,0,0,0,0,0,0,0,0,0,0,0,0,0,0,0,0,0,0,0,0,0,0,0,0,0,0,0,0,0,0,0,0,0,0,0,0,0,0,0,0,0,0,0,0,0,0,0,0,0,0,0,0,0,0,0,0,0,0,0,0,0,0,0,0,0,-0.0029296875*J1^2*J2^2+0.0029296875*J2^4+0,0.0014408698*J1^2*J2^2+-0.0014408698*J2^4+0,0.0107125538*J1^2*J2^2+-0.0165386796*J1^1*J2^3+0.0058261258*J2^4+0,-0.0060402199*J1^2*J2^2+0.0274884259*J1^1*J2^3+-0.0214482060*J2^4+0,0.0033829117*J1^2*J2^2+-0.0033829117*J2^4+0,-0.0016637731*J1^2*J2^2+0.0016637731*J2^4+0,-0.0123697917*J1^2*J2^2+0.0190972222*J1^1*J2^3+-0.0067274306*J2^4+0,0.0069746452*J1^2*J2^2+-0.0317409002*J1^1*J2^3+0.0247662550*J2^4+0,0,0,0,0,0,0,0,0,0,0,0,0,0,0,0,0},
{0,0,0,0,0,0,0,0,0,0,0,0,0,0,0,0,0,0,0,0,0,0,0,0,0,0,0,0,0,0,0,0,0,0,0,0,0,0,0,0,0,0,0,0,0,0,0,0,0,0,0,0,0,0,0,0,0,0,0,0,0,0,0,0,0,0,0,0,0,0,0,0,0,0,0,0,0,0,0,0,0,0,0,0,-0.0042317708*J1^2*J2^2+0.0042317708*J2^4+0,-0.0133437074*J1^2*J2^2+0.0133437074*J2^4+0,0.0016914559*J1^2*J2^2+-0.0016914559*J2^4+0,-0.0008318866*J1^2*J2^2+0.0008318866*J2^4+0,0,0,0,0,-0.0059846277*J1^2*J2^2+0.0059846277*J2^4+0,-0.0188708520*J1^2*J2^2+0.0188708520*J2^4+0,0.0023920798*J1^2*J2^2+-0.0023920798*J2^4+0,-0.0011764653*J1^2*J2^2+0.0011764653*J2^4+0},
{0,0,0,0,0,0,0,0,0,0,0,0,0,0,0,0,0,0,0,0,0,0,0,0,0,0,0,0,0,0,0,0,0,0,0,0,0,0,0,0,0,0,0,0,0,0,0,0,0,0,0,0,0,0,0,0,0,0,0,0,0,0,0,0,0,0,0,0,0,0,0,0,0,0,0,0,0,0,0,0,0,0,0,0,0.0016914559*J1^2*J2^2+-0.0016914559*J2^4+0,-0.0008318866*J1^2*J2^2+0.0008318866*J2^4+0,-0.0061848958*J1^2*J2^2+0.0095486111*J1^1*J2^3+-0.0033637153*J2^4+0,0.0034873226*J1^2*J2^2+-0.0158704501*J1^1*J2^3+0.0123831275*J2^4+0,0,0,0,0,0.0023920798*J1^2*J2^2+-0.0023920798*J2^4+0,-0.0011764653*J1^2*J2^2+0.0011764653*J2^4+0,-0.0087467636*J1^2*J2^2+0.0135037753*J1^1*J2^3+-0.0047570118*J2^4+0,0.0049318189*J1^2*J2^2+-0.0224442058*J1^1*J2^3+0.0175123869*J2^4+0},
{0,0,0,0,0,0,0,0,0,0,0,0,0,0,0,0,0,0,0,0,0,0,0,0,0,0,0,0,0,0,0,0,0,0,0,0,0,0,0,0,0,0,0,0,0,0,0,0,0,0,0,0,0,0,0,0,0,0,0,0,0,0,0,0,0,0,0,0,0,0,0,0,0,0,0,0,0,0,0,0,-0.0042317708*J1^2*J2^2+0.0042317708*J2^4+0,-0.0133437074*J1^2*J2^2+0.0133437074*J2^4+0,0.0016914559*J1^2*J2^2+-0.0016914559*J2^4+0,-0.0008318866*J1^2*J2^2+0.0008318866*J2^4+0,0.0048864281*J1^2*J2^2+-0.0048864281*J2^4+0,0.0154079861*J1^2*J2^2+-0.0154079861*J2^4+0,-0.0019531250*J1^2*J2^2+0.0019531250*J2^4+0,0.0009605799*J1^2*J2^2+-0.0009605799*J2^4+0,-0.0059846277*J1^2*J2^2+0.0059846277*J2^4+0,-0.0188708520*J1^2*J2^2+0.0188708520*J2^4+0,0.0023920798*J1^2*J2^2+-0.0023920798*J2^4+0,-0.0011764653*J1^2*J2^2+0.0011764653*J2^4+0,0.0069104528*J1^2*J2^2+-0.0069104528*J2^4+0,0.0217901829*J1^2*J2^2+-0.0217901829*J2^4+0,-0.0027621359*J1^2*J2^2+0.0027621359*J2^4+0,0.0013584651*J1^2*J2^2+-0.0013584651*J2^4+0},
{0,0,0,0,0,0,0,0,0,0,0,0,0,0,0,0,0,0,0,0,0,0,0,0,0,0,0,0,0,0,0,0,0,0,0,0,0,0,0,0,0,0,0,0,0,0,0,0,0,0,0,0,0,0,0,0,0,0,0,0,0,0,0,0,0,0,0,0,0,0,0,0,0,0,0,0,0,0,0,0,0.0016914559*J1^2*J2^2+-0.0016914559*J2^4+0,-0.0008318866*J1^2*J2^2+0.0008318866*J2^4+0,-0.0061848958*J1^2*J2^2+0.0095486111*J1^1*J2^3+-0.0033637153*J2^4+0,0.0034873226*J1^2*J2^2+-0.0158704501*J1^1*J2^3+0.0123831275*J2^4+0,-0.0019531250*J1^2*J2^2+0.0019531250*J2^4+0,0.0009605799*J1^2*J2^2+-0.0009605799*J2^4+0,0.0071417025*J1^2*J2^2+-0.0110257864*J1^1*J2^3+0.0038840838*J2^4+0,-0.0040268133*J1^2*J2^2+0.0183256173*J1^1*J2^3+-0.0142988040*J2^4+0,0.0023920798*J1^2*J2^2+-0.0023920798*J2^4+0,-0.0011764653*J1^2*J2^2+0.0011764653*J2^4+0,-0.0087467636*J1^2*J2^2+0.0135037753*J1^1*J2^3+-0.0047570118*J2^4+0,0.0049318189*J1^2*J2^2+-0.0224442058*J1^1*J2^3+0.0175123869*J2^4+0,-0.0027621359*J1^2*J2^2+0.0027621359*J2^4+0,0.0013584651*J1^2*J2^2+-0.0013584651*J2^4+0,0.0100998926*J1^2*J2^2+-0.0155928166*J1^1*J2^3+0.0054929240*J2^4+0,-0.0056947739*J1^2*J2^2+0.0259163365*J1^1*J2^3+-0.0202215626*J2^4+0},
{0,0,0,0,0,0,0,0,0,0,0,0,0,0,0,0,0,0,0,0,0,0,0,0,0,0,0,0,0,0,0,0,0,0,0,0,0,0,0,0,0,0,0,0,0,0,0,0,0,0,0,0,0,0,0,0,0,0,0,0,0,0,0,0,0,0,0,0,0,0,0,0,0,0,0,0,-0.0283062780*J1^2*J2^2+0.0283062780*J2^4+0,-0.0223272649*J1^2*J2^2+0.0223272649*J2^4+0,-0.0017646979*J1^2*J2^2+0.0017646979*J2^4+0,0.0013732310*J1^2*J2^2+-0.0013732310*J2^4+0,0,0,0,0,0,0,0,0,0,0,0,0,0,0,0,0},
{0,0,0,0,0,0,0,0,0,0,0,0,0,0,0,0,0,0,0,0,0,0,0,0,0,0,0,0,0,0,0,0,0,0,0,0,0,0,0,0,0,0,0,0,0,0,0,0,0,0,0,0,0,0,0,0,0,0,0,0,0,0,0,0,0,0,0,0,0,0,0,0,0,0,0,0,-0.0017646979*J1^2*J2^2+0.0017646979*J2^4+0,0.0013732310*J1^2*J2^2+-0.0013732310*J2^4+0,0.0073977284*J1^2*J2^2+-0.0336663087*J1^1*J2^3+0.0262685803*J2^4+0,-0.0044756831*J1^2*J2^2+-0.0059334770*J1^1*J2^3+0.0104091602*J2^4+0,0,0,0,0,0,0,0,0,0,0,0,0,0,0,0,0},
{0,0,0,0,0,0,0,0,0,0,0,0,0,0,0,0,0,0,0,0,0,0,0,0,0,0,0,0,0,0,0,0,0,0,0,0,0,0,0,0,0,0,0,0,0,0,0,0,0,0,0,0,0,0,0,0,0,0,0,0,0,0,0,0,0,0,0,0,0,0,0,0,-0.0283062780*J1^2*J2^2+0.0283062780*J2^4+0,-0.0223272649*J1^2*J2^2+0.0223272649*J2^4+0,-0.0017646979*J1^2*J2^2+0.0017646979*J2^4+0,0.0013732310*J1^2*J2^2+-0.0013732310*J2^4+0,0.0326852744*J1^2*J2^2+-0.0326852744*J2^4+0,0.0257813048*J1^2*J2^2+-0.0257813048*J2^4+0,0.0020376976*J1^2*J2^2+-0.0020376976*J2^4+0,-0.0015856706*J1^2*J2^2+0.0015856706*J2^4+0,0,0,0,0,0,0,0,0,0,0,0,0,0,0,0,0},
{0,0,0,0,0,0,0,0,0,0,0,0,0,0,0,0,0,0,0,0,0,0,0,0,0,0,0,0,0,0,0,0,0,0,0,0,0,0,0,0,0,0,0,0,0,0,0,0,0,0,0,0,0,0,0,0,0,0,0,0,0,0,0,0,0,0,0,0,0,0,0,0,-0.0017646979*J1^2*J2^2+0.0017646979*J2^4+0,0.0013732310*J1^2*J2^2+-0.0013732310*J2^4+0,0.0073977284*J1^2*J2^2+-0.0336663087*J1^1*J2^3+0.0262685803*J2^4+0,-0.0044756831*J1^2*J2^2+-0.0059334770*J1^1*J2^3+0.0104091602*J2^4+0,0.0020376976*J1^2*J2^2+-0.0020376976*J2^4+0,-0.0015856706*J1^2*J2^2+0.0015856706*J2^4+0,-0.0085421609*J1^2*J2^2+0.0388745048*J1^1*J2^3+-0.0303323438*J2^4+0,0.0051680737*J1^2*J2^2+0.0068513891*J1^1*J2^3+-0.0120194628*J2^4+0,0,0,0,0,0,0,0,0,0,0,0,0,0,0,0,0},
{0,0,0,0,0,0,0,0,0,0,0,0,0,0,0,0,0,0,0,0,0,0,0,0,0,0,0,0,0,0,0,0,0,0,0,0,0,0,0,0,0,0,0,0,0,0,0,0,0,0,0,0,0,0,0,0,0,0,0,0,0,0,0,0,0,0,0,0,0,0,0,0,0,0,0,0,0,0,0,0,0,0,0,0,0.0163426372*J1^2*J2^2+-0.0163426372*J2^4+0,0.0128906524*J1^2*J2^2+-0.0128906524*J2^4+0,0.0010188488*J1^2*J2^2+-0.0010188488*J2^4+0,-0.0007928353*J1^2*J2^2+0.0007928353*J2^4+0,0,0,0,0,0.0231119792*J1^2*J2^2+-0.0231119792*J2^4+0,0.0182301355*J1^2*J2^2+-0.0182301355*J2^4+0,0.0014408698*J1^2*J2^2+-0.0014408698*J2^4+0,-0.0011212384*J1^2*J2^2+0.0011212384*J2^4+0},
{0,0,0,0,0,0,0,0,0,0,0,0,0,0,0,0,0,0,0,0,0,0,0,0,0,0,0,0,0,0,0,0,0,0,0,0,0,0,0,0,0,0,0,0,0,0,0,0,0,0,0,0,0,0,0,0,0,0,0,0,0,0,0,0,0,0,0,0,0,0,0,0,0,0,0,0,0,0,0,0,0,0,0,0,0.0010188488*J1^2*J2^2+-0.0010188488*J2^4+0,-0.0007928353*J1^2*J2^2+0.0007928353*J2^4+0,-0.0042710805*J1^2*J2^2+0.0194372524*J1^1*J2^3+-0.0151661719*J2^4+0,0.0025840369*J1^2*J2^2+0.0034256946*J1^1*J2^3+-0.0060097314*J2^4+0,0,0,0,0,0.0014408698*J1^2*J2^2+-0.0014408698*J2^4+0,-0.0011212384*J1^2*J2^2+0.0011212384*J2^4+0,-0.0060402199*J1^2*J2^2+0.0274884259*J1^1*J2^3+-0.0214482060*J2^4+0,0.0036543800*J1^2*J2^2+0.0048446637*J1^1*J2^3+-0.0084990437*J2^4+0},
{0,0,0,0,0,0,0,0,0,0,0,0,0,0,0,0,0,0,0,0,0,0,0,0,0,0,0,0,0,0,0,0,0,0,0,0,0,0,0,0,0,0,0,0,0,0,0,0,0,0,0,0,0,0,0,0,0,0,0,0,0,0,0,0,0,0,0,0,0,0,0,0,0,0,0,0,0,0,0,0,0.0163426372*J1^2*J2^2+-0.0163426372*J2^4+0,0.0128906524*J1^2*J2^2+-0.0128906524*J2^4+0,0.0010188488*J1^2*J2^2+-0.0010188488*J2^4+0,-0.0007928353*J1^2*J2^2+0.0007928353*J2^4+0,-0.0188708520*J1^2*J2^2+0.0188708520*J2^4+0,-0.0148848433*J1^2*J2^2+0.0148848433*J2^4+0,-0.0011764653*J1^2*J2^2+0.0011764653*J2^4+0,0.0009154873*J1^2*J2^2+-0.0009154873*J2^4+0,0.0231119792*J1^2*J2^2+-0.0231119792*J2^4+0,0.0182301355*J1^2*J2^2+-0.0182301355*J2^4+0,0.0014408698*J1^2*J2^2+-0.0014408698*J2^4+0,-0.0011212384*J1^2*J2^2+0.0011212384*J2^4+0,-0.0266874148*J1^2*J2^2+0.0266874148*J2^4+0,-0.0210503472*J1^2*J2^2+0.0210503472*J2^4+0,-0.0016637731*J1^2*J2^2+0.0016637731*J2^4+0,0.0012946946*J1^2*J2^2+-0.0012946946*J2^4+0},
{0,0,0,0,0,0,0,0,0,0,0,0,0,0,0,0,0,0,0,0,0,0,0,0,0,0,0,0,0,0,0,0,0,0,0,0,0,0,0,0,0,0,0,0,0,0,0,0,0,0,0,0,0,0,0,0,0,0,0,0,0,0,0,0,0,0,0,0,0,0,0,0,0,0,0,0,0,0,0,0,0.0010188488*J1^2*J2^2+-0.0010188488*J2^4+0,-0.0007928353*J1^2*J2^2+0.0007928353*J2^4+0,-0.0042710805*J1^2*J2^2+0.0194372524*J1^1*J2^3+-0.0151661719*J2^4+0,0.0025840369*J1^2*J2^2+0.0034256946*J1^1*J2^3+-0.0060097314*J2^4+0,-0.0011764653*J1^2*J2^2+0.0011764653*J2^4+0,0.0009154873*J1^2*J2^2+-0.0009154873*J2^4+0,0.0049318189*J1^2*J2^2+-0.0224442058*J1^1*J2^3+0.0175123869*J2^4+0,-0.0029837887*J1^2*J2^2+-0.0039556514*J1^1*J2^3+0.0069394401*J2^4+0,0.0014408698*J1^2*J2^2+-0.0014408698*J2^4+0,-0.0011212384*J1^2*J2^2+0.0011212384*J2^4+0,-0.0060402199*J1^2*J2^2+0.0274884259*J1^1*J2^3+-0.0214482060*J2^4+0,0.0036543800*J1^2*J2^2+0.0048446637*J1^1*J2^3+-0.0084990437*J2^4+0,-0.0016637731*J1^2*J2^2+0.0016637731*J2^4+0,0.0012946946*J1^2*J2^2+-0.0012946946*J2^4+0,0.0069746452*J1^2*J2^2+-0.0317409002*J1^1*J2^3+0.0247662550*J2^4+0,-0.0042197145*J1^2*J2^2+-0.0055941358*J1^1*J2^3+0.0098138503*J2^4+0},
{0,0,0,0,0,0,0,0,0,0,0,0,0,0,0,0,0,0,0,0,0,0,0,0,0,0,0,0,0,0,0,0,0,0,0,0,0,0,0,0,0,0,0,0,0,0,0,0,0,0,0,0,0,0,0,0,0,0,0,0,0,0,0,0,0,0,0,0,0,0,0,0,0,0,0,0,-0.0073296421*J1^2*J2^2+-0.0163507400*J1^1*J2^3+0,0.0042317708*J1^1*J2^3+0.0094401042*J2^4+0,-0.0200737847*J1^2*J2^2+0.0250651042*J1^1*J2^3+-0.0225694444*J2^4+0,-0.0130304748*J1^2*J2^2+0.0246200798*J1^1*J2^3+-0.0014408698*J2^4+0,0,0,0,0,0,0,0,0,0,0,0,0,0,0,0,0},
{0,0,0,0,0,0,0,0,0,0,0,0,0,0,0,0,0,0,0,0,0,0,0,0,0,0,0,0,0,0,0,0,0,0,0,0,0,0,0,0,0,0,0,0,0,0,0,0,0,0,0,0,0,0,0,0,0,0,0,0,0,0,0,0,0,0,0,0,0,0,0,0,0,0,0,0,0.0042317708*J1^1*J2^3+0.0094401042*J2^4+0,-0.0073296421*J1^2*J2^2+-0.0114643120*J1^1*J2^3+0.0109004934*J2^4+0,-0.0130304748*J1^2*J2^2+0.0246200798*J1^1*J2^3+-0.0014408698*J2^4+0,-0.0351200810*J1^2*J2^2+0.0534939236*J1^1*J2^3+-0.0242332176*J2^4+0,0,0,0,0,0,0,0,0,0,0,0,0,0,0,0,0},
{0,0,0,0,0,0,0,0,0,0,0,0,0,0,0,0,0,0,0,0,0,0,0,0,0,0,0,0,0,0,0,0,0,0,0,0,0,0,0,0,0,0,0,0,0,0,0,0,0,0,0,0,0,0,0,0,0,0,0,0,0,0,0,0,0,0,0,0,0,0,0,0,-0.0073296421*J1^2*J2^2+-0.0163507400*J1^1*J2^3+0,0.0042317708*J1^1*J2^3+0.0094401042*J2^4+0,-0.0200737847*J1^2*J2^2+0.0250651042*J1^1*J2^3+-0.0225694444*J2^4+0,-0.0130304748*J1^2*J2^2+0.0246200798*J1^1*J2^3+-0.0014408698*J2^4+0,0.0084635417*J1^2*J2^2+0.0188802083*J1^1*J2^3+0,-0.0048864281*J1^1*J2^3+-0.0109004934*J2^4+0,0.0231792100*J1^2*J2^2+-0.0289426893*J1^1*J2^3+0.0260609497*J2^4+0,0.0150462963*J1^2*J2^2+-0.0284288194*J1^1*J2^3+0.0016637731*J2^4+0,0,0,0,0,0,0,0,0,0,0,0,0,0,0,0,0},
{0,0,0,0,0,0,0,0,0,0,0,0,0,0,0,0,0,0,0,0,0,0,0,0,0,0,0,0,0,0,0,0,0,0,0,0,0,0,0,0,0,0,0,0,0,0,0,0,0,0,0,0,0,0,0,0,0,0,0,0,0,0,0,0,0,0,0,0,0,0,0,0,0.0042317708*J1^1*J2^3+0.0094401042*J2^4+0,-0.0073296421*J1^2*J2^2+-0.0114643120*J1^1*J2^3+0.0109004934*J2^4+0,-0.0130304748*J1^2*J2^2+0.0246200798*J1^1*J2^3+-0.0014408698*J2^4+0,-0.0351200810*J1^2*J2^2+0.0534939236*J1^1*J2^3+-0.0242332176*J2^4+0,-0.0048864281*J1^1*J2^3+-0.0109004934*J2^4+0,0.0084635417*J1^2*J2^2+0.0132378472*J1^1*J2^3+-0.0125868056*J2^4+0,0.0150462963*J1^2*J2^2+-0.0284288194*J1^1*J2^3+0.0016637731*J2^4+0,0.0405531765*J1^2*J2^2+-0.0617694624*J1^1*J2^3+0.0279821094*J2^4+0,0,0,0,0,0,0,0,0,0,0,0,0,0,0,0,0},
{0,0,0,0,0,0,0,0,0,0,0,0,0,0,0,0,0,0,0,0,0,0,0,0,0,0,0,0,0,0,0,0,0,0,0,0,0,0,0,0,0,0,0,0,0,0,0,0,0,0,0,0,0,0,0,0,0,0,0,0,0,0,0,0,0,0,0,0,0,0,0,0,0,0,0,0,0,0,0,0,0,0,0,0,0.0042317708*J1^2*J2^2+0.0094401042*J1^1*J2^3+0,-0.0024432140*J1^1*J2^3+-0.0054502467*J2^4+0,0.0115896050*J1^2*J2^2+-0.0144713446*J1^1*J2^3+0.0130304748*J2^4+0,0.0075231481*J1^2*J2^2+-0.0142144097*J1^1*J2^3+0.0008318866*J2^4+0,0,0,0,0,0.0059846277*J1^2*J2^2+0.0133503233*J1^1*J2^3+0,-0.0034552264*J1^1*J2^3+-0.0077078128*J2^4+0,0.0163901766*J1^2*J2^2+-0.0204655719*J1^1*J2^3+0.0184278742*J2^4+0,0.0106393381*J1^2*J2^2+-0.0201022110*J1^1*J2^3+0.0011764653*J2^4+0},
{0,0,0,0,0,0,0,0,0,0,0,0,0,0,0,0,0,0,0,0,0,0,0,0,0,0,0,0,0,0,0,0,0,0,0,0,0,0,0,0,0,0,0,0,0,0,0,0,0,0,0,0,0,0,0,0,0,0,0,0,0,0,0,0,0,0,0,0,0,0,0,0,0,0,0,0,0,0,0,0,0,0,0,0,-0.0024432140*J1^1*J2^3+-0.0054502467*J2^4+0,0.0042317708*J1^2*J2^2+0.0066189236*J1^1*J2^3+-0.0062934028*J2^4+0,0.0075231481*J1^2*J2^2+-0.0142144097*J1^1*J2^3+0.0008318866*J2^4+0,0.0202765882*J1^2*J2^2+-0.0308847312*J1^1*J2^3+0.0139910547*J2^4+0,0,0,0,0,-0.0034552264*J1^1*J2^3+-0.0077078128*J2^4+0,0.0059846277*J1^2*J2^2+0.0093605715*J1^1*J2^3+-0.0089002156*J2^4+0,0.0106393381*J1^2*J2^2+-0.0201022110*J1^1*J2^3+0.0011764653*J2^4+0,0.0286754261*J1^2*J2^2+-0.0436776057*J1^1*J2^3+0.0197863393*J2^4+0},
{0,0,0,0,0,0,0,0,0,0,0,0,0,0,0,0,0,0,0,0,0,0,0,0,0,0,0,0,0,0,0,0,0,0,0,0,0,0,0,0,0,0,0,0,0,0,0,0,0,0,0,0,0,0,0,0,0,0,0,0,0,0,0,0,0,0,0,0,0,0,0,0,0,0,0,0,0,0,0,0,0.0042317708*J1^2*J2^2+0.0094401042*J1^1*J2^3+0,-0.0024432140*J1^1*J2^3+-0.0054502467*J2^4+0,0.0115896050*J1^2*J2^2+-0.0144713446*J1^1*J2^3+0.0130304748*J2^4+0,0.0075231481*J1^2*J2^2+-0.0142144097*J1^1*J2^3+0.0008318866*J2^4+0,-0.0048864281*J1^2*J2^2+-0.0109004934*J1^1*J2^3+0,0.0028211806*J1^1*J2^3+0.0062934028*J2^4+0,-0.0133825231*J1^2*J2^2+0.0167100694*J1^1*J2^3+-0.0150462963*J2^4+0,-0.0086869832*J1^2*J2^2+0.0164133866*J1^1*J2^3+-0.0009605799*J2^4+0,0.0059846277*J1^2*J2^2+0.0133503233*J1^1*J2^3+0,-0.0034552264*J1^1*J2^3+-0.0077078128*J2^4+0,0.0163901766*J1^2*J2^2+-0.0204655719*J1^1*J2^3+0.0184278742*J2^4+0,0.0106393381*J1^2*J2^2+-0.0201022110*J1^1*J2^3+0.0011764653*J2^4+0,-0.0069104528*J1^2*J2^2+-0.0154156256*J1^1*J2^3+0,0.0039897518*J1^1*J2^3+0.0089002156*J2^4+0,-0.0189257457*J1^2*J2^2+0.0236316068*J1^1*J2^3+-0.0212786763*J2^4+0,-0.0122852495*J1^2*J2^2+0.0232120339*J1^1*J2^3+-0.0013584651*J2^4+0},
{0,0,0,0,0,0,0,0,0,0,0,0,0,0,0,0,0,0,0,0,0,0,0,0,0,0,0,0,0,0,0,0,0,0,0,0,0,0,0,0,0,0,0,0,0,0,0,0,0,0,0,0,0,0,0,0,0,0,0,0,0,0,0,0,0,0,0,0,0,0,0,0,0,0,0,0,0,0,0,0,-0.0024432140*J1^1*J2^3+-0.0054502467*J2^4+0,0.0042317708*J1^2*J2^2+0.0066189236*J1^1*J2^3+-0.0062934028*J2^4+0,0.0075231481*J1^2*J2^2+-0.0142144097*J1^1*J2^3+0.0008318866*J2^4+0,0.0202765882*J1^2*J2^2+-0.0308847312*J1^1*J2^3+0.0139910547*J2^4+0,0.0028211806*J1^1*J2^3+0.0062934028*J2^4+0,-0.0048864281*J1^2*J2^2+-0.0076428747*J1^1*J2^3+0.0072669956*J2^4+0,-0.0086869832*J1^2*J2^2+0.0164133866*J1^1*J2^3+-0.0009605799*J2^4+0,-0.0234133873*J1^2*J2^2+0.0356626157*J1^1*J2^3+-0.0161554784*J2^4+0,-0.0034552264*J1^1*J2^3+-0.0077078128*J2^4+0,0.0059846277*J1^2*J2^2+0.0093605715*J1^1*J2^3+-0.0089002156*J2^4+0,0.0106393381*J1^2*J2^2+-0.0201022110*J1^1*J2^3+0.0011764653*J2^4+0,0.0286754261*J1^2*J2^2+-0.0436776057*J1^1*J2^3+0.0197863393*J2^4+0,0.0039897518*J1^1*J2^3+0.0089002156*J2^4+0,-0.0069104528*J1^2*J2^2+-0.0108086570*J1^1*J2^3+0.0102770837*J2^4+0,-0.0122852495*J1^2*J2^2+0.0232120339*J1^1*J2^3+-0.0013584651*J2^4+0,-0.0331115299*J1^2*J2^2+0.0504345549*J1^1*J2^3+-0.0228472967*J2^4+0},
{0,0,0,0,0,0,0,0,0,0,0,0,0,0,0,0,0,0,0,0,0,0,0,0,0,0,0,0,0,0,0,0,0,0,0,0,0,0,0,0,0,0,0,0,0,0,0,0,0,0,0,0,0,0,0,0,0,0,0,0,0,0,0,0,0,0,0,0,0,0,0,0,0,0,0,0,0.0347688150*J1^1*J2^3+-0.0043226094*J2^4+0,-0.0200737847*J1^2*J2^2+0.0024956597*J1^1*J2^3+0,-0.0158420139*J1^2*J2^2+0.0094401042*J1^1*J2^3+0.0200737847*J2^4+0,0.0014408698*J1^2*J2^2+-0.0024432140*J1^1*J2^3+-0.0068911165*J2^4+0,0,0,0,0,0,0,0,0,0,0,0,0,0,0,0,0},
{0,0,0,0,0,0,0,0,0,0,0,0,0,0,0,0,0,0,0,0,0,0,0,0,0,0,0,0,0,0,0,0,0,0,0,0,0,0,0,0,0,0,0,0,0,0,0,0,0,0,0,0,0,0,0,0,0,0,0,0,0,0,0,0,0,0,0,0,0,0,0,0,0,0,0,0,-0.0200737847*J1^2*J2^2+0.0024956597*J1^1*J2^3+0,-0.0231792100*J1^2*J2^2+0.0376505547*J1^1*J2^3+-0.0043226094*J2^4+0,0.0014408698*J1^2*J2^2+-0.0024432140*J1^1*J2^3+-0.0068911165*J2^4+0,-0.0141782407*J1^2*J2^2+0.0066189236*J1^1*J2^3+0.0121166088*J2^4+0,0,0,0,0,0,0,0,0,0,0,0,0,0,0,0,0},
{0,0,0,0,0,0,0,0,0,0,0,0,0,0,0,0,0,0,0,0,0,0,0,0,0,0,0,0,0,0,0,0,0,0,0,0,0,0,0,0,0,0,0,0,0,0,0,0,0,0,0,0,0,0,0,0,0,0,0,0,0,0,0,0,0,0,0,0,0,0,0,0,0.0347688150*J1^1*J2^3+-0.0043226094*J2^4+0,-0.0200737847*J1^2*J2^2+0.0024956597*J1^1*J2^3+0,-0.0158420139*J1^2*J2^2+0.0094401042*J1^1*J2^3+0.0200737847*J2^4+0,0.0014408698*J1^2*J2^2+-0.0024432140*J1^1*J2^3+-0.0068911165*J2^4+0,-0.0401475694*J1^1*J2^3+0.0049913194*J2^4+0,0.0231792100*J1^2*J2^2+-0.0028817396*J1^1*J2^3+0,0.0182927820*J1^2*J2^2+-0.0109004934*J1^1*J2^3+-0.0231792100*J2^4+0,-0.0016637731*J1^2*J2^2+0.0028211806*J1^1*J2^3+0.0079571759*J2^4+0,0,0,0,0,0,0,0,0,0,0,0,0,0,0,0,0},
{0,0,0,0,0,0,0,0,0,0,0,0,0,0,0,0,0,0,0,0,0,0,0,0,0,0,0,0,0,0,0,0,0,0,0,0,0,0,0,0,0,0,0,0,0,0,0,0,0,0,0,0,0,0,0,0,0,0,0,0,0,0,0,0,0,0,0,0,0,0,0,0,-0.0200737847*J1^2*J2^2+0.0024956597*J1^1*J2^3+0,-0.0231792100*J1^2*J2^2+0.0376505547*J1^1*J2^3+-0.0043226094*J2^4+0,0.0014408698*J1^2*J2^2+-0.0024432140*J1^1*J2^3+-0.0068911165*J2^4+0,-0.0141782407*J1^2*J2^2+0.0066189236*J1^1*J2^3+0.0121166088*J2^4+0,0.0231792100*J1^2*J2^2+-0.0028817396*J1^1*J2^3+0,0.0267650463*J1^2*J2^2+-0.0434751157*J1^1*J2^3+0.0049913194*J2^4+0,-0.0016637731*J1^2*J2^2+0.0028211806*J1^1*J2^3+0.0079571759*J2^4+0,0.0163716222*J1^2*J2^2+-0.0076428747*J1^1*J2^3+-0.0139910547*J2^4+0,0,0,0,0,0,0,0,0,0,0,0,0,0,0,0,0},
{0,0,0,0,0,0,0,0,0,0,0,0,0,0,0,0,0,0,0,0,0,0,0,0,0,0,0,0,0,0,0,0,0,0,0,0,0,0,0,0,0,0,0,0,0,0,0,0,0,0,0,0,0,0,0,0,0,0,0,0,0,0,0,0,0,0,0,0,0,0,0,0,0,0,0,0,0,0,0,0,0,0,0,0,-0.0200737847*J1^1*J2^3+0.0024956597*J2^4+0,0.0115896050*J1^2*J2^2+-0.0014408698*J1^1*J2^3+0,0.0091463910*J1^2*J2^2+-0.0054502467*J1^1*J2^3+-0.0115896050*J2^4+0,-0.0008318866*J1^2*J2^2+0.0014105903*J1^1*J2^3+0.0039785880*J2^4+0,0,0,0,0,-0.0283886186*J1^1*J2^3+0.0035293958*J2^4+0,0.0163901766*J1^2*J2^2+-0.0020376976*J1^1*J2^3+0,0.0129349502*J1^2*J2^2+-0.0077078128*J1^1*J2^3+-0.0163901766*J2^4+0,-0.0011764653*J1^2*J2^2+0.0019948759*J1^1*J2^3+0.0056265731*J2^4+0},
{0,0,0,0,0,0,0,0,0,0,0,0,0,0,0,0,0,0,0,0,0,0,0,0,0,0,0,0,0,0,0,0,0,0,0,0,0,0,0,0,0,0,0,0,0,0,0,0,0,0,0,0,0,0,0,0,0,0,0,0,0,0,0,0,0,0,0,0,0,0,0,0,0,0,0,0,0,0,0,0,0,0,0,0,0.0115896050*J1^2*J2^2+-0.0014408698*J1^1*J2^3+0,0.0133825231*J1^2*J2^2+-0.0217375579*J1^1*J2^3+0.0024956597*J2^4+0,-0.0008318866*J1^2*J2^2+0.0014105903*J1^1*J2^3+0.0039785880*J2^4+0,0.0081858111*J1^2*J2^2+-0.0038214373*J1^1*J2^3+-0.0069955274*J2^4+0,0,0,0,0,0.0163901766*J1^2*J2^2+-0.0020376976*J1^1*J2^3+0,0.0189257457*J1^2*J2^2+-0.0307415492*J1^1*J2^3+0.0035293958*J2^4+0,-0.0011764653*J1^2*J2^2+0.0019948759*J1^1*J2^3+0.0056265731*J2^4+0,0.0115764851*J1^2*J2^2+-0.0054043285*J1^1*J2^3+-0.0098931697*J2^4+0},
{0,0,0,0,0,0,0,0,0,0,0,0,0,0,0,0,0,0,0,0,0,0,0,0,0,0,0,0,0,0,0,0,0,0,0,0,0,0,0,0,0,0,0,0,0,0,0,0,0,0,0,0,0,0,0,0,0,0,0,0,0,0,0,0,0,0,0,0,0,0,0,0,0,0,0,0,0,0,0,0,-0.0200737847*J1^1*J2^3+0.0024956597*J2^4+0,0.0115896050*J1^2*J2^2+-0.0014408698*J1^1*J2^3+0,0.0091463910*J1^2*J2^2+-0.0054502467*J1^1*J2^3+-0.0115896050*J2^4+0,-0.0008318866*J1^2*J2^2+0.0014105903*J1^1*J2^3+0.0039785880*J2^4+0,0.0231792100*J1^1*J2^3+-0.0028817396*J2^4+0,-0.0133825231*J1^2*J2^2+0.0016637731*J1^1*J2^3+0,-0.0105613426*J1^2*J2^2+0.0062934028*J1^1*J2^3+0.0133825231*J2^4+0,0.0009605799*J1^2*J2^2+-0.0016288094*J1^1*J2^3+-0.0045940777*J2^4+0,-0.0283886186*J1^1*J2^3+0.0035293958*J2^4+0,0.0163901766*J1^2*J2^2+-0.0020376976*J1^1*J2^3+0,0.0129349502*J1^2*J2^2+-0.0077078128*J1^1*J2^3+-0.0163901766*J2^4+0,-0.0011764653*J1^2*J2^2+0.0019948759*J1^1*J2^3+0.0056265731*J2^4+0,0.0327803532*J1^1*J2^3+-0.0040753953*J2^4+0,-0.0189257457*J1^2*J2^2+0.0023529306*J1^1*J2^3+0,-0.0149359939*J1^2*J2^2+0.0089002156*J1^1*J2^3+0.0189257457*J2^4+0,0.0013584651*J1^2*J2^2+-0.0023034843*J1^1*J2^3+-0.0064970069*J2^4+0},
{0,0,0,0,0,0,0,0,0,0,0,0,0,0,0,0,0,0,0,0,0,0,0,0,0,0,0,0,0,0,0,0,0,0,0,0,0,0,0,0,0,0,0,0,0,0,0,0,0,0,0,0,0,0,0,0,0,0,0,0,0,0,0,0,0,0,0,0,0,0,0,0,0,0,0,0,0,0,0,0,0.0115896050*J1^2*J2^2+-0.0014408698*J1^1*J2^3+0,0.0133825231*J1^2*J2^2+-0.0217375579*J1^1*J2^3+0.0024956597*J2^4+0,-0.0008318866*J1^2*J2^2+0.0014105903*J1^1*J2^3+0.0039785880*J2^4+0,0.0081858111*J1^2*J2^2+-0.0038214373*J1^1*J2^3+-0.0069955274*J2^4+0,-0.0133825231*J1^2*J2^2+0.0016637731*J1^1*J2^3+0,-0.0154528067*J1^2*J2^2+0.0251003698*J1^1*J2^3+-0.0028817396*J2^4+0,0.0009605799*J1^2*J2^2+-0.0016288094*J1^1*J2^3+-0.0045940777*J2^4+0,-0.0094521605*J1^2*J2^2+0.0044126157*J1^1*J2^3+0.0080777392*J2^4+0,0.0163901766*J1^2*J2^2+-0.0020376976*J1^1*J2^3+0,0.0189257457*J1^2*J2^2+-0.0307415492*J1^1*J2^3+0.0035293958*J2^4+0,-0.0011764653*J1^2*J2^2+0.0019948759*J1^1*J2^3+0.0056265731*J2^4+0,0.0115764851*J1^2*J2^2+-0.0054043285*J1^1*J2^3+-0.0098931697*J2^4+0,-0.0189257457*J1^2*J2^2+0.0023529306*J1^1*J2^3+0,-0.0218535688*J1^2*J2^2+0.0354972834*J1^1*J2^3+-0.0040753953*J2^4+0,0.0013584651*J1^2*J2^2+-0.0023034843*J1^1*J2^3+-0.0064970069*J2^4+0,-0.0133673736*J1^2*J2^2+0.0062403810*J1^1*J2^3+0.0114236483*J2^4+0},
{0,0,0,0,0,0,0,0,0,0,0,0,0,0,0,0,0,0,0,0,0,0,0,0,0,0,0,0,0,0,0,0,0,0,0,0,0,0,0,0,0,0,0,0,0,0,0,0,0,0,0,0,0,0,0,0,0,0,0,0,0,0,0,0,0,0,0,0,0,0,0,0,0,0,0,0,0.0245852649*J1^2*J2^2+-0.0061130929*J1^1*J2^3+0.0245852649*J2^4+0,0.0017646979*J1^2*J2^2+-0.0283886186*J1^1*J2^3+0.0017646979*J2^4+0,-0.0082096816*J1^2*J2^2+0.0133503233*J1^1*J2^3+0.0141943093*J2^4+0,0.0010188488*J1^2*J2^2+-0.0034552264*J1^1*J2^3+-0.0087266616*J2^4+0,0,0,0,0,0,0,0,0,0,0,0,0,0,0,0,0},
{0,0,0,0,0,0,0,0,0,0,0,0,0,0,0,0,0,0,0,0,0,0,0,0,0,0,0,0,0,0,0,0,0,0,0,0,0,0,0,0,0,0,0,0,0,0,0,0,0,0,0,0,0,0,0,0,0,0,0,0,0,0,0,0,0,0,0,0,0,0,0,0,0,0,0,0,0.0017646979*J1^2*J2^2+-0.0283886186*J1^1*J2^3+0.0017646979*J2^4+0,0.0266229625*J1^2*J2^2+-0.0388934461*J1^1*J2^3+0.0266229625*J2^4+0,0.0010188488*J1^2*J2^2+-0.0034552264*J1^1*J2^3+-0.0087266616*J2^4+0,-0.0070332163*J1^2*J2^2+0.0093605715*J1^1*J2^3+0.0041176285*J2^4+0,0,0,0,0,0,0,0,0,0,0,0,0,0,0,0,0},
{0,0,0,0,0,0,0,0,0,0,0,0,0,0,0,0,0,0,0,0,0,0,0,0,0,0,0,0,0,0,0,0,0,0,0,0,0,0,0,0,0,0,0,0,0,0,0,0,0,0,0,0,0,0,0,0,0,0,0,0,0,0,0,0,0,0,0,0,0,0,0,0,0.0245852649*J1^2*J2^2+-0.0061130929*J1^1*J2^3+0.0245852649*J2^4+0,0.0017646979*J1^2*J2^2+-0.0283886186*J1^1*J2^3+0.0017646979*J2^4+0,-0.0082096816*J1^2*J2^2+0.0133503233*J1^1*J2^3+0.0141943093*J2^4+0,0.0010188488*J1^2*J2^2+-0.0034552264*J1^1*J2^3+-0.0087266616*J2^4+0,-0.0283886186*J1^2*J2^2+0.0070587917*J1^1*J2^3+-0.0283886186*J2^4+0,-0.0020376976*J1^2*J2^2+0.0327803532*J1^1*J2^3+-0.0020376976*J2^4+0,0.0094797238*J1^2*J2^2+-0.0154156256*J1^1*J2^3+-0.0163901766*J2^4+0,-0.0011764653*J1^2*J2^2+0.0039897518*J1^1*J2^3+0.0100766808*J2^4+0,0,0,0,0,0,0,0,0,0,0,0,0,0,0,0,0},
{0,0,0,0,0,0,0,0,0,0,0,0,0,0,0,0,0,0,0,0,0,0,0,0,0,0,0,0,0,0,0,0,0,0,0,0,0,0,0,0,0,0,0,0,0,0,0,0,0,0,0,0,0,0,0,0,0,0,0,0,0,0,0,0,0,0,0,0,0,0,0,0,0.0017646979*J1^2*J2^2+-0.0283886186*J1^1*J2^3+0.0017646979*J2^4+0,0.0266229625*J1^2*J2^2+-0.0388934461*J1^1*J2^3+0.0266229625*J2^4+0,0.0010188488*J1^2*J2^2+-0.0034552264*J1^1*J2^3+-0.0087266616*J2^4+0,-0.0070332163*J1^2*J2^2+0.0093605715*J1^1*J2^3+0.0041176285*J2^4+0,-0.0020376976*J1^2*J2^2+0.0327803532*J1^1*J2^3+-0.0020376976*J2^4+0,-0.0307415492*J1^2*J2^2+0.0449102831*J1^1*J2^3+-0.0307415492*J2^4+0,-0.0011764653*J1^2*J2^2+0.0039897518*J1^1*J2^3+0.0100766808*J2^4+0,0.0081212587*J1^2*J2^2+-0.0108086570*J1^1*J2^3+-0.0047546278*J2^4+0,0,0,0,0,0,0,0,0,0,0,0,0,0,0,0,0},
{0,0,0,0,0,0,0,0,0,0,0,0,0,0,0,0,0,0,0,0,0,0,0,0,0,0,0,0,0,0,0,0,0,0,0,0,0,0,0,0,0,0,0,0,0,0,0,0,0,0,0,0,0,0,0,0,0,0,0,0,0,0,0,0,0,0,0,0,0,0,0,0,0,0,0,0,0,0,0,0,0,0,0,0,-0.0141943093*J1^2*J2^2+0.0035293958*J1^1*J2^3+-0.0141943093*J2^4+0,-0.0010188488*J1^2*J2^2+0.0163901766*J1^1*J2^3+-0.0010188488*J2^4+0,0.0047398619*J1^2*J2^2+-0.0077078128*J1^1*J2^3+-0.0081950883*J2^4+0,-0.0005882326*J1^2*J2^2+0.0019948759*J1^1*J2^3+0.0050383404*J2^4+0,0,0,0,0,-0.0200737847*J1^2*J2^2+0.0049913194*J1^1*J2^3+-0.0200737847*J2^4+0,-0.0014408698*J1^2*J2^2+0.0231792100*J1^1*J2^3+-0.0014408698*J2^4+0,0.0067031770*J1^2*J2^2+-0.0109004934*J1^1*J2^3+-0.0115896050*J2^4+0,-0.0008318866*J1^2*J2^2+0.0028211806*J1^1*J2^3+0.0071252894*J2^4+0},
{0,0,0,0,0,0,0,0,0,0,0,0,0,0,0,0,0,0,0,0,0,0,0,0,0,0,0,0,0,0,0,0,0,0,0,0,0,0,0,0,0,0,0,0,0,0,0,0,0,0,0,0,0,0,0,0,0,0,0,0,0,0,0,0,0,0,0,0,0,0,0,0,0,0,0,0,0,0,0,0,0,0,0,0,-0.0010188488*J1^2*J2^2+0.0163901766*J1^1*J2^3+-0.0010188488*J2^4+0,-0.0153707746*J1^2*J2^2+0.0224551416*J1^1*J2^3+-0.0153707746*J2^4+0,-0.0005882326*J1^2*J2^2+0.0019948759*J1^1*J2^3+0.0050383404*J2^4+0,0.0040606293*J1^2*J2^2+-0.0054043285*J1^1*J2^3+-0.0023773139*J2^4+0,0,0,0,0,-0.0014408698*J1^2*J2^2+0.0231792100*J1^1*J2^3+-0.0014408698*J2^4+0,-0.0217375579*J1^2*J2^2+0.0317563657*J1^1*J2^3+-0.0217375579*J2^4+0,-0.0008318866*J1^2*J2^2+0.0028211806*J1^1*J2^3+0.0071252894*J2^4+0,0.0057425971*J1^2*J2^2+-0.0076428747*J1^1*J2^3+-0.0033620296*J2^4+0},
{0,0,0,0,0,0,0,0,0,0,0,0,0,0,0,0,0,0,0,0,0,0,0,0,0,0,0,0,0,0,0,0,0,0,0,0,0,0,0,0,0,0,0,0,0,0,0,0,0,0,0,0,0,0,0,0,0,0,0,0,0,0,0,0,0,0,0,0,0,0,0,0,0,0,0,0,0,0,0,0,-0.0141943093*J1^2*J2^2+0.0035293958*J1^1*J2^3+-0.0141943093*J2^4+0,-0.0010188488*J1^2*J2^2+0.0163901766*J1^1*J2^3+-0.0010188488*J2^4+0,0.0047398619*J1^2*J2^2+-0.0077078128*J1^1*J2^3+-0.0081950883*J2^4+0,-0.0005882326*J1^2*J2^2+0.0019948759*J1^1*J2^3+0.0050383404*J2^4+0,0.0163901766*J1^2*J2^2+-0.0040753953*J1^1*J2^3+0.0163901766*J2^4+0,0.0011764653*J1^2*J2^2+-0.0189257457*J1^1*J2^3+0.0011764653*J2^4+0,-0.0054731211*J1^2*J2^2+0.0089002156*J1^1*J2^3+0.0094628729*J2^4+0,0.0006792325*J1^2*J2^2+-0.0023034843*J1^1*J2^3+-0.0058177744*J2^4+0,-0.0200737847*J1^2*J2^2+0.0049913194*J1^1*J2^3+-0.0200737847*J2^4+0,-0.0014408698*J1^2*J2^2+0.0231792100*J1^1*J2^3+-0.0014408698*J2^4+0,0.0067031770*J1^2*J2^2+-0.0109004934*J1^1*J2^3+-0.0115896050*J2^4+0,-0.0008318866*J1^2*J2^2+0.0028211806*J1^1*J2^3+0.0071252894*J2^4+0,0.0231792100*J1^2*J2^2+-0.0057634792*J1^1*J2^3+0.0231792100*J2^4+0,0.0016637731*J1^2*J2^2+-0.0267650463*J1^1*J2^3+0.0016637731*J2^4+0,-0.0077401620*J1^2*J2^2+0.0125868056*J1^1*J2^3+0.0133825231*J2^4+0,0.0009605799*J1^2*J2^2+-0.0032576187*J1^1*J2^3+-0.0082275755*J2^4+0},
{0,0,0,0,0,0,0,0,0,0,0,0,0,0,0,0,0,0,0,0,0,0,0,0,0,0,0,0,0,0,0,0,0,0,0,0,0,0,0,0,0,0,0,0,0,0,0,0,0,0,0,0,0,0,0,0,0,0,0,0,0,0,0,0,0,0,0,0,0,0,0,0,0,0,0,0,0,0,0,0,-0.0010188488*J1^2*J2^2+0.0163901766*J1^1*J2^3+-0.0010188488*J2^4+0,-0.0153707746*J1^2*J2^2+0.0224551416*J1^1*J2^3+-0.0153707746*J2^4+0,-0.0005882326*J1^2*J2^2+0.0019948759*J1^1*J2^3+0.0050383404*J2^4+0,0.0040606293*J1^2*J2^2+-0.0054043285*J1^1*J2^3+-0.0023773139*J2^4+0,0.0011764653*J1^2*J2^2+-0.0189257457*J1^1*J2^3+0.0011764653*J2^4+0,0.0177486417*J1^2*J2^2+-0.0259289641*J1^1*J2^3+0.0177486417*J2^4+0,0.0006792325*J1^2*J2^2+-0.0023034843*J1^1*J2^3+-0.0058177744*J2^4+0,-0.0046888109*J1^2*J2^2+0.0062403810*J1^1*J2^3+0.0027450856*J2^4+0,-0.0014408698*J1^2*J2^2+0.0231792100*J1^1*J2^3+-0.0014408698*J2^4+0,-0.0217375579*J1^2*J2^2+0.0317563657*J1^1*J2^3+-0.0217375579*J2^4+0,-0.0008318866*J1^2*J2^2+0.0028211806*J1^1*J2^3+0.0071252894*J2^4+0,0.0057425971*J1^2*J2^2+-0.0076428747*J1^1*J2^3+-0.0033620296*J2^4+0,0.0016637731*J1^2*J2^2+-0.0267650463*J1^1*J2^3+0.0016637731*J2^4+0,0.0251003698*J1^2*J2^2+-0.0366690926*J1^1*J2^3+0.0251003698*J2^4+0,0.0009605799*J1^2*J2^2+-0.0032576187*J1^1*J2^3+-0.0082275755*J2^4+0,-0.0066309799*J1^2*J2^2+0.0088252315*J1^1*J2^3+0.0038821373*J2^4+0},
{0,0,0,0,0,0,0,0,0,0,0,0,0,0,0,0,0,0,0,0,0,0,0,0,0,0,0,0,0,0,0,0,0,0,0,0,0,0,0,0,0,0,0,0,0,0,0,0,0,0,0,0,0,0,0,0,0,0,0,0,0,0,0,0,0,0,0,0,0,0,0,0,-0.0122130594*J1^2*J2^2+0.0122130594*J2^4+0,0,0,-0.0040710198*J1^2*J2^2+0.0040710198*J2^4+0,0.0092995269*J1^2*J2^2+-0.0092995269*J2^4+0,0.0179036458*J1^2*J2^2+-0.0179036458*J2^4+0,0.0179036458*J1^2*J2^2+-0.0179036458*J2^4+0,0.0030998423*J1^2*J2^2+-0.0030998423*J2^4+0,0,0,0,0,0,0,0,0,0,0,0,0,0,0,0,0},
{0,0,0,0,0,0,0,0,0,0,0,0,0,0,0,0,0,0,0,0,0,0,0,0,0,0,0,0,0,0,0,0,0,0,0,0,0,0,0,0,0,0,0,0,0,0,0,0,0,0,0,0,0,0,0,0,0,0,0,0,0,0,0,0,0,0,0,0,0,0,0,0,0,-0.0122130594*J1^2*J2^2+0.0122130594*J2^4+0,-0.0040710198*J1^2*J2^2+0.0040710198*J2^4+0,-0.0047008088*J1^2*J2^2+0.0047008088*J2^4+0,0.0179036458*J1^2*J2^2+-0.0179036458*J2^4+0,0.0299728764*J1^2*J2^2+-0.0299728764*J2^4+0,0.0030998423*J1^2*J2^2+-0.0030998423*J2^4+0,0.0214830354*J1^2*J2^2+-0.0214830354*J2^4+0,0,0,0,0,0,0,0,0,0,0,0,0,0,0,0,0},
{0,0,0,0,0,0,0,0,0,0,0,0,0,0,0,0,0,0,0,0,0,0,0,0,0,0,0,0,0,0,0,0,0,0,0,0,0,0,0,0,0,0,0,0,0,0,0,0,0,0,0,0,0,0,0,0,0,0,0,0,0,0,0,0,0,0,0,0,0,0,0,0,0,-0.0040710198*J1^2*J2^2+0.0040710198*J2^4+0,-0.0122130594*J1^2*J2^2+0.0162840792*J1^1*J2^3+-0.0040710198*J2^4+0,-0.0047008088*J1^2*J2^2+0.0094016175*J1^1*J2^3+-0.0047008088*J2^4+0,0.0179036458*J1^2*J2^2+-0.0179036458*J2^4+0,0.0030998423*J1^2*J2^2+-0.0030998423*J2^4+0,-0.0113738226*J1^2*J2^2+0.0289473298*J1^1*J2^3+-0.0175735072*J2^4+0,-0.0023884924*J1^2*J2^2+0.0167127486*J1^1*J2^3+-0.0143242563*J2^4+0,0,0,0,0,0,0,0,0,0,0,0,0,0,0,0,0},
{0,0,0,0,0,0,0,0,0,0,0,0,0,0,0,0,0,0,0,0,0,0,0,0,0,0,0,0,0,0,0,0,0,0,0,0,0,0,0,0,0,0,0,0,0,0,0,0,0,0,0,0,0,0,0,0,0,0,0,0,0,0,0,0,0,0,0,0,0,0,0,0,-0.0040710198*J1^2*J2^2+0.0040710198*J2^4+0,-0.0047008088*J1^2*J2^2+0.0047008088*J2^4+0,-0.0047008088*J1^2*J2^2+0.0094016175*J1^1*J2^3+-0.0047008088*J2^4+0,-0.0176410858*J1^2*J2^2+0.0271401320*J1^1*J2^3+-0.0094990462*J2^4+0,0.0030998423*J1^2*J2^2+-0.0030998423*J2^4+0,0.0214830354*J1^2*J2^2+-0.0214830354*J2^4+0,-0.0023884924*J1^2*J2^2+0.0167127486*J1^1*J2^3+-0.0143242563*J2^4+0,-0.0141318160*J1^2*J2^2+0.0482455496*J1^1*J2^3+-0.0341137336*J2^4+0,0,0,0,0,0,0,0,0,0,0,0,0,0,0,0,0},
{0,0,0,0,0,0,0,0,0,0,0,0,0,0,0,0,0,0,0,0,0,0,0,0,0,0,0,0,0,0,0,0,0,0,0,0,0,0,0,0,0,0,0,0,0,0,0,0,0,0,0,0,0,0,0,0,0,0,0,0,0,0,0,0,0,0,0,0,0,0,0,0,0,0,0,0,0,0,0,0,0.0070512131*J1^2*J2^2+-0.0070512131*J2^4+0,0,0,0.0023504044*J1^2*J2^2+-0.0023504044*J2^4+0,-0.0053690844*J1^2*J2^2+0.0053690844*J2^4+0,-0.0103366747*J1^2*J2^2+0.0103366747*J2^4+0,-0.0103366747*J1^2*J2^2+0.0103366747*J2^4+0,-0.0017896948*J1^2*J2^2+0.0017896948*J2^4+0,0.0099719213*J1^2*J2^2+-0.0099719213*J2^4+0,0,0,0.0033239738*J1^2*J2^2+-0.0033239738*J2^4+0,-0.0075930319*J1^2*J2^2+0.0075930319*J2^4+0,-0.0146182656*J1^2*J2^2+0.0146182656*J2^4+0,-0.0146182656*J1^2*J2^2+0.0146182656*J2^4+0,-0.0025310106*J1^2*J2^2+0.0025310106*J2^4+0},
{0,0,0,0,0,0,0,0,0,0,0,0,0,0,0,0,0,0,0,0,0,0,0,0,0,0,0,0,0,0,0,0,0,0,0,0,0,0,0,0,0,0,0,0,0,0,0,0,0,0,0,0,0,0,0,0,0,0,0,0,0,0,0,0,0,0,0,0,0,0,0,0,0,0,0,0,0,0,0,0,0,0.0070512131*J1^2*J2^2+-0.0070512131*J2^4+0,0.0023504044*J1^2*J2^2+-0.0023504044*J2^4+0,0.0027140132*J1^2*J2^2+-0.0027140132*J2^4+0,-0.0103366747*J1^2*J2^2+0.0103366747*J2^4+0,-0.0173048483*J1^2*J2^2+0.0173048483*J2^4+0,-0.0017896948*J1^2*J2^2+0.0017896948*J2^4+0,-0.0124032363*J1^2*J2^2+0.0124032363*J2^4+0,0,0.0099719213*J1^2*J2^2+-0.0099719213*J2^4+0,0.0033239738*J1^2*J2^2+-0.0033239738*J2^4+0,0.0038381943*J1^2*J2^2+-0.0038381943*J2^4+0,-0.0146182656*J1^2*J2^2+0.0146182656*J2^4+0,-0.0244727511*J1^2*J2^2+0.0244727511*J2^4+0,-0.0025310106*J1^2*J2^2+0.0025310106*J2^4+0,-0.0175408250*J1^2*J2^2+0.0175408250*J2^4+0},
{0,0,0,0,0,0,0,0,0,0,0,0,0,0,0,0,0,0,0,0,0,0,0,0,0,0,0,0,0,0,0,0,0,0,0,0,0,0,0,0,0,0,0,0,0,0,0,0,0,0,0,0,0,0,0,0,0,0,0,0,0,0,0,0,0,0,0,0,0,0,0,0,0,0,0,0,0,0,0,0,0,0.0023504044*J1^2*J2^2+-0.0023504044*J2^4+0,0.0070512131*J1^2*J2^2+-0.0094016175*J1^1*J2^3+0.0023504044*J2^4+0,0.0027140132*J1^2*J2^2+-0.0054280264*J1^1*J2^3+0.0027140132*J2^4+0,-0.0103366747*J1^2*J2^2+0.0103366747*J2^4+0,-0.0017896948*J1^2*J2^2+0.0017896948*J2^4+0,0.0065666795*J1^2*J2^2+-0.0167127486*J1^1*J2^3+0.0101460691*J2^4+0,0.0013789967*J1^2*J2^2+-0.0096491099*J1^1*J2^3+0.0082701132*J2^4+0,0,0.0033239738*J1^2*J2^2+-0.0033239738*J2^4+0,0.0099719213*J1^2*J2^2+-0.0132958950*J1^1*J2^3+0.0033239738*J2^4+0,0.0038381943*J1^2*J2^2+-0.0076763886*J1^1*J2^3+0.0038381943*J2^4+0,-0.0146182656*J1^2*J2^2+0.0146182656*J2^4+0,-0.0025310106*J1^2*J2^2+0.0025310106*J2^4+0,0.0092866872*J1^2*J2^2+-0.0236353958*J1^1*J2^3+0.0143487085*J2^4+0,0.0019501959*J1^2*J2^2+-0.0136459021*J1^1*J2^3+0.0116957063*J2^4+0},
{0,0,0,0,0,0,0,0,0,0,0,0,0,0,0,0,0,0,0,0,0,0,0,0,0,0,0,0,0,0,0,0,0,0,0,0,0,0,0,0,0,0,0,0,0,0,0,0,0,0,0,0,0,0,0,0,0,0,0,0,0,0,0,0,0,0,0,0,0,0,0,0,0,0,0,0,0,0,0,0,0.0023504044*J1^2*J2^2+-0.0023504044*J2^4+0,0.0027140132*J1^2*J2^2+-0.0027140132*J2^4+0,0.0027140132*J1^2*J2^2+-0.0054280264*J1^1*J2^3+0.0027140132*J2^4+0,0.0101850856*J1^2*J2^2+-0.0156693625*J1^1*J2^3+0.0054842769*J2^4+0,-0.0017896948*J1^2*J2^2+0.0017896948*J2^4+0,-0.0124032363*J1^2*J2^2+0.0124032363*J2^4+0,0.0013789967*J1^2*J2^2+-0.0096491099*J1^1*J2^3+0.0082701132*J2^4+0,0.0081590078*J1^2*J2^2+-0.0278545810*J1^1*J2^3+0.0196955733*J2^4+0,0.0033239738*J1^2*J2^2+-0.0033239738*J2^4+0,0.0038381943*J1^2*J2^2+-0.0038381943*J2^4+0,0.0038381943*J1^2*J2^2+-0.0076763886*J1^1*J2^3+0.0038381943*J2^4+0,0.0144038863*J1^2*J2^2+-0.0221598250*J1^1*J2^3+0.0077559388*J2^4+0,-0.0025310106*J1^2*J2^2+0.0025310106*J2^4+0,-0.0175408250*J1^2*J2^2+0.0175408250*J2^4+0,0.0019501959*J1^2*J2^2+-0.0136459021*J1^1*J2^3+0.0116957063*J2^4+0,0.0115385794*J1^2*J2^2+-0.0393923263*J1^1*J2^3+0.0278537468*J2^4+0},
{0,0,0,0,0,0,0,0,0,0,0,0,0,0,0,0,0,0,0,0,0,0,0,0,0,0,0,0,0,0,0,0,0,0,0,0,0,0,0,0,0,0,0,0,0,0,0,0,0,0,0,0,0,0,0,0,0,0,0,0,0,0,0,0,0,0,0,0,0,0,0,0,0,-0.0052135821*J1^2*J2^2+0.0052135821*J2^4+0,-0.0052135821*J1^2*J2^2+0.0052135821*J2^4+0,0,0.0163507400*J1^2*J2^2+-0.0163507400*J2^4+0,0.0148935828*J1^2*J2^2+-0.0148935828*J2^4+0,0.0148935828*J1^2*J2^2+-0.0148935828*J2^4+0,0.0054502467*J1^2*J2^2+-0.0054502467*J2^4+0,0,0,0,0,0,0,0,0,0,0,0,0,0,0,0,0},
{0,0,0,0,0,0,0,0,0,0,0,0,0,0,0,0,0,0,0,0,0,0,0,0,0,0,0,0,0,0,0,0,0,0,0,0,0,0,0,0,0,0,0,0,0,0,0,0,0,0,0,0,0,0,0,0,0,0,0,0,0,0,0,0,0,0,0,0,0,0,0,0,-0.0052135821*J1^2*J2^2+0.0052135821*J2^4+0,-0.0060201260*J1^2*J2^2+0.0060201260*J2^4+0,0,-0.0052135821*J1^2*J2^2+0.0052135821*J2^4+0,0.0148935828*J1^2*J2^2+-0.0148935828*J2^4+0,0.0335483681*J1^2*J2^2+-0.0335483681*J2^4+0,0.0054502467*J1^2*J2^2+-0.0054502467*J2^4+0,0.0211869856*J1^2*J2^2+-0.0211869856*J2^4+0,0,0,0,0,0,0,0,0,0,0,0,0,0,0,0,0},
{0,0,0,0,0,0,0,0,0,0,0,0,0,0,0,0,0,0,0,0,0,0,0,0,0,0,0,0,0,0,0,0,0,0,0,0,0,0,0,0,0,0,0,0,0,0,0,0,0,0,0,0,0,0,0,0,0,0,0,0,0,0,0,0,0,0,0,0,0,0,0,0,-0.0052135821*J1^2*J2^2+0.0052135821*J2^4+0,0,0.0060201260*J1^2*J2^2+-0.0120402521*J1^1*J2^3+0.0060201260*J2^4+0,0.0017378607*J1^2*J2^2+-0.0069514428*J1^1*J2^3+0.0052135821*J2^4+0,0.0148935828*J1^2*J2^2+-0.0148935828*J2^4+0,0.0054502467*J1^2*J2^2+-0.0054502467*J2^4+0,-0.0008468881*J1^2*J2^2+0.0125942695*J1^1*J2^3+-0.0117473814*J2^4+0,0.0013288752*J1^2*J2^2+0.0072713049*J1^1*J2^3+-0.0086001800*J2^4+0,0,0,0,0,0,0,0,0,0,0,0,0,0,0,0,0},
{0,0,0,0,0,0,0,0,0,0,0,0,0,0,0,0,0,0,0,0,0,0,0,0,0,0,0,0,0,0,0,0,0,0,0,0,0,0,0,0,0,0,0,0,0,0,0,0,0,0,0,0,0,0,0,0,0,0,0,0,0,0,0,0,0,0,0,0,0,0,0,0,0,-0.0052135821*J1^2*J2^2+0.0052135821*J2^4+0,0.0017378607*J1^2*J2^2+-0.0069514428*J1^1*J2^3+0.0052135821*J2^4+0,0.0080268347*J1^2*J2^2+-0.0200670868*J1^1*J2^3+0.0120402521*J2^4+0,0.0054502467*J1^2*J2^2+-0.0054502467*J2^4+0,0.0211869856*J1^2*J2^2+-0.0211869856*J2^4+0,0.0013288752*J1^2*J2^2+0.0072713049*J1^1*J2^3+-0.0086001800*J2^4+0,0.0006875648*J1^2*J2^2+0.0209904491*J1^1*J2^3+-0.0216780139*J2^4+0,0,0,0,0,0,0,0,0,0,0,0,0,0,0,0,0},
{0,0,0,0,0,0,0,0,0,0,0,0,0,0,0,0,0,0,0,0,0,0,0,0,0,0,0,0,0,0,0,0,0,0,0,0,0,0,0,0,0,0,0,0,0,0,0,0,0,0,0,0,0,0,0,0,0,0,0,0,0,0,0,0,0,0,0,0,0,0,0,0,0,0,0,0,0,0,0,0,0,0.0030100630*J1^2*J2^2+-0.0030100630*J2^4+0,0.0030100630*J1^2*J2^2+-0.0030100630*J2^4+0,0,-0.0094401042*J1^2*J2^2+0.0094401042*J2^4+0,-0.0085988140*J1^2*J2^2+0.0085988140*J2^4+0,-0.0085988140*J1^2*J2^2+0.0085988140*J2^4+0,-0.0031467014*J1^2*J2^2+0.0031467014*J2^4+0,0,0.0042568719*J1^2*J2^2+-0.0042568719*J2^4+0,0.0042568719*J1^2*J2^2+-0.0042568719*J2^4+0,0,-0.0133503233*J1^2*J2^2+0.0133503233*J2^4+0,-0.0121605594*J1^2*J2^2+0.0121605594*J2^4+0,-0.0121605594*J1^2*J2^2+0.0121605594*J2^4+0,-0.0044501078*J1^2*J2^2+0.0044501078*J2^4+0},
{0,0,0,0,0,0,0,0,0,0,0,0,0,0,0,0,0,0,0,0,0,0,0,0,0,0,0,0,0,0,0,0,0,0,0,0,0,0,0,0,0,0,0,0,0,0,0,0,0,0,0,0,0,0,0,0,0,0,0,0,0,0,0,0,0,0,0,0,0,0,0,0,0,0,0,0,0,0,0,0,0.0030100630*J1^2*J2^2+-0.0030100630*J2^4+0,0.0034757214*J1^2*J2^2+-0.0034757214*J2^4+0,0,0.0030100630*J1^2*J2^2+-0.0030100630*J2^4+0,-0.0085988140*J1^2*J2^2+0.0085988140*J2^4+0,-0.0193691594*J1^2*J2^2+0.0193691594*J2^4+0,-0.0031467014*J1^2*J2^2+0.0031467014*J2^4+0,-0.0122323118*J1^2*J2^2+0.0122323118*J2^4+0,0.0042568719*J1^2*J2^2+-0.0042568719*J2^4+0,0.0049154123*J1^2*J2^2+-0.0049154123*J2^4+0,0,0.0042568719*J1^2*J2^2+-0.0042568719*J2^4+0,-0.0121605594*J1^2*J2^2+0.0121605594*J2^4+0,-0.0273921279*J1^2*J2^2+0.0273921279*J2^4+0,-0.0044501078*J1^2*J2^2+0.0044501078*J2^4+0,-0.0172991013*J1^2*J2^2+0.0172991013*J2^4+0},
{0,0,0,0,0,0,0,0,0,0,0,0,0,0,0,0,0,0,0,0,0,0,0,0,0,0,0,0,0,0,0,0,0,0,0,0,0,0,0,0,0,0,0,0,0,0,0,0,0,0,0,0,0,0,0,0,0,0,0,0,0,0,0,0,0,0,0,0,0,0,0,0,0,0,0,0,0,0,0,0,0.0030100630*J1^2*J2^2+-0.0030100630*J2^4+0,0,-0.0034757214*J1^2*J2^2+0.0069514428*J1^1*J2^3+-0.0034757214*J2^4+0,-0.0010033543*J1^2*J2^2+0.0040134174*J1^1*J2^3+-0.0030100630*J2^4+0,-0.0085988140*J1^2*J2^2+0.0085988140*J2^4+0,-0.0031467014*J1^2*J2^2+0.0031467014*J2^4+0,0.0004889510*J1^2*J2^2+-0.0072713049*J1^1*J2^3+0.0067823538*J2^4+0,-0.0007672264*J1^2*J2^2+-0.0041980898*J1^1*J2^3+0.0049653163*J2^4+0,0.0042568719*J1^2*J2^2+-0.0042568719*J2^4+0,0,-0.0049154123*J1^2*J2^2+0.0098308246*J1^1*J2^3+-0.0049154123*J2^4+0,-0.0014189573*J1^2*J2^2+0.0056758293*J1^1*J2^3+-0.0042568719*J2^4+0,-0.0121605594*J1^2*J2^2+0.0121605594*J2^4+0,-0.0044501078*J1^2*J2^2+0.0044501078*J2^4+0,0.0006914812*J1^2*J2^2+-0.0102831780*J1^1*J2^3+0.0095916968*J2^4+0,-0.0010850220*J1^2*J2^2+-0.0059369956*J1^1*J2^3+0.0070220176*J2^4+0},
{0,0,0,0,0,0,0,0,0,0,0,0,0,0,0,0,0,0,0,0,0,0,0,0,0,0,0,0,0,0,0,0,0,0,0,0,0,0,0,0,0,0,0,0,0,0,0,0,0,0,0,0,0,0,0,0,0,0,0,0,0,0,0,0,0,0,0,0,0,0,0,0,0,0,0,0,0,0,0,0,0,0.0030100630*J1^2*J2^2+-0.0030100630*J2^4+0,-0.0010033543*J1^2*J2^2+0.0040134174*J1^1*J2^3+-0.0030100630*J2^4+0,-0.0046342952*J1^2*J2^2+0.0115857379*J1^1*J2^3+-0.0069514428*J2^4+0,-0.0031467014*J1^2*J2^2+0.0031467014*J2^4+0,-0.0122323118*J1^2*J2^2+0.0122323118*J2^4+0,-0.0007672264*J1^2*J2^2+-0.0041980898*J1^1*J2^3+0.0049653163*J2^4+0,-0.0003969657*J1^2*J2^2+-0.0121188414*J1^1*J2^3+0.0125158072*J2^4+0,0,0.0042568719*J1^2*J2^2+-0.0042568719*J2^4+0,-0.0014189573*J1^2*J2^2+0.0056758293*J1^1*J2^3+-0.0042568719*J2^4+0,-0.0065538831*J1^2*J2^2+0.0163847077*J1^1*J2^3+-0.0098308246*J2^4+0,-0.0044501078*J1^2*J2^2+0.0044501078*J2^4+0,-0.0172991013*J1^2*J2^2+0.0172991013*J2^4+0,-0.0010850220*J1^2*J2^2+-0.0059369956*J1^1*J2^3+0.0070220176*J2^4+0,-0.0005613943*J1^2*J2^2+-0.0171386299*J1^1*J2^3+0.0177000243*J2^4+0},
{0,0,0,0,0,0,0,0,0,0,0,0,0,0,0,0,0,0,0,0,0,0,0,0,0,0,0,0,0,0,0,0,0,0,0,0,0,0,0,0,0,0,0,0,0,0,0,0,0,0,0,0,0,0,0,0,0,0,0,0,0,0,0,0,0,0,0,0,0,0,0,0,0.0113895479*J1^2*J2^2+-0.0113895479*J2^4+0,0.0182408392*J1^2*J2^2+-0.0182408392*J2^4+0,0.0182408392*J1^2*J2^2+-0.0182408392*J2^4+0,0.0037965160*J1^2*J2^2+-0.0037965160*J2^4+0,-0.0165476798*J1^2*J2^2+0.0165476798*J2^4+0,-0.0147882253*J1^2*J2^2+0.0147882253*J2^4+0,-0.0147882253*J1^2*J2^2+0.0147882253*J2^4+0,-0.0055158933*J1^2*J2^2+0.0055158933*J2^4+0,0,0,0,0,0,0,0,0,0,0,0,0,0,0,0,0},
{0,0,0,0,0,0,0,0,0,0,0,0,0,0,0,0,0,0,0,0,0,0,0,0,0,0,0,0,0,0,0,0,0,0,0,0,0,0,0,0,0,0,0,0,0,0,0,0,0,0,0,0,0,0,0,0,0,0,0,0,0,0,0,0,0,0,0,0,0,0,0,0,0.0182408392*J1^2*J2^2+-0.0182408392*J2^4+0,0.0324522547*J1^2*J2^2+-0.0324522547*J2^4+0,0.0037965160*J1^2*J2^2+-0.0037965160*J2^4+0,0.0226246782*J1^2*J2^2+-0.0226246782*J2^4+0,-0.0147882253*J1^2*J2^2+0.0147882253*J2^4+0,-0.0336236516*J1^2*J2^2+0.0336236516*J2^4+0,-0.0055158933*J1^2*J2^2+0.0055158933*J2^4+0,-0.0211574303*J1^2*J2^2+0.0211574303*J2^4+0,0,0,0,0,0,0,0,0,0,0,0,0,0,0,0,0},
{0,0,0,0,0,0,0,0,0,0,0,0,0,0,0,0,0,0,0,0,0,0,0,0,0,0,0,0,0,0,0,0,0,0,0,0,0,0,0,0,0,0,0,0,0,0,0,0,0,0,0,0,0,0,0,0,0,0,0,0,0,0,0,0,0,0,0,0,0,0,0,0,0.0182408392*J1^2*J2^2+-0.0182408392*J2^4+0,0.0037965160*J1^2*J2^2+-0.0037965160*J2^4+0,-0.0096731589*J1^2*J2^2+0.0269393498*J1^1*J2^3+-0.0172661909*J2^4+0,-0.0016964407*J1^2*J2^2+0.0155534409*J1^1*J2^3+-0.0138570001*J2^4+0,-0.0147882253*J1^2*J2^2+0.0147882253*J2^4+0,-0.0055158933*J1^2*J2^2+0.0055158933*J2^4+0,0.0005282920*J1^2*J2^2+-0.0120883705*J1^1*J2^3+0.0115600785*J2^4+0,-0.0014397965*J1^2*J2^2+-0.0069792240*J1^1*J2^3+0.0084190204*J2^4+0,0,0,0,0,0,0,0,0,0,0,0,0,0,0,0,0},
{0,0,0,0,0,0,0,0,0,0,0,0,0,0,0,0,0,0,0,0,0,0,0,0,0,0,0,0,0,0,0,0,0,0,0,0,0,0,0,0,0,0,0,0,0,0,0,0,0,0,0,0,0,0,0,0,0,0,0,0,0,0,0,0,0,0,0,0,0,0,0,0,0.0037965160*J1^2*J2^2+-0.0037965160*J2^4+0,0.0226246782*J1^2*J2^2+-0.0226246782*J2^4+0,-0.0016964407*J1^2*J2^2+0.0155534409*J1^1*J2^3+-0.0138570001*J2^4+0,-0.0116320399*J1^2*J2^2+0.0448989163*J1^1*J2^3+-0.0332668764*J2^4+0,-0.0055158933*J1^2*J2^2+0.0055158933*J2^4+0,-0.0211574303*J1^2*J2^2+0.0211574303*J2^4+0,-0.0014397965*J1^2*J2^2+-0.0069792240*J1^1*J2^3+0.0084190204*J2^4+0,-0.0011342418*J1^2*J2^2+-0.0201472841*J1^1*J2^3+0.0212815259*J2^4+0,0,0,0,0,0,0,0,0,0,0,0,0,0,0,0,0},
{0,0,0,0,0,0,0,0,0,0,0,0,0,0,0,0,0,0,0,0,0,0,0,0,0,0,0,0,0,0,0,0,0,0,0,0,0,0,0,0,0,0,0,0,0,0,0,0,0,0,0,0,0,0,0,0,0,0,0,0,0,0,0,0,0,0,0,0,0,0,0,0,0,0,0,0,0,0,0,0,-0.0065757585*J1^2*J2^2+0.0065757585*J2^4+0,-0.0105313534*J1^2*J2^2+0.0105313534*J2^4+0,-0.0105313534*J1^2*J2^2+0.0105313534*J2^4+0,-0.0021919195*J1^2*J2^2+0.0021919195*J2^4+0,0.0095538074*J1^2*J2^2+-0.0095538074*J2^4+0,0.0085379859*J1^2*J2^2+-0.0085379859*J2^4+0,0.0085379859*J1^2*J2^2+-0.0085379859*J2^4+0,0.0031846025*J1^2*J2^2+-0.0031846025*J2^4+0,-0.0092995269*J1^2*J2^2+0.0092995269*J2^4+0,-0.0148935828*J1^2*J2^2+0.0148935828*J2^4+0,-0.0148935828*J1^2*J2^2+0.0148935828*J2^4+0,-0.0030998423*J1^2*J2^2+0.0030998423*J2^4+0,0.0135111240*J1^2*J2^2+-0.0135111240*J2^4+0,0.0120745354*J1^2*J2^2+-0.0120745354*J2^4+0,0.0120745354*J1^2*J2^2+-0.0120745354*J2^4+0,0.0045037080*J1^2*J2^2+-0.0045037080*J2^4+0},
{0,0,0,0,0,0,0,0,0,0,0,0,0,0,0,0,0,0,0,0,0,0,0,0,0,0,0,0,0,0,0,0,0,0,0,0,0,0,0,0,0,0,0,0,0,0,0,0,0,0,0,0,0,0,0,0,0,0,0,0,0,0,0,0,0,0,0,0,0,0,0,0,0,0,0,0,0,0,0,0,-0.0105313534*J1^2*J2^2+0.0105313534*J2^4+0,-0.0187363180*J1^2*J2^2+0.0187363180*J2^4+0,-0.0021919195*J1^2*J2^2+0.0021919195*J2^4+0,-0.0130623640*J1^2*J2^2+0.0130623640*J2^4+0,0.0085379859*J1^2*J2^2+-0.0085379859*J2^4+0,0.0194126243*J1^2*J2^2+-0.0194126243*J2^4+0,0.0031846025*J1^2*J2^2+-0.0031846025*J2^4+0,0.0122152481*J1^2*J2^2+-0.0122152481*J2^4+0,-0.0148935828*J1^2*J2^2+0.0148935828*J2^4+0,-0.0264971550*J1^2*J2^2+0.0264971550*J2^4+0,-0.0030998423*J1^2*J2^2+0.0030998423*J2^4+0,-0.0184729724*J1^2*J2^2+0.0184729724*J2^4+0,0.0120745354*J1^2*J2^2+-0.0120745354*J2^4+0,0.0274535965*J1^2*J2^2+-0.0274535965*J2^4+0,0.0045037080*J1^2*J2^2+-0.0045037080*J2^4+0,0.0172749695*J1^2*J2^2+-0.0172749695*J2^4+0},
{0,0,0,0,0,0,0,0,0,0,0,0,0,0,0,0,0,0,0,0,0,0,0,0,0,0,0,0,0,0,0,0,0,0,0,0,0,0,0,0,0,0,0,0,0,0,0,0,0,0,0,0,0,0,0,0,0,0,0,0,0,0,0,0,0,0,0,0,0,0,0,0,0,0,0,0,0,0,0,0,-0.0105313534*J1^2*J2^2+0.0105313534*J2^4+0,-0.0021919195*J1^2*J2^2+0.0021919195*J2^4+0,0.0055848009*J1^2*J2^2+-0.0155534409*J1^1*J2^3+0.0099686399*J2^4+0,0.0009794405*J1^2*J2^2+-0.0089797833*J1^1*J2^3+0.0080003428*J2^4+0,0.0085379859*J1^2*J2^2+-0.0085379859*J2^4+0,0.0031846025*J1^2*J2^2+-0.0031846025*J2^4+0,-0.0003050095*J1^2*J2^2+0.0069792240*J1^1*J2^3+-0.0066742144*J2^4+0,0.0008312669*J1^2*J2^2+0.0040294568*J1^1*J2^3+-0.0048607237*J2^4+0,-0.0148935828*J1^2*J2^2+0.0148935828*J2^4+0,-0.0030998423*J1^2*J2^2+0.0030998423*J2^4+0,0.0078981012*J1^2*J2^2+-0.0219958870*J1^1*J2^3+0.0140977858*J2^4+0,0.0013851380*J1^2*J2^2+-0.0126993313*J1^1*J2^3+0.0113141932*J2^4+0,0.0120745354*J1^2*J2^2+-0.0120745354*J2^4+0,0.0045037080*J1^2*J2^2+-0.0045037080*J2^4+0,-0.0004313486*J1^2*J2^2+0.0098701132*J1^1*J2^3+-0.0094387646*J2^4+0,0.0011755889*J1^2*J2^2+0.0056985125*J1^1*J2^3+-0.0068741014*J2^4+0},
{0,0,0,0,0,0,0,0,0,0,0,0,0,0,0,0,0,0,0,0,0,0,0,0,0,0,0,0,0,0,0,0,0,0,0,0,0,0,0,0,0,0,0,0,0,0,0,0,0,0,0,0,0,0,0,0,0,0,0,0,0,0,0,0,0,0,0,0,0,0,0,0,0,0,0,0,0,0,0,0,-0.0021919195*J1^2*J2^2+0.0021919195*J2^4+0,-0.0130623640*J1^2*J2^2+0.0130623640*J2^4+0,0.0009794405*J1^2*J2^2+-0.0089797833*J1^1*J2^3+0.0080003428*J2^4+0,0.0067157614*J1^2*J2^2+-0.0259224014*J1^1*J2^3+0.0192066400*J2^4+0,0.0031846025*J1^2*J2^2+-0.0031846025*J2^4+0,0.0122152481*J1^2*J2^2+-0.0122152481*J2^4+0,0.0008312669*J1^2*J2^2+0.0040294568*J1^1*J2^3+-0.0048607237*J2^4+0,0.0006548548*J1^2*J2^2+0.0116320399*J1^1*J2^3+-0.0122868947*J2^4+0,-0.0030998423*J1^2*J2^2+0.0030998423*J2^4+0,-0.0184729724*J1^2*J2^2+0.0184729724*J2^4+0,0.0013851380*J1^2*J2^2+-0.0126993313*J1^1*J2^3+0.0113141932*J2^4+0,0.0094975208*J1^2*J2^2+-0.0366598117*J1^1*J2^3+0.0271622908*J2^4+0,0.0045037080*J1^2*J2^2+-0.0045037080*J2^4+0,0.0172749695*J1^2*J2^2+-0.0172749695*J2^4+0,0.0011755889*J1^2*J2^2+0.0056985125*J1^1*J2^3+-0.0068741014*J2^4+0,0.0009261045*J1^2*J2^2+0.0164501886*J1^1*J2^3+-0.0173762932*J2^4+0},
{0,0,0,0,0,0,0,0,0,0,-0.0073296421*J1^2*J2^2+0.0073296421*J2^4+0,0.0016276042*J1^2*J2^2+-0.0016276042*J2^4+0,0,0,0,0,0,0,-0.0035881197*J1^2*J2^2+0.0035881197*J2^4+0,0.0014577939*J1^2*J2^2+-0.0014577939*J2^4+0,0,0,0,0,0,0,0.0073296421*J1^2*J2^2+-0.0084572793*J1^1*J2^3+0,-0.0042317708*J1^1*J2^3+0.0048828125*J2^4+0,0,0,0,0,0,0,-0.0001879395*J1^1*J2^3+0.0035708513*J2^4+0,0.0001085069*J1^2*J2^2+-0.0020616319*J1^1*J2^3+0,0,0,0,0,0,0,-0.0001328933*J1^2*J2^2+0.0050499463*J1^1*J2^3+-0.0001328933*J2^4+0,-0.0014577939*J1^2*J2^2+0.0001534520*J1^1*J2^3+-0.0014577939*J2^4+0,0,0,0,0,0.0001808449*J1^2*J2^2+-0.0001808449*J2^4+0,0,0,0.0000602816*J1^2*J2^2+-0.0000602816*J2^4+0,0,0,0,0,0,0.0069955274*J1^2*J2^2+-0.0069955274*J2^4+0,0.0069955274*J1^2*J2^2+-0.0069955274*J2^4+0,0,0,0,0,0,-0.0019437252*J1^2*J2^2+0.0019437252*J2^4+0,-0.0050204145*J1^2*J2^2+0.0050204145*J2^4+0,-0.0050204145*J1^2*J2^2+0.0050204145*J2^4+0,-0.0006479084*J1^2*J2^2+0.0006479084*J2^4+0,0,0,0,0,0,0,0,0,0,0,0,0,0,0,0,0,0,0,0,0,0,0,0,0,0,0,0,0},
{0,0,0.0013020833*J1^2*J2^2+-0.0013020833*J2^4+0,0.0002505861*J1^2*J2^2+-0.0002505861*J2^4+0,0,0,0,0,0,0,0.0029296875*J1^2*J2^2+-0.0029296875*J2^4+0,-0.0011902838*J1^2*J2^2+0.0011902838*J2^4+0,0,0,0,0,0,0,0.0039130258*J1^2*J2^2+-0.0039130258*J2^4+0,-0.0004872755*J1^2*J2^2+0.0004872755*J2^4+0,0,0,0,0,0,0,-0.0042317708*J1^1*J2^3+0.0048828125*J2^4+0,0.0073296421*J1^2*J2^2+-0.0133437074*J1^1*J2^3+0.0056381862*J2^4+0,0,0,0,0,0,0,0.0001085069*J1^2*J2^2+-0.0020616319*J1^1*J2^3+0,0.0001252930*J1^2*J2^2+-0.0025685071*J1^1*J2^3+0.0035708513*J2^4+0,0,0,0,0,0,0,-0.0014577939*J1^2*J2^2+0.0001534520*J1^1*J2^3+-0.0014577939*J2^4+0,-0.0018162088*J1^2*J2^2+0.0052271374*J1^1*J2^3+-0.0018162088*J2^4+0,0,0,0,0,0,0.0001808449*J1^2*J2^2+-0.0001808449*J2^4+0,0.0000602816*J1^2*J2^2+-0.0000602816*J2^4+0,0.0000696072*J1^2*J2^2+-0.0000696072*J2^4+0,0,0,0,0,0.0069955274*J1^2*J2^2+-0.0069955274*J2^4+0,0.0080777392*J1^2*J2^2+-0.0080777392*J2^4+0,0,0.0069955274*J1^2*J2^2+-0.0069955274*J2^4+0,0,0,0,0,-0.0050204145*J1^2*J2^2+0.0050204145*J2^4+0,-0.0077408005*J1^2*J2^2+0.0077408005*J2^4+0,-0.0006479084*J1^2*J2^2+0.0006479084*J2^4+0,-0.0057685546*J1^2*J2^2+0.0057685546*J2^4+0,0,0,0,0,0,0,0,0,0,0,0,0,0,0,0,0,0,0,0,0,0,0,0,0,0,0,0,0},
{0,0,0,0,0,0,0,0,0,0,0.0016276042*J1^2*J2^2+-0.0016276042*J2^4+0,-0.0092090375*J1^2*J2^2+0.0135316469*J1^1*J2^3+-0.0043226094*J2^4+0,0,0,0,0,0,0,0.0014577939*J1^2*J2^2+-0.0014577939*J2^4+0,0.0028793553*J1^2*J2^2+-0.0081507905*J1^1*J2^3+0.0052714352*J2^4+0,0,0,0,0,0,0,0.0001085069*J1^2*J2^2+-0.0042317708*J1^1*J2^3+0.0021701389*J2^4+0,0.0012529303*J1^2*J2^2+-0.0013155768*J1^1*J2^3+0.0011902838*J2^4+0,0,0,0,0,0,0,-0.0041232639*J1^2*J2^2+0.0048828125*J1^1*J2^3+-0.0001085069*J2^4+0,-0.0011902838*J1^2*J2^2+0.0024432140*J1^1*J2^3+-0.0016288094*J2^4+0,0,0,0,0,0,0,-0.0059079017*J1^2*J2^2+0.0069053397*J1^1*J2^3+-0.0000767260*J2^4+0,-0.0008416577*J1^2*J2^2+0.0034552264*J1^1*J2^3+-0.0031451420*J2^4+0,0,0,0,0,0,0.0000602816*J1^2*J2^2+-0.0000602816*J2^4+0,0.0001808449*J1^2*J2^2+-0.0002411265*J1^1*J2^3+0.0000602816*J2^4+0,0.0000696072*J1^2*J2^2+-0.0001392145*J1^1*J2^3+0.0000696072*J2^4+0,0,0,0,0,0.0069955274*J1^2*J2^2+-0.0069955274*J2^4+0,0,-0.0080777392*J1^2*J2^2+0.0161554784*J1^1*J2^3+-0.0080777392*J2^4+0,-0.0023318425*J1^2*J2^2+0.0093273698*J1^1*J2^3+-0.0069955274*J2^4+0,0,0,0,0,-0.0050204145*J1^2*J2^2+0.0050204145*J2^4+0,-0.0006479084*J1^2*J2^2+0.0006479084*J2^4+0,0.0038533500*J1^2*J2^2+-0.0090025169*J1^1*J2^3+0.0051491669*J2^4+0,0.0009253313*J1^2*J2^2+-0.0051976055*J1^1*J2^3+0.0042722743*J2^4+0,0,0,0,0,0,0,0,0,0,0,0,0,0,0,0,0,0,0,0,0,0,0,0,0,0,0,0,0},
{0,0,0.0002505861*J1^2*J2^2+-0.0002505861*J2^4+0,0.0076678241*J1^2*J2^2+-0.0144675926*J1^1*J2^3+0.0067997685*J2^4+0,0,0,0,0,0,0,-0.0011902838*J1^2*J2^2+0.0011902838*J2^4+0,-0.0023509838*J1^2*J2^2+0.0066550926*J1^1*J2^3+-0.0043041088*J2^4+0,0,0,0,0,0,0,-0.0004872755*J1^2*J2^2+0.0004872755*J2^4+0,0.0091815442*J1^2*J2^2+-0.0157544046*J1^1*J2^3+0.0065728603*J2^4+0,0,0,0,0,0,0,0.0012529303*J1^2*J2^2+-0.0013155768*J1^1*J2^3+0.0011902838*J2^4+0,0.0015552662*J1^2*J2^2+-0.0057508681*J1^1*J2^3+0.0035445602*J2^4+0,0,0,0,0,0,0,-0.0011902838*J1^2*J2^2+0.0024432140*J1^1*J2^3+-0.0016288094*J2^4+0,-0.0054976852*J1^2*J2^2+0.0077039931*J1^1*J2^3+-0.0019892940*J2^4+0,0,0,0,0,0,0,-0.0008416577*J1^2*J2^2+0.0034552264*J1^1*J2^3+-0.0031451420*J2^4+0,-0.0068797643*J1^2*J2^2+0.0108950915*J1^1*J2^3+-0.0037084232*J2^4+0,0,0,0,0,0.0000602816*J1^2*J2^2+-0.0000602816*J2^4+0,0.0000696072*J1^2*J2^2+-0.0000696072*J2^4+0,0.0000696072*J1^2*J2^2+-0.0001392145*J1^1*J2^3+0.0000696072*J2^4+0,0.0002612204*J1^2*J2^2+-0.0004018776*J1^1*J2^3+0.0001406572*J2^4+0,0,0,0,0,0,0.0069955274*J1^2*J2^2+-0.0069955274*J2^4+0,-0.0023318425*J1^2*J2^2+0.0093273698*J1^1*J2^3+-0.0069955274*J2^4+0,-0.0107703189*J1^2*J2^2+0.0269257973*J1^1*J2^3+-0.0161554784*J2^4+0,0,0,0,0,-0.0006479084*J1^2*J2^2+0.0006479084*J2^4+0,-0.0057685546*J1^2*J2^2+0.0057685546*J2^4+0,0.0009253313*J1^2*J2^2+-0.0051976055*J1^1*J2^3+0.0042722743*J2^4+0,0.0049218306*J1^2*J2^2+-0.0150041948*J1^1*J2^3+0.0100823642*J2^4+0,0,0,0,0,0,0,0,0,0,0,0,0,0,0,0,0,0,0,0,0,0,0,0,0,0,0,0,0},
{0,0,0,0,0,0,0,0,-0.0073296421*J1^2*J2^2+0.0073296421*J2^4+0,0.0016276042*J1^2*J2^2+-0.0016276042*J2^4+0,0.0084635417*J1^2*J2^2+-0.0084635417*J2^4+0,-0.0018793954*J1^2*J2^2+0.0018793954*J2^4+0,0,0,0,0,-0.0035881197*J1^2*J2^2+0.0035881197*J2^4+0,0.0014577939*J1^2*J2^2+-0.0014577939*J2^4+0,0.0041432038*J1^2*J2^2+-0.0041432038*J2^4+0,-0.0016833154*J1^2*J2^2+0.0016833154*J2^4+0,0,0,0,0,0.0073296421*J1^2*J2^2+-0.0084572793*J1^1*J2^3+0,-0.0042317708*J1^1*J2^3+0.0048828125*J2^4+0,-0.0084635417*J1^2*J2^2+0.0097656250*J1^1*J2^3+0,0.0048864281*J1^1*J2^3+-0.0056381862*J2^4+0,0,0,0,0,-0.0001879395*J1^1*J2^3+0.0035708513*J2^4+0,0.0001085069*J1^2*J2^2+-0.0020616319*J1^1*J2^3+0,0.0002170139*J1^1*J2^3+-0.0041232639*J2^4+0,-0.0001252930*J1^2*J2^2+0.0023805675*J1^1*J2^3+0,0,0,0,0,-0.0001328933*J1^2*J2^2+0.0050499463*J1^1*J2^3+-0.0001328933*J2^4+0,-0.0014577939*J1^2*J2^2+0.0001534520*J1^1*J2^3+-0.0014577939*J2^4+0,0.0001534520*J1^2*J2^2+-0.0058311757*J1^1*J2^3+0.0001534520*J2^4+0,0.0016833154*J1^2*J2^2+-0.0001771911*J1^1*J2^3+0.0016833154*J2^4+0,0,0,0,0,-0.0015870450*J1^2*J2^2+0.0015870450*J2^4+0,-0.0081380208*J1^2*J2^2+0.0081380208*J2^4+0,-0.0081380208*J1^2*J2^2+0.0081380208*J2^4+0,-0.0005290150*J1^2*J2^2+0.0005290150*J2^4+0,0,0,0,0,-0.0016914559*J1^2*J2^2+0.0016914559*J2^4+0,-0.0040991512*J1^2*J2^2+0.0040991512*J2^4+0,-0.0040991512*J1^2*J2^2+0.0040991512*J2^4+0,-0.0005638186*J1^2*J2^2+0.0005638186*J2^4+0,0,0,0,0,0.0012698695*J1^2*J2^2+-0.0012698695*J2^4+0,0.0086103618*J1^2*J2^2+-0.0086103618*J2^4+0,0.0086103618*J1^2*J2^2+-0.0086103618*J2^4+0,0.0004232898*J1^2*J2^2+-0.0004232898*J2^4+0,0,0,0,0,0,0,0,0,0,0,0,0,0,0,0,0,0,0,0,0,0,0,0,0,0,0,0,0},
{0.0013020833*J1^2*J2^2+-0.0013020833*J2^4+0,0.0002505861*J1^2*J2^2+-0.0002505861*J2^4+0,-0.0015035163*J1^2*J2^2+0.0015035163*J2^4+0,-0.0002893519*J1^2*J2^2+0.0002893519*J2^4+0,0,0,0,0,0.0029296875*J1^2*J2^2+-0.0029296875*J2^4+0,-0.0011902838*J1^2*J2^2+0.0011902838*J2^4+0,-0.0033829117*J1^2*J2^2+0.0033829117*J2^4+0,0.0013744213*J1^2*J2^2+-0.0013744213*J2^4+0,0,0,0,0,0.0039130258*J1^2*J2^2+-0.0039130258*J2^4+0,-0.0004872755*J1^2*J2^2+0.0004872755*J2^4+0,-0.0045183730*J1^2*J2^2+0.0045183730*J2^4+0,0.0005626573*J1^2*J2^2+-0.0005626573*J2^4+0,0,0,0,0,-0.0042317708*J1^1*J2^3+0.0048828125*J2^4+0,0.0073296421*J1^2*J2^2+-0.0133437074*J1^1*J2^3+0.0056381862*J2^4+0,0.0048864281*J1^1*J2^3+-0.0056381862*J2^4+0,-0.0084635417*J1^2*J2^2+0.0154079861*J1^1*J2^3+-0.0065104167*J2^4+0,0,0,0,0,0.0001085069*J1^2*J2^2+-0.0020616319*J1^1*J2^3+0,0.0001252930*J1^2*J2^2+-0.0025685071*J1^1*J2^3+0.0035708513*J2^4+0,-0.0001252930*J1^2*J2^2+0.0023805675*J1^1*J2^3+0,-0.0001446759*J1^2*J2^2+0.0029658565*J1^1*J2^3+-0.0041232639*J2^4+0,0,0,0,0,-0.0014577939*J1^2*J2^2+0.0001534520*J1^1*J2^3+-0.0014577939*J2^4+0,-0.0018162088*J1^2*J2^2+0.0052271374*J1^1*J2^3+-0.0018162088*J2^4+0,0.0016833154*J1^2*J2^2+-0.0001771911*J1^1*J2^3+0.0016833154*J2^4+0,0.0020971772*J1^2*J2^2+-0.0060357784*J1^1*J2^3+0.0020971772*J2^4+0,0,0,0,0,-0.0081380208*J1^2*J2^2+0.0081380208*J2^4+0,-0.0109840220*J1^2*J2^2+0.0109840220*J2^4+0,-0.0005290150*J1^2*J2^2+0.0005290150*J2^4+0,-0.0087488747*J1^2*J2^2+0.0087488747*J2^4+0,0,0,0,0,-0.0040991512*J1^2*J2^2+0.0040991512*J2^4+0,-0.0064247480*J1^2*J2^2+0.0064247480*J2^4+0,-0.0005638186*J1^2*J2^2+0.0005638186*J2^4+0,-0.0047501929*J1^2*J2^2+0.0047501929*J2^4+0,0,0,0,0,0.0086103618*J1^2*J2^2+-0.0086103618*J2^4+0,0.0112122589*J1^2*J2^2+-0.0112122589*J2^4+0,0.0004232898*J1^2*J2^2+-0.0004232898*J2^4+0,0.0090991348*J1^2*J2^2+-0.0090991348*J2^4+0,0,0,0,0,0,0,0,0,0,0,0,0,0,0,0,0,0,0,0,0,0,0,0,0,0,0,0,0},
{0,0,0,0,0,0,0,0,0.0016276042*J1^2*J2^2+-0.0016276042*J2^4+0,-0.0092090375*J1^2*J2^2+0.0135316469*J1^1*J2^3+-0.0043226094*J2^4+0,-0.0018793954*J1^2*J2^2+0.0018793954*J2^4+0,0.0106336806*J1^2*J2^2+-0.0156250000*J1^1*J2^3+0.0049913194*J2^4+0,0,0,0,0,0.0014577939*J1^2*J2^2+-0.0014577939*J2^4+0,0.0028793553*J1^2*J2^2+-0.0081507905*J1^1*J2^3+0.0052714352*J2^4+0,-0.0016833154*J1^2*J2^2+0.0016833154*J2^4+0,-0.0033247932*J1^2*J2^2+0.0094117222*J1^1*J2^3+-0.0060869290*J2^4+0,0,0,0,0,0.0001085069*J1^2*J2^2+-0.0042317708*J1^1*J2^3+0.0021701389*J2^4+0,0.0012529303*J1^2*J2^2+-0.0013155768*J1^1*J2^3+0.0011902838*J2^4+0,-0.0001252930*J1^2*J2^2+0.0048864281*J1^1*J2^3+-0.0025058605*J2^4+0,-0.0014467593*J1^2*J2^2+0.0015190972*J1^1*J2^3+-0.0013744213*J2^4+0,0,0,0,0,-0.0041232639*J1^2*J2^2+0.0048828125*J1^1*J2^3+-0.0001085069*J2^4+0,-0.0011902838*J1^2*J2^2+0.0024432140*J1^1*J2^3+-0.0016288094*J2^4+0,0.0047611350*J1^2*J2^2+-0.0056381862*J1^1*J2^3+0.0001252930*J2^4+0,0.0013744213*J1^2*J2^2+-0.0028211806*J1^1*J2^3+0.0018807870*J2^4+0,0,0,0,0,-0.0059079017*J1^2*J2^2+0.0069053397*J1^1*J2^3+-0.0000767260*J2^4+0,-0.0008416577*J1^2*J2^2+0.0034552264*J1^1*J2^3+-0.0031451420*J2^4+0,0.0068218573*J1^2*J2^2+-0.0079735994*J1^1*J2^3+0.0000885955*J2^4+0,0.0009718626*J1^2*J2^2+-0.0039897518*J1^1*J2^3+0.0036316972*J2^4+0,0,0,0,0,-0.0081380208*J1^2*J2^2+0.0081380208*J2^4+0,-0.0005290150*J1^2*J2^2+0.0005290150*J2^4+0,0.0078099320*J1^2*J2^2+-0.0166778941*J1^1*J2^3+0.0088679620*J2^4+0,0.0021018197*J1^2*J2^2+-0.0096289866*J1^1*J2^3+0.0075271669*J2^4+0,0,0,0,0,-0.0040991512*J1^2*J2^2+0.0040991512*J2^4+0,-0.0005638186*J1^2*J2^2+0.0005638186*J2^4+0,0.0030418363*J1^2*J2^2+-0.0072113098*J1^1*J2^3+0.0041694735*J2^4+0,0.0007153421*J1^2*J2^2+-0.0041634516*J1^1*J2^3+0.0034481096*J2^4+0,0,0,0,0,0.0086103618*J1^2*J2^2+-0.0086103618*J2^4+0,0.0004232898*J1^2*J2^2+-0.0004232898*J2^4+0,-0.0086725199*J1^2*J2^2+0.0181916194*J1^1*J2^3+-0.0095190996*J2^4+0,-0.0023813476*J1^2*J2^2+0.0105029364*J1^1*J2^3+-0.0081215888*J2^4+0,0,0,0,0,0,0,0,0,0,0,0,0,0,0,0,0,0,0,0,0,0,0,0,0,0,0,0,0},
{0.0002505861*J1^2*J2^2+-0.0002505861*J2^4+0,0.0076678241*J1^2*J2^2+-0.0144675926*J1^1*J2^3+0.0067997685*J2^4+0,-0.0002893519*J1^2*J2^2+0.0002893519*J2^4+0,-0.0088540406*J1^2*J2^2+0.0167057370*J1^1*J2^3+-0.0078516964*J2^4+0,0,0,0,0,-0.0011902838*J1^2*J2^2+0.0011902838*J2^4+0,-0.0023509838*J1^2*J2^2+0.0066550926*J1^1*J2^3+-0.0043041088*J2^4+0,0.0013744213*J1^2*J2^2+-0.0013744213*J2^4+0,0.0027146823*J1^2*J2^2+-0.0076846390*J1^1*J2^3+0.0049699567*J2^4+0,0,0,0,0,-0.0004872755*J1^2*J2^2+0.0004872755*J2^4+0,0.0091815442*J1^2*J2^2+-0.0157544046*J1^1*J2^3+0.0065728603*J2^4+0,0.0005626573*J1^2*J2^2+-0.0005626573*J2^4+0,-0.0106019340*J1^2*J2^2+0.0181916194*J1^1*J2^3+-0.0075896854*J2^4+0,0,0,0,0,0.0012529303*J1^2*J2^2+-0.0013155768*J1^1*J2^3+0.0011902838*J2^4+0,0.0015552662*J1^2*J2^2+-0.0057508681*J1^1*J2^3+0.0035445602*J2^4+0,-0.0014467593*J1^2*J2^2+0.0015190972*J1^1*J2^3+-0.0013744213*J2^4+0,-0.0017958667*J1^2*J2^2+0.0066405304*J1^1*J2^3+-0.0040929056*J2^4+0,0,0,0,0,-0.0011902838*J1^2*J2^2+0.0024432140*J1^1*J2^3+-0.0016288094*J2^4+0,-0.0054976852*J1^2*J2^2+0.0077039931*J1^1*J2^3+-0.0019892940*J2^4+0,0.0013744213*J1^2*J2^2+-0.0028211806*J1^1*J2^3+0.0018807870*J2^4+0,0.0063481800*J1^2*J2^2+-0.0088958049*J1^1*J2^3+0.0022970388*J2^4+0,0,0,0,0,-0.0008416577*J1^2*J2^2+0.0034552264*J1^1*J2^3+-0.0031451420*J2^4+0,-0.0068797643*J1^2*J2^2+0.0108950915*J1^1*J2^3+-0.0037084232*J2^4+0,0.0009718626*J1^2*J2^2+-0.0039897518*J1^1*J2^3+0.0036316972*J2^4+0,0.0079440676*J1^2*J2^2+-0.0125805680*J1^1*J2^3+0.0042821182*J2^4+0,0,0,0,0,-0.0005290150*J1^2*J2^2+0.0005290150*J2^4+0,-0.0087488747*J1^2*J2^2+0.0087488747*J2^4+0,0.0021018197*J1^2*J2^2+-0.0096289866*J1^1*J2^3+0.0075271669*J2^4+0,0.0102369044*J1^2*J2^2+-0.0277964901*J1^1*J2^3+0.0175595857*J2^4+0,0,0,0,0,-0.0005638186*J1^2*J2^2+0.0005638186*J2^4+0,-0.0047501929*J1^2*J2^2+0.0047501929*J2^4+0,0.0007153421*J1^2*J2^2+-0.0041634516*J1^1*J2^3+0.0034481096*J2^4+0,0.0038678422*J1^2*J2^2+-0.0120188496*J1^1*J2^3+0.0081510075*J2^4+0,0,0,0,0,0.0004232898*J1^2*J2^2+-0.0004232898*J2^4+0,0.0090991348*J1^2*J2^2+-0.0090991348*J2^4+0,-0.0023813476*J1^2*J2^2+0.0105029364*J1^1*J2^3+-0.0081215888*J2^4+0,-0.0114222632*J1^2*J2^2+0.0303193657*J1^1*J2^3+-0.0188971025*J2^4+0,0,0,0,0,0,0,0,0,0,0,0,0,0,0,0,0,0,0,0,0,0,0,0,0,0,0,0,0},
{0,0,0,0,0,0,0,0,0,0,0,0,0,0,0.0042317708*J1^2*J2^2+-0.0042317708*J2^4+0,-0.0009396977*J1^2*J2^2+0.0009396977*J2^4+0,0,0,0,0,0,0,0.0020716019*J1^2*J2^2+-0.0020716019*J2^4+0,-0.0008416577*J1^2*J2^2+0.0008416577*J2^4+0,0,0,0,0,0,0,-0.0042317708*J1^2*J2^2+0.0048828125*J1^1*J2^3+0,0.0024432140*J1^1*J2^3+-0.0028190931*J2^4+0,0,0,0,0,0,0,0.0001085069*J1^1*J2^3+-0.0020616319*J2^4+0,-0.0000626465*J1^2*J2^2+0.0011902838*J1^1*J2^3+0,0,0,0,0,0,0,0.0000767260*J1^2*J2^2+-0.0029155879*J1^1*J2^3+0.0000767260*J2^4+0,0.0008416577*J1^2*J2^2+-0.0000885955*J1^1*J2^3+0.0008416577*J2^4+0,0,0,0,0,-0.0001044109*J1^2*J2^2+0.0001044109*J2^4+0,0,0,-0.0000348036*J1^2*J2^2+0.0000348036*J2^4+0,0,0,0,0,0,-0.0040388696*J1^2*J2^2+0.0040388696*J2^4+0,-0.0040388696*J1^2*J2^2+0.0040388696*J2^4+0,0,0,0,0,0,0.0011222103*J1^2*J2^2+-0.0011222103*J2^4+0,0.0028985376*J1^2*J2^2+-0.0028985376*J2^4+0,0.0028985376*J1^2*J2^2+-0.0028985376*J2^4+0,0.0003740701*J1^2*J2^2+-0.0003740701*J2^4+0,0,0,0,0,0,0,0,0,0,0,0,0,0,0,0,0,0,0,0,0,0,0,0,0},
{0,0,0,0,0,0,-0.0007517582*J1^2*J2^2+0.0007517582*J2^4+0,-0.0001446759*J1^2*J2^2+0.0001446759*J2^4+0,0,0,0,0,0,0,-0.0016914559*J1^2*J2^2+0.0016914559*J2^4+0,0.0006872106*J1^2*J2^2+-0.0006872106*J2^4+0,0,0,0,0,0,0,-0.0022591865*J1^2*J2^2+0.0022591865*J2^4+0,0.0002813287*J1^2*J2^2+-0.0002813287*J2^4+0,0,0,0,0,0,0,0.0024432140*J1^1*J2^3+-0.0028190931*J2^4+0,-0.0042317708*J1^2*J2^2+0.0077039931*J1^1*J2^3+-0.0032552083*J2^4+0,0,0,0,0,0,0,-0.0000626465*J1^2*J2^2+0.0011902838*J1^1*J2^3+0,-0.0000723380*J1^2*J2^2+0.0014829282*J1^1*J2^3+-0.0020616319*J2^4+0,0,0,0,0,0,0,0.0008416577*J1^2*J2^2+-0.0000885955*J1^1*J2^3+0.0008416577*J2^4+0,0.0010485886*J1^2*J2^2+-0.0030178892*J1^1*J2^3+0.0010485886*J2^4+0,0,0,0,0,0,-0.0001044109*J1^2*J2^2+0.0001044109*J2^4+0,-0.0000348036*J1^2*J2^2+0.0000348036*J2^4+0,-0.0000401878*J1^2*J2^2+0.0000401878*J2^4+0,0,0,0,0,-0.0040388696*J1^2*J2^2+0.0040388696*J2^4+0,-0.0046636849*J1^2*J2^2+0.0046636849*J2^4+0,0,-0.0040388696*J1^2*J2^2+0.0040388696*J2^4+0,0,0,0,0,0.0028985376*J1^2*J2^2+-0.0028985376*J2^4+0,0.0044691533*J1^2*J2^2+-0.0044691533*J2^4+0,0.0003740701*J1^2*J2^2+-0.0003740701*J2^4+0,0.0033304766*J1^2*J2^2+-0.0033304766*J2^4+0,0,0,0,0,0,0,0,0,0,0,0,0,0,0,0,0,0,0,0,0,0,0,0,0},
{0,0,0,0,0,0,0,0,0,0,0,0,0,0,-0.0009396977*J1^2*J2^2+0.0009396977*J2^4+0,0.0053168403*J1^2*J2^2+-0.0078125000*J1^1*J2^3+0.0024956597*J2^4+0,0,0,0,0,0,0,-0.0008416577*J1^2*J2^2+0.0008416577*J2^4+0,-0.0016623966*J1^2*J2^2+0.0047058611*J1^1*J2^3+-0.0030434645*J2^4+0,0,0,0,0,0,0,-0.0000626465*J1^2*J2^2+0.0024432140*J1^1*J2^3+-0.0012529303*J2^4+0,-0.0007233796*J1^2*J2^2+0.0007595486*J1^1*J2^3+-0.0006872106*J2^4+0,0,0,0,0,0,0,0.0023805675*J1^2*J2^2+-0.0028190931*J1^1*J2^3+0.0000626465*J2^4+0,0.0006872106*J1^2*J2^2+-0.0014105903*J1^1*J2^3+0.0009403935*J2^4+0,0,0,0,0,0,0,0.0034109286*J1^2*J2^2+-0.0039867997*J1^1*J2^3+0.0000442978*J2^4+0,0.0004859313*J1^2*J2^2+-0.0019948759*J1^1*J2^3+0.0018158486*J2^4+0,0,0,0,0,0,-0.0000348036*J1^2*J2^2+0.0000348036*J2^4+0,-0.0001044109*J1^2*J2^2+0.0001392145*J1^1*J2^3+-0.0000348036*J2^4+0,-0.0000401878*J1^2*J2^2+0.0000803755*J1^1*J2^3+-0.0000401878*J2^4+0,0,0,0,0,-0.0040388696*J1^2*J2^2+0.0040388696*J2^4+0,0,0.0046636849*J1^2*J2^2+-0.0093273698*J1^1*J2^3+0.0046636849*J2^4+0,0.0013462899*J1^2*J2^2+-0.0053851595*J1^1*J2^3+0.0040388696*J2^4+0,0,0,0,0,0.0028985376*J1^2*J2^2+-0.0028985376*J2^4+0,0.0003740701*J1^2*J2^2+-0.0003740701*J2^4+0,-0.0022247327*J1^2*J2^2+0.0051976055*J1^1*J2^3+-0.0029728729*J2^4+0,-0.0005342403*J1^2*J2^2+0.0030008390*J1^1*J2^3+-0.0024665987*J2^4+0,0,0,0,0,0,0,0,0,0,0,0,0,0,0,0,0,0,0,0,0,0,0,0,0},
{0,0,0,0,0,0,-0.0001446759*J1^2*J2^2+0.0001446759*J2^4+0,-0.0044270203*J1^2*J2^2+0.0083528685*J1^1*J2^3+-0.0039258482*J2^4+0,0,0,0,0,0,0,0.0006872106*J1^2*J2^2+-0.0006872106*J2^4+0,0.0013573411*J1^2*J2^2+-0.0038423195*J1^1*J2^3+0.0024849784*J2^4+0,0,0,0,0,0,0,0.0002813287*J1^2*J2^2+-0.0002813287*J2^4+0,-0.0053009670*J1^2*J2^2+0.0090958097*J1^1*J2^3+-0.0037948427*J2^4+0,0,0,0,0,0,0,-0.0007233796*J1^2*J2^2+0.0007595486*J1^1*J2^3+-0.0006872106*J2^4+0,-0.0008979334*J1^2*J2^2+0.0033202652*J1^1*J2^3+-0.0020464528*J2^4+0,0,0,0,0,0,0,0.0006872106*J1^2*J2^2+-0.0014105903*J1^1*J2^3+0.0009403935*J2^4+0,0.0031740900*J1^2*J2^2+-0.0044479025*J1^1*J2^3+0.0011485194*J2^4+0,0,0,0,0,0,0,0.0004859313*J1^2*J2^2+-0.0019948759*J1^1*J2^3+0.0018158486*J2^4+0,0.0039720338*J1^2*J2^2+-0.0062902840*J1^1*J2^3+0.0021410591*J2^4+0,0,0,0,0,-0.0000348036*J1^2*J2^2+0.0000348036*J2^4+0,-0.0000401878*J1^2*J2^2+0.0000401878*J2^4+0,-0.0000401878*J1^2*J2^2+0.0000803755*J1^1*J2^3+-0.0000401878*J2^4+0,-0.0001508157*J1^2*J2^2+0.0002320241*J1^1*J2^3+-0.0000812084*J2^4+0,0,0,0,0,0,-0.0040388696*J1^2*J2^2+0.0040388696*J2^4+0,0.0013462899*J1^2*J2^2+-0.0053851595*J1^1*J2^3+0.0040388696*J2^4+0,0.0062182465*J1^2*J2^2+-0.0155456163*J1^1*J2^3+0.0093273698*J2^4+0,0,0,0,0,0.0003740701*J1^2*J2^2+-0.0003740701*J2^4+0,0.0033304766*J1^2*J2^2+-0.0033304766*J2^4+0,-0.0005342403*J1^2*J2^2+0.0030008390*J1^1*J2^3+-0.0024665987*J2^4+0,-0.0028416202*J1^2*J2^2+0.0086626759*J1^1*J2^3+-0.0058210557*J2^4+0,0,0,0,0,0,0,0,0,0,0,0,0,0,0,0,0,0,0,0,0,0,0,0,0},
{0,0,0,0,0,0,0,0,0,0,0,0,0.0042317708*J1^2*J2^2+-0.0042317708*J2^4+0,-0.0009396977*J1^2*J2^2+0.0009396977*J2^4+0,-0.0048864281*J1^2*J2^2+0.0048864281*J2^4+0,0.0010850694*J1^2*J2^2+-0.0010850694*J2^4+0,0,0,0,0,0.0020716019*J1^2*J2^2+-0.0020716019*J2^4+0,-0.0008416577*J1^2*J2^2+0.0008416577*J2^4+0,-0.0023920798*J1^2*J2^2+0.0023920798*J2^4+0,0.0009718626*J1^2*J2^2+-0.0009718626*J2^4+0,0,0,0,0,-0.0042317708*J1^2*J2^2+0.0048828125*J1^1*J2^3+0,0.0024432140*J1^1*J2^3+-0.0028190931*J2^4+0,0.0048864281*J1^2*J2^2+-0.0056381862*J1^1*J2^3+0,-0.0028211806*J1^1*J2^3+0.0032552083*J2^4+0,0,0,0,0,0.0001085069*J1^1*J2^3+-0.0020616319*J2^4+0,-0.0000626465*J1^2*J2^2+0.0011902838*J1^1*J2^3+0,-0.0001252930*J1^1*J2^3+0.0023805675*J2^4+0,0.0000723380*J1^2*J2^2+-0.0013744213*J1^1*J2^3+0,0,0,0,0,0.0000767260*J1^2*J2^2+-0.0029155879*J1^1*J2^3+0.0000767260*J2^4+0,0.0008416577*J1^2*J2^2+-0.0000885955*J1^1*J2^3+0.0008416577*J2^4+0,-0.0000885955*J1^2*J2^2+0.0033666309*J1^1*J2^3+-0.0000885955*J2^4+0,-0.0009718626*J1^2*J2^2+0.0001023013*J1^1*J2^3+-0.0009718626*J2^4+0,0,0,0,0,0.0009162809*J1^2*J2^2+-0.0009162809*J2^4+0,0.0046984885*J1^2*J2^2+-0.0046984885*J2^4+0,0.0046984885*J1^2*J2^2+-0.0046984885*J2^4+0,0.0003054270*J1^2*J2^2+-0.0003054270*J2^4+0,0,0,0,0,0.0009765625*J1^2*J2^2+-0.0009765625*J2^4+0,0.0023666461*J1^2*J2^2+-0.0023666461*J2^4+0,0.0023666461*J1^2*J2^2+-0.0023666461*J2^4+0,0.0003255208*J1^2*J2^2+-0.0003255208*J2^4+0,0,0,0,0,-0.0007331595*J1^2*J2^2+0.0007331595*J2^4+0,-0.0049711947*J1^2*J2^2+0.0049711947*J2^4+0,-0.0049711947*J1^2*J2^2+0.0049711947*J2^4+0,-0.0002443865*J1^2*J2^2+0.0002443865*J2^4+0,0,0,0,0,0,0,0,0,0,0,0,0,0,0,0,0,0,0,0,0,0,0,0,0},
{0,0,0,0,-0.0007517582*J1^2*J2^2+0.0007517582*J2^4+0,-0.0001446759*J1^2*J2^2+0.0001446759*J2^4+0,0.0008680556*J1^2*J2^2+-0.0008680556*J2^4+0,0.0001670574*J1^2*J2^2+-0.0001670574*J2^4+0,0,0,0,0,-0.0016914559*J1^2*J2^2+0.0016914559*J2^4+0,0.0006872106*J1^2*J2^2+-0.0006872106*J2^4+0,0.0019531250*J1^2*J2^2+-0.0019531250*J2^4+0,-0.0007935225*J1^2*J2^2+0.0007935225*J2^4+0,0,0,0,0,-0.0022591865*J1^2*J2^2+0.0022591865*J2^4+0,0.0002813287*J1^2*J2^2+-0.0002813287*J2^4+0,0.0026086839*J1^2*J2^2+-0.0026086839*J2^4+0,-0.0003248503*J1^2*J2^2+0.0003248503*J2^4+0,0,0,0,0,0.0024432140*J1^1*J2^3+-0.0028190931*J2^4+0,-0.0042317708*J1^2*J2^2+0.0077039931*J1^1*J2^3+-0.0032552083*J2^4+0,-0.0028211806*J1^1*J2^3+0.0032552083*J2^4+0,0.0048864281*J1^2*J2^2+-0.0088958049*J1^1*J2^3+0.0037587908*J2^4+0,0,0,0,0,-0.0000626465*J1^2*J2^2+0.0011902838*J1^1*J2^3+0,-0.0000723380*J1^2*J2^2+0.0014829282*J1^1*J2^3+-0.0020616319*J2^4+0,0.0000723380*J1^2*J2^2+-0.0013744213*J1^1*J2^3+0,0.0000835287*J1^2*J2^2+-0.0017123380*J1^1*J2^3+0.0023805675*J2^4+0,0,0,0,0,0.0008416577*J1^2*J2^2+-0.0000885955*J1^1*J2^3+0.0008416577*J2^4+0,0.0010485886*J1^2*J2^2+-0.0030178892*J1^1*J2^3+0.0010485886*J2^4+0,-0.0009718626*J1^2*J2^2+0.0001023013*J1^1*J2^3+-0.0009718626*J2^4+0,-0.0012108058*J1^2*J2^2+0.0034847583*J1^1*J2^3+-0.0012108058*J2^4+0,0,0,0,0,0.0046984885*J1^2*J2^2+-0.0046984885*J2^4+0,0.0063416281*J1^2*J2^2+-0.0063416281*J2^4+0,0.0003054270*J1^2*J2^2+-0.0003054270*J2^4+0,0.0050511652*J1^2*J2^2+-0.0050511652*J2^4+0,0,0,0,0,0.0023666461*J1^2*J2^2+-0.0023666461*J2^4+0,0.0037093300*J1^2*J2^2+-0.0037093300*J2^4+0,0.0003255208*J1^2*J2^2+-0.0003255208*J2^4+0,0.0027425252*J1^2*J2^2+-0.0027425252*J2^4+0,0,0,0,0,-0.0049711947*J1^2*J2^2+0.0049711947*J2^4+0,-0.0064734007*J1^2*J2^2+0.0064734007*J2^4+0,-0.0002443865*J1^2*J2^2+0.0002443865*J2^4+0,-0.0052533879*J1^2*J2^2+0.0052533879*J2^4+0,0,0,0,0,0,0,0,0,0,0,0,0,0,0,0,0,0,0,0,0,0,0,0,0},
{0,0,0,0,0,0,0,0,0,0,0,0,-0.0009396977*J1^2*J2^2+0.0009396977*J2^4+0,0.0053168403*J1^2*J2^2+-0.0078125000*J1^1*J2^3+0.0024956597*J2^4+0,0.0010850694*J1^2*J2^2+-0.0010850694*J2^4+0,-0.0061393583*J1^2*J2^2+0.0090210980*J1^1*J2^3+-0.0028817396*J2^4+0,0,0,0,0,-0.0008416577*J1^2*J2^2+0.0008416577*J2^4+0,-0.0016623966*J1^2*J2^2+0.0047058611*J1^1*J2^3+-0.0030434645*J2^4+0,0.0009718626*J1^2*J2^2+-0.0009718626*J2^4+0,0.0019195702*J1^2*J2^2+-0.0054338603*J1^1*J2^3+0.0035142901*J2^4+0,0,0,0,0,-0.0000626465*J1^2*J2^2+0.0024432140*J1^1*J2^3+-0.0012529303*J2^4+0,-0.0007233796*J1^2*J2^2+0.0007595486*J1^1*J2^3+-0.0006872106*J2^4+0,0.0000723380*J1^2*J2^2+-0.0028211806*J1^1*J2^3+0.0014467593*J2^4+0,0.0008352868*J1^2*J2^2+-0.0008770512*J1^1*J2^3+0.0007935225*J2^4+0,0,0,0,0,0.0023805675*J1^2*J2^2+-0.0028190931*J1^1*J2^3+0.0000626465*J2^4+0,0.0006872106*J1^2*J2^2+-0.0014105903*J1^1*J2^3+0.0009403935*J2^4+0,-0.0027488426*J1^2*J2^2+0.0032552083*J1^1*J2^3+-0.0000723380*J2^4+0,-0.0007935225*J1^2*J2^2+0.0016288094*J1^1*J2^3+-0.0010858729*J2^4+0,0,0,0,0,0.0034109286*J1^2*J2^2+-0.0039867997*J1^1*J2^3+0.0000442978*J2^4+0,0.0004859313*J1^2*J2^2+-0.0019948759*J1^1*J2^3+0.0018158486*J2^4+0,-0.0039386011*J1^2*J2^2+0.0046035598*J1^1*J2^3+-0.0000511507*J2^4+0,-0.0005611051*J1^2*J2^2+0.0023034843*J1^1*J2^3+-0.0020967613*J2^4+0,0,0,0,0,0.0046984885*J1^2*J2^2+-0.0046984885*J2^4+0,0.0003054270*J1^2*J2^2+-0.0003054270*J2^4+0,-0.0045090664*J1^2*J2^2+0.0096289866*J1^1*J2^3+-0.0051199203*J2^4+0,-0.0012134862*J1^2*J2^2+0.0055592980*J1^1*J2^3+-0.0043458118*J2^4+0,0,0,0,0,0.0023666461*J1^2*J2^2+-0.0023666461*J2^4+0,0.0003255208*J1^2*J2^2+-0.0003255208*J2^4+0,-0.0017562050*J1^2*J2^2+0.0041634516*J1^1*J2^3+-0.0024072467*J2^4+0,-0.0004130029*J1^2*J2^2+0.0024037699*J1^1*J2^3+-0.0019907670*J2^4+0,0,0,0,0,-0.0049711947*J1^2*J2^2+0.0049711947*J2^4+0,-0.0002443865*J1^2*J2^2+0.0002443865*J2^4+0,0.0050070817*J1^2*J2^2+-0.0105029364*J1^1*J2^3+0.0054958547*J2^4+0,0.0013748717*J1^2*J2^2+-0.0060638731*J1^1*J2^3+0.0046890015*J2^4+0,0,0,0,0,0,0,0,0,0,0,0,0,0,0,0,0,0,0,0,0,0,0,0,0},
{0,0,0,0,-0.0001446759*J1^2*J2^2+0.0001446759*J2^4+0,-0.0044270203*J1^2*J2^2+0.0083528685*J1^1*J2^3+-0.0039258482*J2^4+0,0.0001670574*J1^2*J2^2+-0.0001670574*J2^4+0,0.0051118827*J1^2*J2^2+-0.0096450617*J1^1*J2^3+0.0045331790*J2^4+0,0,0,0,0,0.0006872106*J1^2*J2^2+-0.0006872106*J2^4+0,0.0013573411*J1^2*J2^2+-0.0038423195*J1^1*J2^3+0.0024849784*J2^4+0,-0.0007935225*J1^2*J2^2+0.0007935225*J2^4+0,-0.0015673225*J1^2*J2^2+0.0044367284*J1^1*J2^3+-0.0028694059*J2^4+0,0,0,0,0,0.0002813287*J1^2*J2^2+-0.0002813287*J2^4+0,-0.0053009670*J1^2*J2^2+0.0090958097*J1^1*J2^3+-0.0037948427*J2^4+0,-0.0003248503*J1^2*J2^2+0.0003248503*J2^4+0,0.0061210295*J1^2*J2^2+-0.0105029364*J1^1*J2^3+0.0043819069*J2^4+0,0,0,0,0,-0.0007233796*J1^2*J2^2+0.0007595486*J1^1*J2^3+-0.0006872106*J2^4+0,-0.0008979334*J1^2*J2^2+0.0033202652*J1^1*J2^3+-0.0020464528*J2^4+0,0.0008352868*J1^2*J2^2+-0.0008770512*J1^1*J2^3+0.0007935225*J2^4+0,0.0010368441*J1^2*J2^2+-0.0038339120*J1^1*J2^3+0.0023630401*J2^4+0,0,0,0,0,0.0006872106*J1^2*J2^2+-0.0014105903*J1^1*J2^3+0.0009403935*J2^4+0,0.0031740900*J1^2*J2^2+-0.0044479025*J1^1*J2^3+0.0011485194*J2^4+0,-0.0007935225*J1^2*J2^2+0.0016288094*J1^1*J2^3+-0.0010858729*J2^4+0,-0.0036651235*J1^2*J2^2+0.0051359954*J1^1*J2^3+-0.0013261960*J2^4+0,0,0,0,0,0.0004859313*J1^2*J2^2+-0.0019948759*J1^1*J2^3+0.0018158486*J2^4+0,0.0039720338*J1^2*J2^2+-0.0062902840*J1^1*J2^3+0.0021410591*J2^4+0,-0.0005611051*J1^2*J2^2+0.0023034843*J1^1*J2^3+-0.0020967613*J2^4+0,-0.0045865096*J1^2*J2^2+0.0072633943*J1^1*J2^3+-0.0024722821*J2^4+0,0,0,0,0,0.0003054270*J1^2*J2^2+-0.0003054270*J2^4+0,0.0050511652*J1^2*J2^2+-0.0050511652*J2^4+0,-0.0012134862*J1^2*J2^2+0.0055592980*J1^1*J2^3+-0.0043458118*J2^4+0,-0.0059102795*J1^2*J2^2+0.0160483110*J1^1*J2^3+-0.0101380316*J2^4+0,0,0,0,0,0.0003255208*J1^2*J2^2+-0.0003255208*J2^4+0,0.0027425252*J1^2*J2^2+-0.0027425252*J2^4+0,-0.0004130029*J1^2*J2^2+0.0024037699*J1^1*J2^3+-0.0019907670*J2^4+0,-0.0022330997*J1^2*J2^2+0.0069390861*J1^1*J2^3+-0.0047059864*J2^4+0,0,0,0,0,-0.0002443865*J1^2*J2^2+0.0002443865*J2^4+0,-0.0052533879*J1^2*J2^2+0.0052533879*J2^4+0,0.0013748717*J1^2*J2^2+-0.0060638731*J1^1*J2^3+0.0046890015*J2^4+0,0.0065946467*J1^2*J2^2+-0.0175048940*J1^1*J2^3+0.0109102472*J2^4+0,0,0,0,0,0,0,0,0,0,0,0,0,0,0,0,0,0,0,0,0,0,0,0,0},
{0,0,0,0,0,0,0,0,0,0,0,0,0,0,0.0059846277*J1^2*J2^2+-0.0059846277*J2^4+0,-0.0013289332*J1^2*J2^2+0.0013289332*J2^4+0,0,0,0,0,0,0,0.0029296875*J1^2*J2^2+-0.0029296875*J2^4+0,-0.0011902838*J1^2*J2^2+0.0011902838*J2^4+0,0,0,0,0,0,0,-0.0059846277*J1^2*J2^2+0.0069053397*J1^1*J2^3+0,0.0034552264*J1^1*J2^3+-0.0039867997*J2^4+0,0,0,0,0,0,0,0.0001534520*J1^1*J2^3+-0.0029155879*J2^4+0,-0.0000885955*J1^2*J2^2+0.0016833154*J1^1*J2^3+0,0,0,0,0,0,0,0.0001085069*J1^2*J2^2+-0.0041232639*J1^1*J2^3+0.0001085069*J2^4+0,0.0011902838*J1^2*J2^2+-0.0001252930*J1^1*J2^3+0.0011902838*J2^4+0,0,0,0,0,-0.0001476592*J1^2*J2^2+0.0001476592*J2^4+0,0,0,-0.0000492197*J1^2*J2^2+0.0000492197*J2^4+0,0,0,0,0,0,-0.0057118242*J1^2*J2^2+0.0057118242*J2^4+0,-0.0057118242*J1^2*J2^2+0.0057118242*J2^4+0,0,0,0,0,0,0.0015870450*J1^2*J2^2+-0.0015870450*J2^4+0,0.0040991512*J1^2*J2^2+-0.0040991512*J2^4+0,0.0040991512*J1^2*J2^2+-0.0040991512*J2^4+0,0.0005290150*J1^2*J2^2+-0.0005290150*J2^4+0,0,0,0,0,0,0,0,0,0,0,0,0,0,0,0,0,0,0,0,0,0,0,0,0},
{0,0,0,0,0,0,-0.0010631466*J1^2*J2^2+0.0010631466*J2^4+0,-0.0002046027*J1^2*J2^2+0.0002046027*J2^4+0,0,0,0,0,0,0,-0.0023920798*J1^2*J2^2+0.0023920798*J2^4+0,0.0009718626*J1^2*J2^2+-0.0009718626*J2^4+0,0,0,0,0,0,0,-0.0031949722*J1^2*J2^2+0.0031949722*J2^4+0,0.0003978588*J1^2*J2^2+-0.0003978588*J2^4+0,0,0,0,0,0,0,0.0034552264*J1^1*J2^3+-0.0039867997*J2^4+0,-0.0059846277*J1^2*J2^2+0.0108950915*J1^1*J2^3+-0.0046035598*J2^4+0,0,0,0,0,0,0,-0.0000885955*J1^2*J2^2+0.0016833154*J1^1*J2^3+0,-0.0001023013*J1^2*J2^2+0.0020971772*J1^1*J2^3+-0.0029155879*J2^4+0,0,0,0,0,0,0,0.0011902838*J1^2*J2^2+-0.0001252930*J1^1*J2^3+0.0011902838*J2^4+0,0.0014829282*J1^2*J2^2+-0.0042679398*J1^1*J2^3+0.0014829282*J2^4+0,0,0,0,0,0,-0.0001476592*J1^2*J2^2+0.0001476592*J2^4+0,-0.0000492197*J1^2*J2^2+0.0000492197*J2^4+0,-0.0000568341*J1^2*J2^2+0.0000568341*J2^4+0,0,0,0,0,-0.0057118242*J1^2*J2^2+0.0057118242*J2^4+0,-0.0065954464*J1^2*J2^2+0.0065954464*J2^4+0,0,-0.0057118242*J1^2*J2^2+0.0057118242*J2^4+0,0,0,0,0,0.0040991512*J1^2*J2^2+-0.0040991512*J2^4+0,0.0063203371*J1^2*J2^2+-0.0063203371*J2^4+0,0.0005290150*J1^2*J2^2+-0.0005290150*J2^4+0,0.0047100051*J1^2*J2^2+-0.0047100051*J2^4+0,0,0,0,0,0,0,0,0,0,0,0,0,0,0,0,0,0,0,0,0,0,0,0,0},
{0,0,0,0,0,0,0,0,0,0,0,0,0,0,-0.0013289332*J1^2*J2^2+0.0013289332*J2^4+0,0.0075191476*J1^2*J2^2+-0.0110485435*J1^1*J2^3+0.0035293958*J2^4+0,0,0,0,0,0,0,-0.0011902838*J1^2*J2^2+0.0011902838*J2^4+0,-0.0023509838*J1^2*J2^2+0.0066550926*J1^1*J2^3+-0.0043041088*J2^4+0,0,0,0,0,0,0,-0.0000885955*J1^2*J2^2+0.0034552264*J1^1*J2^3+-0.0017719110*J2^4+0,-0.0010230133*J1^2*J2^2+0.0010741639*J1^1*J2^3+-0.0009718626*J2^4+0,0,0,0,0,0,0,0.0033666309*J1^2*J2^2+-0.0039867997*J1^1*J2^3+0.0000885955*J2^4+0,0.0009718626*J1^2*J2^2+-0.0019948759*J1^1*J2^3+0.0013299173*J2^4+0,0,0,0,0,0,0,0.0048237815*J1^2*J2^2+-0.0056381862*J1^1*J2^3+0.0000626465*J2^4+0,0.0006872106*J1^2*J2^2+-0.0028211806*J1^1*J2^3+0.0025679977*J2^4+0,0,0,0,0,0,-0.0000492197*J1^2*J2^2+0.0000492197*J2^4+0,-0.0001476592*J1^2*J2^2+0.0001968790*J1^1*J2^3+-0.0000492197*J2^4+0,-0.0000568341*J1^2*J2^2+0.0001136681*J1^1*J2^3+-0.0000568341*J2^4+0,0,0,0,0,-0.0057118242*J1^2*J2^2+0.0057118242*J2^4+0,0,0.0065954464*J1^2*J2^2+-0.0131908929*J1^1*J2^3+0.0065954464*J2^4+0,0.0019039414*J1^2*J2^2+-0.0076157656*J1^1*J2^3+0.0057118242*J2^4+0,0,0,0,0,0.0040991512*J1^2*J2^2+-0.0040991512*J2^4+0,0.0005290150*J1^2*J2^2+-0.0005290150*J2^4+0,-0.0031462471*J1^2*J2^2+0.0073505243*J1^1*J2^3+-0.0042042771*J2^4+0,-0.0007555298*J1^2*J2^2+0.0042438272*J1^1*J2^3+-0.0034882973*J2^4+0,0,0,0,0,0,0,0,0,0,0,0,0,0,0,0,0,0,0,0,0,0,0,0,0},
{0,0,0,0,0,0,-0.0002046027*J1^2*J2^2+0.0002046027*J2^4+0,-0.0062607521*J1^2*J2^2+0.0118127399*J1^1*J2^3+-0.0055519877*J2^4+0,0,0,0,0,0,0,0.0009718626*J1^2*J2^2+-0.0009718626*J2^4+0,0.0019195702*J1^2*J2^2+-0.0054338603*J1^1*J2^3+0.0035142901*J2^4+0,0,0,0,0,0,0,0.0003978588*J1^2*J2^2+-0.0003978588*J2^4+0,-0.0074966995*J1^2*J2^2+0.0128634175*J1^1*J2^3+-0.0053667180*J2^4+0,0,0,0,0,0,0,-0.0010230133*J1^2*J2^2+0.0010741639*J1^1*J2^3+-0.0009718626*J2^4+0,-0.0012698695*J1^2*J2^2+0.0046955641*J1^1*J2^3+-0.0028941213*J2^4+0,0,0,0,0,0,0,0.0009718626*J1^2*J2^2+-0.0019948759*J1^1*J2^3+0.0013299173*J2^4+0,0.0044888412*J1^2*J2^2+-0.0062902840*J1^1*J2^3+0.0016242517*J2^4+0,0,0,0,0,0,0,0.0006872106*J1^2*J2^2+-0.0028211806*J1^1*J2^3+0.0025679977*J2^4+0,0.0056173041*J1^2*J2^2+-0.0088958049*J1^1*J2^3+0.0030279148*J2^4+0,0,0,0,0,-0.0000492197*J1^2*J2^2+0.0000492197*J2^4+0,-0.0000568341*J1^2*J2^2+0.0000568341*J2^4+0,-0.0000568341*J1^2*J2^2+0.0001136681*J1^1*J2^3+-0.0000568341*J2^4+0,-0.0002132856*J1^2*J2^2+0.0003281317*J1^1*J2^3+-0.0001148461*J2^4+0,0,0,0,0,0,-0.0057118242*J1^2*J2^2+0.0057118242*J2^4+0,0.0019039414*J1^2*J2^2+-0.0076157656*J1^1*J2^3+0.0057118242*J2^4+0,0.0087939286*J1^2*J2^2+-0.0219848215*J1^1*J2^3+0.0131908929*J2^4+0,0,0,0,0,0.0005290150*J1^2*J2^2+-0.0005290150*J2^4+0,0.0047100051*J1^2*J2^2+-0.0047100051*J2^4+0,-0.0007555298*J1^2*J2^2+0.0042438272*J1^1*J2^3+-0.0034882973*J2^4+0,-0.0040186578*J1^2*J2^2+0.0122508738*J1^1*J2^3+-0.0082322159*J2^4+0,0,0,0,0,0,0,0,0,0,0,0,0,0,0,0,0,0,0,0,0,0,0,0,0},
{0,0,0,0,0,0,0,0,0,0,0,0,0.0059846277*J1^2*J2^2+-0.0059846277*J2^4+0,-0.0013289332*J1^2*J2^2+0.0013289332*J2^4+0,-0.0069104528*J1^2*J2^2+0.0069104528*J2^4+0,0.0015345199*J1^2*J2^2+-0.0015345199*J2^4+0,0,0,0,0,0.0029296875*J1^2*J2^2+-0.0029296875*J2^4+0,-0.0011902838*J1^2*J2^2+0.0011902838*J2^4+0,-0.0033829117*J1^2*J2^2+0.0033829117*J2^4+0,0.0013744213*J1^2*J2^2+-0.0013744213*J2^4+0,0,0,0,0,-0.0059846277*J1^2*J2^2+0.0069053397*J1^1*J2^3+0,0.0034552264*J1^1*J2^3+-0.0039867997*J2^4+0,0.0069104528*J1^2*J2^2+-0.0079735994*J1^1*J2^3+0,-0.0039897518*J1^1*J2^3+0.0046035598*J2^4+0,0,0,0,0,0.0001534520*J1^1*J2^3+-0.0029155879*J2^4+0,-0.0000885955*J1^2*J2^2+0.0016833154*J1^1*J2^3+0,-0.0001771911*J1^1*J2^3+0.0033666309*J2^4+0,0.0001023013*J1^2*J2^2+-0.0019437252*J1^1*J2^3+0,0,0,0,0,0.0001085069*J1^2*J2^2+-0.0041232639*J1^1*J2^3+0.0001085069*J2^4+0,0.0011902838*J1^2*J2^2+-0.0001252930*J1^1*J2^3+0.0011902838*J2^4+0,-0.0001252930*J1^2*J2^2+0.0047611350*J1^1*J2^3+-0.0001252930*J2^4+0,-0.0013744213*J1^2*J2^2+0.0001446759*J1^1*J2^3+-0.0013744213*J2^4+0,0,0,0,0,0.0012958168*J1^2*J2^2+-0.0012958168*J2^4+0,0.0066446662*J1^2*J2^2+-0.0066446662*J2^4+0,0.0066446662*J1^2*J2^2+-0.0066446662*J2^4+0,0.0004319389*J1^2*J2^2+-0.0004319389*J2^4+0,0,0,0,0,0.0013810679*J1^2*J2^2+-0.0013810679*J2^4+0,0.0033469430*J1^2*J2^2+-0.0033469430*J2^4+0,0.0033469430*J1^2*J2^2+-0.0033469430*J2^4+0,0.0004603560*J1^2*J2^2+-0.0004603560*J2^4+0,0,0,0,0,-0.0010368441*J1^2*J2^2+0.0010368441*J2^4+0,-0.0070303310*J1^2*J2^2+0.0070303310*J2^4+0,-0.0070303310*J1^2*J2^2+0.0070303310*J2^4+0,-0.0003456147*J1^2*J2^2+0.0003456147*J2^4+0,0,0,0,0,0,0,0,0,0,0,0,0,0,0,0,0,0,0,0,0,0,0,0,0},
{0,0,0,0,-0.0010631466*J1^2*J2^2+0.0010631466*J2^4+0,-0.0002046027*J1^2*J2^2+0.0002046027*J2^4+0,0.0012276159*J1^2*J2^2+-0.0012276159*J2^4+0,0.0002362548*J1^2*J2^2+-0.0002362548*J2^4+0,0,0,0,0,-0.0023920798*J1^2*J2^2+0.0023920798*J2^4+0,0.0009718626*J1^2*J2^2+-0.0009718626*J2^4+0,0.0027621359*J1^2*J2^2+-0.0027621359*J2^4+0,-0.0011222103*J1^2*J2^2+0.0011222103*J2^4+0,0,0,0,0,-0.0031949722*J1^2*J2^2+0.0031949722*J2^4+0,0.0003978588*J1^2*J2^2+-0.0003978588*J2^4+0,0.0036892361*J1^2*J2^2+-0.0036892361*J2^4+0,-0.0004594078*J1^2*J2^2+0.0004594078*J2^4+0,0,0,0,0,0.0034552264*J1^1*J2^3+-0.0039867997*J2^4+0,-0.0059846277*J1^2*J2^2+0.0108950915*J1^1*J2^3+-0.0046035598*J2^4+0,-0.0039897518*J1^1*J2^3+0.0046035598*J2^4+0,0.0069104528*J1^2*J2^2+-0.0125805680*J1^1*J2^3+0.0053157329*J2^4+0,0,0,0,0,-0.0000885955*J1^2*J2^2+0.0016833154*J1^1*J2^3+0,-0.0001023013*J1^2*J2^2+0.0020971772*J1^1*J2^3+-0.0029155879*J2^4+0,0.0001023013*J1^2*J2^2+-0.0019437252*J1^1*J2^3+0,0.0001181274*J1^2*J2^2+-0.0024216117*J1^1*J2^3+0.0033666309*J2^4+0,0,0,0,0,0.0011902838*J1^2*J2^2+-0.0001252930*J1^1*J2^3+0.0011902838*J2^4+0,0.0014829282*J1^2*J2^2+-0.0042679398*J1^1*J2^3+0.0014829282*J2^4+0,-0.0013744213*J1^2*J2^2+0.0001446759*J1^1*J2^3+-0.0013744213*J2^4+0,-0.0017123380*J1^2*J2^2+0.0049281924*J1^1*J2^3+-0.0017123380*J2^4+0,0,0,0,0,0.0066446662*J1^2*J2^2+-0.0066446662*J2^4+0,0.0089684164*J1^2*J2^2+-0.0089684164*J2^4+0,0.0004319389*J1^2*J2^2+-0.0004319389*J2^4+0,0.0071434263*J1^2*J2^2+-0.0071434263*J2^4+0,0,0,0,0,0.0033469430*J1^2*J2^2+-0.0033469430*J2^4+0,0.0052457848*J1^2*J2^2+-0.0052457848*J2^4+0,0.0004603560*J1^2*J2^2+-0.0004603560*J2^4+0,0.0038785163*J1^2*J2^2+-0.0038785163*J2^4+0,0,0,0,0,-0.0070303310*J1^2*J2^2+0.0070303310*J2^4+0,-0.0091547711*J1^2*J2^2+0.0091547711*J2^4+0,-0.0003456147*J1^2*J2^2+0.0003456147*J2^4+0,-0.0074294125*J1^2*J2^2+0.0074294125*J2^4+0,0,0,0,0,0,0,0,0,0,0,0,0,0,0,0,0,0,0,0,0,0,0,0,0},
{0,0,0,0,0,0,0,0,0,0,0,0,-0.0013289332*J1^2*J2^2+0.0013289332*J2^4+0,0.0075191476*J1^2*J2^2+-0.0110485435*J1^1*J2^3+0.0035293958*J2^4+0,0.0015345199*J1^2*J2^2+-0.0015345199*J2^4+0,-0.0086823638*J1^2*J2^2+0.0127577591*J1^1*J2^3+-0.0040753953*J2^4+0,0,0,0,0,-0.0011902838*J1^2*J2^2+0.0011902838*J2^4+0,-0.0023509838*J1^2*J2^2+0.0066550926*J1^1*J2^3+-0.0043041088*J2^4+0,0.0013744213*J1^2*J2^2+-0.0013744213*J2^4+0,0.0027146823*J1^2*J2^2+-0.0076846390*J1^1*J2^3+0.0049699567*J2^4+0,0,0,0,0,-0.0000885955*J1^2*J2^2+0.0034552264*J1^1*J2^3+-0.0017719110*J2^4+0,-0.0010230133*J1^2*J2^2+0.0010741639*J1^1*J2^3+-0.0009718626*J2^4+0,0.0001023013*J1^2*J2^2+-0.0039897518*J1^1*J2^3+0.0020460266*J2^4+0,0.0011812740*J1^2*J2^2+-0.0012403377*J1^1*J2^3+0.0011222103*J2^4+0,0,0,0,0,0.0033666309*J1^2*J2^2+-0.0039867997*J1^1*J2^3+0.0000885955*J2^4+0,0.0009718626*J1^2*J2^2+-0.0019948759*J1^1*J2^3+0.0013299173*J2^4+0,-0.0038874505*J1^2*J2^2+0.0046035598*J1^1*J2^3+-0.0001023013*J2^4+0,-0.0011222103*J1^2*J2^2+0.0023034843*J1^1*J2^3+-0.0015356562*J2^4+0,0,0,0,0,0.0048237815*J1^2*J2^2+-0.0056381862*J1^1*J2^3+0.0000626465*J2^4+0,0.0006872106*J1^2*J2^2+-0.0028211806*J1^1*J2^3+0.0025679977*J2^4+0,-0.0055700231*J1^2*J2^2+0.0065104167*J1^1*J2^3+-0.0000723380*J2^4+0,-0.0007935225*J1^2*J2^2+0.0032576187*J1^1*J2^3+-0.0029652683*J2^4+0,0,0,0,0,0.0066446662*J1^2*J2^2+-0.0066446662*J2^4+0,0.0004319389*J1^2*J2^2+-0.0004319389*J2^4+0,-0.0063767828*J1^2*J2^2+0.0136174435*J1^1*J2^3+-0.0072406607*J2^4+0,-0.0017161286*J1^2*J2^2+0.0078620347*J1^1*J2^3+-0.0061459061*J2^4+0,0,0,0,0,0.0033469430*J1^2*J2^2+-0.0033469430*J2^4+0,0.0004603560*J1^2*J2^2+-0.0004603560*J2^4+0,-0.0024836489*J1^2*J2^2+0.0058880098*J1^1*J2^3+-0.0034043609*J2^4+0,-0.0005840744*J1^2*J2^2+0.0033994440*J1^1*J2^3+-0.0028153697*J2^4+0,0,0,0,0,-0.0070303310*J1^2*J2^2+0.0070303310*J2^4+0,-0.0003456147*J1^2*J2^2+0.0003456147*J2^4+0,0.0070810828*J1^2*J2^2+-0.0148533951*J1^1*J2^3+0.0077723122*J2^4+0,0.0019443622*J1^2*J2^2+-0.0085756116*J1^1*J2^3+0.0066312495*J2^4+0,0,0,0,0,0,0,0,0,0,0,0,0,0,0,0,0,0,0,0,0,0,0,0,0},
{0,0,0,0,-0.0002046027*J1^2*J2^2+0.0002046027*J2^4+0,-0.0062607521*J1^2*J2^2+0.0118127399*J1^1*J2^3+-0.0055519877*J2^4+0,0.0002362548*J1^2*J2^2+-0.0002362548*J2^4+0,0.0072292939*J1^2*J2^2+-0.0136401771*J1^1*J2^3+0.0064108832*J2^4+0,0,0,0,0,0.0009718626*J1^2*J2^2+-0.0009718626*J2^4+0,0.0019195702*J1^2*J2^2+-0.0054338603*J1^1*J2^3+0.0035142901*J2^4+0,-0.0011222103*J1^2*J2^2+0.0011222103*J2^4+0,-0.0022165288*J1^2*J2^2+0.0062744815*J1^1*J2^3+-0.0040579527*J2^4+0,0,0,0,0,0.0003978588*J1^2*J2^2+-0.0003978588*J2^4+0,-0.0074966995*J1^2*J2^2+0.0128634175*J1^1*J2^3+-0.0053667180*J2^4+0,-0.0004594078*J1^2*J2^2+0.0004594078*J2^4+0,0.0086564429*J1^2*J2^2+-0.0148533951*J1^1*J2^3+0.0061969522*J2^4+0,0,0,0,0,-0.0010230133*J1^2*J2^2+0.0010741639*J1^1*J2^3+-0.0009718626*J2^4+0,-0.0012698695*J1^2*J2^2+0.0046955641*J1^1*J2^3+-0.0028941213*J2^4+0,0.0011812740*J1^2*J2^2+-0.0012403377*J1^1*J2^3+0.0011222103*J2^4+0,0.0014663190*J1^2*J2^2+-0.0054219704*J1^1*J2^3+0.0033418434*J2^4+0,0,0,0,0,0.0009718626*J1^2*J2^2+-0.0019948759*J1^1*J2^3+0.0013299173*J2^4+0,0.0044888412*J1^2*J2^2+-0.0062902840*J1^1*J2^3+0.0016242517*J2^4+0,-0.0011222103*J1^2*J2^2+0.0023034843*J1^1*J2^3+-0.0015356562*J2^4+0,-0.0051832673*J1^2*J2^2+0.0072633943*J1^1*J2^3+-0.0018755244*J2^4+0,0,0,0,0,0.0006872106*J1^2*J2^2+-0.0028211806*J1^1*J2^3+0.0025679977*J2^4+0,0.0056173041*J1^2*J2^2+-0.0088958049*J1^1*J2^3+0.0030279148*J2^4+0,-0.0007935225*J1^2*J2^2+0.0032576187*J1^1*J2^3+-0.0029652683*J2^4+0,-0.0064863040*J1^2*J2^2+0.0102719907*J1^1*J2^3+-0.0034963349*J2^4+0,0,0,0,0,0.0004319389*J1^2*J2^2+-0.0004319389*J2^4+0,0.0071434263*J1^2*J2^2+-0.0071434263*J2^4+0,-0.0017161286*J1^2*J2^2+0.0078620347*J1^1*J2^3+-0.0061459061*J2^4+0,-0.0083583974*J1^2*J2^2+0.0226957391*J1^1*J2^3+-0.0143373417*J2^4+0,0,0,0,0,0.0004603560*J1^2*J2^2+-0.0004603560*J2^4+0,0.0038785163*J1^2*J2^2+-0.0038785163*J2^4+0,-0.0005840744*J1^2*J2^2+0.0033994440*J1^1*J2^3+-0.0028153697*J2^4+0,-0.0031580799*J1^2*J2^2+0.0098133496*J1^1*J2^3+-0.0066552697*J2^4+0,0,0,0,0,-0.0003456147*J1^2*J2^2+0.0003456147*J2^4+0,-0.0074294125*J1^2*J2^2+0.0074294125*J2^4+0,0.0019443622*J1^2*J2^2+-0.0085756116*J1^1*J2^3+0.0066312495*J2^4+0,0.0093262389*J1^2*J2^2+-0.0247556584*J1^1*J2^3+0.0154294196*J2^4+0,0,0,0,0,0,0,0,0,0,0,0,0,0,0,0,0,0,0,0,0,0,0,0,0}
}