96
{{0,0,0,0,0,0,0,0,0,0,0,0,0,0,0,0,0,0,0,0,0,0,0,0,0,0,0,0,0,0,0,0,0,0,0,0,0,0,0,0,0,0,0,0,0,0,0,0,0,0,0,0,0,0,0,0,0,0,0,0,0,0,0,0,0,0,0,0,0,0,0,0,-0.0048828125*J2^4+0,0,0,0,0.0028190931*J1^1*J2^3+0,0,0,0,-0.0048828125*J1^1*J2^3+0,0,0,0,0.0028190931*J2^4+0,0,0,0,0,0,0,0,0,0,0,0},
{0,0,0,0,0,0,0,0,0,0,0,0,0,0,0,0,0,0,0,0,0,0,0,0,0,0,0,0,0,0,0,0,0,0,0,0,0,0,0,0,0,0,0,0,0,0,0,0,0,0,0,0,0,0,0,0,0,0,0,0,0,0,0,0,0,0,0,0,0,0,0,0,0,0,0.0016276042*J2^4+0,0,0,0,-0.0009396977*J1^1*J2^3+0,0,0,0,0.0016276042*J1^1*J2^3+0,0,0,0,-0.0009396977*J2^4+0,0,0,0,0,0,0,0,0,0},
{0,0,0,0,0,0,0,0,0,0,0,0,0,0,0,0,0,0,0,0,0,0,0,0,0,0,0,0,0,0,0,0,0,0,0,0,0,0,0,0,0,0,0,0,0,0,0,0,0,0,0,0,0,0,0,0,0,0,0,0,0,0,0,0,0,0,0,0,0,0,0,0,0.0028190931*J1^1*J2^3+0,0,0,0,-0.0032552083*J1^1*J2^3+0.0016276042*J2^4+0,0,0,0,0.0028190931*J2^4+0,0,0,0,0.0016276042*J1^1*J2^3+-0.0032552083*J2^4+0,0,0,0,0,0,0,0,0,0,0,0},
{0,0,0,0,0,0,0,0,0,0,0,0,0,0,0,0,0,0,0,0,0,0,0,0,0,0,0,0,0,0,0,0,0,0,0,0,0,0,0,0,0,0,0,0,0,0,0,0,0,0,0,0,0,0,0,0,0,0,0,0,0,0,0,0,0,0,0,0,0,0,0,0,0,0,-0.0009396977*J1^1*J2^3+0,0,0,0,0.0010850694*J1^1*J2^3+-0.0005425347*J2^4+0,0,0,0,-0.0009396977*J2^4+0,0,0,0,-0.0005425347*J1^1*J2^3+0.0010850694*J2^4+0,0,0,0,0,0,0,0,0,0},
{0,0,0,0,0,0,0,0,0,0,0,0,0,0,0,0,0,0,0,0,0,0,0,0,0,0,0,0,0,0,0,0,0,0,0,0,0,0,0,0,0,0,0,0,0,0,0,0,0,0,0,0,0,0,0,0,0,0,0,0,0,0,0,0,0,0,0,0,0,0,0,0,0.0028190931*J1^1*J2^3+0,0,0,0,-0.0016276042*J2^4+0,0,0,0,0.0028190931*J2^4+0,0,0,0,-0.0016276042*J1^1*J2^3+0,0,0,0,-0.0039867997*J1^1*J2^3+0.0039867997*J2^4+0,0,0,0,-0.0023017799*J1^1*J2^3+0.0023017799*J2^4+0,0,0,0},
{0,0,0,0,0,0,0,0,0,0,0,0,0,0,0,0,0,0,0,0,0,0,0,0,0,0,0,0,0,0,0,0,0,0,0,0,0,0,0,0,0,0,0,0,0,0,0,0,0,0,0,0,0,0,0,0,0,0,0,0,0,0,0,0,0,0,0,0,0,0,0,0,0,0,-0.0009396977*J1^1*J2^3+0,0,0,0,0.0005425347*J2^4+0,0,0,0,-0.0009396977*J2^4+0,0,0,0,0.0005425347*J1^1*J2^3+0,0,0,0,0.0013289332*J1^1*J2^3+-0.0013289332*J2^4+0,0,0,0,0.0007672600*J1^1*J2^3+-0.0007672600*J2^4+0,0},
{0,0,0,0,0,0,0,0,0,0,0,0,0,0,0,0,0,0,0,0,0,0,0,0,0,0,0,0,0,0,0,0,0,0,0,0,0,0,0,0,0,0,0,0,0,0,0,0,0,0,0,0,0,0,0,0,0,0,0,0,0,0,0,0,0,0,0,0,0,0,0,0,-0.0016276042*J2^4+0,0,0,0,-0.0009396977*J1^1*J2^3+0.0018793954*J2^4+0,0,0,0,-0.0016276042*J1^1*J2^3+0,0,0,0,0.0018793954*J1^1*J2^3+-0.0009396977*J2^4+0,0,0,0,-0.0023017799*J1^1*J2^3+0.0023017799*J2^4+0,0,0,0,0.0039867997*J1^1*J2^3+-0.0039867997*J2^4+0,0,0,0},
{0,0,0,0,0,0,0,0,0,0,0,0,0,0,0,0,0,0,0,0,0,0,0,0,0,0,0,0,0,0,0,0,0,0,0,0,0,0,0,0,0,0,0,0,0,0,0,0,0,0,0,0,0,0,0,0,0,0,0,0,0,0,0,0,0,0,0,0,0,0,0,0,0,0,0.0005425347*J2^4+0,0,0,0,0.0003132326*J1^1*J2^3+-0.0006264651*J2^4+0,0,0,0,0.0005425347*J1^1*J2^3+0,0,0,0,-0.0006264651*J1^1*J2^3+0.0003132326*J2^4+0,0,0,0,0.0007672600*J1^1*J2^3+-0.0007672600*J2^4+0,0,0,0,-0.0013289332*J1^1*J2^3+0.0013289332*J2^4+0,0},
{0,0,0,0,0,0,0,0,0,0,0,0,0,0,0,0,0,0,0,0,0,0,0,0,0,0,0,0,0,0,0,0,0,0,0,0,0,0,0,0,0,0,0,0,0,0,0,0,0,0,0,0,0,0,0,0,0,0,0,0,0,0,0,0,0,0,0,0,0,0,0,0,0,0.0028190931*J2^4+0,0,0,0,-0.0016276042*J1^1*J2^3+0,0,0,0,0.0028190931*J1^1*J2^3+0,0,0,0,-0.0016276042*J2^4+0,0,0,0,0,0,0,0,0,0,0},
{0,0,0,0,0,0,0,0,0,0,0,0,0,0,0,0,0,0,0,0,0,0,0,0,0,0,0,0,0,0,0,0,0,0,0,0,0,0,0,0,0,0,0,0,0,0,0,0,0,0,0,0,0,0,0,0,0,0,0,0,0,0,0,0,0,0,0,0,0,0,0,0,0,0,0,-0.0009396977*J2^4+0,0,0,0,0.0005425347*J1^1*J2^3+0,0,0,0,-0.0009396977*J1^1*J2^3+0,0,0,0,0.0005425347*J2^4+0,0,0,0,0,0,0,0,0},
{0,0,0,0,0,0,0,0,0,0,0,0,0,0,0,0,0,0,0,0,0,0,0,0,0,0,0,0,0,0,0,0,0,0,0,0,0,0,0,0,0,0,0,0,0,0,0,0,0,0,0,0,0,0,0,0,0,0,0,0,0,0,0,0,0,0,0,0,0,0,0,0,0,-0.0016276042*J1^1*J2^3+0,0,0,0,0.0018793954*J1^1*J2^3+-0.0009396977*J2^4+0,0,0,0,-0.0016276042*J2^4+0,0,0,0,-0.0009396977*J1^1*J2^3+0.0018793954*J2^4+0,0,0,0,0,0,0,0,0,0,0},
{0,0,0,0,0,0,0,0,0,0,0,0,0,0,0,0,0,0,0,0,0,0,0,0,0,0,0,0,0,0,0,0,0,0,0,0,0,0,0,0,0,0,0,0,0,0,0,0,0,0,0,0,0,0,0,0,0,0,0,0,0,0,0,0,0,0,0,0,0,0,0,0,0,0,0,0.0005425347*J1^1*J2^3+0,0,0,0,-0.0006264651*J1^1*J2^3+0.0003132326*J2^4+0,0,0,0,0.0005425347*J2^4+0,0,0,0,0.0003132326*J1^1*J2^3+-0.0006264651*J2^4+0,0,0,0,0,0,0,0,0},
{0,0,0,0,0,0,0,0,0,0,0,0,0,0,0,0,0,0,0,0,0,0,0,0,0,0,0,0,0,0,0,0,0,0,0,0,0,0,0,0,0,0,0,0,0,0,0,0,0,0,0,0,0,0,0,0,0,0,0,0,0,0,0,0,0,0,0,0,0,0,0,0,0,-0.0016276042*J1^1*J2^3+0,0,0,0,0.0009396977*J2^4+0,0,0,0,-0.0016276042*J2^4+0,0,0,0,0.0009396977*J1^1*J2^3+0,0,0,0,0.0023017799*J1^1*J2^3+-0.0023017799*J2^4+0,0,0,0,0.0013289332*J1^1*J2^3+-0.0013289332*J2^4+0,0,0},
{0,0,0,0,0,0,0,0,0,0,0,0,0,0,0,0,0,0,0,0,0,0,0,0,0,0,0,0,0,0,0,0,0,0,0,0,0,0,0,0,0,0,0,0,0,0,0,0,0,0,0,0,0,0,0,0,0,0,0,0,0,0,0,0,0,0,0,0,0,0,0,0,0,0,0,0.0005425347*J1^1*J2^3+0,0,0,0,-0.0003132326*J2^4+0,0,0,0,0.0005425347*J2^4+0,0,0,0,-0.0003132326*J1^1*J2^3+0,0,0,0,-0.0007672600*J1^1*J2^3+0.0007672600*J2^4+0,0,0,0,-0.0004429777*J1^1*J2^3+0.0004429777*J2^4+0},
{0,0,0,0,0,0,0,0,0,0,0,0,0,0,0,0,0,0,0,0,0,0,0,0,0,0,0,0,0,0,0,0,0,0,0,0,0,0,0,0,0,0,0,0,0,0,0,0,0,0,0,0,0,0,0,0,0,0,0,0,0,0,0,0,0,0,0,0,0,0,0,0,0,0.0009396977*J2^4+0,0,0,0,0.0005425347*J1^1*J2^3+-0.0010850694*J2^4+0,0,0,0,0.0009396977*J1^1*J2^3+0,0,0,0,-0.0010850694*J1^1*J2^3+0.0005425347*J2^4+0,0,0,0,0.0013289332*J1^1*J2^3+-0.0013289332*J2^4+0,0,0,0,-0.0023017799*J1^1*J2^3+0.0023017799*J2^4+0,0,0},
{0,0,0,0,0,0,0,0,0,0,0,0,0,0,0,0,0,0,0,0,0,0,0,0,0,0,0,0,0,0,0,0,0,0,0,0,0,0,0,0,0,0,0,0,0,0,0,0,0,0,0,0,0,0,0,0,0,0,0,0,0,0,0,0,0,0,0,0,0,0,0,0,0,0,0,-0.0003132326*J2^4+0,0,0,0,-0.0001808449*J1^1*J2^3+0.0003616898*J2^4+0,0,0,0,-0.0003132326*J1^1*J2^3+0,0,0,0,0.0003616898*J1^1*J2^3+-0.0001808449*J2^4+0,0,0,0,-0.0004429777*J1^1*J2^3+0.0004429777*J2^4+0,0,0,0,0.0007672600*J1^1*J2^3+-0.0007672600*J2^4+0},
{0,0,0,0,0,0,0,0,0,0,0,0,0,0,0,0,0,0,0,0,0,0,0,0,0,0,0,0,0,0,0,0,0,0,0,0,0,0,0,0,0,0,0,0,0,0,0,0,0,0,0,0,0,0,0,0,0,0,0,0,0,0,0,0,0,0,0,0,0,0,0,0,0,-0.0039867997*J2^4+0,0,0,0,0.0023017799*J1^1*J2^3+0,0,0,0,-0.0039867997*J1^1*J2^3+0,0,0,0,0.0023017799*J2^4+0,0,0,0,0,0,0,0,0,0,0},
{0,0,0,0,0,0,0,0,0,0,0,0,0,0,0,0,0,0,0,0,0,0,0,0,0,0,0,0,0,0,0,0,0,0,0,0,0,0,0,0,0,0,0,0,0,0,0,0,0,0,0,0,0,0,0,0,0,0,0,0,0,0,0,0,0,0,0,0,0,0,0,0,0,0,0,0.0013289332*J2^4+0,0,0,0,-0.0007672600*J1^1*J2^3+0,0,0,0,0.0013289332*J1^1*J2^3+0,0,0,0,-0.0007672600*J2^4+0,0,0,0,0,0,0,0,0},
{0,0,0,0,0,0,0,0,0,0,0,0,0,0,0,0,0,0,0,0,0,0,0,0,0,0,0,0,0,0,0,0,0,0,0,0,0,0,0,0,0,0,0,0,0,0,0,0,0,0,0,0,0,0,0,0,0,0,0,0,0,0,0,0,0,0,0,0,0,0,0,0,0,0.0023017799*J1^1*J2^3+0,0,0,0,-0.0026578665*J1^1*J2^3+0.0013289332*J2^4+0,0,0,0,0.0023017799*J2^4+0,0,0,0,0.0013289332*J1^1*J2^3+-0.0026578665*J2^4+0,0,0,0,0,0,0,0,0,0,0},
{0,0,0,0,0,0,0,0,0,0,0,0,0,0,0,0,0,0,0,0,0,0,0,0,0,0,0,0,0,0,0,0,0,0,0,0,0,0,0,0,0,0,0,0,0,0,0,0,0,0,0,0,0,0,0,0,0,0,0,0,0,0,0,0,0,0,0,0,0,0,0,0,0,0,0,-0.0007672600*J1^1*J2^3+0,0,0,0,0.0008859555*J1^1*J2^3+-0.0004429777*J2^4+0,0,0,0,-0.0007672600*J2^4+0,0,0,0,-0.0004429777*J1^1*J2^3+0.0008859555*J2^4+0,0,0,0,0,0,0,0,0},
{0,0,0,0,0,0,0,0,0,0,0,0,0,0,0,0,0,0,0,0,0,0,0,0,0,0,0,0,0,0,0,0,0,0,0,0,0,0,0,0,0,0,0,0,0,0,0,0,0,0,0,0,0,0,0,0,0,0,0,0,0,0,0,0,0,0,0,0,0,0,0,0,0,0.0023017799*J1^1*J2^3+0,0,0,0,-0.0013289332*J2^4+0,0,0,0,0.0023017799*J2^4+0,0,0,0,-0.0013289332*J1^1*J2^3+0,0,0,0,-0.0032552083*J1^1*J2^3+0.0032552083*J2^4+0,0,0,0,-0.0018793954*J1^1*J2^3+0.0018793954*J2^4+0,0,0},
{0,0,0,0,0,0,0,0,0,0,0,0,0,0,0,0,0,0,0,0,0,0,0,0,0,0,0,0,0,0,0,0,0,0,0,0,0,0,0,0,0,0,0,0,0,0,0,0,0,0,0,0,0,0,0,0,0,0,0,0,0,0,0,0,0,0,0,0,0,0,0,0,0,0,0,-0.0007672600*J1^1*J2^3+0,0,0,0,0.0004429777*J2^4+0,0,0,0,-0.0007672600*J2^4+0,0,0,0,0.0004429777*J1^1*J2^3+0,0,0,0,0.0010850694*J1^1*J2^3+-0.0010850694*J2^4+0,0,0,0,0.0006264651*J1^1*J2^3+-0.0006264651*J2^4+0},
{0,0,0,0,0,0,0,0,0,0,0,0,0,0,0,0,0,0,0,0,0,0,0,0,0,0,0,0,0,0,0,0,0,0,0,0,0,0,0,0,0,0,0,0,0,0,0,0,0,0,0,0,0,0,0,0,0,0,0,0,0,0,0,0,0,0,0,0,0,0,0,0,0,-0.0013289332*J2^4+0,0,0,0,-0.0007672600*J1^1*J2^3+0.0015345199*J2^4+0,0,0,0,-0.0013289332*J1^1*J2^3+0,0,0,0,0.0015345199*J1^1*J2^3+-0.0007672600*J2^4+0,0,0,0,-0.0018793954*J1^1*J2^3+0.0018793954*J2^4+0,0,0,0,0.0032552083*J1^1*J2^3+-0.0032552083*J2^4+0,0,0},
{0,0,0,0,0,0,0,0,0,0,0,0,0,0,0,0,0,0,0,0,0,0,0,0,0,0,0,0,0,0,0,0,0,0,0,0,0,0,0,0,0,0,0,0,0,0,0,0,0,0,0,0,0,0,0,0,0,0,0,0,0,0,0,0,0,0,0,0,0,0,0,0,0,0,0,0.0004429777*J2^4+0,0,0,0,0.0002557533*J1^1*J2^3+-0.0005115066*J2^4+0,0,0,0,0.0004429777*J1^1*J2^3+0,0,0,0,-0.0005115066*J1^1*J2^3+0.0002557533*J2^4+0,0,0,0,0.0006264651*J1^1*J2^3+-0.0006264651*J2^4+0,0,0,0,-0.0010850694*J1^1*J2^3+0.0010850694*J2^4+0},
{0,0,0,0,0,0,0,0,0,0,0,0,0,0,0,0,0,0,0,0,0,0,0,0,0,0,0,0,0,0,0,0,0,0,0,0,0,0,0,0,0,0,0,0,0,0,0,0,0,0,0,0,0,0,0,0,0,0,0,0,0,0,0,0,0,0,0,0,0,0,0,0,-0.0034179687*J2^4+0,0,0,0,0.0019733652*J1^1*J2^3+0,0,0,0,-0.0034179687*J1^1*J2^3+0,0,0,0,0.0019733652*J2^4+0,0,0,0,0,0,0,0,0,0,0,0},
{0,0,0,0,0,0,0,0,0,0,0,0,0,0,0,0,0,0,0,0,0,0,0,0,0,0,0,0,0,0,0,0,0,0,0,0,0,0,0,0,0,0,0,0,0,0,0,0,0,0,0,0,0,0,0,0,0,0,0,0,0,0,0,0,0,0,0,0,0,0,0,0,0,-0.0034179687*J2^4+0,0,0,0,0.0019733652*J1^1*J2^3+0,0,0,0,-0.0034179687*J1^1*J2^3+0,0,0,0,0.0019733652*J2^4+0,0,0,0,0,0,0,0,0,0,0},
{0,0,0,0,0,0,0,0,0,0,0,0,0,0,0,0,0,0,0,0,0,0,0,0,0,0,0,0,0,0,0,0,0,0,0,0,0,0,0,0,0,0,0,0,0,0,0,0,0,0,0,0,0,0,0,0,0,0,0,0,0,0,0,0,0,0,0,0,0,0,0,0,0.0019733652*J1^1*J2^3+0,0,0,0,-0.0022786458*J1^1*J2^3+0.0011393229*J2^4+0,0,0,0,0.0019733652*J2^4+0,0,0,0,0.0011393229*J1^1*J2^3+-0.0022786458*J2^4+0,0,0,0,0,0,0,0,0,0,0,0},
{0,0,0,0,0,0,0,0,0,0,0,0,0,0,0,0,0,0,0,0,0,0,0,0,0,0,0,0,0,0,0,0,0,0,0,0,0,0,0,0,0,0,0,0,0,0,0,0,0,0,0,0,0,0,0,0,0,0,0,0,0,0,0,0,0,0,0,0,0,0,0,0,0,0.0019733652*J1^1*J2^3+0,0,0,0,-0.0022786458*J1^1*J2^3+0.0011393229*J2^4+0,0,0,0,0.0019733652*J2^4+0,0,0,0,0.0011393229*J1^1*J2^3+-0.0022786458*J2^4+0,0,0,0,0,0,0,0,0,0,0},
{0,0,0,0,0,0,0,0,0,0,0,0,0,0,0,0,0,0,0,0,0,0,0,0,0,0,0,0,0,0,0,0,0,0,0,0,0,0,0,0,0,0,0,0,0,0,0,0,0,0,0,0,0,0,0,0,0,0,0,0,0,0,0,0,0,0,0,0,0,0,0,0,0.0019733652*J1^1*J2^3+0,0,0,0,-0.0011393229*J2^4+0,0,0,0,0.0019733652*J2^4+0,0,0,0,-0.0011393229*J1^1*J2^3+0,0,0,0,-0.0027907598*J1^1*J2^3+0.0027907598*J2^4+0,0,0,0,-0.0016112459*J1^1*J2^3+0.0016112459*J2^4+0,0,0,0},
{0,0,0,0,0,0,0,0,0,0,0,0,0,0,0,0,0,0,0,0,0,0,0,0,0,0,0,0,0,0,0,0,0,0,0,0,0,0,0,0,0,0,0,0,0,0,0,0,0,0,0,0,0,0,0,0,0,0,0,0,0,0,0,0,0,0,0,0,0,0,0,0,0,0.0019733652*J1^1*J2^3+0,0,0,0,-0.0011393229*J2^4+0,0,0,0,0.0019733652*J2^4+0,0,0,0,-0.0011393229*J1^1*J2^3+0,0,0,0,-0.0027907598*J1^1*J2^3+0.0027907598*J2^4+0,0,0,0,-0.0016112459*J1^1*J2^3+0.0016112459*J2^4+0,0,0},
{0,0,0,0,0,0,0,0,0,0,0,0,0,0,0,0,0,0,0,0,0,0,0,0,0,0,0,0,0,0,0,0,0,0,0,0,0,0,0,0,0,0,0,0,0,0,0,0,0,0,0,0,0,0,0,0,0,0,0,0,0,0,0,0,0,0,0,0,0,0,0,0,-0.0011393229*J2^4+0,0,0,0,-0.0006577884*J1^1*J2^3+0.0013155768*J2^4+0,0,0,0,-0.0011393229*J1^1*J2^3+0,0,0,0,0.0013155768*J1^1*J2^3+-0.0006577884*J2^4+0,0,0,0,-0.0016112459*J1^1*J2^3+0.0016112459*J2^4+0,0,0,0,0.0027907598*J1^1*J2^3+-0.0027907598*J2^4+0,0,0,0},
{0,0,0,0,0,0,0,0,0,0,0,0,0,0,0,0,0,0,0,0,0,0,0,0,0,0,0,0,0,0,0,0,0,0,0,0,0,0,0,0,0,0,0,0,0,0,0,0,0,0,0,0,0,0,0,0,0,0,0,0,0,0,0,0,0,0,0,0,0,0,0,0,0,-0.0011393229*J2^4+0,0,0,0,-0.0006577884*J1^1*J2^3+0.0013155768*J2^4+0,0,0,0,-0.0011393229*J1^1*J2^3+0,0,0,0,0.0013155768*J1^1*J2^3+-0.0006577884*J2^4+0,0,0,0,-0.0016112459*J1^1*J2^3+0.0016112459*J2^4+0,0,0,0,0.0027907598*J1^1*J2^3+-0.0027907598*J2^4+0,0,0},
{0,0,0,0,0,0,0,0,0,0,0,0,0,0,0,0,0,0,0,0,0,0,0,0,0,0,0,0,0,0,0,0,0,0,0,0,0,0,0,0,0,0,0,0,0,0,0,0,0,0,0,0,0,0,0,0,0,0,0,0,0,0,0,0,0,0,0,0,0,0,0,0,0,0,-0.0003375951*J2^4+0,0,0,0,0.0001949106*J1^1*J2^3+0,0,0,0,-0.0003375951*J1^1*J2^3+0,0,0,0,0.0001949106*J2^4+0,0,0,0,0,0,0,0,0,0},
{0,0,0,0,0,0,0,0,0,0,0,0,0,0,0,0,0,0,0,0,0,0,0,0,0,0,0,0,0,0,0,0,0,0,0,0,0,0,0,0,0,0,0,0,0,0,0,0,0,0,0,0,0,0,0,0,0,0,0,0,0,0,0,0,0,0,0,0,0,0,0,0,0,0,0,-0.0003375951*J2^4+0,0,0,0,0.0001949106*J1^1*J2^3+0,0,0,0,-0.0003375951*J1^1*J2^3+0,0,0,0,0.0001949106*J2^4+0,0,0,0,0,0,0,0,0},
{0,0,0,0,0,0,0,0,0,0,0,0,0,0,0,0,0,0,0,0,0,0,0,0,0,0,0,0,0,0,0,0,0,0,0,0,0,0,0,0,0,0,0,0,0,0,0,0,0,0,0,0,0,0,0,0,0,0,0,0,0,0,0,0,0,0,0,0,0,0,0,0,0,0,0.0001949106*J1^1*J2^3+0,0,0,0,-0.0002250634*J1^1*J2^3+0.0001125317*J2^4+0,0,0,0,0.0001949106*J2^4+0,0,0,0,0.0001125317*J1^1*J2^3+-0.0002250634*J2^4+0,0,0,0,0,0,0,0,0,0},
{0,0,0,0,0,0,0,0,0,0,0,0,0,0,0,0,0,0,0,0,0,0,0,0,0,0,0,0,0,0,0,0,0,0,0,0,0,0,0,0,0,0,0,0,0,0,0,0,0,0,0,0,0,0,0,0,0,0,0,0,0,0,0,0,0,0,0,0,0,0,0,0,0,0,0,0.0001949106*J1^1*J2^3+0,0,0,0,-0.0002250634*J1^1*J2^3+0.0001125317*J2^4+0,0,0,0,0.0001949106*J2^4+0,0,0,0,0.0001125317*J1^1*J2^3+-0.0002250634*J2^4+0,0,0,0,0,0,0,0,0},
{0,0,0,0,0,0,0,0,0,0,0,0,0,0,0,0,0,0,0,0,0,0,0,0,0,0,0,0,0,0,0,0,0,0,0,0,0,0,0,0,0,0,0,0,0,0,0,0,0,0,0,0,0,0,0,0,0,0,0,0,0,0,0,0,0,0,0,0,0,0,0,0,0,0,0.0001949106*J1^1*J2^3+0,0,0,0,-0.0001125317*J2^4+0,0,0,0,0.0001949106*J2^4+0,0,0,0,-0.0001125317*J1^1*J2^3+0,0,0,0,-0.0002756452*J1^1*J2^3+0.0002756452*J2^4+0,0,0,0,-0.0001591439*J1^1*J2^3+0.0001591439*J2^4+0,0},
{0,0,0,0,0,0,0,0,0,0,0,0,0,0,0,0,0,0,0,0,0,0,0,0,0,0,0,0,0,0,0,0,0,0,0,0,0,0,0,0,0,0,0,0,0,0,0,0,0,0,0,0,0,0,0,0,0,0,0,0,0,0,0,0,0,0,0,0,0,0,0,0,0,0,0,0.0001949106*J1^1*J2^3+0,0,0,0,-0.0001125317*J2^4+0,0,0,0,0.0001949106*J2^4+0,0,0,0,-0.0001125317*J1^1*J2^3+0,0,0,0,-0.0002756452*J1^1*J2^3+0.0002756452*J2^4+0,0,0,0,-0.0001591439*J1^1*J2^3+0.0001591439*J2^4+0},
{0,0,0,0,0,0,0,0,0,0,0,0,0,0,0,0,0,0,0,0,0,0,0,0,0,0,0,0,0,0,0,0,0,0,0,0,0,0,0,0,0,0,0,0,0,0,0,0,0,0,0,0,0,0,0,0,0,0,0,0,0,0,0,0,0,0,0,0,0,0,0,0,0,0,-0.0001125317*J2^4+0,0,0,0,-0.0000649702*J1^1*J2^3+0.0001299404*J2^4+0,0,0,0,-0.0001125317*J1^1*J2^3+0,0,0,0,0.0001299404*J1^1*J2^3+-0.0000649702*J2^4+0,0,0,0,-0.0001591439*J1^1*J2^3+0.0001591439*J2^4+0,0,0,0,0.0002756452*J1^1*J2^3+-0.0002756452*J2^4+0,0},
{0,0,0,0,0,0,0,0,0,0,0,0,0,0,0,0,0,0,0,0,0,0,0,0,0,0,0,0,0,0,0,0,0,0,0,0,0,0,0,0,0,0,0,0,0,0,0,0,0,0,0,0,0,0,0,0,0,0,0,0,0,0,0,0,0,0,0,0,0,0,0,0,0,0,0,-0.0001125317*J2^4+0,0,0,0,-0.0000649702*J1^1*J2^3+0.0001299404*J2^4+0,0,0,0,-0.0001125317*J1^1*J2^3+0,0,0,0,0.0001299404*J1^1*J2^3+-0.0000649702*J2^4+0,0,0,0,-0.0001591439*J1^1*J2^3+0.0001591439*J2^4+0,0,0,0,0.0002756452*J1^1*J2^3+-0.0002756452*J2^4+0},
{0,0,0,0,0,0,0,0,0,0,0,0,0,0,0,0,0,0,0,0,0,0,0,0,0,0,0,0,0,0,0,0,0,0,0,0,0,0,0,0,0,0,0,0,0,0,0,0,0,0,0,0,0,0,0,0,0,0,0,0,0,0,0,0,0,0,0,0,0,0,0,0,0,0,-0.0011566641*J2^4+0,0,0,0,0.0006678003*J1^1*J2^3+0,0,0,0,-0.0011566641*J1^1*J2^3+0,0,0,0,0.0006678003*J2^4+0,0,0,0,0,0,0,0,0,0},
{0,0,0,0,0,0,0,0,0,0,0,0,0,0,0,0,0,0,0,0,0,0,0,0,0,0,0,0,0,0,0,0,0,0,0,0,0,0,0,0,0,0,0,0,0,0,0,0,0,0,0,0,0,0,0,0,0,0,0,0,0,0,0,0,0,0,0,0,0,0,0,0,0,0,0,-0.0011566641*J2^4+0,0,0,0,0.0006678003*J1^1*J2^3+0,0,0,0,-0.0011566641*J1^1*J2^3+0,0,0,0,0.0006678003*J2^4+0,0,0,0,0,0,0,0,0},
{0,0,0,0,0,0,0,0,0,0,0,0,0,0,0,0,0,0,0,0,0,0,0,0,0,0,0,0,0,0,0,0,0,0,0,0,0,0,0,0,0,0,0,0,0,0,0,0,0,0,0,0,0,0,0,0,0,0,0,0,0,0,0,0,0,0,0,0,0,0,0,0,0,0,0.0006678003*J1^1*J2^3+0,0,0,0,-0.0007711094*J1^1*J2^3+0.0003855547*J2^4+0,0,0,0,0.0006678003*J2^4+0,0,0,0,0.0003855547*J1^1*J2^3+-0.0007711094*J2^4+0,0,0,0,0,0,0,0,0,0},
{0,0,0,0,0,0,0,0,0,0,0,0,0,0,0,0,0,0,0,0,0,0,0,0,0,0,0,0,0,0,0,0,0,0,0,0,0,0,0,0,0,0,0,0,0,0,0,0,0,0,0,0,0,0,0,0,0,0,0,0,0,0,0,0,0,0,0,0,0,0,0,0,0,0,0,0.0006678003*J1^1*J2^3+0,0,0,0,-0.0007711094*J1^1*J2^3+0.0003855547*J2^4+0,0,0,0,0.0006678003*J2^4+0,0,0,0,0.0003855547*J1^1*J2^3+-0.0007711094*J2^4+0,0,0,0,0,0,0,0,0},
{0,0,0,0,0,0,0,0,0,0,0,0,0,0,0,0,0,0,0,0,0,0,0,0,0,0,0,0,0,0,0,0,0,0,0,0,0,0,0,0,0,0,0,0,0,0,0,0,0,0,0,0,0,0,0,0,0,0,0,0,0,0,0,0,0,0,0,0,0,0,0,0,0,0,0.0006678003*J1^1*J2^3+0,0,0,0,-0.0003855547*J2^4+0,0,0,0,0.0006678003*J2^4+0,0,0,0,-0.0003855547*J1^1*J2^3+0,0,0,0,-0.0009444123*J1^1*J2^3+0.0009444123*J2^4+0,0,0,0,-0.0005452567*J1^1*J2^3+0.0005452567*J2^4+0,0},
{0,0,0,0,0,0,0,0,0,0,0,0,0,0,0,0,0,0,0,0,0,0,0,0,0,0,0,0,0,0,0,0,0,0,0,0,0,0,0,0,0,0,0,0,0,0,0,0,0,0,0,0,0,0,0,0,0,0,0,0,0,0,0,0,0,0,0,0,0,0,0,0,0,0,0,0.0006678003*J1^1*J2^3+0,0,0,0,-0.0003855547*J2^4+0,0,0,0,0.0006678003*J2^4+0,0,0,0,-0.0003855547*J1^1*J2^3+0,0,0,0,-0.0009444123*J1^1*J2^3+0.0009444123*J2^4+0,0,0,0,-0.0005452567*J1^1*J2^3+0.0005452567*J2^4+0},
{0,0,0,0,0,0,0,0,0,0,0,0,0,0,0,0,0,0,0,0,0,0,0,0,0,0,0,0,0,0,0,0,0,0,0,0,0,0,0,0,0,0,0,0,0,0,0,0,0,0,0,0,0,0,0,0,0,0,0,0,0,0,0,0,0,0,0,0,0,0,0,0,0,0,-0.0003855547*J2^4+0,0,0,0,-0.0002226001*J1^1*J2^3+0.0004452002*J2^4+0,0,0,0,-0.0003855547*J1^1*J2^3+0,0,0,0,0.0004452002*J1^1*J2^3+-0.0002226001*J2^4+0,0,0,0,-0.0005452567*J1^1*J2^3+0.0005452567*J2^4+0,0,0,0,0.0009444123*J1^1*J2^3+-0.0009444123*J2^4+0,0},
{0,0,0,0,0,0,0,0,0,0,0,0,0,0,0,0,0,0,0,0,0,0,0,0,0,0,0,0,0,0,0,0,0,0,0,0,0,0,0,0,0,0,0,0,0,0,0,0,0,0,0,0,0,0,0,0,0,0,0,0,0,0,0,0,0,0,0,0,0,0,0,0,0,0,0,-0.0003855547*J2^4+0,0,0,0,-0.0002226001*J1^1*J2^3+0.0004452002*J2^4+0,0,0,0,-0.0003855547*J1^1*J2^3+0,0,0,0,0.0004452002*J1^1*J2^3+-0.0002226001*J2^4+0,0,0,0,-0.0005452567*J1^1*J2^3+0.0005452567*J2^4+0,0,0,0,0.0009444123*J1^1*J2^3+-0.0009444123*J2^4+0},
{0,0,0,0,0,0,0,0,0,0,0,0,0,0,0,0,0,0,0,0,0,0,0,0,0,0,0,0,0,0,0,0,0,0,0,0,0,0,0,0,0,0,0,0,0,0,0,0,0,0,0,0,0,0,0,0,0,0,0,0,0,0,0,0,0,0,0,0,0,0,0,0,0,0,0,0,0,0,0,0,0,0,0,0,0,0,0,0,0,0,0,0,0,0,0,0},
{0,0,0,0,0,0,0,0,0,0,0,0,0,0,0,0,0,0,0,0,0,0,0,0,0,0,0,0,0,0,0,0,0,0,0,0,0,0,0,0,0,0,0,0,0,0,0,0,0,0,0,0,0,0,0,0,0,0,0,0,0,0,0,0,0,0,0,0,0,0,0,0,0,0,0,0,0,0,0,0,0,0,0,0,0,0,0,0,0,0,0,0,0,0,0,0},
{0,0,0,0,0,0,0,0,0,0,0,0,0,0,0,0,0,0,0,0,0,0,0,0,0,0,0,0,0,0,0,0,0,0,0,0,0,0,0,0,0,0,0,0,0,0,0,0,0,0,0,0,0,0,0,0,0,0,0,0,0,0,0,0,0,0,0,0,0,0,0,0,0,0,0,0,0,0,0,0,0,0,0,0,0,0,0,0,0,0,0,0,0,0,0,0},
{0,0,0,0,0,0,0,0,0,0,0,0,0,0,0,0,0,0,0,0,0,0,0,0,0,0,0,0,0,0,0,0,0,0,0,0,0,0,0,0,0,0,0,0,0,0,0,0,0,0,0,0,0,0,0,0,0,0,0,0,0,0,0,0,0,0,0,0,0,0,0,0,0,0,0,0,0,0,0,0,0,0,0,0,0,0,0,0,0,0,0,0,0,0,0,0},
{0,0,0,0,0,0,0,0,0,0,0,0,0,0,0,0,0,0,0,0,0,0,0,0,0,0,0,0,0,0,0,0,0,0,0,0,0,0,0,0,0,0,0,0,0,0,0,0,0,0,0,0,0,0,0,0,0,0,0,0,0,0,0,0,0,0,0,0,0,0,0,0,0,0,0,0,0,0,0,0,0,0,0,0,0,0,0,0,0,0,0,0,0,0,0,0},
{0,0,0,0,0,0,0,0,0,0,0,0,0,0,0,0,0,0,0,0,0,0,0,0,0,0,0,0,0,0,0,0,0,0,0,0,0,0,0,0,0,0,0,0,0,0,0,0,0,0,0,0,0,0,0,0,0,0,0,0,0,0,0,0,0,0,0,0,0,0,0,0,0,0,0,0,0,0,0,0,0,0,0,0,0,0,0,0,0,0,0,0,0,0,0,0},
{0,0,0,0,0,0,0,0,0,0,0,0,0,0,0,0,0,0,0,0,0,0,0,0,0,0,0,0,0,0,0,0,0,0,0,0,0,0,0,0,0,0,0,0,0,0,0,0,0,0,0,0,0,0,0,0,0,0,0,0,0,0,0,0,0,0,0,0,0,0,0,0,0,0,0,0,0,0,0,0,0,0,0,0,0,0,0,0,0,0,0,0,0,0,0,0},
{0,0,0,0,0,0,0,0,0,0,0,0,0,0,0,0,0,0,0,0,0,0,0,0,0,0,0,0,0,0,0,0,0,0,0,0,0,0,0,0,0,0,0,0,0,0,0,0,0,0,0,0,0,0,0,0,0,0,0,0,0,0,0,0,0,0,0,0,0,0,0,0,0,0,0,0,0,0,0,0,0,0,0,0,0,0,0,0,0,0,0,0,0,0,0,0},
{0,0,0,0,0,0,0,0,0,0,0,0,0,0,0,0,0,0,0,0,0,0,0,0,0,0,0,0,0,0,0,0,0,0,0,0,0,0,0,0,0,0,0,0,0,0,0,0,0,0,0,0,0,0,0,0,0,0,0,0,0,0,0,0,0,0,0,0,0,0,0,0,0,0,0,0,0,0,0,0,0,0,0,0,0,0,0,0,0,0,0,0,0,0,0,0},
{0,0,0,0,0,0,0,0,0,0,0,0,0,0,0,0,0,0,0,0,0,0,0,0,0,0,0,0,0,0,0,0,0,0,0,0,0,0,0,0,0,0,0,0,0,0,0,0,0,0,0,0,0,0,0,0,0,0,0,0,0,0,0,0,0,0,0,0,0,0,0,0,0,0,0,0,0,0,0,0,0,0,0,0,0,0,0,0,0,0,0,0,0,0,0,0},
{0,0,0,0,0,0,0,0,0,0,0,0,0,0,0,0,0,0,0,0,0,0,0,0,0,0,0,0,0,0,0,0,0,0,0,0,0,0,0,0,0,0,0,0,0,0,0,0,0,0,0,0,0,0,0,0,0,0,0,0,0,0,0,0,0,0,0,0,0,0,0,0,0,0,0,0,0,0,0,0,0,0,0,0,0,0,0,0,0,0,0,0,0,0,0,0},
{0,0,0,0,0,0,0,0,0,0,0,0,0,0,0,0,0,0,0,0,0,0,0,0,0,0,0,0,0,0,0,0,0,0,0,0,0,0,0,0,0,0,0,0,0,0,0,0,0,0,0,0,0,0,0,0,0,0,0,0,0,0,0,0,0,0,0,0,0,0,0,0,0,0,0,0,0,0,0,0,0,0,0,0,0,0,0,0,0,0,0,0,0,0,0,0},
{0,0,0,0,0,0,0,0,0,0,0,0,0,0,0,0,0,0,0,0,0,0,0,0,0,0,0,0,0,0,0,0,0,0,0,0,0,0,0,0,0,0,0,0,0,0,0,0,0,0,0,0,0,0,0,0,0,0,0,0,0,0,0,0,0,0,0,0,0,0,0,0,0,0,0,0,0,0,0,0,0,0,0,0,0,0,0,0,0,0,0,0,0,0,0,0},
{0,0,0,0,0,0,0,0,0,0,0,0,0,0,0,0,0,0,0,0,0,0,0,0,0,0,0,0,0,0,0,0,0,0,0,0,0,0,0,0,0,0,0,0,0,0,0,0,0,0,0,0,0,0,0,0,0,0,0,0,0,0,0,0,0,0,0,0,0,0,0,0,0,0,0,0,0,0,0,0,0,0,0,0,0,0,0,0,0,0,0,0,0,0,0,0},
{0,0,0,0,0,0,0,0,0,0,0,0,0,0,0,0,0,0,0,0,0,0,0,0,0,0,0,0,0,0,0,0,0,0,0,0,0,0,0,0,0,0,0,0,0,0,0,0,0,0,0,0,0,0,0,0,0,0,0,0,0,0,0,0,0,0,0,0,0,0,0,0,0,0,0,0,0,0,0,0,0,0,0,0,0,0,0,0,0,0,0,0,0,0,0,0},
{0,0,0,0,0,0,0,0,0,0,0,0,0,0,0,0,0,0,0,0,0,0,0,0,0,0,0,0,0,0,0,0,0,0,0,0,0,0,0,0,0,0,0,0,0,0,0,0,0,0,0,0,0,0,0,0,0,0,0,0,0,0,0,0,0,0,0,0,0,0,0,0,0,0,0,0,0,0,0,0,0,0,0,0,0,0,0,0,0,0,0,0,0,0,0,0},
{0,0,0,0,0,0,0,0,0,0,0,0,0,0,0,0,0,0,0,0,0,0,0,0,0,0,0,0,0,0,0,0,0,0,0,0,0,0,0,0,0,0,0,0,0,0,0,0,0,0,0,0,0,0,0,0,0,0,0,0,0,0,0,0,0,0,0,0,0,0,0,0,0,0,0,0,0,0,0,0,0,0,0,0,0,0,0,0,0,0,0,0,0,0,0,0},
{0,0,0,0,0,0,0,0,0,0,0,0,0,0,0,0,0,0,0,0,0,0,0,0,0,0,0,0,0,0,0,0,0,0,0,0,0,0,0,0,0,0,0,0,0,0,0,0,0,0,0,0,0,0,0,0,0,0,0,0,0,0,0,0,0,0,0,0,0,0,0,0,0,0,0,0,0,0,0,0,0,0,0,0,0,0,0,0,0,0,0,0,0,0,0,0},
{0,0,0,0,0,0,0,0,0,0,0,0,0,0,0,0,0,0,0,0,0,0,0,0,0,0,0,0,0,0,0,0,0,0,0,0,0,0,0,0,0,0,0,0,0,0,0,0,0,0,0,0,0,0,0,0,0,0,0,0,0,0,0,0,0,0,0,0,0,0,0,0,0,0,0,0,0,0,0,0,0,0,0,0,0,0,0,0,0,0,0,0,0,0,0,0},
{0,0,0,0,0,0,0,0,0,0,0,0,0,0,0,0,0,0,0,0,0,0,0,0,0,0,0,0,0,0,0,0,0,0,0,0,0,0,0,0,0,0,0,0,0,0,0,0,0,0,0,0,0,0,0,0,0,0,0,0,0,0,0,0,0,0,0,0,0,0,0,0,0,0,0,0,0,0,0,0,0,0,0,0,0,0,0,0,0,0,0,0,0,0,0,0},
{0,0,0,0,0,0,0,0,0,0,0,0,0,0,0,0,0,0,0,0,0,0,0,0,0,0,0,0,0,0,0,0,0,0,0,0,0,0,0,0,0,0,0,0,0,0,0,0,0,0,0,0,0,0,0,0,0,0,0,0,0,0,0,0,0,0,0,0,0,0,0,0,0,0,0,0,0,0,0,0,0,0,0,0,0,0,0,0,0,0,0,0,0,0,0,0},
{0,0,0,0,0,0,0,0,0,0,0,0,0,0,0,0,0,0,0,0,0,0,0,0,0,0,0,0,0,0,0,0,0,0,0,0,0,0,0,0,0,0,0,0,0,0,0,0,0,0,0,0,0,0,0,0,0,0,0,0,0,0,0,0,0,0,0,0,0,0,0,0,0,0,0,0,0,0,0,0,0,0,0,0,0,0,0,0,0,0,0,0,0,0,0,0},
{0,0,0,0,0,0,0,0,0,0,0,0,0,0,0,0,0,0,0,0,0,0,0,0,0,0,0,0,0,0,0,0,0,0,0,0,0,0,0,0,0,0,0,0,0,0,0,0,0,0,0,0,0,0,0,0,0,0,0,0,0,0,0,0,0,0,0,0,0,0,0,0,0,0,0,0,0,0,0,0,0,0,0,0,0,0,0,0,0,0,0,0,0,0,0,0},
{0,0,0,0,0,0,0,0,0,0,0,0,0,0,0,0,0,0,0,0,0,0,0,0,0,0,0,0,0,0,0,0,0,0,0,0,0,0,0,0,0,0,0,0,0,0,0,0,0,0,0,0,0,0,0,0,0,0,0,0,0,0,0,0,0,0,0,0,0,0,0,0,0,0,0,0,0,0,0,0,0,0,0,0,0,0,0,0,0,0,0,0,0,0,0,0},
{-0.0068359375*J2^4+0,0,0.0039467304*J1^1*J2^3+0,0,0.0039467304*J1^1*J2^3+0,0,-0.0022786458*J2^4+0,0,0,0,0,0,0,0,0,0,0,0,0,0,0,0,0,0,0.0004882812*J2^4+0,0,-0.0002819093*J1^1*J2^3+0,0,-0.0002819093*J1^1*J2^3+0,0,0.0001627604*J2^4+0,0,0,0,0,0,0,0,0,0,0,0,0,0,0,0,0,0,0,0,0,0,0,0,0,0,0,0,0,0,0,0,0,0,0,0,0,0,0,0,0,0,0,0,0,0,0,0,0,0,0,0,0,0,0,0,0,0,0,0,0,0,0,0,0,0},
{0,0,0,0,0,0,0,0,0.0039467304*J2^4+0,0,-0.0022786458*J1^1*J2^3+0,0,-0.0022786458*J1^1*J2^3+0,0,0.0013155768*J2^4+0,0,-0.0055815196*J2^4+0,0,0.0032224918*J1^1*J2^3+0,0,0.0032224918*J1^1*J2^3+0,0,-0.0018605065*J2^4+0,0,0,0.0004882813*J2^4+0,0,-0.0002819093*J1^1*J2^3+0,0,-0.0002819093*J1^1*J2^3+0,0,0.0001627604*J2^4+0,0,0,0,0,0,0,0,0,0,0,0,0,0,0,0,0,0,0,0,0,0,0,0,0,0,0,0,0,0,0,0,0,0,0,0,0,0,0,0,0,0,0,0,0,0,0,0,0,0,0,0,0,0,0,0,0,0,0,0,0,0,0,0,0},
{0,0.0022786458*J2^4+0,0,-0.0013155768*J1^1*J2^3+0,0,-0.0013155768*J1^1*J2^3+0,0,0.0007595486*J2^4+0,0,0,0,0,0,0,0,0,0,0,0,0,0,0,0,0,0,0,0,0,0,0,0,0,-0.0001566163*J2^4+0,0,0.0000904225*J1^1*J2^3+0,0,0.0000904225*J1^1*J2^3+0,0,-0.0000522054*J2^4+0,0,0.0003100844*J2^4+0,0,-0.0001790273*J1^1*J2^3+0,0,-0.0001790273*J1^1*J2^3+0,0,0.0001033615*J2^4+0,0,0,0,0,0,0,0,0,0,0,0,0,0,0,0,0,0,0,0,0,0,0,0,0,0,0,0,0,0,0,0,0,0,0,0,0,0,0,0,0,0,0,0,0,0,0,0,0,0},
{0,0,0,0,0,0,0,0,0,-0.0013155768*J2^4+0,0,0.0007595486*J1^1*J2^3+0,0,0.0007595486*J1^1*J2^3+0,0,-0.0004385256*J2^4+0,0,0.0018605065*J2^4+0,0,-0.0010741639*J1^1*J2^3+0,0,-0.0010741639*J1^1*J2^3+0,0,0.0006201688*J2^4+0,0,0,0,0,0,0,0,0,0,-0.0001566163*J2^4+0,0,0.0000904225*J1^1*J2^3+0,0,0.0000904225*J1^1*J2^3+0,0,-0.0000522054*J2^4+0,0,0.0003100844*J2^4+0,0,-0.0001790273*J1^1*J2^3+0,0,-0.0001790273*J1^1*J2^3+0,0,0.0001033615*J2^4+0,0,0,0,0,0,0,0,0,0,0,0,0,0,0,0,0,0,0,0,0,0,0,0,0,0,0,0,0,0,0,0,0,0,0,0,0,0,0,0,0,0,0,0,0,0,0,0,0},
{0.0039467304*J1^1*J2^3+0,0,-0.0045572917*J1^1*J2^3+0.0022786458*J2^4+0,0,-0.0022786458*J2^4+0,0,-0.0013155768*J1^1*J2^3+0.0026311536*J2^4+0,0,0,0,0,0,0,0,0,0,0,0,0,0,0,0,0,0,-0.0002819093*J1^1*J2^3+0,0,0.0003255208*J1^1*J2^3+-0.0001627604*J2^4+0,0,0.0001627604*J2^4+0,0,0.0000939698*J1^1*J2^3+-0.0001879395*J2^4+0,0,0,0,0,0,0,0,0,0,0,0,0,0,0,0,0,0,0,0,0,0,0,0,0,0,0,0,0,0,0,0,0,0,0,0,0,0,0,0,0,0,0,0,0,0,0,0,0,0,0,0,0,0,0,0,0,0,0,0,0,0,0,0,0,0},
{0,0,0,0,0,0,0,0,-0.0022786458*J1^1*J2^3+0,0,0.0026311536*J1^1*J2^3+-0.0013155768*J2^4+0,0,0.0013155768*J2^4+0,0,0.0007595486*J1^1*J2^3+-0.0015190972*J2^4+0,0,0.0032224918*J1^1*J2^3+0,0,-0.0037210131*J1^1*J2^3+0.0018605065*J2^4+0,0,-0.0018605065*J2^4+0,0,-0.0010741639*J1^1*J2^3+0.0021483279*J2^4+0,0,0,-0.0002819093*J1^1*J2^3+0,0,0.0003255208*J1^1*J2^3+-0.0001627604*J2^4+0,0,0.0001627604*J2^4+0,0,0.0000939698*J1^1*J2^3+-0.0001879395*J2^4+0,0,0,0,0,0,0,0,0,0,0,0,0,0,0,0,0,0,0,0,0,0,0,0,0,0,0,0,0,0,0,0,0,0,0,0,0,0,0,0,0,0,0,0,0,0,0,0,0,0,0,0,0,0,0,0,0,0,0,0,0,0,0,0,0},
{0,-0.0013155768*J1^1*J2^3+0,0,0.0015190972*J1^1*J2^3+-0.0007595486*J2^4+0,0,0.0007595486*J2^4+0,0,0.0004385256*J1^1*J2^3+-0.0008770512*J2^4+0,0,0,0,0,0,0,0,0,0,0,0,0,0,0,0,0,0,0,0,0,0,0,0,0,0.0000904225*J1^1*J2^3+0,0,-0.0001044109*J1^1*J2^3+0.0000522054*J2^4+0,0,-0.0000522054*J2^4+0,0,-0.0000301408*J1^1*J2^3+0.0000602816*J2^4+0,0,-0.0001790273*J1^1*J2^3+0,0,0.0002067229*J1^1*J2^3+-0.0001033615*J2^4+0,0,0.0001033615*J2^4+0,0,0.0000596758*J1^1*J2^3+-0.0001193515*J2^4+0,0,0,0,0,0,0,0,0,0,0,0,0,0,0,0,0,0,0,0,0,0,0,0,0,0,0,0,0,0,0,0,0,0,0,0,0,0,0,0,0,0,0,0,0,0,0,0,0,0},
{0,0,0,0,0,0,0,0,0,0.0007595486*J1^1*J2^3+0,0,-0.0008770512*J1^1*J2^3+0.0004385256*J2^4+0,0,-0.0004385256*J2^4+0,0,-0.0002531829*J1^1*J2^3+0.0005063657*J2^4+0,0,-0.0010741639*J1^1*J2^3+0,0,0.0012403377*J1^1*J2^3+-0.0006201688*J2^4+0,0,0.0006201688*J2^4+0,0,0.0003580546*J1^1*J2^3+-0.0007161093*J2^4+0,0,0,0,0,0,0,0,0,0,0.0000904225*J1^1*J2^3+0,0,-0.0001044109*J1^1*J2^3+0.0000522054*J2^4+0,0,-0.0000522054*J2^4+0,0,-0.0000301408*J1^1*J2^3+0.0000602816*J2^4+0,0,-0.0001790273*J1^1*J2^3+0,0,0.0002067229*J1^1*J2^3+-0.0001033615*J2^4+0,0,0.0001033615*J2^4+0,0,0.0000596758*J1^1*J2^3+-0.0001193515*J2^4+0,0,0,0,0,0,0,0,0,0,0,0,0,0,0,0,0,0,0,0,0,0,0,0,0,0,0,0,0,0,0,0,0,0,0,0,0,0,0,0,0,0,0,0,0,0,0,0,0},
{-0.0068359375*J1^1*J2^3+0,0,0.0039467304*J2^4+0,0,0.0039467304*J2^4+0,0,-0.0022786458*J1^1*J2^3+0,0,0,0,0,0,0,0,0,0,0,0,0,0,0,0,0,0,0.0004882812*J1^1*J2^3+0,0,-0.0002819093*J2^4+0,0,-0.0002819093*J2^4+0,0,0.0001627604*J1^1*J2^3+0,0,0,0,0,0,0,0,0,0,0,0,0,0,0,0,0,0,0,0,0,0,0,0,0,0,0,0,0,0,0,0,0,0,0,0,0,0,0,0,0,0,0,0,0,0,0,0,0,0,0,0,0,0,0,0,0,0,0,0,0,0,0,0,0,0},
{0,0,0,0,0,0,0,0,0.0039467304*J1^1*J2^3+0,0,-0.0022786458*J2^4+0,0,-0.0022786458*J2^4+0,0,0.0013155768*J1^1*J2^3+0,0,-0.0055815196*J1^1*J2^3+0,0,0.0032224918*J2^4+0,0,0.0032224918*J2^4+0,0,-0.0018605065*J1^1*J2^3+0,0,0,0.0004882813*J1^1*J2^3+0,0,-0.0002819093*J2^4+0,0,-0.0002819093*J2^4+0,0,0.0001627604*J1^1*J2^3+0,0,0,0,0,0,0,0,0,0,0,0,0,0,0,0,0,0,0,0,0,0,0,0,0,0,0,0,0,0,0,0,0,0,0,0,0,0,0,0,0,0,0,0,0,0,0,0,0,0,0,0,0,0,0,0,0,0,0,0,0,0,0,0,0},
{0,0.0022786458*J1^1*J2^3+0,0,-0.0013155768*J2^4+0,0,-0.0013155768*J2^4+0,0,0.0007595486*J1^1*J2^3+0,0,0,0,0,0,0,0,0,0,0,0,0,0,0,0,0,0,0,0,0,0,0,0,0,-0.0001566163*J1^1*J2^3+0,0,0.0000904225*J2^4+0,0,0.0000904225*J2^4+0,0,-0.0000522054*J1^1*J2^3+0,0,0.0003100844*J1^1*J2^3+0,0,-0.0001790273*J2^4+0,0,-0.0001790273*J2^4+0,0,0.0001033615*J1^1*J2^3+0,0,0,0,0,0,0,0,0,0,0,0,0,0,0,0,0,0,0,0,0,0,0,0,0,0,0,0,0,0,0,0,0,0,0,0,0,0,0,0,0,0,0,0,0,0,0,0,0,0},
{0,0,0,0,0,0,0,0,0,-0.0013155768*J1^1*J2^3+0,0,0.0007595486*J2^4+0,0,0.0007595486*J2^4+0,0,-0.0004385256*J1^1*J2^3+0,0,0.0018605065*J1^1*J2^3+0,0,-0.0010741639*J2^4+0,0,-0.0010741639*J2^4+0,0,0.0006201688*J1^1*J2^3+0,0,0,0,0,0,0,0,0,0,-0.0001566163*J1^1*J2^3+0,0,0.0000904225*J2^4+0,0,0.0000904225*J2^4+0,0,-0.0000522054*J1^1*J2^3+0,0,0.0003100844*J1^1*J2^3+0,0,-0.0001790273*J2^4+0,0,-0.0001790273*J2^4+0,0,0.0001033615*J1^1*J2^3+0,0,0,0,0,0,0,0,0,0,0,0,0,0,0,0,0,0,0,0,0,0,0,0,0,0,0,0,0,0,0,0,0,0,0,0,0,0,0,0,0,0,0,0,0,0,0,0,0},
{0.0039467304*J2^4+0,0,0.0022786458*J1^1*J2^3+-0.0045572917*J2^4+0,0,-0.0022786458*J1^1*J2^3+0,0,0.0026311536*J1^1*J2^3+-0.0013155768*J2^4+0,0,0,0,0,0,0,0,0,0,0,0,0,0,0,0,0,0,-0.0002819093*J2^4+0,0,-0.0001627604*J1^1*J2^3+0.0003255208*J2^4+0,0,0.0001627604*J1^1*J2^3+0,0,-0.0001879395*J1^1*J2^3+0.0000939698*J2^4+0,0,0,0,0,0,0,0,0,0,0,0,0,0,0,0,0,0,0,0,0,0,0,0,0,0,0,0,0,0,0,0,0,0,0,0,0,0,0,0,0,0,0,0,0,0,0,0,0,0,0,0,0,0,0,0,0,0,0,0,0,0,0,0,0,0},
{0,0,0,0,0,0,0,0,-0.0022786458*J2^4+0,0,-0.0013155768*J1^1*J2^3+0.0026311536*J2^4+0,0,0.0013155768*J1^1*J2^3+0,0,-0.0015190972*J1^1*J2^3+0.0007595486*J2^4+0,0,0.0032224918*J2^4+0,0,0.0018605065*J1^1*J2^3+-0.0037210131*J2^4+0,0,-0.0018605065*J1^1*J2^3+0,0,0.0021483279*J1^1*J2^3+-0.0010741639*J2^4+0,0,0,-0.0002819093*J2^4+0,0,-0.0001627604*J1^1*J2^3+0.0003255208*J2^4+0,0,0.0001627604*J1^1*J2^3+0,0,-0.0001879395*J1^1*J2^3+0.0000939698*J2^4+0,0,0,0,0,0,0,0,0,0,0,0,0,0,0,0,0,0,0,0,0,0,0,0,0,0,0,0,0,0,0,0,0,0,0,0,0,0,0,0,0,0,0,0,0,0,0,0,0,0,0,0,0,0,0,0,0,0,0,0,0,0,0,0,0},
{0,-0.0013155768*J2^4+0,0,-0.0007595486*J1^1*J2^3+0.0015190972*J2^4+0,0,0.0007595486*J1^1*J2^3+0,0,-0.0008770512*J1^1*J2^3+0.0004385256*J2^4+0,0,0,0,0,0,0,0,0,0,0,0,0,0,0,0,0,0,0,0,0,0,0,0,0,0.0000904225*J2^4+0,0,0.0000522054*J1^1*J2^3+-0.0001044109*J2^4+0,0,-0.0000522054*J1^1*J2^3+0,0,0.0000602816*J1^1*J2^3+-0.0000301408*J2^4+0,0,-0.0001790273*J2^4+0,0,-0.0001033615*J1^1*J2^3+0.0002067229*J2^4+0,0,0.0001033615*J1^1*J2^3+0,0,-0.0001193515*J1^1*J2^3+0.0000596758*J2^4+0,0,0,0,0,0,0,0,0,0,0,0,0,0,0,0,0,0,0,0,0,0,0,0,0,0,0,0,0,0,0,0,0,0,0,0,0,0,0,0,0,0,0,0,0,0,0,0,0,0},
{0,0,0,0,0,0,0,0,0,0.0007595486*J2^4+0,0,0.0004385256*J1^1*J2^3+-0.0008770512*J2^4+0,0,-0.0004385256*J1^1*J2^3+0,0,0.0005063657*J1^1*J2^3+-0.0002531829*J2^4+0,0,-0.0010741639*J2^4+0,0,-0.0006201688*J1^1*J2^3+0.0012403377*J2^4+0,0,0.0006201688*J1^1*J2^3+0,0,-0.0007161093*J1^1*J2^3+0.0003580546*J2^4+0,0,0,0,0,0,0,0,0,0,0.0000904225*J2^4+0,0,0.0000522054*J1^1*J2^3+-0.0001044109*J2^4+0,0,-0.0000522054*J1^1*J2^3+0,0,0.0000602816*J1^1*J2^3+-0.0000301408*J2^4+0,0,-0.0001790273*J2^4+0,0,-0.0001033615*J1^1*J2^3+0.0002067229*J2^4+0,0,0.0001033615*J1^1*J2^3+0,0,-0.0001193515*J1^1*J2^3+0.0000596758*J2^4+0,0,0,0,0,0,0,0,0,0,0,0,0,0,0,0,0,0,0,0,0,0,0,0,0,0,0,0,0,0,0,0,0,0,0,0,0,0,0,0,0,0,0,0,0,0,0,0,0},
{0,0,0,0,-0.0055815196*J1^1*J2^3+0.0055815196*J2^4+0,0,-0.0032224918*J1^1*J2^3+0.0032224918*J2^4+0,0,0,0,0,0,0,0,0,0,0,0,0,0,0,0,0,0,0,0,0,0,0.0003986800*J1^1*J2^3+-0.0003986800*J2^4+0,0,0.0002301780*J1^1*J2^3+-0.0002301780*J2^4+0,0,0,0,0,0,0,0,0,0,0,0,0,0,0,0,0,0,0,0,0,0,0,0,0,0,0,0,0,0,0,0,0,0,0,0,0,0,0,0,0,0,0,0,0,0,0,0,0,0,0,0,0,0,0,0,0,0,0,0,0,0,0,0,0,0},
{0,0,0,0,0,0,0,0,0,0,0,0,0.0032224918*J1^1*J2^3+-0.0032224918*J2^4+0,0,0.0018605065*J1^1*J2^3+-0.0018605065*J2^4+0,0,0,0,0,0,-0.0045572917*J1^1*J2^3+0.0045572917*J2^4+0,0,-0.0026311536*J1^1*J2^3+0.0026311536*J2^4+0,0,0,0,0,0,0,0.0003986800*J1^1*J2^3+-0.0003986800*J2^4+0,0,0.0002301780*J1^1*J2^3+-0.0002301780*J2^4+0,0,0,0,0,0,0,0,0,0,0,0,0,0,0,0,0,0,0,0,0,0,0,0,0,0,0,0,0,0,0,0,0,0,0,0,0,0,0,0,0,0,0,0,0,0,0,0,0,0,0,0,0,0,0,0,0,0,0,0,0,0,0,0,0},
{0,0,0,0,0,0.0018605065*J1^1*J2^3+-0.0018605065*J2^4+0,0,0.0010741639*J1^1*J2^3+-0.0010741639*J2^4+0,0,0,0,0,0,0,0,0,0,0,0,0,0,0,0,0,0,0,0,0,0,0,0,0,0,0,0,0,-0.0001278767*J1^1*J2^3+0.0001278767*J2^4+0,0,-0.0000738296*J1^1*J2^3+0.0000738296*J2^4+0,0,0,0,0,0,0.0002531829*J1^1*J2^3+-0.0002531829*J2^4+0,0,0.0001461752*J1^1*J2^3+-0.0001461752*J2^4+0,0,0,0,0,0,0,0,0,0,0,0,0,0,0,0,0,0,0,0,0,0,0,0,0,0,0,0,0,0,0,0,0,0,0,0,0,0,0,0,0,0,0,0,0,0,0,0,0,0},
{0,0,0,0,0,0,0,0,0,0,0,0,0,-0.0010741639*J1^1*J2^3+0.0010741639*J2^4+0,0,-0.0006201688*J1^1*J2^3+0.0006201688*J2^4+0,0,0,0,0,0,0.0015190972*J1^1*J2^3+-0.0015190972*J2^4+0,0,0.0008770512*J1^1*J2^3+-0.0008770512*J2^4+0,0,0,0,0,0,0,0,0,0,0,0,0,0,-0.0001278767*J1^1*J2^3+0.0001278767*J2^4+0,0,-0.0000738296*J1^1*J2^3+0.0000738296*J2^4+0,0,0,0,0,0,0.0002531829*J1^1*J2^3+-0.0002531829*J2^4+0,0,0.0001461752*J1^1*J2^3+-0.0001461752*J2^4+0,0,0,0,0,0,0,0,0,0,0,0,0,0,0,0,0,0,0,0,0,0,0,0,0,0,0,0,0,0,0,0,0,0,0,0,0,0,0,0,0,0,0,0,0,0,0,0,0},
{0,0,0,0,-0.0032224918*J1^1*J2^3+0.0032224918*J2^4+0,0,0.0055815196*J1^1*J2^3+-0.0055815196*J2^4+0,0,0,0,0,0,0,0,0,0,0,0,0,0,0,0,0,0,0,0,0,0,0.0002301780*J1^1*J2^3+-0.0002301780*J2^4+0,0,-0.0003986800*J1^1*J2^3+0.0003986800*J2^4+0,0,0,0,0,0,0,0,0,0,0,0,0,0,0,0,0,0,0,0,0,0,0,0,0,0,0,0,0,0,0,0,0,0,0,0,0,0,0,0,0,0,0,0,0,0,0,0,0,0,0,0,0,0,0,0,0,0,0,0,0,0,0,0,0,0},
{0,0,0,0,0,0,0,0,0,0,0,0,0.0018605065*J1^1*J2^3+-0.0018605065*J2^4+0,0,-0.0032224918*J1^1*J2^3+0.0032224918*J2^4+0,0,0,0,0,0,-0.0026311536*J1^1*J2^3+0.0026311536*J2^4+0,0,0.0045572917*J1^1*J2^3+-0.0045572917*J2^4+0,0,0,0,0,0,0,0.0002301780*J1^1*J2^3+-0.0002301780*J2^4+0,0,-0.0003986800*J1^1*J2^3+0.0003986800*J2^4+0,0,0,0,0,0,0,0,0,0,0,0,0,0,0,0,0,0,0,0,0,0,0,0,0,0,0,0,0,0,0,0,0,0,0,0,0,0,0,0,0,0,0,0,0,0,0,0,0,0,0,0,0,0,0,0,0,0,0,0,0,0,0,0,0},
{0,0,0,0,0,0.0010741639*J1^1*J2^3+-0.0010741639*J2^4+0,0,-0.0018605065*J1^1*J2^3+0.0018605065*J2^4+0,0,0,0,0,0,0,0,0,0,0,0,0,0,0,0,0,0,0,0,0,0,0,0,0,0,0,0,0,-0.0000738296*J1^1*J2^3+0.0000738296*J2^4+0,0,0.0001278767*J1^1*J2^3+-0.0001278767*J2^4+0,0,0,0,0,0,0.0001461752*J1^1*J2^3+-0.0001461752*J2^4+0,0,-0.0002531829*J1^1*J2^3+0.0002531829*J2^4+0,0,0,0,0,0,0,0,0,0,0,0,0,0,0,0,0,0,0,0,0,0,0,0,0,0,0,0,0,0,0,0,0,0,0,0,0,0,0,0,0,0,0,0,0,0,0,0,0,0},
{0,0,0,0,0,0,0,0,0,0,0,0,0,-0.0006201688*J1^1*J2^3+0.0006201688*J2^4+0,0,0.0010741639*J1^1*J2^3+-0.0010741639*J2^4+0,0,0,0,0,0,0.0008770512*J1^1*J2^3+-0.0008770512*J2^4+0,0,-0.0015190972*J1^1*J2^3+0.0015190972*J2^4+0,0,0,0,0,0,0,0,0,0,0,0,0,0,-0.0000738296*J1^1*J2^3+0.0000738296*J2^4+0,0,0.0001278767*J1^1*J2^3+-0.0001278767*J2^4+0,0,0,0,0,0,0.0001461752*J1^1*J2^3+-0.0001461752*J2^4+0,0,-0.0002531829*J1^1*J2^3+0.0002531829*J2^4+0,0,0,0,0,0,0,0,0,0,0,0,0,0,0,0,0,0,0,0,0,0,0,0,0,0,0,0,0,0,0,0,0,0,0,0,0,0,0,0,0,0,0,0,0,0,0,0,0}
}