36
{{0,0,0,0,0,0,0,0,0,0,0,0,0,0,0,0,0,0,0,0,0,0,0,0,0,0,0,0,0,0,0,0,0,0,0,0},
{0,0,0,0,0,0,0,0,0,0,0,0,0,0,0,0,0,0,0,0,0,0,0,0,0,0,0,0,0,0,0,0,0,0,0,0},
{0,0,0,0,0,0,0,0,0,0,0,0,0,0,0,0,0,0,0,0,0,0,0,0,0,0,0,0,0,0,0,0,0,0,0,0},
{0,0,0,0,0,0,0,0,0,0,0,0,0,0,0,0,0,0,0,0,0,0,0,0,0,0,0,0,0,0,0,0,0,0,0,0},
{0,0,0,0,0,0,0,0,0,0,0,0,0,0,0,0,0,0,0,0,0,0,0,0,0,0,0,0,0,0,0,0,0,0,0,0},
{0,0,0,0,0,0,0,0,0,0,0,0,0,0,0,0,0,0,0,0,0,0,0,0,0,0,0,0,0,0,0,0,0,0,0,0},
{0,0,0,0,0,0,0,0,0,0,0,0,0,0,0,0,0,0,0,0,0,0,0,0,0,0,0,0,0,0,0,0,0,0,0,0},
{0,0,0,0,0,0,0,0,0,0,0,0,0,0,0,0,0,0,0,0,0,0,0,0,0,0,0,0,0,0,0,0,0,0,0,0},
{0,0,0,0,0,0,0,0,0,0,0,0,0,0,0,0,0,0,0,0,0,0,0,0,0,0,0,0,0,0,0,0,0,0,0,0},
{0,0,0,0,0,0,0,0,0,0,0,0,0,0,0,0,0,0,0,0,0,0,0,0,0,0,0,0,0,0,0,0,0,0,0,0},
{0,0,0,0,0,0,0,0,0,0,0,0,0,0,0,0,0,0,0,0,0,0,0,0,0,0,0,0,0,0,0,0,0,0,0,0},
{0,0,0,0,0,0,0,0,0,0,0,0,0,0,0,0,0,0,0,0,0,0,0,0,0,0,0,0,0,0,0,0,0,0,0,0},
{0,0,0,0,0,0,0,0,0,0,0,0,0,0,0,0,0,0,0,0,0,0,0,0,0,0,0,0,0.0312500000*J1^1*J2^1*(J2-J1)^2+0,0,0,0.0104166667*J1^1*J2^1*(J2-J1)^2+0,0,0,0,0},
{0,0,0,0,0,0,0,0,0,0,0,0,0,0,0,0,0,0,0,0,0,0,0,0,0,0,0,0,0.0180421959*J2^2*(J2-J1)^2+0,0.0052083333*J1^1*J2^1*(J2-J1)^2+-0.0052083333*J2^2*(J2-J1)^2+0,0,-0.0030070327*J1^1*J2^1*(J2-J1)^2+0.0090210980*J2^2*(J2-J1)^2+0,0,0,0,0},
{0,0,0,0,0,0,0,0,0,0,0,0,0,0,0,0,0,0,0,0,0,0,0,0,-0.0180421959*J1^1*J2^1*(J2-J1)^2+0,0,0,-0.0060140653*J1^1*J2^1*(J2-J1)^2+0,0,0,0,0,0.0255155182*J1^1*J2^1*(J2-J1)^2+0,0,0,0.0085051727*J1^1*J2^1*(J2-J1)^2+0},
{0,0,0,0,0,0,0,0,0,0,0,0,0,0,0,0,0,0,0,0,0,0,0,0,-0.0104166667*J2^2*(J2-J1)^2+0,-0.0030070327*J1^1*J2^1*(J2-J1)^2+0.0030070327*J2^2*(J2-J1)^2+0,0,0.0017361111*J1^1*J2^1*(J2-J1)^2+-0.0052083333*J2^2*(J2-J1)^2+0,0,0,0,0,0.0147313913*J2^2*(J2-J1)^2+0,0.0042525864*J1^1*J2^1*(J2-J1)^2+-0.0042525864*J2^2*(J2-J1)^2+0,0,-0.0024552319*J1^1*J2^1*(J2-J1)^2+0.0073656956*J2^2*(J2-J1)^2+0},
{0,0,0,0,0,0,0,0,0,0,0,0,0,0,0,0,0,0,0,0,0,0,0,0,0,0,0,0,-0.0312500000*J2^2*(J2-J1)^2+0,0,0,-0.0104166667*J2^2*(J2-J1)^2+0,0,0,0,0},
{0,0,0,0,0,0,0,0,0,0,0,0,0,0,0,0,0,0,0,0,0,0,0,0,0,0,0,0,-0.0180421959*J1^1*J2^1*(J2-J1)^2+0,0.0052083333*J1^1*J2^1*(J2-J1)^2+-0.0052083333*J2^2*(J2-J1)^2+0,0,-0.0090210980*J1^1*J2^1*(J2-J1)^2+0.0030070327*J2^2*(J2-J1)^2+0,0,0,0,0},
{0,0,0,0,0,0,0,0,0,0,0,0,0,0,0,0,0,0,0,0,0,0,0,0,0.0180421959*J2^2*(J2-J1)^2+0,0,0,0.0060140653*J2^2*(J2-J1)^2+0,0,0,0,0,-0.0255155182*J2^2*(J2-J1)^2+0,0,0,-0.0085051727*J2^2*(J2-J1)^2+0},
{0,0,0,0,0,0,0,0,0,0,0,0,0,0,0,0,0,0,0,0,0,0,0,0,0.0104166667*J1^1*J2^1*(J2-J1)^2+0,-0.0030070327*J1^1*J2^1*(J2-J1)^2+0.0030070327*J2^2*(J2-J1)^2+0,0,0.0052083333*J1^1*J2^1*(J2-J1)^2+-0.0017361111*J2^2*(J2-J1)^2+0,0,0,0,0,-0.0147313913*J1^1*J2^1*(J2-J1)^2+0,0.0042525864*J1^1*J2^1*(J2-J1)^2+-0.0042525864*J2^2*(J2-J1)^2+0,0,-0.0073656956*J1^1*J2^1*(J2-J1)^2+0.0024552319*J2^2*(J2-J1)^2+0},
{0,0,0,0,0,0,0,0,0,0,0,0,0,0,0,0,0,0,0,0,0,0,0,0,0,0,0,0,0,0,0.0063788795*J1^1*J2^1*(J2-J1)^2+-0.0063788795*J2^2*(J2-J1)^2+0,-0.0036828478*J1^1*J2^1*(J2-J1)^2+0.0036828478*J2^2*(J2-J1)^2+0,0,0,0,0},
{0,0,0,0,0,0,0,0,0,0,0,0,0,0,0,0,0,0,0,0,0,0,0,0,0,0,0,0,0,0,-0.0036828478*J1^1*J2^1*(J2-J1)^2+0.0036828478*J2^2*(J2-J1)^2+0,0.0021262932*J1^1*J2^1*(J2-J1)^2+-0.0021262932*J2^2*(J2-J1)^2+0,0,0,0,0},
{0,0,0,0,0,0,0,0,0,0,0,0,0,0,0,0,0,0,0,0,0,0,0,0,0,0,-0.0036828478*J1^1*J2^1*(J2-J1)^2+0.0036828478*J2^2*(J2-J1)^2+0,0.0021262932*J1^1*J2^1*(J2-J1)^2+-0.0021262932*J2^2*(J2-J1)^2+0,0,0,0,0,0,0,0.0052083333*J1^1*J2^1*(J2-J1)^2+-0.0052083333*J2^2*(J2-J1)^2+0,-0.0030070327*J1^1*J2^1*(J2-J1)^2+0.0030070327*J2^2*(J2-J1)^2+0},
{0,0,0,0,0,0,0,0,0,0,0,0,0,0,0,0,0,0,0,0,0,0,0,0,0,0,0.0021262932*J1^1*J2^1*(J2-J1)^2+-0.0021262932*J2^2*(J2-J1)^2+0,-0.0012276159*J1^1*J2^1*(J2-J1)^2+0.0012276159*J2^2*(J2-J1)^2+0,0,0,0,0,0,0,-0.0030070327*J1^1*J2^1*(J2-J1)^2+0.0030070327*J2^2*(J2-J1)^2+0,0.0017361111*J1^1*J2^1*(J2-J1)^2+-0.0017361111*J2^2*(J2-J1)^2+0},
{0,0,0,0,0,0,0,0,0,0,0,0,0,0,0,-0.0104166667*J2^2*(J2-J1)^2+0,0,0,0,0.0104166667*J1^1*J2^1*(J2-J1)^2+0,0,0,0,0,0,0,0,0,0,0,0,0,0,0,0,0},
{0,0,0,0,0,0,0,0,0,0,0,0,0,0,0,-0.0090210980*J1^1*J2^1*(J2-J1)^2+0.0030070327*J2^2*(J2-J1)^2+0,0,0,0,-0.0030070327*J1^1*J2^1*(J2-J1)^2+0.0090210980*J2^2*(J2-J1)^2+0,0,0,0,0,0,0,0,0,0,0,0,0,0,0,0,0},
{0,0,0,0,0,0,0,0,0,0,0,0,0,0,0,-0.0060140653*J1^1*J2^1*(J2-J1)^2+0,0,0,0,0.0060140653*J2^2*(J2-J1)^2+0,0,0,0,0.0085051727*J1^1*J2^1*(J2-J1)^2+-0.0085051727*J2^2*(J2-J1)^2+0,0,0,0,0,0,0,0,0,0,0,0,0},
{0,0,0,0,0,0,0,0,0,0,0,0,0,0,0,0.0017361111*J1^1*J2^1*(J2-J1)^2+-0.0052083333*J2^2*(J2-J1)^2+0,0,0,0,0.0052083333*J1^1*J2^1*(J2-J1)^2+-0.0017361111*J2^2*(J2-J1)^2+0,0,0,0,-0.0098209275*J1^1*J2^1*(J2-J1)^2+0.0098209275*J2^2*(J2-J1)^2+0,0,0,0,0,0,0,0,0,0,0,0,0},
{0,0,0,0,0,0,0,0,0,0,0,0,0.0312500000*J1^1*J2^1*(J2-J1)^2+0,0,0,0,-0.0312500000*J2^2*(J2-J1)^2+0,0,0,0,0,0,0,0,0,0,0,0,0,0,0,0,0,0,0,0},
{0,0,0,0,0,0,0,0,0,0,0,0,0.0180421959*J2^2*(J2-J1)^2+0,0.0052083333*J1^1*J2^1*(J2-J1)^2+-0.0052083333*J2^2*(J2-J1)^2+0,0,0,-0.0180421959*J1^1*J2^1*(J2-J1)^2+0,0.0052083333*J1^1*J2^1*(J2-J1)^2+-0.0052083333*J2^2*(J2-J1)^2+0,0,0,0,0,0,0,0,0,0,0,0,0,0,0,0,0,0,0},
{0,0,0,0,0,0,0,0,0,0,0,0,0.0180421959*J2^2*(J2-J1)^2+0,0,0,0,-0.0180421959*J1^1*J2^1*(J2-J1)^2+0,0,0,0,0.0255155182*J1^1*J2^1*(J2-J1)^2+-0.0255155182*J2^2*(J2-J1)^2+0,0,0,0,0,0,0,0,0,0,0,0,0,0,0,0},
{0,0,0,0,0,0,0,0,0,0,0,0,0.0104166667*J1^1*J2^1*(J2-J1)^2+0,-0.0030070327*J1^1*J2^1*(J2-J1)^2+0.0030070327*J2^2*(J2-J1)^2+0,0,0,-0.0104166667*J2^2*(J2-J1)^2+0,-0.0030070327*J1^1*J2^1*(J2-J1)^2+0.0030070327*J2^2*(J2-J1)^2+0,0,0,-0.0147313913*J1^1*J2^1*(J2-J1)^2+0.0147313913*J2^2*(J2-J1)^2+0,0.0085051727*J1^1*J2^1*(J2-J1)^2+-0.0085051727*J2^2*(J2-J1)^2+0,0,0,0,0,0,0,0,0,0,0,0,0,0,0},
{0,0,0,0,0,0,0,0,0,0,0,0,0,0,0.0063788795*J1^1*J2^1*(J2-J1)^2+0,0.0036828478*J2^2*(J2-J1)^2+0,0,0,-0.0063788795*J2^2*(J2-J1)^2+0,-0.0036828478*J1^1*J2^1*(J2-J1)^2+0,0,0,0,0,0,0,0,0,0,0,0,0,0,0,0,0},
{0,0,0,0,0,0,0,0,0,0,0,0,0,0,0.0036828478*J2^2*(J2-J1)^2+0,0.0021262932*J1^1*J2^1*(J2-J1)^2+0,0,0,-0.0036828478*J1^1*J2^1*(J2-J1)^2+0,-0.0021262932*J2^2*(J2-J1)^2+0,0,0,0,0,0,0,0,0,0,0,0,0,0,0,0,0},
{0,0,0,0,0,0,0,0,0,0,0,0,0,0,0.0036828478*J2^2*(J2-J1)^2+0,0.0021262932*J1^1*J2^1*(J2-J1)^2+0,0,0,-0.0036828478*J1^1*J2^1*(J2-J1)^2+0,-0.0021262932*J2^2*(J2-J1)^2+0,0,0,0.0052083333*J1^1*J2^1*(J2-J1)^2+-0.0052083333*J2^2*(J2-J1)^2+0,-0.0030070327*J1^1*J2^1*(J2-J1)^2+0.0030070327*J2^2*(J2-J1)^2+0,0,0,0,0,0,0,0,0,0,0,0,0},
{0,0,0,0,0,0,0,0,0,0,0,0,0,0,0.0021262932*J1^1*J2^1*(J2-J1)^2+0,0.0012276159*J2^2*(J2-J1)^2+0,0,0,-0.0021262932*J2^2*(J2-J1)^2+0,-0.0012276159*J1^1*J2^1*(J2-J1)^2+0,0,0,-0.0030070327*J1^1*J2^1*(J2-J1)^2+0.0030070327*J2^2*(J2-J1)^2+0,0.0017361111*J1^1*J2^1*(J2-J1)^2+-0.0017361111*J2^2*(J2-J1)^2+0,0,0,0,0,0,0,0,0,0,0,0,0}
}