96
{{0,0,0,0,0,0,0,0,0,0,0,0,0,0,0,-0.0027518061*J2^4+0,0,0,0,0,0,0,0,0.0072238186*J2^4+0,0,0,0,0,0,0,0,0,0,0,0,0,0,0,0,0,0,0,0,0,0,0,0,-0.0095683193*J2^4+0,0,0,0,0,0,0,0,0,0,0,0,0,0,0,0,0,0,0,0,0,0,0,0,-0.0095683193*J2^4+0,0,0,0,0,0,0,0,0,0,0,0,0,0,0,0,0,0,0,0,0,0,0,0,0.0109858481*J2^4+0},
{0,0,0,0,0,0,0,0,0,0,0,0,0,0,-0.0027518061*J2^4+0,0.0031775120*J2^4+0,0,0,0,0,0,0,0.0072238186*J2^4+0,-0.0083413472*J2^4+0,0,0,0,0,0,0,0,0.0078125000*J2^4+0,0,0,0,0,0,0,0,0.0078125000*J2^4+0,0,0,0,0,0,0,0,0.0055242717*J2^4+0,0,0,0,0,0,0,0,0,0,0,0,0,0,0,0,0,0,0,0,0,0,-0.0095683193*J2^4+0,0,0.0110485435*J2^4+0,0,0,0,0,0,0,0,0,0,0,0,0,0,0,0,0,0,0,0,0,0,0.0109858481*J2^4+0,0,-0.0126853647*J2^4+0},
{0,0,0,0,0,0,0,0,0,0,0,0,0,-0.0027518061*J2^4+0,0,0.0031775120*J2^4+0,0,0,0,0,0,0.0072238186*J2^4+0,0,-0.0083413472*J2^4+0,0,0,0,0,0,0,0,0,0,0,0,0,0,0,0,0,0,0,0,0,0,-0.0095683193*J2^4+0,0,0.0110485435*J2^4+0,0,0,0,0,0,0,0,-0.0078125000*J2^4+0,0,0,0,0,0,0,0,-0.0078125000*J2^4+0,0,0,0,0,0,0,0,0.0055242717*J2^4+0,0,0,0,0,0,0,0,0,0,0,0,0,0,0,0,0,0,0,0,0.0109858481*J2^4+0,0,0,0,-0.0126853647*J2^4+0},
{0,0,0,0,0,0,0,0,0,0,0,0,-0.0027518061*J2^4+0,0.0031775120*J2^4+0,0.0031775120*J2^4+0,-0.0036690748*J2^4+0,0,0,0,0,0.0072238186*J2^4+0,-0.0083413472*J2^4+0,-0.0083413472*J2^4+0,0.0096317581*J2^4+0,0,0,0,0,0,0.0078125000*J2^4+0,0,-0.0090210980*J2^4+0,0,0,0,0,0,0.0078125000*J2^4+0,0,-0.0090210980*J2^4+0,0,0,0,0,0,0.0055242717*J2^4+0,0,-0.0063788795*J2^4+0,0,0,0,0,0,-0.0078125000*J2^4+0,0,0.0090210980*J2^4+0,0,0,0,0,0,-0.0078125000*J2^4+0,0,0.0090210980*J2^4+0,0,0,0,0,0,0.0055242717*J2^4+0,0,-0.0063788795*J2^4+0,0,0,0,0,0,0,0,0,0,0,0,0,0,0,0,0,0,0.0109858481*J2^4+0,0,-0.0126853647*J2^4+0,0,-0.0126853647*J2^4+0,0,0.0146477975*J2^4+0},
{0,0,0,0,0,0,0,0,0,0,0,-0.0027518061*J2^4+0,0,0,0,-0.0031775120*J2^4+0,0,0,0,0.0072238186*J2^4+0,0,0,0,0.0083413472*J2^4+0,0,0,0,0,0,0,0,0,0,0,0,0,0,0,0,0,0,0,0,-0.0095683193*J2^4+0,0,0,0,-0.0110485435*J2^4+0,0,0,0,0,0,0,0,0,0,0,0,0,0,0,0,0,0,0,0,-0.0095683193*J2^4+0,0,0,0,-0.0110485435*J2^4+0,0,0,0,0,0,0,0,-0.0089699074*J2^4+0,0,0,0,0,0,0,0,0.0089699074*J2^4+0,0,0,0,0,0,0,0,0.0063426824*J2^4+0},
{0,0,0,0,0,0,0,0,0,0,-0.0027518061*J2^4+0,0.0031775120*J2^4+0,0,0,-0.0031775120*J2^4+0,0.0036690748*J2^4+0,0,0,0.0072238186*J2^4+0,-0.0083413472*J2^4+0,0,0,0.0083413472*J2^4+0,-0.0096317581*J2^4+0,0,0,0,0.0078125000*J2^4+0,0,0,0,0.0090210980*J2^4+0,0,0,0,0.0078125000*J2^4+0,0,0,0,0.0090210980*J2^4+0,0,0,0,0.0055242717*J2^4+0,0,0,0,0.0063788795*J2^4+0,0,0,0,0,0,0,0,0,0,0,0,0,0,0,0,0,0,-0.0095683193*J2^4+0,0,0.0110485435*J2^4+0,0,-0.0110485435*J2^4+0,0,0.0127577591*J2^4+0,0,0,0,0,0,-0.0089699074*J2^4+0,0,0.0103575569*J2^4+0,0,0,0,0,0,0.0089699074*J2^4+0,0,-0.0103575569*J2^4+0,0,0,0,0,0,0.0063426824*J2^4+0,0,-0.0073238987*J2^4+0},
{0,0,0,0,0,0,0,0,0,-0.0027518061*J2^4+0,0,0.0031775120*J2^4+0,0,-0.0031775120*J2^4+0,0,0.0036690748*J2^4+0,0,0.0072238186*J2^4+0,0,-0.0083413472*J2^4+0,0,0.0083413472*J2^4+0,0,-0.0096317581*J2^4+0,0,0,0,0,0,0,0,0,0,0,0,0,0,0,0,0,0,-0.0095683193*J2^4+0,0,0.0110485435*J2^4+0,0,-0.0110485435*J2^4+0,0,0.0127577591*J2^4+0,0,0,0,-0.0078125000*J2^4+0,0,0,0,-0.0090210980*J2^4+0,0,0,0,-0.0078125000*J2^4+0,0,0,0,-0.0090210980*J2^4+0,0,0,0,0.0055242717*J2^4+0,0,0,0,0.0063788795*J2^4+0,0,0,0,-0.0089699074*J2^4+0,0,0,0,0.0103575569*J2^4+0,0,0,0,0.0089699074*J2^4+0,0,0,0,-0.0103575569*J2^4+0,0,0,0,0.0063426824*J2^4+0,0,0,0,-0.0073238987*J2^4+0},
{0,0,0,0,0,0,0,0,-0.0027518061*J2^4+0,0.0031775120*J2^4+0,0.0031775120*J2^4+0,-0.0036690748*J2^4+0,-0.0031775120*J2^4+0,0.0036690748*J2^4+0,0.0036690748*J2^4+0,-0.0042366827*J2^4+0,0.0072238186*J2^4+0,-0.0083413472*J2^4+0,-0.0083413472*J2^4+0,0.0096317581*J2^4+0,0.0083413472*J2^4+0,-0.0096317581*J2^4+0,-0.0096317581*J2^4+0,0.0111217963*J2^4+0,0,0.0078125000*J2^4+0,0,-0.0090210980*J2^4+0,0,0.0090210980*J2^4+0,0,-0.0104166667*J2^4+0,0,0.0078125000*J2^4+0,0,-0.0090210980*J2^4+0,0,0.0090210980*J2^4+0,0,-0.0104166667*J2^4+0,0,0.0055242717*J2^4+0,0,-0.0063788795*J2^4+0,0,0.0063788795*J2^4+0,0,-0.0073656956*J2^4+0,0,-0.0078125000*J2^4+0,0,0.0090210980*J2^4+0,0,-0.0090210980*J2^4+0,0,0.0104166667*J2^4+0,0,-0.0078125000*J2^4+0,0,0.0090210980*J2^4+0,0,-0.0090210980*J2^4+0,0,0.0104166667*J2^4+0,0,0.0055242717*J2^4+0,0,-0.0063788795*J2^4+0,0,0.0063788795*J2^4+0,0,-0.0073656956*J2^4+0,0,-0.0089699074*J2^4+0,0,0.0103575569*J2^4+0,0,0.0103575569*J2^4+0,0,-0.0119598765*J2^4+0,0,0.0089699074*J2^4+0,0,-0.0103575569*J2^4+0,0,-0.0103575569*J2^4+0,0,0.0119598765*J2^4+0,0,0.0063426824*J2^4+0,0,-0.0073238987*J2^4+0,0,-0.0073238987*J2^4+0,0,0.0084569098*J2^4+0},
{0,0,0,0,0,0,0,-0.0027518061*J2^4+0,0,0,0,0,0,0,0,0,0,0,0,0,0,0,0,-0.0072238186*J2^4+0,0,0,0,0,0,0,0,0,0,0,0,0,0,0,0,0,0,0,0,0,0,0,0,0.0095683193*J2^4+0,0,0,0,0,0,0,0,0,0,0,0,0,0,0,0,0,0,0,0,0,0,0,0,0.0095683193*J2^4+0,0,0,0,0,0,0,0,0,0,0,0,0,0,0,0,0,0,0,0,0,0,0,0,-0.0109858481*J2^4+0},
{0,0,0,0,0,0,-0.0027518061*J2^4+0,0.0031775120*J2^4+0,0,0,0,0,0,0,0,0,0,0,0,0,0,0,-0.0072238186*J2^4+0,0.0083413472*J2^4+0,0,0,0,0,0,0,0,-0.0078125000*J2^4+0,0,0,0,0,0,0,0,-0.0078125000*J2^4+0,0,0,0,0,0,0,0,-0.0055242717*J2^4+0,0,0,0,0,0,0,0,0,0,0,0,0,0,0,0,0,0,0,0,0,0,0.0095683193*J2^4+0,0,-0.0110485435*J2^4+0,0,0,0,0,0,0,0,0,0,0,0,0,0,0,0,0,0,0,0,0,0,-0.0109858481*J2^4+0,0,0.0126853647*J2^4+0},
{0,0,0,0,0,-0.0027518061*J2^4+0,0,0.0031775120*J2^4+0,0,0,0,0,0,0,0,0,0,0,0,0,0,-0.0072238186*J2^4+0,0,0.0083413472*J2^4+0,0,0,0,0,0,0,0,0,0,0,0,0,0,0,0,0,0,0,0,0,0,0.0095683193*J2^4+0,0,-0.0110485435*J2^4+0,0,0,0,0,0,0,0,0.0078125000*J2^4+0,0,0,0,0,0,0,0,0.0078125000*J2^4+0,0,0,0,0,0,0,0,-0.0055242717*J2^4+0,0,0,0,0,0,0,0,0,0,0,0,0,0,0,0,0,0,0,0,-0.0109858481*J2^4+0,0,0,0,0.0126853647*J2^4+0},
{0,0,0,0,-0.0027518061*J2^4+0,0.0031775120*J2^4+0,0.0031775120*J2^4+0,-0.0036690748*J2^4+0,0,0,0,0,0,0,0,0,0,0,0,0,-0.0072238186*J2^4+0,0.0083413472*J2^4+0,0.0083413472*J2^4+0,-0.0096317581*J2^4+0,0,0,0,0,0,-0.0078125000*J2^4+0,0,0.0090210980*J2^4+0,0,0,0,0,0,-0.0078125000*J2^4+0,0,0.0090210980*J2^4+0,0,0,0,0,0,-0.0055242717*J2^4+0,0,0.0063788795*J2^4+0,0,0,0,0,0,0.0078125000*J2^4+0,0,-0.0090210980*J2^4+0,0,0,0,0,0,0.0078125000*J2^4+0,0,-0.0090210980*J2^4+0,0,0,0,0,0,-0.0055242717*J2^4+0,0,0.0063788795*J2^4+0,0,0,0,0,0,0,0,0,0,0,0,0,0,0,0,0,0,-0.0109858481*J2^4+0,0,0.0126853647*J2^4+0,0,0.0126853647*J2^4+0,0,-0.0146477975*J2^4+0},
{0,0,0,-0.0027518061*J2^4+0,0,0,0,-0.0031775120*J2^4+0,0,0,0,0,0,0,0,0,0,0,0,-0.0072238186*J2^4+0,0,0,0,-0.0083413472*J2^4+0,0,0,0,0,0,0,0,0,0,0,0,0,0,0,0,0,0,0,0,0.0095683193*J2^4+0,0,0,0,0.0110485435*J2^4+0,0,0,0,0,0,0,0,0,0,0,0,0,0,0,0,0,0,0,0,0.0095683193*J2^4+0,0,0,0,0.0110485435*J2^4+0,0,0,0,0,0,0,0,0.0089699074*J2^4+0,0,0,0,0,0,0,0,-0.0089699074*J2^4+0,0,0,0,0,0,0,0,-0.0063426824*J2^4+0},
{0,0,-0.0027518061*J2^4+0,0.0031775120*J2^4+0,0,0,-0.0031775120*J2^4+0,0.0036690748*J2^4+0,0,0,0,0,0,0,0,0,0,0,-0.0072238186*J2^4+0,0.0083413472*J2^4+0,0,0,-0.0083413472*J2^4+0,0.0096317581*J2^4+0,0,0,0,-0.0078125000*J2^4+0,0,0,0,-0.0090210980*J2^4+0,0,0,0,-0.0078125000*J2^4+0,0,0,0,-0.0090210980*J2^4+0,0,0,0,-0.0055242717*J2^4+0,0,0,0,-0.0063788795*J2^4+0,0,0,0,0,0,0,0,0,0,0,0,0,0,0,0,0,0,0.0095683193*J2^4+0,0,-0.0110485435*J2^4+0,0,0.0110485435*J2^4+0,0,-0.0127577591*J2^4+0,0,0,0,0,0,0.0089699074*J2^4+0,0,-0.0103575569*J2^4+0,0,0,0,0,0,-0.0089699074*J2^4+0,0,0.0103575569*J2^4+0,0,0,0,0,0,-0.0063426824*J2^4+0,0,0.0073238987*J2^4+0},
{0,-0.0027518061*J2^4+0,0,0.0031775120*J2^4+0,0,-0.0031775120*J2^4+0,0,0.0036690748*J2^4+0,0,0,0,0,0,0,0,0,0,-0.0072238186*J2^4+0,0,0.0083413472*J2^4+0,0,-0.0083413472*J2^4+0,0,0.0096317581*J2^4+0,0,0,0,0,0,0,0,0,0,0,0,0,0,0,0,0,0,0.0095683193*J2^4+0,0,-0.0110485435*J2^4+0,0,0.0110485435*J2^4+0,0,-0.0127577591*J2^4+0,0,0,0,0.0078125000*J2^4+0,0,0,0,0.0090210980*J2^4+0,0,0,0,0.0078125000*J2^4+0,0,0,0,0.0090210980*J2^4+0,0,0,0,-0.0055242717*J2^4+0,0,0,0,-0.0063788795*J2^4+0,0,0,0,0.0089699074*J2^4+0,0,0,0,-0.0103575569*J2^4+0,0,0,0,-0.0089699074*J2^4+0,0,0,0,0.0103575569*J2^4+0,0,0,0,-0.0063426824*J2^4+0,0,0,0,0.0073238987*J2^4+0},
{-0.0027518061*J2^4+0,0.0031775120*J2^4+0,0.0031775120*J2^4+0,-0.0036690748*J2^4+0,-0.0031775120*J2^4+0,0.0036690748*J2^4+0,0.0036690748*J2^4+0,-0.0042366827*J2^4+0,0,0,0,0,0,0,0,0,-0.0072238186*J2^4+0,0.0083413472*J2^4+0,0.0083413472*J2^4+0,-0.0096317581*J2^4+0,-0.0083413472*J2^4+0,0.0096317581*J2^4+0,0.0096317581*J2^4+0,-0.0111217963*J2^4+0,0,-0.0078125000*J2^4+0,0,0.0090210980*J2^4+0,0,-0.0090210980*J2^4+0,0,0.0104166667*J2^4+0,0,-0.0078125000*J2^4+0,0,0.0090210980*J2^4+0,0,-0.0090210980*J2^4+0,0,0.0104166667*J2^4+0,0,-0.0055242717*J2^4+0,0,0.0063788795*J2^4+0,0,-0.0063788795*J2^4+0,0,0.0073656956*J2^4+0,0,0.0078125000*J2^4+0,0,-0.0090210980*J2^4+0,0,0.0090210980*J2^4+0,0,-0.0104166667*J2^4+0,0,0.0078125000*J2^4+0,0,-0.0090210980*J2^4+0,0,0.0090210980*J2^4+0,0,-0.0104166667*J2^4+0,0,-0.0055242717*J2^4+0,0,0.0063788795*J2^4+0,0,-0.0063788795*J2^4+0,0,0.0073656956*J2^4+0,0,0.0089699074*J2^4+0,0,-0.0103575569*J2^4+0,0,-0.0103575569*J2^4+0,0,0.0119598765*J2^4+0,0,-0.0089699074*J2^4+0,0,0.0103575569*J2^4+0,0,0.0103575569*J2^4+0,0,-0.0119598765*J2^4+0,0,-0.0063426824*J2^4+0,0,0.0073238987*J2^4+0,0,0.0073238987*J2^4+0,0,-0.0084569098*J2^4+0},
{0,0,0,0,0,0,0,0.0072238186*J2^4+0,0,0,0,0,0,0,0,-0.0072238186*J2^4+0,0,0,0,0,0,0,0,0.0027518061*J2^4+0,0,0,0,0,0,0,0,0,0,0,0,0,0,0,0,0,0,0,0,0,0,0,-0.0117187500*J2^4+0,-0.0067658235*J2^4+0,0,0,0,0,0,0,0,0,0,0,0,0,0,0,0,0,0,0,0,0,0,0,-0.0117187500*J2^4+0,-0.0067658235*J2^4+0,0,0,0,0,0,0,0,0,0,0,0,0,0,0,0,0,0,0,0,0,0,0,0.0134548611*J2^4+0,0.0077681677*J2^4+0},
{0,0,0,0,0,0,0.0072238186*J2^4+0,-0.0083413472*J2^4+0,0,0,0,0,0,0,-0.0072238186*J2^4+0,0.0083413472*J2^4+0,0,0,0,0,0,0,0.0027518061*J2^4+0,-0.0031775120*J2^4+0,0,0,0,0,0,0,0.0095683193*J2^4+0,0.0055242717*J2^4+0,0,0,0,0,0,0,0.0095683193*J2^4+0,0.0055242717*J2^4+0,0,0,0,0,0,0,0.0067658235*J2^4+0,0.0039062500*J2^4+0,0,0,0,0,0,0,0,0,0,0,0,0,0,0,0,0,0,0,0,0,-0.0117187500*J2^4+0,-0.0067658235*J2^4+0,0.0135316469*J2^4+0,0.0078125000*J2^4+0,0,0,0,0,0,0,0,0,0,0,0,0,0,0,0,0,0,0,0,0,0.0134548611*J2^4+0,0.0077681677*J2^4+0,-0.0155363354*J2^4+0,-0.0089699074*J2^4+0},
{0,0,0,0,0,0.0072238186*J2^4+0,0,-0.0083413472*J2^4+0,0,0,0,0,0,-0.0072238186*J2^4+0,0,0.0083413472*J2^4+0,0,0,0,0,0,0.0027518061*J2^4+0,0,-0.0031775120*J2^4+0,0,0,0,0,0,0,0,0,0,0,0,0,0,0,0,0,0,0,0,0,-0.0117187500*J2^4+0,-0.0067658235*J2^4+0,0.0135316469*J2^4+0,0.0078125000*J2^4+0,0,0,0,0,0,0,-0.0095683193*J2^4+0,-0.0055242717*J2^4+0,0,0,0,0,0,0,-0.0095683193*J2^4+0,-0.0055242717*J2^4+0,0,0,0,0,0,0,0.0067658235*J2^4+0,0.0039062500*J2^4+0,0,0,0,0,0,0,0,0,0,0,0,0,0,0,0,0,0,0,0.0134548611*J2^4+0,0.0077681677*J2^4+0,0,0,-0.0155363354*J2^4+0,-0.0089699074*J2^4+0},
{0,0,0,0,0.0072238186*J2^4+0,-0.0083413472*J2^4+0,-0.0083413472*J2^4+0,0.0096317581*J2^4+0,0,0,0,0,-0.0072238186*J2^4+0,0.0083413472*J2^4+0,0.0083413472*J2^4+0,-0.0096317581*J2^4+0,0,0,0,0,0.0027518061*J2^4+0,-0.0031775120*J2^4+0,-0.0031775120*J2^4+0,0.0036690748*J2^4+0,0,0,0,0,0.0095683193*J2^4+0,0.0055242717*J2^4+0,-0.0110485435*J2^4+0,-0.0063788795*J2^4+0,0,0,0,0,0.0095683193*J2^4+0,0.0055242717*J2^4+0,-0.0110485435*J2^4+0,-0.0063788795*J2^4+0,0,0,0,0,0.0067658235*J2^4+0,0.0039062500*J2^4+0,-0.0078125000*J2^4+0,-0.0045105490*J2^4+0,0,0,0,0,-0.0095683193*J2^4+0,-0.0055242717*J2^4+0,0.0110485435*J2^4+0,0.0063788795*J2^4+0,0,0,0,0,-0.0095683193*J2^4+0,-0.0055242717*J2^4+0,0.0110485435*J2^4+0,0.0063788795*J2^4+0,0,0,0,0,0.0067658235*J2^4+0,0.0039062500*J2^4+0,-0.0078125000*J2^4+0,-0.0045105490*J2^4+0,0,0,0,0,0,0,0,0,0,0,0,0,0,0,0,0,0.0134548611*J2^4+0,0.0077681677*J2^4+0,-0.0155363354*J2^4+0,-0.0089699074*J2^4+0,-0.0155363354*J2^4+0,-0.0089699074*J2^4+0,0.0179398148*J2^4+0,0.0103575569*J2^4+0},
{0,0,0,0.0072238186*J2^4+0,0,0,0,0.0083413472*J2^4+0,0,0,0,-0.0072238186*J2^4+0,0,0,0,-0.0083413472*J2^4+0,0,0,0,0.0027518061*J2^4+0,0,0,0,0.0031775120*J2^4+0,0,0,0,0,0,0,0,0,0,0,0,0,0,0,0,0,0,0,-0.0117187500*J2^4+0,-0.0067658235*J2^4+0,0,0,-0.0135316469*J2^4+0,-0.0078125000*J2^4+0,0,0,0,0,0,0,0,0,0,0,0,0,0,0,0,0,0,0,-0.0117187500*J2^4+0,-0.0067658235*J2^4+0,0,0,-0.0135316469*J2^4+0,-0.0078125000*J2^4+0,0,0,0,0,0,0,-0.0109858481*J2^4+0,-0.0063426824*J2^4+0,0,0,0,0,0,0,0.0109858481*J2^4+0,0.0063426824*J2^4+0,0,0,0,0,0,0,0.0077681677*J2^4+0,0.0044849537*J2^4+0},
{0,0,0.0072238186*J2^4+0,-0.0083413472*J2^4+0,0,0,0.0083413472*J2^4+0,-0.0096317581*J2^4+0,0,0,-0.0072238186*J2^4+0,0.0083413472*J2^4+0,0,0,-0.0083413472*J2^4+0,0.0096317581*J2^4+0,0,0,0.0027518061*J2^4+0,-0.0031775120*J2^4+0,0,0,0.0031775120*J2^4+0,-0.0036690748*J2^4+0,0,0,0.0095683193*J2^4+0,0.0055242717*J2^4+0,0,0,0.0110485435*J2^4+0,0.0063788795*J2^4+0,0,0,0.0095683193*J2^4+0,0.0055242717*J2^4+0,0,0,0.0110485435*J2^4+0,0.0063788795*J2^4+0,0,0,0.0067658235*J2^4+0,0.0039062500*J2^4+0,0,0,0.0078125000*J2^4+0,0.0045105490*J2^4+0,0,0,0,0,0,0,0,0,0,0,0,0,0,0,0,0,-0.0117187500*J2^4+0,-0.0067658235*J2^4+0,0.0135316469*J2^4+0,0.0078125000*J2^4+0,-0.0135316469*J2^4+0,-0.0078125000*J2^4+0,0.0156250000*J2^4+0,0.0090210980*J2^4+0,0,0,0,0,-0.0109858481*J2^4+0,-0.0063426824*J2^4+0,0.0126853647*J2^4+0,0.0073238987*J2^4+0,0,0,0,0,0.0109858481*J2^4+0,0.0063426824*J2^4+0,-0.0126853647*J2^4+0,-0.0073238987*J2^4+0,0,0,0,0,0.0077681677*J2^4+0,0.0044849537*J2^4+0,-0.0089699074*J2^4+0,-0.0051787785*J2^4+0},
{0,0.0072238186*J2^4+0,0,-0.0083413472*J2^4+0,0,0.0083413472*J2^4+0,0,-0.0096317581*J2^4+0,0,-0.0072238186*J2^4+0,0,0.0083413472*J2^4+0,0,-0.0083413472*J2^4+0,0,0.0096317581*J2^4+0,0,0.0027518061*J2^4+0,0,-0.0031775120*J2^4+0,0,0.0031775120*J2^4+0,0,-0.0036690748*J2^4+0,0,0,0,0,0,0,0,0,0,0,0,0,0,0,0,0,-0.0117187500*J2^4+0,-0.0067658235*J2^4+0,0.0135316469*J2^4+0,0.0078125000*J2^4+0,-0.0135316469*J2^4+0,-0.0078125000*J2^4+0,0.0156250000*J2^4+0,0.0090210980*J2^4+0,0,0,-0.0095683193*J2^4+0,-0.0055242717*J2^4+0,0,0,-0.0110485435*J2^4+0,-0.0063788795*J2^4+0,0,0,-0.0095683193*J2^4+0,-0.0055242717*J2^4+0,0,0,-0.0110485435*J2^4+0,-0.0063788795*J2^4+0,0,0,0.0067658235*J2^4+0,0.0039062500*J2^4+0,0,0,0.0078125000*J2^4+0,0.0045105490*J2^4+0,0,0,-0.0109858481*J2^4+0,-0.0063426824*J2^4+0,0,0,0.0126853647*J2^4+0,0.0073238987*J2^4+0,0,0,0.0109858481*J2^4+0,0.0063426824*J2^4+0,0,0,-0.0126853647*J2^4+0,-0.0073238987*J2^4+0,0,0,0.0077681677*J2^4+0,0.0044849537*J2^4+0,0,0,-0.0089699074*J2^4+0,-0.0051787785*J2^4+0},
{0.0072238186*J2^4+0,-0.0083413472*J2^4+0,-0.0083413472*J2^4+0,0.0096317581*J2^4+0,0.0083413472*J2^4+0,-0.0096317581*J2^4+0,-0.0096317581*J2^4+0,0.0111217963*J2^4+0,-0.0072238186*J2^4+0,0.0083413472*J2^4+0,0.0083413472*J2^4+0,-0.0096317581*J2^4+0,-0.0083413472*J2^4+0,0.0096317581*J2^4+0,0.0096317581*J2^4+0,-0.0111217963*J2^4+0,0.0027518061*J2^4+0,-0.0031775120*J2^4+0,-0.0031775120*J2^4+0,0.0036690748*J2^4+0,0.0031775120*J2^4+0,-0.0036690748*J2^4+0,-0.0036690748*J2^4+0,0.0042366827*J2^4+0,0.0095683193*J2^4+0,0.0055242717*J2^4+0,-0.0110485435*J2^4+0,-0.0063788795*J2^4+0,0.0110485435*J2^4+0,0.0063788795*J2^4+0,-0.0127577591*J2^4+0,-0.0073656956*J2^4+0,0.0095683193*J2^4+0,0.0055242717*J2^4+0,-0.0110485435*J2^4+0,-0.0063788795*J2^4+0,0.0110485435*J2^4+0,0.0063788795*J2^4+0,-0.0127577591*J2^4+0,-0.0073656956*J2^4+0,0.0067658235*J2^4+0,0.0039062500*J2^4+0,-0.0078125000*J2^4+0,-0.0045105490*J2^4+0,0.0078125000*J2^4+0,0.0045105490*J2^4+0,-0.0090210980*J2^4+0,-0.0052083333*J2^4+0,-0.0095683193*J2^4+0,-0.0055242717*J2^4+0,0.0110485435*J2^4+0,0.0063788795*J2^4+0,-0.0110485435*J2^4+0,-0.0063788795*J2^4+0,0.0127577591*J2^4+0,0.0073656956*J2^4+0,-0.0095683193*J2^4+0,-0.0055242717*J2^4+0,0.0110485435*J2^4+0,0.0063788795*J2^4+0,-0.0110485435*J2^4+0,-0.0063788795*J2^4+0,0.0127577591*J2^4+0,0.0073656956*J2^4+0,0.0067658235*J2^4+0,0.0039062500*J2^4+0,-0.0078125000*J2^4+0,-0.0045105490*J2^4+0,0.0078125000*J2^4+0,0.0045105490*J2^4+0,-0.0090210980*J2^4+0,-0.0052083333*J2^4+0,-0.0109858481*J2^4+0,-0.0063426824*J2^4+0,0.0126853647*J2^4+0,0.0073238987*J2^4+0,0.0126853647*J2^4+0,0.0073238987*J2^4+0,-0.0146477975*J2^4+0,-0.0084569098*J2^4+0,0.0109858481*J2^4+0,0.0063426824*J2^4+0,-0.0126853647*J2^4+0,-0.0073238987*J2^4+0,-0.0126853647*J2^4+0,-0.0073238987*J2^4+0,0.0146477975*J2^4+0,0.0084569098*J2^4+0,0.0077681677*J2^4+0,0.0044849537*J2^4+0,-0.0089699074*J2^4+0,-0.0051787785*J2^4+0,-0.0089699074*J2^4+0,-0.0051787785*J2^4+0,0.0103575569*J2^4+0,0.0059799383*J2^4+0},
{0,0,0,0,0,0,0,0,0,0,0,0,0,0,0,0,0,0,0,0,0,0,0,0.0095683193*J2^4+0,0,0,0,0,0,0,0,0,0,0,0,0,0,0,0,-0.0027518061*J2^4+0,0,0,0,0,0,0,0,-0.0072238186*J2^4+0,0,0,0,0,0,0,0,0,0,0,0,0,0,0,0,0,0,0,0,0,0,0,0,-0.0109858481*J2^4+0,0,0,0,0,0,0,0,0,0,0,0,0,0,0,0,0,0,0,0,0,0,0,0,0.0095683193*J2^4+0},
{0,0,0,0,0,0,0,0.0078125000*J2^4+0,0,0,0,0,0,0,0,-0.0078125000*J2^4+0,0,0,0,0,0,0,0,0.0055242717*J2^4+0,0,0,0,0,0,0,0,0,0,0,0,0,0,0,-0.0027518061*J2^4+0,-0.0031775120*J2^4+0,0,0,0,0,0,0,-0.0072238186*J2^4+0,-0.0083413472*J2^4+0,0,0,0,0,0,0,0,0,0,0,0,0,0,0,0,0,0,0,0,0,0,0,-0.0109858481*J2^4+0,-0.0126853647*J2^4+0,0,0,0,0,0,0,0,0,0,0,0,0,0,0,0,0,0,0,0,0,0,0,0.0095683193*J2^4+0,0.0110485435*J2^4+0},
{0,0,0,0,0,0,0,0,0,0,0,0,0,0,0,0,0,0,0,0,0,0.0095683193*J2^4+0,0,-0.0110485435*J2^4+0,0,0,0,0,0,0,0,0,0,0,0,0,0,-0.0027518061*J2^4+0,0,0.0031775120*J2^4+0,0,0,0,0,0,-0.0072238186*J2^4+0,0,0.0083413472*J2^4+0,0,0,0,0,0,0,0,-0.0089699074*J2^4+0,0,0,0,0,0,0,0,-0.0089699074*J2^4+0,0,0,0,0,0,0,0,0.0063426824*J2^4+0,0,0,0,0,0,0,0,0,0,0,0,0,0,0,0,0,0,0,0,0.0095683193*J2^4+0,0,0,0,-0.0110485435*J2^4+0},
{0,0,0,0,0,0.0078125000*J2^4+0,0,-0.0090210980*J2^4+0,0,0,0,0,0,-0.0078125000*J2^4+0,0,0.0090210980*J2^4+0,0,0,0,0,0,0.0055242717*J2^4+0,0,-0.0063788795*J2^4+0,0,0,0,0,0,0,0,0,0,0,0,0,-0.0027518061*J2^4+0,-0.0031775120*J2^4+0,0.0031775120*J2^4+0,0.0036690748*J2^4+0,0,0,0,0,-0.0072238186*J2^4+0,-0.0083413472*J2^4+0,0.0083413472*J2^4+0,0.0096317581*J2^4+0,0,0,0,0,0,0,-0.0089699074*J2^4+0,-0.0103575569*J2^4+0,0,0,0,0,0,0,-0.0089699074*J2^4+0,-0.0103575569*J2^4+0,0,0,0,0,0,0,0.0063426824*J2^4+0,0.0073238987*J2^4+0,0,0,0,0,0,0,0,0,0,0,0,0,0,0,0,0,0,0,0.0095683193*J2^4+0,0.0110485435*J2^4+0,0,0,-0.0110485435*J2^4+0,-0.0127577591*J2^4+0},
{0,0,0,0,0,0,0,0,0,0,0,0,0,0,0,0,0,0,0,0.0095683193*J2^4+0,0,0,0,0.0110485435*J2^4+0,0,0,0,0,0,0,0,0,0,0,0,-0.0027518061*J2^4+0,0,0,0,-0.0031775120*J2^4+0,0,0,0,-0.0072238186*J2^4+0,0,0,0,-0.0083413472*J2^4+0,0,0,0,0,0,0,0,0,0,0,0,0,0,0,0,0,0,0,0,-0.0109858481*J2^4+0,0,0,0,-0.0126853647*J2^4+0,0,0,0,0,0,0,0,-0.0078125000*J2^4+0,0,0,0,0,0,0,0,0.0078125000*J2^4+0,0,0,0,0,0,0,0,0.0055242717*J2^4+0},
{0,0,0,0.0078125000*J2^4+0,0,0,0,0.0090210980*J2^4+0,0,0,0,-0.0078125000*J2^4+0,0,0,0,-0.0090210980*J2^4+0,0,0,0,0.0055242717*J2^4+0,0,0,0,0.0063788795*J2^4+0,0,0,0,0,0,0,0,0,0,0,-0.0027518061*J2^4+0,-0.0031775120*J2^4+0,0,0,-0.0031775120*J2^4+0,-0.0036690748*J2^4+0,0,0,-0.0072238186*J2^4+0,-0.0083413472*J2^4+0,0,0,-0.0083413472*J2^4+0,-0.0096317581*J2^4+0,0,0,0,0,0,0,0,0,0,0,0,0,0,0,0,0,0,0,-0.0109858481*J2^4+0,-0.0126853647*J2^4+0,0,0,-0.0126853647*J2^4+0,-0.0146477975*J2^4+0,0,0,0,0,0,0,-0.0078125000*J2^4+0,-0.0090210980*J2^4+0,0,0,0,0,0,0,0.0078125000*J2^4+0,0.0090210980*J2^4+0,0,0,0,0,0,0,0.0055242717*J2^4+0,0.0063788795*J2^4+0},
{0,0,0,0,0,0,0,0,0,0,0,0,0,0,0,0,0,0.0095683193*J2^4+0,0,-0.0110485435*J2^4+0,0,0.0110485435*J2^4+0,0,-0.0127577591*J2^4+0,0,0,0,0,0,0,0,0,0,-0.0027518061*J2^4+0,0,0.0031775120*J2^4+0,0,-0.0031775120*J2^4+0,0,0.0036690748*J2^4+0,0,-0.0072238186*J2^4+0,0,0.0083413472*J2^4+0,0,-0.0083413472*J2^4+0,0,0.0096317581*J2^4+0,0,0,0,-0.0089699074*J2^4+0,0,0,0,-0.0103575569*J2^4+0,0,0,0,-0.0089699074*J2^4+0,0,0,0,-0.0103575569*J2^4+0,0,0,0,0.0063426824*J2^4+0,0,0,0,0.0073238987*J2^4+0,0,0,0,-0.0078125000*J2^4+0,0,0,0,0.0090210980*J2^4+0,0,0,0,0.0078125000*J2^4+0,0,0,0,-0.0090210980*J2^4+0,0,0,0,0.0055242717*J2^4+0,0,0,0,-0.0063788795*J2^4+0},
{0,0.0078125000*J2^4+0,0,-0.0090210980*J2^4+0,0,0.0090210980*J2^4+0,0,-0.0104166667*J2^4+0,0,-0.0078125000*J2^4+0,0,0.0090210980*J2^4+0,0,-0.0090210980*J2^4+0,0,0.0104166667*J2^4+0,0,0.0055242717*J2^4+0,0,-0.0063788795*J2^4+0,0,0.0063788795*J2^4+0,0,-0.0073656956*J2^4+0,0,0,0,0,0,0,0,0,-0.0027518061*J2^4+0,-0.0031775120*J2^4+0,0.0031775120*J2^4+0,0.0036690748*J2^4+0,-0.0031775120*J2^4+0,-0.0036690748*J2^4+0,0.0036690748*J2^4+0,0.0042366827*J2^4+0,-0.0072238186*J2^4+0,-0.0083413472*J2^4+0,0.0083413472*J2^4+0,0.0096317581*J2^4+0,-0.0083413472*J2^4+0,-0.0096317581*J2^4+0,0.0096317581*J2^4+0,0.0111217963*J2^4+0,0,0,-0.0089699074*J2^4+0,-0.0103575569*J2^4+0,0,0,-0.0103575569*J2^4+0,-0.0119598765*J2^4+0,0,0,-0.0089699074*J2^4+0,-0.0103575569*J2^4+0,0,0,-0.0103575569*J2^4+0,-0.0119598765*J2^4+0,0,0,0.0063426824*J2^4+0,0.0073238987*J2^4+0,0,0,0.0073238987*J2^4+0,0.0084569098*J2^4+0,0,0,-0.0078125000*J2^4+0,-0.0090210980*J2^4+0,0,0,0.0090210980*J2^4+0,0.0104166667*J2^4+0,0,0,0.0078125000*J2^4+0,0.0090210980*J2^4+0,0,0,-0.0090210980*J2^4+0,-0.0104166667*J2^4+0,0,0,0.0055242717*J2^4+0,0.0063788795*J2^4+0,0,0,-0.0063788795*J2^4+0,-0.0073656956*J2^4+0},
{0,0,0,0,0,0,0,0,0,0,0,0,0,0,0,0,0,0,0,0,0,0,0,0.0095683193*J2^4+0,0,0,0,0,0,0,0,-0.0027518061*J2^4+0,0,0,0,0,0,0,0,0,0,0,0,0,0,0,0,-0.0072238186*J2^4+0,0,0,0,0,0,0,0,0,0,0,0,0,0,0,0,0,0,0,0,0,0,0,0,-0.0109858481*J2^4+0,0,0,0,0,0,0,0,0,0,0,0,0,0,0,0,0,0,0,0,0,0,0,0,0.0095683193*J2^4+0},
{0,0,0,0,0,0,0,0.0078125000*J2^4+0,0,0,0,0,0,0,0,-0.0078125000*J2^4+0,0,0,0,0,0,0,0,0.0055242717*J2^4+0,0,0,0,0,0,0,-0.0027518061*J2^4+0,-0.0031775120*J2^4+0,0,0,0,0,0,0,0,0,0,0,0,0,0,0,-0.0072238186*J2^4+0,-0.0083413472*J2^4+0,0,0,0,0,0,0,0,0,0,0,0,0,0,0,0,0,0,0,0,0,0,0,-0.0109858481*J2^4+0,-0.0126853647*J2^4+0,0,0,0,0,0,0,0,0,0,0,0,0,0,0,0,0,0,0,0,0,0,0,0.0095683193*J2^4+0,0.0110485435*J2^4+0},
{0,0,0,0,0,0,0,0,0,0,0,0,0,0,0,0,0,0,0,0,0,0.0095683193*J2^4+0,0,-0.0110485435*J2^4+0,0,0,0,0,0,-0.0027518061*J2^4+0,0,0.0031775120*J2^4+0,0,0,0,0,0,0,0,0,0,0,0,0,0,-0.0072238186*J2^4+0,0,0.0083413472*J2^4+0,0,0,0,0,0,0,0,-0.0089699074*J2^4+0,0,0,0,0,0,0,0,-0.0089699074*J2^4+0,0,0,0,0,0,0,0,0.0063426824*J2^4+0,0,0,0,0,0,0,0,0,0,0,0,0,0,0,0,0,0,0,0,0.0095683193*J2^4+0,0,0,0,-0.0110485435*J2^4+0},
{0,0,0,0,0,0.0078125000*J2^4+0,0,-0.0090210980*J2^4+0,0,0,0,0,0,-0.0078125000*J2^4+0,0,0.0090210980*J2^4+0,0,0,0,0,0,0.0055242717*J2^4+0,0,-0.0063788795*J2^4+0,0,0,0,0,-0.0027518061*J2^4+0,-0.0031775120*J2^4+0,0.0031775120*J2^4+0,0.0036690748*J2^4+0,0,0,0,0,0,0,0,0,0,0,0,0,-0.0072238186*J2^4+0,-0.0083413472*J2^4+0,0.0083413472*J2^4+0,0.0096317581*J2^4+0,0,0,0,0,0,0,-0.0089699074*J2^4+0,-0.0103575569*J2^4+0,0,0,0,0,0,0,-0.0089699074*J2^4+0,-0.0103575569*J2^4+0,0,0,0,0,0,0,0.0063426824*J2^4+0,0.0073238987*J2^4+0,0,0,0,0,0,0,0,0,0,0,0,0,0,0,0,0,0,0,0.0095683193*J2^4+0,0.0110485435*J2^4+0,0,0,-0.0110485435*J2^4+0,-0.0127577591*J2^4+0},
{0,0,0,0,0,0,0,0,0,0,0,0,0,0,0,0,0,0,0,0.0095683193*J2^4+0,0,0,0,0.0110485435*J2^4+0,0,0,0,-0.0027518061*J2^4+0,0,0,0,-0.0031775120*J2^4+0,0,0,0,0,0,0,0,0,0,0,0,-0.0072238186*J2^4+0,0,0,0,-0.0083413472*J2^4+0,0,0,0,0,0,0,0,0,0,0,0,0,0,0,0,0,0,0,0,-0.0109858481*J2^4+0,0,0,0,-0.0126853647*J2^4+0,0,0,0,0,0,0,0,-0.0078125000*J2^4+0,0,0,0,0,0,0,0,0.0078125000*J2^4+0,0,0,0,0,0,0,0,0.0055242717*J2^4+0},
{0,0,0,0.0078125000*J2^4+0,0,0,0,0.0090210980*J2^4+0,0,0,0,-0.0078125000*J2^4+0,0,0,0,-0.0090210980*J2^4+0,0,0,0,0.0055242717*J2^4+0,0,0,0,0.0063788795*J2^4+0,0,0,-0.0027518061*J2^4+0,-0.0031775120*J2^4+0,0,0,-0.0031775120*J2^4+0,-0.0036690748*J2^4+0,0,0,0,0,0,0,0,0,0,0,-0.0072238186*J2^4+0,-0.0083413472*J2^4+0,0,0,-0.0083413472*J2^4+0,-0.0096317581*J2^4+0,0,0,0,0,0,0,0,0,0,0,0,0,0,0,0,0,0,0,-0.0109858481*J2^4+0,-0.0126853647*J2^4+0,0,0,-0.0126853647*J2^4+0,-0.0146477975*J2^4+0,0,0,0,0,0,0,-0.0078125000*J2^4+0,-0.0090210980*J2^4+0,0,0,0,0,0,0,0.0078125000*J2^4+0,0.0090210980*J2^4+0,0,0,0,0,0,0,0.0055242717*J2^4+0,0.0063788795*J2^4+0},
{0,0,0,0,0,0,0,0,0,0,0,0,0,0,0,0,0,0.0095683193*J2^4+0,0,-0.0110485435*J2^4+0,0,0.0110485435*J2^4+0,0,-0.0127577591*J2^4+0,0,-0.0027518061*J2^4+0,0,0.0031775120*J2^4+0,0,-0.0031775120*J2^4+0,0,0.0036690748*J2^4+0,0,0,0,0,0,0,0,0,0,-0.0072238186*J2^4+0,0,0.0083413472*J2^4+0,0,-0.0083413472*J2^4+0,0,0.0096317581*J2^4+0,0,0,0,-0.0089699074*J2^4+0,0,0,0,-0.0103575569*J2^4+0,0,0,0,-0.0089699074*J2^4+0,0,0,0,-0.0103575569*J2^4+0,0,0,0,0.0063426824*J2^4+0,0,0,0,0.0073238987*J2^4+0,0,0,0,-0.0078125000*J2^4+0,0,0,0,0.0090210980*J2^4+0,0,0,0,0.0078125000*J2^4+0,0,0,0,-0.0090210980*J2^4+0,0,0,0,0.0055242717*J2^4+0,0,0,0,-0.0063788795*J2^4+0},
{0,0.0078125000*J2^4+0,0,-0.0090210980*J2^4+0,0,0.0090210980*J2^4+0,0,-0.0104166667*J2^4+0,0,-0.0078125000*J2^4+0,0,0.0090210980*J2^4+0,0,-0.0090210980*J2^4+0,0,0.0104166667*J2^4+0,0,0.0055242717*J2^4+0,0,-0.0063788795*J2^4+0,0,0.0063788795*J2^4+0,0,-0.0073656956*J2^4+0,-0.0027518061*J2^4+0,-0.0031775120*J2^4+0,0.0031775120*J2^4+0,0.0036690748*J2^4+0,-0.0031775120*J2^4+0,-0.0036690748*J2^4+0,0.0036690748*J2^4+0,0.0042366827*J2^4+0,0,0,0,0,0,0,0,0,-0.0072238186*J2^4+0,-0.0083413472*J2^4+0,0.0083413472*J2^4+0,0.0096317581*J2^4+0,-0.0083413472*J2^4+0,-0.0096317581*J2^4+0,0.0096317581*J2^4+0,0.0111217963*J2^4+0,0,0,-0.0089699074*J2^4+0,-0.0103575569*J2^4+0,0,0,-0.0103575569*J2^4+0,-0.0119598765*J2^4+0,0,0,-0.0089699074*J2^4+0,-0.0103575569*J2^4+0,0,0,-0.0103575569*J2^4+0,-0.0119598765*J2^4+0,0,0,0.0063426824*J2^4+0,0.0073238987*J2^4+0,0,0,0.0073238987*J2^4+0,0.0084569098*J2^4+0,0,0,-0.0078125000*J2^4+0,-0.0090210980*J2^4+0,0,0,0.0090210980*J2^4+0,0.0104166667*J2^4+0,0,0,0.0078125000*J2^4+0,0.0090210980*J2^4+0,0,0,-0.0090210980*J2^4+0,-0.0104166667*J2^4+0,0,0,0.0055242717*J2^4+0,0.0063788795*J2^4+0,0,0,-0.0063788795*J2^4+0,-0.0073656956*J2^4+0},
{0,0,0,0,0,0,0,0,0,0,0,0,0,0,0,0,0,0,0,0,0,0,-0.0117187500*J2^4+0,0.0067658235*J2^4+0,0,0,0,0,0,0,0,-0.0072238186*J2^4+0,0,0,0,0,0,0,0,-0.0072238186*J2^4+0,0,0,0,0,0,0,0,-0.0027518061*J2^4+0,0,0,0,0,0,0,0,0,0,0,0,0,0,0,0,0,0,0,0,0,0,0.0134548611*J2^4+0,0,-0.0077681677*J2^4+0,0,0,0,0,0,0,0,0,0,0,0,0,0,0,0,0,0,0,0,0,0,-0.0117187500*J2^4+0,0,0.0067658235*J2^4+0},
{0,0,0,0,0,0,-0.0095683193*J2^4+0,0.0055242717*J2^4+0,0,0,0,0,0,0,0.0095683193*J2^4+0,-0.0055242717*J2^4+0,0,0,0,0,0,0,-0.0067658235*J2^4+0,0.0039062500*J2^4+0,0,0,0,0,0,0,-0.0072238186*J2^4+0,-0.0083413472*J2^4+0,0,0,0,0,0,0,-0.0072238186*J2^4+0,-0.0083413472*J2^4+0,0,0,0,0,0,0,-0.0027518061*J2^4+0,-0.0031775120*J2^4+0,0,0,0,0,0,0,0,0,0,0,0,0,0,0,0,0,0,0,0,0,0.0134548611*J2^4+0,0.0155363354*J2^4+0,-0.0077681677*J2^4+0,-0.0089699074*J2^4+0,0,0,0,0,0,0,0,0,0,0,0,0,0,0,0,0,0,0,0,0,-0.0117187500*J2^4+0,-0.0135316469*J2^4+0,0.0067658235*J2^4+0,0.0078125000*J2^4+0},
{0,0,0,0,0,0,0,0,0,0,0,0,0,0,0,0,0,0,0,0,-0.0117187500*J2^4+0,0.0067658235*J2^4+0,0.0135316469*J2^4+0,-0.0078125000*J2^4+0,0,0,0,0,0,-0.0072238186*J2^4+0,0,0.0083413472*J2^4+0,0,0,0,0,0,-0.0072238186*J2^4+0,0,0.0083413472*J2^4+0,0,0,0,0,0,-0.0027518061*J2^4+0,0,0.0031775120*J2^4+0,0,0,0,0,0,0.0109858481*J2^4+0,0,-0.0063426824*J2^4+0,0,0,0,0,0,0.0109858481*J2^4+0,0,-0.0063426824*J2^4+0,0,0,0,0,0,-0.0077681677*J2^4+0,0,0.0044849537*J2^4+0,0,0,0,0,0,0,0,0,0,0,0,0,0,0,0,0,0,-0.0117187500*J2^4+0,0,0.0067658235*J2^4+0,0,0.0135316469*J2^4+0,0,-0.0078125000*J2^4+0},
{0,0,0,0,-0.0095683193*J2^4+0,0.0055242717*J2^4+0,0.0110485435*J2^4+0,-0.0063788795*J2^4+0,0,0,0,0,0.0095683193*J2^4+0,-0.0055242717*J2^4+0,-0.0110485435*J2^4+0,0.0063788795*J2^4+0,0,0,0,0,-0.0067658235*J2^4+0,0.0039062500*J2^4+0,0.0078125000*J2^4+0,-0.0045105490*J2^4+0,0,0,0,0,-0.0072238186*J2^4+0,-0.0083413472*J2^4+0,0.0083413472*J2^4+0,0.0096317581*J2^4+0,0,0,0,0,-0.0072238186*J2^4+0,-0.0083413472*J2^4+0,0.0083413472*J2^4+0,0.0096317581*J2^4+0,0,0,0,0,-0.0027518061*J2^4+0,-0.0031775120*J2^4+0,0.0031775120*J2^4+0,0.0036690748*J2^4+0,0,0,0,0,0.0109858481*J2^4+0,0.0126853647*J2^4+0,-0.0063426824*J2^4+0,-0.0073238987*J2^4+0,0,0,0,0,0.0109858481*J2^4+0,0.0126853647*J2^4+0,-0.0063426824*J2^4+0,-0.0073238987*J2^4+0,0,0,0,0,-0.0077681677*J2^4+0,-0.0089699074*J2^4+0,0.0044849537*J2^4+0,0.0051787785*J2^4+0,0,0,0,0,0,0,0,0,0,0,0,0,0,0,0,0,-0.0117187500*J2^4+0,-0.0135316469*J2^4+0,0.0067658235*J2^4+0,0.0078125000*J2^4+0,0.0135316469*J2^4+0,0.0156250000*J2^4+0,-0.0078125000*J2^4+0,-0.0090210980*J2^4+0},
{0,0,0,0,0,0,0,0,0,0,0,0,0,0,0,0,0,0,-0.0117187500*J2^4+0,0.0067658235*J2^4+0,0,0,-0.0135316469*J2^4+0,0.0078125000*J2^4+0,0,0,0,-0.0072238186*J2^4+0,0,0,0,-0.0083413472*J2^4+0,0,0,0,-0.0072238186*J2^4+0,0,0,0,-0.0083413472*J2^4+0,0,0,0,-0.0027518061*J2^4+0,0,0,0,-0.0031775120*J2^4+0,0,0,0,0,0,0,0,0,0,0,0,0,0,0,0,0,0,0.0134548611*J2^4+0,0,-0.0077681677*J2^4+0,0,0.0155363354*J2^4+0,0,-0.0089699074*J2^4+0,0,0,0,0,0,0.0095683193*J2^4+0,0,-0.0055242717*J2^4+0,0,0,0,0,0,-0.0095683193*J2^4+0,0,0.0055242717*J2^4+0,0,0,0,0,0,-0.0067658235*J2^4+0,0,0.0039062500*J2^4+0},
{0,0,-0.0095683193*J2^4+0,0.0055242717*J2^4+0,0,0,-0.0110485435*J2^4+0,0.0063788795*J2^4+0,0,0,0.0095683193*J2^4+0,-0.0055242717*J2^4+0,0,0,0.0110485435*J2^4+0,-0.0063788795*J2^4+0,0,0,-0.0067658235*J2^4+0,0.0039062500*J2^4+0,0,0,-0.0078125000*J2^4+0,0.0045105490*J2^4+0,0,0,-0.0072238186*J2^4+0,-0.0083413472*J2^4+0,0,0,-0.0083413472*J2^4+0,-0.0096317581*J2^4+0,0,0,-0.0072238186*J2^4+0,-0.0083413472*J2^4+0,0,0,-0.0083413472*J2^4+0,-0.0096317581*J2^4+0,0,0,-0.0027518061*J2^4+0,-0.0031775120*J2^4+0,0,0,-0.0031775120*J2^4+0,-0.0036690748*J2^4+0,0,0,0,0,0,0,0,0,0,0,0,0,0,0,0,0,0.0134548611*J2^4+0,0.0155363354*J2^4+0,-0.0077681677*J2^4+0,-0.0089699074*J2^4+0,0.0155363354*J2^4+0,0.0179398148*J2^4+0,-0.0089699074*J2^4+0,-0.0103575569*J2^4+0,0,0,0,0,0.0095683193*J2^4+0,0.0110485435*J2^4+0,-0.0055242717*J2^4+0,-0.0063788795*J2^4+0,0,0,0,0,-0.0095683193*J2^4+0,-0.0110485435*J2^4+0,0.0055242717*J2^4+0,0.0063788795*J2^4+0,0,0,0,0,-0.0067658235*J2^4+0,-0.0078125000*J2^4+0,0.0039062500*J2^4+0,0.0045105490*J2^4+0},
{0,0,0,0,0,0,0,0,0,0,0,0,0,0,0,0,-0.0117187500*J2^4+0,0.0067658235*J2^4+0,0.0135316469*J2^4+0,-0.0078125000*J2^4+0,-0.0135316469*J2^4+0,0.0078125000*J2^4+0,0.0156250000*J2^4+0,-0.0090210980*J2^4+0,0,-0.0072238186*J2^4+0,0,0.0083413472*J2^4+0,0,-0.0083413472*J2^4+0,0,0.0096317581*J2^4+0,0,-0.0072238186*J2^4+0,0,0.0083413472*J2^4+0,0,-0.0083413472*J2^4+0,0,0.0096317581*J2^4+0,0,-0.0027518061*J2^4+0,0,0.0031775120*J2^4+0,0,-0.0031775120*J2^4+0,0,0.0036690748*J2^4+0,0,0.0109858481*J2^4+0,0,-0.0063426824*J2^4+0,0,0.0126853647*J2^4+0,0,-0.0073238987*J2^4+0,0,0.0109858481*J2^4+0,0,-0.0063426824*J2^4+0,0,0.0126853647*J2^4+0,0,-0.0073238987*J2^4+0,0,-0.0077681677*J2^4+0,0,0.0044849537*J2^4+0,0,-0.0089699074*J2^4+0,0,0.0051787785*J2^4+0,0,0.0095683193*J2^4+0,0,-0.0055242717*J2^4+0,0,-0.0110485435*J2^4+0,0,0.0063788795*J2^4+0,0,-0.0095683193*J2^4+0,0,0.0055242717*J2^4+0,0,0.0110485435*J2^4+0,0,-0.0063788795*J2^4+0,0,-0.0067658235*J2^4+0,0,0.0039062500*J2^4+0,0,0.0078125000*J2^4+0,0,-0.0045105490*J2^4+0},
{-0.0095683193*J2^4+0,0.0055242717*J2^4+0,0.0110485435*J2^4+0,-0.0063788795*J2^4+0,-0.0110485435*J2^4+0,0.0063788795*J2^4+0,0.0127577591*J2^4+0,-0.0073656956*J2^4+0,0.0095683193*J2^4+0,-0.0055242717*J2^4+0,-0.0110485435*J2^4+0,0.0063788795*J2^4+0,0.0110485435*J2^4+0,-0.0063788795*J2^4+0,-0.0127577591*J2^4+0,0.0073656956*J2^4+0,-0.0067658235*J2^4+0,0.0039062500*J2^4+0,0.0078125000*J2^4+0,-0.0045105490*J2^4+0,-0.0078125000*J2^4+0,0.0045105490*J2^4+0,0.0090210980*J2^4+0,-0.0052083333*J2^4+0,-0.0072238186*J2^4+0,-0.0083413472*J2^4+0,0.0083413472*J2^4+0,0.0096317581*J2^4+0,-0.0083413472*J2^4+0,-0.0096317581*J2^4+0,0.0096317581*J2^4+0,0.0111217963*J2^4+0,-0.0072238186*J2^4+0,-0.0083413472*J2^4+0,0.0083413472*J2^4+0,0.0096317581*J2^4+0,-0.0083413472*J2^4+0,-0.0096317581*J2^4+0,0.0096317581*J2^4+0,0.0111217963*J2^4+0,-0.0027518061*J2^4+0,-0.0031775120*J2^4+0,0.0031775120*J2^4+0,0.0036690748*J2^4+0,-0.0031775120*J2^4+0,-0.0036690748*J2^4+0,0.0036690748*J2^4+0,0.0042366827*J2^4+0,0.0109858481*J2^4+0,0.0126853647*J2^4+0,-0.0063426824*J2^4+0,-0.0073238987*J2^4+0,0.0126853647*J2^4+0,0.0146477975*J2^4+0,-0.0073238987*J2^4+0,-0.0084569098*J2^4+0,0.0109858481*J2^4+0,0.0126853647*J2^4+0,-0.0063426824*J2^4+0,-0.0073238987*J2^4+0,0.0126853647*J2^4+0,0.0146477975*J2^4+0,-0.0073238987*J2^4+0,-0.0084569098*J2^4+0,-0.0077681677*J2^4+0,-0.0089699074*J2^4+0,0.0044849537*J2^4+0,0.0051787785*J2^4+0,-0.0089699074*J2^4+0,-0.0103575569*J2^4+0,0.0051787785*J2^4+0,0.0059799383*J2^4+0,0.0095683193*J2^4+0,0.0110485435*J2^4+0,-0.0055242717*J2^4+0,-0.0063788795*J2^4+0,-0.0110485435*J2^4+0,-0.0127577591*J2^4+0,0.0063788795*J2^4+0,0.0073656956*J2^4+0,-0.0095683193*J2^4+0,-0.0110485435*J2^4+0,0.0055242717*J2^4+0,0.0063788795*J2^4+0,0.0110485435*J2^4+0,0.0127577591*J2^4+0,-0.0063788795*J2^4+0,-0.0073656956*J2^4+0,-0.0067658235*J2^4+0,-0.0078125000*J2^4+0,0.0039062500*J2^4+0,0.0045105490*J2^4+0,0.0078125000*J2^4+0,0.0090210980*J2^4+0,-0.0045105490*J2^4+0,-0.0052083333*J2^4+0},
{0,0,0,0,0,0,0,0,0,0,0,0,0,0,0,0,0,0,0,0,0,0,0,-0.0095683193*J2^4+0,0,0,0,0,0,0,0,0,0,0,0,0,0,0,0,0,0,0,0,0,0,0,0,0.0109858481*J2^4+0,0,0,0,0,0,0,0,0,0,0,0,0,0,0,0,-0.0027518061*J2^4+0,0,0,0,0,0,0,0,0.0072238186*J2^4+0,0,0,0,0,0,0,0,0,0,0,0,0,0,0,0,0,0,0,0,0,0,0,0,-0.0095683193*J2^4+0},
{0,0,0,0,0,0,0,-0.0078125000*J2^4+0,0,0,0,0,0,0,0,0.0078125000*J2^4+0,0,0,0,0,0,0,0,-0.0055242717*J2^4+0,0,0,0,0,0,0,0,0,0,0,0,0,0,0,0,0,0,0,0,0,0,0,0.0109858481*J2^4+0,0.0126853647*J2^4+0,0,0,0,0,0,0,0,0,0,0,0,0,0,0,-0.0027518061*J2^4+0,-0.0031775120*J2^4+0,0,0,0,0,0,0,0.0072238186*J2^4+0,0.0083413472*J2^4+0,0,0,0,0,0,0,0,0,0,0,0,0,0,0,0,0,0,0,0,0,0,0,-0.0095683193*J2^4+0,-0.0110485435*J2^4+0},
{0,0,0,0,0,0,0,0,0,0,0,0,0,0,0,0,0,0,0,0,0,0,-0.0095683193*J2^4+0,0.0110485435*J2^4+0,0,0,0,0,0,0,0,-0.0089699074*J2^4+0,0,0,0,0,0,0,0,-0.0089699074*J2^4+0,0,0,0,0,0,0,0,-0.0063426824*J2^4+0,0,0,0,0,0,0,0,0,0,0,0,0,0,-0.0027518061*J2^4+0,0,0.0031775120*J2^4+0,0,0,0,0,0,0.0072238186*J2^4+0,0,-0.0083413472*J2^4+0,0,0,0,0,0,0,0,0,0,0,0,0,0,0,0,0,0,0,0,0,0,-0.0095683193*J2^4+0,0,0.0110485435*J2^4+0},
{0,0,0,0,0,0,-0.0078125000*J2^4+0,0.0090210980*J2^4+0,0,0,0,0,0,0,0.0078125000*J2^4+0,-0.0090210980*J2^4+0,0,0,0,0,0,0,-0.0055242717*J2^4+0,0.0063788795*J2^4+0,0,0,0,0,0,0,-0.0089699074*J2^4+0,-0.0103575569*J2^4+0,0,0,0,0,0,0,-0.0089699074*J2^4+0,-0.0103575569*J2^4+0,0,0,0,0,0,0,-0.0063426824*J2^4+0,-0.0073238987*J2^4+0,0,0,0,0,0,0,0,0,0,0,0,0,-0.0027518061*J2^4+0,-0.0031775120*J2^4+0,0.0031775120*J2^4+0,0.0036690748*J2^4+0,0,0,0,0,0.0072238186*J2^4+0,0.0083413472*J2^4+0,-0.0083413472*J2^4+0,-0.0096317581*J2^4+0,0,0,0,0,0,0,0,0,0,0,0,0,0,0,0,0,0,0,0,0,-0.0095683193*J2^4+0,-0.0110485435*J2^4+0,0.0110485435*J2^4+0,0.0127577591*J2^4+0},
{0,0,0,0,0,0,0,0,0,0,0,0,0,0,0,0,0,0,0,-0.0095683193*J2^4+0,0,0,0,-0.0110485435*J2^4+0,0,0,0,0,0,0,0,0,0,0,0,0,0,0,0,0,0,0,0,0.0109858481*J2^4+0,0,0,0,0.0126853647*J2^4+0,0,0,0,0,0,0,0,0,0,0,0,-0.0027518061*J2^4+0,0,0,0,-0.0031775120*J2^4+0,0,0,0,0.0072238186*J2^4+0,0,0,0,0.0083413472*J2^4+0,0,0,0,0,0,0,0,0.0078125000*J2^4+0,0,0,0,0,0,0,0,-0.0078125000*J2^4+0,0,0,0,0,0,0,0,-0.0055242717*J2^4+0},
{0,0,0,-0.0078125000*J2^4+0,0,0,0,-0.0090210980*J2^4+0,0,0,0,0.0078125000*J2^4+0,0,0,0,0.0090210980*J2^4+0,0,0,0,-0.0055242717*J2^4+0,0,0,0,-0.0063788795*J2^4+0,0,0,0,0,0,0,0,0,0,0,0,0,0,0,0,0,0,0,0.0109858481*J2^4+0,0.0126853647*J2^4+0,0,0,0.0126853647*J2^4+0,0.0146477975*J2^4+0,0,0,0,0,0,0,0,0,0,0,-0.0027518061*J2^4+0,-0.0031775120*J2^4+0,0,0,-0.0031775120*J2^4+0,-0.0036690748*J2^4+0,0,0,0.0072238186*J2^4+0,0.0083413472*J2^4+0,0,0,0.0083413472*J2^4+0,0.0096317581*J2^4+0,0,0,0,0,0,0,0.0078125000*J2^4+0,0.0090210980*J2^4+0,0,0,0,0,0,0,-0.0078125000*J2^4+0,-0.0090210980*J2^4+0,0,0,0,0,0,0,-0.0055242717*J2^4+0,-0.0063788795*J2^4+0},
{0,0,0,0,0,0,0,0,0,0,0,0,0,0,0,0,0,0,-0.0095683193*J2^4+0,0.0110485435*J2^4+0,0,0,-0.0110485435*J2^4+0,0.0127577591*J2^4+0,0,0,0,-0.0089699074*J2^4+0,0,0,0,-0.0103575569*J2^4+0,0,0,0,-0.0089699074*J2^4+0,0,0,0,-0.0103575569*J2^4+0,0,0,0,-0.0063426824*J2^4+0,0,0,0,-0.0073238987*J2^4+0,0,0,0,0,0,0,0,0,0,-0.0027518061*J2^4+0,0,0.0031775120*J2^4+0,0,-0.0031775120*J2^4+0,0,0.0036690748*J2^4+0,0,0.0072238186*J2^4+0,0,-0.0083413472*J2^4+0,0,0.0083413472*J2^4+0,0,-0.0096317581*J2^4+0,0,0,0,0,0,0.0078125000*J2^4+0,0,-0.0090210980*J2^4+0,0,0,0,0,0,-0.0078125000*J2^4+0,0,0.0090210980*J2^4+0,0,0,0,0,0,-0.0055242717*J2^4+0,0,0.0063788795*J2^4+0},
{0,0,-0.0078125000*J2^4+0,0.0090210980*J2^4+0,0,0,-0.0090210980*J2^4+0,0.0104166667*J2^4+0,0,0,0.0078125000*J2^4+0,-0.0090210980*J2^4+0,0,0,0.0090210980*J2^4+0,-0.0104166667*J2^4+0,0,0,-0.0055242717*J2^4+0,0.0063788795*J2^4+0,0,0,-0.0063788795*J2^4+0,0.0073656956*J2^4+0,0,0,-0.0089699074*J2^4+0,-0.0103575569*J2^4+0,0,0,-0.0103575569*J2^4+0,-0.0119598765*J2^4+0,0,0,-0.0089699074*J2^4+0,-0.0103575569*J2^4+0,0,0,-0.0103575569*J2^4+0,-0.0119598765*J2^4+0,0,0,-0.0063426824*J2^4+0,-0.0073238987*J2^4+0,0,0,-0.0073238987*J2^4+0,-0.0084569098*J2^4+0,0,0,0,0,0,0,0,0,-0.0027518061*J2^4+0,-0.0031775120*J2^4+0,0.0031775120*J2^4+0,0.0036690748*J2^4+0,-0.0031775120*J2^4+0,-0.0036690748*J2^4+0,0.0036690748*J2^4+0,0.0042366827*J2^4+0,0.0072238186*J2^4+0,0.0083413472*J2^4+0,-0.0083413472*J2^4+0,-0.0096317581*J2^4+0,0.0083413472*J2^4+0,0.0096317581*J2^4+0,-0.0096317581*J2^4+0,-0.0111217963*J2^4+0,0,0,0,0,0.0078125000*J2^4+0,0.0090210980*J2^4+0,-0.0090210980*J2^4+0,-0.0104166667*J2^4+0,0,0,0,0,-0.0078125000*J2^4+0,-0.0090210980*J2^4+0,0.0090210980*J2^4+0,0.0104166667*J2^4+0,0,0,0,0,-0.0055242717*J2^4+0,-0.0063788795*J2^4+0,0.0063788795*J2^4+0,0.0073656956*J2^4+0},
{0,0,0,0,0,0,0,0,0,0,0,0,0,0,0,0,0,0,0,0,0,0,0,-0.0095683193*J2^4+0,0,0,0,0,0,0,0,0,0,0,0,0,0,0,0,0,0,0,0,0,0,0,0,0.0109858481*J2^4+0,0,0,0,0,0,0,0,-0.0027518061*J2^4+0,0,0,0,0,0,0,0,0,0,0,0,0,0,0,0,0.0072238186*J2^4+0,0,0,0,0,0,0,0,0,0,0,0,0,0,0,0,0,0,0,0,0,0,0,0,-0.0095683193*J2^4+0},
{0,0,0,0,0,0,0,-0.0078125000*J2^4+0,0,0,0,0,0,0,0,0.0078125000*J2^4+0,0,0,0,0,0,0,0,-0.0055242717*J2^4+0,0,0,0,0,0,0,0,0,0,0,0,0,0,0,0,0,0,0,0,0,0,0,0.0109858481*J2^4+0,0.0126853647*J2^4+0,0,0,0,0,0,0,-0.0027518061*J2^4+0,-0.0031775120*J2^4+0,0,0,0,0,0,0,0,0,0,0,0,0,0,0,0.0072238186*J2^4+0,0.0083413472*J2^4+0,0,0,0,0,0,0,0,0,0,0,0,0,0,0,0,0,0,0,0,0,0,0,-0.0095683193*J2^4+0,-0.0110485435*J2^4+0},
{0,0,0,0,0,0,0,0,0,0,0,0,0,0,0,0,0,0,0,0,0,0,-0.0095683193*J2^4+0,0.0110485435*J2^4+0,0,0,0,0,0,0,0,-0.0089699074*J2^4+0,0,0,0,0,0,0,0,-0.0089699074*J2^4+0,0,0,0,0,0,0,0,-0.0063426824*J2^4+0,0,0,0,0,0,-0.0027518061*J2^4+0,0,0.0031775120*J2^4+0,0,0,0,0,0,0,0,0,0,0,0,0,0,0.0072238186*J2^4+0,0,-0.0083413472*J2^4+0,0,0,0,0,0,0,0,0,0,0,0,0,0,0,0,0,0,0,0,0,0,-0.0095683193*J2^4+0,0,0.0110485435*J2^4+0},
{0,0,0,0,0,0,-0.0078125000*J2^4+0,0.0090210980*J2^4+0,0,0,0,0,0,0,0.0078125000*J2^4+0,-0.0090210980*J2^4+0,0,0,0,0,0,0,-0.0055242717*J2^4+0,0.0063788795*J2^4+0,0,0,0,0,0,0,-0.0089699074*J2^4+0,-0.0103575569*J2^4+0,0,0,0,0,0,0,-0.0089699074*J2^4+0,-0.0103575569*J2^4+0,0,0,0,0,0,0,-0.0063426824*J2^4+0,-0.0073238987*J2^4+0,0,0,0,0,-0.0027518061*J2^4+0,-0.0031775120*J2^4+0,0.0031775120*J2^4+0,0.0036690748*J2^4+0,0,0,0,0,0,0,0,0,0,0,0,0,0.0072238186*J2^4+0,0.0083413472*J2^4+0,-0.0083413472*J2^4+0,-0.0096317581*J2^4+0,0,0,0,0,0,0,0,0,0,0,0,0,0,0,0,0,0,0,0,0,-0.0095683193*J2^4+0,-0.0110485435*J2^4+0,0.0110485435*J2^4+0,0.0127577591*J2^4+0},
{0,0,0,0,0,0,0,0,0,0,0,0,0,0,0,0,0,0,0,-0.0095683193*J2^4+0,0,0,0,-0.0110485435*J2^4+0,0,0,0,0,0,0,0,0,0,0,0,0,0,0,0,0,0,0,0,0.0109858481*J2^4+0,0,0,0,0.0126853647*J2^4+0,0,0,0,-0.0027518061*J2^4+0,0,0,0,-0.0031775120*J2^4+0,0,0,0,0,0,0,0,0,0,0,0,0.0072238186*J2^4+0,0,0,0,0.0083413472*J2^4+0,0,0,0,0,0,0,0,0.0078125000*J2^4+0,0,0,0,0,0,0,0,-0.0078125000*J2^4+0,0,0,0,0,0,0,0,-0.0055242717*J2^4+0},
{0,0,0,-0.0078125000*J2^4+0,0,0,0,-0.0090210980*J2^4+0,0,0,0,0.0078125000*J2^4+0,0,0,0,0.0090210980*J2^4+0,0,0,0,-0.0055242717*J2^4+0,0,0,0,-0.0063788795*J2^4+0,0,0,0,0,0,0,0,0,0,0,0,0,0,0,0,0,0,0,0.0109858481*J2^4+0,0.0126853647*J2^4+0,0,0,0.0126853647*J2^4+0,0.0146477975*J2^4+0,0,0,-0.0027518061*J2^4+0,-0.0031775120*J2^4+0,0,0,-0.0031775120*J2^4+0,-0.0036690748*J2^4+0,0,0,0,0,0,0,0,0,0,0,0.0072238186*J2^4+0,0.0083413472*J2^4+0,0,0,0.0083413472*J2^4+0,0.0096317581*J2^4+0,0,0,0,0,0,0,0.0078125000*J2^4+0,0.0090210980*J2^4+0,0,0,0,0,0,0,-0.0078125000*J2^4+0,-0.0090210980*J2^4+0,0,0,0,0,0,0,-0.0055242717*J2^4+0,-0.0063788795*J2^4+0},
{0,0,0,0,0,0,0,0,0,0,0,0,0,0,0,0,0,0,-0.0095683193*J2^4+0,0.0110485435*J2^4+0,0,0,-0.0110485435*J2^4+0,0.0127577591*J2^4+0,0,0,0,-0.0089699074*J2^4+0,0,0,0,-0.0103575569*J2^4+0,0,0,0,-0.0089699074*J2^4+0,0,0,0,-0.0103575569*J2^4+0,0,0,0,-0.0063426824*J2^4+0,0,0,0,-0.0073238987*J2^4+0,0,-0.0027518061*J2^4+0,0,0.0031775120*J2^4+0,0,-0.0031775120*J2^4+0,0,0.0036690748*J2^4+0,0,0,0,0,0,0,0,0,0,0.0072238186*J2^4+0,0,-0.0083413472*J2^4+0,0,0.0083413472*J2^4+0,0,-0.0096317581*J2^4+0,0,0,0,0,0,0.0078125000*J2^4+0,0,-0.0090210980*J2^4+0,0,0,0,0,0,-0.0078125000*J2^4+0,0,0.0090210980*J2^4+0,0,0,0,0,0,-0.0055242717*J2^4+0,0,0.0063788795*J2^4+0},
{0,0,-0.0078125000*J2^4+0,0.0090210980*J2^4+0,0,0,-0.0090210980*J2^4+0,0.0104166667*J2^4+0,0,0,0.0078125000*J2^4+0,-0.0090210980*J2^4+0,0,0,0.0090210980*J2^4+0,-0.0104166667*J2^4+0,0,0,-0.0055242717*J2^4+0,0.0063788795*J2^4+0,0,0,-0.0063788795*J2^4+0,0.0073656956*J2^4+0,0,0,-0.0089699074*J2^4+0,-0.0103575569*J2^4+0,0,0,-0.0103575569*J2^4+0,-0.0119598765*J2^4+0,0,0,-0.0089699074*J2^4+0,-0.0103575569*J2^4+0,0,0,-0.0103575569*J2^4+0,-0.0119598765*J2^4+0,0,0,-0.0063426824*J2^4+0,-0.0073238987*J2^4+0,0,0,-0.0073238987*J2^4+0,-0.0084569098*J2^4+0,-0.0027518061*J2^4+0,-0.0031775120*J2^4+0,0.0031775120*J2^4+0,0.0036690748*J2^4+0,-0.0031775120*J2^4+0,-0.0036690748*J2^4+0,0.0036690748*J2^4+0,0.0042366827*J2^4+0,0,0,0,0,0,0,0,0,0.0072238186*J2^4+0,0.0083413472*J2^4+0,-0.0083413472*J2^4+0,-0.0096317581*J2^4+0,0.0083413472*J2^4+0,0.0096317581*J2^4+0,-0.0096317581*J2^4+0,-0.0111217963*J2^4+0,0,0,0,0,0.0078125000*J2^4+0,0.0090210980*J2^4+0,-0.0090210980*J2^4+0,-0.0104166667*J2^4+0,0,0,0,0,-0.0078125000*J2^4+0,-0.0090210980*J2^4+0,0.0090210980*J2^4+0,0.0104166667*J2^4+0,0,0,0,0,-0.0055242717*J2^4+0,-0.0063788795*J2^4+0,0.0063788795*J2^4+0,0.0073656956*J2^4+0},
{0,0,0,0,0,0,0,0,0,0,0,0,0,0,0,0,0,0,0,0,0,-0.0117187500*J2^4+0,0,0.0067658235*J2^4+0,0,0,0,0,0,0,0,0,0,0,0,0,0,0,0,0,0,0,0,0,0,0.0134548611*J2^4+0,0,-0.0077681677*J2^4+0,0,0,0,0,0,0,0,0.0072238186*J2^4+0,0,0,0,0,0,0,0,0.0072238186*J2^4+0,0,0,0,0,0,0,0,-0.0027518061*J2^4+0,0,0,0,0,0,0,0,0,0,0,0,0,0,0,0,0,0,0,0,-0.0117187500*J2^4+0,0,0,0,0.0067658235*J2^4+0},
{0,0,0,0,0,-0.0095683193*J2^4+0,0,0.0055242717*J2^4+0,0,0,0,0,0,0.0095683193*J2^4+0,0,-0.0055242717*J2^4+0,0,0,0,0,0,-0.0067658235*J2^4+0,0,0.0039062500*J2^4+0,0,0,0,0,0,0,0,0,0,0,0,0,0,0,0,0,0,0,0,0,0.0134548611*J2^4+0,0.0155363354*J2^4+0,-0.0077681677*J2^4+0,-0.0089699074*J2^4+0,0,0,0,0,0,0,0.0072238186*J2^4+0,0.0083413472*J2^4+0,0,0,0,0,0,0,0.0072238186*J2^4+0,0.0083413472*J2^4+0,0,0,0,0,0,0,-0.0027518061*J2^4+0,-0.0031775120*J2^4+0,0,0,0,0,0,0,0,0,0,0,0,0,0,0,0,0,0,0,-0.0117187500*J2^4+0,-0.0135316469*J2^4+0,0,0,0.0067658235*J2^4+0,0.0078125000*J2^4+0},
{0,0,0,0,0,0,0,0,0,0,0,0,0,0,0,0,0,0,0,0,-0.0117187500*J2^4+0,0.0135316469*J2^4+0,0.0067658235*J2^4+0,-0.0078125000*J2^4+0,0,0,0,0,0,-0.0109858481*J2^4+0,0,0.0063426824*J2^4+0,0,0,0,0,0,-0.0109858481*J2^4+0,0,0.0063426824*J2^4+0,0,0,0,0,0,-0.0077681677*J2^4+0,0,0.0044849537*J2^4+0,0,0,0,0,0,0.0072238186*J2^4+0,0,-0.0083413472*J2^4+0,0,0,0,0,0,0.0072238186*J2^4+0,0,-0.0083413472*J2^4+0,0,0,0,0,0,-0.0027518061*J2^4+0,0,0.0031775120*J2^4+0,0,0,0,0,0,0,0,0,0,0,0,0,0,0,0,0,0,-0.0117187500*J2^4+0,0,0.0135316469*J2^4+0,0,0.0067658235*J2^4+0,0,-0.0078125000*J2^4+0},
{0,0,0,0,-0.0095683193*J2^4+0,0.0110485435*J2^4+0,0.0055242717*J2^4+0,-0.0063788795*J2^4+0,0,0,0,0,0.0095683193*J2^4+0,-0.0110485435*J2^4+0,-0.0055242717*J2^4+0,0.0063788795*J2^4+0,0,0,0,0,-0.0067658235*J2^4+0,0.0078125000*J2^4+0,0.0039062500*J2^4+0,-0.0045105490*J2^4+0,0,0,0,0,-0.0109858481*J2^4+0,-0.0126853647*J2^4+0,0.0063426824*J2^4+0,0.0073238987*J2^4+0,0,0,0,0,-0.0109858481*J2^4+0,-0.0126853647*J2^4+0,0.0063426824*J2^4+0,0.0073238987*J2^4+0,0,0,0,0,-0.0077681677*J2^4+0,-0.0089699074*J2^4+0,0.0044849537*J2^4+0,0.0051787785*J2^4+0,0,0,0,0,0.0072238186*J2^4+0,0.0083413472*J2^4+0,-0.0083413472*J2^4+0,-0.0096317581*J2^4+0,0,0,0,0,0.0072238186*J2^4+0,0.0083413472*J2^4+0,-0.0083413472*J2^4+0,-0.0096317581*J2^4+0,0,0,0,0,-0.0027518061*J2^4+0,-0.0031775120*J2^4+0,0.0031775120*J2^4+0,0.0036690748*J2^4+0,0,0,0,0,0,0,0,0,0,0,0,0,0,0,0,0,-0.0117187500*J2^4+0,-0.0135316469*J2^4+0,0.0135316469*J2^4+0,0.0156250000*J2^4+0,0.0067658235*J2^4+0,0.0078125000*J2^4+0,-0.0078125000*J2^4+0,-0.0090210980*J2^4+0},
{0,0,0,0,0,0,0,0,0,0,0,0,0,0,0,0,0,-0.0117187500*J2^4+0,0,0.0067658235*J2^4+0,0,-0.0135316469*J2^4+0,0,0.0078125000*J2^4+0,0,0,0,0,0,0,0,0,0,0,0,0,0,0,0,0,0,0.0134548611*J2^4+0,0,-0.0077681677*J2^4+0,0,0.0155363354*J2^4+0,0,-0.0089699074*J2^4+0,0,0,0,0.0072238186*J2^4+0,0,0,0,0.0083413472*J2^4+0,0,0,0,0.0072238186*J2^4+0,0,0,0,0.0083413472*J2^4+0,0,0,0,-0.0027518061*J2^4+0,0,0,0,-0.0031775120*J2^4+0,0,0,0,0.0095683193*J2^4+0,0,0,0,-0.0055242717*J2^4+0,0,0,0,-0.0095683193*J2^4+0,0,0,0,0.0055242717*J2^4+0,0,0,0,-0.0067658235*J2^4+0,0,0,0,0.0039062500*J2^4+0},
{0,-0.0095683193*J2^4+0,0,0.0055242717*J2^4+0,0,-0.0110485435*J2^4+0,0,0.0063788795*J2^4+0,0,0.0095683193*J2^4+0,0,-0.0055242717*J2^4+0,0,0.0110485435*J2^4+0,0,-0.0063788795*J2^4+0,0,-0.0067658235*J2^4+0,0,0.0039062500*J2^4+0,0,-0.0078125000*J2^4+0,0,0.0045105490*J2^4+0,0,0,0,0,0,0,0,0,0,0,0,0,0,0,0,0,0.0134548611*J2^4+0,0.0155363354*J2^4+0,-0.0077681677*J2^4+0,-0.0089699074*J2^4+0,0.0155363354*J2^4+0,0.0179398148*J2^4+0,-0.0089699074*J2^4+0,-0.0103575569*J2^4+0,0,0,0.0072238186*J2^4+0,0.0083413472*J2^4+0,0,0,0.0083413472*J2^4+0,0.0096317581*J2^4+0,0,0,0.0072238186*J2^4+0,0.0083413472*J2^4+0,0,0,0.0083413472*J2^4+0,0.0096317581*J2^4+0,0,0,-0.0027518061*J2^4+0,-0.0031775120*J2^4+0,0,0,-0.0031775120*J2^4+0,-0.0036690748*J2^4+0,0,0,0.0095683193*J2^4+0,0.0110485435*J2^4+0,0,0,-0.0055242717*J2^4+0,-0.0063788795*J2^4+0,0,0,-0.0095683193*J2^4+0,-0.0110485435*J2^4+0,0,0,0.0055242717*J2^4+0,0.0063788795*J2^4+0,0,0,-0.0067658235*J2^4+0,-0.0078125000*J2^4+0,0,0,0.0039062500*J2^4+0,0.0045105490*J2^4+0},
{0,0,0,0,0,0,0,0,0,0,0,0,0,0,0,0,-0.0117187500*J2^4+0,0.0135316469*J2^4+0,0.0067658235*J2^4+0,-0.0078125000*J2^4+0,-0.0135316469*J2^4+0,0.0156250000*J2^4+0,0.0078125000*J2^4+0,-0.0090210980*J2^4+0,0,-0.0109858481*J2^4+0,0,0.0063426824*J2^4+0,0,-0.0126853647*J2^4+0,0,0.0073238987*J2^4+0,0,-0.0109858481*J2^4+0,0,0.0063426824*J2^4+0,0,-0.0126853647*J2^4+0,0,0.0073238987*J2^4+0,0,-0.0077681677*J2^4+0,0,0.0044849537*J2^4+0,0,-0.0089699074*J2^4+0,0,0.0051787785*J2^4+0,0,0.0072238186*J2^4+0,0,-0.0083413472*J2^4+0,0,0.0083413472*J2^4+0,0,-0.0096317581*J2^4+0,0,0.0072238186*J2^4+0,0,-0.0083413472*J2^4+0,0,0.0083413472*J2^4+0,0,-0.0096317581*J2^4+0,0,-0.0027518061*J2^4+0,0,0.0031775120*J2^4+0,0,-0.0031775120*J2^4+0,0,0.0036690748*J2^4+0,0,0.0095683193*J2^4+0,0,-0.0110485435*J2^4+0,0,-0.0055242717*J2^4+0,0,0.0063788795*J2^4+0,0,-0.0095683193*J2^4+0,0,0.0110485435*J2^4+0,0,0.0055242717*J2^4+0,0,-0.0063788795*J2^4+0,0,-0.0067658235*J2^4+0,0,0.0078125000*J2^4+0,0,0.0039062500*J2^4+0,0,-0.0045105490*J2^4+0},
{-0.0095683193*J2^4+0,0.0110485435*J2^4+0,0.0055242717*J2^4+0,-0.0063788795*J2^4+0,-0.0110485435*J2^4+0,0.0127577591*J2^4+0,0.0063788795*J2^4+0,-0.0073656956*J2^4+0,0.0095683193*J2^4+0,-0.0110485435*J2^4+0,-0.0055242717*J2^4+0,0.0063788795*J2^4+0,0.0110485435*J2^4+0,-0.0127577591*J2^4+0,-0.0063788795*J2^4+0,0.0073656956*J2^4+0,-0.0067658235*J2^4+0,0.0078125000*J2^4+0,0.0039062500*J2^4+0,-0.0045105490*J2^4+0,-0.0078125000*J2^4+0,0.0090210980*J2^4+0,0.0045105490*J2^4+0,-0.0052083333*J2^4+0,-0.0109858481*J2^4+0,-0.0126853647*J2^4+0,0.0063426824*J2^4+0,0.0073238987*J2^4+0,-0.0126853647*J2^4+0,-0.0146477975*J2^4+0,0.0073238987*J2^4+0,0.0084569098*J2^4+0,-0.0109858481*J2^4+0,-0.0126853647*J2^4+0,0.0063426824*J2^4+0,0.0073238987*J2^4+0,-0.0126853647*J2^4+0,-0.0146477975*J2^4+0,0.0073238987*J2^4+0,0.0084569098*J2^4+0,-0.0077681677*J2^4+0,-0.0089699074*J2^4+0,0.0044849537*J2^4+0,0.0051787785*J2^4+0,-0.0089699074*J2^4+0,-0.0103575569*J2^4+0,0.0051787785*J2^4+0,0.0059799383*J2^4+0,0.0072238186*J2^4+0,0.0083413472*J2^4+0,-0.0083413472*J2^4+0,-0.0096317581*J2^4+0,0.0083413472*J2^4+0,0.0096317581*J2^4+0,-0.0096317581*J2^4+0,-0.0111217963*J2^4+0,0.0072238186*J2^4+0,0.0083413472*J2^4+0,-0.0083413472*J2^4+0,-0.0096317581*J2^4+0,0.0083413472*J2^4+0,0.0096317581*J2^4+0,-0.0096317581*J2^4+0,-0.0111217963*J2^4+0,-0.0027518061*J2^4+0,-0.0031775120*J2^4+0,0.0031775120*J2^4+0,0.0036690748*J2^4+0,-0.0031775120*J2^4+0,-0.0036690748*J2^4+0,0.0036690748*J2^4+0,0.0042366827*J2^4+0,0.0095683193*J2^4+0,0.0110485435*J2^4+0,-0.0110485435*J2^4+0,-0.0127577591*J2^4+0,-0.0055242717*J2^4+0,-0.0063788795*J2^4+0,0.0063788795*J2^4+0,0.0073656956*J2^4+0,-0.0095683193*J2^4+0,-0.0110485435*J2^4+0,0.0110485435*J2^4+0,0.0127577591*J2^4+0,0.0055242717*J2^4+0,0.0063788795*J2^4+0,-0.0063788795*J2^4+0,-0.0073656956*J2^4+0,-0.0067658235*J2^4+0,-0.0078125000*J2^4+0,0.0078125000*J2^4+0,0.0090210980*J2^4+0,0.0039062500*J2^4+0,0.0045105490*J2^4+0,-0.0045105490*J2^4+0,-0.0052083333*J2^4+0},
{0,0,0,0,0,0,0,0,0,0,0,0,0,0,0,0,0,0,0,0,0,0,0,-0.0109858481*J2^4+0,0,0,0,0,0,0,0,0,0,0,0,0,0,0,0,0,0,0,0,0,0,0,0,0.0095683193*J2^4+0,0,0,0,0,0,0,0,0,0,0,0,0,0,0,0,0,0,0,0,0,0,0,0,0.0095683193*J2^4+0,0,0,0,0,0,0,0,0,0,0,0,0,0,0,0,-0.0027518061*J2^4+0,0,0,0,0,0,0,0,-0.0072238186*J2^4+0},
{0,0,0,0,0,0,0,-0.0089699074*J2^4+0,0,0,0,0,0,0,0,0.0089699074*J2^4+0,0,0,0,0,0,0,0,-0.0063426824*J2^4+0,0,0,0,0,0,0,0,0,0,0,0,0,0,0,0,0,0,0,0,0,0,0,0.0095683193*J2^4+0,0.0110485435*J2^4+0,0,0,0,0,0,0,0,0,0,0,0,0,0,0,0,0,0,0,0,0,0,0,0.0095683193*J2^4+0,0.0110485435*J2^4+0,0,0,0,0,0,0,0,0,0,0,0,0,0,0,-0.0027518061*J2^4+0,-0.0031775120*J2^4+0,0,0,0,0,0,0,-0.0072238186*J2^4+0,-0.0083413472*J2^4+0},
{0,0,0,0,0,0,0,0,0,0,0,0,0,0,0,0,0,0,0,0,0,0,-0.0109858481*J2^4+0,0.0126853647*J2^4+0,0,0,0,0,0,0,0,-0.0078125000*J2^4+0,0,0,0,0,0,0,0,-0.0078125000*J2^4+0,0,0,0,0,0,0,0,-0.0055242717*J2^4+0,0,0,0,0,0,0,0,0,0,0,0,0,0,0,0,0,0,0,0,0,0,0.0095683193*J2^4+0,0,-0.0110485435*J2^4+0,0,0,0,0,0,0,0,0,0,0,0,0,0,-0.0027518061*J2^4+0,0,0.0031775120*J2^4+0,0,0,0,0,0,-0.0072238186*J2^4+0,0,0.0083413472*J2^4+0},
{0,0,0,0,0,0,-0.0089699074*J2^4+0,0.0103575569*J2^4+0,0,0,0,0,0,0,0.0089699074*J2^4+0,-0.0103575569*J2^4+0,0,0,0,0,0,0,-0.0063426824*J2^4+0,0.0073238987*J2^4+0,0,0,0,0,0,0,-0.0078125000*J2^4+0,-0.0090210980*J2^4+0,0,0,0,0,0,0,-0.0078125000*J2^4+0,-0.0090210980*J2^4+0,0,0,0,0,0,0,-0.0055242717*J2^4+0,-0.0063788795*J2^4+0,0,0,0,0,0,0,0,0,0,0,0,0,0,0,0,0,0,0,0,0,0.0095683193*J2^4+0,0.0110485435*J2^4+0,-0.0110485435*J2^4+0,-0.0127577591*J2^4+0,0,0,0,0,0,0,0,0,0,0,0,0,-0.0027518061*J2^4+0,-0.0031775120*J2^4+0,0.0031775120*J2^4+0,0.0036690748*J2^4+0,0,0,0,0,-0.0072238186*J2^4+0,-0.0083413472*J2^4+0,0.0083413472*J2^4+0,0.0096317581*J2^4+0},
{0,0,0,0,0,0,0,0,0,0,0,0,0,0,0,0,0,0,0,0,0,-0.0109858481*J2^4+0,0,0.0126853647*J2^4+0,0,0,0,0,0,0,0,0,0,0,0,0,0,0,0,0,0,0,0,0,0,0.0095683193*J2^4+0,0,-0.0110485435*J2^4+0,0,0,0,0,0,0,0,0.0078125000*J2^4+0,0,0,0,0,0,0,0,0.0078125000*J2^4+0,0,0,0,0,0,0,0,-0.0055242717*J2^4+0,0,0,0,0,0,0,0,0,0,0,0,-0.0027518061*J2^4+0,0,0,0,0.0031775120*J2^4+0,0,0,0,-0.0072238186*J2^4+0,0,0,0,0.0083413472*J2^4+0},
{0,0,0,0,0,-0.0089699074*J2^4+0,0,0.0103575569*J2^4+0,0,0,0,0,0,0.0089699074*J2^4+0,0,-0.0103575569*J2^4+0,0,0,0,0,0,-0.0063426824*J2^4+0,0,0.0073238987*J2^4+0,0,0,0,0,0,0,0,0,0,0,0,0,0,0,0,0,0,0,0,0,0.0095683193*J2^4+0,0.0110485435*J2^4+0,-0.0110485435*J2^4+0,-0.0127577591*J2^4+0,0,0,0,0,0,0,0.0078125000*J2^4+0,0.0090210980*J2^4+0,0,0,0,0,0,0,0.0078125000*J2^4+0,0.0090210980*J2^4+0,0,0,0,0,0,0,-0.0055242717*J2^4+0,-0.0063788795*J2^4+0,0,0,0,0,0,0,0,0,0,0,-0.0027518061*J2^4+0,-0.0031775120*J2^4+0,0,0,0.0031775120*J2^4+0,0.0036690748*J2^4+0,0,0,-0.0072238186*J2^4+0,-0.0083413472*J2^4+0,0,0,0.0083413472*J2^4+0,0.0096317581*J2^4+0},
{0,0,0,0,0,0,0,0,0,0,0,0,0,0,0,0,0,0,0,0,-0.0109858481*J2^4+0,0.0126853647*J2^4+0,0.0126853647*J2^4+0,-0.0146477975*J2^4+0,0,0,0,0,0,-0.0078125000*J2^4+0,0,0.0090210980*J2^4+0,0,0,0,0,0,-0.0078125000*J2^4+0,0,0.0090210980*J2^4+0,0,0,0,0,0,-0.0055242717*J2^4+0,0,0.0063788795*J2^4+0,0,0,0,0,0,0.0078125000*J2^4+0,0,-0.0090210980*J2^4+0,0,0,0,0,0,0.0078125000*J2^4+0,0,-0.0090210980*J2^4+0,0,0,0,0,0,-0.0055242717*J2^4+0,0,0.0063788795*J2^4+0,0,0,0,0,0,0,0,0,0,-0.0027518061*J2^4+0,0,0.0031775120*J2^4+0,0,0.0031775120*J2^4+0,0,-0.0036690748*J2^4+0,0,-0.0072238186*J2^4+0,0,0.0083413472*J2^4+0,0,0.0083413472*J2^4+0,0,-0.0096317581*J2^4+0},
{0,0,0,0,-0.0089699074*J2^4+0,0.0103575569*J2^4+0,0.0103575569*J2^4+0,-0.0119598765*J2^4+0,0,0,0,0,0.0089699074*J2^4+0,-0.0103575569*J2^4+0,-0.0103575569*J2^4+0,0.0119598765*J2^4+0,0,0,0,0,-0.0063426824*J2^4+0,0.0073238987*J2^4+0,0.0073238987*J2^4+0,-0.0084569098*J2^4+0,0,0,0,0,-0.0078125000*J2^4+0,-0.0090210980*J2^4+0,0.0090210980*J2^4+0,0.0104166667*J2^4+0,0,0,0,0,-0.0078125000*J2^4+0,-0.0090210980*J2^4+0,0.0090210980*J2^4+0,0.0104166667*J2^4+0,0,0,0,0,-0.0055242717*J2^4+0,-0.0063788795*J2^4+0,0.0063788795*J2^4+0,0.0073656956*J2^4+0,0,0,0,0,0.0078125000*J2^4+0,0.0090210980*J2^4+0,-0.0090210980*J2^4+0,-0.0104166667*J2^4+0,0,0,0,0,0.0078125000*J2^4+0,0.0090210980*J2^4+0,-0.0090210980*J2^4+0,-0.0104166667*J2^4+0,0,0,0,0,-0.0055242717*J2^4+0,-0.0063788795*J2^4+0,0.0063788795*J2^4+0,0.0073656956*J2^4+0,0,0,0,0,0,0,0,0,-0.0027518061*J2^4+0,-0.0031775120*J2^4+0,0.0031775120*J2^4+0,0.0036690748*J2^4+0,0.0031775120*J2^4+0,0.0036690748*J2^4+0,-0.0036690748*J2^4+0,-0.0042366827*J2^4+0,-0.0072238186*J2^4+0,-0.0083413472*J2^4+0,0.0083413472*J2^4+0,0.0096317581*J2^4+0,0.0083413472*J2^4+0,0.0096317581*J2^4+0,-0.0096317581*J2^4+0,-0.0111217963*J2^4+0},
{0,0,0,0,0,0,0,0,0,0,0,0,0,0,0,0,0,0,0,0,0,0,0,0.0109858481*J2^4+0,0,0,0,0,0,0,0,0,0,0,0,0,0,0,0,0,0,0,0,0,0,0,0,-0.0095683193*J2^4+0,0,0,0,0,0,0,0,0,0,0,0,0,0,0,0,0,0,0,0,0,0,0,0,-0.0095683193*J2^4+0,0,0,0,0,0,0,0,-0.0027518061*J2^4+0,0,0,0,0,0,0,0,0,0,0,0,0,0,0,0,0.0072238186*J2^4+0},
{0,0,0,0,0,0,0,0.0089699074*J2^4+0,0,0,0,0,0,0,0,-0.0089699074*J2^4+0,0,0,0,0,0,0,0,0.0063426824*J2^4+0,0,0,0,0,0,0,0,0,0,0,0,0,0,0,0,0,0,0,0,0,0,0,-0.0095683193*J2^4+0,-0.0110485435*J2^4+0,0,0,0,0,0,0,0,0,0,0,0,0,0,0,0,0,0,0,0,0,0,0,-0.0095683193*J2^4+0,-0.0110485435*J2^4+0,0,0,0,0,0,0,-0.0027518061*J2^4+0,-0.0031775120*J2^4+0,0,0,0,0,0,0,0,0,0,0,0,0,0,0,0.0072238186*J2^4+0,0.0083413472*J2^4+0},
{0,0,0,0,0,0,0,0,0,0,0,0,0,0,0,0,0,0,0,0,0,0,0.0109858481*J2^4+0,-0.0126853647*J2^4+0,0,0,0,0,0,0,0,0.0078125000*J2^4+0,0,0,0,0,0,0,0,0.0078125000*J2^4+0,0,0,0,0,0,0,0,0.0055242717*J2^4+0,0,0,0,0,0,0,0,0,0,0,0,0,0,0,0,0,0,0,0,0,0,-0.0095683193*J2^4+0,0,0.0110485435*J2^4+0,0,0,0,0,0,-0.0027518061*J2^4+0,0,0.0031775120*J2^4+0,0,0,0,0,0,0,0,0,0,0,0,0,0,0.0072238186*J2^4+0,0,-0.0083413472*J2^4+0},
{0,0,0,0,0,0,0.0089699074*J2^4+0,-0.0103575569*J2^4+0,0,0,0,0,0,0,-0.0089699074*J2^4+0,0.0103575569*J2^4+0,0,0,0,0,0,0,0.0063426824*J2^4+0,-0.0073238987*J2^4+0,0,0,0,0,0,0,0.0078125000*J2^4+0,0.0090210980*J2^4+0,0,0,0,0,0,0,0.0078125000*J2^4+0,0.0090210980*J2^4+0,0,0,0,0,0,0,0.0055242717*J2^4+0,0.0063788795*J2^4+0,0,0,0,0,0,0,0,0,0,0,0,0,0,0,0,0,0,0,0,0,-0.0095683193*J2^4+0,-0.0110485435*J2^4+0,0.0110485435*J2^4+0,0.0127577591*J2^4+0,0,0,0,0,-0.0027518061*J2^4+0,-0.0031775120*J2^4+0,0.0031775120*J2^4+0,0.0036690748*J2^4+0,0,0,0,0,0,0,0,0,0,0,0,0,0.0072238186*J2^4+0,0.0083413472*J2^4+0,-0.0083413472*J2^4+0,-0.0096317581*J2^4+0},
{0,0,0,0,0,0,0,0,0,0,0,0,0,0,0,0,0,0,0,0,0,0.0109858481*J2^4+0,0,-0.0126853647*J2^4+0,0,0,0,0,0,0,0,0,0,0,0,0,0,0,0,0,0,0,0,0,0,-0.0095683193*J2^4+0,0,0.0110485435*J2^4+0,0,0,0,0,0,0,0,-0.0078125000*J2^4+0,0,0,0,0,0,0,0,-0.0078125000*J2^4+0,0,0,0,0,0,0,0,0.0055242717*J2^4+0,0,0,0,-0.0027518061*J2^4+0,0,0,0,0.0031775120*J2^4+0,0,0,0,0,0,0,0,0,0,0,0,0.0072238186*J2^4+0,0,0,0,-0.0083413472*J2^4+0},
{0,0,0,0,0,0.0089699074*J2^4+0,0,-0.0103575569*J2^4+0,0,0,0,0,0,-0.0089699074*J2^4+0,0,0.0103575569*J2^4+0,0,0,0,0,0,0.0063426824*J2^4+0,0,-0.0073238987*J2^4+0,0,0,0,0,0,0,0,0,0,0,0,0,0,0,0,0,0,0,0,0,-0.0095683193*J2^4+0,-0.0110485435*J2^4+0,0.0110485435*J2^4+0,0.0127577591*J2^4+0,0,0,0,0,0,0,-0.0078125000*J2^4+0,-0.0090210980*J2^4+0,0,0,0,0,0,0,-0.0078125000*J2^4+0,-0.0090210980*J2^4+0,0,0,0,0,0,0,0.0055242717*J2^4+0,0.0063788795*J2^4+0,0,0,-0.0027518061*J2^4+0,-0.0031775120*J2^4+0,0,0,0.0031775120*J2^4+0,0.0036690748*J2^4+0,0,0,0,0,0,0,0,0,0,0,0.0072238186*J2^4+0,0.0083413472*J2^4+0,0,0,-0.0083413472*J2^4+0,-0.0096317581*J2^4+0},
{0,0,0,0,0,0,0,0,0,0,0,0,0,0,0,0,0,0,0,0,0.0109858481*J2^4+0,-0.0126853647*J2^4+0,-0.0126853647*J2^4+0,0.0146477975*J2^4+0,0,0,0,0,0,0.0078125000*J2^4+0,0,-0.0090210980*J2^4+0,0,0,0,0,0,0.0078125000*J2^4+0,0,-0.0090210980*J2^4+0,0,0,0,0,0,0.0055242717*J2^4+0,0,-0.0063788795*J2^4+0,0,0,0,0,0,-0.0078125000*J2^4+0,0,0.0090210980*J2^4+0,0,0,0,0,0,-0.0078125000*J2^4+0,0,0.0090210980*J2^4+0,0,0,0,0,0,0.0055242717*J2^4+0,0,-0.0063788795*J2^4+0,0,-0.0027518061*J2^4+0,0,0.0031775120*J2^4+0,0,0.0031775120*J2^4+0,0,-0.0036690748*J2^4+0,0,0,0,0,0,0,0,0,0,0.0072238186*J2^4+0,0,-0.0083413472*J2^4+0,0,-0.0083413472*J2^4+0,0,0.0096317581*J2^4+0},
{0,0,0,0,0.0089699074*J2^4+0,-0.0103575569*J2^4+0,-0.0103575569*J2^4+0,0.0119598765*J2^4+0,0,0,0,0,-0.0089699074*J2^4+0,0.0103575569*J2^4+0,0.0103575569*J2^4+0,-0.0119598765*J2^4+0,0,0,0,0,0.0063426824*J2^4+0,-0.0073238987*J2^4+0,-0.0073238987*J2^4+0,0.0084569098*J2^4+0,0,0,0,0,0.0078125000*J2^4+0,0.0090210980*J2^4+0,-0.0090210980*J2^4+0,-0.0104166667*J2^4+0,0,0,0,0,0.0078125000*J2^4+0,0.0090210980*J2^4+0,-0.0090210980*J2^4+0,-0.0104166667*J2^4+0,0,0,0,0,0.0055242717*J2^4+0,0.0063788795*J2^4+0,-0.0063788795*J2^4+0,-0.0073656956*J2^4+0,0,0,0,0,-0.0078125000*J2^4+0,-0.0090210980*J2^4+0,0.0090210980*J2^4+0,0.0104166667*J2^4+0,0,0,0,0,-0.0078125000*J2^4+0,-0.0090210980*J2^4+0,0.0090210980*J2^4+0,0.0104166667*J2^4+0,0,0,0,0,0.0055242717*J2^4+0,0.0063788795*J2^4+0,-0.0063788795*J2^4+0,-0.0073656956*J2^4+0,-0.0027518061*J2^4+0,-0.0031775120*J2^4+0,0.0031775120*J2^4+0,0.0036690748*J2^4+0,0.0031775120*J2^4+0,0.0036690748*J2^4+0,-0.0036690748*J2^4+0,-0.0042366827*J2^4+0,0,0,0,0,0,0,0,0,0.0072238186*J2^4+0,0.0083413472*J2^4+0,-0.0083413472*J2^4+0,-0.0096317581*J2^4+0,-0.0083413472*J2^4+0,-0.0096317581*J2^4+0,0.0096317581*J2^4+0,0.0111217963*J2^4+0},
{0,0,0,0,0,0,0,0,0,0,0,0,0,0,0,0,0,0,0,0.0134548611*J2^4+0,0,0,0,0.0077681677*J2^4+0,0,0,0,0,0,0,0,0,0,0,0,0,0,0,0,0,0,0,0,-0.0117187500*J2^4+0,0,0,0,-0.0067658235*J2^4+0,0,0,0,0,0,0,0,0,0,0,0,0,0,0,0,0,0,0,0,-0.0117187500*J2^4+0,0,0,0,-0.0067658235*J2^4+0,0,0,0,0,0,0,0,-0.0072238186*J2^4+0,0,0,0,0,0,0,0,0.0072238186*J2^4+0,0,0,0,0,0,0,0,0.0027518061*J2^4+0},
{0,0,0,0.0109858481*J2^4+0,0,0,0,0.0063426824*J2^4+0,0,0,0,-0.0109858481*J2^4+0,0,0,0,-0.0063426824*J2^4+0,0,0,0,0.0077681677*J2^4+0,0,0,0,0.0044849537*J2^4+0,0,0,0,0,0,0,0,0,0,0,0,0,0,0,0,0,0,0,-0.0117187500*J2^4+0,-0.0135316469*J2^4+0,0,0,-0.0067658235*J2^4+0,-0.0078125000*J2^4+0,0,0,0,0,0,0,0,0,0,0,0,0,0,0,0,0,0,0,-0.0117187500*J2^4+0,-0.0135316469*J2^4+0,0,0,-0.0067658235*J2^4+0,-0.0078125000*J2^4+0,0,0,0,0,0,0,-0.0072238186*J2^4+0,-0.0083413472*J2^4+0,0,0,0,0,0,0,0.0072238186*J2^4+0,0.0083413472*J2^4+0,0,0,0,0,0,0,0.0027518061*J2^4+0,0.0031775120*J2^4+0},
{0,0,0,0,0,0,0,0,0,0,0,0,0,0,0,0,0,0,0.0134548611*J2^4+0,-0.0155363354*J2^4+0,0,0,0.0077681677*J2^4+0,-0.0089699074*J2^4+0,0,0,0,0.0095683193*J2^4+0,0,0,0,0.0055242717*J2^4+0,0,0,0,0.0095683193*J2^4+0,0,0,0,0.0055242717*J2^4+0,0,0,0,0.0067658235*J2^4+0,0,0,0,0.0039062500*J2^4+0,0,0,0,0,0,0,0,0,0,0,0,0,0,0,0,0,0,-0.0117187500*J2^4+0,0,0.0135316469*J2^4+0,0,-0.0067658235*J2^4+0,0,0.0078125000*J2^4+0,0,0,0,0,0,-0.0072238186*J2^4+0,0,0.0083413472*J2^4+0,0,0,0,0,0,0.0072238186*J2^4+0,0,-0.0083413472*J2^4+0,0,0,0,0,0,0.0027518061*J2^4+0,0,-0.0031775120*J2^4+0},
{0,0,0.0109858481*J2^4+0,-0.0126853647*J2^4+0,0,0,0.0063426824*J2^4+0,-0.0073238987*J2^4+0,0,0,-0.0109858481*J2^4+0,0.0126853647*J2^4+0,0,0,-0.0063426824*J2^4+0,0.0073238987*J2^4+0,0,0,0.0077681677*J2^4+0,-0.0089699074*J2^4+0,0,0,0.0044849537*J2^4+0,-0.0051787785*J2^4+0,0,0,0.0095683193*J2^4+0,0.0110485435*J2^4+0,0,0,0.0055242717*J2^4+0,0.0063788795*J2^4+0,0,0,0.0095683193*J2^4+0,0.0110485435*J2^4+0,0,0,0.0055242717*J2^4+0,0.0063788795*J2^4+0,0,0,0.0067658235*J2^4+0,0.0078125000*J2^4+0,0,0,0.0039062500*J2^4+0,0.0045105490*J2^4+0,0,0,0,0,0,0,0,0,0,0,0,0,0,0,0,0,-0.0117187500*J2^4+0,-0.0135316469*J2^4+0,0.0135316469*J2^4+0,0.0156250000*J2^4+0,-0.0067658235*J2^4+0,-0.0078125000*J2^4+0,0.0078125000*J2^4+0,0.0090210980*J2^4+0,0,0,0,0,-0.0072238186*J2^4+0,-0.0083413472*J2^4+0,0.0083413472*J2^4+0,0.0096317581*J2^4+0,0,0,0,0,0.0072238186*J2^4+0,0.0083413472*J2^4+0,-0.0083413472*J2^4+0,-0.0096317581*J2^4+0,0,0,0,0,0.0027518061*J2^4+0,0.0031775120*J2^4+0,-0.0031775120*J2^4+0,-0.0036690748*J2^4+0},
{0,0,0,0,0,0,0,0,0,0,0,0,0,0,0,0,0,0.0134548611*J2^4+0,0,-0.0155363354*J2^4+0,0,0.0077681677*J2^4+0,0,-0.0089699074*J2^4+0,0,0,0,0,0,0,0,0,0,0,0,0,0,0,0,0,0,-0.0117187500*J2^4+0,0,0.0135316469*J2^4+0,0,-0.0067658235*J2^4+0,0,0.0078125000*J2^4+0,0,0,0,-0.0095683193*J2^4+0,0,0,0,-0.0055242717*J2^4+0,0,0,0,-0.0095683193*J2^4+0,0,0,0,-0.0055242717*J2^4+0,0,0,0,0.0067658235*J2^4+0,0,0,0,0.0039062500*J2^4+0,0,0,0,-0.0072238186*J2^4+0,0,0,0,0.0083413472*J2^4+0,0,0,0,0.0072238186*J2^4+0,0,0,0,-0.0083413472*J2^4+0,0,0,0,0.0027518061*J2^4+0,0,0,0,-0.0031775120*J2^4+0},
{0,0.0109858481*J2^4+0,0,-0.0126853647*J2^4+0,0,0.0063426824*J2^4+0,0,-0.0073238987*J2^4+0,0,-0.0109858481*J2^4+0,0,0.0126853647*J2^4+0,0,-0.0063426824*J2^4+0,0,0.0073238987*J2^4+0,0,0.0077681677*J2^4+0,0,-0.0089699074*J2^4+0,0,0.0044849537*J2^4+0,0,-0.0051787785*J2^4+0,0,0,0,0,0,0,0,0,0,0,0,0,0,0,0,0,-0.0117187500*J2^4+0,-0.0135316469*J2^4+0,0.0135316469*J2^4+0,0.0156250000*J2^4+0,-0.0067658235*J2^4+0,-0.0078125000*J2^4+0,0.0078125000*J2^4+0,0.0090210980*J2^4+0,0,0,-0.0095683193*J2^4+0,-0.0110485435*J2^4+0,0,0,-0.0055242717*J2^4+0,-0.0063788795*J2^4+0,0,0,-0.0095683193*J2^4+0,-0.0110485435*J2^4+0,0,0,-0.0055242717*J2^4+0,-0.0063788795*J2^4+0,0,0,0.0067658235*J2^4+0,0.0078125000*J2^4+0,0,0,0.0039062500*J2^4+0,0.0045105490*J2^4+0,0,0,-0.0072238186*J2^4+0,-0.0083413472*J2^4+0,0,0,0.0083413472*J2^4+0,0.0096317581*J2^4+0,0,0,0.0072238186*J2^4+0,0.0083413472*J2^4+0,0,0,-0.0083413472*J2^4+0,-0.0096317581*J2^4+0,0,0,0.0027518061*J2^4+0,0.0031775120*J2^4+0,0,0,-0.0031775120*J2^4+0,-0.0036690748*J2^4+0},
{0,0,0,0,0,0,0,0,0,0,0,0,0,0,0,0,0.0134548611*J2^4+0,-0.0155363354*J2^4+0,-0.0155363354*J2^4+0,0.0179398148*J2^4+0,0.0077681677*J2^4+0,-0.0089699074*J2^4+0,-0.0089699074*J2^4+0,0.0103575569*J2^4+0,0,0.0095683193*J2^4+0,0,-0.0110485435*J2^4+0,0,0.0055242717*J2^4+0,0,-0.0063788795*J2^4+0,0,0.0095683193*J2^4+0,0,-0.0110485435*J2^4+0,0,0.0055242717*J2^4+0,0,-0.0063788795*J2^4+0,0,0.0067658235*J2^4+0,0,-0.0078125000*J2^4+0,0,0.0039062500*J2^4+0,0,-0.0045105490*J2^4+0,0,-0.0095683193*J2^4+0,0,0.0110485435*J2^4+0,0,-0.0055242717*J2^4+0,0,0.0063788795*J2^4+0,0,-0.0095683193*J2^4+0,0,0.0110485435*J2^4+0,0,-0.0055242717*J2^4+0,0,0.0063788795*J2^4+0,0,0.0067658235*J2^4+0,0,-0.0078125000*J2^4+0,0,0.0039062500*J2^4+0,0,-0.0045105490*J2^4+0,0,-0.0072238186*J2^4+0,0,0.0083413472*J2^4+0,0,0.0083413472*J2^4+0,0,-0.0096317581*J2^4+0,0,0.0072238186*J2^4+0,0,-0.0083413472*J2^4+0,0,-0.0083413472*J2^4+0,0,0.0096317581*J2^4+0,0,0.0027518061*J2^4+0,0,-0.0031775120*J2^4+0,0,-0.0031775120*J2^4+0,0,0.0036690748*J2^4+0},
{0.0109858481*J2^4+0,-0.0126853647*J2^4+0,-0.0126853647*J2^4+0,0.0146477975*J2^4+0,0.0063426824*J2^4+0,-0.0073238987*J2^4+0,-0.0073238987*J2^4+0,0.0084569098*J2^4+0,-0.0109858481*J2^4+0,0.0126853647*J2^4+0,0.0126853647*J2^4+0,-0.0146477975*J2^4+0,-0.0063426824*J2^4+0,0.0073238987*J2^4+0,0.0073238987*J2^4+0,-0.0084569098*J2^4+0,0.0077681677*J2^4+0,-0.0089699074*J2^4+0,-0.0089699074*J2^4+0,0.0103575569*J2^4+0,0.0044849537*J2^4+0,-0.0051787785*J2^4+0,-0.0051787785*J2^4+0,0.0059799383*J2^4+0,0.0095683193*J2^4+0,0.0110485435*J2^4+0,-0.0110485435*J2^4+0,-0.0127577591*J2^4+0,0.0055242717*J2^4+0,0.0063788795*J2^4+0,-0.0063788795*J2^4+0,-0.0073656956*J2^4+0,0.0095683193*J2^4+0,0.0110485435*J2^4+0,-0.0110485435*J2^4+0,-0.0127577591*J2^4+0,0.0055242717*J2^4+0,0.0063788795*J2^4+0,-0.0063788795*J2^4+0,-0.0073656956*J2^4+0,0.0067658235*J2^4+0,0.0078125000*J2^4+0,-0.0078125000*J2^4+0,-0.0090210980*J2^4+0,0.0039062500*J2^4+0,0.0045105490*J2^4+0,-0.0045105490*J2^4+0,-0.0052083333*J2^4+0,-0.0095683193*J2^4+0,-0.0110485435*J2^4+0,0.0110485435*J2^4+0,0.0127577591*J2^4+0,-0.0055242717*J2^4+0,-0.0063788795*J2^4+0,0.0063788795*J2^4+0,0.0073656956*J2^4+0,-0.0095683193*J2^4+0,-0.0110485435*J2^4+0,0.0110485435*J2^4+0,0.0127577591*J2^4+0,-0.0055242717*J2^4+0,-0.0063788795*J2^4+0,0.0063788795*J2^4+0,0.0073656956*J2^4+0,0.0067658235*J2^4+0,0.0078125000*J2^4+0,-0.0078125000*J2^4+0,-0.0090210980*J2^4+0,0.0039062500*J2^4+0,0.0045105490*J2^4+0,-0.0045105490*J2^4+0,-0.0052083333*J2^4+0,-0.0072238186*J2^4+0,-0.0083413472*J2^4+0,0.0083413472*J2^4+0,0.0096317581*J2^4+0,0.0083413472*J2^4+0,0.0096317581*J2^4+0,-0.0096317581*J2^4+0,-0.0111217963*J2^4+0,0.0072238186*J2^4+0,0.0083413472*J2^4+0,-0.0083413472*J2^4+0,-0.0096317581*J2^4+0,-0.0083413472*J2^4+0,-0.0096317581*J2^4+0,0.0096317581*J2^4+0,0.0111217963*J2^4+0,0.0027518061*J2^4+0,0.0031775120*J2^4+0,-0.0031775120*J2^4+0,-0.0036690748*J2^4+0,-0.0031775120*J2^4+0,-0.0036690748*J2^4+0,0.0036690748*J2^4+0,0.0042366827*J2^4+0}
}