36
{{0,0,0,0,0,0,0,0,0,0,0,0,0,0,0,0,0,0,0,0,0,0,0,0,0,0,0,0,0.0185185185*J1^1*J2^2+0,-0.0360843918*J1^2*J2^1+-0.0614771120*J1^1*J2^2+-0.0360843918*J2^3+0,0.0053458358*J1^2*J2^1+0.0053458358*J2^3+0,-0.0177469136*J1^2*J2^1+-0.0416666667*J1^1*J2^2+-0.0177469136*J2^3+0,0,0,0,0},
{0,0,0,0,0,0,0,0,0,0,0,0,0,0,0,0,0,0,0,0,0,0,0,0,0,0,0,0,0.0053458358*J1^2*J2^1+0.0053458358*J2^3+0,-0.0177469136*J1^2*J2^1+-0.0416666667*J1^1*J2^2+-0.0177469136*J2^3+0,-0.0061728395*J1^2*J2^1+0.0185185185*J1^1*J2^2+-0.0061728395*J2^3+0,-0.0155920212*J1^2*J2^1+-0.0133645896*J1^1*J2^2+-0.0155920212*J2^3+0,0,0,0,0},
{0,0,0,0,0,0,0,0,0,0,0,0,0,0,0,0,0,0,0,0,0,0,0,0,-0.0106916717*J1^1*J2^2+0,0.0208333333*J1^2*J2^1+0.0354938272*J1^1*J2^2+0.0208333333*J2^3+0,-0.0030864198*J1^2*J2^1+-0.0030864198*J2^3+0,0.0102461853*J1^2*J2^1+0.0240562612*J1^1*J2^2+0.0102461853*J2^3+0,0,0,0,0,0.0151203071*J1^1*J2^2+0,-0.0294627825*J1^2*J2^1+-0.0501958518*J1^1*J2^2+-0.0294627825*J2^3+0,0.0043648567*J1^2*J2^1+0.0043648567*J2^3+0,-0.0144902943*J1^2*J2^1+-0.0340206909*J1^1*J2^2+-0.0144902943*J2^3+0},
{0,0,0,0,0,0,0,0,0,0,0,0,0,0,0,0,0,0,0,0,0,0,0,0,-0.0030864198*J1^2*J2^1+-0.0030864198*J2^3+0,0.0102461853*J1^2*J2^1+0.0240562612*J1^1*J2^2+0.0102461853*J2^3+0,0.0035638906*J1^2*J2^1+-0.0106916717*J1^1*J2^2+0.0035638906*J2^3+0,0.0090020576*J1^2*J2^1+0.0077160494*J1^1*J2^2+0.0090020576*J2^3+0,0,0,0,0,0.0043648567*J1^2*J2^1+0.0043648567*J2^3+0,-0.0144902943*J1^2*J2^1+-0.0340206909*J1^1*J2^2+-0.0144902943*J2^3+0,-0.0050401024*J1^2*J2^1+0.0151203071*J1^1*J2^2+-0.0050401024*J2^3+0,-0.0127308320*J1^2*J2^1+-0.0109121417*J1^1*J2^2+-0.0127308320*J2^3+0},
{0,0,0,0,0,0,0,0,0,0,0,0,0,0,0,0,0,0,0,0,0,0,0,0,0,0,0,0,0.0532407407*J1^2*J2^1+0.0532407407*J2^3+0,-0.0053458358*J1^2*J2^1+-0.0721687836*J1^1*J2^2+-0.0053458358*J2^3+0,0.0614771120*J1^1*J2^2+0,-0.0208333333*J1^2*J2^1+-0.0061728395*J1^1*J2^2+-0.0208333333*J2^3+0,0,0,0,0},
{0,0,0,0,0,0,0,0,0,0,0,0,0,0,0,0,0,0,0,0,0,0,0,0,0,0,0,0,0.0614771120*J1^1*J2^2+0,-0.0208333333*J1^2*J2^1+-0.0061728395*J1^1*J2^2+-0.0208333333*J2^3+0,0.0532407407*J1^2*J2^1+-0.0709876543*J1^1*J2^2+0.0532407407*J2^3+0,0.0187104254*J1^2*J2^1+-0.0650410025*J1^1*J2^2+0.0187104254*J2^3+0,0,0,0,0},
{0,0,0,0,0,0,0,0,0,0,0,0,0,0,0,0,0,0,0,0,0,0,0,0,-0.0307385560*J1^2*J2^1+-0.0307385560*J2^3+0,0.0030864198*J1^2*J2^1+0.0416666667*J1^1*J2^2+0.0030864198*J2^3+0,-0.0354938272*J1^1*J2^2+0,0.0120281306*J1^2*J2^1+0.0035638906*J1^1*J2^2+0.0120281306*J2^3+0,0,0,0,0,0.0434708828*J1^2*J2^1+0.0434708828*J2^3+0,-0.0043648567*J1^2*J2^1+-0.0589255651*J1^1*J2^2+-0.0043648567*J2^3+0,0.0501958518*J1^1*J2^2+0,-0.0170103454*J1^2*J2^1+-0.0050401024*J1^1*J2^2+-0.0170103454*J2^3+0},
{0,0,0,0,0,0,0,0,0,0,0,0,0,0,0,0,0,0,0,0,0,0,0,0,-0.0354938272*J1^1*J2^2+0,0.0120281306*J1^2*J2^1+0.0035638906*J1^1*J2^2+0.0120281306*J2^3+0,-0.0307385560*J1^2*J2^1+0.0409847413*J1^1*J2^2+-0.0307385560*J2^3+0,-0.0108024691*J1^2*J2^1+0.0375514403*J1^1*J2^2+-0.0108024691*J2^3+0,0,0,0,0,0.0501958518*J1^1*J2^2+0,-0.0170103454*J1^2*J2^1+-0.0050401024*J1^1*J2^2+-0.0170103454*J2^3+0,0.0434708828*J1^2*J2^1+-0.0579611770*J1^1*J2^2+0.0434708828*J2^3+0,0.0152769984*J1^2*J2^1+-0.0531057562*J1^1*J2^2+0.0152769984*J2^3+0},
{0,0,0,0,0,0,0,0,0,0,0,0,0,0,0,0,0,0,0,0,0,0,0,0,0,0,0,0,0.0065472850*J1^2*J2^1+0.0752937776*J1^1*J2^2+0.0065472850*J2^3+0,-0.0472509595*J1^2*J2^1+-0.0585911898*J1^1*J2^2+-0.0472509595*J2^3+0,0.0217354414*J1^2*J2^1+0.0075601535*J1^1*J2^2+0.0217354414*J2^3+0,-0.0169138196*J1^2*J2^1+-0.0545607084*J1^1*J2^2+-0.0169138196*J2^3+0,0,0,0,0},
{0,0,0,0,0,0,0,0,0,0,0,0,0,0,0,0,0,0,0,0,0,0,0,0,0,0,0,0,0.0217354414*J1^2*J2^1+0.0075601535*J1^1*J2^2+0.0217354414*J2^3+0,-0.0169138196*J1^2*J2^1+-0.0545607084*J1^1*J2^2+-0.0169138196*J2^3+0,-0.0185506409*J1^2*J2^1+0.0665640643*J1^1*J2^2+-0.0185506409*J2^3+0,-0.0277205629*J1^2*J2^1+0.0044100896*J1^1*J2^2+-0.0277205629*J2^3+0,0,0,0,0},
{0,0,0,0,0,0,0,0,0,0,0,0,0,0,0,0,0,0,0,0,0,0,0,0,-0.0037800768*J1^2*J2^1+-0.0434708828*J1^1*J2^2+-0.0037800768*J2^3+0,0.0272803542*J1^2*J2^1+0.0338276392*J1^1*J2^2+0.0272803542*J2^3+0,-0.0125489629*J1^2*J2^1+-0.0043648567*J1^1*J2^2+-0.0125489629*J2^3+0,0.0097651983*J1^2*J2^1+0.0315006397*J1^1*J2^2+0.0097651983*J2^3+0,0,0,0,0,0.0053458358*J1^2*J2^1+0.0614771120*J1^1*J2^2+0.0053458358*J2^3+0,-0.0385802469*J1^2*J2^1+-0.0478395062*J1^1*J2^2+-0.0385802469*J2^3+0,0.0177469136*J1^2*J2^1+0.0061728395*J1^1*J2^2+0.0177469136*J2^3+0,-0.0138100759*J1^2*J2^1+-0.0445486319*J1^1*J2^2+-0.0138100759*J2^3+0},
{0,0,0,0,0,0,0,0,0,0,0,0,0,0,0,0,0,0,0,0,0,0,0,0,-0.0125489629*J1^2*J2^1+-0.0043648567*J1^1*J2^2+-0.0125489629*J2^3+0,0.0097651983*J1^2*J2^1+0.0315006397*J1^1*J2^2+0.0097651983*J2^3+0,0.0107102175*J1^2*J2^1+-0.0384307804*J1^1*J2^2+0.0107102175*J2^3+0,0.0160044745*J1^2*J2^1+-0.0025461664*J1^1*J2^2+0.0160044745*J2^3+0,0,0,0,0,0.0177469136*J1^2*J2^1+0.0061728395*J1^1*J2^2+0.0177469136*J2^3+0,-0.0138100759*J1^2*J2^1+-0.0445486319*J1^1*J2^2+-0.0138100759*J2^3+0,-0.0151465348*J1^2*J2^1+0.0543493309*J1^1*J2^2+-0.0151465348*J2^3+0,-0.0226337449*J1^2*J2^1+0.0036008230*J1^1*J2^2+-0.0226337449*J2^3+0},
{0,0,0,0,0,0,0,0,0,0,0,0,0,0,0,0,0,0,0,0,0,0,0,0,0,0,0,0,-0.0390625000*J1^2*J2^1+0,-0.0180421959*J1^1*J2^2+-0.0045105490*J2^3+0,-0.0225527449*J2^3+0,0.0234375000*J1^2*J2^1+-0.0104166667*J1^1*J2^2+-0.0260416667*J2^3+0,0,0,0,0},
{0,0,0,0,0,0,0,0,0,0,0,0,0,0,0,0,0,0,0,0,0,0,0,0,0,0,0,0,-0.0180421959*J1^1*J2^2+-0.0045105490*J2^3+0,-0.0390625000*J1^2*J2^1+0.0208333333*J1^1*J2^2+0.0052083333*J2^3+0,0.0234375000*J1^2*J2^1+-0.0104166667*J1^1*J2^2+-0.0260416667*J2^3+0,-0.0270632939*J1^2*J2^1+0.0120281306*J1^1*J2^2+0.0075175816*J2^3+0,0,0,0,0},
{0,0,0,0,0,0,0,0,0,0,0,0,0,0,0,0,0,0,0,0,0,0,0,0,0.0225527449*J1^2*J2^1+0,0.0104166667*J1^1*J2^2+0.0026041667*J2^3+0,0.0130208333*J2^3+0,-0.0135316469*J1^2*J2^1+0.0060140653*J1^1*J2^2+0.0150351633*J2^3+0,0,0,0,0,-0.0318943977*J1^2*J2^1+0,-0.0147313913*J1^1*J2^2+-0.0036828478*J2^3+0,-0.0184142391*J2^3+0,0.0191366386*J1^2*J2^1+-0.0085051727*J1^1*J2^2+-0.0212629318*J2^3+0},
{0,0,0,0,0,0,0,0,0,0,0,0,0,0,0,0,0,0,0,0,0,0,0,0,0.0104166667*J1^1*J2^2+0.0026041667*J2^3+0,0.0225527449*J1^2*J2^1+-0.0120281306*J1^1*J2^2+-0.0030070327*J2^3+0,-0.0135316469*J1^2*J2^1+0.0060140653*J1^1*J2^2+0.0150351633*J2^3+0,0.0156250000*J1^2*J2^1+-0.0069444444*J1^1*J2^2+-0.0043402778*J2^3+0,0,0,0,0,-0.0147313913*J1^1*J2^2+-0.0036828478*J2^3+0,-0.0318943977*J1^2*J2^1+0.0170103454*J1^1*J2^2+0.0042525864*J2^3+0,0.0191366386*J1^2*J2^1+-0.0085051727*J1^1*J2^2+-0.0212629318*J2^3+0,-0.0220970869*J1^2*J2^1+0.0098209275*J1^1*J2^2+0.0061380797*J2^3+0},
{0,0,0,0,0,0,0,0,0,0,0,0,0,0,0,0,0,0,0,0,0,0,0,0,0,0,0,0,0.0390625000*J2^3+0,0.0045105490*J1^2*J2^1+0.0180421959*J1^1*J2^2+0,0.0225527449*J1^2*J2^1+0,0.0260416667*J1^2*J2^1+0.0104166667*J1^1*J2^2+-0.0234375000*J2^3+0,0,0,0,0},
{0,0,0,0,0,0,0,0,0,0,0,0,0,0,0,0,0,0,0,0,0,0,0,0,0,0,0,0,0.0045105490*J1^2*J2^1+0.0180421959*J1^1*J2^2+0,-0.0052083333*J1^2*J2^1+-0.0208333333*J1^1*J2^2+0.0390625000*J2^3+0,0.0260416667*J1^2*J2^1+0.0104166667*J1^1*J2^2+-0.0234375000*J2^3+0,-0.0075175816*J1^2*J2^1+-0.0120281306*J1^1*J2^2+0.0270632939*J2^3+0,0,0,0,0},
{0,0,0,0,0,0,0,0,0,0,0,0,0,0,0,0,0,0,0,0,0,0,0,0,-0.0225527449*J2^3+0,-0.0026041667*J1^2*J2^1+-0.0104166667*J1^1*J2^2+0,-0.0130208333*J1^2*J2^1+0,-0.0150351633*J1^2*J2^1+-0.0060140653*J1^1*J2^2+0.0135316469*J2^3+0,0,0,0,0,0.0318943977*J2^3+0,0.0036828478*J1^2*J2^1+0.0147313913*J1^1*J2^2+0,0.0184142391*J1^2*J2^1+0,0.0212629318*J1^2*J2^1+0.0085051727*J1^1*J2^2+-0.0191366386*J2^3+0},
{0,0,0,0,0,0,0,0,0,0,0,0,0,0,0,0,0,0,0,0,0,0,0,0,-0.0026041667*J1^2*J2^1+-0.0104166667*J1^1*J2^2+0,0.0030070327*J1^2*J2^1+0.0120281306*J1^1*J2^2+-0.0225527449*J2^3+0,-0.0150351633*J1^2*J2^1+-0.0060140653*J1^1*J2^2+0.0135316469*J2^3+0,0.0043402778*J1^2*J2^1+0.0069444444*J1^1*J2^2+-0.0156250000*J2^3+0,0,0,0,0,0.0036828478*J1^2*J2^1+0.0147313913*J1^1*J2^2+0,-0.0042525864*J1^2*J2^1+-0.0170103454*J1^1*J2^2+0.0318943977*J2^3+0,0.0212629318*J1^2*J2^1+0.0085051727*J1^1*J2^2+-0.0191366386*J2^3+0,-0.0061380797*J1^2*J2^1+-0.0098209275*J1^1*J2^2+0.0220970869*J2^3+0},
{0,0,0,0,0,0,0,0,0,0,0,0,0,0,0,0,0,0,0,0,0,0,0,0,0,0,0,0,0,0.0318943977*J1^2*J2^1+-0.0318943977*J2^3+0,-0.0318943977*J1^2*J2^1+0.0318943977*J2^3+0,-0.0147313913*J1^2*J2^1+0.0147313913*J2^3+0,0,0,0,0},
{0,0,0,0,0,0,0,0,0,0,0,0,0,0,0,0,0,0,0,0,0,0,0,0,0,0,0,0,0.0318943977*J1^2*J2^1+-0.0318943977*J2^3+0,-0.0368284782*J1^2*J2^1+0.0368284782*J2^3+0,-0.0147313913*J1^2*J2^1+0.0147313913*J2^3+0,-0.0148840523*J1^2*J2^1+0.0148840523*J2^3+0,0,0,0,0},
{0,0,0,0,0,0,0,0,0,0,0,0,0,0,0,0,0,0,0,0,0,0,0,0,0,-0.0184142391*J1^2*J2^1+0.0184142391*J2^3+0,0.0184142391*J1^2*J2^1+-0.0184142391*J2^3+0,0.0085051727*J1^2*J2^1+-0.0085051727*J2^3+0,0,0,0,0,0,0.0260416667*J1^2*J2^1+-0.0260416667*J2^3+0,-0.0260416667*J1^2*J2^1+0.0260416667*J2^3+0,-0.0120281306*J1^2*J2^1+0.0120281306*J2^3+0},
{0,0,0,0,0,0,0,0,0,0,0,0,0,0,0,0,0,0,0,0,0,0,0,0,-0.0184142391*J1^2*J2^1+0.0184142391*J2^3+0,0.0212629318*J1^2*J2^1+-0.0212629318*J2^3+0,0.0085051727*J1^2*J2^1+-0.0085051727*J2^3+0,0.0085933116*J1^2*J2^1+-0.0085933116*J2^3+0,0,0,0,0,0.0260416667*J1^2*J2^1+-0.0260416667*J2^3+0,-0.0300703265*J1^2*J2^1+0.0300703265*J2^3+0,-0.0120281306*J1^2*J2^1+0.0120281306*J2^3+0,-0.0121527778*J1^2*J2^1+0.0121527778*J2^3+0},
{0,0,0.0190445401*J1^1*J2^2+0,0.0054976852*J1^2*J2^1+0.0054976852*J2^3+0,0,0,-0.0185433680*J1^2*J2^1+-0.0185433680*J2^3+0,-0.0214120370*J1^1*J2^2+0,0,0,0.0003543822*J1^2*J2^1+0.0120489947*J1^1*J2^2+0.0003543822*J2^3+0,0.0034782452*J1^2*J2^1+0.0004092053*J1^1*J2^2+0.0034782452*J2^3+0,0,0,0.0045105490*J1^2*J2^1+0,0.0104166667*J1^1*J2^2+-0.0078125000*J2^3+0,0,0,-0.0045105490*J2^3+0,0.0078125000*J1^2*J2^1+-0.0104166667*J1^1*J2^2+0,0,0,0,-0.0036828478*J1^2*J2^1+0.0036828478*J2^3+0,0,0,0,0,0,0,0,0,0,0,0,0},
{0,0,0.0104166667*J1^2*J2^1+-0.0098379630*J1^1*J2^2+0.0104166667*J2^3+0,-0.0028399753*J1^2*J2^1+0.0120281306*J1^1*J2^2+-0.0028399753*J2^3+0,0,0,-0.0002893519*J1^2*J2^1+-0.0208333333*J1^1*J2^2+-0.0002893519*J2^3+0,-0.0060140653*J1^2*J2^1+-0.0003341147*J1^1*J2^2+-0.0060140653*J2^3+0,0,0,0.0149359939*J1^2*J2^1+-0.0225062922*J1^1*J2^2+0.0149359939*J2^3+0,-0.0064970069*J1^2*J2^1+0.0172466002*J1^1*J2^2+-0.0064970069*J2^3+0,0,0,0.0104166667*J1^1*J2^2+-0.0078125000*J2^3+0,0.0045105490*J1^2*J2^1+-0.0120281306*J1^1*J2^2+0.0090210980*J2^3+0,0,0,0.0078125000*J1^2*J2^1+-0.0104166667*J1^1*J2^2+0,-0.0090210980*J1^2*J2^1+0.0120281306*J1^1*J2^2+-0.0045105490*J2^3+0,0,0,-0.0036828478*J1^2*J2^1+0.0036828478*J2^3+0,0.0042525864*J1^2*J2^1+-0.0042525864*J2^3+0,0,0,0,0,0,0,0,0,0,0,0,0},
{0,0,0.0054976852*J1^2*J2^1+0.0054976852*J2^3+0,-0.0063481800*J1^2*J2^1+0.0190445401*J1^1*J2^2+-0.0063481800*J2^3+0,0,0,-0.0214120370*J1^1*J2^2+0,-0.0185433680*J1^2*J2^1+0.0247244907*J1^1*J2^2+-0.0185433680*J2^3+0,0,0,0.0034782452*J1^2*J2^1+0.0004092053*J1^1*J2^2+0.0034782452*J2^3+0,-0.0036619494*J1^2*J2^1+0.0115764851*J1^1*J2^2+-0.0036619494*J2^3+0,0,0,0.0026041667*J2^3+0,-0.0075175816*J1^2*J2^1+0.0060140653*J1^1*J2^2+0.0030070327*J2^3+0,0,0,-0.0026041667*J1^2*J2^1+0,-0.0030070327*J1^2*J2^1+-0.0060140653*J1^1*J2^2+0.0075175816*J2^3+0,0,0,0.0036828478*J1^2*J2^1+-0.0036828478*J2^3+0,0.0085051727*J1^2*J2^1+-0.0085051727*J2^3+0,0,0,0,0,0,0,0,0,0,0,0,0},
{0,0,-0.0028399753*J1^2*J2^1+0.0120281306*J1^1*J2^2+-0.0028399753*J2^3+0,0.0136959877*J1^2*J2^1+-0.0237268519*J1^1*J2^2+0.0136959877*J2^3+0,0,0,-0.0060140653*J1^2*J2^1+-0.0003341147*J1^1*J2^2+-0.0060140653*J2^3+0,0.0066550926*J1^2*J2^1+-0.0204475309*J1^1*J2^2+0.0066550926*J2^3+0,0,0,-0.0064970069*J1^2*J2^1+0.0172466002*J1^1*J2^2+-0.0064970069*J2^3+0,0.0224380913*J1^2*J2^1+-0.0424209508*J1^1*J2^2+0.0224380913*J2^3+0,0,0,-0.0075175816*J1^2*J2^1+0.0060140653*J1^1*J2^2+0.0030070327*J2^3+0,0.0086805556*J1^2*J2^1+-0.0069444444*J1^1*J2^2+-0.0008680556*J2^3+0,0,0,-0.0030070327*J1^2*J2^1+-0.0060140653*J1^1*J2^2+0.0075175816*J2^3+0,0.0008680556*J1^2*J2^1+0.0069444444*J1^1*J2^2+-0.0086805556*J2^3+0,0,0,0.0085051727*J1^2*J2^1+-0.0085051727*J2^3+0,-0.0061380797*J1^2*J2^1+0.0061380797*J2^3+0,0,0,0,0,0,0,0,0,0,0,0,0},
{-0.0329861111*J1^1*J2^2+0,-0.0095222701*J1^2*J2^1+-0.0095222701*J2^3+0,0,0,0.0321180556*J1^2*J2^1+0.0321180556*J2^3+0,0.0370867360*J1^1*J2^2+0,0,0,-0.0006138080*J1^2*J2^1+-0.0208694710*J1^1*J2^2+-0.0006138080*J2^3+0,-0.0060244973*J1^2*J2^1+-0.0007087644*J1^1*J2^2+-0.0060244973*J2^3+0,0,0,-0.0078125000*J1^2*J2^1+0,-0.0180421959*J1^1*J2^2+0.0135316469*J2^3+0,0,0,0.0078125000*J2^3+0,-0.0135316469*J1^2*J2^1+0.0180421959*J1^1*J2^2+0,0,0,0,0.0063788795*J1^2*J2^1+-0.0063788795*J2^3+0,0,0,0,0,0,0,0,0,0,0,0,0,0,0},
{-0.0180421959*J1^2*J2^1+0.0170398517*J1^1*J2^2+-0.0180421959*J2^3+0,0.0049189815*J1^2*J2^1+-0.0208333333*J1^1*J2^2+0.0049189815*J2^3+0,0,0,0.0005011721*J1^2*J2^1+0.0360843918*J1^1*J2^2+0.0005011721*J2^3+0,0.0104166667*J1^2*J2^1+0.0005787037*J1^1*J2^2+0.0104166667*J2^3+0,0,0,-0.0258699004*J1^2*J2^1+0.0389820416*J1^1*J2^2+-0.0258699004*J2^3+0,0.0112531461*J1^2*J2^1+-0.0298719879*J1^1*J2^2+0.0112531461*J2^3+0,0,0,-0.0180421959*J1^1*J2^2+0.0135316469*J2^3+0,-0.0078125000*J1^2*J2^1+0.0208333333*J1^1*J2^2+-0.0156250000*J2^3+0,0,0,-0.0135316469*J1^2*J2^1+0.0180421959*J1^1*J2^2+0,0.0156250000*J1^2*J2^1+-0.0208333333*J1^1*J2^2+0.0078125000*J2^3+0,0,0,0.0063788795*J1^2*J2^1+-0.0063788795*J2^3+0,-0.0073656956*J1^2*J2^1+0.0073656956*J2^3+0,0,0,0,0,0,0,0,0,0,0,0,0,0,0},
{-0.0095222701*J1^2*J2^1+-0.0095222701*J2^3+0,0.0109953704*J1^2*J2^1+-0.0329861111*J1^1*J2^2+0.0109953704*J2^3+0,0,0,0.0370867360*J1^1*J2^2+0,0.0321180556*J1^2*J2^1+-0.0428240741*J1^1*J2^2+0.0321180556*J2^3+0,0,0,-0.0060244973*J1^2*J2^1+-0.0007087644*J1^1*J2^2+-0.0060244973*J2^3+0,0.0063426824*J1^2*J2^1+-0.0200510603*J1^1*J2^2+0.0063426824*J2^3+0,0,0,-0.0045105490*J2^3+0,0.0130208333*J1^2*J2^1+-0.0104166667*J1^1*J2^2+-0.0052083333*J2^3+0,0,0,0.0045105490*J1^2*J2^1+0,0.0052083333*J1^2*J2^1+0.0104166667*J1^1*J2^2+-0.0130208333*J2^3+0,0,0,-0.0063788795*J1^2*J2^1+0.0063788795*J2^3+0,-0.0147313913*J1^2*J2^1+0.0147313913*J2^3+0,0,0,0,0,0,0,0,0,0,0,0,0,0,0},
{0.0049189815*J1^2*J2^1+-0.0208333333*J1^1*J2^2+0.0049189815*J2^3+0,-0.0237221465*J1^2*J2^1+0.0410961129*J1^1*J2^2+-0.0237221465*J2^3+0,0,0,0.0104166667*J1^2*J2^1+0.0005787037*J1^1*J2^2+0.0104166667*J2^3+0,-0.0115269585*J1^2*J2^1+0.0354161623*J1^1*J2^2+-0.0115269585*J2^3+0,0,0,0.0112531461*J1^2*J2^1+-0.0298719879*J1^1*J2^2+0.0112531461*J2^3+0,-0.0388639142*J1^2*J2^1+0.0734752421*J1^1*J2^2+-0.0388639142*J2^3+0,0,0,0.0130208333*J1^2*J2^1+-0.0104166667*J1^1*J2^2+-0.0052083333*J2^3+0,-0.0150351633*J1^2*J2^1+0.0120281306*J1^1*J2^2+0.0015035163*J2^3+0,0,0,0.0052083333*J1^2*J2^1+0.0104166667*J1^1*J2^2+-0.0130208333*J2^3+0,-0.0015035163*J1^2*J2^1+-0.0120281306*J1^1*J2^2+0.0150351633*J2^3+0,0,0,-0.0147313913*J1^2*J2^1+0.0147313913*J2^3+0,0.0106314659*J1^2*J2^1+-0.0106314659*J2^3+0,0,0,0,0,0,0,0,0,0,0,0,0,0,0},
{0,0,-0.0269330469*J1^1*J2^2+0,-0.0077749010*J1^2*J2^1+-0.0077749010*J2^3+0,0,0,0.0262242825*J1^2*J2^1+0.0262242825*J2^3+0,0.0302811932*J1^1*J2^2+0,0,0,-0.0005011721*J1^2*J2^1+-0.0170398517*J1^1*J2^2+-0.0005011721*J2^3+0,-0.0049189815*J1^2*J2^1+-0.0005787037*J1^1*J2^2+-0.0049189815*J2^3+0,0,0,-0.0063788795*J1^2*J2^1+0,-0.0147313913*J1^1*J2^2+0.0110485435*J2^3+0,0,0,0.0063788795*J2^3+0,-0.0110485435*J1^2*J2^1+0.0147313913*J1^1*J2^2+0,0,0,0,0.0052083333*J1^2*J2^1+-0.0052083333*J2^3+0,0,0,0,0,0,0,0,0,0,0,0,0},
{0,0,-0.0147313913*J1^2*J2^1+0.0139129806*J1^1*J2^2+-0.0147313913*J2^3+0,0.0040163316*J1^2*J2^1+-0.0170103454*J1^1*J2^2+0.0040163316*J2^3+0,0,0,0.0004092053*J1^2*J2^1+0.0294627825*J1^1*J2^2+0.0004092053*J2^3+0,0.0085051727*J1^2*J2^1+0.0004725096*J1^1*J2^2+0.0085051727*J2^3+0,0,0,-0.0211226852*J1^2*J2^1+0.0318287037*J1^1*J2^2+-0.0211226852*J2^3+0,0.0091881553*J1^2*J2^1+-0.0243903760*J1^1*J2^2+0.0091881553*J2^3+0,0,0,-0.0147313913*J1^1*J2^2+0.0110485435*J2^3+0,-0.0063788795*J1^2*J2^1+0.0170103454*J1^1*J2^2+-0.0127577591*J2^3+0,0,0,-0.0110485435*J1^2*J2^1+0.0147313913*J1^1*J2^2+0,0.0127577591*J1^2*J2^1+-0.0170103454*J1^1*J2^2+0.0063788795*J2^3+0,0,0,0.0052083333*J1^2*J2^1+-0.0052083333*J2^3+0,-0.0060140653*J1^2*J2^1+0.0060140653*J2^3+0,0,0,0,0,0,0,0,0,0,0,0,0},
{0,0,-0.0077749010*J1^2*J2^1+-0.0077749010*J2^3+0,0.0089776823*J1^2*J2^1+-0.0269330469*J1^1*J2^2+0.0089776823*J2^3+0,0,0,0.0302811932*J1^1*J2^2+0,0.0262242825*J1^2*J2^1+-0.0349657101*J1^1*J2^2+0.0262242825*J2^3+0,0,0,-0.0049189815*J1^2*J2^1+-0.0005787037*J1^1*J2^2+-0.0049189815*J2^3+0,0.0051787785*J1^2*J2^1+-0.0163716222*J1^1*J2^2+0.0051787785*J2^3+0,0,0,-0.0036828478*J2^3+0,0.0106314659*J1^2*J2^1+-0.0085051727*J1^1*J2^2+-0.0042525864*J2^3+0,0,0,0.0036828478*J1^2*J2^1+0,0.0042525864*J1^2*J2^1+0.0085051727*J1^1*J2^2+-0.0106314659*J2^3+0,0,0,-0.0052083333*J1^2*J2^1+0.0052083333*J2^3+0,-0.0120281306*J1^2*J2^1+0.0120281306*J2^3+0,0,0,0,0,0,0,0,0,0,0,0,0},
{0,0,0.0040163316*J1^2*J2^1+-0.0170103454*J1^1*J2^2+0.0040163316*J2^3+0,-0.0193690515*J1^2*J2^1+0.0335548357*J1^1*J2^2+-0.0193690515*J2^3+0,0,0,0.0085051727*J1^2*J2^1+0.0004725096*J1^1*J2^2+0.0085051727*J2^3+0,-0.0094117222*J1^2*J2^1+0.0289171755*J1^1*J2^2+-0.0094117222*J2^3+0,0,0,0.0091881553*J1^2*J2^1+-0.0243903760*J1^1*J2^2+0.0091881553*J2^3+0,-0.0317322531*J1^2*J2^1+0.0599922840*J1^1*J2^2+-0.0317322531*J2^3+0,0,0,0.0106314659*J1^2*J2^1+-0.0085051727*J1^1*J2^2+-0.0042525864*J2^3+0,-0.0122761594*J1^2*J2^1+0.0098209275*J1^1*J2^2+0.0012276159*J2^3+0,0,0,0.0042525864*J1^2*J2^1+0.0085051727*J1^1*J2^2+-0.0106314659*J2^3+0,-0.0012276159*J1^2*J2^1+-0.0098209275*J1^1*J2^2+0.0122761594*J2^3+0,0,0,-0.0120281306*J1^2*J2^1+0.0120281306*J2^3+0,0.0086805556*J1^2*J2^1+-0.0086805556*J2^3+0,0,0,0,0,0,0,0,0,0,0,0,0}
}