96
{{0,0,0,0,0,0,0,0,0,0,0,0,0,0,0,0,0,0,0,0,0,0,0,0,0,0,0,0,0,0,0,0,0,0,0,0,0,0,0,0,0,0,0,0,0,0,0,0,0,0,0,0,0,0,0,0,0,0,0,0,0,0,0,0,0,0,0,0,0,0,0,0,0,0.0073296421*J1^2*J2^2+0.0043226094*J1^1*J2^3+0,0,0.0105251736*J1^2*J2^2+-0.0189887153*J1^1*J2^3+0.0147569444*J2^4+0,0,0.0042317708*J1^1*J2^3+0.0024956597*J2^4+0,0,-0.0085199258*J1^2*J2^2+0.0145966377*J1^1*J2^3+-0.0024432140*J2^4+0,0,0,0,0,0,0,0,0,0,0,0,0,0,0,0,0},
{0,0,0,0,0,0,0,0,0,0,0,0,0,0,0,0,0,0,0,0,0,0,0,0,0,0,0,0,0,0,0,0,0,0,0,0,0,0,0,0,0,0,0,0,0,0,0,0,0,0,0,0,0,0,0,0,0,0,0,0,0,0,0,0,0,0,0,0,0,0,0,0,0,-0.0105251736*J1^2*J2^2+0.0189887153*J1^1*J2^3+-0.0147569444*J2^4+0,0,-0.0024432140*J1^2*J2^2+-0.0014408698*J1^1*J2^3+0,0,0.0085199258*J1^2*J2^2+-0.0145966377*J1^1*J2^3+0.0024432140*J2^4+0,0,-0.0014105903*J1^1*J2^3+-0.0008318866*J2^4+0,0,0,0,0,0,0,0,0,0,0,0,0,0,0,0,0},
{0,0,0,0,0,0,0,0,0,0,0,0,0,0,0,0,0,0,0,0,0,0,0,0,0,0,0,0,0,0,0,0,0,0,0,0,0,0,0,0,0,0,0,0,0,0,0,0,0,0,0,0,0,0,0,0,0,0,0,0,0,0,0,0,0,0,0,0,0,0,0,0,0,0.0042317708*J1^1*J2^3+0.0024956597*J2^4+0,0,-0.0085199258*J1^2*J2^2+0.0145966377*J1^1*J2^3+-0.0024432140*J2^4+0,0,0.0073296421*J1^2*J2^2+-0.0005638186*J1^1*J2^3+-0.0028817396*J2^4+0,0,0.0203631366*J1^2*J2^2+-0.0358434606*J1^1*J2^3+0.0175781250*J2^4+0,0,0,0,0,0,0,0,0,0,0,0,0,0,0,0,0},
{0,0,0,0,0,0,0,0,0,0,0,0,0,0,0,0,0,0,0,0,0,0,0,0,0,0,0,0,0,0,0,0,0,0,0,0,0,0,0,0,0,0,0,0,0,0,0,0,0,0,0,0,0,0,0,0,0,0,0,0,0,0,0,0,0,0,0,0,0,0,0,0,0,0.0085199258*J1^2*J2^2+-0.0145966377*J1^1*J2^3+0.0024432140*J2^4+0,0,-0.0014105903*J1^1*J2^3+-0.0008318866*J2^4+0,0,-0.0203631366*J1^2*J2^2+0.0358434606*J1^1*J2^3+-0.0175781250*J2^4+0,0,-0.0024432140*J1^2*J2^2+0.0001879395*J1^1*J2^3+0.0009605799*J2^4+0,0,0,0,0,0,0,0,0,0,0,0,0,0,0,0,0},
{0,0,0,0,0,0,0,0,0,0,0,0,0,0,0,0,0,0,0,0,0,0,0,0,0,0,0,0,0,0,0,0,0,0,0,0,0,0,0,0,0,0,0,0,0,0,0,0,0,0,0,0,0,0,0,0,0,0,0,0,0,0,0,0,0,0,0,0,0,0,0,0,0,0,0,0,0,0,0,0,0,-0.0042317708*J1^2*J2^2+-0.0024956597*J1^1*J2^3+0,0,-0.0060767118*J1^2*J2^2+0.0109631399*J1^1*J2^3+-0.0085199258*J2^4+0,0,-0.0024432140*J1^1*J2^3+-0.0014408698*J2^4+0,0,0.0049189815*J1^2*J2^2+-0.0084273727*J1^1*J2^3+0.0014105903*J2^4+0,0,-0.0059846277*J1^2*J2^2+-0.0035293958*J1^1*J2^3+0,0,-0.0085937683*J1^2*J2^2+0.0155042211*J1^1*J2^3+-0.0120489947*J2^4+0,0,-0.0034552264*J1^1*J2^3+-0.0020376976*J2^4+0,0,0.0069564903*J1^2*J2^2+-0.0119181047*J1^1*J2^3+0.0019948759*J2^4+0},
{0,0,0,0,0,0,0,0,0,0,0,0,0,0,0,0,0,0,0,0,0,0,0,0,0,0,0,0,0,0,0,0,0,0,0,0,0,0,0,0,0,0,0,0,0,0,0,0,0,0,0,0,0,0,0,0,0,0,0,0,0,0,0,0,0,0,0,0,0,0,0,0,0,0,0,0,0,0,0,0,0,0.0060767118*J1^2*J2^2+-0.0109631399*J1^1*J2^3+0.0085199258*J2^4+0,0,0.0014105903*J1^2*J2^2+0.0008318866*J1^1*J2^3+0,0,-0.0049189815*J1^2*J2^2+0.0084273727*J1^1*J2^3+-0.0014105903*J2^4+0,0,0.0008144047*J1^1*J2^3+0.0004802899*J2^4+0,0,0.0085937683*J1^2*J2^2+-0.0155042211*J1^1*J2^3+0.0120489947*J2^4+0,0,0.0019948759*J1^2*J2^2+0.0011764653*J1^1*J2^3+0,0,-0.0069564903*J1^2*J2^2+0.0119181047*J1^1*J2^3+-0.0019948759*J2^4+0,0,0.0011517421*J1^1*J2^3+0.0006792325*J2^4+0},
{0,0,0,0,0,0,0,0,0,0,0,0,0,0,0,0,0,0,0,0,0,0,0,0,0,0,0,0,0,0,0,0,0,0,0,0,0,0,0,0,0,0,0,0,0,0,0,0,0,0,0,0,0,0,0,0,0,0,0,0,0,0,0,0,0,0,0,0,0,0,0,0,0,0,0,0,0,0,0,0,0,-0.0024432140*J1^1*J2^3+-0.0014408698*J2^4+0,0,0.0049189815*J1^2*J2^2+-0.0084273727*J1^1*J2^3+0.0014105903*J2^4+0,0,-0.0042317708*J1^2*J2^2+0.0003255208*J1^1*J2^3+0.0016637731*J2^4+0,0,-0.0117566624*J1^2*J2^2+0.0206942317*J1^1*J2^3+-0.0101487352*J2^4+0,0,-0.0034552264*J1^1*J2^3+-0.0020376976*J2^4+0,0,0.0069564903*J1^2*J2^2+-0.0119181047*J1^1*J2^3+0.0019948759*J2^4+0,0,-0.0059846277*J1^2*J2^2+0.0004603560*J1^1*J2^3+0.0023529306*J2^4+0,0,-0.0166264314*J1^2*J2^2+0.0292660631*J1^1*J2^3+-0.0143524790*J2^4+0},
{0,0,0,0,0,0,0,0,0,0,0,0,0,0,0,0,0,0,0,0,0,0,0,0,0,0,0,0,0,0,0,0,0,0,0,0,0,0,0,0,0,0,0,0,0,0,0,0,0,0,0,0,0,0,0,0,0,0,0,0,0,0,0,0,0,0,0,0,0,0,0,0,0,0,0,0,0,0,0,0,0,-0.0049189815*J1^2*J2^2+0.0084273727*J1^1*J2^3+-0.0014105903*J2^4+0,0,0.0008144047*J1^1*J2^3+0.0004802899*J2^4+0,0,0.0117566624*J1^2*J2^2+-0.0206942317*J1^1*J2^3+0.0101487352*J2^4+0,0,0.0014105903*J1^2*J2^2+-0.0001085069*J1^1*J2^3+-0.0005545910*J2^4+0,0,-0.0069564903*J1^2*J2^2+0.0119181047*J1^1*J2^3+-0.0019948759*J2^4+0,0,0.0011517421*J1^1*J2^3+0.0006792325*J2^4+0,0,0.0166264314*J1^2*J2^2+-0.0292660631*J1^1*J2^3+0.0143524790*J2^4+0,0,0.0019948759*J1^2*J2^2+-0.0001534520*J1^1*J2^3+-0.0007843102*J2^4+0},
{0,0,0,0,0,0,0,0,0,0,0,0,0,0,0,0,0,0,0,0,0,0,0,0,0,0,0,0,0,0,0,0,0,0,0,0,0,0,0,0,0,0,0,0,0,0,0,0,0,0,0,0,0,0,0,0,0,0,0,0,0,0,0,0,0,0,0,0,0,0,0,0,-0.0126953125*J1^2*J2^2+0,-0.0043226094*J1^1*J2^3+0,0.0146592842*J1^1*J2^3+-0.0073296421*J2^4+0,-0.0105251736*J1^2*J2^2+0.0105251736*J1^1*J2^3+-0.0105251736*J2^4+0,-0.0073296421*J1^1*J2^3+0,-0.0024956597*J2^4+0,0.0042317708*J1^2*J2^2+-0.0042317708*J1^1*J2^3+0.0042317708*J2^4+0,0.0060767118*J1^2*J2^2+-0.0121534236*J1^1*J2^3+0,0,0,0,0,0,0,0,0,0,0,0,0,0,0,0,0},
{0,0,0,0,0,0,0,0,0,0,0,0,0,0,0,0,0,0,0,0,0,0,0,0,0,0,0,0,0,0,0,0,0,0,0,0,0,0,0,0,0,0,0,0,0,0,0,0,0,0,0,0,0,0,0,0,0,0,0,0,0,0,0,0,0,0,0,0,0,0,0,0,-0.0146592842*J1^1*J2^3+0.0073296421*J2^4+0,0.0105251736*J1^2*J2^2+-0.0105251736*J1^1*J2^3+0.0105251736*J2^4+0,0.0042317708*J1^2*J2^2+0,0.0014408698*J1^1*J2^3+0,-0.0042317708*J1^2*J2^2+0.0042317708*J1^1*J2^3+-0.0042317708*J2^4+0,-0.0060767118*J1^2*J2^2+0.0121534236*J1^1*J2^3+0,0.0024432140*J1^1*J2^3+0,0.0008318866*J2^4+0,0,0,0,0,0,0,0,0,0,0,0,0,0,0,0,0},
{0,0,0,0,0,0,0,0,0,0,0,0,0,0,0,0,0,0,0,0,0,0,0,0,0,0,0,0,0,0,0,0,0,0,0,0,0,0,0,0,0,0,0,0,0,0,0,0,0,0,0,0,0,0,0,0,0,0,0,0,0,0,0,0,0,0,0,0,0,0,0,0,-0.0073296421*J1^1*J2^3+0,-0.0024956597*J2^4+0,0.0042317708*J1^2*J2^2+-0.0042317708*J1^1*J2^3+0.0042317708*J2^4+0,0.0060767118*J1^2*J2^2+-0.0121534236*J1^1*J2^3+0,-0.0126953125*J1^2*J2^2+0.0084635417*J1^1*J2^3+0,-0.0043226094*J1^1*J2^3+0.0028817396*J2^4+0,-0.0048864281*J1^2*J2^2+0.0195457122*J1^1*J2^3+-0.0122160701*J2^4+0,-0.0175419560*J1^2*J2^2+0.0245587384*J1^1*J2^3+-0.0105251736*J2^4+0,0,0,0,0,0,0,0,0,0,0,0,0,0,0,0,0},
{0,0,0,0,0,0,0,0,0,0,0,0,0,0,0,0,0,0,0,0,0,0,0,0,0,0,0,0,0,0,0,0,0,0,0,0,0,0,0,0,0,0,0,0,0,0,0,0,0,0,0,0,0,0,0,0,0,0,0,0,0,0,0,0,0,0,0,0,0,0,0,0,-0.0042317708*J1^2*J2^2+0.0042317708*J1^1*J2^3+-0.0042317708*J2^4+0,-0.0060767118*J1^2*J2^2+0.0121534236*J1^1*J2^3+0,0.0024432140*J1^1*J2^3+0,0.0008318866*J2^4+0,0.0048864281*J1^2*J2^2+-0.0195457122*J1^1*J2^3+0.0122160701*J2^4+0,0.0175419560*J1^2*J2^2+-0.0245587384*J1^1*J2^3+0.0105251736*J2^4+0,0.0042317708*J1^2*J2^2+-0.0028211806*J1^1*J2^3+0,0.0014408698*J1^1*J2^3+-0.0009605799*J2^4+0,0,0,0,0,0,0,0,0,0,0,0,0,0,0,0,0},
{0,0,0,0,0,0,0,0,0,0,0,0,0,0,0,0,0,0,0,0,0,0,0,0,0,0,0,0,0,0,0,0,0,0,0,0,0,0,0,0,0,0,0,0,0,0,0,0,0,0,0,0,0,0,0,0,0,0,0,0,0,0,0,0,0,0,0,0,0,0,0,0,0,0,0,0,0,0,0,0,0.0073296421*J1^2*J2^2+0,0.0024956597*J1^1*J2^3+0,-0.0084635417*J1^1*J2^3+0.0042317708*J2^4+0,0.0060767118*J1^2*J2^2+-0.0060767118*J1^1*J2^3+0.0060767118*J2^4+0,0.0042317708*J1^1*J2^3+0,0.0014408698*J2^4+0,-0.0024432140*J1^2*J2^2+0.0024432140*J1^1*J2^3+-0.0024432140*J2^4+0,-0.0035083912*J1^2*J2^2+0.0070167824*J1^1*J2^3+0,0.0103656793*J1^2*J2^2+0,0.0035293958*J1^1*J2^3+0,-0.0119692554*J1^1*J2^3+0.0059846277*J2^4+0,0.0085937683*J1^2*J2^2+-0.0085937683*J1^1*J2^3+0.0085937683*J2^4+0,0.0059846277*J1^1*J2^3+0,0.0020376976*J2^4+0,-0.0034552264*J1^2*J2^2+0.0034552264*J1^1*J2^3+-0.0034552264*J2^4+0,-0.0049616144*J1^2*J2^2+0.0099232288*J1^1*J2^3+0},
{0,0,0,0,0,0,0,0,0,0,0,0,0,0,0,0,0,0,0,0,0,0,0,0,0,0,0,0,0,0,0,0,0,0,0,0,0,0,0,0,0,0,0,0,0,0,0,0,0,0,0,0,0,0,0,0,0,0,0,0,0,0,0,0,0,0,0,0,0,0,0,0,0,0,0,0,0,0,0,0,0.0084635417*J1^1*J2^3+-0.0042317708*J2^4+0,-0.0060767118*J1^2*J2^2+0.0060767118*J1^1*J2^3+-0.0060767118*J2^4+0,-0.0024432140*J1^2*J2^2+0,-0.0008318866*J1^1*J2^3+0,0.0024432140*J1^2*J2^2+-0.0024432140*J1^1*J2^3+0.0024432140*J2^4+0,0.0035083912*J1^2*J2^2+-0.0070167824*J1^1*J2^3+0,-0.0014105903*J1^1*J2^3+0,-0.0004802899*J2^4+0,0.0119692554*J1^1*J2^3+-0.0059846277*J2^4+0,-0.0085937683*J1^2*J2^2+0.0085937683*J1^1*J2^3+-0.0085937683*J2^4+0,-0.0034552264*J1^2*J2^2+0,-0.0011764653*J1^1*J2^3+0,0.0034552264*J1^2*J2^2+-0.0034552264*J1^1*J2^3+0.0034552264*J2^4+0,0.0049616144*J1^2*J2^2+-0.0099232288*J1^1*J2^3+0,-0.0019948759*J1^1*J2^3+0,-0.0006792325*J2^4+0},
{0,0,0,0,0,0,0,0,0,0,0,0,0,0,0,0,0,0,0,0,0,0,0,0,0,0,0,0,0,0,0,0,0,0,0,0,0,0,0,0,0,0,0,0,0,0,0,0,0,0,0,0,0,0,0,0,0,0,0,0,0,0,0,0,0,0,0,0,0,0,0,0,0,0,0,0,0,0,0,0,0.0042317708*J1^1*J2^3+0,0.0014408698*J2^4+0,-0.0024432140*J1^2*J2^2+0.0024432140*J1^1*J2^3+-0.0024432140*J2^4+0,-0.0035083912*J1^2*J2^2+0.0070167824*J1^1*J2^3+0,0.0073296421*J1^2*J2^2+-0.0048864281*J1^1*J2^3+0,0.0024956597*J1^1*J2^3+-0.0016637731*J2^4+0,0.0028211806*J1^2*J2^2+-0.0112847222*J1^1*J2^3+0.0070529514*J2^4+0,0.0101278530*J1^2*J2^2+-0.0141789942*J1^1*J2^3+0.0060767118*J2^4+0,0.0059846277*J1^1*J2^3+0,0.0020376976*J2^4+0,-0.0034552264*J1^2*J2^2+0.0034552264*J1^1*J2^3+-0.0034552264*J2^4+0,-0.0049616144*J1^2*J2^2+0.0099232288*J1^1*J2^3+0,0.0103656793*J1^2*J2^2+-0.0069104528*J1^1*J2^3+0,0.0035293958*J1^1*J2^3+-0.0023529306*J2^4+0,0.0039897518*J1^2*J2^2+-0.0159590072*J1^1*J2^3+0.0099743795*J2^4+0,0.0143229471*J1^2*J2^2+-0.0200521260*J1^1*J2^3+0.0085937683*J2^4+0},
{0,0,0,0,0,0,0,0,0,0,0,0,0,0,0,0,0,0,0,0,0,0,0,0,0,0,0,0,0,0,0,0,0,0,0,0,0,0,0,0,0,0,0,0,0,0,0,0,0,0,0,0,0,0,0,0,0,0,0,0,0,0,0,0,0,0,0,0,0,0,0,0,0,0,0,0,0,0,0,0,0.0024432140*J1^2*J2^2+-0.0024432140*J1^1*J2^3+0.0024432140*J2^4+0,0.0035083912*J1^2*J2^2+-0.0070167824*J1^1*J2^3+0,-0.0014105903*J1^1*J2^3+0,-0.0004802899*J2^4+0,-0.0028211806*J1^2*J2^2+0.0112847222*J1^1*J2^3+-0.0070529514*J2^4+0,-0.0101278530*J1^2*J2^2+0.0141789942*J1^1*J2^3+-0.0060767118*J2^4+0,-0.0024432140*J1^2*J2^2+0.0016288094*J1^1*J2^3+0,-0.0008318866*J1^1*J2^3+0.0005545910*J2^4+0,0.0034552264*J1^2*J2^2+-0.0034552264*J1^1*J2^3+0.0034552264*J2^4+0,0.0049616144*J1^2*J2^2+-0.0099232288*J1^1*J2^3+0,-0.0019948759*J1^1*J2^3+0,-0.0006792325*J2^4+0,-0.0039897518*J1^2*J2^2+0.0159590072*J1^1*J2^3+-0.0099743795*J2^4+0,-0.0143229471*J1^2*J2^2+0.0200521260*J1^1*J2^3+-0.0085937683*J2^4+0,-0.0034552264*J1^2*J2^2+0.0023034843*J1^1*J2^3+0,-0.0011764653*J1^1*J2^3+0.0007843102*J2^4+0},
{0,0,0,0,0,0,0,0,0,0,0,0,0,0,0,0,0,0,0,0,0,0,0,0,0,0,0,0,0,0,0,0,0,0,0,0,0,0,0,0,0,0,0,0,0,0,0,0,0,0,0,0,0,0,0,0,0,0,0,0,0,0,0,0,0,0,0,0,0,0,0,0,0.0052940937*J1^1*J2^3+0,0.0103656793*J1^2*J2^2+0.0030565464*J1^1*J2^3+0,0.0128906524*J1^2*J2^2+-0.0128906524*J1^1*J2^3+0.0128906524*J2^4+0,0.0074424216*J1^2*J2^2+-0.0194116770*J1^1*J2^3+0.0134270493*J2^4+0,0.0030565464*J2^4+0,0.0059846277*J1^1*J2^3+0.0017646979*J2^4+0,-0.0074424216*J1^2*J2^2+0.0148848433*J1^1*J2^3+0,-0.0077521106*J1^2*J2^2+0.0120489947*J1^1*J2^3+-0.0034552264*J2^4+0,0,0,0,0,0,0,0,0,0,0,0,0,0,0,0,0},
{0,0,0,0,0,0,0,0,0,0,0,0,0,0,0,0,0,0,0,0,0,0,0,0,0,0,0,0,0,0,0,0,0,0,0,0,0,0,0,0,0,0,0,0,0,0,0,0,0,0,0,0,0,0,0,0,0,0,0,0,0,0,0,0,0,0,0,0,0,0,0,0,-0.0128906524*J1^2*J2^2+0.0128906524*J1^1*J2^3+-0.0128906524*J2^4+0,-0.0074424216*J1^2*J2^2+0.0194116770*J1^1*J2^3+-0.0134270493*J2^4+0,-0.0017646979*J1^1*J2^3+0,-0.0034552264*J1^2*J2^2+-0.0010188488*J1^1*J2^3+0,0.0074424216*J1^2*J2^2+-0.0148848433*J1^1*J2^3+0,0.0077521106*J1^2*J2^2+-0.0120489947*J1^1*J2^3+0.0034552264*J2^4+0,-0.0010188488*J2^4+0,-0.0019948759*J1^1*J2^3+-0.0005882326*J2^4+0,0,0,0,0,0,0,0,0,0,0,0,0,0,0,0,0},
{0,0,0,0,0,0,0,0,0,0,0,0,0,0,0,0,0,0,0,0,0,0,0,0,0,0,0,0,0,0,0,0,0,0,0,0,0,0,0,0,0,0,0,0,0,0,0,0,0,0,0,0,0,0,0,0,0,0,0,0,0,0,0,0,0,0,0,0,0,0,0,0,0.0030565464*J2^4+0,0.0059846277*J1^1*J2^3+0.0017646979*J2^4+0,-0.0074424216*J1^2*J2^2+0.0148848433*J1^1*J2^3+0,-0.0077521106*J1^2*J2^2+0.0120489947*J1^1*J2^3+-0.0034552264*J2^4+0,0.0052940937*J1^1*J2^3+-0.0035293958*J2^4+0,0.0103656793*J1^2*J2^2+-0.0038539064*J1^1*J2^3+-0.0020376976*J2^4+0,0.0214844207*J1^2*J2^2+-0.0300781889*J1^1*J2^3+0.0128906524*J2^4+0,0.0163937879*J1^2*J2^2+-0.0333246577*J1^1*J2^3+0.0174168011*J2^4+0,0,0,0,0,0,0,0,0,0,0,0,0,0,0,0,0},
{0,0,0,0,0,0,0,0,0,0,0,0,0,0,0,0,0,0,0,0,0,0,0,0,0,0,0,0,0,0,0,0,0,0,0,0,0,0,0,0,0,0,0,0,0,0,0,0,0,0,0,0,0,0,0,0,0,0,0,0,0,0,0,0,0,0,0,0,0,0,0,0,0.0074424216*J1^2*J2^2+-0.0148848433*J1^1*J2^3+0,0.0077521106*J1^2*J2^2+-0.0120489947*J1^1*J2^3+0.0034552264*J2^4+0,-0.0010188488*J2^4+0,-0.0019948759*J1^1*J2^3+-0.0005882326*J2^4+0,-0.0214844207*J1^2*J2^2+0.0300781889*J1^1*J2^3+-0.0128906524*J2^4+0,-0.0163937879*J1^2*J2^2+0.0333246577*J1^1*J2^3+-0.0174168011*J2^4+0,-0.0017646979*J1^1*J2^3+0.0011764653*J2^4+0,-0.0034552264*J1^2*J2^2+0.0012846355*J1^1*J2^3+0.0006792325*J2^4+0,0,0,0,0,0,0,0,0,0,0,0,0,0,0,0,0},
{0,0,0,0,0,0,0,0,0,0,0,0,0,0,0,0,0,0,0,0,0,0,0,0,0,0,0,0,0,0,0,0,0,0,0,0,0,0,0,0,0,0,0,0,0,0,0,0,0,0,0,0,0,0,0,0,0,0,0,0,0,0,0,0,0,0,0,0,0,0,0,0,0,0,0,0,0,0,0,0,-0.0030565464*J1^1*J2^3+0,-0.0059846277*J1^2*J2^2+-0.0017646979*J1^1*J2^3+0,-0.0074424216*J1^2*J2^2+0.0074424216*J1^1*J2^3+-0.0074424216*J2^4+0,-0.0042968841*J1^2*J2^2+0.0112073370*J1^1*J2^3+-0.0077521106*J2^4+0,-0.0017646979*J2^4+0,-0.0034552264*J1^1*J2^3+-0.0010188488*J2^4+0,0.0042968841*J1^2*J2^2+-0.0085937683*J1^1*J2^3+0,0.0044756831*J1^2*J2^2+-0.0069564903*J1^1*J2^3+0.0019948759*J2^4+0,-0.0043226094*J1^1*J2^3+0,-0.0084635417*J1^2*J2^2+-0.0024956597*J1^1*J2^3+0,-0.0105251736*J1^2*J2^2+0.0105251736*J1^1*J2^3+-0.0105251736*J2^4+0,-0.0060767118*J1^2*J2^2+0.0158495679*J1^1*J2^3+-0.0109631399*J2^4+0,-0.0024956597*J2^4+0,-0.0048864281*J1^1*J2^3+-0.0014408698*J2^4+0,0.0060767118*J1^2*J2^2+-0.0121534236*J1^1*J2^3+0,0.0063295718*J1^2*J2^2+-0.0098379630*J1^1*J2^3+0.0028211806*J2^4+0},
{0,0,0,0,0,0,0,0,0,0,0,0,0,0,0,0,0,0,0,0,0,0,0,0,0,0,0,0,0,0,0,0,0,0,0,0,0,0,0,0,0,0,0,0,0,0,0,0,0,0,0,0,0,0,0,0,0,0,0,0,0,0,0,0,0,0,0,0,0,0,0,0,0,0,0,0,0,0,0,0,0.0074424216*J1^2*J2^2+-0.0074424216*J1^1*J2^3+0.0074424216*J2^4+0,0.0042968841*J1^2*J2^2+-0.0112073370*J1^1*J2^3+0.0077521106*J2^4+0,0.0010188488*J1^1*J2^3+0,0.0019948759*J1^2*J2^2+0.0005882326*J1^1*J2^3+0,-0.0042968841*J1^2*J2^2+0.0085937683*J1^1*J2^3+0,-0.0044756831*J1^2*J2^2+0.0069564903*J1^1*J2^3+-0.0019948759*J2^4+0,0.0005882326*J2^4+0,0.0011517421*J1^1*J2^3+0.0003396163*J2^4+0,0.0105251736*J1^2*J2^2+-0.0105251736*J1^1*J2^3+0.0105251736*J2^4+0,0.0060767118*J1^2*J2^2+-0.0158495679*J1^1*J2^3+0.0109631399*J2^4+0,0.0014408698*J1^1*J2^3+0,0.0028211806*J1^2*J2^2+0.0008318866*J1^1*J2^3+0,-0.0060767118*J1^2*J2^2+0.0121534236*J1^1*J2^3+0,-0.0063295718*J1^2*J2^2+0.0098379630*J1^1*J2^3+-0.0028211806*J2^4+0,0.0008318866*J2^4+0,0.0016288094*J1^1*J2^3+0.0004802899*J2^4+0},
{0,0,0,0,0,0,0,0,0,0,0,0,0,0,0,0,0,0,0,0,0,0,0,0,0,0,0,0,0,0,0,0,0,0,0,0,0,0,0,0,0,0,0,0,0,0,0,0,0,0,0,0,0,0,0,0,0,0,0,0,0,0,0,0,0,0,0,0,0,0,0,0,0,0,0,0,0,0,0,0,-0.0017646979*J2^4+0,-0.0034552264*J1^1*J2^3+-0.0010188488*J2^4+0,0.0042968841*J1^2*J2^2+-0.0085937683*J1^1*J2^3+0,0.0044756831*J1^2*J2^2+-0.0069564903*J1^1*J2^3+0.0019948759*J2^4+0,-0.0030565464*J1^1*J2^3+0.0020376976*J2^4+0,-0.0059846277*J1^2*J2^2+0.0022250539*J1^1*J2^3+0.0011764653*J2^4+0,-0.0124040361*J1^2*J2^2+0.0173656505*J1^1*J2^3+-0.0074424216*J2^4+0,-0.0094649578*J1^2*J2^2+0.0192400001*J1^1*J2^3+-0.0100555948*J2^4+0,-0.0024956597*J2^4+0,-0.0048864281*J1^1*J2^3+-0.0014408698*J2^4+0,0.0060767118*J1^2*J2^2+-0.0121534236*J1^1*J2^3+0,0.0063295718*J1^2*J2^2+-0.0098379630*J1^1*J2^3+0.0028211806*J2^4+0,-0.0043226094*J1^1*J2^3+0.0028817396*J2^4+0,-0.0084635417*J1^2*J2^2+0.0031467014*J1^1*J2^3+0.0016637731*J2^4+0,-0.0175419560*J1^2*J2^2+0.0245587384*J1^1*J2^3+-0.0105251736*J2^4+0,-0.0133854717*J1^2*J2^2+0.0272094691*J1^1*J2^3+-0.0142207586*J2^4+0},
{0,0,0,0,0,0,0,0,0,0,0,0,0,0,0,0,0,0,0,0,0,0,0,0,0,0,0,0,0,0,0,0,0,0,0,0,0,0,0,0,0,0,0,0,0,0,0,0,0,0,0,0,0,0,0,0,0,0,0,0,0,0,0,0,0,0,0,0,0,0,0,0,0,0,0,0,0,0,0,0,-0.0042968841*J1^2*J2^2+0.0085937683*J1^1*J2^3+0,-0.0044756831*J1^2*J2^2+0.0069564903*J1^1*J2^3+-0.0019948759*J2^4+0,0.0005882326*J2^4+0,0.0011517421*J1^1*J2^3+0.0003396163*J2^4+0,0.0124040361*J1^2*J2^2+-0.0173656505*J1^1*J2^3+0.0074424216*J2^4+0,0.0094649578*J1^2*J2^2+-0.0192400001*J1^1*J2^3+0.0100555948*J2^4+0,0.0010188488*J1^1*J2^3+-0.0006792325*J2^4+0,0.0019948759*J1^2*J2^2+-0.0007416846*J1^1*J2^3+-0.0003921551*J2^4+0,-0.0060767118*J1^2*J2^2+0.0121534236*J1^1*J2^3+0,-0.0063295718*J1^2*J2^2+0.0098379630*J1^1*J2^3+-0.0028211806*J2^4+0,0.0008318866*J2^4+0,0.0016288094*J1^1*J2^3+0.0004802899*J2^4+0,0.0175419560*J1^2*J2^2+-0.0245587384*J1^1*J2^3+0.0105251736*J2^4+0,0.0133854717*J1^2*J2^2+-0.0272094691*J1^1*J2^3+0.0142207586*J2^4+0,0.0014408698*J1^1*J2^3+-0.0009605799*J2^4+0,0.0028211806*J1^2*J2^2+-0.0010489005*J1^1*J2^3+-0.0005545910*J2^4+0},
{0,0,0,0,0,0,0,0,0,0,0,0,0,0,0,0,0,0,0,0,0,0,0,0,0,0,0,0,0,0,0,0,0,0,0,0,0,0,0,0,0,0,0,0,0,0,0,0,0,0,0,0,0,0,0,0,0,0,0,0,0,0,0,0,0,0,0,0,0,0,0,0,-0.0283203125*J1^2*J2^2+0.0122130594*J2^4+0,0.0092995269*J1^1*J2^3+0,0,-0.0040710198*J1^2*J2^2+0.0040710198*J2^4+0,-0.0092995269*J1^1*J2^3+0,-0.0040710198*J1^2*J2^2+0.0094401042*J2^4+0,-0.0040710198*J1^2*J2^2+0.0040710198*J2^4+0,0,0,0,0,0,0,0,0,0,0,0,0,0,0,0,0,0},
{0,0,0,0,0,0,0,0,0,0,0,0,0,0,0,0,0,0,0,0,0,0,0,0,0,0,0,0,0,0,0,0,0,0,0,0,0,0,0,0,0,0,0,0,0,0,0,0,0,0,0,0,0,0,0,0,0,0,0,0,0,0,0,0,0,0,0,0,0,0,0,0,0.0092995269*J1^1*J2^3+0,-0.0283203125*J1^2*J2^2+0.0107381687*J1^1*J2^3+0.0122130594*J2^4+0,-0.0040710198*J1^2*J2^2+0.0040710198*J2^4+0,-0.0047008088*J1^2*J2^2+0.0047008088*J2^4+0,-0.0040710198*J1^2*J2^2+0.0094401042*J2^4+0,-0.0047008088*J1^2*J2^2+-0.0092995269*J1^1*J2^3+0.0109004934*J2^4+0,0,-0.0040710198*J1^2*J2^2+0.0040710198*J2^4+0,0,0,0,0,0,0,0,0,0,0,0,0,0,0,0,0},
{0,0,0,0,0,0,0,0,0,0,0,0,0,0,0,0,0,0,0,0,0,0,0,0,0,0,0,0,0,0,0,0,0,0,0,0,0,0,0,0,0,0,0,0,0,0,0,0,0,0,0,0,0,0,0,0,0,0,0,0,0,0,0,0,0,0,0,0,0,0,0,0,-0.0092995269*J1^1*J2^3+0,-0.0040710198*J1^2*J2^2+0.0094401042*J2^4+0,-0.0040710198*J1^2*J2^2+0.0040710198*J2^4+0,0,-0.0283203125*J1^2*J2^2+0.0107381687*J1^1*J2^3+0.0122130594*J2^4+0,0.0047008088*J1^2*J2^2+0.0092995269*J1^1*J2^3+-0.0109004934*J2^4+0,0.0047008088*J1^2*J2^2+-0.0047008088*J2^4+0,-0.0040710198*J1^2*J2^2+0.0040710198*J2^4+0,0,0,0,0,0,0,0,0,0,0,0,0,0,0,0,0},
{0,0,0,0,0,0,0,0,0,0,0,0,0,0,0,0,0,0,0,0,0,0,0,0,0,0,0,0,0,0,0,0,0,0,0,0,0,0,0,0,0,0,0,0,0,0,0,0,0,0,0,0,0,0,0,0,0,0,0,0,0,0,0,0,0,0,0,0,0,0,0,0,-0.0040710198*J1^2*J2^2+0.0094401042*J2^4+0,-0.0047008088*J1^2*J2^2+-0.0092995269*J1^1*J2^3+0.0109004934*J2^4+0,0,-0.0040710198*J1^2*J2^2+0.0040710198*J2^4+0,0.0047008088*J1^2*J2^2+0.0092995269*J1^1*J2^3+-0.0109004934*J2^4+0,-0.0228922861*J1^2*J2^2+0.0214763374*J1^1*J2^3+-0.0003737461*J2^4+0,-0.0040710198*J1^2*J2^2+0.0040710198*J2^4+0,0,0,0,0,0,0,0,0,0,0,0,0,0,0,0,0,0},
{0,0,0,0,0,0,0,0,0,0,0,0,0,0,0,0,0,0,0,0,0,0,0,0,0,0,0,0,0,0,0,0,0,0,0,0,0,0,0,0,0,0,0,0,0,0,0,0,0,0,0,0,0,0,0,0,0,0,0,0,0,0,0,0,0,0,0,0,0,0,0,0,0,0,0,0,0,0,0,0,0.0163507400*J1^2*J2^2+-0.0070512131*J2^4+0,-0.0053690844*J1^1*J2^3+0,0,0.0023504044*J1^2*J2^2+-0.0023504044*J2^4+0,0.0053690844*J1^1*J2^3+0,0.0023504044*J1^2*J2^2+-0.0054502467*J2^4+0,0.0023504044*J1^2*J2^2+-0.0023504044*J2^4+0,0,0.0231234383*J1^2*J2^2+-0.0099719213*J2^4+0,-0.0075930319*J1^1*J2^3+0,0,0.0033239738*J1^2*J2^2+-0.0033239738*J2^4+0,0.0075930319*J1^1*J2^3+0,0.0033239738*J1^2*J2^2+-0.0077078128*J2^4+0,0.0033239738*J1^2*J2^2+-0.0033239738*J2^4+0,0},
{0,0,0,0,0,0,0,0,0,0,0,0,0,0,0,0,0,0,0,0,0,0,0,0,0,0,0,0,0,0,0,0,0,0,0,0,0,0,0,0,0,0,0,0,0,0,0,0,0,0,0,0,0,0,0,0,0,0,0,0,0,0,0,0,0,0,0,0,0,0,0,0,0,0,0,0,0,0,0,0,-0.0053690844*J1^1*J2^3+0,0.0163507400*J1^2*J2^2+-0.0061996846*J1^1*J2^3+-0.0070512131*J2^4+0,0.0023504044*J1^2*J2^2+-0.0023504044*J2^4+0,0.0027140132*J1^2*J2^2+-0.0027140132*J2^4+0,0.0023504044*J1^2*J2^2+-0.0054502467*J2^4+0,0.0027140132*J1^2*J2^2+0.0053690844*J1^1*J2^3+-0.0062934028*J2^4+0,0,0.0023504044*J1^2*J2^2+-0.0023504044*J2^4+0,-0.0075930319*J1^1*J2^3+0,0.0231234383*J1^2*J2^2+-0.0087676780*J1^1*J2^3+-0.0099719213*J2^4+0,0.0033239738*J1^2*J2^2+-0.0033239738*J2^4+0,0.0038381943*J1^2*J2^2+-0.0038381943*J2^4+0,0.0033239738*J1^2*J2^2+-0.0077078128*J2^4+0,0.0038381943*J1^2*J2^2+0.0075930319*J1^1*J2^3+-0.0089002156*J2^4+0,0,0.0033239738*J1^2*J2^2+-0.0033239738*J2^4+0},
{0,0,0,0,0,0,0,0,0,0,0,0,0,0,0,0,0,0,0,0,0,0,0,0,0,0,0,0,0,0,0,0,0,0,0,0,0,0,0,0,0,0,0,0,0,0,0,0,0,0,0,0,0,0,0,0,0,0,0,0,0,0,0,0,0,0,0,0,0,0,0,0,0,0,0,0,0,0,0,0,0.0053690844*J1^1*J2^3+0,0.0023504044*J1^2*J2^2+-0.0054502467*J2^4+0,0.0023504044*J1^2*J2^2+-0.0023504044*J2^4+0,0,0.0163507400*J1^2*J2^2+-0.0061996846*J1^1*J2^3+-0.0070512131*J2^4+0,-0.0027140132*J1^2*J2^2+-0.0053690844*J1^1*J2^3+0.0062934028*J2^4+0,-0.0027140132*J1^2*J2^2+0.0027140132*J2^4+0,0.0023504044*J1^2*J2^2+-0.0023504044*J2^4+0,0.0075930319*J1^1*J2^3+0,0.0033239738*J1^2*J2^2+-0.0077078128*J2^4+0,0.0033239738*J1^2*J2^2+-0.0033239738*J2^4+0,0,0.0231234383*J1^2*J2^2+-0.0087676780*J1^1*J2^3+-0.0099719213*J2^4+0,-0.0038381943*J1^2*J2^2+-0.0075930319*J1^1*J2^3+0.0089002156*J2^4+0,-0.0038381943*J1^2*J2^2+0.0038381943*J2^4+0,0.0033239738*J1^2*J2^2+-0.0033239738*J2^4+0},
{0,0,0,0,0,0,0,0,0,0,0,0,0,0,0,0,0,0,0,0,0,0,0,0,0,0,0,0,0,0,0,0,0,0,0,0,0,0,0,0,0,0,0,0,0,0,0,0,0,0,0,0,0,0,0,0,0,0,0,0,0,0,0,0,0,0,0,0,0,0,0,0,0,0,0,0,0,0,0,0,0.0023504044*J1^2*J2^2+-0.0054502467*J2^4+0,0.0027140132*J1^2*J2^2+0.0053690844*J1^1*J2^3+-0.0062934028*J2^4+0,0,0.0023504044*J1^2*J2^2+-0.0023504044*J2^4+0,-0.0027140132*J1^2*J2^2+-0.0053690844*J1^1*J2^3+0.0062934028*J2^4+0,0.0132168675*J1^2*J2^2+-0.0123993692*J1^1*J2^3+0.0002157824*J2^4+0,0.0023504044*J1^2*J2^2+-0.0023504044*J2^4+0,0,0.0033239738*J1^2*J2^2+-0.0077078128*J2^4+0,0.0038381943*J1^2*J2^2+0.0075930319*J1^1*J2^3+-0.0089002156*J2^4+0,0,0.0033239738*J1^2*J2^2+-0.0033239738*J2^4+0,-0.0038381943*J1^2*J2^2+-0.0075930319*J1^1*J2^3+0.0089002156*J2^4+0,0.0186914733*J1^2*J2^2+-0.0175353561*J1^1*J2^3+0.0003051624*J2^4+0,0.0033239738*J1^2*J2^2+-0.0033239738*J2^4+0,0},
{0,0,0,0,0,0,0,0,0,0,0,0,0,0,0,0,0,0,0,0,0,0,0,0,0,0,0,0,0,0,0,0,0,0,0,0,0,0,0,0,0,0,0,0,0,0,0,0,0,0,0,0,0,0,0,0,0,0,0,0,0,0,0,0,0,0,0,0,0,0,0,0,0,-0.0052135821*J1^2*J2^2+0.0052135821*J2^4+0,-0.0022483138*J1^2*J2^2+-0.0245295904*J1^1*J2^3+0.0174783773*J2^4+0,0.0070810828*J1^2*J2^2+-0.0087930813*J1^1*J2^3+0.0070810828*J2^4+0,-0.0052135821*J1^2*J2^2+0.0052135821*J2^4+0,0,-0.0070810828*J1^2*J2^2+0.0087930813*J1^1*J2^3+-0.0070810828*J2^4+0,-0.0058261258*J1^2*J2^2+0.0081765301*J1^1*J2^3+0.0007494379*J2^4+0,0,0,0,0,0,0,0,0,0,0,0,0,0,0,0,0},
{0,0,0,0,0,0,0,0,0,0,0,0,0,0,0,0,0,0,0,0,0,0,0,0,0,0,0,0,0,0,0,0,0,0,0,0,0,0,0,0,0,0,0,0,0,0,0,0,0,0,0,0,0,0,0,0,0,0,0,0,0,0,0,0,0,0,0,0,0,0,0,0,-0.0052135821*J1^2*J2^2+0.0052135821*J2^4+0,-0.0060201260*J1^2*J2^2+0.0060201260*J2^4+0,0.0070810828*J1^2*J2^2+-0.0087930813*J1^1*J2^3+0.0070810828*J2^4+0,0.0059282164*J1^2*J2^2+-0.0346829661*J1^1*J2^3+0.0256549074*J2^4+0,0,-0.0052135821*J1^2*J2^2+0.0052135821*J2^4+0,-0.0058261258*J1^2*J2^2+0.0081765301*J1^1*J2^3+0.0007494379*J2^4+0,-0.0138085134*J1^2*J2^2+0.0182345250*J1^1*J2^3+-0.0062157064*J2^4+0,0,0,0,0,0,0,0,0,0,0,0,0,0,0,0,0},
{0,0,0,0,0,0,0,0,0,0,0,0,0,0,0,0,0,0,0,0,0,0,0,0,0,0,0,0,0,0,0,0,0,0,0,0,0,0,0,0,0,0,0,0,0,0,0,0,0,0,0,0,0,0,0,0,0,0,0,0,0,0,0,0,0,0,0,0,0,0,0,0,-0.0052135821*J1^2*J2^2+0.0052135821*J2^4+0,0,-0.0070810828*J1^2*J2^2+0.0087930813*J1^1*J2^3+-0.0070810828*J2^4+0,-0.0058261258*J1^2*J2^2+0.0081765301*J1^1*J2^3+0.0007494379*J2^4+0,0.0060201260*J1^2*J2^2+-0.0060201260*J2^4+0,-0.0052135821*J1^2*J2^2+0.0052135821*J2^4+0,0.0059282164*J1^2*J2^2+-0.0346829661*J1^1*J2^3+0.0256549074*J2^4+0,0.0138085134*J1^2*J2^2+-0.0182345250*J1^1*J2^3+0.0062157064*J2^4+0,0,0,0,0,0,0,0,0,0,0,0,0,0,0,0,0},
{0,0,0,0,0,0,0,0,0,0,0,0,0,0,0,0,0,0,0,0,0,0,0,0,0,0,0,0,0,0,0,0,0,0,0,0,0,0,0,0,0,0,0,0,0,0,0,0,0,0,0,0,0,0,0,0,0,0,0,0,0,0,0,0,0,0,0,0,0,0,0,0,0,-0.0052135821*J1^2*J2^2+0.0052135821*J2^4+0,-0.0058261258*J1^2*J2^2+0.0081765301*J1^1*J2^3+0.0007494379*J2^4+0,-0.0138085134*J1^2*J2^2+0.0182345250*J1^1*J2^3+-0.0062157064*J2^4+0,-0.0052135821*J1^2*J2^2+0.0052135821*J2^4+0,0,0.0138085134*J1^2*J2^2+-0.0182345250*J1^1*J2^3+0.0062157064*J2^4+0,0.0218729142*J1^2*J2^2+-0.0557383820*J1^1*J2^3+0.0328321870*J2^4+0,0,0,0,0,0,0,0,0,0,0,0,0,0,0,0,0},
{0,0,0,0,0,0,0,0,0,0,0,0,0,0,0,0,0,0,0,0,0,0,0,0,0,0,0,0,0,0,0,0,0,0,0,0,0,0,0,0,0,0,0,0,0,0,0,0,0,0,0,0,0,0,0,0,0,0,0,0,0,0,0,0,0,0,0,0,0,0,0,0,0,0,0,0,0,0,0,0,0,0.0030100630*J1^2*J2^2+-0.0030100630*J2^4+0,0.0012980646*J1^2*J2^2+0.0141621656*J1^1*J2^3+-0.0100911458*J2^4+0,-0.0040882651*J1^2*J2^2+0.0050766878*J1^1*J2^3+-0.0040882651*J2^4+0,0.0030100630*J1^2*J2^2+-0.0030100630*J2^4+0,0,0.0040882651*J1^2*J2^2+-0.0050766878*J1^1*J2^3+0.0040882651*J2^4+0,0.0033637153*J1^2*J2^2+-0.0047207219*J1^1*J2^3+-0.0004326882*J2^4+0,0,0.0042568719*J1^2*J2^2+-0.0042568719*J2^4+0,0.0018357405*J1^2*J2^2+0.0200283267*J1^1*J2^3+-0.0142710353*J2^4+0,-0.0057816799*J1^2*J2^2+0.0071795208*J1^1*J2^3+-0.0057816799*J2^4+0,0.0042568719*J1^2*J2^2+-0.0042568719*J2^4+0,0,0.0057816799*J1^2*J2^2+-0.0071795208*J1^1*J2^3+0.0057816799*J2^4+0,0.0047570118*J1^2*J2^2+-0.0066761089*J1^1*J2^3+-0.0006119135*J2^4+0},
{0,0,0,0,0,0,0,0,0,0,0,0,0,0,0,0,0,0,0,0,0,0,0,0,0,0,0,0,0,0,0,0,0,0,0,0,0,0,0,0,0,0,0,0,0,0,0,0,0,0,0,0,0,0,0,0,0,0,0,0,0,0,0,0,0,0,0,0,0,0,0,0,0,0,0,0,0,0,0,0,0.0030100630*J1^2*J2^2+-0.0030100630*J2^4+0,0.0034757214*J1^2*J2^2+-0.0034757214*J2^4+0,-0.0040882651*J1^2*J2^2+0.0050766878*J1^1*J2^3+-0.0040882651*J2^4+0,-0.0034226573*J1^2*J2^2+0.0200242198*J1^1*J2^3+-0.0148118677*J2^4+0,0,0.0030100630*J1^2*J2^2+-0.0030100630*J2^4+0,0.0033637153*J1^2*J2^2+-0.0047207219*J1^1*J2^3+-0.0004326882*J2^4+0,0.0079723489*J1^2*J2^2+-0.0105277079*J1^1*J2^3+0.0035886398*J2^4+0,0.0042568719*J1^2*J2^2+-0.0042568719*J2^4+0,0.0049154123*J1^2*J2^2+-0.0049154123*J2^4+0,-0.0057816799*J1^2*J2^2+0.0071795208*J1^1*J2^3+-0.0057816799*J2^4+0,-0.0048403684*J1^2*J2^2+0.0283185232*J1^1*J2^3+-0.0209471442*J2^4+0,0,0.0042568719*J1^2*J2^2+-0.0042568719*J2^4+0,0.0047570118*J1^2*J2^2+-0.0066761089*J1^1*J2^3+-0.0006119135*J2^4+0,0.0112746040*J1^2*J2^2+-0.0148884273*J1^1*J2^3+0.0050751031*J2^4+0},
{0,0,0,0,0,0,0,0,0,0,0,0,0,0,0,0,0,0,0,0,0,0,0,0,0,0,0,0,0,0,0,0,0,0,0,0,0,0,0,0,0,0,0,0,0,0,0,0,0,0,0,0,0,0,0,0,0,0,0,0,0,0,0,0,0,0,0,0,0,0,0,0,0,0,0,0,0,0,0,0,0.0030100630*J1^2*J2^2+-0.0030100630*J2^4+0,0,0.0040882651*J1^2*J2^2+-0.0050766878*J1^1*J2^3+0.0040882651*J2^4+0,0.0033637153*J1^2*J2^2+-0.0047207219*J1^1*J2^3+-0.0004326882*J2^4+0,-0.0034757214*J1^2*J2^2+0.0034757214*J2^4+0,0.0030100630*J1^2*J2^2+-0.0030100630*J2^4+0,-0.0034226573*J1^2*J2^2+0.0200242198*J1^1*J2^3+-0.0148118677*J2^4+0,-0.0079723489*J1^2*J2^2+0.0105277079*J1^1*J2^3+-0.0035886398*J2^4+0,0.0042568719*J1^2*J2^2+-0.0042568719*J2^4+0,0,0.0057816799*J1^2*J2^2+-0.0071795208*J1^1*J2^3+0.0057816799*J2^4+0,0.0047570118*J1^2*J2^2+-0.0066761089*J1^1*J2^3+-0.0006119135*J2^4+0,-0.0049154123*J1^2*J2^2+0.0049154123*J2^4+0,0.0042568719*J1^2*J2^2+-0.0042568719*J2^4+0,-0.0048403684*J1^2*J2^2+0.0283185232*J1^1*J2^3+-0.0209471442*J2^4+0,-0.0112746040*J1^2*J2^2+0.0148884273*J1^1*J2^3+-0.0050751031*J2^4+0},
{0,0,0,0,0,0,0,0,0,0,0,0,0,0,0,0,0,0,0,0,0,0,0,0,0,0,0,0,0,0,0,0,0,0,0,0,0,0,0,0,0,0,0,0,0,0,0,0,0,0,0,0,0,0,0,0,0,0,0,0,0,0,0,0,0,0,0,0,0,0,0,0,0,0,0,0,0,0,0,0,0,0.0030100630*J1^2*J2^2+-0.0030100630*J2^4+0,0.0033637153*J1^2*J2^2+-0.0047207219*J1^1*J2^3+-0.0004326882*J2^4+0,0.0079723489*J1^2*J2^2+-0.0105277079*J1^1*J2^3+0.0035886398*J2^4+0,0.0030100630*J1^2*J2^2+-0.0030100630*J2^4+0,0,-0.0079723489*J1^2*J2^2+0.0105277079*J1^1*J2^3+-0.0035886398*J2^4+0,-0.0126283329*J1^2*J2^2+0.0321805698*J1^1*J2^3+-0.0189556720*J2^4+0,0,0.0042568719*J1^2*J2^2+-0.0042568719*J2^4+0,0.0047570118*J1^2*J2^2+-0.0066761089*J1^1*J2^3+-0.0006119135*J2^4+0,0.0112746040*J1^2*J2^2+-0.0148884273*J1^1*J2^3+0.0050751031*J2^4+0,0.0042568719*J1^2*J2^2+-0.0042568719*J2^4+0,0,-0.0112746040*J1^2*J2^2+0.0148884273*J1^1*J2^3+-0.0050751031*J2^4+0,-0.0178591597*J1^2*J2^2+0.0455101983*J1^1*J2^3+-0.0268073684*J2^4+0},
{0,0,0,0,0,0,0,0,0,0,0,0,0,0,0,0,0,0,0,0,0,0,0,0,0,0,0,0,0,0,0,0,0,0,0,0,0,0,0,0,0,0,0,0,0,0,0,0,0,0,0,0,0,0,0,0,0,0,0,0,0,0,0,0,0,0,0,0,0,0,0,0,0,-0.0086725199*J1^2*J2^2+0.0086725199*J2^4+0,-0.0099719213*J1^2*J2^2+0.0025988028*J1^1*J2^3+0.0073731185*J2^4+0,-0.0007502097*J1^2*J2^2+0.0015004195*J1^1*J2^3+-0.0007502097*J2^4+0,-0.0086725199*J1^2*J2^2+0.0086725199*J2^4+0,0,0.0007502097*J1^2*J2^2+-0.0015004195*J1^1*J2^3+0.0007502097*J2^4+0,-0.0024577062*J1^2*J2^2+-0.0008662676*J1^1*J2^3+0.0033239738*J2^4+0,0,0,0,0,0,0,0,0,0,0,0,0,0,0,0,0},
{0,0,0,0,0,0,0,0,0,0,0,0,0,0,0,0,0,0,0,0,0,0,0,0,0,0,0,0,0,0,0,0,0,0,0,0,0,0,0,0,0,0,0,0,0,0,0,0,0,0,0,0,0,0,0,0,0,0,0,0,0,0,0,0,0,0,0,0,0,0,0,0,-0.0086725199*J1^2*J2^2+0.0086725199*J2^4+0,-0.0100141634*J1^2*J2^2+0.0100141634*J2^4+0,-0.0007502097*J1^2*J2^2+0.0015004195*J1^1*J2^3+-0.0007502097*J2^4+0,-0.0108381888*J1^2*J2^2+0.0043313380*J1^1*J2^3+0.0065068509*J2^4+0,0,-0.0086725199*J1^2*J2^2+0.0086725199*J2^4+0,-0.0024577062*J1^2*J2^2+-0.0008662676*J1^1*J2^3+0.0033239738*J2^4+0,-0.0020877049*J1^2*J2^2+-0.0025006991*J1^1*J2^3+0.0045884040*J2^4+0,0,0,0,0,0,0,0,0,0,0,0,0,0,0,0,0},
{0,0,0,0,0,0,0,0,0,0,0,0,0,0,0,0,0,0,0,0,0,0,0,0,0,0,0,0,0,0,0,0,0,0,0,0,0,0,0,0,0,0,0,0,0,0,0,0,0,0,0,0,0,0,0,0,0,0,0,0,0,0,0,0,0,0,0,0,0,0,0,0,-0.0086725199*J1^2*J2^2+0.0086725199*J2^4+0,0,0.0007502097*J1^2*J2^2+-0.0015004195*J1^1*J2^3+0.0007502097*J2^4+0,-0.0024577062*J1^2*J2^2+-0.0008662676*J1^1*J2^3+0.0033239738*J2^4+0,0.0100141634*J1^2*J2^2+-0.0100141634*J2^4+0,-0.0086725199*J1^2*J2^2+0.0086725199*J2^4+0,-0.0108381888*J1^2*J2^2+0.0043313380*J1^1*J2^3+0.0065068509*J2^4+0,0.0020877049*J1^2*J2^2+0.0025006991*J1^1*J2^3+-0.0045884040*J2^4+0,0,0,0,0,0,0,0,0,0,0,0,0,0,0,0,0},
{0,0,0,0,0,0,0,0,0,0,0,0,0,0,0,0,0,0,0,0,0,0,0,0,0,0,0,0,0,0,0,0,0,0,0,0,0,0,0,0,0,0,0,0,0,0,0,0,0,0,0,0,0,0,0,0,0,0,0,0,0,0,0,0,0,0,0,0,0,0,0,0,0,-0.0086725199*J1^2*J2^2+0.0086725199*J2^4+0,-0.0024577062*J1^2*J2^2+-0.0008662676*J1^1*J2^3+0.0033239738*J2^4+0,-0.0020877049*J1^2*J2^2+-0.0025006991*J1^1*J2^3+0.0045884040*J2^4+0,-0.0086725199*J1^2*J2^2+0.0086725199*J2^4+0,0,0.0020877049*J1^2*J2^2+0.0025006991*J1^1*J2^3+-0.0045884040*J2^4+0,-0.0084275149*J1^2*J2^2+0.0072188966*J1^1*J2^3+0.0012086183*J2^4+0,0,0,0,0,0,0,0,0,0,0,0,0,0,0,0,0},
{0,0,0,0,0,0,0,0,0,0,0,0,0,0,0,0,0,0,0,0,0,0,0,0,0,0,0,0,0,0,0,0,0,0,0,0,0,0,0,0,0,0,0,0,0,0,0,0,0,0,0,0,0,0,0,0,0,0,0,0,0,0,0,0,0,0,0,0,0,0,0,0,0,0,0,0,0,0,0,0,0,0.0050070817*J1^2*J2^2+-0.0050070817*J2^4+0,0.0057572914*J1^2*J2^2+-0.0015004195*J1^1*J2^3+-0.0042568719*J2^4+0,0.0004331338*J1^2*J2^2+-0.0008662676*J1^1*J2^3+0.0004331338*J2^4+0,0.0050070817*J1^2*J2^2+-0.0050070817*J2^4+0,0,-0.0004331338*J1^2*J2^2+0.0008662676*J1^1*J2^3+-0.0004331338*J2^4+0,0.0014189573*J1^2*J2^2+0.0005001398*J1^1*J2^3+-0.0019190971*J2^4+0,0,0.0070810828*J1^2*J2^2+-0.0070810828*J2^4+0,0.0081420396*J1^2*J2^2+-0.0021219136*J1^1*J2^3+-0.0060201260*J2^4+0,0.0006125437*J1^2*J2^2+-0.0012250874*J1^1*J2^3+0.0006125437*J2^4+0,0.0070810828*J1^2*J2^2+-0.0070810828*J2^4+0,0,-0.0006125437*J1^2*J2^2+0.0012250874*J1^1*J2^3+-0.0006125437*J2^4+0,0.0020067087*J1^2*J2^2+0.0007073045*J1^1*J2^3+-0.0027140132*J2^4+0},
{0,0,0,0,0,0,0,0,0,0,0,0,0,0,0,0,0,0,0,0,0,0,0,0,0,0,0,0,0,0,0,0,0,0,0,0,0,0,0,0,0,0,0,0,0,0,0,0,0,0,0,0,0,0,0,0,0,0,0,0,0,0,0,0,0,0,0,0,0,0,0,0,0,0,0,0,0,0,0,0,0.0050070817*J1^2*J2^2+-0.0050070817*J2^4+0,0.0057816799*J1^2*J2^2+-0.0057816799*J2^4+0,0.0004331338*J1^2*J2^2+-0.0008662676*J1^1*J2^3+0.0004331338*J2^4+0,0.0062574312*J1^2*J2^2+-0.0025006991*J1^1*J2^3+-0.0037567321*J2^4+0,0,0.0050070817*J1^2*J2^2+-0.0050070817*J2^4+0,0.0014189573*J1^2*J2^2+0.0005001398*J1^1*J2^3+-0.0019190971*J2^4+0,0.0012053370*J1^2*J2^2+0.0014437793*J1^1*J2^3+-0.0026491163*J2^4+0,0.0070810828*J1^2*J2^2+-0.0070810828*J2^4+0,0.0081765301*J1^2*J2^2+-0.0081765301*J2^4+0,0.0006125437*J1^2*J2^2+-0.0012250874*J1^1*J2^3+0.0006125437*J2^4+0,0.0088493441*J1^2*J2^2+-0.0035365226*J1^1*J2^3+-0.0053128215*J2^4+0,0,0.0070810828*J1^2*J2^2+-0.0070810828*J2^4+0,0.0020067087*J1^2*J2^2+0.0007073045*J1^1*J2^3+-0.0027140132*J2^4+0,0.0017046039*J1^2*J2^2+0.0020418123*J1^1*J2^3+-0.0037464162*J2^4+0},
{0,0,0,0,0,0,0,0,0,0,0,0,0,0,0,0,0,0,0,0,0,0,0,0,0,0,0,0,0,0,0,0,0,0,0,0,0,0,0,0,0,0,0,0,0,0,0,0,0,0,0,0,0,0,0,0,0,0,0,0,0,0,0,0,0,0,0,0,0,0,0,0,0,0,0,0,0,0,0,0,0.0050070817*J1^2*J2^2+-0.0050070817*J2^4+0,0,-0.0004331338*J1^2*J2^2+0.0008662676*J1^1*J2^3+-0.0004331338*J2^4+0,0.0014189573*J1^2*J2^2+0.0005001398*J1^1*J2^3+-0.0019190971*J2^4+0,-0.0057816799*J1^2*J2^2+0.0057816799*J2^4+0,0.0050070817*J1^2*J2^2+-0.0050070817*J2^4+0,0.0062574312*J1^2*J2^2+-0.0025006991*J1^1*J2^3+-0.0037567321*J2^4+0,-0.0012053370*J1^2*J2^2+-0.0014437793*J1^1*J2^3+0.0026491163*J2^4+0,0.0070810828*J1^2*J2^2+-0.0070810828*J2^4+0,0,-0.0006125437*J1^2*J2^2+0.0012250874*J1^1*J2^3+-0.0006125437*J2^4+0,0.0020067087*J1^2*J2^2+0.0007073045*J1^1*J2^3+-0.0027140132*J2^4+0,-0.0081765301*J1^2*J2^2+0.0081765301*J2^4+0,0.0070810828*J1^2*J2^2+-0.0070810828*J2^4+0,0.0088493441*J1^2*J2^2+-0.0035365226*J1^1*J2^3+-0.0053128215*J2^4+0,-0.0017046039*J1^2*J2^2+-0.0020418123*J1^1*J2^3+0.0037464162*J2^4+0},
{0,0,0,0,0,0,0,0,0,0,0,0,0,0,0,0,0,0,0,0,0,0,0,0,0,0,0,0,0,0,0,0,0,0,0,0,0,0,0,0,0,0,0,0,0,0,0,0,0,0,0,0,0,0,0,0,0,0,0,0,0,0,0,0,0,0,0,0,0,0,0,0,0,0,0,0,0,0,0,0,0,0.0050070817*J1^2*J2^2+-0.0050070817*J2^4+0,0.0014189573*J1^2*J2^2+0.0005001398*J1^1*J2^3+-0.0019190971*J2^4+0,0.0012053370*J1^2*J2^2+0.0014437793*J1^1*J2^3+-0.0026491163*J2^4+0,0.0050070817*J1^2*J2^2+-0.0050070817*J2^4+0,0,-0.0012053370*J1^2*J2^2+-0.0014437793*J1^1*J2^3+0.0026491163*J2^4+0,0.0048656280*J1^2*J2^2+-0.0041678319*J1^1*J2^3+-0.0006977961*J2^4+0,0,0.0070810828*J1^2*J2^2+-0.0070810828*J2^4+0,0.0020067087*J1^2*J2^2+0.0007073045*J1^1*J2^3+-0.0027140132*J2^4+0,0.0017046039*J1^2*J2^2+0.0020418123*J1^1*J2^3+-0.0037464162*J2^4+0,0.0070810828*J1^2*J2^2+-0.0070810828*J2^4+0,0,-0.0017046039*J1^2*J2^2+-0.0020418123*J1^1*J2^3+0.0037464162*J2^4+0,0.0068810371*J1^2*J2^2+-0.0058942044*J1^1*J2^3+-0.0009868327*J2^4+0},
{0,0,0,0,0,0,0,0,0,0,0,0,0,0,0,0,0,0,0,0,0,0,0,0,0,0,0,0,0,0,0,0,0,0,0,0,0,0,0,0,0,0,0,0,0,0,0,0,0,0,0,0,0,0,0,0,0,0,0,0,0,0,0,0,0,0,0,0,0,0,0,0,0,0,0,0,-0.0073296421*J1^2*J2^2+-0.0043226094*J1^1*J2^3+0,0.0042317708*J1^1*J2^3+0.0024956597*J2^4+0,0.0105251736*J1^2*J2^2+-0.0189887153*J1^1*J2^3+0.0147569444*J2^4+0,0.0085199258*J1^2*J2^2+-0.0145966377*J1^1*J2^3+0.0024432140*J2^4+0,0,0,0,0,0,0,0,0,0,0,0,0,0,0,0,0},
{0,0,0,0,0,0,0,0,0,0,0,0,0,0,0,0,0,0,0,0,0,0,0,0,0,0,0,0,0,0,0,0,0,0,0,0,0,0,0,0,0,0,0,0,0,0,0,0,0,0,0,0,0,0,0,0,0,0,0,0,0,0,0,0,0,0,0,0,0,0,0,0,0,0,0,0,0.0042317708*J1^1*J2^3+0.0024956597*J2^4+0,-0.0073296421*J1^2*J2^2+0.0005638186*J1^1*J2^3+0.0028817396*J2^4+0,0.0085199258*J1^2*J2^2+-0.0145966377*J1^1*J2^3+0.0024432140*J2^4+0,0.0203631366*J1^2*J2^2+-0.0358434606*J1^1*J2^3+0.0175781250*J2^4+0,0,0,0,0,0,0,0,0,0,0,0,0,0,0,0,0},
{0,0,0,0,0,0,0,0,0,0,0,0,0,0,0,0,0,0,0,0,0,0,0,0,0,0,0,0,0,0,0,0,0,0,0,0,0,0,0,0,0,0,0,0,0,0,0,0,0,0,0,0,0,0,0,0,0,0,0,0,0,0,0,0,0,0,0,0,0,0,0,0,0,0,0,0,-0.0105251736*J1^2*J2^2+0.0189887153*J1^1*J2^3+-0.0147569444*J2^4+0,-0.0085199258*J1^2*J2^2+0.0145966377*J1^1*J2^3+-0.0024432140*J2^4+0,0.0024432140*J1^2*J2^2+0.0014408698*J1^1*J2^3+0,-0.0014105903*J1^1*J2^3+-0.0008318866*J2^4+0,0,0,0,0,0,0,0,0,0,0,0,0,0,0,0,0},
{0,0,0,0,0,0,0,0,0,0,0,0,0,0,0,0,0,0,0,0,0,0,0,0,0,0,0,0,0,0,0,0,0,0,0,0,0,0,0,0,0,0,0,0,0,0,0,0,0,0,0,0,0,0,0,0,0,0,0,0,0,0,0,0,0,0,0,0,0,0,0,0,0,0,0,0,-0.0085199258*J1^2*J2^2+0.0145966377*J1^1*J2^3+-0.0024432140*J2^4+0,-0.0203631366*J1^2*J2^2+0.0358434606*J1^1*J2^3+-0.0175781250*J2^4+0,-0.0014105903*J1^1*J2^3+-0.0008318866*J2^4+0,0.0024432140*J1^2*J2^2+-0.0001879395*J1^1*J2^3+-0.0009605799*J2^4+0,0,0,0,0,0,0,0,0,0,0,0,0,0,0,0,0},
{0,0,0,0,0,0,0,0,0,0,0,0,0,0,0,0,0,0,0,0,0,0,0,0,0,0,0,0,0,0,0,0,0,0,0,0,0,0,0,0,0,0,0,0,0,0,0,0,0,0,0,0,0,0,0,0,0,0,0,0,0,0,0,0,0,0,0,0,0,0,0,0,0,0,0,0,0,0,0,0,0,0,0,0,0.0042317708*J1^2*J2^2+0.0024956597*J1^1*J2^3+0,-0.0024432140*J1^1*J2^3+-0.0014408698*J2^4+0,-0.0060767118*J1^2*J2^2+0.0109631399*J1^1*J2^3+-0.0085199258*J2^4+0,-0.0049189815*J1^2*J2^2+0.0084273727*J1^1*J2^3+-0.0014105903*J2^4+0,0,0,0,0,0.0059846277*J1^2*J2^2+0.0035293958*J1^1*J2^3+0,-0.0034552264*J1^1*J2^3+-0.0020376976*J2^4+0,-0.0085937683*J1^2*J2^2+0.0155042211*J1^1*J2^3+-0.0120489947*J2^4+0,-0.0069564903*J1^2*J2^2+0.0119181047*J1^1*J2^3+-0.0019948759*J2^4+0},
{0,0,0,0,0,0,0,0,0,0,0,0,0,0,0,0,0,0,0,0,0,0,0,0,0,0,0,0,0,0,0,0,0,0,0,0,0,0,0,0,0,0,0,0,0,0,0,0,0,0,0,0,0,0,0,0,0,0,0,0,0,0,0,0,0,0,0,0,0,0,0,0,0,0,0,0,0,0,0,0,0,0,0,0,-0.0024432140*J1^1*J2^3+-0.0014408698*J2^4+0,0.0042317708*J1^2*J2^2+-0.0003255208*J1^1*J2^3+-0.0016637731*J2^4+0,-0.0049189815*J1^2*J2^2+0.0084273727*J1^1*J2^3+-0.0014105903*J2^4+0,-0.0117566624*J1^2*J2^2+0.0206942317*J1^1*J2^3+-0.0101487352*J2^4+0,0,0,0,0,-0.0034552264*J1^1*J2^3+-0.0020376976*J2^4+0,0.0059846277*J1^2*J2^2+-0.0004603560*J1^1*J2^3+-0.0023529306*J2^4+0,-0.0069564903*J1^2*J2^2+0.0119181047*J1^1*J2^3+-0.0019948759*J2^4+0,-0.0166264314*J1^2*J2^2+0.0292660631*J1^1*J2^3+-0.0143524790*J2^4+0},
{0,0,0,0,0,0,0,0,0,0,0,0,0,0,0,0,0,0,0,0,0,0,0,0,0,0,0,0,0,0,0,0,0,0,0,0,0,0,0,0,0,0,0,0,0,0,0,0,0,0,0,0,0,0,0,0,0,0,0,0,0,0,0,0,0,0,0,0,0,0,0,0,0,0,0,0,0,0,0,0,0,0,0,0,0.0060767118*J1^2*J2^2+-0.0109631399*J1^1*J2^3+0.0085199258*J2^4+0,0.0049189815*J1^2*J2^2+-0.0084273727*J1^1*J2^3+0.0014105903*J2^4+0,-0.0014105903*J1^2*J2^2+-0.0008318866*J1^1*J2^3+0,0.0008144047*J1^1*J2^3+0.0004802899*J2^4+0,0,0,0,0,0.0085937683*J1^2*J2^2+-0.0155042211*J1^1*J2^3+0.0120489947*J2^4+0,0.0069564903*J1^2*J2^2+-0.0119181047*J1^1*J2^3+0.0019948759*J2^4+0,-0.0019948759*J1^2*J2^2+-0.0011764653*J1^1*J2^3+0,0.0011517421*J1^1*J2^3+0.0006792325*J2^4+0},
{0,0,0,0,0,0,0,0,0,0,0,0,0,0,0,0,0,0,0,0,0,0,0,0,0,0,0,0,0,0,0,0,0,0,0,0,0,0,0,0,0,0,0,0,0,0,0,0,0,0,0,0,0,0,0,0,0,0,0,0,0,0,0,0,0,0,0,0,0,0,0,0,0,0,0,0,0,0,0,0,0,0,0,0,0.0049189815*J1^2*J2^2+-0.0084273727*J1^1*J2^3+0.0014105903*J2^4+0,0.0117566624*J1^2*J2^2+-0.0206942317*J1^1*J2^3+0.0101487352*J2^4+0,0.0008144047*J1^1*J2^3+0.0004802899*J2^4+0,-0.0014105903*J1^2*J2^2+0.0001085069*J1^1*J2^3+0.0005545910*J2^4+0,0,0,0,0,0.0069564903*J1^2*J2^2+-0.0119181047*J1^1*J2^3+0.0019948759*J2^4+0,0.0166264314*J1^2*J2^2+-0.0292660631*J1^1*J2^3+0.0143524790*J2^4+0,0.0011517421*J1^1*J2^3+0.0006792325*J2^4+0,-0.0019948759*J1^2*J2^2+0.0001534520*J1^1*J2^3+0.0007843102*J2^4+0},
{0,0,0,0,0,0,0,0,0,0,0,0,0,0,0,0,0,0,0,0,0,0,0,0,0,0,0,0,0,0,0,0,0,0,0,0,0,0,0,0,0,0,0,0,0,0,0,0,0,0,0,0,0,0,0,0,0,0,0,0,0,0,0,0,0,0,0,0,0,0,0,0,0.0126953125*J1^2*J2^2+0,-0.0073296421*J1^1*J2^3+0,0.0146592842*J1^1*J2^3+-0.0073296421*J2^4+0,-0.0042317708*J1^2*J2^2+0.0042317708*J1^1*J2^3+-0.0042317708*J2^4+0,-0.0043226094*J1^1*J2^3+0,0.0024956597*J2^4+0,0.0105251736*J1^2*J2^2+-0.0105251736*J1^1*J2^3+0.0105251736*J2^4+0,0.0060767118*J1^2*J2^2+-0.0121534236*J1^1*J2^3+0,0,0,0,0,0,0,0,0,0,0,0,0,0,0,0,0},
{0,0,0,0,0,0,0,0,0,0,0,0,0,0,0,0,0,0,0,0,0,0,0,0,0,0,0,0,0,0,0,0,0,0,0,0,0,0,0,0,0,0,0,0,0,0,0,0,0,0,0,0,0,0,0,0,0,0,0,0,0,0,0,0,0,0,0,0,0,0,0,0,-0.0073296421*J1^1*J2^3+0,0.0126953125*J1^2*J2^2+-0.0084635417*J1^1*J2^3+0,-0.0042317708*J1^2*J2^2+0.0042317708*J1^1*J2^3+-0.0042317708*J2^4+0,-0.0048864281*J1^2*J2^2+0.0195457122*J1^1*J2^3+-0.0122160701*J2^4+0,0.0024956597*J2^4+0,-0.0043226094*J1^1*J2^3+0.0028817396*J2^4+0,0.0060767118*J1^2*J2^2+-0.0121534236*J1^1*J2^3+0,0.0175419560*J1^2*J2^2+-0.0245587384*J1^1*J2^3+0.0105251736*J2^4+0,0,0,0,0,0,0,0,0,0,0,0,0,0,0,0,0},
{0,0,0,0,0,0,0,0,0,0,0,0,0,0,0,0,0,0,0,0,0,0,0,0,0,0,0,0,0,0,0,0,0,0,0,0,0,0,0,0,0,0,0,0,0,0,0,0,0,0,0,0,0,0,0,0,0,0,0,0,0,0,0,0,0,0,0,0,0,0,0,0,-0.0146592842*J1^1*J2^3+0.0073296421*J2^4+0,0.0042317708*J1^2*J2^2+-0.0042317708*J1^1*J2^3+0.0042317708*J2^4+0,-0.0042317708*J1^2*J2^2+0,0.0024432140*J1^1*J2^3+0,-0.0105251736*J1^2*J2^2+0.0105251736*J1^1*J2^3+-0.0105251736*J2^4+0,-0.0060767118*J1^2*J2^2+0.0121534236*J1^1*J2^3+0,0.0014408698*J1^1*J2^3+0,-0.0008318866*J2^4+0,0,0,0,0,0,0,0,0,0,0,0,0,0,0,0,0},
{0,0,0,0,0,0,0,0,0,0,0,0,0,0,0,0,0,0,0,0,0,0,0,0,0,0,0,0,0,0,0,0,0,0,0,0,0,0,0,0,0,0,0,0,0,0,0,0,0,0,0,0,0,0,0,0,0,0,0,0,0,0,0,0,0,0,0,0,0,0,0,0,0.0042317708*J1^2*J2^2+-0.0042317708*J1^1*J2^3+0.0042317708*J2^4+0,0.0048864281*J1^2*J2^2+-0.0195457122*J1^1*J2^3+0.0122160701*J2^4+0,0.0024432140*J1^1*J2^3+0,-0.0042317708*J1^2*J2^2+0.0028211806*J1^1*J2^3+0,-0.0060767118*J1^2*J2^2+0.0121534236*J1^1*J2^3+0,-0.0175419560*J1^2*J2^2+0.0245587384*J1^1*J2^3+-0.0105251736*J2^4+0,-0.0008318866*J2^4+0,0.0014408698*J1^1*J2^3+-0.0009605799*J2^4+0,0,0,0,0,0,0,0,0,0,0,0,0,0,0,0,0},
{0,0,0,0,0,0,0,0,0,0,0,0,0,0,0,0,0,0,0,0,0,0,0,0,0,0,0,0,0,0,0,0,0,0,0,0,0,0,0,0,0,0,0,0,0,0,0,0,0,0,0,0,0,0,0,0,0,0,0,0,0,0,0,0,0,0,0,0,0,0,0,0,0,0,0,0,0,0,0,0,-0.0073296421*J1^2*J2^2+0,0.0042317708*J1^1*J2^3+0,-0.0084635417*J1^1*J2^3+0.0042317708*J2^4+0,0.0024432140*J1^2*J2^2+-0.0024432140*J1^1*J2^3+0.0024432140*J2^4+0,0.0024956597*J1^1*J2^3+0,-0.0014408698*J2^4+0,-0.0060767118*J1^2*J2^2+0.0060767118*J1^1*J2^3+-0.0060767118*J2^4+0,-0.0035083912*J1^2*J2^2+0.0070167824*J1^1*J2^3+0,-0.0103656793*J1^2*J2^2+0,0.0059846277*J1^1*J2^3+0,-0.0119692554*J1^1*J2^3+0.0059846277*J2^4+0,0.0034552264*J1^2*J2^2+-0.0034552264*J1^1*J2^3+0.0034552264*J2^4+0,0.0035293958*J1^1*J2^3+0,-0.0020376976*J2^4+0,-0.0085937683*J1^2*J2^2+0.0085937683*J1^1*J2^3+-0.0085937683*J2^4+0,-0.0049616144*J1^2*J2^2+0.0099232288*J1^1*J2^3+0},
{0,0,0,0,0,0,0,0,0,0,0,0,0,0,0,0,0,0,0,0,0,0,0,0,0,0,0,0,0,0,0,0,0,0,0,0,0,0,0,0,0,0,0,0,0,0,0,0,0,0,0,0,0,0,0,0,0,0,0,0,0,0,0,0,0,0,0,0,0,0,0,0,0,0,0,0,0,0,0,0,0.0042317708*J1^1*J2^3+0,-0.0073296421*J1^2*J2^2+0.0048864281*J1^1*J2^3+0,0.0024432140*J1^2*J2^2+-0.0024432140*J1^1*J2^3+0.0024432140*J2^4+0,0.0028211806*J1^2*J2^2+-0.0112847222*J1^1*J2^3+0.0070529514*J2^4+0,-0.0014408698*J2^4+0,0.0024956597*J1^1*J2^3+-0.0016637731*J2^4+0,-0.0035083912*J1^2*J2^2+0.0070167824*J1^1*J2^3+0,-0.0101278530*J1^2*J2^2+0.0141789942*J1^1*J2^3+-0.0060767118*J2^4+0,0.0059846277*J1^1*J2^3+0,-0.0103656793*J1^2*J2^2+0.0069104528*J1^1*J2^3+0,0.0034552264*J1^2*J2^2+-0.0034552264*J1^1*J2^3+0.0034552264*J2^4+0,0.0039897518*J1^2*J2^2+-0.0159590072*J1^1*J2^3+0.0099743795*J2^4+0,-0.0020376976*J2^4+0,0.0035293958*J1^1*J2^3+-0.0023529306*J2^4+0,-0.0049616144*J1^2*J2^2+0.0099232288*J1^1*J2^3+0,-0.0143229471*J1^2*J2^2+0.0200521260*J1^1*J2^3+-0.0085937683*J2^4+0},
{0,0,0,0,0,0,0,0,0,0,0,0,0,0,0,0,0,0,0,0,0,0,0,0,0,0,0,0,0,0,0,0,0,0,0,0,0,0,0,0,0,0,0,0,0,0,0,0,0,0,0,0,0,0,0,0,0,0,0,0,0,0,0,0,0,0,0,0,0,0,0,0,0,0,0,0,0,0,0,0,0.0084635417*J1^1*J2^3+-0.0042317708*J2^4+0,-0.0024432140*J1^2*J2^2+0.0024432140*J1^1*J2^3+-0.0024432140*J2^4+0,0.0024432140*J1^2*J2^2+0,-0.0014105903*J1^1*J2^3+0,0.0060767118*J1^2*J2^2+-0.0060767118*J1^1*J2^3+0.0060767118*J2^4+0,0.0035083912*J1^2*J2^2+-0.0070167824*J1^1*J2^3+0,-0.0008318866*J1^1*J2^3+0,0.0004802899*J2^4+0,0.0119692554*J1^1*J2^3+-0.0059846277*J2^4+0,-0.0034552264*J1^2*J2^2+0.0034552264*J1^1*J2^3+-0.0034552264*J2^4+0,0.0034552264*J1^2*J2^2+0,-0.0019948759*J1^1*J2^3+0,0.0085937683*J1^2*J2^2+-0.0085937683*J1^1*J2^3+0.0085937683*J2^4+0,0.0049616144*J1^2*J2^2+-0.0099232288*J1^1*J2^3+0,-0.0011764653*J1^1*J2^3+0,0.0006792325*J2^4+0},
{0,0,0,0,0,0,0,0,0,0,0,0,0,0,0,0,0,0,0,0,0,0,0,0,0,0,0,0,0,0,0,0,0,0,0,0,0,0,0,0,0,0,0,0,0,0,0,0,0,0,0,0,0,0,0,0,0,0,0,0,0,0,0,0,0,0,0,0,0,0,0,0,0,0,0,0,0,0,0,0,-0.0024432140*J1^2*J2^2+0.0024432140*J1^1*J2^3+-0.0024432140*J2^4+0,-0.0028211806*J1^2*J2^2+0.0112847222*J1^1*J2^3+-0.0070529514*J2^4+0,-0.0014105903*J1^1*J2^3+0,0.0024432140*J1^2*J2^2+-0.0016288094*J1^1*J2^3+0,0.0035083912*J1^2*J2^2+-0.0070167824*J1^1*J2^3+0,0.0101278530*J1^2*J2^2+-0.0141789942*J1^1*J2^3+0.0060767118*J2^4+0,0.0004802899*J2^4+0,-0.0008318866*J1^1*J2^3+0.0005545910*J2^4+0,-0.0034552264*J1^2*J2^2+0.0034552264*J1^1*J2^3+-0.0034552264*J2^4+0,-0.0039897518*J1^2*J2^2+0.0159590072*J1^1*J2^3+-0.0099743795*J2^4+0,-0.0019948759*J1^1*J2^3+0,0.0034552264*J1^2*J2^2+-0.0023034843*J1^1*J2^3+0,0.0049616144*J1^2*J2^2+-0.0099232288*J1^1*J2^3+0,0.0143229471*J1^2*J2^2+-0.0200521260*J1^1*J2^3+0.0085937683*J2^4+0,0.0006792325*J2^4+0,-0.0011764653*J1^1*J2^3+0.0007843102*J2^4+0},
{0,0,0,0,0,0,0,0,0,0,0,0,0,0,0,0,0,0,0,0,0,0,0,0,0,0,0,0,0,0,0,0,0,0,0,0,0,0,0,0,0,0,0,0,0,0,0,0,0,0,0,0,0,0,0,0,0,0,0,0,0,0,0,0,0,0,0,0,0,0,0,0,-0.0052940937*J1^1*J2^3+0,0.0030565464*J2^4+0,0.0128906524*J1^2*J2^2+-0.0128906524*J1^1*J2^3+0.0128906524*J2^4+0,0.0074424216*J1^2*J2^2+-0.0148848433*J1^1*J2^3+0,0.0103656793*J1^2*J2^2+0.0030565464*J1^1*J2^3+0,-0.0059846277*J1^1*J2^3+-0.0017646979*J2^4+0,-0.0074424216*J1^2*J2^2+0.0194116770*J1^1*J2^3+-0.0134270493*J2^4+0,-0.0077521106*J1^2*J2^2+0.0120489947*J1^1*J2^3+-0.0034552264*J2^4+0,0,0,0,0,0,0,0,0,0,0,0,0,0,0,0,0},
{0,0,0,0,0,0,0,0,0,0,0,0,0,0,0,0,0,0,0,0,0,0,0,0,0,0,0,0,0,0,0,0,0,0,0,0,0,0,0,0,0,0,0,0,0,0,0,0,0,0,0,0,0,0,0,0,0,0,0,0,0,0,0,0,0,0,0,0,0,0,0,0,0.0030565464*J2^4+0,-0.0052940937*J1^1*J2^3+0.0035293958*J2^4+0,0.0074424216*J1^2*J2^2+-0.0148848433*J1^1*J2^3+0,0.0214844207*J1^2*J2^2+-0.0300781889*J1^1*J2^3+0.0128906524*J2^4+0,-0.0059846277*J1^1*J2^3+-0.0017646979*J2^4+0,0.0103656793*J1^2*J2^2+-0.0038539064*J1^1*J2^3+-0.0020376976*J2^4+0,-0.0077521106*J1^2*J2^2+0.0120489947*J1^1*J2^3+-0.0034552264*J2^4+0,-0.0163937879*J1^2*J2^2+0.0333246577*J1^1*J2^3+-0.0174168011*J2^4+0,0,0,0,0,0,0,0,0,0,0,0,0,0,0,0,0},
{0,0,0,0,0,0,0,0,0,0,0,0,0,0,0,0,0,0,0,0,0,0,0,0,0,0,0,0,0,0,0,0,0,0,0,0,0,0,0,0,0,0,0,0,0,0,0,0,0,0,0,0,0,0,0,0,0,0,0,0,0,0,0,0,0,0,0,0,0,0,0,0,-0.0128906524*J1^2*J2^2+0.0128906524*J1^1*J2^3+-0.0128906524*J2^4+0,-0.0074424216*J1^2*J2^2+0.0148848433*J1^1*J2^3+0,0.0017646979*J1^1*J2^3+0,-0.0010188488*J2^4+0,0.0074424216*J1^2*J2^2+-0.0194116770*J1^1*J2^3+0.0134270493*J2^4+0,0.0077521106*J1^2*J2^2+-0.0120489947*J1^1*J2^3+0.0034552264*J2^4+0,-0.0034552264*J1^2*J2^2+-0.0010188488*J1^1*J2^3+0,0.0019948759*J1^1*J2^3+0.0005882326*J2^4+0,0,0,0,0,0,0,0,0,0,0,0,0,0,0,0,0},
{0,0,0,0,0,0,0,0,0,0,0,0,0,0,0,0,0,0,0,0,0,0,0,0,0,0,0,0,0,0,0,0,0,0,0,0,0,0,0,0,0,0,0,0,0,0,0,0,0,0,0,0,0,0,0,0,0,0,0,0,0,0,0,0,0,0,0,0,0,0,0,0,-0.0074424216*J1^2*J2^2+0.0148848433*J1^1*J2^3+0,-0.0214844207*J1^2*J2^2+0.0300781889*J1^1*J2^3+-0.0128906524*J2^4+0,-0.0010188488*J2^4+0,0.0017646979*J1^1*J2^3+-0.0011764653*J2^4+0,0.0077521106*J1^2*J2^2+-0.0120489947*J1^1*J2^3+0.0034552264*J2^4+0,0.0163937879*J1^2*J2^2+-0.0333246577*J1^1*J2^3+0.0174168011*J2^4+0,0.0019948759*J1^1*J2^3+0.0005882326*J2^4+0,-0.0034552264*J1^2*J2^2+0.0012846355*J1^1*J2^3+0.0006792325*J2^4+0,0,0,0,0,0,0,0,0,0,0,0,0,0,0,0,0},
{0,0,0,0,0,0,0,0,0,0,0,0,0,0,0,0,0,0,0,0,0,0,0,0,0,0,0,0,0,0,0,0,0,0,0,0,0,0,0,0,0,0,0,0,0,0,0,0,0,0,0,0,0,0,0,0,0,0,0,0,0,0,0,0,0,0,0,0,0,0,0,0,0,0,0,0,0,0,0,0,0.0030565464*J1^1*J2^3+0,-0.0017646979*J2^4+0,-0.0074424216*J1^2*J2^2+0.0074424216*J1^1*J2^3+-0.0074424216*J2^4+0,-0.0042968841*J1^2*J2^2+0.0085937683*J1^1*J2^3+0,-0.0059846277*J1^2*J2^2+-0.0017646979*J1^1*J2^3+0,0.0034552264*J1^1*J2^3+0.0010188488*J2^4+0,0.0042968841*J1^2*J2^2+-0.0112073370*J1^1*J2^3+0.0077521106*J2^4+0,0.0044756831*J1^2*J2^2+-0.0069564903*J1^1*J2^3+0.0019948759*J2^4+0,0.0043226094*J1^1*J2^3+0,-0.0024956597*J2^4+0,-0.0105251736*J1^2*J2^2+0.0105251736*J1^1*J2^3+-0.0105251736*J2^4+0,-0.0060767118*J1^2*J2^2+0.0121534236*J1^1*J2^3+0,-0.0084635417*J1^2*J2^2+-0.0024956597*J1^1*J2^3+0,0.0048864281*J1^1*J2^3+0.0014408698*J2^4+0,0.0060767118*J1^2*J2^2+-0.0158495679*J1^1*J2^3+0.0109631399*J2^4+0,0.0063295718*J1^2*J2^2+-0.0098379630*J1^1*J2^3+0.0028211806*J2^4+0},
{0,0,0,0,0,0,0,0,0,0,0,0,0,0,0,0,0,0,0,0,0,0,0,0,0,0,0,0,0,0,0,0,0,0,0,0,0,0,0,0,0,0,0,0,0,0,0,0,0,0,0,0,0,0,0,0,0,0,0,0,0,0,0,0,0,0,0,0,0,0,0,0,0,0,0,0,0,0,0,0,-0.0017646979*J2^4+0,0.0030565464*J1^1*J2^3+-0.0020376976*J2^4+0,-0.0042968841*J1^2*J2^2+0.0085937683*J1^1*J2^3+0,-0.0124040361*J1^2*J2^2+0.0173656505*J1^1*J2^3+-0.0074424216*J2^4+0,0.0034552264*J1^1*J2^3+0.0010188488*J2^4+0,-0.0059846277*J1^2*J2^2+0.0022250539*J1^1*J2^3+0.0011764653*J2^4+0,0.0044756831*J1^2*J2^2+-0.0069564903*J1^1*J2^3+0.0019948759*J2^4+0,0.0094649578*J1^2*J2^2+-0.0192400001*J1^1*J2^3+0.0100555948*J2^4+0,-0.0024956597*J2^4+0,0.0043226094*J1^1*J2^3+-0.0028817396*J2^4+0,-0.0060767118*J1^2*J2^2+0.0121534236*J1^1*J2^3+0,-0.0175419560*J1^2*J2^2+0.0245587384*J1^1*J2^3+-0.0105251736*J2^4+0,0.0048864281*J1^1*J2^3+0.0014408698*J2^4+0,-0.0084635417*J1^2*J2^2+0.0031467014*J1^1*J2^3+0.0016637731*J2^4+0,0.0063295718*J1^2*J2^2+-0.0098379630*J1^1*J2^3+0.0028211806*J2^4+0,0.0133854717*J1^2*J2^2+-0.0272094691*J1^1*J2^3+0.0142207586*J2^4+0},
{0,0,0,0,0,0,0,0,0,0,0,0,0,0,0,0,0,0,0,0,0,0,0,0,0,0,0,0,0,0,0,0,0,0,0,0,0,0,0,0,0,0,0,0,0,0,0,0,0,0,0,0,0,0,0,0,0,0,0,0,0,0,0,0,0,0,0,0,0,0,0,0,0,0,0,0,0,0,0,0,0.0074424216*J1^2*J2^2+-0.0074424216*J1^1*J2^3+0.0074424216*J2^4+0,0.0042968841*J1^2*J2^2+-0.0085937683*J1^1*J2^3+0,-0.0010188488*J1^1*J2^3+0,0.0005882326*J2^4+0,-0.0042968841*J1^2*J2^2+0.0112073370*J1^1*J2^3+-0.0077521106*J2^4+0,-0.0044756831*J1^2*J2^2+0.0069564903*J1^1*J2^3+-0.0019948759*J2^4+0,0.0019948759*J1^2*J2^2+0.0005882326*J1^1*J2^3+0,-0.0011517421*J1^1*J2^3+-0.0003396163*J2^4+0,0.0105251736*J1^2*J2^2+-0.0105251736*J1^1*J2^3+0.0105251736*J2^4+0,0.0060767118*J1^2*J2^2+-0.0121534236*J1^1*J2^3+0,-0.0014408698*J1^1*J2^3+0,0.0008318866*J2^4+0,-0.0060767118*J1^2*J2^2+0.0158495679*J1^1*J2^3+-0.0109631399*J2^4+0,-0.0063295718*J1^2*J2^2+0.0098379630*J1^1*J2^3+-0.0028211806*J2^4+0,0.0028211806*J1^2*J2^2+0.0008318866*J1^1*J2^3+0,-0.0016288094*J1^1*J2^3+-0.0004802899*J2^4+0},
{0,0,0,0,0,0,0,0,0,0,0,0,0,0,0,0,0,0,0,0,0,0,0,0,0,0,0,0,0,0,0,0,0,0,0,0,0,0,0,0,0,0,0,0,0,0,0,0,0,0,0,0,0,0,0,0,0,0,0,0,0,0,0,0,0,0,0,0,0,0,0,0,0,0,0,0,0,0,0,0,0.0042968841*J1^2*J2^2+-0.0085937683*J1^1*J2^3+0,0.0124040361*J1^2*J2^2+-0.0173656505*J1^1*J2^3+0.0074424216*J2^4+0,0.0005882326*J2^4+0,-0.0010188488*J1^1*J2^3+0.0006792325*J2^4+0,-0.0044756831*J1^2*J2^2+0.0069564903*J1^1*J2^3+-0.0019948759*J2^4+0,-0.0094649578*J1^2*J2^2+0.0192400001*J1^1*J2^3+-0.0100555948*J2^4+0,-0.0011517421*J1^1*J2^3+-0.0003396163*J2^4+0,0.0019948759*J1^2*J2^2+-0.0007416846*J1^1*J2^3+-0.0003921551*J2^4+0,0.0060767118*J1^2*J2^2+-0.0121534236*J1^1*J2^3+0,0.0175419560*J1^2*J2^2+-0.0245587384*J1^1*J2^3+0.0105251736*J2^4+0,0.0008318866*J2^4+0,-0.0014408698*J1^1*J2^3+0.0009605799*J2^4+0,-0.0063295718*J1^2*J2^2+0.0098379630*J1^1*J2^3+-0.0028211806*J2^4+0,-0.0133854717*J1^2*J2^2+0.0272094691*J1^1*J2^3+-0.0142207586*J2^4+0,-0.0016288094*J1^1*J2^3+-0.0004802899*J2^4+0,0.0028211806*J1^2*J2^2+-0.0010489005*J1^1*J2^3+-0.0005545910*J2^4+0},
{0,0,0,0,0,0,0,0,0.0126953125*J1^2*J2^2+0,0.0011276372*J1^1*J2^3+-0.0005638186*J2^4+0,0.0073296421*J1^1*J2^3+0,0.0003255208*J1^2*J2^2+-0.0003255208*J1^1*J2^3+0.0003255208*J2^4+0,0,0,0,0,-0.0043733818*J1^1*J2^3+0,0.0118275058*J1^2*J2^2+-0.0118275058*J1^1*J2^3+0.0118275058*J2^4+0,-0.0025249732*J2^4+0,-0.0068286137*J1^2*J2^2+0.0136572273*J1^1*J2^3+0,0,0,0,0,0.0029296875*J1^2*J2^2+-0.0001808449*J2^4+0,-0.0015870450*J1^1*J2^3+0,0.0015870450*J1^1*J2^3+0,0.0000602816*J1^2*J2^2+-0.0009765625*J2^4+0,0,0,0,0,0,0.0069955274*J1^2*J2^2+-0.0069955274*J2^4+0,0.0069955274*J1^2*J2^2+-0.0069955274*J2^4+0,0,0,0,0,0,0,0.0050204145*J1^2*J2^2+-0.0050204145*J2^4+0,0.0050204145*J1^2*J2^2+-0.0050204145*J2^4+0,0,0,0,0,0,0,0,0,0,0,0,0,0,-0.0126953125*J1^2*J2^2+0,0.0073296421*J1^1*J2^3+0,0.0011276372*J1^1*J2^3+-0.0005638186*J2^4+0,-0.0003255208*J1^2*J2^2+0.0003255208*J1^1*J2^3+-0.0003255208*J2^4+0,0,0,0,0,0.0043733818*J1^1*J2^3+0,-0.0025249732*J2^4+0,0.0118275058*J1^2*J2^2+-0.0118275058*J1^1*J2^3+0.0118275058*J2^4+0,0.0068286137*J1^2*J2^2+-0.0136572273*J1^1*J2^3+0,0,0,0,0,0,0,0,0,0,0,0,0,0,0,0,0,0,0,0,0,0,0,0,0,0,0,0,0},
{-0.0073296421*J1^2*J2^2+-0.0035708513*J1^1*J2^3+0,0.0096571181*J1^2*J2^2+-0.0103081597*J1^1*J2^3+0.0099826389*J2^4+0,-0.0042317708*J1^1*J2^3+-0.0020616319*J2^4+0,-0.0057634792*J1^2*J2^2+0.0113390190*J1^1*J2^3+-0.0001879395*J2^4+0,0,0,0,0,0.0035708513*J1^1*J2^3+0,-0.0096571181*J1^2*J2^2+0.0096571181*J1^1*J2^3+-0.0096571181*J2^4+0,0.0020616319*J2^4+0,0.0055755397*J1^2*J2^2+-0.0111510794*J1^1*J2^3+0,0,0,0,0,-0.0103656793*J1^2*J2^2+-0.0025249732*J1^1*J2^3+0,0.0068286137*J1^2*J2^2+-0.0077493256*J1^1*J2^3+0.0072889696*J2^4+0,-0.0059846277*J1^1*J2^3+-0.0014577939*J2^4+0,-0.0042082886*J1^2*J2^2+0.0081507905*J1^1*J2^3+-0.0002657866*J2^4+0,0,0,0,0,-0.0015870450*J1^1*J2^3+0,0.0029296875*J1^2*J2^2+-0.0018325617*J1^1*J2^3+-0.0001808449*J2^4+0,0.0000602816*J1^2*J2^2+-0.0009765625*J2^4+0,0.0000696072*J1^2*J2^2+0.0015870450*J1^1*J2^3+-0.0011276372*J2^4+0,0,0,0,0,0.0069955274*J1^2*J2^2+-0.0069955274*J2^4+0,0.0080777392*J1^2*J2^2+-0.0080777392*J2^4+0,0,0.0069955274*J1^2*J2^2+-0.0069955274*J2^4+0,0,0,0,0,0.0050204145*J1^2*J2^2+-0.0050204145*J2^4+0,0.0057970753*J1^2*J2^2+-0.0057970753*J2^4+0,0,0.0050204145*J1^2*J2^2+-0.0050204145*J2^4+0,0,0,0,0,0,0,0,0,0,0,0,0,0.0073296421*J1^1*J2^3+0,-0.0126953125*J1^2*J2^2+0.0084635417*J1^1*J2^3+0,-0.0003255208*J1^2*J2^2+0.0003255208*J1^1*J2^3+-0.0003255208*J2^4+0,-0.0003758791*J1^2*J2^2+0.0015035163*J1^1*J2^3+-0.0009396977*J2^4+0,0,0,0,0,-0.0025249732*J2^4+0,0.0043733818*J1^1*J2^3+-0.0029155879*J2^4+0,0.0068286137*J1^2*J2^2+-0.0136572273*J1^1*J2^3+0,0.0197125097*J1^2*J2^2+-0.0275975136*J1^1*J2^3+0.0118275058*J2^4+0,0,0,0,0,0,0,0,0,0,0,0,0,0,0,0,0,0,0,0,0,0,0,0,0,0,0,0,0},
{0,0,0,0,0,0,0,0,-0.0011276372*J1^1*J2^3+0.0005638186*J2^4+0,-0.0042317708*J1^2*J2^2+0,-0.0003255208*J1^2*J2^2+0.0003255208*J1^1*J2^3+-0.0003255208*J2^4+0,-0.0024432140*J1^1*J2^3+0,0,0,0,0,-0.0118275058*J1^2*J2^2+0.0118275058*J1^1*J2^3+-0.0118275058*J2^4+0,0.0014577939*J1^1*J2^3+0,0.0068286137*J1^2*J2^2+-0.0136572273*J1^1*J2^3+0,0.0008416577*J2^4+0,0,0,0,0,0,0.0000602816*J1^2*J2^2+-0.0000602816*J2^4+0,0.0000602816*J1^2*J2^2+-0.0000602816*J2^4+0,0,0,0,0,0,0.0014826342*J1^2*J2^2+0.0141998764*J1^1*J2^3+-0.0140954656*J2^4+0,-0.0040991512*J1^2*J2^2+0.0072820216*J1^1*J2^3+-0.0040991512*J2^4+0,0.0040991512*J1^2*J2^2+-0.0072820216*J1^1*J2^3+0.0040991512*J2^4+0,0.0046984885*J1^2*J2^2+-0.0047332921*J1^1*J2^3+-0.0004942114*J2^4+0,0,0,0,0,0.0001476592*J1^2*J2^2+0.0097455104*J1^1*J2^3+-0.0098931697*J2^4+0,-0.0028132865*J1^2*J2^2+0.0056265731*J1^1*J2^3+-0.0028132865*J2^4+0,0.0028132865*J1^2*J2^2+-0.0056265731*J1^1*J2^3+0.0028132865*J2^4+0,0.0032977232*J1^2*J2^2+-0.0032485035*J1^1*J2^3+-0.0000492197*J2^4+0,0,0,0,0,0,0,0,0,0,0,0,0,-0.0011276372*J1^1*J2^3+0.0005638186*J2^4+0,0.0003255208*J1^2*J2^2+-0.0003255208*J1^1*J2^3+0.0003255208*J2^4+0,0.0042317708*J1^2*J2^2+0,-0.0024432140*J1^1*J2^3+0,0,0,0,0,-0.0118275058*J1^2*J2^2+0.0118275058*J1^1*J2^3+-0.0118275058*J2^4+0,-0.0068286137*J1^2*J2^2+0.0136572273*J1^1*J2^3+0,-0.0014577939*J1^1*J2^3+0,0.0008416577*J2^4+0,0,0,0,0,0,0,0,0,0,0,0,0,0,0,0,0,0,0,0,0,0,0,0,0,0,0,0,0},
{-0.0096571181*J1^2*J2^2+0.0103081597*J1^1*J2^3+-0.0099826389*J2^4+0,0.0024432140*J1^2*J2^2+0.0011902838*J1^1*J2^3+0,0.0057634792*J1^2*J2^2+-0.0113390190*J1^1*J2^3+0.0001879395*J2^4+0,0.0014105903*J1^1*J2^3+0.0006872106*J2^4+0,0,0,0,0,0.0096571181*J1^2*J2^2+-0.0096571181*J1^1*J2^3+0.0096571181*J2^4+0,-0.0011902838*J1^1*J2^3+0,-0.0055755397*J1^2*J2^2+0.0111510794*J1^1*J2^3+0,-0.0006872106*J2^4+0,0,0,0,0,-0.0068286137*J1^2*J2^2+0.0077493256*J1^1*J2^3+-0.0072889696*J2^4+0,0.0034552264*J1^2*J2^2+0.0008416577*J1^1*J2^3+0,0.0042082886*J1^2*J2^2+-0.0081507905*J1^1*J2^3+0.0002657866*J2^4+0,0.0019948759*J1^1*J2^3+0.0004859313*J2^4+0,0,0,0,0,0.0000602816*J1^2*J2^2+-0.0000602816*J2^4+0,0.0000696072*J1^2*J2^2+-0.0000696072*J2^4+0,0,0.0000602816*J1^2*J2^2+-0.0000602816*J2^4+0,0,0,0,0,-0.0040991512*J1^2*J2^2+0.0072820216*J1^1*J2^3+-0.0040991512*J2^4+0,-0.0032506580*J1^2*J2^2+0.0226084307*J1^1*J2^3+-0.0188287577*J2^4+0,0.0046984885*J1^2*J2^2+-0.0047332921*J1^1*J2^3+-0.0004942114*J2^4+0,0.0095244985*J1^2*J2^2+-0.0127475566*J1^1*J2^3+0.0035284851*J2^4+0,0,0,0,0,-0.0028132865*J1^2*J2^2+0.0056265731*J1^1*J2^3+-0.0028132865*J2^4+0,-0.0031008442*J1^2*J2^2+0.0162425173*J1^1*J2^3+-0.0131416731*J2^4+0,0.0032977232*J1^2*J2^2+-0.0032485035*J1^1*J2^3+-0.0000492197*J2^4+0,0.0066211693*J1^2*J2^2+-0.0093776218*J1^1*J2^3+0.0027564525*J2^4+0,0,0,0,0,0,0,0,0,0,0,0,0,0.0003255208*J1^2*J2^2+-0.0003255208*J1^1*J2^3+0.0003255208*J2^4+0,0.0003758791*J1^2*J2^2+-0.0015035163*J1^1*J2^3+0.0009396977*J2^4+0,-0.0024432140*J1^1*J2^3+0,0.0042317708*J1^2*J2^2+-0.0028211806*J1^1*J2^3+0,0,0,0,0,-0.0068286137*J1^2*J2^2+0.0136572273*J1^1*J2^3+0,-0.0197125097*J1^2*J2^2+0.0275975136*J1^1*J2^3+-0.0118275058*J2^4+0,0.0008416577*J2^4+0,-0.0014577939*J1^1*J2^3+0.0009718626*J2^4+0,0,0,0,0,0,0,0,0,0,0,0,0,0,0,0,0,0,0,0,0,0,0,0,0,0,0,0,0},
{0,0,0,0,0,0,0,0,0.0073296421*J1^1*J2^3+0,0.0003255208*J1^2*J2^2+-0.0003255208*J1^1*J2^3+0.0003255208*J2^4+0,0.0126953125*J1^2*J2^2+-0.0084635417*J1^1*J2^3+0,-0.0003758791*J1^2*J2^2+0.0015035163*J1^1*J2^3+-0.0009396977*J2^4+0,0,0,0,0,-0.0025249732*J2^4+0,-0.0068286137*J1^2*J2^2+0.0136572273*J1^1*J2^3+0,-0.0043733818*J1^1*J2^3+0.0029155879*J2^4+0,0.0197125097*J1^2*J2^2+-0.0275975136*J1^1*J2^3+0.0118275058*J2^4+0,0,0,0,0,0.0015870450*J1^1*J2^3+0,0.0000602816*J1^2*J2^2+-0.0009765625*J2^4+0,0.0029296875*J1^2*J2^2+-0.0018325617*J1^1*J2^3+-0.0001808449*J2^4+0,-0.0000696072*J1^2*J2^2+-0.0015870450*J1^1*J2^3+0.0011276372*J2^4+0,0,0,0,0,0.0069955274*J1^2*J2^2+-0.0069955274*J2^4+0,0,-0.0080777392*J1^2*J2^2+0.0080777392*J2^4+0,0.0069955274*J1^2*J2^2+-0.0069955274*J2^4+0,0,0,0,0,0.0050204145*J1^2*J2^2+-0.0050204145*J2^4+0,0,-0.0057970753*J1^2*J2^2+0.0057970753*J2^4+0,0.0050204145*J1^2*J2^2+-0.0050204145*J2^4+0,0,0,0,0,0.0073296421*J1^2*J2^2+0.0035708513*J1^1*J2^3+0,-0.0042317708*J1^1*J2^3+-0.0020616319*J2^4+0,0.0096571181*J1^2*J2^2+-0.0103081597*J1^1*J2^3+0.0099826389*J2^4+0,0.0057634792*J1^2*J2^2+-0.0113390190*J1^1*J2^3+0.0001879395*J2^4+0,0,0,0,0,0.0035708513*J1^1*J2^3+0,-0.0020616319*J2^4+0,0.0096571181*J1^2*J2^2+-0.0096571181*J1^1*J2^3+0.0096571181*J2^4+0,0.0055755397*J1^2*J2^2+-0.0111510794*J1^1*J2^3+0,0,0,0,0,-0.0103656793*J1^2*J2^2+-0.0025249732*J1^1*J2^3+0,0.0059846277*J1^1*J2^3+0.0014577939*J2^4+0,-0.0068286137*J1^2*J2^2+0.0077493256*J1^1*J2^3+-0.0072889696*J2^4+0,-0.0042082886*J1^2*J2^2+0.0081507905*J1^1*J2^3+-0.0002657866*J2^4+0,0,0,0,0,0,0,0,0,0,0,0,0,0,0,0,0,0,0,0,0,0,0,0,0,0,0,0,0},
{-0.0042317708*J1^1*J2^3+-0.0020616319*J2^4+0,-0.0057634792*J1^2*J2^2+0.0113390190*J1^1*J2^3+-0.0001879395*J2^4+0,-0.0073296421*J1^2*J2^2+0.0013155768*J1^1*J2^3+0.0023805675*J2^4+0,0.0163122106*J1^2*J2^2+-0.0234013310*J1^1*J2^3+0.0101996528*J2^4+0,0,0,0,0,0.0020616319*J2^4+0,0.0055755397*J1^2*J2^2+-0.0111510794*J1^1*J2^3+0,0.0035708513*J1^1*J2^3+-0.0023805675*J2^4+0,-0.0160951968*J1^2*J2^2+0.0225332755*J1^1*J2^3+-0.0096571181*J2^4+0,0,0,0,0,-0.0059846277*J1^1*J2^3+-0.0014577939*J2^4+0,-0.0042082886*J1^2*J2^2+0.0081507905*J1^1*J2^3+-0.0002657866*J2^4+0,-0.0103656793*J1^2*J2^2+0.0043854797*J1^1*J2^3+0.0016833154*J2^4+0,0.0116879268*J1^2*J2^2+-0.0171610478*J1^1*J2^3+0.0075958736*J2^4+0,0,0,0,0,0.0000602816*J1^2*J2^2+-0.0009765625*J2^4+0,0.0000696072*J1^2*J2^2+0.0015870450*J1^1*J2^3+-0.0011276372*J2^4+0,-0.0000696072*J1^2*J2^2+-0.0015870450*J1^1*J2^3+0.0011276372*J2^4+0,0.0028493120*J1^2*J2^2+-0.0036651235*J1^1*J2^3+0.0011212384*J2^4+0,0,0,0,0,0,0.0069955274*J1^2*J2^2+-0.0069955274*J2^4+0,0.0069955274*J1^2*J2^2+-0.0069955274*J2^4+0,0,0,0,0,0,0,0.0050204145*J1^2*J2^2+-0.0050204145*J2^4+0,0.0050204145*J1^2*J2^2+-0.0050204145*J2^4+0,0,0,0,0,0,-0.0042317708*J1^1*J2^3+-0.0020616319*J2^4+0,0.0073296421*J1^2*J2^2+-0.0013155768*J1^1*J2^3+-0.0023805675*J2^4+0,0.0057634792*J1^2*J2^2+-0.0113390190*J1^1*J2^3+0.0001879395*J2^4+0,0.0163122106*J1^2*J2^2+-0.0234013310*J1^1*J2^3+0.0101996528*J2^4+0,0,0,0,0,-0.0020616319*J2^4+0,0.0035708513*J1^1*J2^3+-0.0023805675*J2^4+0,0.0055755397*J1^2*J2^2+-0.0111510794*J1^1*J2^3+0,0.0160951968*J1^2*J2^2+-0.0225332755*J1^1*J2^3+0.0096571181*J2^4+0,0,0,0,0,0.0059846277*J1^1*J2^3+0.0014577939*J2^4+0,-0.0103656793*J1^2*J2^2+0.0043854797*J1^1*J2^3+0.0016833154*J2^4+0,-0.0042082886*J1^2*J2^2+0.0081507905*J1^1*J2^3+-0.0002657866*J2^4+0,-0.0116879268*J1^2*J2^2+0.0171610478*J1^1*J2^3+-0.0075958736*J2^4+0,0,0,0,0,0,0,0,0,0,0,0,0,0,0,0,0,0,0,0,0,0,0,0,0,0,0,0,0},
{0,0,0,0,0,0,0,0,-0.0003255208*J1^2*J2^2+0.0003255208*J1^1*J2^3+-0.0003255208*J2^4+0,-0.0024432140*J1^1*J2^3+0,0.0003758791*J1^2*J2^2+-0.0015035163*J1^1*J2^3+0.0009396977*J2^4+0,-0.0042317708*J1^2*J2^2+0.0028211806*J1^1*J2^3+0,0,0,0,0,0.0068286137*J1^2*J2^2+-0.0136572273*J1^1*J2^3+0,0.0008416577*J2^4+0,-0.0197125097*J1^2*J2^2+0.0275975136*J1^1*J2^3+-0.0118275058*J2^4+0,0.0014577939*J1^1*J2^3+-0.0009718626*J2^4+0,0,0,0,0,0.0000602816*J1^2*J2^2+-0.0000602816*J2^4+0,0,-0.0000696072*J1^2*J2^2+0.0000696072*J2^4+0,0.0000602816*J1^2*J2^2+-0.0000602816*J2^4+0,0,0,0,0,0.0040991512*J1^2*J2^2+-0.0072820216*J1^1*J2^3+0.0040991512*J2^4+0,0.0046984885*J1^2*J2^2+-0.0047332921*J1^1*J2^3+-0.0004942114*J2^4+0,-0.0032506580*J1^2*J2^2+0.0226084307*J1^1*J2^3+-0.0188287577*J2^4+0,-0.0095244985*J1^2*J2^2+0.0127475566*J1^1*J2^3+-0.0035284851*J2^4+0,0,0,0,0,0.0028132865*J1^2*J2^2+-0.0056265731*J1^1*J2^3+0.0028132865*J2^4+0,0.0032977232*J1^2*J2^2+-0.0032485035*J1^1*J2^3+-0.0000492197*J2^4+0,-0.0031008442*J1^2*J2^2+0.0162425173*J1^1*J2^3+-0.0131416731*J2^4+0,-0.0066211693*J1^2*J2^2+0.0093776218*J1^1*J2^3+-0.0027564525*J2^4+0,0,0,0,0,-0.0096571181*J1^2*J2^2+0.0103081597*J1^1*J2^3+-0.0099826389*J2^4+0,-0.0057634792*J1^2*J2^2+0.0113390190*J1^1*J2^3+-0.0001879395*J2^4+0,-0.0024432140*J1^2*J2^2+-0.0011902838*J1^1*J2^3+0,0.0014105903*J1^1*J2^3+0.0006872106*J2^4+0,0,0,0,0,-0.0096571181*J1^2*J2^2+0.0096571181*J1^1*J2^3+-0.0096571181*J2^4+0,-0.0055755397*J1^2*J2^2+0.0111510794*J1^1*J2^3+0,-0.0011902838*J1^1*J2^3+0,0.0006872106*J2^4+0,0,0,0,0,0.0068286137*J1^2*J2^2+-0.0077493256*J1^1*J2^3+0.0072889696*J2^4+0,0.0042082886*J1^2*J2^2+-0.0081507905*J1^1*J2^3+0.0002657866*J2^4+0,0.0034552264*J1^2*J2^2+0.0008416577*J1^1*J2^3+0,-0.0019948759*J1^1*J2^3+-0.0004859313*J2^4+0,0,0,0,0,0,0,0,0,0,0,0,0,0,0,0,0,0,0,0,0,0,0,0,0,0,0,0,0},
{0.0057634792*J1^2*J2^2+-0.0113390190*J1^1*J2^3+0.0001879395*J2^4+0,0.0014105903*J1^1*J2^3+0.0006872106*J2^4+0,-0.0163122106*J1^2*J2^2+0.0234013310*J1^1*J2^3+-0.0101996528*J2^4+0,0.0024432140*J1^2*J2^2+-0.0004385256*J1^1*J2^3+-0.0007935225*J2^4+0,0,0,0,0,-0.0055755397*J1^2*J2^2+0.0111510794*J1^1*J2^3+0,-0.0006872106*J2^4+0,0.0160951968*J1^2*J2^2+-0.0225332755*J1^1*J2^3+0.0096571181*J2^4+0,-0.0011902838*J1^1*J2^3+0.0007935225*J2^4+0,0,0,0,0,0.0042082886*J1^2*J2^2+-0.0081507905*J1^1*J2^3+0.0002657866*J2^4+0,0.0019948759*J1^1*J2^3+0.0004859313*J2^4+0,-0.0116879268*J1^2*J2^2+0.0171610478*J1^1*J2^3+-0.0075958736*J2^4+0,0.0034552264*J1^2*J2^2+-0.0014618266*J1^1*J2^3+-0.0005611051*J2^4+0,0,0,0,0,0,0.0000602816*J1^2*J2^2+-0.0000602816*J2^4+0,0.0000602816*J1^2*J2^2+-0.0000602816*J2^4+0,0,0,0,0,0,0.0046984885*J1^2*J2^2+-0.0047332921*J1^1*J2^3+-0.0004942114*J2^4+0,0.0095244985*J1^2*J2^2+-0.0127475566*J1^1*J2^3+0.0035284851*J2^4+0,-0.0095244985*J1^2*J2^2+0.0127475566*J1^1*J2^3+-0.0035284851*J2^4+0,-0.0142486015*J1^2*J2^2+0.0373280411*J1^1*J2^3+-0.0229031013*J2^4+0,0,0,0,0,0.0032977232*J1^2*J2^2+-0.0032485035*J1^1*J2^3+-0.0000492197*J2^4+0,0.0066211693*J1^2*J2^2+-0.0093776218*J1^1*J2^3+0.0027564525*J2^4+0,-0.0066211693*J1^2*J2^2+0.0093776218*J1^1*J2^3+-0.0027564525*J2^4+0,-0.0107463120*J1^2*J2^2+0.0270708622*J1^1*J2^3+-0.0163245503*J2^4+0,0,0,0,0,-0.0057634792*J1^2*J2^2+0.0113390190*J1^1*J2^3+-0.0001879395*J2^4+0,-0.0163122106*J1^2*J2^2+0.0234013310*J1^1*J2^3+-0.0101996528*J2^4+0,0.0014105903*J1^1*J2^3+0.0006872106*J2^4+0,-0.0024432140*J1^2*J2^2+0.0004385256*J1^1*J2^3+0.0007935225*J2^4+0,0,0,0,0,-0.0055755397*J1^2*J2^2+0.0111510794*J1^1*J2^3+0,-0.0160951968*J1^2*J2^2+0.0225332755*J1^1*J2^3+-0.0096571181*J2^4+0,0.0006872106*J2^4+0,-0.0011902838*J1^1*J2^3+0.0007935225*J2^4+0,0,0,0,0,0.0042082886*J1^2*J2^2+-0.0081507905*J1^1*J2^3+0.0002657866*J2^4+0,0.0116879268*J1^2*J2^2+-0.0171610478*J1^1*J2^3+0.0075958736*J2^4+0,-0.0019948759*J1^1*J2^3+-0.0004859313*J2^4+0,0.0034552264*J1^2*J2^2+-0.0014618266*J1^1*J2^3+-0.0005611051*J2^4+0,0,0,0,0,0,0,0,0,0,0,0,0,0,0,0,0,0,0,0,0,0,0,0,0,0,0,0,0},
{0,0,0,0,0,0,0,0,0,0,0,0,-0.0073296421*J1^2*J2^2+0,-0.0006510417*J1^1*J2^3+0.0003255208*J2^4+0,-0.0042317708*J1^1*J2^3+0,-0.0001879395*J1^2*J2^2+0.0001879395*J1^1*J2^3+-0.0001879395*J2^4+0,0,0,0,0,0.0025249732*J1^1*J2^3+0,-0.0068286137*J1^2*J2^2+0.0068286137*J1^1*J2^3+-0.0068286137*J2^4+0,0.0014577939*J2^4+0,0.0039425019*J1^2*J2^2+-0.0078850039*J1^1*J2^3+0,0,0,0,0,-0.0016914559*J1^2*J2^2+0.0001044109*J2^4+0,0.0009162809*J1^1*J2^3+0,-0.0009162809*J1^1*J2^3+0,-0.0000348036*J1^2*J2^2+0.0005638186*J2^4+0,0,0,0,0,0,-0.0040388696*J1^2*J2^2+0.0040388696*J2^4+0,-0.0040388696*J1^2*J2^2+0.0040388696*J2^4+0,0,0,0,0,0,0,-0.0028985376*J1^2*J2^2+0.0028985376*J2^4+0,-0.0028985376*J1^2*J2^2+0.0028985376*J2^4+0,0,0,0,0,0,0,0,0,0,0,0,0,0,0.0073296421*J1^2*J2^2+0,-0.0042317708*J1^1*J2^3+0,-0.0006510417*J1^1*J2^3+0.0003255208*J2^4+0,0.0001879395*J1^2*J2^2+-0.0001879395*J1^1*J2^3+0.0001879395*J2^4+0,0,0,0,0,-0.0025249732*J1^1*J2^3+0,0.0014577939*J2^4+0,-0.0068286137*J1^2*J2^2+0.0068286137*J1^1*J2^3+-0.0068286137*J2^4+0,-0.0039425019*J1^2*J2^2+0.0078850039*J1^1*J2^3+0,0,0,0,0,0,0,0,0,0,0,0,0,0,0,0,0,0,0,0,0,0,0,0,0},
{0,0,0,0,0.0042317708*J1^2*J2^2+0.0020616319*J1^1*J2^3+0,-0.0055755397*J1^2*J2^2+0.0059514188*J1^1*J2^3+-0.0057634792*J2^4+0,0.0024432140*J1^1*J2^3+0.0011902838*J2^4+0,0.0033275463*J1^2*J2^2+-0.0065465856*J1^1*J2^3+0.0001085069*J2^4+0,0,0,0,0,-0.0020616319*J1^1*J2^3+0,0.0055755397*J1^2*J2^2+-0.0055755397*J1^1*J2^3+0.0055755397*J2^4+0,-0.0011902838*J2^4+0,-0.0032190394*J1^2*J2^2+0.0064380787*J1^1*J2^3+0,0,0,0,0,0.0059846277*J1^2*J2^2+0.0014577939*J1^1*J2^3+0,-0.0039425019*J1^2*J2^2+0.0044740752*J1^1*J2^3+-0.0042082886*J2^4+0,0.0034552264*J1^1*J2^3+0.0008416577*J2^4+0,0.0024296565*J1^2*J2^2+-0.0047058611*J1^1*J2^3+0.0001534520*J2^4+0,0,0,0,0,0.0009162809*J1^1*J2^3+0,-0.0016914559*J1^2*J2^2+0.0010580300*J1^1*J2^3+0.0001044109*J2^4+0,-0.0000348036*J1^2*J2^2+0.0005638186*J2^4+0,-0.0000401878*J1^2*J2^2+-0.0009162809*J1^1*J2^3+0.0006510417*J2^4+0,0,0,0,0,-0.0040388696*J1^2*J2^2+0.0040388696*J2^4+0,-0.0046636849*J1^2*J2^2+0.0046636849*J2^4+0,0,-0.0040388696*J1^2*J2^2+0.0040388696*J2^4+0,0,0,0,0,-0.0028985376*J1^2*J2^2+0.0028985376*J2^4+0,-0.0033469430*J1^2*J2^2+0.0033469430*J2^4+0,0,-0.0028985376*J1^2*J2^2+0.0028985376*J2^4+0,0,0,0,0,0,0,0,0,0,0,0,0,-0.0042317708*J1^1*J2^3+0,0.0073296421*J1^2*J2^2+-0.0048864281*J1^1*J2^3+0,0.0001879395*J1^2*J2^2+-0.0001879395*J1^1*J2^3+0.0001879395*J2^4+0,0.0002170139*J1^2*J2^2+-0.0008680556*J1^1*J2^3+0.0005425347*J2^4+0,0,0,0,0,0.0014577939*J2^4+0,-0.0025249732*J1^1*J2^3+0.0016833154*J2^4+0,-0.0039425019*J1^2*J2^2+0.0078850039*J1^1*J2^3+0,-0.0113810228*J1^2*J2^2+0.0159334319*J1^1*J2^3+-0.0068286137*J2^4+0,0,0,0,0,0,0,0,0,0,0,0,0,0,0,0,0,0,0,0,0,0,0,0,0},
{0,0,0,0,0,0,0,0,0,0,0,0,0.0006510417*J1^1*J2^3+-0.0003255208*J2^4+0,0.0024432140*J1^2*J2^2+0,0.0001879395*J1^2*J2^2+-0.0001879395*J1^1*J2^3+0.0001879395*J2^4+0,0.0014105903*J1^1*J2^3+0,0,0,0,0,0.0068286137*J1^2*J2^2+-0.0068286137*J1^1*J2^3+0.0068286137*J2^4+0,-0.0008416577*J1^1*J2^3+0,-0.0039425019*J1^2*J2^2+0.0078850039*J1^1*J2^3+0,-0.0004859313*J2^4+0,0,0,0,0,0,-0.0000348036*J1^2*J2^2+0.0000348036*J2^4+0,-0.0000348036*J1^2*J2^2+0.0000348036*J2^4+0,0,0,0,0,0,-0.0008559992*J1^2*J2^2+-0.0081983025*J1^1*J2^3+0.0081380208*J2^4+0,0.0023666461*J1^2*J2^2+-0.0042042771*J1^1*J2^3+0.0023666461*J2^4+0,-0.0023666461*J1^2*J2^2+0.0042042771*J1^1*J2^3+-0.0023666461*J2^4+0,-0.0027126736*J1^2*J2^2+0.0027327675*J1^1*J2^3+0.0002853331*J2^4+0,0,0,0,0,-0.0000852511*J1^2*J2^2+-0.0056265731*J1^1*J2^3+0.0057118242*J2^4+0,0.0016242517*J1^2*J2^2+-0.0032485035*J1^1*J2^3+0.0016242517*J2^4+0,-0.0016242517*J1^2*J2^2+0.0032485035*J1^1*J2^3+-0.0016242517*J2^4+0,-0.0019039414*J1^2*J2^2+0.0018755244*J1^1*J2^3+0.0000284170*J2^4+0,0,0,0,0,0,0,0,0,0,0,0,0,0.0006510417*J1^1*J2^3+-0.0003255208*J2^4+0,-0.0001879395*J1^2*J2^2+0.0001879395*J1^1*J2^3+-0.0001879395*J2^4+0,-0.0024432140*J1^2*J2^2+0,0.0014105903*J1^1*J2^3+0,0,0,0,0,0.0068286137*J1^2*J2^2+-0.0068286137*J1^1*J2^3+0.0068286137*J2^4+0,0.0039425019*J1^2*J2^2+-0.0078850039*J1^1*J2^3+0,0.0008416577*J1^1*J2^3+0,-0.0004859313*J2^4+0,0,0,0,0,0,0,0,0,0,0,0,0,0,0,0,0,0,0,0,0,0,0,0,0},
{0,0,0,0,0.0055755397*J1^2*J2^2+-0.0059514188*J1^1*J2^3+0.0057634792*J2^4+0,-0.0014105903*J1^2*J2^2+-0.0006872106*J1^1*J2^3+0,-0.0033275463*J1^2*J2^2+0.0065465856*J1^1*J2^3+-0.0001085069*J2^4+0,-0.0008144047*J1^1*J2^3+-0.0003967613*J2^4+0,0,0,0,0,-0.0055755397*J1^2*J2^2+0.0055755397*J1^1*J2^3+-0.0055755397*J2^4+0,0.0006872106*J1^1*J2^3+0,0.0032190394*J1^2*J2^2+-0.0064380787*J1^1*J2^3+0,0.0003967613*J2^4+0,0,0,0,0,0.0039425019*J1^2*J2^2+-0.0044740752*J1^1*J2^3+0.0042082886*J2^4+0,-0.0019948759*J1^2*J2^2+-0.0004859313*J1^1*J2^3+0,-0.0024296565*J1^2*J2^2+0.0047058611*J1^1*J2^3+-0.0001534520*J2^4+0,-0.0011517421*J1^1*J2^3+-0.0002805526*J2^4+0,0,0,0,0,-0.0000348036*J1^2*J2^2+0.0000348036*J2^4+0,-0.0000401878*J1^2*J2^2+0.0000401878*J2^4+0,0,-0.0000348036*J1^2*J2^2+0.0000348036*J2^4+0,0,0,0,0,0.0023666461*J1^2*J2^2+-0.0042042771*J1^1*J2^3+0.0023666461*J2^4+0,0.0018767683*J1^2*J2^2+-0.0130529835*J1^1*J2^3+0.0108707883*J2^4+0,-0.0027126736*J1^2*J2^2+0.0027327675*J1^1*J2^3+0.0002853331*J2^4+0,-0.0054989717*J1^2*J2^2+0.0073598052*J1^1*J2^3+-0.0020371718*J2^4+0,0,0,0,0,0.0016242517*J1^2*J2^2+-0.0032485035*J1^1*J2^3+0.0016242517*J2^4+0,0.0017902732*J1^2*J2^2+-0.0093776218*J1^1*J2^3+0.0075873485*J2^4+0,-0.0019039414*J1^2*J2^2+0.0018755244*J1^1*J2^3+0.0000284170*J2^4+0,-0.0038227339*J1^2*J2^2+0.0054141724*J1^1*J2^3+-0.0015914386*J2^4+0,0,0,0,0,0,0,0,0,0,0,0,0,-0.0001879395*J1^2*J2^2+0.0001879395*J1^1*J2^3+-0.0001879395*J2^4+0,-0.0002170139*J1^2*J2^2+0.0008680556*J1^1*J2^3+-0.0005425347*J2^4+0,0.0014105903*J1^1*J2^3+0,-0.0024432140*J1^2*J2^2+0.0016288094*J1^1*J2^3+0,0,0,0,0,0.0039425019*J1^2*J2^2+-0.0078850039*J1^1*J2^3+0,0.0113810228*J1^2*J2^2+-0.0159334319*J1^1*J2^3+0.0068286137*J2^4+0,-0.0004859313*J2^4+0,0.0008416577*J1^1*J2^3+-0.0005611051*J2^4+0,0,0,0,0,0,0,0,0,0,0,0,0,0,0,0,0,0,0,0,0,0,0,0,0},
{0,0,0,0,0,0,0,0,0,0,0,0,-0.0042317708*J1^1*J2^3+0,-0.0001879395*J1^2*J2^2+0.0001879395*J1^1*J2^3+-0.0001879395*J2^4+0,-0.0073296421*J1^2*J2^2+0.0048864281*J1^1*J2^3+0,0.0002170139*J1^2*J2^2+-0.0008680556*J1^1*J2^3+0.0005425347*J2^4+0,0,0,0,0,0.0014577939*J2^4+0,0.0039425019*J1^2*J2^2+-0.0078850039*J1^1*J2^3+0,0.0025249732*J1^1*J2^3+-0.0016833154*J2^4+0,-0.0113810228*J1^2*J2^2+0.0159334319*J1^1*J2^3+-0.0068286137*J2^4+0,0,0,0,0,-0.0009162809*J1^1*J2^3+0,-0.0000348036*J1^2*J2^2+0.0005638186*J2^4+0,-0.0016914559*J1^2*J2^2+0.0010580300*J1^1*J2^3+0.0001044109*J2^4+0,0.0000401878*J1^2*J2^2+0.0009162809*J1^1*J2^3+-0.0006510417*J2^4+0,0,0,0,0,-0.0040388696*J1^2*J2^2+0.0040388696*J2^4+0,0,0.0046636849*J1^2*J2^2+-0.0046636849*J2^4+0,-0.0040388696*J1^2*J2^2+0.0040388696*J2^4+0,0,0,0,0,-0.0028985376*J1^2*J2^2+0.0028985376*J2^4+0,0,0.0033469430*J1^2*J2^2+-0.0033469430*J2^4+0,-0.0028985376*J1^2*J2^2+0.0028985376*J2^4+0,0,0,0,0,-0.0042317708*J1^2*J2^2+-0.0020616319*J1^1*J2^3+0,0.0024432140*J1^1*J2^3+0.0011902838*J2^4+0,-0.0055755397*J1^2*J2^2+0.0059514188*J1^1*J2^3+-0.0057634792*J2^4+0,-0.0033275463*J1^2*J2^2+0.0065465856*J1^1*J2^3+-0.0001085069*J2^4+0,0,0,0,0,-0.0020616319*J1^1*J2^3+0,0.0011902838*J2^4+0,-0.0055755397*J1^2*J2^2+0.0055755397*J1^1*J2^3+-0.0055755397*J2^4+0,-0.0032190394*J1^2*J2^2+0.0064380787*J1^1*J2^3+0,0,0,0,0,0.0059846277*J1^2*J2^2+0.0014577939*J1^1*J2^3+0,-0.0034552264*J1^1*J2^3+-0.0008416577*J2^4+0,0.0039425019*J1^2*J2^2+-0.0044740752*J1^1*J2^3+0.0042082886*J2^4+0,0.0024296565*J1^2*J2^2+-0.0047058611*J1^1*J2^3+0.0001534520*J2^4+0,0,0,0,0,0,0,0,0,0,0,0,0,0,0,0,0,0,0,0,0,0,0,0,0},
{0,0,0,0,0.0024432140*J1^1*J2^3+0.0011902838*J2^4+0,0.0033275463*J1^2*J2^2+-0.0065465856*J1^1*J2^3+0.0001085069*J2^4+0,0.0042317708*J1^2*J2^2+-0.0007595486*J1^1*J2^3+-0.0013744213*J2^4+0,-0.0094178592*J1^2*J2^2+0.0135107648*J1^1*J2^3+-0.0058887723*J2^4+0,0,0,0,0,-0.0011902838*J2^4+0,-0.0032190394*J1^2*J2^2+0.0064380787*J1^1*J2^3+0,-0.0020616319*J1^1*J2^3+0.0013744213*J2^4+0,0.0092925662*J1^2*J2^2+-0.0130095927*J1^1*J2^3+0.0055755397*J2^4+0,0,0,0,0,0.0034552264*J1^1*J2^3+0.0008416577*J2^4+0,0.0024296565*J1^2*J2^2+-0.0047058611*J1^1*J2^3+0.0001534520*J2^4+0,0.0059846277*J1^2*J2^2+-0.0025319579*J1^1*J2^3+-0.0009718626*J2^4+0,-0.0067480277*J1^2*J2^2+0.0099079356*J1^1*J2^3+-0.0043854797*J2^4+0,0,0,0,0,-0.0000348036*J1^2*J2^2+0.0005638186*J2^4+0,-0.0000401878*J1^2*J2^2+-0.0009162809*J1^1*J2^3+0.0006510417*J2^4+0,0.0000401878*J1^2*J2^2+0.0009162809*J1^1*J2^3+-0.0006510417*J2^4+0,-0.0016450510*J1^2*J2^2+0.0021160600*J1^1*J2^3+-0.0006473473*J2^4+0,0,0,0,0,0,-0.0040388696*J1^2*J2^2+0.0040388696*J2^4+0,-0.0040388696*J1^2*J2^2+0.0040388696*J2^4+0,0,0,0,0,0,0,-0.0028985376*J1^2*J2^2+0.0028985376*J2^4+0,-0.0028985376*J1^2*J2^2+0.0028985376*J2^4+0,0,0,0,0,0,0.0024432140*J1^1*J2^3+0.0011902838*J2^4+0,-0.0042317708*J1^2*J2^2+0.0007595486*J1^1*J2^3+0.0013744213*J2^4+0,-0.0033275463*J1^2*J2^2+0.0065465856*J1^1*J2^3+-0.0001085069*J2^4+0,-0.0094178592*J1^2*J2^2+0.0135107648*J1^1*J2^3+-0.0058887723*J2^4+0,0,0,0,0,0.0011902838*J2^4+0,-0.0020616319*J1^1*J2^3+0.0013744213*J2^4+0,-0.0032190394*J1^2*J2^2+0.0064380787*J1^1*J2^3+0,-0.0092925662*J1^2*J2^2+0.0130095927*J1^1*J2^3+-0.0055755397*J2^4+0,0,0,0,0,-0.0034552264*J1^1*J2^3+-0.0008416577*J2^4+0,0.0059846277*J1^2*J2^2+-0.0025319579*J1^1*J2^3+-0.0009718626*J2^4+0,0.0024296565*J1^2*J2^2+-0.0047058611*J1^1*J2^3+0.0001534520*J2^4+0,0.0067480277*J1^2*J2^2+-0.0099079356*J1^1*J2^3+0.0043854797*J2^4+0,0,0,0,0,0,0,0,0,0,0,0,0,0,0,0,0,0,0,0,0,0,0,0,0},
{0,0,0,0,0,0,0,0,0,0,0,0,0.0001879395*J1^2*J2^2+-0.0001879395*J1^1*J2^3+0.0001879395*J2^4+0,0.0014105903*J1^1*J2^3+0,-0.0002170139*J1^2*J2^2+0.0008680556*J1^1*J2^3+-0.0005425347*J2^4+0,0.0024432140*J1^2*J2^2+-0.0016288094*J1^1*J2^3+0,0,0,0,0,-0.0039425019*J1^2*J2^2+0.0078850039*J1^1*J2^3+0,-0.0004859313*J2^4+0,0.0113810228*J1^2*J2^2+-0.0159334319*J1^1*J2^3+0.0068286137*J2^4+0,-0.0008416577*J1^1*J2^3+0.0005611051*J2^4+0,0,0,0,0,-0.0000348036*J1^2*J2^2+0.0000348036*J2^4+0,0,0.0000401878*J1^2*J2^2+-0.0000401878*J2^4+0,-0.0000348036*J1^2*J2^2+0.0000348036*J2^4+0,0,0,0,0,-0.0023666461*J1^2*J2^2+0.0042042771*J1^1*J2^3+-0.0023666461*J2^4+0,-0.0027126736*J1^2*J2^2+0.0027327675*J1^1*J2^3+0.0002853331*J2^4+0,0.0018767683*J1^2*J2^2+-0.0130529835*J1^1*J2^3+0.0108707883*J2^4+0,0.0054989717*J1^2*J2^2+-0.0073598052*J1^1*J2^3+0.0020371718*J2^4+0,0,0,0,0,-0.0016242517*J1^2*J2^2+0.0032485035*J1^1*J2^3+-0.0016242517*J2^4+0,-0.0019039414*J1^2*J2^2+0.0018755244*J1^1*J2^3+0.0000284170*J2^4+0,0.0017902732*J1^2*J2^2+-0.0093776218*J1^1*J2^3+0.0075873485*J2^4+0,0.0038227339*J1^2*J2^2+-0.0054141724*J1^1*J2^3+0.0015914386*J2^4+0,0,0,0,0,0.0055755397*J1^2*J2^2+-0.0059514188*J1^1*J2^3+0.0057634792*J2^4+0,0.0033275463*J1^2*J2^2+-0.0065465856*J1^1*J2^3+0.0001085069*J2^4+0,0.0014105903*J1^2*J2^2+0.0006872106*J1^1*J2^3+0,-0.0008144047*J1^1*J2^3+-0.0003967613*J2^4+0,0,0,0,0,0.0055755397*J1^2*J2^2+-0.0055755397*J1^1*J2^3+0.0055755397*J2^4+0,0.0032190394*J1^2*J2^2+-0.0064380787*J1^1*J2^3+0,0.0006872106*J1^1*J2^3+0,-0.0003967613*J2^4+0,0,0,0,0,-0.0039425019*J1^2*J2^2+0.0044740752*J1^1*J2^3+-0.0042082886*J2^4+0,-0.0024296565*J1^2*J2^2+0.0047058611*J1^1*J2^3+-0.0001534520*J2^4+0,-0.0019948759*J1^2*J2^2+-0.0004859313*J1^1*J2^3+0,0.0011517421*J1^1*J2^3+0.0002805526*J2^4+0,0,0,0,0,0,0,0,0,0,0,0,0,0,0,0,0,0,0,0,0,0,0,0,0},
{0,0,0,0,-0.0033275463*J1^2*J2^2+0.0065465856*J1^1*J2^3+-0.0001085069*J2^4+0,-0.0008144047*J1^1*J2^3+-0.0003967613*J2^4+0,0.0094178592*J1^2*J2^2+-0.0135107648*J1^1*J2^3+0.0058887723*J2^4+0,-0.0014105903*J1^2*J2^2+0.0002531829*J1^1*J2^3+0.0004581404*J2^4+0,0,0,0,0,0.0032190394*J1^2*J2^2+-0.0064380787*J1^1*J2^3+0,0.0003967613*J2^4+0,-0.0092925662*J1^2*J2^2+0.0130095927*J1^1*J2^3+-0.0055755397*J2^4+0,0.0006872106*J1^1*J2^3+-0.0004581404*J2^4+0,0,0,0,0,-0.0024296565*J1^2*J2^2+0.0047058611*J1^1*J2^3+-0.0001534520*J2^4+0,-0.0011517421*J1^1*J2^3+-0.0002805526*J2^4+0,0.0067480277*J1^2*J2^2+-0.0099079356*J1^1*J2^3+0.0043854797*J2^4+0,-0.0019948759*J1^2*J2^2+0.0008439860*J1^1*J2^3+0.0003239542*J2^4+0,0,0,0,0,0,-0.0000348036*J1^2*J2^2+0.0000348036*J2^4+0,-0.0000348036*J1^2*J2^2+0.0000348036*J2^4+0,0,0,0,0,0,-0.0027126736*J1^2*J2^2+0.0027327675*J1^1*J2^3+0.0002853331*J2^4+0,-0.0054989717*J1^2*J2^2+0.0073598052*J1^1*J2^3+-0.0020371718*J2^4+0,0.0054989717*J1^2*J2^2+-0.0073598052*J1^1*J2^3+0.0020371718*J2^4+0,0.0082264339*J1^2*J2^2+-0.0215513546*J1^1*J2^3+0.0132231117*J2^4+0,0,0,0,0,-0.0019039414*J1^2*J2^2+0.0018755244*J1^1*J2^3+0.0000284170*J2^4+0,-0.0038227339*J1^2*J2^2+0.0054141724*J1^1*J2^3+-0.0015914386*J2^4+0,0.0038227339*J1^2*J2^2+-0.0054141724*J1^1*J2^3+0.0015914386*J2^4+0,0.0062043861*J1^2*J2^2+-0.0156293696*J1^1*J2^3+0.0094249835*J2^4+0,0,0,0,0,0.0033275463*J1^2*J2^2+-0.0065465856*J1^1*J2^3+0.0001085069*J2^4+0,0.0094178592*J1^2*J2^2+-0.0135107648*J1^1*J2^3+0.0058887723*J2^4+0,-0.0008144047*J1^1*J2^3+-0.0003967613*J2^4+0,0.0014105903*J1^2*J2^2+-0.0002531829*J1^1*J2^3+-0.0004581404*J2^4+0,0,0,0,0,0.0032190394*J1^2*J2^2+-0.0064380787*J1^1*J2^3+0,0.0092925662*J1^2*J2^2+-0.0130095927*J1^1*J2^3+0.0055755397*J2^4+0,-0.0003967613*J2^4+0,0.0006872106*J1^1*J2^3+-0.0004581404*J2^4+0,0,0,0,0,-0.0024296565*J1^2*J2^2+0.0047058611*J1^1*J2^3+-0.0001534520*J2^4+0,-0.0067480277*J1^2*J2^2+0.0099079356*J1^1*J2^3+-0.0043854797*J2^4+0,0.0011517421*J1^1*J2^3+0.0002805526*J2^4+0,-0.0019948759*J1^2*J2^2+0.0008439860*J1^1*J2^3+0.0003239542*J2^4+0,0,0,0,0,0,0,0,0,0,0,0,0,0,0,0,0,0,0,0,0,0,0,0,0},
{0,0,0,0,0,0,0,0,0,0,0,0,-0.0103656793*J1^2*J2^2+0,-0.0009207120*J1^1*J2^3+0.0004603560*J2^4+0,-0.0059846277*J1^1*J2^3+0,-0.0002657866*J1^2*J2^2+0.0002657866*J1^1*J2^3+-0.0002657866*J2^4+0,0,0,0,0,0.0035708513*J1^1*J2^3+0,-0.0096571181*J1^2*J2^2+0.0096571181*J1^1*J2^3+-0.0096571181*J2^4+0,0.0020616319*J2^4+0,0.0055755397*J1^2*J2^2+-0.0111510794*J1^1*J2^3+0,0,0,0,0,-0.0023920798*J1^2*J2^2+0.0001476592*J2^4+0,0.0012958168*J1^1*J2^3+0,-0.0012958168*J1^1*J2^3+0,-0.0000492197*J1^2*J2^2+0.0007973599*J2^4+0,0,0,0,0,0,-0.0057118242*J1^2*J2^2+0.0057118242*J2^4+0,-0.0057118242*J1^2*J2^2+0.0057118242*J2^4+0,0,0,0,0,0,0,-0.0040991512*J1^2*J2^2+0.0040991512*J2^4+0,-0.0040991512*J1^2*J2^2+0.0040991512*J2^4+0,0,0,0,0,0,0,0,0,0,0,0,0,0,0.0103656793*J1^2*J2^2+0,-0.0059846277*J1^1*J2^3+0,-0.0009207120*J1^1*J2^3+0.0004603560*J2^4+0,0.0002657866*J1^2*J2^2+-0.0002657866*J1^1*J2^3+0.0002657866*J2^4+0,0,0,0,0,-0.0035708513*J1^1*J2^3+0,0.0020616319*J2^4+0,-0.0096571181*J1^2*J2^2+0.0096571181*J1^1*J2^3+-0.0096571181*J2^4+0,-0.0055755397*J1^2*J2^2+0.0111510794*J1^1*J2^3+0,0,0,0,0,0,0,0,0,0,0,0,0,0,0,0,0,0,0,0,0,0,0,0,0},
{0,0,0,0,0.0059846277*J1^2*J2^2+0.0029155879*J1^1*J2^3+0,-0.0078850039*J1^2*J2^2+0.0084165772*J1^1*J2^3+-0.0081507905*J2^4+0,0.0034552264*J1^1*J2^3+0.0016833154*J2^4+0,0.0047058611*J1^2*J2^2+-0.0092582702*J1^1*J2^3+0.0001534520*J2^4+0,0,0,0,0,-0.0029155879*J1^1*J2^3+0,0.0078850039*J1^2*J2^2+-0.0078850039*J1^1*J2^3+0.0078850039*J2^4+0,-0.0016833154*J2^4+0,-0.0045524091*J1^2*J2^2+0.0091048182*J1^1*J2^3+0,0,0,0,0,0.0084635417*J1^2*J2^2+0.0020616319*J1^1*J2^3+0,-0.0055755397*J1^2*J2^2+0.0063272979*J1^1*J2^3+-0.0059514188*J2^4+0,0.0048864281*J1^1*J2^3+0.0011902838*J2^4+0,0.0034360532*J1^2*J2^2+-0.0066550926*J1^1*J2^3+0.0002170139*J2^4+0,0,0,0,0,0.0012958168*J1^1*J2^3+0,-0.0023920798*J1^2*J2^2+0.0014962804*J1^1*J2^3+0.0001476592*J2^4+0,-0.0000492197*J1^2*J2^2+0.0007973599*J2^4+0,-0.0000568341*J1^2*J2^2+-0.0012958168*J1^1*J2^3+0.0009207120*J2^4+0,0,0,0,0,-0.0057118242*J1^2*J2^2+0.0057118242*J2^4+0,-0.0065954464*J1^2*J2^2+0.0065954464*J2^4+0,0,-0.0057118242*J1^2*J2^2+0.0057118242*J2^4+0,0,0,0,0,-0.0040991512*J1^2*J2^2+0.0040991512*J2^4+0,-0.0047332921*J1^2*J2^2+0.0047332921*J2^4+0,0,-0.0040991512*J1^2*J2^2+0.0040991512*J2^4+0,0,0,0,0,0,0,0,0,0,0,0,0,-0.0059846277*J1^1*J2^3+0,0.0103656793*J1^2*J2^2+-0.0069104528*J1^1*J2^3+0,0.0002657866*J1^2*J2^2+-0.0002657866*J1^1*J2^3+0.0002657866*J2^4+0,0.0003069040*J1^2*J2^2+-0.0012276159*J1^1*J2^3+0.0007672600*J2^4+0,0,0,0,0,0.0020616319*J2^4+0,-0.0035708513*J1^1*J2^3+0.0023805675*J2^4+0,-0.0055755397*J1^2*J2^2+0.0111510794*J1^1*J2^3+0,-0.0160951968*J1^2*J2^2+0.0225332755*J1^1*J2^3+-0.0096571181*J2^4+0,0,0,0,0,0,0,0,0,0,0,0,0,0,0,0,0,0,0,0,0,0,0,0,0},
{0,0,0,0,0,0,0,0,0,0,0,0,0.0009207120*J1^1*J2^3+-0.0004603560*J2^4+0,0.0034552264*J1^2*J2^2+0,0.0002657866*J1^2*J2^2+-0.0002657866*J1^1*J2^3+0.0002657866*J2^4+0,0.0019948759*J1^1*J2^3+0,0,0,0,0,0.0096571181*J1^2*J2^2+-0.0096571181*J1^1*J2^3+0.0096571181*J2^4+0,-0.0011902838*J1^1*J2^3+0,-0.0055755397*J1^2*J2^2+0.0111510794*J1^1*J2^3+0,-0.0006872106*J2^4+0,0,0,0,0,0,-0.0000492197*J1^2*J2^2+0.0000492197*J2^4+0,-0.0000492197*J1^2*J2^2+0.0000492197*J2^4+0,0,0,0,0,0,-0.0012105657*J1^2*J2^2+-0.0115941505*J1^1*J2^3+0.0115088994*J2^4+0,0.0033469430*J1^2*J2^2+-0.0059457457*J1^1*J2^3+0.0033469430*J2^4+0,-0.0033469430*J1^2*J2^2+0.0059457457*J1^1*J2^3+-0.0033469430*J2^4+0,-0.0038362998*J1^2*J2^2+0.0038647168*J1^1*J2^3+0.0004035219*J2^4+0,0,0,0,0,-0.0001205633*J1^2*J2^2+-0.0079571759*J1^1*J2^3+0.0080777392*J2^4+0,0.0022970388*J1^2*J2^2+-0.0045940777*J1^1*J2^3+0.0022970388*J2^4+0,-0.0022970388*J1^2*J2^2+0.0045940777*J1^1*J2^3+-0.0022970388*J2^4+0,-0.0026925797*J1^2*J2^2+0.0026523920*J1^1*J2^3+0.0000401878*J2^4+0,0,0,0,0,0,0,0,0,0,0,0,0,0.0009207120*J1^1*J2^3+-0.0004603560*J2^4+0,-0.0002657866*J1^2*J2^2+0.0002657866*J1^1*J2^3+-0.0002657866*J2^4+0,-0.0034552264*J1^2*J2^2+0,0.0019948759*J1^1*J2^3+0,0,0,0,0,0.0096571181*J1^2*J2^2+-0.0096571181*J1^1*J2^3+0.0096571181*J2^4+0,0.0055755397*J1^2*J2^2+-0.0111510794*J1^1*J2^3+0,0.0011902838*J1^1*J2^3+0,-0.0006872106*J2^4+0,0,0,0,0,0,0,0,0,0,0,0,0,0,0,0,0,0,0,0,0,0,0,0,0},
{0,0,0,0,0.0078850039*J1^2*J2^2+-0.0084165772*J1^1*J2^3+0.0081507905*J2^4+0,-0.0019948759*J1^2*J2^2+-0.0009718626*J1^1*J2^3+0,-0.0047058611*J1^2*J2^2+0.0092582702*J1^1*J2^3+-0.0001534520*J2^4+0,-0.0011517421*J1^1*J2^3+-0.0005611051*J2^4+0,0,0,0,0,-0.0078850039*J1^2*J2^2+0.0078850039*J1^1*J2^3+-0.0078850039*J2^4+0,0.0009718626*J1^1*J2^3+0,0.0045524091*J1^2*J2^2+-0.0091048182*J1^1*J2^3+0,0.0005611051*J2^4+0,0,0,0,0,0.0055755397*J1^2*J2^2+-0.0063272979*J1^1*J2^3+0.0059514188*J2^4+0,-0.0028211806*J1^2*J2^2+-0.0006872106*J1^1*J2^3+0,-0.0034360532*J1^2*J2^2+0.0066550926*J1^1*J2^3+-0.0002170139*J2^4+0,-0.0016288094*J1^1*J2^3+-0.0003967613*J2^4+0,0,0,0,0,-0.0000492197*J1^2*J2^2+0.0000492197*J2^4+0,-0.0000568341*J1^2*J2^2+0.0000568341*J2^4+0,0,-0.0000492197*J1^2*J2^2+0.0000492197*J2^4+0,0,0,0,0,0.0033469430*J1^2*J2^2+-0.0059457457*J1^1*J2^3+0.0033469430*J2^4+0,0.0026541511*J1^2*J2^2+-0.0184597064*J1^1*J2^3+0.0153736163*J2^4+0,-0.0038362998*J1^2*J2^2+0.0038647168*J1^1*J2^3+0.0004035219*J2^4+0,-0.0077767204*J1^2*J2^2+0.0104083364*J1^1*J2^3+-0.0028809960*J2^4+0,0,0,0,0,0.0022970388*J1^2*J2^2+-0.0045940777*J1^1*J2^3+0.0022970388*J2^4+0,0.0025318287*J1^2*J2^2+-0.0132619599*J1^1*J2^3+0.0107301312*J2^4+0,-0.0026925797*J1^2*J2^2+0.0026523920*J1^1*J2^3+0.0000401878*J2^4+0,-0.0054061621*J1^2*J2^2+0.0076567961*J1^1*J2^3+-0.0022506340*J2^4+0,0,0,0,0,0,0,0,0,0,0,0,0,-0.0002657866*J1^2*J2^2+0.0002657866*J1^1*J2^3+-0.0002657866*J2^4+0,-0.0003069040*J1^2*J2^2+0.0012276159*J1^1*J2^3+-0.0007672600*J2^4+0,0.0019948759*J1^1*J2^3+0,-0.0034552264*J1^2*J2^2+0.0023034843*J1^1*J2^3+0,0,0,0,0,0.0055755397*J1^2*J2^2+-0.0111510794*J1^1*J2^3+0,0.0160951968*J1^2*J2^2+-0.0225332755*J1^1*J2^3+0.0096571181*J2^4+0,-0.0006872106*J2^4+0,0.0011902838*J1^1*J2^3+-0.0007935225*J2^4+0,0,0,0,0,0,0,0,0,0,0,0,0,0,0,0,0,0,0,0,0,0,0,0,0},
{0,0,0,0,0,0,0,0,0,0,0,0,-0.0059846277*J1^1*J2^3+0,-0.0002657866*J1^2*J2^2+0.0002657866*J1^1*J2^3+-0.0002657866*J2^4+0,-0.0103656793*J1^2*J2^2+0.0069104528*J1^1*J2^3+0,0.0003069040*J1^2*J2^2+-0.0012276159*J1^1*J2^3+0.0007672600*J2^4+0,0,0,0,0,0.0020616319*J2^4+0,0.0055755397*J1^2*J2^2+-0.0111510794*J1^1*J2^3+0,0.0035708513*J1^1*J2^3+-0.0023805675*J2^4+0,-0.0160951968*J1^2*J2^2+0.0225332755*J1^1*J2^3+-0.0096571181*J2^4+0,0,0,0,0,-0.0012958168*J1^1*J2^3+0,-0.0000492197*J1^2*J2^2+0.0007973599*J2^4+0,-0.0023920798*J1^2*J2^2+0.0014962804*J1^1*J2^3+0.0001476592*J2^4+0,0.0000568341*J1^2*J2^2+0.0012958168*J1^1*J2^3+-0.0009207120*J2^4+0,0,0,0,0,-0.0057118242*J1^2*J2^2+0.0057118242*J2^4+0,0,0.0065954464*J1^2*J2^2+-0.0065954464*J2^4+0,-0.0057118242*J1^2*J2^2+0.0057118242*J2^4+0,0,0,0,0,-0.0040991512*J1^2*J2^2+0.0040991512*J2^4+0,0,0.0047332921*J1^2*J2^2+-0.0047332921*J2^4+0,-0.0040991512*J1^2*J2^2+0.0040991512*J2^4+0,0,0,0,0,-0.0059846277*J1^2*J2^2+-0.0029155879*J1^1*J2^3+0,0.0034552264*J1^1*J2^3+0.0016833154*J2^4+0,-0.0078850039*J1^2*J2^2+0.0084165772*J1^1*J2^3+-0.0081507905*J2^4+0,-0.0047058611*J1^2*J2^2+0.0092582702*J1^1*J2^3+-0.0001534520*J2^4+0,0,0,0,0,-0.0029155879*J1^1*J2^3+0,0.0016833154*J2^4+0,-0.0078850039*J1^2*J2^2+0.0078850039*J1^1*J2^3+-0.0078850039*J2^4+0,-0.0045524091*J1^2*J2^2+0.0091048182*J1^1*J2^3+0,0,0,0,0,0.0084635417*J1^2*J2^2+0.0020616319*J1^1*J2^3+0,-0.0048864281*J1^1*J2^3+-0.0011902838*J2^4+0,0.0055755397*J1^2*J2^2+-0.0063272979*J1^1*J2^3+0.0059514188*J2^4+0,0.0034360532*J1^2*J2^2+-0.0066550926*J1^1*J2^3+0.0002170139*J2^4+0,0,0,0,0,0,0,0,0,0,0,0,0,0,0,0,0,0,0,0,0,0,0,0,0},
{0,0,0,0,0.0034552264*J1^1*J2^3+0.0016833154*J2^4+0,0.0047058611*J1^2*J2^2+-0.0092582702*J1^1*J2^3+0.0001534520*J2^4+0,0.0059846277*J1^2*J2^2+-0.0010741639*J1^1*J2^3+-0.0019437252*J2^4+0,-0.0133188642*J1^2*J2^2+0.0191071068*J1^1*J2^3+-0.0083279816*J2^4+0,0,0,0,0,-0.0016833154*J2^4+0,-0.0045524091*J1^2*J2^2+0.0091048182*J1^1*J2^3+0,-0.0029155879*J1^1*J2^3+0.0019437252*J2^4+0,0.0131416731*J1^2*J2^2+-0.0183983424*J1^1*J2^3+0.0078850039*J2^4+0,0,0,0,0,0.0048864281*J1^1*J2^3+0.0011902838*J2^4+0,0.0034360532*J1^2*J2^2+-0.0066550926*J1^1*J2^3+0.0002170139*J2^4+0,0.0084635417*J1^2*J2^2+-0.0035807292*J1^1*J2^3+-0.0013744213*J2^4+0,-0.0095431522*J1^2*J2^2+0.0140119369*J1^1*J2^3+-0.0062020048*J2^4+0,0,0,0,0,-0.0000492197*J1^2*J2^2+0.0007973599*J2^4+0,-0.0000568341*J1^2*J2^2+-0.0012958168*J1^1*J2^3+0.0009207120*J2^4+0,0.0000568341*J1^2*J2^2+0.0012958168*J1^1*J2^3+-0.0009207120*J2^4+0,-0.0023264535*J1^2*J2^2+0.0029925608*J1^1*J2^3+-0.0009154873*J2^4+0,0,0,0,0,0,-0.0057118242*J1^2*J2^2+0.0057118242*J2^4+0,-0.0057118242*J1^2*J2^2+0.0057118242*J2^4+0,0,0,0,0,0,0,-0.0040991512*J1^2*J2^2+0.0040991512*J2^4+0,-0.0040991512*J1^2*J2^2+0.0040991512*J2^4+0,0,0,0,0,0,0.0034552264*J1^1*J2^3+0.0016833154*J2^4+0,-0.0059846277*J1^2*J2^2+0.0010741639*J1^1*J2^3+0.0019437252*J2^4+0,-0.0047058611*J1^2*J2^2+0.0092582702*J1^1*J2^3+-0.0001534520*J2^4+0,-0.0133188642*J1^2*J2^2+0.0191071068*J1^1*J2^3+-0.0083279816*J2^4+0,0,0,0,0,0.0016833154*J2^4+0,-0.0029155879*J1^1*J2^3+0.0019437252*J2^4+0,-0.0045524091*J1^2*J2^2+0.0091048182*J1^1*J2^3+0,-0.0131416731*J1^2*J2^2+0.0183983424*J1^1*J2^3+-0.0078850039*J2^4+0,0,0,0,0,-0.0048864281*J1^1*J2^3+-0.0011902838*J2^4+0,0.0084635417*J1^2*J2^2+-0.0035807292*J1^1*J2^3+-0.0013744213*J2^4+0,0.0034360532*J1^2*J2^2+-0.0066550926*J1^1*J2^3+0.0002170139*J2^4+0,0.0095431522*J1^2*J2^2+-0.0140119369*J1^1*J2^3+0.0062020048*J2^4+0,0,0,0,0,0,0,0,0,0,0,0,0,0,0,0,0,0,0,0,0,0,0,0,0},
{0,0,0,0,0,0,0,0,0,0,0,0,0.0002657866*J1^2*J2^2+-0.0002657866*J1^1*J2^3+0.0002657866*J2^4+0,0.0019948759*J1^1*J2^3+0,-0.0003069040*J1^2*J2^2+0.0012276159*J1^1*J2^3+-0.0007672600*J2^4+0,0.0034552264*J1^2*J2^2+-0.0023034843*J1^1*J2^3+0,0,0,0,0,-0.0055755397*J1^2*J2^2+0.0111510794*J1^1*J2^3+0,-0.0006872106*J2^4+0,0.0160951968*J1^2*J2^2+-0.0225332755*J1^1*J2^3+0.0096571181*J2^4+0,-0.0011902838*J1^1*J2^3+0.0007935225*J2^4+0,0,0,0,0,-0.0000492197*J1^2*J2^2+0.0000492197*J2^4+0,0,0.0000568341*J1^2*J2^2+-0.0000568341*J2^4+0,-0.0000492197*J1^2*J2^2+0.0000492197*J2^4+0,0,0,0,0,-0.0033469430*J1^2*J2^2+0.0059457457*J1^1*J2^3+-0.0033469430*J2^4+0,-0.0038362998*J1^2*J2^2+0.0038647168*J1^1*J2^3+0.0004035219*J2^4+0,0.0026541511*J1^2*J2^2+-0.0184597064*J1^1*J2^3+0.0153736163*J2^4+0,0.0077767204*J1^2*J2^2+-0.0104083364*J1^1*J2^3+0.0028809960*J2^4+0,0,0,0,0,-0.0022970388*J1^2*J2^2+0.0045940777*J1^1*J2^3+-0.0022970388*J2^4+0,-0.0026925797*J1^2*J2^2+0.0026523920*J1^1*J2^3+0.0000401878*J2^4+0,0.0025318287*J1^2*J2^2+-0.0132619599*J1^1*J2^3+0.0107301312*J2^4+0,0.0054061621*J1^2*J2^2+-0.0076567961*J1^1*J2^3+0.0022506340*J2^4+0,0,0,0,0,0.0078850039*J1^2*J2^2+-0.0084165772*J1^1*J2^3+0.0081507905*J2^4+0,0.0047058611*J1^2*J2^2+-0.0092582702*J1^1*J2^3+0.0001534520*J2^4+0,0.0019948759*J1^2*J2^2+0.0009718626*J1^1*J2^3+0,-0.0011517421*J1^1*J2^3+-0.0005611051*J2^4+0,0,0,0,0,0.0078850039*J1^2*J2^2+-0.0078850039*J1^1*J2^3+0.0078850039*J2^4+0,0.0045524091*J1^2*J2^2+-0.0091048182*J1^1*J2^3+0,0.0009718626*J1^1*J2^3+0,-0.0005611051*J2^4+0,0,0,0,0,-0.0055755397*J1^2*J2^2+0.0063272979*J1^1*J2^3+-0.0059514188*J2^4+0,-0.0034360532*J1^2*J2^2+0.0066550926*J1^1*J2^3+-0.0002170139*J2^4+0,-0.0028211806*J1^2*J2^2+-0.0006872106*J1^1*J2^3+0,0.0016288094*J1^1*J2^3+0.0003967613*J2^4+0,0,0,0,0,0,0,0,0,0,0,0,0,0,0,0,0,0,0,0,0,0,0,0,0},
{0,0,0,0,-0.0047058611*J1^2*J2^2+0.0092582702*J1^1*J2^3+-0.0001534520*J2^4+0,-0.0011517421*J1^1*J2^3+-0.0005611051*J2^4+0,0.0133188642*J1^2*J2^2+-0.0191071068*J1^1*J2^3+0.0083279816*J2^4+0,-0.0019948759*J1^2*J2^2+0.0003580546*J1^1*J2^3+0.0006479084*J2^4+0,0,0,0,0,0.0045524091*J1^2*J2^2+-0.0091048182*J1^1*J2^3+0,0.0005611051*J2^4+0,-0.0131416731*J1^2*J2^2+0.0183983424*J1^1*J2^3+-0.0078850039*J2^4+0,0.0009718626*J1^1*J2^3+-0.0006479084*J2^4+0,0,0,0,0,-0.0034360532*J1^2*J2^2+0.0066550926*J1^1*J2^3+-0.0002170139*J2^4+0,-0.0016288094*J1^1*J2^3+-0.0003967613*J2^4+0,0.0095431522*J1^2*J2^2+-0.0140119369*J1^1*J2^3+0.0062020048*J2^4+0,-0.0028211806*J1^2*J2^2+0.0011935764*J1^1*J2^3+0.0004581404*J2^4+0,0,0,0,0,0,-0.0000492197*J1^2*J2^2+0.0000492197*J2^4+0,-0.0000492197*J1^2*J2^2+0.0000492197*J2^4+0,0,0,0,0,0,-0.0038362998*J1^2*J2^2+0.0038647168*J1^1*J2^3+0.0004035219*J2^4+0,-0.0077767204*J1^2*J2^2+0.0104083364*J1^1*J2^3+-0.0028809960*J2^4+0,0.0077767204*J1^2*J2^2+-0.0104083364*J1^1*J2^3+0.0028809960*J2^4+0,0.0116339344*J1^2*J2^2+-0.0304782180*J1^1*J2^3+0.0187003039*J2^4+0,0,0,0,0,-0.0026925797*J1^2*J2^2+0.0026523920*J1^1*J2^3+0.0000401878*J2^4+0,-0.0054061621*J1^2*J2^2+0.0076567961*J1^1*J2^3+-0.0022506340*J2^4+0,0.0054061621*J1^2*J2^2+-0.0076567961*J1^1*J2^3+0.0022506340*J2^4+0,0.0087743270*J1^2*J2^2+-0.0221032665*J1^1*J2^3+0.0133289395*J2^4+0,0,0,0,0,0.0047058611*J1^2*J2^2+-0.0092582702*J1^1*J2^3+0.0001534520*J2^4+0,0.0133188642*J1^2*J2^2+-0.0191071068*J1^1*J2^3+0.0083279816*J2^4+0,-0.0011517421*J1^1*J2^3+-0.0005611051*J2^4+0,0.0019948759*J1^2*J2^2+-0.0003580546*J1^1*J2^3+-0.0006479084*J2^4+0,0,0,0,0,0.0045524091*J1^2*J2^2+-0.0091048182*J1^1*J2^3+0,0.0131416731*J1^2*J2^2+-0.0183983424*J1^1*J2^3+0.0078850039*J2^4+0,-0.0005611051*J2^4+0,0.0009718626*J1^1*J2^3+-0.0006479084*J2^4+0,0,0,0,0,-0.0034360532*J1^2*J2^2+0.0066550926*J1^1*J2^3+-0.0002170139*J2^4+0,-0.0095431522*J1^2*J2^2+0.0140119369*J1^1*J2^3+-0.0062020048*J2^4+0,0.0016288094*J1^1*J2^3+0.0003967613*J2^4+0,-0.0028211806*J1^2*J2^2+0.0011935764*J1^1*J2^3+0.0004581404*J2^4+0,0,0,0,0,0,0,0,0,0,0,0,0,0,0,0,0,0,0,0,0,0,0,0,0}
}