96
{{0,0,0,0,0,0,0,0,0,0,0,0,0,0,0,0,0,0,0,0,0,0,0,0,0,0,0,0,0,0,0,0,0,0,0,0,0,0,0,0,0,0,0,0,0,0,0,0,0,0,0,0,0,0,0,0,0,0,0,0,0,0,0,0,0,0,0,0,0,0,0,0,0,0,0,0,0,0,0,0,0,0,0,0,0,0,0,0,0,0,0,0,0,0,0,0},
{0,0,0,0,0,0,0,0,0,0,0,0,0,0,0,0,0,0,0,0,0,0,0,0,0,0,0,0,0,0,0,0,0,0,0,0,0,0,0,0,0,0,0,0,0,0,0,0,0,0,0,0,0,0,0,0,0,0,0,0,0,0,0,0,0,0,0,0,0,0,0,0,0,0,0,0,0,0,0,0,0,0,0,0,0,0,0,0,0,0,0,0,0,0,0,0},
{0,0,0,0,0,0,0,0,0,0,0,0,0,0,0,0,0,0,0,0,0,0,0,0,0,0,0,0,0,0,0,0,0,0,0,0,0,0,0,0,0,0,0,0,0,0,0,0,0,0,0,0,0,0,0,0,0,0,0,0,0,0,0,0,0,0,0,0,0,0,0,0,0,0,0,0,0,0,0,0,0,0,0,0,0,0,0,0,0,0,0,0,0,0,0,0},
{0,0,0,0,0,0,0,0,0,0,0,0,0,0,0,0,0,0,0,0,0,0,0,0,0,0,0,0,0,0,0,0,0,0,0,0,0,0,0,0,0,0,0,0,0,0,0,0,0,0,0,0,0,0,0,0,0,0,0,0,0,0,0,0,0,0,0,0,0,0,0,0,0,0,0,0,0,0,0,0,0,0,0,0,0,0,0,0,0,0,0,0,0,0,0,0},
{0,0,0,0,0,0,0,0,0,0,0,0,0,0,0,0,0,0,0,0,0,0,0,0,0,0,0,0,0,0,0,0,0,0,0,0,0,0,0,0,0,0,0,0,0,0,0,0,0,0,0,0,0,0,0,0,0,0,0,0,0,0,0,0,0,0,0,0,0,0,0,0,0,0,0,0,0,0,0,0,0,0,0,0,0,0,0,0,0,0,0,0,0,0,0,0},
{0,0,0,0,0,0,0,0,0,0,0,0,0,0,0,0,0,0,0,0,0,0,0,0,0,0,0,0,0,0,0,0,0,0,0,0,0,0,0,0,0,0,0,0,0,0,0,0,0,0,0,0,0,0,0,0,0,0,0,0,0,0,0,0,0,0,0,0,0,0,0,0,0,0,0,0,0,0,0,0,0,0,0,0,0,0,0,0,0,0,0,0,0,0,0,0},
{0,0,0,0,0,0,0,0,0,0,0,0,0,0,0,0,0,0,0,0,0,0,0,0,0,0,0,0,0,0,0,0,0,0,0,0,0,0,0,0,0,0,0,0,0,0,0,0,0,0,0,0,0,0,0,0,0,0,0,0,0,0,0,0,0,0,0,0,0,0,0,0,0,0,0,0,0,0,0,0,0,0,0,0,0,0,0,0,0,0,0,0,0,0,0,0},
{0,0,0,0,0,0,0,0,0,0,0,0,0,0,0,0,0,0,0,0,0,0,0,0,0,0,0,0,0,0,0,0,0,0,0,0,0,0,0,0,0,0,0,0,0,0,0,0,0,0,0,0,0,0,0,0,0,0,0,0,0,0,0,0,0,0,0,0,0,0,0,0,0,0,0,0,0,0,0,0,0,0,0,0,0,0,0,0,0,0,0,0,0,0,0,0},
{0,0,0,0,0,0,0,0,0,0,0,0,0,0,0,0,0,0,0,0,0,0,0,0,0,0,0,0,0,0,0,0,0,0,0,0,0,0,0,0,0,0,0,0,0,0,0,0,0,0,0,0,0,0,0,0,0,0,0,0,0,0,0,0,0,0,0,0,0,0,0,0,0,0,0,0,0,0,0,0,0,0,0,0,0,0,0,0,0,0,0,0,0,0,0,0},
{0,0,0,0,0,0,0,0,0,0,0,0,0,0,0,0,0,0,0,0,0,0,0,0,0,0,0,0,0,0,0,0,0,0,0,0,0,0,0,0,0,0,0,0,0,0,0,0,0,0,0,0,0,0,0,0,0,0,0,0,0,0,0,0,0,0,0,0,0,0,0,0,0,0,0,0,0,0,0,0,0,0,0,0,0,0,0,0,0,0,0,0,0,0,0,0},
{0,0,0,0,0,0,0,0,0,0,0,0,0,0,0,0,0,0,0,0,0,0,0,0,0,0,0,0,0,0,0,0,0,0,0,0,0,0,0,0,0,0,0,0,0,0,0,0,0,0,0,0,0,0,0,0,0,0,0,0,0,0,0,0,0,0,0,0,0,0,0,0,0,0,0,0,0,0,0,0,0,0,0,0,0,0,0,0,0,0,0,0,0,0,0,0},
{0,0,0,0,0,0,0,0,0,0,0,0,0,0,0,0,0,0,0,0,0,0,0,0,0,0,0,0,0,0,0,0,0,0,0,0,0,0,0,0,0,0,0,0,0,0,0,0,0,0,0,0,0,0,0,0,0,0,0,0,0,0,0,0,0,0,0,0,0,0,0,0,0,0,0,0,0,0,0,0,0,0,0,0,0,0,0,0,0,0,0,0,0,0,0,0},
{0,0,0,0,0,0,0,0,0,0,0,0,0,0,0,0,0,0,0,0,0,0,0,0,0,0,0,0,0,0,0,0,0,0,0,0,0,0,0,0,0,0,0,0,0,0,0,0,0,0,0,0,0,0,0,0,0,0,0,0,0,0,0,0,0,0,0,0,0,0,0,0,0,0,0,0,0,0,0,0,0,0,0,0,0,0,0,0,0,0,0,0,0,0,0,0},
{0,0,0,0,0,0,0,0,0,0,0,0,0,0,0,0,0,0,0,0,0,0,0,0,0,0,0,0,0,0,0,0,0,0,0,0,0,0,0,0,0,0,0,0,0,0,0,0,0,0,0,0,0,0,0,0,0,0,0,0,0,0,0,0,0,0,0,0,0,0,0,0,0,0,0,0,0,0,0,0,0,0,0,0,0,0,0,0,0,0,0,0,0,0,0,0},
{0,0,0,0,0,0,0,0,0,0,0,0,0,0,0,0,0,0,0,0,0,0,0,0,0,0,0,0,0,0,0,0,0,0,0,0,0,0,0,0,0,0,0,0,0,0,0,0,0,0,0,0,0,0,0,0,0,0,0,0,0,0,0,0,0,0,0,0,0,0,0,0,0,0,0,0,0,0,0,0,0,0,0,0,0,0,0,0,0,0,0,0,0,0,0,0},
{0,0,0,0,0,0,0,0,0,0,0,0,0,0,0,0,0,0,0,0,0,0,0,0,0,0,0,0,0,0,0,0,0,0,0,0,0,0,0,0,0,0,0,0,0,0,0,0,0,0,0,0,0,0,0,0,0,0,0,0,0,0,0,0,0,0,0,0,0,0,0,0,0,0,0,0,0,0,0,0,0,0,0,0,0,0,0,0,0,0,0,0,0,0,0,0},
{0,0,0,0,0,0,0,0,0,0,0,0,0,0,0,0,0,0,0,0,0,0,0,0,0,0,0,0,0,0,0,0,0,0,0,0,0,0,0,0,0,0,0,0,0,0,0,0,0,0,0,0,0,0,0,0,0,0,0,0,0,0,0,0,0,0,0,0,0,0,0,0,0,0,0,0,0,0,0,0,0,0,0,0,0,0,0,0,0,0,0,0,0,0,0,0},
{0,0,0,0,0,0,0,0,0,0,0,0,0,0,0,0,0,0,0,0,0,0,0,0,0,0,0,0,0,0,0,0,0,0,0,0,0,0,0,0,0,0,0,0,0,0,0,0,0,0,0,0,0,0,0,0,0,0,0,0,0,0,0,0,0,0,0,0,0,0,0,0,0,0,0,0,0,0,0,0,0,0,0,0,0,0,0,0,0,0,0,0,0,0,0,0},
{0,0,0,0,0,0,0,0,0,0,0,0,0,0,0,0,0,0,0,0,0,0,0,0,0,0,0,0,0,0,0,0,0,0,0,0,0,0,0,0,0,0,0,0,0,0,0,0,0,0,0,0,0,0,0,0,0,0,0,0,0,0,0,0,0,0,0,0,0,0,0,0,0,0,0,0,0,0,0,0,0,0,0,0,0,0,0,0,0,0,0,0,0,0,0,0},
{0,0,0,0,0,0,0,0,0,0,0,0,0,0,0,0,0,0,0,0,0,0,0,0,0,0,0,0,0,0,0,0,0,0,0,0,0,0,0,0,0,0,0,0,0,0,0,0,0,0,0,0,0,0,0,0,0,0,0,0,0,0,0,0,0,0,0,0,0,0,0,0,0,0,0,0,0,0,0,0,0,0,0,0,0,0,0,0,0,0,0,0,0,0,0,0},
{0,0,0,0,0,0,0,0,0,0,0,0,0,0,0,0,0,0,0,0,0,0,0,0,0,0,0,0,0,0,0,0,0,0,0,0,0,0,0,0,0,0,0,0,0,0,0,0,0,0,0,0,0,0,0,0,0,0,0,0,0,0,0,0,0,0,0,0,0,0,0,0,0,0,0,0,0,0,0,0,0,0,0,0,0,0,0,0,0,0,0,0,0,0,0,0},
{0,0,0,0,0,0,0,0,0,0,0,0,0,0,0,0,0,0,0,0,0,0,0,0,0,0,0,0,0,0,0,0,0,0,0,0,0,0,0,0,0,0,0,0,0,0,0,0,0,0,0,0,0,0,0,0,0,0,0,0,0,0,0,0,0,0,0,0,0,0,0,0,0,0,0,0,0,0,0,0,0,0,0,0,0,0,0,0,0,0,0,0,0,0,0,0},
{0,0,0,0,0,0,0,0,0,0,0,0,0,0,0,0,0,0,0,0,0,0,0,0,0,0,0,0,0,0,0,0,0,0,0,0,0,0,0,0,0,0,0,0,0,0,0,0,0,0,0,0,0,0,0,0,0,0,0,0,0,0,0,0,0,0,0,0,0,0,0,0,0,0,0,0,0,0,0,0,0,0,0,0,0,0,0,0,0,0,0,0,0,0,0,0},
{0,0,0,0,0,0,0,0,0,0,0,0,0,0,0,0,0,0,0,0,0,0,0,0,0,0,0,0,0,0,0,0,0,0,0,0,0,0,0,0,0,0,0,0,0,0,0,0,0,0,0,0,0,0,0,0,0,0,0,0,0,0,0,0,0,0,0,0,0,0,0,0,0,0,0,0,0,0,0,0,0,0,0,0,0,0,0,0,0,0,0,0,0,0,0,0},
{0,0,0,0,0,0,0,0,0,0,0,0,0,0,0,0,0,0,0,0,0,0,0,0,0,0,0,0,0,0,0,0,0,0,0,0,0,0,0,0,0,0,0,0,0,0,0,0,0,0,0,0,0,0,0,0,0,0,0,0,0,0,0,0,0,0,0,0,0,0,0,0,0,0,0,0,0,0,0,0,-0.0064380787*J1^1*J2^3+0,-0.0016914559*J1^2*J2^2+0.0101069709*J1^1*J2^3+-0.0016914559*J2^4+0,0,0,0.0018585132*J1^2*J2^2+0.0018585132*J2^4+0,-0.0029176312*J1^2*J2^2+0.0019531250*J1^1*J2^3+-0.0029176312*J2^4+0,0,0,0,0,0,0,0,0,0,0},
{0,0,0,0,0,0,0,0,0,0,0,0,0,0,0,0,0,0,0,0,0,0,0,0,0,0,0,0,0,0,0,0,0,0,0,0,0,0,0,0,0,0,0,0,0,0,0,0,0,0,0,0,0,0,0,0,0,0,0,0,0,0,0,0,0,0,0,0,0,0,0,0,0,0,0,0,0,0,0,0,-0.0016914559*J1^2*J2^2+0.0101069709*J1^1*J2^3+-0.0016914559*J2^4+0,-0.0019531250*J1^2*J2^2+0.0052324460*J1^1*J2^3+-0.0019531250*J2^4+0,0,0,-0.0029176312*J1^2*J2^2+0.0019531250*J1^1*J2^3+-0.0029176312*J2^4+0,-0.0015104770*J1^2*J2^2+0.0022552745*J1^1*J2^3+-0.0015104770*J2^4+0,0,0,0,0,0,0,0,0,0,0},
{0,0,0,0,0,0,0,0,0,0,0,0,0,0,0,0,0,0,0,0,0,0,0,0,0,0,0,0,0,0,0,0,0,0,0,0,0,0,0,0,0,0,0,0,0,0,0,0,0,0,0,0,0,0,0,0,0,0,0,0,0,0,0,0,0,0,0,0,0,0,0,0,0,0,0,0,0,0,0,0,0.0018585132*J1^2*J2^2+0.0018585132*J2^4+0,-0.0029176312*J1^2*J2^2+0.0019531250*J1^1*J2^3+-0.0029176312*J2^4+0,0,0,0.0021460262*J1^2*J2^2+-0.0064380787*J1^1*J2^3+0.0021460262*J2^4+0,-0.0050604462*J1^2*J2^2+0.0123622453*J1^1*J2^3+-0.0050604462*J2^4+0,0,0,0,0,0,0,0,0,0,0},
{0,0,0,0,0,0,0,0,0,0,0,0,0,0,0,0,0,0,0,0,0,0,0,0,0,0,0,0,0,0,0,0,0,0,0,0,0,0,0,0,0,0,0,0,0,0,0,0,0,0,0,0,0,0,0,0,0,0,0,0,0,0,0,0,0,0,0,0,0,0,0,0,0,0,0,0,0,0,0,0,-0.0029176312*J1^2*J2^2+0.0019531250*J1^1*J2^3+-0.0029176312*J2^4+0,-0.0015104770*J1^2*J2^2+0.0022552745*J1^1*J2^3+-0.0015104770*J2^4+0,0,0,-0.0050604462*J1^2*J2^2+0.0123622453*J1^1*J2^3+-0.0050604462*J2^4+0,-0.0036972737*J1^2*J2^2+0.0078366127*J1^1*J2^3+-0.0036972737*J2^4+0,0,0,0,0,0,0,0,0,0,0},
{0,0,0,0,0,0,0,0,0,0,0,0,0,0,0,0,0,0,0,0,0,0,0,0,0,0,0,0,0,0,0,0,0,0,0,0,0,0,0,0,0,0,0,0,0,0,0,0,0,0,0,0,0,0,0,0,0,0,0,0,0,0,0,0,0,0,0,0,0,0,0,0,0.0037170265*J1^1*J2^3+0,0.0009765625*J1^2*J2^2+-0.0058352623*J1^1*J2^3+0.0009765625*J2^4+0,0,0,-0.0010730131*J1^2*J2^2+-0.0010730131*J2^4+0,0.0016844951*J1^2*J2^2+-0.0011276372*J1^1*J2^3+0.0016844951*J2^4+0,0,0,0,0,0,0,0,0,0,0,-0.0052566692*J1^1*J2^3+0,-0.0013810679*J1^2*J2^2+0.0082523071*J1^1*J2^3+-0.0013810679*J2^4+0,0,0,0.0015174697*J1^2*J2^2+0.0015174697*J2^4+0,-0.0023822359*J1^2*J2^2+0.0015947199*J1^1*J2^3+-0.0023822359*J2^4+0,0,0},
{0,0,0,0,0,0,0,0,0,0,0,0,0,0,0,0,0,0,0,0,0,0,0,0,0,0,0,0,0,0,0,0,0,0,0,0,0,0,0,0,0,0,0,0,0,0,0,0,0,0,0,0,0,0,0,0,0,0,0,0,0,0,0,0,0,0,0,0,0,0,0,0,0.0009765625*J1^2*J2^2+-0.0058352623*J1^1*J2^3+0.0009765625*J2^4+0,0.0011276372*J1^2*J2^2+-0.0030209541*J1^1*J2^3+0.0011276372*J2^4+0,0,0,0.0016844951*J1^2*J2^2+-0.0011276372*J1^1*J2^3+0.0016844951*J2^4+0,0.0008720743*J1^2*J2^2+-0.0013020833*J1^1*J2^3+0.0008720743*J2^4+0,0,0,0,0,0,0,0,0,0,0,-0.0013810679*J1^2*J2^2+0.0082523071*J1^1*J2^3+-0.0013810679*J2^4+0,-0.0015947199*J1^2*J2^2+0.0042722743*J1^1*J2^3+-0.0015947199*J2^4+0,0,0,-0.0023822359*J1^2*J2^2+0.0015947199*J1^1*J2^3+-0.0023822359*J2^4+0,-0.0012332993*J1^2*J2^2+0.0018414239*J1^1*J2^3+-0.0012332993*J2^4+0,0,0},
{0,0,0,0,0,0,0,0,0,0,0,0,0,0,0,0,0,0,0,0,0,0,0,0,0,0,0,0,0,0,0,0,0,0,0,0,0,0,0,0,0,0,0,0,0,0,0,0,0,0,0,0,0,0,0,0,0,0,0,0,0,0,0,0,0,0,0,0,0,0,0,0,-0.0010730131*J1^2*J2^2+-0.0010730131*J2^4+0,0.0016844951*J1^2*J2^2+-0.0011276372*J1^1*J2^3+0.0016844951*J2^4+0,0,0,-0.0012390088*J1^2*J2^2+0.0037170265*J1^1*J2^3+-0.0012390088*J2^4+0,0.0029216499*J1^2*J2^2+-0.0071373457*J1^1*J2^3+0.0029216499*J2^4+0,0,0,0,0,0,0,0,0,0,0,0.0015174697*J1^2*J2^2+0.0015174697*J2^4+0,-0.0023822359*J1^2*J2^2+0.0015947199*J1^1*J2^3+-0.0023822359*J2^4+0,0,0,0.0017522231*J1^2*J2^2+-0.0052566692*J1^1*J2^3+0.0017522231*J2^4+0,-0.0041318370*J1^2*J2^2+0.0100937311*J1^1*J2^3+-0.0041318370*J2^4+0,0,0},
{0,0,0,0,0,0,0,0,0,0,0,0,0,0,0,0,0,0,0,0,0,0,0,0,0,0,0,0,0,0,0,0,0,0,0,0,0,0,0,0,0,0,0,0,0,0,0,0,0,0,0,0,0,0,0,0,0,0,0,0,0,0,0,0,0,0,0,0,0,0,0,0,0.0016844951*J1^2*J2^2+-0.0011276372*J1^1*J2^3+0.0016844951*J2^4+0,0.0008720743*J1^2*J2^2+-0.0013020833*J1^1*J2^3+0.0008720743*J2^4+0,0,0,0.0029216499*J1^2*J2^2+-0.0071373457*J1^1*J2^3+0.0029216499*J2^4+0,0.0021346219*J1^2*J2^2+-0.0045244704*J1^1*J2^3+0.0021346219*J2^4+0,0,0,0,0,0,0,0,0,0,0,-0.0023822359*J1^2*J2^2+0.0015947199*J1^1*J2^3+-0.0023822359*J2^4+0,-0.0012332993*J1^2*J2^2+0.0018414239*J1^1*J2^3+-0.0012332993*J2^4+0,0,0,-0.0041318370*J1^2*J2^2+0.0100937311*J1^1*J2^3+-0.0041318370*J2^4+0,-0.0030188113*J1^2*J2^2+0.0063985674*J1^1*J2^3+-0.0030188113*J2^4+0,0,0},
{0,0,0,0,0,0,0,0,0,0,0,0,0,0,0,0,0,0,0,0,0,0,0,0,0,0,0,0,0,0,0,0,0,0,0,0,0,0,0,0,0,0,0,0,0,0,0,0,0,0,0,0,0,0,0,0,0,0,0,0,0,0,0,0,0,0,0,0,0,0,0,0,0,0,0,0,0,0,0,0,0,0,0.0037170265*J1^1*J2^3+0,0.0009765625*J1^2*J2^2+-0.0058352623*J1^1*J2^3+0.0009765625*J2^4+0,0,0,-0.0010730131*J1^2*J2^2+-0.0010730131*J2^4+0,0.0016844951*J1^2*J2^2+-0.0011276372*J1^1*J2^3+0.0016844951*J2^4+0,0,0,0,0,0,0,0,0},
{0,0,0,0,0,0,0,0,0,0,0,0,0,0,0,0,0,0,0,0,0,0,0,0,0,0,0,0,0,0,0,0,0,0,0,0,0,0,0,0,0,0,0,0,0,0,0,0,0,0,0,0,0,0,0,0,0,0,0,0,0,0,0,0,0,0,0,0,0,0,0,0,0,0,0,0,0,0,0,0,0,0,0.0009765625*J1^2*J2^2+-0.0058352623*J1^1*J2^3+0.0009765625*J2^4+0,0.0011276372*J1^2*J2^2+-0.0030209541*J1^1*J2^3+0.0011276372*J2^4+0,0,0,0.0016844951*J1^2*J2^2+-0.0011276372*J1^1*J2^3+0.0016844951*J2^4+0,0.0008720743*J1^2*J2^2+-0.0013020833*J1^1*J2^3+0.0008720743*J2^4+0,0,0,0,0,0,0,0,0},
{0,0,0,0,0,0,0,0,0,0,0,0,0,0,0,0,0,0,0,0,0,0,0,0,0,0,0,0,0,0,0,0,0,0,0,0,0,0,0,0,0,0,0,0,0,0,0,0,0,0,0,0,0,0,0,0,0,0,0,0,0,0,0,0,0,0,0,0,0,0,0,0,0,0,0,0,0,0,0,0,0,0,-0.0010730131*J1^2*J2^2+-0.0010730131*J2^4+0,0.0016844951*J1^2*J2^2+-0.0011276372*J1^1*J2^3+0.0016844951*J2^4+0,0,0,-0.0012390088*J1^2*J2^2+0.0037170265*J1^1*J2^3+-0.0012390088*J2^4+0,0.0029216499*J1^2*J2^2+-0.0071373457*J1^1*J2^3+0.0029216499*J2^4+0,0,0,0,0,0,0,0,0},
{0,0,0,0,0,0,0,0,0,0,0,0,0,0,0,0,0,0,0,0,0,0,0,0,0,0,0,0,0,0,0,0,0,0,0,0,0,0,0,0,0,0,0,0,0,0,0,0,0,0,0,0,0,0,0,0,0,0,0,0,0,0,0,0,0,0,0,0,0,0,0,0,0,0,0,0,0,0,0,0,0,0,0.0016844951*J1^2*J2^2+-0.0011276372*J1^1*J2^3+0.0016844951*J2^4+0,0.0008720743*J1^2*J2^2+-0.0013020833*J1^1*J2^3+0.0008720743*J2^4+0,0,0,0.0029216499*J1^2*J2^2+-0.0071373457*J1^1*J2^3+0.0029216499*J2^4+0,0.0021346219*J1^2*J2^2+-0.0045244704*J1^1*J2^3+0.0021346219*J2^4+0,0,0,0,0,0,0,0,0},
{0,0,0,0,0,0,0,0,0,0,0,0,0,0,0,0,0,0,0,0,0,0,0,0,0,0,0,0,0,0,0,0,0,0,0,0,0,0,0,0,0,0,0,0,0,0,0,0,0,0,0,0,0,0,0,0,0,0,0,0,0,0,0,0,0,0,0,0,0,0,0,0,0,0,-0.0021460262*J1^1*J2^3+0,-0.0005638186*J1^2*J2^2+0.0033689903*J1^1*J2^3+-0.0005638186*J2^4+0,0,0,0.0006195044*J1^2*J2^2+0.0006195044*J2^4+0,-0.0009725437*J1^2*J2^2+0.0006510417*J1^1*J2^3+-0.0009725437*J2^4+0,0,0,0,0,0,0,0,0,0,0,0.0030349394*J1^1*J2^3+0,0.0007973599*J1^2*J2^2+-0.0047644718*J1^1*J2^3+0.0007973599*J2^4+0,0,0,-0.0008761115*J1^2*J2^2+-0.0008761115*J2^4+0,0.0013753845*J1^2*J2^2+-0.0009207120*J1^1*J2^3+0.0013753845*J2^4+0},
{0,0,0,0,0,0,0,0,0,0,0,0,0,0,0,0,0,0,0,0,0,0,0,0,0,0,0,0,0,0,0,0,0,0,0,0,0,0,0,0,0,0,0,0,0,0,0,0,0,0,0,0,0,0,0,0,0,0,0,0,0,0,0,0,0,0,0,0,0,0,0,0,0,0,-0.0005638186*J1^2*J2^2+0.0033689903*J1^1*J2^3+-0.0005638186*J2^4+0,-0.0006510417*J1^2*J2^2+0.0017441487*J1^1*J2^3+-0.0006510417*J2^4+0,0,0,-0.0009725437*J1^2*J2^2+0.0006510417*J1^1*J2^3+-0.0009725437*J2^4+0,-0.0005034923*J1^2*J2^2+0.0007517582*J1^1*J2^3+-0.0005034923*J2^4+0,0,0,0,0,0,0,0,0,0,0,0.0007973599*J1^2*J2^2+-0.0047644718*J1^1*J2^3+0.0007973599*J2^4+0,0.0009207120*J1^2*J2^2+-0.0024665987*J1^1*J2^3+0.0009207120*J2^4+0,0,0,0.0013753845*J1^2*J2^2+-0.0009207120*J1^1*J2^3+0.0013753845*J2^4+0,0.0007120457*J1^2*J2^2+-0.0010631466*J1^1*J2^3+0.0007120457*J2^4+0},
{0,0,0,0,0,0,0,0,0,0,0,0,0,0,0,0,0,0,0,0,0,0,0,0,0,0,0,0,0,0,0,0,0,0,0,0,0,0,0,0,0,0,0,0,0,0,0,0,0,0,0,0,0,0,0,0,0,0,0,0,0,0,0,0,0,0,0,0,0,0,0,0,0,0,0.0006195044*J1^2*J2^2+0.0006195044*J2^4+0,-0.0009725437*J1^2*J2^2+0.0006510417*J1^1*J2^3+-0.0009725437*J2^4+0,0,0,0.0007153421*J1^2*J2^2+-0.0021460262*J1^1*J2^3+0.0007153421*J2^4+0,-0.0016868154*J1^2*J2^2+0.0041207484*J1^1*J2^3+-0.0016868154*J2^4+0,0,0,0,0,0,0,0,0,0,0,-0.0008761115*J1^2*J2^2+-0.0008761115*J2^4+0,0.0013753845*J1^2*J2^2+-0.0009207120*J1^1*J2^3+0.0013753845*J2^4+0,0,0,-0.0010116465*J1^2*J2^2+0.0030349394*J1^1*J2^3+-0.0010116465*J2^4+0,0.0023855172*J1^2*J2^2+-0.0058276183*J1^1*J2^3+0.0023855172*J2^4+0},
{0,0,0,0,0,0,0,0,0,0,0,0,0,0,0,0,0,0,0,0,0,0,0,0,0,0,0,0,0,0,0,0,0,0,0,0,0,0,0,0,0,0,0,0,0,0,0,0,0,0,0,0,0,0,0,0,0,0,0,0,0,0,0,0,0,0,0,0,0,0,0,0,0,0,-0.0009725437*J1^2*J2^2+0.0006510417*J1^1*J2^3+-0.0009725437*J2^4+0,-0.0005034923*J1^2*J2^2+0.0007517582*J1^1*J2^3+-0.0005034923*J2^4+0,0,0,-0.0016868154*J1^2*J2^2+0.0041207484*J1^1*J2^3+-0.0016868154*J2^4+0,-0.0012324246*J1^2*J2^2+0.0026122042*J1^1*J2^3+-0.0012324246*J2^4+0,0,0,0,0,0,0,0,0,0,0,0.0013753845*J1^2*J2^2+-0.0009207120*J1^1*J2^3+0.0013753845*J2^4+0,0.0007120457*J1^2*J2^2+-0.0010631466*J1^1*J2^3+0.0007120457*J2^4+0,0,0,0.0023855172*J1^2*J2^2+-0.0058276183*J1^1*J2^3+0.0023855172*J2^4+0,0.0017429115*J1^2*J2^2+-0.0036942146*J1^1*J2^3+0.0017429115*J2^4+0},
{0,0,0,0,0,0,0,0,0,0,0,0,0,0,0,0,0,0,0,0,0,0,0,0,0,0,0,0,0,0,0,0,0,0,0,0,0,0,0,0,0,0,0,0,0,0,0,0,0,0,0,0,0,0,0,0,0,0,0,0,0,0,0,0,0,0,0,0,0,0,0,0,0,0,0,0,0,0,0,0,0,0,0.0052566692*J1^1*J2^3+0,0.0013810679*J1^2*J2^2+-0.0082523071*J1^1*J2^3+0.0013810679*J2^4+0,0,0,-0.0015174697*J1^2*J2^2+-0.0015174697*J2^4+0,0.0023822359*J1^2*J2^2+-0.0015947199*J1^1*J2^3+0.0023822359*J2^4+0,0,0,0,0,0,0,0,0},
{0,0,0,0,0,0,0,0,0,0,0,0,0,0,0,0,0,0,0,0,0,0,0,0,0,0,0,0,0,0,0,0,0,0,0,0,0,0,0,0,0,0,0,0,0,0,0,0,0,0,0,0,0,0,0,0,0,0,0,0,0,0,0,0,0,0,0,0,0,0,0,0,0,0,0,0,0,0,0,0,0,0,0.0013810679*J1^2*J2^2+-0.0082523071*J1^1*J2^3+0.0013810679*J2^4+0,0.0015947199*J1^2*J2^2+-0.0042722743*J1^1*J2^3+0.0015947199*J2^4+0,0,0,0.0023822359*J1^2*J2^2+-0.0015947199*J1^1*J2^3+0.0023822359*J2^4+0,0.0012332993*J1^2*J2^2+-0.0018414239*J1^1*J2^3+0.0012332993*J2^4+0,0,0,0,0,0,0,0,0},
{0,0,0,0,0,0,0,0,0,0,0,0,0,0,0,0,0,0,0,0,0,0,0,0,0,0,0,0,0,0,0,0,0,0,0,0,0,0,0,0,0,0,0,0,0,0,0,0,0,0,0,0,0,0,0,0,0,0,0,0,0,0,0,0,0,0,0,0,0,0,0,0,0,0,0,0,0,0,0,0,0,0,-0.0015174697*J1^2*J2^2+-0.0015174697*J2^4+0,0.0023822359*J1^2*J2^2+-0.0015947199*J1^1*J2^3+0.0023822359*J2^4+0,0,0,-0.0017522231*J1^2*J2^2+0.0052566692*J1^1*J2^3+-0.0017522231*J2^4+0,0.0041318370*J1^2*J2^2+-0.0100937311*J1^1*J2^3+0.0041318370*J2^4+0,0,0,0,0,0,0,0,0},
{0,0,0,0,0,0,0,0,0,0,0,0,0,0,0,0,0,0,0,0,0,0,0,0,0,0,0,0,0,0,0,0,0,0,0,0,0,0,0,0,0,0,0,0,0,0,0,0,0,0,0,0,0,0,0,0,0,0,0,0,0,0,0,0,0,0,0,0,0,0,0,0,0,0,0,0,0,0,0,0,0,0,0.0023822359*J1^2*J2^2+-0.0015947199*J1^1*J2^3+0.0023822359*J2^4+0,0.0012332993*J1^2*J2^2+-0.0018414239*J1^1*J2^3+0.0012332993*J2^4+0,0,0,0.0041318370*J1^2*J2^2+-0.0100937311*J1^1*J2^3+0.0041318370*J2^4+0,0.0030188113*J1^2*J2^2+-0.0063985674*J1^1*J2^3+0.0030188113*J2^4+0,0,0,0,0,0,0,0,0},
{0,0,0,0,0,0,0,0,0,0,0,0,0,0,0,0,0,0,0,0,0,0,0,0,0,0,0,0,0,0,0,0,0,0,0,0,0,0,0,0,0,0,0,0,0,0,0,0,0,0,0,0,0,0,0,0,0,0,0,0,0,0,0,0,0,0,0,0,0,0,0,0,0,0,-0.0030349394*J1^1*J2^3+0,-0.0007973599*J1^2*J2^2+0.0047644718*J1^1*J2^3+-0.0007973599*J2^4+0,0,0,0.0008761115*J1^2*J2^2+0.0008761115*J2^4+0,-0.0013753845*J1^2*J2^2+0.0009207120*J1^1*J2^3+-0.0013753845*J2^4+0,0,0,0,0,0,0,0,0,0,0,0.0042920525*J1^1*J2^3+0,0.0011276372*J1^2*J2^2+-0.0067379806*J1^1*J2^3+0.0011276372*J2^4+0,0,0,-0.0012390088*J1^2*J2^2+-0.0012390088*J2^4+0,0.0019450874*J1^2*J2^2+-0.0013020833*J1^1*J2^3+0.0019450874*J2^4+0},
{0,0,0,0,0,0,0,0,0,0,0,0,0,0,0,0,0,0,0,0,0,0,0,0,0,0,0,0,0,0,0,0,0,0,0,0,0,0,0,0,0,0,0,0,0,0,0,0,0,0,0,0,0,0,0,0,0,0,0,0,0,0,0,0,0,0,0,0,0,0,0,0,0,0,-0.0007973599*J1^2*J2^2+0.0047644718*J1^1*J2^3+-0.0007973599*J2^4+0,-0.0009207120*J1^2*J2^2+0.0024665987*J1^1*J2^3+-0.0009207120*J2^4+0,0,0,-0.0013753845*J1^2*J2^2+0.0009207120*J1^1*J2^3+-0.0013753845*J2^4+0,-0.0007120457*J1^2*J2^2+0.0010631466*J1^1*J2^3+-0.0007120457*J2^4+0,0,0,0,0,0,0,0,0,0,0,0.0011276372*J1^2*J2^2+-0.0067379806*J1^1*J2^3+0.0011276372*J2^4+0,0.0013020833*J1^2*J2^2+-0.0034882973*J1^1*J2^3+0.0013020833*J2^4+0,0,0,0.0019450874*J1^2*J2^2+-0.0013020833*J1^1*J2^3+0.0019450874*J2^4+0,0.0010069847*J1^2*J2^2+-0.0015035163*J1^1*J2^3+0.0010069847*J2^4+0},
{0,0,0,0,0,0,0,0,0,0,0,0,0,0,0,0,0,0,0,0,0,0,0,0,0,0,0,0,0,0,0,0,0,0,0,0,0,0,0,0,0,0,0,0,0,0,0,0,0,0,0,0,0,0,0,0,0,0,0,0,0,0,0,0,0,0,0,0,0,0,0,0,0,0,0.0008761115*J1^2*J2^2+0.0008761115*J2^4+0,-0.0013753845*J1^2*J2^2+0.0009207120*J1^1*J2^3+-0.0013753845*J2^4+0,0,0,0.0010116465*J1^2*J2^2+-0.0030349394*J1^1*J2^3+0.0010116465*J2^4+0,-0.0023855172*J1^2*J2^2+0.0058276183*J1^1*J2^3+-0.0023855172*J2^4+0,0,0,0,0,0,0,0,0,0,0,-0.0012390088*J1^2*J2^2+-0.0012390088*J2^4+0,0.0019450874*J1^2*J2^2+-0.0013020833*J1^1*J2^3+0.0019450874*J2^4+0,0,0,-0.0014306842*J1^2*J2^2+0.0042920525*J1^1*J2^3+-0.0014306842*J2^4+0,0.0033736308*J1^2*J2^2+-0.0082414969*J1^1*J2^3+0.0033736308*J2^4+0},
{0,0,0,0,0,0,0,0,0,0,0,0,0,0,0,0,0,0,0,0,0,0,0,0,0,0,0,0,0,0,0,0,0,0,0,0,0,0,0,0,0,0,0,0,0,0,0,0,0,0,0,0,0,0,0,0,0,0,0,0,0,0,0,0,0,0,0,0,0,0,0,0,0,0,-0.0013753845*J1^2*J2^2+0.0009207120*J1^1*J2^3+-0.0013753845*J2^4+0,-0.0007120457*J1^2*J2^2+0.0010631466*J1^1*J2^3+-0.0007120457*J2^4+0,0,0,-0.0023855172*J1^2*J2^2+0.0058276183*J1^1*J2^3+-0.0023855172*J2^4+0,-0.0017429115*J1^2*J2^2+0.0036942146*J1^1*J2^3+-0.0017429115*J2^4+0,0,0,0,0,0,0,0,0,0,0,0.0019450874*J1^2*J2^2+-0.0013020833*J1^1*J2^3+0.0019450874*J2^4+0,0.0010069847*J1^2*J2^2+-0.0015035163*J1^1*J2^3+0.0010069847*J2^4+0,0,0,0.0033736308*J1^2*J2^2+-0.0082414969*J1^1*J2^3+0.0033736308*J2^4+0,0.0024648491*J1^2*J2^2+-0.0052244084*J1^1*J2^3+0.0024648491*J2^4+0},
{0,0,0,0,0,0,0,0,0,0,0,0,0,0,0,0,0,0,0,0,0,0,0,0,0,0,0,0,0,0,0,0,0,0,0,0,0,0,0,0,0,0,0,0,0,0,0,0,0,0,0,0,0,0,0,0,0,0,0,0,0,0,0,0,0,0,0,0,0,0,0,0,0,0,0,0,0,0,0,0,0,0,0,0,0,0,0,0,0,0,0,0,0,0,0,0},
{0,0,0,0,0,0,0,0,0,0,0,0,0,0,0,0,0,0,0,0,0,0,0,0,0,0,0,0,0,0,0,0,0,0,0,0,0,0,0,0,0,0,0,0,0,0,0,0,0,0,0,0,0,0,0,0,0,0,0,0,0,0,0,0,0,0,0,0,0,0,0,0,0,0,0,0,0,0,0,0,0,0,0,0,0,0,0,0,0,0,0,0,0,0,0,0},
{0,0,0,0,0,0,0,0,0,0,0,0,0,0,0,0,0,0,0,0,0,0,0,0,0,0,0,0,0,0,0,0,0,0,0,0,0,0,0,0,0,0,0,0,0,0,0,0,0,0,0,0,0,0,0,0,0,0,0,0,0,0,0,0,0,0,0,0,0,0,0,0,0,0,0,0,0,0,0,0,0,0,0,0,0,0,0,0,0,0,0,0,0,0,0,0},
{0,0,0,0,0,0,0,0,0,0,0,0,0,0,0,0,0,0,0,0,0,0,0,0,0,0,0,0,0,0,0,0,0,0,0,0,0,0,0,0,0,0,0,0,0,0,0,0,0,0,0,0,0,0,0,0,0,0,0,0,0,0,0,0,0,0,0,0,0,0,0,0,0,0,0,0,0,0,0,0,0,0,0,0,0,0,0,0,0,0,0,0,0,0,0,0},
{0,0,0,0,0,0,0,0,0,0,0,0,0,0,0,0,0,0,0,0,0,0,0,0,0,0,0,0,0,0,0,0,0,0,0,0,0,0,0,0,0,0,0,0,0,0,0,0,0,0,0,0,0,0,0,0,0,0,0,0,0,0,0,0,0,0,0,0,0,0,0,0,0,0,0,0,0,0,0,0,0,0,0,0,0,0,0,0,0,0,0,0,0,0,0,0},
{0,0,0,0,0,0,0,0,0,0,0,0,0,0,0,0,0,0,0,0,0,0,0,0,0,0,0,0,0,0,0,0,0,0,0,0,0,0,0,0,0,0,0,0,0,0,0,0,0,0,0,0,0,0,0,0,0,0,0,0,0,0,0,0,0,0,0,0,0,0,0,0,0,0,0,0,0,0,0,0,0,0,0,0,0,0,0,0,0,0,0,0,0,0,0,0},
{0,0,0,0,0,0,0,0,0,0,0,0,0,0,0,0,0,0,0,0,0,0,0,0,0,0,0,0,0,0,0,0,0,0,0,0,0,0,0,0,0,0,0,0,0,0,0,0,0,0,0,0,0,0,0,0,0,0,0,0,0,0,0,0,0,0,0,0,0,0,0,0,0,0,0,0,0,0,0,0,0,0,0,0,0,0,0,0,0,0,0,0,0,0,0,0},
{0,0,0,0,0,0,0,0,0,0,0,0,0,0,0,0,0,0,0,0,0,0,0,0,0,0,0,0,0,0,0,0,0,0,0,0,0,0,0,0,0,0,0,0,0,0,0,0,0,0,0,0,0,0,0,0,0,0,0,0,0,0,0,0,0,0,0,0,0,0,0,0,0,0,0,0,0,0,0,0,0,0,0,0,0,0,0,0,0,0,0,0,0,0,0,0},
{0,0,0,0,0,0,0,0,0,0,0,0,0,0,0,0,0,0,0,0,0,0,0,0,0,0,0,0,0,0,0,0,0,0,0,0,0,0,0,0,0,0,0,0,0,0,0,0,0,0,0,0,0,0,0,0,0,0,0,0,0,0,0,0,0,0,0,0,0,0,0,0,0,0,0,0,0,0,0,0,0,0,0,0,0,0,0,0,0,0,0,0,0,0,0,0},
{0,0,0,0,0,0,0,0,0,0,0,0,0,0,0,0,0,0,0,0,0,0,0,0,0,0,0,0,0,0,0,0,0,0,0,0,0,0,0,0,0,0,0,0,0,0,0,0,0,0,0,0,0,0,0,0,0,0,0,0,0,0,0,0,0,0,0,0,0,0,0,0,0,0,0,0,0,0,0,0,0,0,0,0,0,0,0,0,0,0,0,0,0,0,0,0},
{0,0,0,0,0,0,0,0,0,0,0,0,0,0,0,0,0,0,0,0,0,0,0,0,0,0,0,0,0,0,0,0,0,0,0,0,0,0,0,0,0,0,0,0,0,0,0,0,0,0,0,0,0,0,0,0,0,0,0,0,0,0,0,0,0,0,0,0,0,0,0,0,0,0,0,0,0,0,0,0,0,0,0,0,0,0,0,0,0,0,0,0,0,0,0,0},
{0,0,0,0,0,0,0,0,0,0,0,0,0,0,0,0,0,0,0,0,0,0,0,0,0,0,0,0,0,0,0,0,0,0,0,0,0,0,0,0,0,0,0,0,0,0,0,0,0,0,0,0,0,0,0,0,0,0,0,0,0,0,0,0,0,0,0,0,0,0,0,0,0,0,0,0,0,0,0,0,0,0,0,0,0,0,0,0,0,0,0,0,0,0,0,0},
{0,0,0,0,0,0,0,0,0,0,0,0,0,0,0,0,0,0,0,0,0,0,0,0,0,0,0,0,0,0,0,0,0,0,0,0,0,0,0,0,0,0,0,0,0,0,0,0,0,0,0,0,0,0,0,0,0,0,0,0,0,0,0,0,0,0,0,0,0,0,0,0,0,0,0,0,0,0,0,0,0,0,0,0,0,0,0,0,0,0,0,0,0,0,0,0},
{0,0,0,0,0,0,0,0,0,0,0,0,0,0,0,0,0,0,0,0,0,0,0,0,0,0,0,0,0,0,0,0,0,0,0,0,0,0,0,0,0,0,0,0,0,0,0,0,0,0,0,0,0,0,0,0,0,0,0,0,0,0,0,0,0,0,0,0,0,0,0,0,0,0,0,0,0,0,0,0,0,0,0,0,0,0,0,0,0,0,0,0,0,0,0,0},
{0,0,0,0,0,0,0,0,0,0,0,0,0,0,0,0,0,0,0,0,0,0,0,0,0,0,0,0,0,0,0,0,0,0,0,0,0,0,0,0,0,0,0,0,0,0,0,0,0,0,0,0,0,0,0,0,0,0,0,0,0,0,0,0,0,0,0,0,0,0,0,0,0,0,0,0,0,0,0,0,0,0,0,0,0,0,0,0,0,0,0,0,0,0,0,0},
{0,0,0,0,0,0,0,0,0,0,0,0,0,0,0,0,0,0,0,0,0,0,0,0,0,0,0,0,0,0,0,0,0,0,0,0,0,0,0,0,0,0,0,0,0,0,0,0,0,0,0,0,0,0,0,0,0,0,0,0,0,0,0,0,0,0,0,0,0,0,0,0,0,0,0,0,0,0,0,0,0,0,0,0,0,0,0,0,0,0,0,0,0,0,0,0},
{0,0,0,0,0,0,0,0,0,0,0,0,0,0,0,0,0,0,0,0,0,0,0,0,0,0,0,0,0,0,0,0,0,0,0,0,0,0,0,0,0,0,0,0,0,0,0,0,0,0,0,0,0,0,0,0,0,0,0,0,0,0,0,0,0,0,0,0,0,0,0,0,0,0,0,0,0,0,0,0,0,0,0,0,0,0,0,0,0,0,0,0,0,0,0,0},
{0,0,0,0,0,0,0,0,0,0,0,0,0,0,0,0,0,0,0,0,0,0,0,0,0,0,0,0,0,0,0,0,0,0,0,0,0,0,0,0,0,0,0,0,0,0,0,0,0,0,0,0,0,0,0,0,0,0,0,0,0,0,0,0,0,0,0,0,0,0,0,0,0,0,0,0,0,0,0,0,0,0,0,0,0,0,0,0,0,0,0,0,0,0,0,0},
{0,0,0,0,0,0,0,0,0,0,0,0,0,0,0,0,0,0,0,0,0,0,0,0,0,0,0,0,0,0,0,0,0,0,0,0,0,0,0,0,0,0,0,0,0,0,0,0,0,0,0,0,0,0,0,0,0,0,0,0,0,0,0,0,0,0,0,0,0,0,0,0,0,0,0,0,0,0,0,0,0,0,0,0,0,0,0,0,0,0,0,0,0,0,0,0},
{0,0,0,0,0,0,0,0,0,0,0,0,0,0,0,0,0,0,0,0,0,0,0,0,0,0,0,0,0,0,0,0,0,0,0,0,0,0,0,0,0,0,0,0,0,0,0,0,0,0,0,0,0,0,0,0,0,0,0,0,0,0,0,0,0,0,0,0,0,0,0,0,0,0,0,0,0,0,0,0,0,0,0,0,0,0,0,0,0,0,0,0,0,0,0,0},
{0,0,0,0,0,0,0,0,0,0,0,0,0,0,0,0,0,0,0,0,0,0,0,0,0,0,0,0,0,0,0,0,0,0,0,0,0,0,0,0,0,0,0,0,0,0,0,0,0,0,0,0,0,0,0,0,0,0,0,0,0,0,0,0,0,0,0,0,0,0,0,0,0,0,0,0,0,0,0,0,0,0,0,0,0,0,0,0,0,0,0,0,0,0,0,0},
{0,0,0,0,0,0,0,0,0,0,0,0,0,0,0,0,0,0,0,0,0,0,0,0,0,0,0,0,0,0,0,0,0,0,0,0,0,0,0,0,0,0,0,0,0,0,0,0,0,0,0,0,0,0,0,0,0,0,0,0,0,0,0,0,0,0,0,0,0,0,0,0,0,0,0,0,0,0,0,0,0,0,0,0,0,0,0,0,0,0,0,0,0,0,0,0},
{0,0,0,0,0,0,0,0,0,0,0,0,0,0,0,0,0,0,0,0,0,0,0,0,0,0,0,0,0,0,0,0,0,0,0,0,0,0,0,0,0,0,0,0,0,0,0,0,0,0,0,0,0,0,0,0,0,0,0,0,0,0,0,0,0,0,0,0,0,0,0,0,0,0,0,0,0,0,0,0,0,0,0,0,0,0,0,0,0,0,0,0,0,0,0,0},
{0,0,0,0,0,0,0,0,0,0,0,0,0,0,0,0,0,0,0,0,0,0,0,0,0,0,0,0,0,0,0,0,0,0,0,0,0,0,0,0,0,0,0,0,0,0,0,0,0,0,0,0,0,0,0,0,0,0,0,0,0,0,0,0,0,0,0,0,0,0,0,0,0,0,0,0,0,0,0,0,0,0,0,0,0,0,0,0,0,0,0,0,0,0,0,0},
{0,0,0,0,0,0,0,0,0,0,0,0,0,0,0,0,0,0,0,0,0,0,0,0,0,0,0,0,0.0037170265*J1^1*J2^3+0,0.0009765625*J1^2*J2^2+-0.0058352623*J1^1*J2^3+0.0009765625*J2^4+0,-0.0010730131*J1^2*J2^2+-0.0010730131*J2^4+0,0.0016844951*J1^2*J2^2+-0.0011276372*J1^1*J2^3+0.0016844951*J2^4+0,0,0,0,0,0,0,0,0,0,0,0,0,0,0,0,0,0,0,0,0,0,0,0,0,0,0,0,0,0,0,0,0,0,0,0,0,0,0,0,0,0,0,0,0,0,0,0,0,0,0,0,0,0,0,0,0,0,0,0,0,0,0,0,0},
{0,0,0,0,0,0,0,0,0,0,0,0,0,0,0,0,0,0,0,0,0,0,0,0,0,0,0,0,0.0009765625*J1^2*J2^2+-0.0058352623*J1^1*J2^3+0.0009765625*J2^4+0,0.0011276372*J1^2*J2^2+-0.0030209541*J1^1*J2^3+0.0011276372*J2^4+0,0.0016844951*J1^2*J2^2+-0.0011276372*J1^1*J2^3+0.0016844951*J2^4+0,0.0008720743*J1^2*J2^2+-0.0013020833*J1^1*J2^3+0.0008720743*J2^4+0,0,0,0,0,0,0,0,0,0,0,0,0,0,0,0,0,0,0,0,0,0,0,0,0,0,0,0,0,0,0,0,0,0,0,0,0,0,0,0,0,0,0,0,0,0,0,0,0,0,0,0,0,0,0,0,0,0,0,0,0,0,0,0,0},
{0,0,0,0,0,0,0,0,0,0,0,0,0,0,0,0,0,0,0,0,0,0,0,0,0,0,0,0,0,0,0,0,0,0,0,0,-0.0021460262*J1^1*J2^3+0,-0.0005638186*J1^2*J2^2+0.0033689903*J1^1*J2^3+-0.0005638186*J2^4+0,0.0006195044*J1^2*J2^2+0.0006195044*J2^4+0,-0.0009725437*J1^2*J2^2+0.0006510417*J1^1*J2^3+-0.0009725437*J2^4+0,0,0,0,0,-0.0030349394*J1^1*J2^3+0,-0.0007973599*J1^2*J2^2+0.0047644718*J1^1*J2^3+-0.0007973599*J2^4+0,0.0008761115*J1^2*J2^2+0.0008761115*J2^4+0,-0.0013753845*J1^2*J2^2+0.0009207120*J1^1*J2^3+-0.0013753845*J2^4+0,0,0,0,0,0,0,0,0,0,0,0,0,0,0,0,0,0,0,0,0,0,0,0,0,0,0,0,0,0,0,0,0,0,0,0,0,0,0,0,0,0,0,0,0,0,0,0,0},
{0,0,0,0,0,0,0,0,0,0,0,0,0,0,0,0,0,0,0,0,0,0,0,0,0,0,0,0,0,0,0,0,0,0,0,0,-0.0005638186*J1^2*J2^2+0.0033689903*J1^1*J2^3+-0.0005638186*J2^4+0,-0.0006510417*J1^2*J2^2+0.0017441487*J1^1*J2^3+-0.0006510417*J2^4+0,-0.0009725437*J1^2*J2^2+0.0006510417*J1^1*J2^3+-0.0009725437*J2^4+0,-0.0005034923*J1^2*J2^2+0.0007517582*J1^1*J2^3+-0.0005034923*J2^4+0,0,0,0,0,-0.0007973599*J1^2*J2^2+0.0047644718*J1^1*J2^3+-0.0007973599*J2^4+0,-0.0009207120*J1^2*J2^2+0.0024665987*J1^1*J2^3+-0.0009207120*J2^4+0,-0.0013753845*J1^2*J2^2+0.0009207120*J1^1*J2^3+-0.0013753845*J2^4+0,-0.0007120457*J1^2*J2^2+0.0010631466*J1^1*J2^3+-0.0007120457*J2^4+0,0,0,0,0,0,0,0,0,0,0,0,0,0,0,0,0,0,0,0,0,0,0,0,0,0,0,0,0,0,0,0,0,0,0,0,0,0,0,0,0,0,0,0,0,0,0,0,0},
{0,0,0,0,0,0,0,0,0,0,0,0,0,0,0,0,0,0,0,0,0,0,0,0,0,0,0,0,-0.0010730131*J1^2*J2^2+-0.0010730131*J2^4+0,0.0016844951*J1^2*J2^2+-0.0011276372*J1^1*J2^3+0.0016844951*J2^4+0,-0.0012390088*J1^2*J2^2+0.0037170265*J1^1*J2^3+-0.0012390088*J2^4+0,0.0029216499*J1^2*J2^2+-0.0071373457*J1^1*J2^3+0.0029216499*J2^4+0,0,0,0,0,0,0,0,0,0,0,0,0,0,0,0,0,0,0,0,0,0,0,0,0,0,0,0,0,0,0,0,0,0,0,0,0,0,0,0,0,0,0,0,0,0,0,0,0,0,0,0,0,0,0,0,0,0,0,0,0,0,0,0,0},
{0,0,0,0,0,0,0,0,0,0,0,0,0,0,0,0,0,0,0,0,0,0,0,0,0,0,0,0,0.0016844951*J1^2*J2^2+-0.0011276372*J1^1*J2^3+0.0016844951*J2^4+0,0.0008720743*J1^2*J2^2+-0.0013020833*J1^1*J2^3+0.0008720743*J2^4+0,0.0029216499*J1^2*J2^2+-0.0071373457*J1^1*J2^3+0.0029216499*J2^4+0,0.0021346219*J1^2*J2^2+-0.0045244704*J1^1*J2^3+0.0021346219*J2^4+0,0,0,0,0,0,0,0,0,0,0,0,0,0,0,0,0,0,0,0,0,0,0,0,0,0,0,0,0,0,0,0,0,0,0,0,0,0,0,0,0,0,0,0,0,0,0,0,0,0,0,0,0,0,0,0,0,0,0,0,0,0,0,0,0},
{0,0,0,0,0,0,0,0,0,0,0,0,0,0,0,0,0,0,0,0,0,0,0,0,0,0,0,0,0,0,0,0,0,0,0,0,0.0006195044*J1^2*J2^2+0.0006195044*J2^4+0,-0.0009725437*J1^2*J2^2+0.0006510417*J1^1*J2^3+-0.0009725437*J2^4+0,0.0007153421*J1^2*J2^2+-0.0021460262*J1^1*J2^3+0.0007153421*J2^4+0,-0.0016868154*J1^2*J2^2+0.0041207484*J1^1*J2^3+-0.0016868154*J2^4+0,0,0,0,0,0.0008761115*J1^2*J2^2+0.0008761115*J2^4+0,-0.0013753845*J1^2*J2^2+0.0009207120*J1^1*J2^3+-0.0013753845*J2^4+0,0.0010116465*J1^2*J2^2+-0.0030349394*J1^1*J2^3+0.0010116465*J2^4+0,-0.0023855172*J1^2*J2^2+0.0058276183*J1^1*J2^3+-0.0023855172*J2^4+0,0,0,0,0,0,0,0,0,0,0,0,0,0,0,0,0,0,0,0,0,0,0,0,0,0,0,0,0,0,0,0,0,0,0,0,0,0,0,0,0,0,0,0,0,0,0,0,0},
{0,0,0,0,0,0,0,0,0,0,0,0,0,0,0,0,0,0,0,0,0,0,0,0,0,0,0,0,0,0,0,0,0,0,0,0,-0.0009725437*J1^2*J2^2+0.0006510417*J1^1*J2^3+-0.0009725437*J2^4+0,-0.0005034923*J1^2*J2^2+0.0007517582*J1^1*J2^3+-0.0005034923*J2^4+0,-0.0016868154*J1^2*J2^2+0.0041207484*J1^1*J2^3+-0.0016868154*J2^4+0,-0.0012324246*J1^2*J2^2+0.0026122042*J1^1*J2^3+-0.0012324246*J2^4+0,0,0,0,0,-0.0013753845*J1^2*J2^2+0.0009207120*J1^1*J2^3+-0.0013753845*J2^4+0,-0.0007120457*J1^2*J2^2+0.0010631466*J1^1*J2^3+-0.0007120457*J2^4+0,-0.0023855172*J1^2*J2^2+0.0058276183*J1^1*J2^3+-0.0023855172*J2^4+0,-0.0017429115*J1^2*J2^2+0.0036942146*J1^1*J2^3+-0.0017429115*J2^4+0,0,0,0,0,0,0,0,0,0,0,0,0,0,0,0,0,0,0,0,0,0,0,0,0,0,0,0,0,0,0,0,0,0,0,0,0,0,0,0,0,0,0,0,0,0,0,0,0},
{0,0,0,0,0,0,0,0,0,0,0,0,0,0,0,0,0,0,0,0,0,0,0,0,-0.0064380787*J1^1*J2^3+0,-0.0016914559*J1^2*J2^2+0.0101069709*J1^1*J2^3+-0.0016914559*J2^4+0,0.0018585132*J1^2*J2^2+0.0018585132*J2^4+0,-0.0029176312*J1^2*J2^2+0.0019531250*J1^1*J2^3+-0.0029176312*J2^4+0,0,0,0,0,0,0,0,0,0,0,0,0,0,0,0,0,0,0,0,0,0,0,0,0,0,0,0,0,0,0,0,0,0,0,0,0,0,0,0,0,0,0,0,0,0,0,0,0,0,0,0,0,0,0,0,0,0,0,0,0,0,0,0,0,0,0,0,0},
{0,0,0,0,0,0,0,0,0,0,0,0,0,0,0,0,0,0,0,0,0,0,0,0,-0.0016914559*J1^2*J2^2+0.0101069709*J1^1*J2^3+-0.0016914559*J2^4+0,-0.0019531250*J1^2*J2^2+0.0052324460*J1^1*J2^3+-0.0019531250*J2^4+0,-0.0029176312*J1^2*J2^2+0.0019531250*J1^1*J2^3+-0.0029176312*J2^4+0,-0.0015104770*J1^2*J2^2+0.0022552745*J1^1*J2^3+-0.0015104770*J2^4+0,0,0,0,0,0,0,0,0,0,0,0,0,0,0,0,0,0,0,0,0,0,0,0,0,0,0,0,0,0,0,0,0,0,0,0,0,0,0,0,0,0,0,0,0,0,0,0,0,0,0,0,0,0,0,0,0,0,0,0,0,0,0,0,0,0,0,0,0},
{0,0,0,0,0,0,0,0,0,0,0,0,0,0,0,0,0,0,0,0,0,0,0,0,0,0,0,0,0,0,0,0,0.0037170265*J1^1*J2^3+0,0.0009765625*J1^2*J2^2+-0.0058352623*J1^1*J2^3+0.0009765625*J2^4+0,-0.0010730131*J1^2*J2^2+-0.0010730131*J2^4+0,0.0016844951*J1^2*J2^2+-0.0011276372*J1^1*J2^3+0.0016844951*J2^4+0,0,0,0,0,0.0052566692*J1^1*J2^3+0,0.0013810679*J1^2*J2^2+-0.0082523071*J1^1*J2^3+0.0013810679*J2^4+0,-0.0015174697*J1^2*J2^2+-0.0015174697*J2^4+0,0.0023822359*J1^2*J2^2+-0.0015947199*J1^1*J2^3+0.0023822359*J2^4+0,0,0,0,0,0,0,0,0,0,0,0,0,0,0,0,0,0,0,0,0,0,0,0,0,0,0,0,0,0,0,0,0,0,0,0,0,0,0,0,0,0,0,0,0,0,0,0,0,0,0,0,0},
{0,0,0,0,0,0,0,0,0,0,0,0,0,0,0,0,0,0,0,0,0,0,0,0,0,0,0,0,0,0,0,0,0.0009765625*J1^2*J2^2+-0.0058352623*J1^1*J2^3+0.0009765625*J2^4+0,0.0011276372*J1^2*J2^2+-0.0030209541*J1^1*J2^3+0.0011276372*J2^4+0,0.0016844951*J1^2*J2^2+-0.0011276372*J1^1*J2^3+0.0016844951*J2^4+0,0.0008720743*J1^2*J2^2+-0.0013020833*J1^1*J2^3+0.0008720743*J2^4+0,0,0,0,0,0.0013810679*J1^2*J2^2+-0.0082523071*J1^1*J2^3+0.0013810679*J2^4+0,0.0015947199*J1^2*J2^2+-0.0042722743*J1^1*J2^3+0.0015947199*J2^4+0,0.0023822359*J1^2*J2^2+-0.0015947199*J1^1*J2^3+0.0023822359*J2^4+0,0.0012332993*J1^2*J2^2+-0.0018414239*J1^1*J2^3+0.0012332993*J2^4+0,0,0,0,0,0,0,0,0,0,0,0,0,0,0,0,0,0,0,0,0,0,0,0,0,0,0,0,0,0,0,0,0,0,0,0,0,0,0,0,0,0,0,0,0,0,0,0,0,0,0,0,0},
{0,0,0,0,0,0,0,0,0,0,0,0,0,0,0,0,0,0,0,0,0,0,0,0,0.0018585132*J1^2*J2^2+0.0018585132*J2^4+0,-0.0029176312*J1^2*J2^2+0.0019531250*J1^1*J2^3+-0.0029176312*J2^4+0,0.0021460262*J1^2*J2^2+-0.0064380787*J1^1*J2^3+0.0021460262*J2^4+0,-0.0050604462*J1^2*J2^2+0.0123622453*J1^1*J2^3+-0.0050604462*J2^4+0,0,0,0,0,0,0,0,0,0,0,0,0,0,0,0,0,0,0,0,0,0,0,0,0,0,0,0,0,0,0,0,0,0,0,0,0,0,0,0,0,0,0,0,0,0,0,0,0,0,0,0,0,0,0,0,0,0,0,0,0,0,0,0,0,0,0,0,0},
{0,0,0,0,0,0,0,0,0,0,0,0,0,0,0,0,0,0,0,0,0,0,0,0,-0.0029176312*J1^2*J2^2+0.0019531250*J1^1*J2^3+-0.0029176312*J2^4+0,-0.0015104770*J1^2*J2^2+0.0022552745*J1^1*J2^3+-0.0015104770*J2^4+0,-0.0050604462*J1^2*J2^2+0.0123622453*J1^1*J2^3+-0.0050604462*J2^4+0,-0.0036972737*J1^2*J2^2+0.0078366127*J1^1*J2^3+-0.0036972737*J2^4+0,0,0,0,0,0,0,0,0,0,0,0,0,0,0,0,0,0,0,0,0,0,0,0,0,0,0,0,0,0,0,0,0,0,0,0,0,0,0,0,0,0,0,0,0,0,0,0,0,0,0,0,0,0,0,0,0,0,0,0,0,0,0,0,0,0,0,0,0},
{0,0,0,0,0,0,0,0,0,0,0,0,0,0,0,0,0,0,0,0,0,0,0,0,0,0,0,0,0,0,0,0,-0.0010730131*J1^2*J2^2+-0.0010730131*J2^4+0,0.0016844951*J1^2*J2^2+-0.0011276372*J1^1*J2^3+0.0016844951*J2^4+0,-0.0012390088*J1^2*J2^2+0.0037170265*J1^1*J2^3+-0.0012390088*J2^4+0,0.0029216499*J1^2*J2^2+-0.0071373457*J1^1*J2^3+0.0029216499*J2^4+0,0,0,0,0,-0.0015174697*J1^2*J2^2+-0.0015174697*J2^4+0,0.0023822359*J1^2*J2^2+-0.0015947199*J1^1*J2^3+0.0023822359*J2^4+0,-0.0017522231*J1^2*J2^2+0.0052566692*J1^1*J2^3+-0.0017522231*J2^4+0,0.0041318370*J1^2*J2^2+-0.0100937311*J1^1*J2^3+0.0041318370*J2^4+0,0,0,0,0,0,0,0,0,0,0,0,0,0,0,0,0,0,0,0,0,0,0,0,0,0,0,0,0,0,0,0,0,0,0,0,0,0,0,0,0,0,0,0,0,0,0,0,0,0,0,0,0},
{0,0,0,0,0,0,0,0,0,0,0,0,0,0,0,0,0,0,0,0,0,0,0,0,0,0,0,0,0,0,0,0,0.0016844951*J1^2*J2^2+-0.0011276372*J1^1*J2^3+0.0016844951*J2^4+0,0.0008720743*J1^2*J2^2+-0.0013020833*J1^1*J2^3+0.0008720743*J2^4+0,0.0029216499*J1^2*J2^2+-0.0071373457*J1^1*J2^3+0.0029216499*J2^4+0,0.0021346219*J1^2*J2^2+-0.0045244704*J1^1*J2^3+0.0021346219*J2^4+0,0,0,0,0,0.0023822359*J1^2*J2^2+-0.0015947199*J1^1*J2^3+0.0023822359*J2^4+0,0.0012332993*J1^2*J2^2+-0.0018414239*J1^1*J2^3+0.0012332993*J2^4+0,0.0041318370*J1^2*J2^2+-0.0100937311*J1^1*J2^3+0.0041318370*J2^4+0,0.0030188113*J1^2*J2^2+-0.0063985674*J1^1*J2^3+0.0030188113*J2^4+0,0,0,0,0,0,0,0,0,0,0,0,0,0,0,0,0,0,0,0,0,0,0,0,0,0,0,0,0,0,0,0,0,0,0,0,0,0,0,0,0,0,0,0,0,0,0,0,0,0,0,0,0},
{0,0,0,0,0,0,0,0,0,0,0,0,0,0,0,0,0,0,0,0,0,0,0,0,0,0,0,0,-0.0052566692*J1^1*J2^3+0,-0.0013810679*J1^2*J2^2+0.0082523071*J1^1*J2^3+-0.0013810679*J2^4+0,0.0015174697*J1^2*J2^2+0.0015174697*J2^4+0,-0.0023822359*J1^2*J2^2+0.0015947199*J1^1*J2^3+-0.0023822359*J2^4+0,0,0,0,0,0,0,0,0,0,0,0,0,0,0,0,0,0,0,0,0,0,0,0,0,0,0,0,0,0,0,0,0,0,0,0,0,0,0,0,0,0,0,0,0,0,0,0,0,0,0,0,0,0,0,0,0,0,0,0,0,0,0,0,0},
{0,0,0,0,0,0,0,0,0,0,0,0,0,0,0,0,0,0,0,0,0,0,0,0,0,0,0,0,-0.0013810679*J1^2*J2^2+0.0082523071*J1^1*J2^3+-0.0013810679*J2^4+0,-0.0015947199*J1^2*J2^2+0.0042722743*J1^1*J2^3+-0.0015947199*J2^4+0,-0.0023822359*J1^2*J2^2+0.0015947199*J1^1*J2^3+-0.0023822359*J2^4+0,-0.0012332993*J1^2*J2^2+0.0018414239*J1^1*J2^3+-0.0012332993*J2^4+0,0,0,0,0,0,0,0,0,0,0,0,0,0,0,0,0,0,0,0,0,0,0,0,0,0,0,0,0,0,0,0,0,0,0,0,0,0,0,0,0,0,0,0,0,0,0,0,0,0,0,0,0,0,0,0,0,0,0,0,0,0,0,0,0},
{0,0,0,0,0,0,0,0,0,0,0,0,0,0,0,0,0,0,0,0,0,0,0,0,0,0,0,0,0,0,0,0,0,0,0,0,0.0030349394*J1^1*J2^3+0,0.0007973599*J1^2*J2^2+-0.0047644718*J1^1*J2^3+0.0007973599*J2^4+0,-0.0008761115*J1^2*J2^2+-0.0008761115*J2^4+0,0.0013753845*J1^2*J2^2+-0.0009207120*J1^1*J2^3+0.0013753845*J2^4+0,0,0,0,0,0.0042920525*J1^1*J2^3+0,0.0011276372*J1^2*J2^2+-0.0067379806*J1^1*J2^3+0.0011276372*J2^4+0,-0.0012390088*J1^2*J2^2+-0.0012390088*J2^4+0,0.0019450874*J1^2*J2^2+-0.0013020833*J1^1*J2^3+0.0019450874*J2^4+0,0,0,0,0,0,0,0,0,0,0,0,0,0,0,0,0,0,0,0,0,0,0,0,0,0,0,0,0,0,0,0,0,0,0,0,0,0,0,0,0,0,0,0,0,0,0,0,0},
{0,0,0,0,0,0,0,0,0,0,0,0,0,0,0,0,0,0,0,0,0,0,0,0,0,0,0,0,0,0,0,0,0,0,0,0,0.0007973599*J1^2*J2^2+-0.0047644718*J1^1*J2^3+0.0007973599*J2^4+0,0.0009207120*J1^2*J2^2+-0.0024665987*J1^1*J2^3+0.0009207120*J2^4+0,0.0013753845*J1^2*J2^2+-0.0009207120*J1^1*J2^3+0.0013753845*J2^4+0,0.0007120457*J1^2*J2^2+-0.0010631466*J1^1*J2^3+0.0007120457*J2^4+0,0,0,0,0,0.0011276372*J1^2*J2^2+-0.0067379806*J1^1*J2^3+0.0011276372*J2^4+0,0.0013020833*J1^2*J2^2+-0.0034882973*J1^1*J2^3+0.0013020833*J2^4+0,0.0019450874*J1^2*J2^2+-0.0013020833*J1^1*J2^3+0.0019450874*J2^4+0,0.0010069847*J1^2*J2^2+-0.0015035163*J1^1*J2^3+0.0010069847*J2^4+0,0,0,0,0,0,0,0,0,0,0,0,0,0,0,0,0,0,0,0,0,0,0,0,0,0,0,0,0,0,0,0,0,0,0,0,0,0,0,0,0,0,0,0,0,0,0,0,0},
{0,0,0,0,0,0,0,0,0,0,0,0,0,0,0,0,0,0,0,0,0,0,0,0,0,0,0,0,0.0015174697*J1^2*J2^2+0.0015174697*J2^4+0,-0.0023822359*J1^2*J2^2+0.0015947199*J1^1*J2^3+-0.0023822359*J2^4+0,0.0017522231*J1^2*J2^2+-0.0052566692*J1^1*J2^3+0.0017522231*J2^4+0,-0.0041318370*J1^2*J2^2+0.0100937311*J1^1*J2^3+-0.0041318370*J2^4+0,0,0,0,0,0,0,0,0,0,0,0,0,0,0,0,0,0,0,0,0,0,0,0,0,0,0,0,0,0,0,0,0,0,0,0,0,0,0,0,0,0,0,0,0,0,0,0,0,0,0,0,0,0,0,0,0,0,0,0,0,0,0,0,0},
{0,0,0,0,0,0,0,0,0,0,0,0,0,0,0,0,0,0,0,0,0,0,0,0,0,0,0,0,-0.0023822359*J1^2*J2^2+0.0015947199*J1^1*J2^3+-0.0023822359*J2^4+0,-0.0012332993*J1^2*J2^2+0.0018414239*J1^1*J2^3+-0.0012332993*J2^4+0,-0.0041318370*J1^2*J2^2+0.0100937311*J1^1*J2^3+-0.0041318370*J2^4+0,-0.0030188113*J1^2*J2^2+0.0063985674*J1^1*J2^3+-0.0030188113*J2^4+0,0,0,0,0,0,0,0,0,0,0,0,0,0,0,0,0,0,0,0,0,0,0,0,0,0,0,0,0,0,0,0,0,0,0,0,0,0,0,0,0,0,0,0,0,0,0,0,0,0,0,0,0,0,0,0,0,0,0,0,0,0,0,0,0},
{0,0,0,0,0,0,0,0,0,0,0,0,0,0,0,0,0,0,0,0,0,0,0,0,0,0,0,0,0,0,0,0,0,0,0,0,-0.0008761115*J1^2*J2^2+-0.0008761115*J2^4+0,0.0013753845*J1^2*J2^2+-0.0009207120*J1^1*J2^3+0.0013753845*J2^4+0,-0.0010116465*J1^2*J2^2+0.0030349394*J1^1*J2^3+-0.0010116465*J2^4+0,0.0023855172*J1^2*J2^2+-0.0058276183*J1^1*J2^3+0.0023855172*J2^4+0,0,0,0,0,-0.0012390088*J1^2*J2^2+-0.0012390088*J2^4+0,0.0019450874*J1^2*J2^2+-0.0013020833*J1^1*J2^3+0.0019450874*J2^4+0,-0.0014306842*J1^2*J2^2+0.0042920525*J1^1*J2^3+-0.0014306842*J2^4+0,0.0033736308*J1^2*J2^2+-0.0082414969*J1^1*J2^3+0.0033736308*J2^4+0,0,0,0,0,0,0,0,0,0,0,0,0,0,0,0,0,0,0,0,0,0,0,0,0,0,0,0,0,0,0,0,0,0,0,0,0,0,0,0,0,0,0,0,0,0,0,0,0},
{0,0,0,0,0,0,0,0,0,0,0,0,0,0,0,0,0,0,0,0,0,0,0,0,0,0,0,0,0,0,0,0,0,0,0,0,0.0013753845*J1^2*J2^2+-0.0009207120*J1^1*J2^3+0.0013753845*J2^4+0,0.0007120457*J1^2*J2^2+-0.0010631466*J1^1*J2^3+0.0007120457*J2^4+0,0.0023855172*J1^2*J2^2+-0.0058276183*J1^1*J2^3+0.0023855172*J2^4+0,0.0017429115*J1^2*J2^2+-0.0036942146*J1^1*J2^3+0.0017429115*J2^4+0,0,0,0,0,0.0019450874*J1^2*J2^2+-0.0013020833*J1^1*J2^3+0.0019450874*J2^4+0,0.0010069847*J1^2*J2^2+-0.0015035163*J1^1*J2^3+0.0010069847*J2^4+0,0.0033736308*J1^2*J2^2+-0.0082414969*J1^1*J2^3+0.0033736308*J2^4+0,0.0024648491*J1^2*J2^2+-0.0052244084*J1^1*J2^3+0.0024648491*J2^4+0,0,0,0,0,0,0,0,0,0,0,0,0,0,0,0,0,0,0,0,0,0,0,0,0,0,0,0,0,0,0,0,0,0,0,0,0,0,0,0,0,0,0,0,0,0,0,0,0}
}