96
{{0,0,0,0,0,0,0,0,0,0,0,0,0,0,0,0,0,0,0,0,0,0,0,0,0,0,0,0,0,0,0,0,0,0,0,0,0,0,0,0,0,0,0,0,0,0,0,0,0,0,0,0,0,0,0,0,0,0,0,0,0,0,0,0,0,0,0,0,0,0,0,0,0,0,0,0,0,0,0,0,0,0,0,0,0,0,0,0,0,0,0,0,0,0,0,0},
{0,0,0,0,0,0,0,0,0,0,0,0,0,0,0,0,0,0,0,0,0,0,0,0,0,0,0,0,0,0,0,0,0,0,0,0,0,0,0,0,0,0,0,0,0,0,0,0,0,0,0,0,0,0,0,0,0,0,0,0,0,0,0,0,0,0,0,0,0,0,0,0,0,0,0,0,0,0,0,0,0,0,0,0,0,0,0,0,0,0,0,0,0,0,0,0},
{0,0,0,0,0,0,0,0,0,0,0,0,0,0,0,0,0,0,0,0,0,0,0,0,0,0,0,0,0,0,0,0,0,0,0,0,0,0,0,0,0,0,0,0,0,0,0,0,0,0,0,0,0,0,0,0,0,0,0,0,0,0,0,0,0,0,0,0,0,0,0,0,0,0,0,0,0,0,0,0,0,0,0,0,0,0,0,0,0,0,0,0,0,0,0,0},
{0,0,0,0,0,0,0,0,0,0,0,0,0,0,0,0,0,0,0,0,0,0,0,0,0,0,0,0,0,0,0,0,0,0,0,0,0,0,0,0,0,0,0,0,0,0,0,0,0,0,0,0,0,0,0,0,0,0,0,0,0,0,0,0,0,0,0,0,0,0,0,0,0,0,0,0,0,0,0,0,0,0,0,0,0,0,0,0,0,0,0,0,0,0,0,0},
{0,0,0,0,0,0,0,0,0,0,0,0,0,0,0,0,0,0,0,0,0,0,0,0,0,0,0,0,0,0,0,0,0,0,0,0,0,0,0,0,0,0,0,0,0,0,0,0,0,0,0,0,0,0,0,0,0,0,0,0,0,0,0,0,0,0,0,0,0,0,0,0,0,0,0,0,0,0,0,0,0,0,0,0,0,0,0,0,0,0,0,0,0,0,0,0},
{0,0,0,0,0,0,0,0,0,0,0,0,0,0,0,0,0,0,0,0,0,0,0,0,0,0,0,0,0,0,0,0,0,0,0,0,0,0,0,0,0,0,0,0,0,0,0,0,0,0,0,0,0,0,0,0,0,0,0,0,0,0,0,0,0,0,0,0,0,0,0,0,0,0,0,0,0,0,0,0,0,0,0,0,0,0,0,0,0,0,0,0,0,0,0,0},
{0,0,0,0,0,0,0,0,0,0,0,0,0,0,0,0,0,0,0,0,0,0,0,0,0,0,0,0,0,0,0,0,0,0,0,0,0,0,0,0,0,0,0,0,0,0,0,0,0,0,0,0,0,0,0,0,0,0,0,0,0,0,0,0,0,0,0,0,0,0,0,0,0,0,0,0,0,0,0,0,0,0,0,0,0,0,0,0,0,0,0,0,0,0,0,0},
{0,0,0,0,0,0,0,0,0,0,0,0,0,0,0,0,0,0,0,0,0,0,0,0,0,0,0,0,0,0,0,0,0,0,0,0,0,0,0,0,0,0,0,0,0,0,0,0,0,0,0,0,0,0,0,0,0,0,0,0,0,0,0,0,0,0,0,0,0,0,0,0,0,0,0,0,0,0,0,0,0,0,0,0,0,0,0,0,0,0,0,0,0,0,0,0},
{0,0,0,0,0,0,0,0,0,0,0,0,0,0,0,0,0,0,0,0,0,0,0,0,0,0,0,0,0,0,0,0,0,0,0,0,0,0,0,0,0,0,0,0,0,0,0,0,0,0,0,0,0,0,0,0,0,0,0,0,0,0,0,0,0,0,0,0,0,0,0,0,0,0,0,0,0,0,0,0,0,0,0,0,0,0,0,0,0,0,0,0,0,0,0,0},
{0,0,0,0,0,0,0,0,0,0,0,0,0,0,0,0,0,0,0,0,0,0,0,0,0,0,0,0,0,0,0,0,0,0,0,0,0,0,0,0,0,0,0,0,0,0,0,0,0,0,0,0,0,0,0,0,0,0,0,0,0,0,0,0,0,0,0,0,0,0,0,0,0,0,0,0,0,0,0,0,0,0,0,0,0,0,0,0,0,0,0,0,0,0,0,0},
{0,0,0,0,0,0,0,0,0,0,0,0,0,0,0,0,0,0,0,0,0,0,0,0,0,0,0,0,0,0,0,0,0,0,0,0,0,0,0,0,0,0,0,0,0,0,0,0,0,0,0,0,0,0,0,0,0,0,0,0,0,0,0,0,0,0,0,0,0,0,0,0,0,0,0,0,0,0,0,0,0,0,0,0,0,0,0,0,0,0,0,0,0,0,0,0},
{0,0,0,0,0,0,0,0,0,0,0,0,0,0,0,0,0,0,0,0,0,0,0,0,0,0,0,0,0,0,0,0,0,0,0,0,0,0,0,0,0,0,0,0,0,0,0,0,0,0,0,0,0,0,0,0,0,0,0,0,0,0,0,0,0,0,0,0,0,0,0,0,0,0,0,0,0,0,0,0,0,0,0,0,0,0,0,0,0,0,0,0,0,0,0,0},
{0,0,0,0,0,0,0,0,0,0,0,0,0,0,0,0,0,0,0,0,0,0,0,0,0,0,0,0,0,0,0,0,0,0,0,0,0,0,0,0,0,0,0,0,0,0,0,0,0,0,0,0,0,0,0,0,0,0,0,0,0,0,0,0,0,0,0,0,0,0,0,0,0,0,0,0,0,0,0,0,0,0,0,0,0,0,0,0,0,0,0,0,0,0,0,0},
{0,0,0,0,0,0,0,0,0,0,0,0,0,0,0,0,0,0,0,0,0,0,0,0,0,0,0,0,0,0,0,0,0,0,0,0,0,0,0,0,0,0,0,0,0,0,0,0,0,0,0,0,0,0,0,0,0,0,0,0,0,0,0,0,0,0,0,0,0,0,0,0,0,0,0,0,0,0,0,0,0,0,0,0,0,0,0,0,0,0,0,0,0,0,0,0},
{0,0,0,0,0,0,0,0,0,0,0,0,0,0,0,0,0,0,0,0,0,0,0,0,0,0,0,0,0,0,0,0,0,0,0,0,0,0,0,0,0,0,0,0,0,0,0,0,0,0,0,0,0,0,0,0,0,0,0,0,0,0,0,0,0,0,0,0,0,0,0,0,0,0,0,0,0,0,0,0,0,0,0,0,0,0,0,0,0,0,0,0,0,0,0,0},
{0,0,0,0,0,0,0,0,0,0,0,0,0,0,0,0,0,0,0,0,0,0,0,0,0,0,0,0,0,0,0,0,0,0,0,0,0,0,0,0,0,0,0,0,0,0,0,0,0,0,0,0,0,0,0,0,0,0,0,0,0,0,0,0,0,0,0,0,0,0,0,0,0,0,0,0,0,0,0,0,0,0,0,0,0,0,0,0,0,0,0,0,0,0,0,0},
{0,0,0,0,0,0,0,0,0,0,0,0,0,0,0,0,0,0,0,0,0,0,0,0,0,0,0,0,0,0,0,0,0,0,0,0,0,0,0,0,0,0,0,0,0,0,0,0,0,0,0,0,0,0,0,0,0,0,0,0,0,0,0,0,0,0,0,0,0,0,0,0,0,0,0,0,0,0,0,0,0,0,0,0,0,0,0,0,0,0,0,0,0,0,0,0},
{0,0,0,0,0,0,0,0,0,0,0,0,0,0,0,0,0,0,0,0,0,0,0,0,0,0,0,0,0,0,0,0,0,0,0,0,0,0,0,0,0,0,0,0,0,0,0,0,0,0,0,0,0,0,0,0,0,0,0,0,0,0,0,0,0,0,0,0,0,0,0,0,0,0,0,0,0,0,0,0,0,0,0,0,0,0,0,0,0,0,0,0,0,0,0,0},
{0,0,0,0,0,0,0,0,0,0,0,0,0,0,0,0,0,0,0,0,0,0,0,0,0,0,0,0,0,0,0,0,0,0,0,0,0,0,0,0,0,0,0,0,0,0,0,0,0,0,0,0,0,0,0,0,0,0,0,0,0,0,0,0,0,0,0,0,0,0,0,0,0,0,0,0,0,0,0,0,0,0,0,0,0,0,0,0,0,0,0,0,0,0,0,0},
{0,0,0,0,0,0,0,0,0,0,0,0,0,0,0,0,0,0,0,0,0,0,0,0,0,0,0,0,0,0,0,0,0,0,0,0,0,0,0,0,0,0,0,0,0,0,0,0,0,0,0,0,0,0,0,0,0,0,0,0,0,0,0,0,0,0,0,0,0,0,0,0,0,0,0,0,0,0,0,0,0,0,0,0,0,0,0,0,0,0,0,0,0,0,0,0},
{0,0,0,0,0,0,0,0,0,0,0,0,0,0,0,0,0,0,0,0,0,0,0,0,0,0,0,0,0,0,0,0,0,0,0,0,0,0,0,0,0,0,0,0,0,0,0,0,0,0,0,0,0,0,0,0,0,0,0,0,0,0,0,0,0,0,0,0,0,0,0,0,0,0,0,0,0,0,0,0,0,0,0,0,0,0,0,0,0,0,0,0,0,0,0,0},
{0,0,0,0,0,0,0,0,0,0,0,0,0,0,0,0,0,0,0,0,0,0,0,0,0,0,0,0,0,0,0,0,0,0,0,0,0,0,0,0,0,0,0,0,0,0,0,0,0,0,0,0,0,0,0,0,0,0,0,0,0,0,0,0,0,0,0,0,0,0,0,0,0,0,0,0,0,0,0,0,0,0,0,0,0,0,0,0,0,0,0,0,0,0,0,0},
{0,0,0,0,0,0,0,0,0,0,0,0,0,0,0,0,0,0,0,0,0,0,0,0,0,0,0,0,0,0,0,0,0,0,0,0,0,0,0,0,0,0,0,0,0,0,0,0,0,0,0,0,0,0,0,0,0,0,0,0,0,0,0,0,0,0,0,0,0,0,0,0,0,0,0,0,0,0,0,0,0,0,0,0,0,0,0,0,0,0,0,0,0,0,0,0},
{0,0,0,0,0,0,0,0,0,0,0,0,0,0,0,0,0,0,0,0,0,0,0,0,0,0,0,0,0,0,0,0,0,0,0,0,0,0,0,0,0,0,0,0,0,0,0,0,0,0,0,0,0,0,0,0,0,0,0,0,0,0,0,0,0,0,0,0,0,0,0,0,0,0,0,0,0,0,0,0,0,0,0,0,0,0,0,0,0,0,0,0,0,0,0,0},
{0,0,0,0,0,0,0,0,0,0,0,0,0,0,0,0,0,0,0,0,0,0,0,0,0,0,0,0,0,0,0,0,0,0,0,0,0,0,0,0,0,0,0,0,0,0,0,0,0.0083007812*J1^2*J2^2+0.0005244502*J2^4+0,-0.0067658235*J1^1*J2^3+0.0016705737*J2^4+0,0.0050952498*J1^1*J2^3+0,-0.0024414063*J1^2*J2^2+0.0009645062*J1^1*J2^3+-0.0014648438*J2^4+0,0,0,0,0,0.0088252315*J1^1*J2^3+0,-0.0025371838*J1^2*J2^2+0.0016705737*J1^1*J2^3+-0.0042286397*J2^4+0,0.0003027915*J1^2*J2^2+0.0047924583*J2^4+0,0.0009645062*J1^2*J2^2+-0.0039062500*J1^1*J2^3+0,0,0,0,0,0,0,0,0,0,0,0,0,0,0,0,0,0,0,0,0,0,0,0,0,0,0,0,0,0,0,0,0,0,0,0,0},
{0,0,0,0,0,0,0,0,0,0,0,0,0,0,0,0,0,0,0,0,0,0,0,0,0,0,0,0,0,0,0,0,0,0,0,0,0,0,0,0,0,0,0,0,0,0,0,0,-0.0067658235*J1^1*J2^3+-0.0016705737*J2^4+0,0.0083007813*J1^2*J2^2+0.0019531250*J1^1*J2^3+-0.0001748167*J2^4+0,-0.0024414063*J1^2*J2^2+-0.0009645062*J1^1*J2^3+-0.0014648438*J2^4+0,0.0028190931*J1^2*J2^2+0.0046915278*J1^1*J2^3+-0.0016914559*J2^4+0,0,0,0,0,-0.0025371838*J1^2*J2^2+-0.0016705737*J1^1*J2^3+-0.0042286397*J2^4+0,-0.0029296875*J1^2*J2^2+0.0081259645*J1^1*J2^3+0.0048828125*J2^4+0,-0.0009645062*J1^2*J2^2+-0.0039062500*J1^1*J2^3+0,-0.0001009305*J1^2*J2^2+0.0011276372*J1^1*J2^3+0.0047924583*J2^4+0,0,0,0,0,0,0,0,0,0,0,0,0,0,0,0,0,0,0,0,0,0,0,0,0,0,0,0,0,0,0,0,0,0,0,0,0},
{0,0,0,0,0,0,0,0,0,0,0,0,0,0,0,0,0,0,0,0,0,0,0,0,0,0,0,0,0,0,0,0,0,0,0,0,0,0,0,0,0,0,0,0,0,0,0,0,-0.0050952498*J1^1*J2^3+0,0.0014648438*J1^2*J2^2+-0.0009645062*J1^1*J2^3+0.0024414063*J2^4+0,-0.0001748167*J1^2*J2^2+-0.0027669271*J2^4+0,-0.0005568579*J1^2*J2^2+0.0022552745*J1^1*J2^3+0,0,0,0,0,-0.0047924583*J1^2*J2^2+-0.0003027915*J2^4+0,0.0039062500*J1^1*J2^3+-0.0009645062*J2^4+0,-0.0029417438*J1^1*J2^3+0,0.0014095466*J1^2*J2^2+-0.0005568579*J1^1*J2^3+0.0008457279*J2^4+0,0,0,0,0,-0.0067775595*J1^2*J2^2+0.0072057713*J1^1*J2^3+-0.0004282118*J2^4+0,-0.0020716019*J1^2*J2^2+0.0068882894*J1^1*J2^3+-0.0048166875*J2^4+0,0.0002472282*J1^2*J2^2+-0.0041602540*J1^1*J2^3+0.0039130258*J2^4+0,0.0027809158*J1^2*J2^2+-0.0039769558*J1^1*J2^3+0.0011960399*J2^4+0,0,0,0,0,0,0,0,0,0,0,0,0,0,0,0,0,0,0,0,0,0,0,0,0,0,0,0,0},
{0,0,0,0,0,0,0,0,0,0,0,0,0,0,0,0,0,0,0,0,0,0,0,0,0,0,0,0,0,0,0,0,0,0,0,0,0,0,0,0,0,0,0,0,0,0,0,0,0.0014648438*J1^2*J2^2+0.0009645062*J1^1*J2^3+0.0024414063*J2^4+0,0.0016914559*J1^2*J2^2+-0.0046915278*J1^1*J2^3+-0.0028190931*J2^4+0,0.0005568579*J1^2*J2^2+0.0022552745*J1^1*J2^3+0,0.0000582722*J1^2*J2^2+-0.0006510417*J1^1*J2^3+-0.0027669271*J2^4+0,0,0,0,0,0.0039062500*J1^1*J2^3+0.0009645062*J2^4+0,-0.0047924583*J1^2*J2^2+-0.0011276372*J1^1*J2^3+0.0001009305*J2^4+0,0.0014095466*J1^2*J2^2+0.0005568579*J1^1*J2^3+0.0008457279*J2^4+0,-0.0016276042*J1^2*J2^2+-0.0027086548*J1^1*J2^3+0.0009765625*J2^4+0,0,0,0,0,-0.0020716019*J1^2*J2^2+0.0041602540*J1^1*J2^3+-0.0020886521*J2^4+0,-0.0091696393*J1^2*J2^2+0.0050401024*J1^1*J2^3+0.0041295370*J2^4+0,0.0012058839*J1^2*J2^2+-0.0024019238*J1^1*J2^3+0.0011960399*J2^4+0,-0.0023841893*J1^2*J2^2+-0.0029099044*J1^1*J2^3+0.0052940937*J2^4+0,0,0,0,0,0,0,0,0,0,0,0,0,0,0,0,0,0,0,0,0,0,0,0,0,0,0,0,0},
{0,0,0,0,0,0,0,0,0,0,0,0,0,0,0,0,0,0,0,0,0,0,0,0,0,0,0,0,0,0,0,0,0,0,0,0,0,0,0,0,0,0,0,0,0,0,0,0,0,0,0,0,0.0083007812*J1^2*J2^2+0.0005244502*J2^4+0,-0.0067658235*J1^1*J2^3+0.0016705737*J2^4+0,0.0050952498*J1^1*J2^3+0,-0.0024414063*J1^2*J2^2+0.0009645062*J1^1*J2^3+-0.0014648438*J2^4+0,0,0,0,0,0.0088252315*J1^1*J2^3+0,-0.0025371838*J1^2*J2^2+0.0016705737*J1^1*J2^3+-0.0042286397*J2^4+0,0.0003027915*J1^2*J2^2+0.0047924583*J2^4+0,0.0009645062*J1^2*J2^2+-0.0039062500*J1^1*J2^3+0,0,0,0,0,0,0,0,0,0,0,0,0,0,0,0,0,0,0,0,0,0,0,0,0,0,0,0,0,0,0,0,0},
{0,0,0,0,0,0,0,0,0,0,0,0,0,0,0,0,0,0,0,0,0,0,0,0,0,0,0,0,0,0,0,0,0,0,0,0,0,0,0,0,0,0,0,0,0,0,0,0,0,0,0,0,-0.0067658235*J1^1*J2^3+-0.0016705737*J2^4+0,0.0083007813*J1^2*J2^2+0.0019531250*J1^1*J2^3+-0.0001748167*J2^4+0,-0.0024414063*J1^2*J2^2+-0.0009645062*J1^1*J2^3+-0.0014648437*J2^4+0,0.0028190931*J1^2*J2^2+0.0046915278*J1^1*J2^3+-0.0016914559*J2^4+0,0,0,0,0,-0.0025371838*J1^2*J2^2+-0.0016705737*J1^1*J2^3+-0.0042286397*J2^4+0,-0.0029296875*J1^2*J2^2+0.0081259645*J1^1*J2^3+0.0048828125*J2^4+0,-0.0009645062*J1^2*J2^2+-0.0039062500*J1^1*J2^3+0,-0.0001009305*J1^2*J2^2+0.0011276372*J1^1*J2^3+0.0047924583*J2^4+0,0,0,0,0,0,0,0,0,0,0,0,0,0,0,0,0,0,0,0,0,0,0,0,0,0,0,0,0,0,0,0,0},
{0,0,0,0,0,0,0,0,0,0,0,0,0,0,0,0,0,0,0,0,0,0,0,0,0,0,0,0,0,0,0,0,0,0,0,0,0,0,0,0,0,0,0,0,0,0,0,0,0,0,0,0,-0.0050952498*J1^1*J2^3+0,0.0014648438*J1^2*J2^2+-0.0009645062*J1^1*J2^3+0.0024414063*J2^4+0,-0.0001748167*J1^2*J2^2+-0.0027669271*J2^4+0,-0.0005568579*J1^2*J2^2+0.0022552745*J1^1*J2^3+0,0,0,0,0,-0.0047924583*J1^2*J2^2+-0.0003027915*J2^4+0,0.0039062500*J1^1*J2^3+-0.0009645062*J2^4+0,-0.0029417438*J1^1*J2^3+0,0.0014095466*J1^2*J2^2+-0.0005568579*J1^1*J2^3+0.0008457279*J2^4+0,0,0,0,0,-0.0067775595*J1^2*J2^2+0.0072057713*J1^1*J2^3+-0.0004282118*J2^4+0,-0.0020716019*J1^2*J2^2+0.0068882894*J1^1*J2^3+-0.0048166875*J2^4+0,0.0002472282*J1^2*J2^2+-0.0041602540*J1^1*J2^3+0.0039130258*J2^4+0,0.0027809158*J1^2*J2^2+-0.0039769558*J1^1*J2^3+0.0011960399*J2^4+0,0,0,0,0,0,0,0,0,0,0,0,0,0,0,0,0,0,0,0,0,0,0,0,0},
{0,0,0,0,0,0,0,0,0,0,0,0,0,0,0,0,0,0,0,0,0,0,0,0,0,0,0,0,0,0,0,0,0,0,0,0,0,0,0,0,0,0,0,0,0,0,0,0,0,0,0,0,0.0014648437*J1^2*J2^2+0.0009645062*J1^1*J2^3+0.0024414063*J2^4+0,0.0016914559*J1^2*J2^2+-0.0046915278*J1^1*J2^3+-0.0028190931*J2^4+0,0.0005568579*J1^2*J2^2+0.0022552745*J1^1*J2^3+0,0.0000582722*J1^2*J2^2+-0.0006510417*J1^1*J2^3+-0.0027669271*J2^4+0,0,0,0,0,0.0039062500*J1^1*J2^3+0.0009645062*J2^4+0,-0.0047924583*J1^2*J2^2+-0.0011276372*J1^1*J2^3+0.0001009305*J2^4+0,0.0014095466*J1^2*J2^2+0.0005568579*J1^1*J2^3+0.0008457279*J2^4+0,-0.0016276042*J1^2*J2^2+-0.0027086548*J1^1*J2^3+0.0009765625*J2^4+0,0,0,0,0,-0.0020716019*J1^2*J2^2+0.0041602540*J1^1*J2^3+-0.0020886521*J2^4+0,-0.0091696393*J1^2*J2^2+0.0050401024*J1^1*J2^3+0.0041295370*J2^4+0,0.0012058839*J1^2*J2^2+-0.0024019238*J1^1*J2^3+0.0011960399*J2^4+0,-0.0023841893*J1^2*J2^2+-0.0029099044*J1^1*J2^3+0.0052940937*J2^4+0,0,0,0,0,0,0,0,0,0,0,0,0,0,0,0,0,0,0,0,0,0,0,0,0},
{0,0,0,0,0,0,0,0,0,0,0,0,0,0,0,0,0,0,0,0,0,0,0,0,0,0,0,0,0,0,0,0,0,0,0,0,0,0,0,0,0,0,0,0,0,0,0,0,-0.0088252315*J1^1*J2^3+0,0.0042286397*J1^2*J2^2+-0.0016705737*J1^1*J2^3+0.0025371838*J2^4+0,-0.0047924583*J1^2*J2^2+-0.0003027915*J2^4+0,0.0039062500*J1^1*J2^3+-0.0009645062*J2^4+0,0,0,0,0,-0.0005244502*J1^2*J2^2+-0.0083007812*J2^4+0,-0.0016705737*J1^2*J2^2+0.0067658235*J1^1*J2^3+0,-0.0050952498*J1^1*J2^3+0,0.0014648438*J1^2*J2^2+-0.0009645062*J1^1*J2^3+0.0024414063*J2^4+0,0,0,0,0,0,0,0,0,0,0,0,0,0,0,0,0,0,0,0,0,0,0,0,0,0,0,0,0,0,0,0,0,0,0,0,0},
{0,0,0,0,0,0,0,0,0,0,0,0,0,0,0,0,0,0,0,0,0,0,0,0,0,0,0,0,0,0,0,0,0,0,0,0,0,0,0,0,0,0,0,0,0,0,0,0,0.0042286397*J1^2*J2^2+0.0016705737*J1^1*J2^3+0.0025371838*J2^4+0,-0.0048828125*J1^2*J2^2+-0.0081259645*J1^1*J2^3+0.0029296875*J2^4+0,0.0039062500*J1^1*J2^3+0.0009645062*J2^4+0,-0.0047924583*J1^2*J2^2+-0.0011276372*J1^1*J2^3+0.0001009305*J2^4+0,0,0,0,0,0.0016705737*J1^2*J2^2+0.0067658235*J1^1*J2^3+0,0.0001748167*J1^2*J2^2+-0.0019531250*J1^1*J2^3+-0.0083007813*J2^4+0,0.0014648438*J1^2*J2^2+0.0009645062*J1^1*J2^3+0.0024414063*J2^4+0,0.0016914559*J1^2*J2^2+-0.0046915278*J1^1*J2^3+-0.0028190931*J2^4+0,0,0,0,0,0,0,0,0,0,0,0,0,0,0,0,0,0,0,0,0,0,0,0,0,0,0,0,0,0,0,0,0,0,0,0,0},
{0,0,0,0,0,0,0,0,0,0,0,0,0,0,0,0,0,0,0,0,0,0,0,0,0,0,0,0,0,0,0,0,0,0,0,0,0,0,0,0,0,0,0,0,0,0,0,0,0.0003027915*J1^2*J2^2+0.0047924583*J2^4+0,0.0009645062*J1^2*J2^2+-0.0039062500*J1^1*J2^3+0,0.0029417438*J1^1*J2^3+0,-0.0008457279*J1^2*J2^2+0.0005568579*J1^1*J2^3+-0.0014095466*J2^4+0,0,0,0,0,0.0050952498*J1^1*J2^3+0,-0.0024414063*J1^2*J2^2+0.0009645062*J1^1*J2^3+-0.0014648438*J2^4+0,0.0027669271*J1^2*J2^2+0.0001748167*J2^4+0,-0.0022552745*J1^1*J2^3+0.0005568579*J2^4+0,0,0,0,0,-0.0004282118*J1^2*J2^2+0.0072057713*J1^1*J2^3+-0.0067775595*J2^4+0,-0.0048166875*J1^2*J2^2+0.0068882894*J1^1*J2^3+-0.0020716019*J2^4+0,0.0039130258*J1^2*J2^2+-0.0041602540*J1^1*J2^3+0.0002472282*J2^4+0,0.0011960399*J1^2*J2^2+-0.0039769558*J1^1*J2^3+0.0027809158*J2^4+0,0,0,0,0,0,0,0,0,0,0,0,0,0,0,0,0,0,0,0,0,0,0,0,0,0,0,0,0},
{0,0,0,0,0,0,0,0,0,0,0,0,0,0,0,0,0,0,0,0,0,0,0,0,0,0,0,0,0,0,0,0,0,0,0,0,0,0,0,0,0,0,0,0,0,0,0,0,-0.0009645062*J1^2*J2^2+-0.0039062500*J1^1*J2^3+0,-0.0001009305*J1^2*J2^2+0.0011276372*J1^1*J2^3+0.0047924583*J2^4+0,-0.0008457279*J1^2*J2^2+-0.0005568579*J1^1*J2^3+-0.0014095466*J2^4+0,-0.0009765625*J1^2*J2^2+0.0027086548*J1^1*J2^3+0.0016276042*J2^4+0,0,0,0,0,-0.0024414063*J1^2*J2^2+-0.0009645062*J1^1*J2^3+-0.0014648438*J2^4+0,0.0028190931*J1^2*J2^2+0.0046915278*J1^1*J2^3+-0.0016914559*J2^4+0,-0.0022552745*J1^1*J2^3+-0.0005568579*J2^4+0,0.0027669271*J1^2*J2^2+0.0006510417*J1^1*J2^3+-0.0000582722*J2^4+0,0,0,0,0,-0.0020886521*J1^2*J2^2+0.0041602540*J1^1*J2^3+-0.0020716019*J2^4+0,0.0041295370*J1^2*J2^2+0.0050401024*J1^1*J2^3+-0.0091696393*J2^4+0,0.0011960399*J1^2*J2^2+-0.0024019238*J1^1*J2^3+0.0012058839*J2^4+0,0.0052940937*J1^2*J2^2+-0.0029099044*J1^1*J2^3+-0.0023841893*J2^4+0,0,0,0,0,0,0,0,0,0,0,0,0,0,0,0,0,0,0,0,0,0,0,0,0,0,0,0,0},
{0,0,0,0,0,0,0,0,0,0,0,0,0,0,0,0,0,0,0,0,0,0,0,0,0,0,0,0,0,0,0,0,0,0,0,0,0,0,0,0,0,0,0,0,0,0,0,0,0,0,0,0,-0.0088252315*J1^1*J2^3+0,0.0042286397*J1^2*J2^2+-0.0016705737*J1^1*J2^3+0.0025371838*J2^4+0,-0.0047924583*J1^2*J2^2+-0.0003027915*J2^4+0,0.0039062500*J1^1*J2^3+-0.0009645062*J2^4+0,0,0,0,0,-0.0005244502*J1^2*J2^2+-0.0083007812*J2^4+0,-0.0016705737*J1^2*J2^2+0.0067658235*J1^1*J2^3+0,-0.0050952498*J1^1*J2^3+0,0.0014648438*J1^2*J2^2+-0.0009645062*J1^1*J2^3+0.0024414063*J2^4+0,0,0,0,0,0,0,0,0,0,0,0,0,0,0,0,0,0,0,0,0,0,0,0,0,0,0,0,0,0,0,0,0},
{0,0,0,0,0,0,0,0,0,0,0,0,0,0,0,0,0,0,0,0,0,0,0,0,0,0,0,0,0,0,0,0,0,0,0,0,0,0,0,0,0,0,0,0,0,0,0,0,0,0,0,0,0.0042286397*J1^2*J2^2+0.0016705737*J1^1*J2^3+0.0025371838*J2^4+0,-0.0048828125*J1^2*J2^2+-0.0081259645*J1^1*J2^3+0.0029296875*J2^4+0,0.0039062500*J1^1*J2^3+0.0009645062*J2^4+0,-0.0047924583*J1^2*J2^2+-0.0011276372*J1^1*J2^3+0.0001009305*J2^4+0,0,0,0,0,0.0016705737*J1^2*J2^2+0.0067658235*J1^1*J2^3+0,0.0001748167*J1^2*J2^2+-0.0019531250*J1^1*J2^3+-0.0083007813*J2^4+0,0.0014648437*J1^2*J2^2+0.0009645062*J1^1*J2^3+0.0024414063*J2^4+0,0.0016914559*J1^2*J2^2+-0.0046915278*J1^1*J2^3+-0.0028190931*J2^4+0,0,0,0,0,0,0,0,0,0,0,0,0,0,0,0,0,0,0,0,0,0,0,0,0,0,0,0,0,0,0,0,0},
{0,0,0,0,0,0,0,0,0,0,0,0,0,0,0,0,0,0,0,0,0,0,0,0,0,0,0,0,0,0,0,0,0,0,0,0,0,0,0,0,0,0,0,0,0,0,0,0,0,0,0,0,0.0003027915*J1^2*J2^2+0.0047924583*J2^4+0,0.0009645062*J1^2*J2^2+-0.0039062500*J1^1*J2^3+0,0.0029417438*J1^1*J2^3+0,-0.0008457279*J1^2*J2^2+0.0005568579*J1^1*J2^3+-0.0014095466*J2^4+0,0,0,0,0,0.0050952498*J1^1*J2^3+0,-0.0024414063*J1^2*J2^2+0.0009645062*J1^1*J2^3+-0.0014648438*J2^4+0,0.0027669271*J1^2*J2^2+0.0001748167*J2^4+0,-0.0022552745*J1^1*J2^3+0.0005568579*J2^4+0,0,0,0,0,-0.0004282118*J1^2*J2^2+0.0072057713*J1^1*J2^3+-0.0067775595*J2^4+0,-0.0048166875*J1^2*J2^2+0.0068882894*J1^1*J2^3+-0.0020716019*J2^4+0,0.0039130258*J1^2*J2^2+-0.0041602540*J1^1*J2^3+0.0002472282*J2^4+0,0.0011960399*J1^2*J2^2+-0.0039769558*J1^1*J2^3+0.0027809158*J2^4+0,0,0,0,0,0,0,0,0,0,0,0,0,0,0,0,0,0,0,0,0,0,0,0,0},
{0,0,0,0,0,0,0,0,0,0,0,0,0,0,0,0,0,0,0,0,0,0,0,0,0,0,0,0,0,0,0,0,0,0,0,0,0,0,0,0,0,0,0,0,0,0,0,0,0,0,0,0,-0.0009645062*J1^2*J2^2+-0.0039062500*J1^1*J2^3+0,-0.0001009305*J1^2*J2^2+0.0011276372*J1^1*J2^3+0.0047924583*J2^4+0,-0.0008457279*J1^2*J2^2+-0.0005568579*J1^1*J2^3+-0.0014095466*J2^4+0,-0.0009765625*J1^2*J2^2+0.0027086548*J1^1*J2^3+0.0016276042*J2^4+0,0,0,0,0,-0.0024414063*J1^2*J2^2+-0.0009645062*J1^1*J2^3+-0.0014648437*J2^4+0,0.0028190931*J1^2*J2^2+0.0046915278*J1^1*J2^3+-0.0016914559*J2^4+0,-0.0022552745*J1^1*J2^3+-0.0005568579*J2^4+0,0.0027669271*J1^2*J2^2+0.0006510417*J1^1*J2^3+-0.0000582722*J2^4+0,0,0,0,0,-0.0020886521*J1^2*J2^2+0.0041602540*J1^1*J2^3+-0.0020716019*J2^4+0,0.0041295370*J1^2*J2^2+0.0050401024*J1^1*J2^3+-0.0091696393*J2^4+0,0.0011960399*J1^2*J2^2+-0.0024019238*J1^1*J2^3+0.0012058839*J2^4+0,0.0052940937*J1^2*J2^2+-0.0029099044*J1^1*J2^3+-0.0023841893*J2^4+0,0,0,0,0,0,0,0,0,0,0,0,0,0,0,0,0,0,0,0,0,0,0,0,0},
{0,0,0,0,0,0,0,0,0,0,0,0,0,0,0,0,0,0,0,0,0,0,0,0,0,0,0,0,0,0,0,0,0,0,0,0,0,0,0,0,0,0,0,0,0,0,0,0,0,0,0.0067775595*J1^2*J2^2+-0.0072057713*J1^1*J2^3+0.0004282118*J2^4+0,0.0034526698*J1^2*J2^2+-0.0068882894*J1^1*J2^3+0.0034356196*J2^4+0,0,0,0,0,0,0,-0.0004282118*J1^2*J2^2+0.0072057713*J1^1*J2^3+-0.0067775595*J2^4+0,-0.0034356196*J1^2*J2^2+0.0068882894*J1^1*J2^3+-0.0034526698*J2^4+0,0,0,0,0,0,0,0,0,0,0,0,0,0,0,0,0,0,0,0,0,0,0,0,0,0,0,0,0,0,0,0,0,0,0,0,0},
{0,0,0,0,0,0,0,0,0,0,0,0,0,0,0,0,0,0,0,0,0,0,0,0,0,0,0,0,0,0,0,0,0,0,0,0,0,0,0,0,0,0,0,0,0,0,0,0,0,0,0.0034526698*J1^2*J2^2+-0.0041602540*J1^1*J2^3+0.0007075842*J2^4+0,0.0027907598*J1^2*J2^2+-0.0050401024*J1^1*J2^3+0.0022493426*J2^4+0,0,0,0,0,0,0,-0.0007075842*J1^2*J2^2+0.0041602540*J1^1*J2^3+-0.0034526698*J2^4+0,-0.0022493426*J1^2*J2^2+0.0050401024*J1^1*J2^3+-0.0027907598*J2^4+0,0,0,0,0,0,0,0,0,0,0,0,0,0,0,0,0,0,0,0,0,0,0,0,0,0,0,0,0,0,0,0,0,0,0,0,0},
{0,0,0,0,0,0,0,0,0,0,0,0,0,0,0,0,0,0,0,0,0,0,0,0,0,0,0,0,0,0,0,0,0,0,0,0,0,0,0,0,0,0,0,0,0,0,0,0,0,0,0.0002472282*J1^2*J2^2+-0.0041602540*J1^1*J2^3+0.0039130258*J2^4+0,0.0019835559*J1^2*J2^2+-0.0039769558*J1^1*J2^3+0.0019933999*J2^4+0,0,0,0,0,0,0,-0.0039130258*J1^2*J2^2+0.0041602540*J1^1*J2^3+-0.0002472282*J2^4+0,-0.0019933999*J1^2*J2^2+0.0039769558*J1^1*J2^3+-0.0019835559*J2^4+0,0,0,0,0,0,0,-0.0058834877*J1^2*J2^2+0.0117669753*J1^1*J2^3+-0.0058834877*J2^4+0,-0.0056242648*J1^2*J2^2+0.0112485296*J1^1*J2^3+-0.0056242648*J2^4+0,0,0,0,0,0,0,0,0,0,0,0,0,0,0,0,0,0,0,0,0,0,0,0,0,0,0,0,0},
{0,0,0,0,0,0,0,0,0,0,0,0,0,0,0,0,0,0,0,0,0,0,0,0,0,0,0,0,0,0,0,0,0,0,0,0,0,0,0,0,0,0,0,0,0,0,0,0,0,0,0.0004085239*J1^2*J2^2+-0.0024019238*J1^1*J2^3+0.0019933999*J2^4+0,0.0012986585*J1^2*J2^2+-0.0029099044*J1^1*J2^3+0.0016112459*J2^4+0,0,0,0,0,0,0,-0.0019933999*J1^2*J2^2+0.0024019238*J1^1*J2^3+-0.0004085239*J2^4+0,-0.0016112459*J1^2*J2^2+0.0029099044*J1^1*J2^3+-0.0012986585*J2^4+0,0,0,0,0,0,0,-0.0033968332*J1^2*J2^2+0.0067936664*J1^1*J2^3+-0.0033968332*J2^4+0,-0.0041152263*J1^2*J2^2+0.0082304527*J1^1*J2^3+-0.0041152263*J2^4+0,0,0,0,0,0,0,0,0,0,0,0,0,0,0,0,0,0,0,0,0,0,0,0,0,0,0,0,0},
{0,0,0,0,0,0,0,0,0,0,0,0,0,0,0,0,0,0,0,0,0,0,0,0,0,0,0,0,0,0,0,0,0,0,0,0,0,0,0,0,0,0,0,0,0,0,0,0,0,0,0,0,0,0,0.0067775595*J1^2*J2^2+-0.0072057713*J1^1*J2^3+0.0004282118*J2^4+0,0.0034526698*J1^2*J2^2+-0.0068882894*J1^1*J2^3+0.0034356196*J2^4+0,0,0,0,0,0,0,-0.0004282118*J1^2*J2^2+0.0072057713*J1^1*J2^3+-0.0067775595*J2^4+0,-0.0034356196*J1^2*J2^2+0.0068882894*J1^1*J2^3+-0.0034526698*J2^4+0,0,0,0,0,0,0,0,0,0,0,0,0,0,0,0,0,0,0,0,0,0,0,0,0,0,0,0,0,0,0,0,0},
{0,0,0,0,0,0,0,0,0,0,0,0,0,0,0,0,0,0,0,0,0,0,0,0,0,0,0,0,0,0,0,0,0,0,0,0,0,0,0,0,0,0,0,0,0,0,0,0,0,0,0,0,0,0,0.0034526698*J1^2*J2^2+-0.0041602540*J1^1*J2^3+0.0007075842*J2^4+0,0.0027907598*J1^2*J2^2+-0.0050401024*J1^1*J2^3+0.0022493426*J2^4+0,0,0,0,0,0,0,-0.0007075842*J1^2*J2^2+0.0041602540*J1^1*J2^3+-0.0034526698*J2^4+0,-0.0022493426*J1^2*J2^2+0.0050401024*J1^1*J2^3+-0.0027907598*J2^4+0,0,0,0,0,0,0,0,0,0,0,0,0,0,0,0,0,0,0,0,0,0,0,0,0,0,0,0,0,0,0,0,0},
{0,0,0,0,0,0,0,0,0,0,0,0,0,0,0,0,0,0,0,0,0,0,0,0,0,0,0,0,0,0,0,0,0,0,0,0,0,0,0,0,0,0,0,0,0,0,0,0,0,0,0,0,0,0,0.0002472282*J1^2*J2^2+-0.0041602540*J1^1*J2^3+0.0039130258*J2^4+0,0.0019835559*J1^2*J2^2+-0.0039769558*J1^1*J2^3+0.0019933999*J2^4+0,0,0,0,0,0,0,-0.0039130258*J1^2*J2^2+0.0041602540*J1^1*J2^3+-0.0002472282*J2^4+0,-0.0019933999*J1^2*J2^2+0.0039769558*J1^1*J2^3+-0.0019835559*J2^4+0,0,0,0,0,0,0,-0.0058834877*J1^2*J2^2+0.0117669753*J1^1*J2^3+-0.0058834877*J2^4+0,-0.0056242648*J1^2*J2^2+0.0112485296*J1^1*J2^3+-0.0056242648*J2^4+0,0,0,0,0,0,0,0,0,0,0,0,0,0,0,0,0,0,0,0,0,0,0,0,0},
{0,0,0,0,0,0,0,0,0,0,0,0,0,0,0,0,0,0,0,0,0,0,0,0,0,0,0,0,0,0,0,0,0,0,0,0,0,0,0,0,0,0,0,0,0,0,0,0,0,0,0,0,0,0,0.0004085239*J1^2*J2^2+-0.0024019238*J1^1*J2^3+0.0019933999*J2^4+0,0.0012986585*J1^2*J2^2+-0.0029099044*J1^1*J2^3+0.0016112459*J2^4+0,0,0,0,0,0,0,-0.0019933999*J1^2*J2^2+0.0024019238*J1^1*J2^3+-0.0004085239*J2^4+0,-0.0016112459*J1^2*J2^2+0.0029099044*J1^1*J2^3+-0.0012986585*J2^4+0,0,0,0,0,0,0,-0.0033968332*J1^2*J2^2+0.0067936664*J1^1*J2^3+-0.0033968332*J2^4+0,-0.0041152263*J1^2*J2^2+0.0082304527*J1^1*J2^3+-0.0041152263*J2^4+0,0,0,0,0,0,0,0,0,0,0,0,0,0,0,0,0,0,0,0,0,0,0,0,0},
{0,0,0,0,0,0,0,0,0,0,0,0,0,0,0,0,0,0,0,0,0,0,0,0,0.0083007812*J1^2*J2^2+0.0005244502*J2^4+0,0.0067658235*J1^1*J2^3+-0.0016705737*J2^4+0,-0.0050952498*J1^1*J2^3+0,-0.0024414063*J1^2*J2^2+0.0009645062*J1^1*J2^3+-0.0014648438*J2^4+0,0,0,0,0,-0.0088252315*J1^1*J2^3+0,-0.0025371838*J1^2*J2^2+0.0016705737*J1^1*J2^3+-0.0042286397*J2^4+0,0.0003027915*J1^2*J2^2+0.0047924583*J2^4+0,-0.0009645062*J1^2*J2^2+0.0039062500*J1^1*J2^3+0,0,0,0,0,0,0,0,0,0,0,0,0,0,0,0,0,0,0,0,0,0,0,0,0,0,0,0,0,0,0,0,0,0,0,0,0,0,0,0,0,0,0,0,0,0,0,0,0,0,0,0,0,0,0,0,0,0,0,0,0},
{0,0,0,0,0,0,0,0,0,0,0,0,0,0,0,0,0,0,0,0,0,0,0,0,0.0067658235*J1^1*J2^3+0.0016705737*J2^4+0,0.0083007813*J1^2*J2^2+0.0019531250*J1^1*J2^3+-0.0001748167*J2^4+0,-0.0024414063*J1^2*J2^2+-0.0009645062*J1^1*J2^3+-0.0014648438*J2^4+0,-0.0028190931*J1^2*J2^2+-0.0046915278*J1^1*J2^3+0.0016914559*J2^4+0,0,0,0,0,-0.0025371838*J1^2*J2^2+-0.0016705737*J1^1*J2^3+-0.0042286397*J2^4+0,0.0029296875*J1^2*J2^2+-0.0081259645*J1^1*J2^3+-0.0048828125*J2^4+0,0.0009645062*J1^2*J2^2+0.0039062500*J1^1*J2^3+0,-0.0001009305*J1^2*J2^2+0.0011276372*J1^1*J2^3+0.0047924583*J2^4+0,0,0,0,0,0,0,0,0,0,0,0,0,0,0,0,0,0,0,0,0,0,0,0,0,0,0,0,0,0,0,0,0,0,0,0,0,0,0,0,0,0,0,0,0,0,0,0,0,0,0,0,0,0,0,0,0,0,0,0,0},
{0,0,0,0,0,0,0,0,0,0,0,0,0,0,0,0,0,0,0,0,0,0,0,0,0.0050952498*J1^1*J2^3+0,0.0014648437*J1^2*J2^2+-0.0009645062*J1^1*J2^3+0.0024414063*J2^4+0,-0.0001748167*J1^2*J2^2+-0.0027669271*J2^4+0,0.0005568579*J1^2*J2^2+-0.0022552745*J1^1*J2^3+0,0,0,0,0,-0.0047924583*J1^2*J2^2+-0.0003027915*J2^4+0,-0.0039062500*J1^1*J2^3+0.0009645062*J2^4+0,0.0029417438*J1^1*J2^3+0,0.0014095466*J1^2*J2^2+-0.0005568579*J1^1*J2^3+0.0008457279*J2^4+0,0,0,0,0,0.0067775595*J1^2*J2^2+-0.0072057713*J1^1*J2^3+0.0004282118*J2^4+0,-0.0020716019*J1^2*J2^2+0.0068882894*J1^1*J2^3+-0.0048166875*J2^4+0,0.0002472282*J1^2*J2^2+-0.0041602540*J1^1*J2^3+0.0039130258*J2^4+0,-0.0027809158*J1^2*J2^2+0.0039769558*J1^1*J2^3+-0.0011960399*J2^4+0,0,0,0,0,0,0,0,0,0,0,0,0,0,0,0,0,0,0,0,0,0,0,0,0,0,0,0,0,0,0,0,0,0,0,0,0,0,0,0,0,0,0,0,0,0,0,0,0,0,0,0,0},
{0,0,0,0,0,0,0,0,0,0,0,0,0,0,0,0,0,0,0,0,0,0,0,0,0.0014648438*J1^2*J2^2+0.0009645062*J1^1*J2^3+0.0024414063*J2^4+0,-0.0016914559*J1^2*J2^2+0.0046915278*J1^1*J2^3+0.0028190931*J2^4+0,-0.0005568579*J1^2*J2^2+-0.0022552745*J1^1*J2^3+0,0.0000582722*J1^2*J2^2+-0.0006510417*J1^1*J2^3+-0.0027669271*J2^4+0,0,0,0,0,-0.0039062500*J1^1*J2^3+-0.0009645062*J2^4+0,-0.0047924583*J1^2*J2^2+-0.0011276372*J1^1*J2^3+0.0001009305*J2^4+0,0.0014095466*J1^2*J2^2+0.0005568579*J1^1*J2^3+0.0008457279*J2^4+0,0.0016276042*J1^2*J2^2+0.0027086548*J1^1*J2^3+-0.0009765625*J2^4+0,0,0,0,0,-0.0020716019*J1^2*J2^2+0.0041602540*J1^1*J2^3+-0.0020886521*J2^4+0,0.0091696393*J1^2*J2^2+-0.0050401024*J1^1*J2^3+-0.0041295370*J2^4+0,-0.0012058839*J1^2*J2^2+0.0024019238*J1^1*J2^3+-0.0011960399*J2^4+0,-0.0023841893*J1^2*J2^2+-0.0029099044*J1^1*J2^3+0.0052940937*J2^4+0,0,0,0,0,0,0,0,0,0,0,0,0,0,0,0,0,0,0,0,0,0,0,0,0,0,0,0,0,0,0,0,0,0,0,0,0,0,0,0,0,0,0,0,0,0,0,0,0,0,0,0,0},
{0,0,0,0,0,0,0,0,0,0,0,0,0,0,0,0,0,0,0,0,0,0,0,0,0,0,0,0,0.0083007812*J1^2*J2^2+0.0005244502*J2^4+0,0.0067658235*J1^1*J2^3+-0.0016705737*J2^4+0,-0.0050952498*J1^1*J2^3+0,-0.0024414063*J1^2*J2^2+0.0009645062*J1^1*J2^3+-0.0014648438*J2^4+0,0,0,0,0,-0.0088252315*J1^1*J2^3+0,-0.0025371838*J1^2*J2^2+0.0016705737*J1^1*J2^3+-0.0042286397*J2^4+0,0.0003027915*J1^2*J2^2+0.0047924583*J2^4+0,-0.0009645062*J1^2*J2^2+0.0039062500*J1^1*J2^3+0,0,0,0,0,0,0,0,0,0,0,0,0,0,0,0,0,0,0,0,0,0,0,0,0,0,0,0,0,0,0,0,0,0,0,0,0,0,0,0,0,0,0,0,0,0,0,0,0,0,0,0,0,0,0,0,0},
{0,0,0,0,0,0,0,0,0,0,0,0,0,0,0,0,0,0,0,0,0,0,0,0,0,0,0,0,0.0067658235*J1^1*J2^3+0.0016705737*J2^4+0,0.0083007813*J1^2*J2^2+0.0019531250*J1^1*J2^3+-0.0001748167*J2^4+0,-0.0024414063*J1^2*J2^2+-0.0009645062*J1^1*J2^3+-0.0014648437*J2^4+0,-0.0028190931*J1^2*J2^2+-0.0046915278*J1^1*J2^3+0.0016914559*J2^4+0,0,0,0,0,-0.0025371838*J1^2*J2^2+-0.0016705737*J1^1*J2^3+-0.0042286397*J2^4+0,0.0029296875*J1^2*J2^2+-0.0081259645*J1^1*J2^3+-0.0048828125*J2^4+0,0.0009645062*J1^2*J2^2+0.0039062500*J1^1*J2^3+0,-0.0001009305*J1^2*J2^2+0.0011276372*J1^1*J2^3+0.0047924583*J2^4+0,0,0,0,0,0,0,0,0,0,0,0,0,0,0,0,0,0,0,0,0,0,0,0,0,0,0,0,0,0,0,0,0,0,0,0,0,0,0,0,0,0,0,0,0,0,0,0,0,0,0,0,0,0,0,0,0},
{0,0,0,0,0,0,0,0,0,0,0,0,0,0,0,0,0,0,0,0,0,0,0,0,0,0,0,0,0.0050952498*J1^1*J2^3+0,0.0014648438*J1^2*J2^2+-0.0009645062*J1^1*J2^3+0.0024414063*J2^4+0,-0.0001748167*J1^2*J2^2+-0.0027669271*J2^4+0,0.0005568579*J1^2*J2^2+-0.0022552745*J1^1*J2^3+0,0,0,0,0,-0.0047924583*J1^2*J2^2+-0.0003027915*J2^4+0,-0.0039062500*J1^1*J2^3+0.0009645062*J2^4+0,0.0029417438*J1^1*J2^3+0,0.0014095466*J1^2*J2^2+-0.0005568579*J1^1*J2^3+0.0008457279*J2^4+0,0,0,0,0,0.0067775595*J1^2*J2^2+-0.0072057713*J1^1*J2^3+0.0004282118*J2^4+0,-0.0020716019*J1^2*J2^2+0.0068882894*J1^1*J2^3+-0.0048166875*J2^4+0,0.0002472282*J1^2*J2^2+-0.0041602540*J1^1*J2^3+0.0039130258*J2^4+0,-0.0027809158*J1^2*J2^2+0.0039769558*J1^1*J2^3+-0.0011960399*J2^4+0,0,0,0,0,0,0,0,0,0,0,0,0,0,0,0,0,0,0,0,0,0,0,0,0,0,0,0,0,0,0,0,0,0,0,0,0,0,0,0,0,0,0,0,0,0,0,0,0},
{0,0,0,0,0,0,0,0,0,0,0,0,0,0,0,0,0,0,0,0,0,0,0,0,0,0,0,0,0.0014648437*J1^2*J2^2+0.0009645062*J1^1*J2^3+0.0024414063*J2^4+0,-0.0016914559*J1^2*J2^2+0.0046915278*J1^1*J2^3+0.0028190931*J2^4+0,-0.0005568579*J1^2*J2^2+-0.0022552745*J1^1*J2^3+0,0.0000582722*J1^2*J2^2+-0.0006510417*J1^1*J2^3+-0.0027669271*J2^4+0,0,0,0,0,-0.0039062500*J1^1*J2^3+-0.0009645062*J2^4+0,-0.0047924583*J1^2*J2^2+-0.0011276372*J1^1*J2^3+0.0001009305*J2^4+0,0.0014095466*J1^2*J2^2+0.0005568579*J1^1*J2^3+0.0008457279*J2^4+0,0.0016276042*J1^2*J2^2+0.0027086548*J1^1*J2^3+-0.0009765625*J2^4+0,0,0,0,0,-0.0020716019*J1^2*J2^2+0.0041602540*J1^1*J2^3+-0.0020886521*J2^4+0,0.0091696393*J1^2*J2^2+-0.0050401024*J1^1*J2^3+-0.0041295370*J2^4+0,-0.0012058839*J1^2*J2^2+0.0024019238*J1^1*J2^3+-0.0011960399*J2^4+0,-0.0023841893*J1^2*J2^2+-0.0029099044*J1^1*J2^3+0.0052940937*J2^4+0,0,0,0,0,0,0,0,0,0,0,0,0,0,0,0,0,0,0,0,0,0,0,0,0,0,0,0,0,0,0,0,0,0,0,0,0,0,0,0,0,0,0,0,0,0,0,0,0},
{0,0,0,0,0,0,0,0,0,0,0,0,0,0,0,0,0,0,0,0,0,0,0,0,0.0088252315*J1^1*J2^3+0,0.0042286397*J1^2*J2^2+-0.0016705737*J1^1*J2^3+0.0025371838*J2^4+0,-0.0047924583*J1^2*J2^2+-0.0003027915*J2^4+0,-0.0039062500*J1^1*J2^3+0.0009645062*J2^4+0,0,0,0,0,-0.0005244502*J1^2*J2^2+-0.0083007812*J2^4+0,0.0016705737*J1^2*J2^2+-0.0067658235*J1^1*J2^3+0,0.0050952498*J1^1*J2^3+0,0.0014648438*J1^2*J2^2+-0.0009645062*J1^1*J2^3+0.0024414063*J2^4+0,0,0,0,0,0,0,0,0,0,0,0,0,0,0,0,0,0,0,0,0,0,0,0,0,0,0,0,0,0,0,0,0,0,0,0,0,0,0,0,0,0,0,0,0,0,0,0,0,0,0,0,0,0,0,0,0,0,0,0,0},
{0,0,0,0,0,0,0,0,0,0,0,0,0,0,0,0,0,0,0,0,0,0,0,0,0.0042286397*J1^2*J2^2+0.0016705737*J1^1*J2^3+0.0025371838*J2^4+0,0.0048828125*J1^2*J2^2+0.0081259645*J1^1*J2^3+-0.0029296875*J2^4+0,-0.0039062500*J1^1*J2^3+-0.0009645062*J2^4+0,-0.0047924583*J1^2*J2^2+-0.0011276372*J1^1*J2^3+0.0001009305*J2^4+0,0,0,0,0,-0.0016705737*J1^2*J2^2+-0.0067658235*J1^1*J2^3+0,0.0001748167*J1^2*J2^2+-0.0019531250*J1^1*J2^3+-0.0083007813*J2^4+0,0.0014648438*J1^2*J2^2+0.0009645062*J1^1*J2^3+0.0024414063*J2^4+0,-0.0016914559*J1^2*J2^2+0.0046915278*J1^1*J2^3+0.0028190931*J2^4+0,0,0,0,0,0,0,0,0,0,0,0,0,0,0,0,0,0,0,0,0,0,0,0,0,0,0,0,0,0,0,0,0,0,0,0,0,0,0,0,0,0,0,0,0,0,0,0,0,0,0,0,0,0,0,0,0,0,0,0,0},
{0,0,0,0,0,0,0,0,0,0,0,0,0,0,0,0,0,0,0,0,0,0,0,0,0.0003027915*J1^2*J2^2+0.0047924583*J2^4+0,-0.0009645062*J1^2*J2^2+0.0039062500*J1^1*J2^3+0,-0.0029417438*J1^1*J2^3+0,-0.0008457279*J1^2*J2^2+0.0005568579*J1^1*J2^3+-0.0014095466*J2^4+0,0,0,0,0,-0.0050952498*J1^1*J2^3+0,-0.0024414063*J1^2*J2^2+0.0009645062*J1^1*J2^3+-0.0014648437*J2^4+0,0.0027669271*J1^2*J2^2+0.0001748167*J2^4+0,0.0022552745*J1^1*J2^3+-0.0005568579*J2^4+0,0,0,0,0,-0.0004282118*J1^2*J2^2+0.0072057713*J1^1*J2^3+-0.0067775595*J2^4+0,0.0048166875*J1^2*J2^2+-0.0068882894*J1^1*J2^3+0.0020716019*J2^4+0,-0.0039130258*J1^2*J2^2+0.0041602540*J1^1*J2^3+-0.0002472282*J2^4+0,0.0011960399*J1^2*J2^2+-0.0039769558*J1^1*J2^3+0.0027809158*J2^4+0,0,0,0,0,0,0,0,0,0,0,0,0,0,0,0,0,0,0,0,0,0,0,0,0,0,0,0,0,0,0,0,0,0,0,0,0,0,0,0,0,0,0,0,0,0,0,0,0,0,0,0,0},
{0,0,0,0,0,0,0,0,0,0,0,0,0,0,0,0,0,0,0,0,0,0,0,0,0.0009645062*J1^2*J2^2+0.0039062500*J1^1*J2^3+0,-0.0001009305*J1^2*J2^2+0.0011276372*J1^1*J2^3+0.0047924583*J2^4+0,-0.0008457279*J1^2*J2^2+-0.0005568579*J1^1*J2^3+-0.0014095466*J2^4+0,0.0009765625*J1^2*J2^2+-0.0027086548*J1^1*J2^3+-0.0016276042*J2^4+0,0,0,0,0,-0.0024414063*J1^2*J2^2+-0.0009645062*J1^1*J2^3+-0.0014648438*J2^4+0,-0.0028190931*J1^2*J2^2+-0.0046915278*J1^1*J2^3+0.0016914559*J2^4+0,0.0022552745*J1^1*J2^3+0.0005568579*J2^4+0,0.0027669271*J1^2*J2^2+0.0006510417*J1^1*J2^3+-0.0000582722*J2^4+0,0,0,0,0,0.0020886521*J1^2*J2^2+-0.0041602540*J1^1*J2^3+0.0020716019*J2^4+0,0.0041295370*J1^2*J2^2+0.0050401024*J1^1*J2^3+-0.0091696393*J2^4+0,0.0011960399*J1^2*J2^2+-0.0024019238*J1^1*J2^3+0.0012058839*J2^4+0,-0.0052940937*J1^2*J2^2+0.0029099044*J1^1*J2^3+0.0023841893*J2^4+0,0,0,0,0,0,0,0,0,0,0,0,0,0,0,0,0,0,0,0,0,0,0,0,0,0,0,0,0,0,0,0,0,0,0,0,0,0,0,0,0,0,0,0,0,0,0,0,0,0,0,0,0},
{0,0,0,0,0,0,0,0,0,0,0,0,0,0,0,0,0,0,0,0,0,0,0,0,0,0,0,0,0.0088252315*J1^1*J2^3+0,0.0042286397*J1^2*J2^2+-0.0016705737*J1^1*J2^3+0.0025371838*J2^4+0,-0.0047924583*J1^2*J2^2+-0.0003027915*J2^4+0,-0.0039062500*J1^1*J2^3+0.0009645062*J2^4+0,0,0,0,0,-0.0005244502*J1^2*J2^2+-0.0083007812*J2^4+0,0.0016705737*J1^2*J2^2+-0.0067658235*J1^1*J2^3+0,0.0050952498*J1^1*J2^3+0,0.0014648438*J1^2*J2^2+-0.0009645062*J1^1*J2^3+0.0024414063*J2^4+0,0,0,0,0,0,0,0,0,0,0,0,0,0,0,0,0,0,0,0,0,0,0,0,0,0,0,0,0,0,0,0,0,0,0,0,0,0,0,0,0,0,0,0,0,0,0,0,0,0,0,0,0,0,0,0,0},
{0,0,0,0,0,0,0,0,0,0,0,0,0,0,0,0,0,0,0,0,0,0,0,0,0,0,0,0,0.0042286397*J1^2*J2^2+0.0016705737*J1^1*J2^3+0.0025371838*J2^4+0,0.0048828125*J1^2*J2^2+0.0081259645*J1^1*J2^3+-0.0029296875*J2^4+0,-0.0039062500*J1^1*J2^3+-0.0009645062*J2^4+0,-0.0047924583*J1^2*J2^2+-0.0011276372*J1^1*J2^3+0.0001009305*J2^4+0,0,0,0,0,-0.0016705737*J1^2*J2^2+-0.0067658235*J1^1*J2^3+0,0.0001748167*J1^2*J2^2+-0.0019531250*J1^1*J2^3+-0.0083007813*J2^4+0,0.0014648437*J1^2*J2^2+0.0009645062*J1^1*J2^3+0.0024414063*J2^4+0,-0.0016914559*J1^2*J2^2+0.0046915278*J1^1*J2^3+0.0028190931*J2^4+0,0,0,0,0,0,0,0,0,0,0,0,0,0,0,0,0,0,0,0,0,0,0,0,0,0,0,0,0,0,0,0,0,0,0,0,0,0,0,0,0,0,0,0,0,0,0,0,0,0,0,0,0,0,0,0,0},
{0,0,0,0,0,0,0,0,0,0,0,0,0,0,0,0,0,0,0,0,0,0,0,0,0,0,0,0,0.0003027915*J1^2*J2^2+0.0047924583*J2^4+0,-0.0009645062*J1^2*J2^2+0.0039062500*J1^1*J2^3+0,-0.0029417438*J1^1*J2^3+0,-0.0008457279*J1^2*J2^2+0.0005568579*J1^1*J2^3+-0.0014095466*J2^4+0,0,0,0,0,-0.0050952498*J1^1*J2^3+0,-0.0024414063*J1^2*J2^2+0.0009645062*J1^1*J2^3+-0.0014648438*J2^4+0,0.0027669271*J1^2*J2^2+0.0001748167*J2^4+0,0.0022552745*J1^1*J2^3+-0.0005568579*J2^4+0,0,0,0,0,-0.0004282118*J1^2*J2^2+0.0072057713*J1^1*J2^3+-0.0067775595*J2^4+0,0.0048166875*J1^2*J2^2+-0.0068882894*J1^1*J2^3+0.0020716019*J2^4+0,-0.0039130258*J1^2*J2^2+0.0041602540*J1^1*J2^3+-0.0002472282*J2^4+0,0.0011960399*J1^2*J2^2+-0.0039769558*J1^1*J2^3+0.0027809158*J2^4+0,0,0,0,0,0,0,0,0,0,0,0,0,0,0,0,0,0,0,0,0,0,0,0,0,0,0,0,0,0,0,0,0,0,0,0,0,0,0,0,0,0,0,0,0,0,0,0,0},
{0,0,0,0,0,0,0,0,0,0,0,0,0,0,0,0,0,0,0,0,0,0,0,0,0,0,0,0,0.0009645062*J1^2*J2^2+0.0039062500*J1^1*J2^3+0,-0.0001009305*J1^2*J2^2+0.0011276372*J1^1*J2^3+0.0047924583*J2^4+0,-0.0008457279*J1^2*J2^2+-0.0005568579*J1^1*J2^3+-0.0014095466*J2^4+0,0.0009765625*J1^2*J2^2+-0.0027086548*J1^1*J2^3+-0.0016276042*J2^4+0,0,0,0,0,-0.0024414063*J1^2*J2^2+-0.0009645062*J1^1*J2^3+-0.0014648437*J2^4+0,-0.0028190931*J1^2*J2^2+-0.0046915278*J1^1*J2^3+0.0016914559*J2^4+0,0.0022552745*J1^1*J2^3+0.0005568579*J2^4+0,0.0027669271*J1^2*J2^2+0.0006510417*J1^1*J2^3+-0.0000582722*J2^4+0,0,0,0,0,0.0020886521*J1^2*J2^2+-0.0041602540*J1^1*J2^3+0.0020716019*J2^4+0,0.0041295370*J1^2*J2^2+0.0050401024*J1^1*J2^3+-0.0091696393*J2^4+0,0.0011960399*J1^2*J2^2+-0.0024019238*J1^1*J2^3+0.0012058839*J2^4+0,-0.0052940937*J1^2*J2^2+0.0029099044*J1^1*J2^3+0.0023841893*J2^4+0,0,0,0,0,0,0,0,0,0,0,0,0,0,0,0,0,0,0,0,0,0,0,0,0,0,0,0,0,0,0,0,0,0,0,0,0,0,0,0,0,0,0,0,0,0,0,0,0},
{0,0,0,0,0,0,0,0,0,0,0,0,0,0,0,0,0,0,0,0,0,0,0,0,0,0,-0.0067775595*J1^2*J2^2+0.0072057713*J1^1*J2^3+-0.0004282118*J2^4+0,0.0034526698*J1^2*J2^2+-0.0068882894*J1^1*J2^3+0.0034356196*J2^4+0,0,0,0,0,0,0,-0.0004282118*J1^2*J2^2+0.0072057713*J1^1*J2^3+-0.0067775595*J2^4+0,0.0034356196*J1^2*J2^2+-0.0068882894*J1^1*J2^3+0.0034526698*J2^4+0,0,0,0,0,0,0,0,0,0,0,0,0,0,0,0,0,0,0,0,0,0,0,0,0,0,0,0,0,0,0,0,0,0,0,0,0,0,0,0,0,0,0,0,0,0,0,0,0,0,0,0,0,0,0,0,0,0,0,0,0},
{0,0,0,0,0,0,0,0,0,0,0,0,0,0,0,0,0,0,0,0,0,0,0,0,0,0,0.0034526698*J1^2*J2^2+-0.0041602540*J1^1*J2^3+0.0007075842*J2^4+0,-0.0027907598*J1^2*J2^2+0.0050401024*J1^1*J2^3+-0.0022493426*J2^4+0,0,0,0,0,0,0,0.0007075842*J1^2*J2^2+-0.0041602540*J1^1*J2^3+0.0034526698*J2^4+0,-0.0022493426*J1^2*J2^2+0.0050401024*J1^1*J2^3+-0.0027907598*J2^4+0,0,0,0,0,0,0,0,0,0,0,0,0,0,0,0,0,0,0,0,0,0,0,0,0,0,0,0,0,0,0,0,0,0,0,0,0,0,0,0,0,0,0,0,0,0,0,0,0,0,0,0,0,0,0,0,0,0,0,0,0},
{0,0,0,0,0,0,0,0,0,0,0,0,0,0,0,0,0,0,0,0,0,0,0,0,0,0,0.0002472282*J1^2*J2^2+-0.0041602540*J1^1*J2^3+0.0039130258*J2^4+0,-0.0019835559*J1^2*J2^2+0.0039769558*J1^1*J2^3+-0.0019933999*J2^4+0,0,0,0,0,0,0,0.0039130258*J1^2*J2^2+-0.0041602540*J1^1*J2^3+0.0002472282*J2^4+0,-0.0019933999*J1^2*J2^2+0.0039769558*J1^1*J2^3+-0.0019835559*J2^4+0,0,0,0,0,0,0,-0.0058834877*J1^2*J2^2+0.0117669753*J1^1*J2^3+-0.0058834877*J2^4+0,0.0056242648*J1^2*J2^2+-0.0112485296*J1^1*J2^3+0.0056242648*J2^4+0,0,0,0,0,0,0,0,0,0,0,0,0,0,0,0,0,0,0,0,0,0,0,0,0,0,0,0,0,0,0,0,0,0,0,0,0,0,0,0,0,0,0,0,0,0,0,0,0,0,0,0,0},
{0,0,0,0,0,0,0,0,0,0,0,0,0,0,0,0,0,0,0,0,0,0,0,0,0,0,-0.0004085239*J1^2*J2^2+0.0024019238*J1^1*J2^3+-0.0019933999*J2^4+0,0.0012986585*J1^2*J2^2+-0.0029099044*J1^1*J2^3+0.0016112459*J2^4+0,0,0,0,0,0,0,-0.0019933999*J1^2*J2^2+0.0024019238*J1^1*J2^3+-0.0004085239*J2^4+0,0.0016112459*J1^2*J2^2+-0.0029099044*J1^1*J2^3+0.0012986585*J2^4+0,0,0,0,0,0,0,0.0033968332*J1^2*J2^2+-0.0067936664*J1^1*J2^3+0.0033968332*J2^4+0,-0.0041152263*J1^2*J2^2+0.0082304527*J1^1*J2^3+-0.0041152263*J2^4+0,0,0,0,0,0,0,0,0,0,0,0,0,0,0,0,0,0,0,0,0,0,0,0,0,0,0,0,0,0,0,0,0,0,0,0,0,0,0,0,0,0,0,0,0,0,0,0,0,0,0,0,0},
{0,0,0,0,0,0,0,0,0,0,0,0,0,0,0,0,0,0,0,0,0,0,0,0,0,0,0,0,0,0,-0.0067775595*J1^2*J2^2+0.0072057713*J1^1*J2^3+-0.0004282118*J2^4+0,0.0034526698*J1^2*J2^2+-0.0068882894*J1^1*J2^3+0.0034356196*J2^4+0,0,0,0,0,0,0,-0.0004282118*J1^2*J2^2+0.0072057713*J1^1*J2^3+-0.0067775595*J2^4+0,0.0034356196*J1^2*J2^2+-0.0068882894*J1^1*J2^3+0.0034526698*J2^4+0,0,0,0,0,0,0,0,0,0,0,0,0,0,0,0,0,0,0,0,0,0,0,0,0,0,0,0,0,0,0,0,0,0,0,0,0,0,0,0,0,0,0,0,0,0,0,0,0,0,0,0,0,0,0,0,0},
{0,0,0,0,0,0,0,0,0,0,0,0,0,0,0,0,0,0,0,0,0,0,0,0,0,0,0,0,0,0,0.0034526698*J1^2*J2^2+-0.0041602540*J1^1*J2^3+0.0007075842*J2^4+0,-0.0027907598*J1^2*J2^2+0.0050401024*J1^1*J2^3+-0.0022493426*J2^4+0,0,0,0,0,0,0,0.0007075842*J1^2*J2^2+-0.0041602540*J1^1*J2^3+0.0034526698*J2^4+0,-0.0022493426*J1^2*J2^2+0.0050401024*J1^1*J2^3+-0.0027907598*J2^4+0,0,0,0,0,0,0,0,0,0,0,0,0,0,0,0,0,0,0,0,0,0,0,0,0,0,0,0,0,0,0,0,0,0,0,0,0,0,0,0,0,0,0,0,0,0,0,0,0,0,0,0,0,0,0,0,0},
{0,0,0,0,0,0,0,0,0,0,0,0,0,0,0,0,0,0,0,0,0,0,0,0,0,0,0,0,0,0,0.0002472282*J1^2*J2^2+-0.0041602540*J1^1*J2^3+0.0039130258*J2^4+0,-0.0019835559*J1^2*J2^2+0.0039769558*J1^1*J2^3+-0.0019933999*J2^4+0,0,0,0,0,0,0,0.0039130258*J1^2*J2^2+-0.0041602540*J1^1*J2^3+0.0002472282*J2^4+0,-0.0019933999*J1^2*J2^2+0.0039769558*J1^1*J2^3+-0.0019835559*J2^4+0,0,0,0,0,0,0,-0.0058834877*J1^2*J2^2+0.0117669753*J1^1*J2^3+-0.0058834877*J2^4+0,0.0056242648*J1^2*J2^2+-0.0112485296*J1^1*J2^3+0.0056242648*J2^4+0,0,0,0,0,0,0,0,0,0,0,0,0,0,0,0,0,0,0,0,0,0,0,0,0,0,0,0,0,0,0,0,0,0,0,0,0,0,0,0,0,0,0,0,0,0,0,0,0},
{0,0,0,0,0,0,0,0,0,0,0,0,0,0,0,0,0,0,0,0,0,0,0,0,0,0,0,0,0,0,-0.0004085239*J1^2*J2^2+0.0024019238*J1^1*J2^3+-0.0019933999*J2^4+0,0.0012986585*J1^2*J2^2+-0.0029099044*J1^1*J2^3+0.0016112459*J2^4+0,0,0,0,0,0,0,-0.0019933999*J1^2*J2^2+0.0024019238*J1^1*J2^3+-0.0004085239*J2^4+0,0.0016112459*J1^2*J2^2+-0.0029099044*J1^1*J2^3+0.0012986585*J2^4+0,0,0,0,0,0,0,0.0033968332*J1^2*J2^2+-0.0067936664*J1^1*J2^3+0.0033968332*J2^4+0,-0.0041152263*J1^2*J2^2+0.0082304527*J1^1*J2^3+-0.0041152263*J2^4+0,0,0,0,0,0,0,0,0,0,0,0,0,0,0,0,0,0,0,0,0,0,0,0,0,0,0,0,0,0,0,0,0,0,0,0,0,0,0,0,0,0,0,0,0,0,0,0,0},
{0,0,0,0,0,0,0,0,0,0,0,0,0,0,0,0,0,0,0,0,0,0,0,0,0,0,0,0,0,0,0,0,0,0,0,0,0,0,0,0,0,0,0,0,0,0,0,0,0,0,0,0,0,0,0,0,0,0,0,0,0,0,0,0,0,0,0,0,0,0,0,0,0,0,0,0,0,0,0,0,0,0,0,0,0,0,0,0,0,0,0,0,0,0,0,0},
{0,0,0,0,0,0,0,0,0,0,0,0,0,0,0,0,0,0,0,0,0,0,0,0,0,0,0,0,0,0,0,0,0,0,0,0,0,0,0,0,0,0,0,0,0,0,0,0,0,0,0,0,0,0,0,0,0,0,0,0,0,0,0,0,0,0,0,0,0,0,0,0,0,0,0,0,0,0,0,0,0,0,0,0,0,0,0,0,0,0,0,0,0,0,0,0},
{0,0,0,0,0,0,0,0,0,0,0,0,0,0,0,0,0,0,0,0,0,0,0,0,0,0,0,0,0,0,0,0,0,0,0,0,0,0,0,0,0,0,0,0,0,0,0,0,0,0,0,0,0,0,0,0,0,0,0,0,0,0,0,0,0,0,0,0,0,0,0,0,0,0,0,0,0,0,0,0,0,0,0,0,0,0,0,0,0,0,0,0,0,0,0,0},
{0,0,0,0,0,0,0,0,0,0,0,0,0,0,0,0,0,0,0,0,0,0,0,0,0,0,0,0,0,0,0,0,0,0,0,0,0,0,0,0,0,0,0,0,0,0,0,0,0,0,0,0,0,0,0,0,0,0,0,0,0,0,0,0,0,0,0,0,0,0,0,0,0,0,0,0,0,0,0,0,0,0,0,0,0,0,0,0,0,0,0,0,0,0,0,0},
{0,0,0,0,0,0,0,0,0,0,0,0,0,0,0,0,0,0,0,0,0,0,0,0,0,0,0,0,0,0,0,0,0,0,0,0,0,0,0,0,0,0,0,0,0,0,0,0,0,0,0,0,0,0,0,0,0,0,0,0,0,0,0,0,0,0,0,0,0,0,0,0,0,0,0,0,0,0,0,0,0,0,0,0,0,0,0,0,0,0,0,0,0,0,0,0},
{0,0,0,0,0,0,0,0,0,0,0,0,0,0,0,0,0,0,0,0,0,0,0,0,0,0,0,0,0,0,0,0,0,0,0,0,0,0,0,0,0,0,0,0,0,0,0,0,0,0,0,0,0,0,0,0,0,0,0,0,0,0,0,0,0,0,0,0,0,0,0,0,0,0,0,0,0,0,0,0,0,0,0,0,0,0,0,0,0,0,0,0,0,0,0,0},
{0,0,0,0,0,0,0,0,0,0,0,0,0,0,0,0,0,0,0,0,0,0,0,0,0,0,0,0,0,0,0,0,0,0,0,0,0,0,0,0,0,0,0,0,0,0,0,0,0,0,0,0,0,0,0,0,0,0,0,0,0,0,0,0,0,0,0,0,0,0,0,0,0,0,0,0,0,0,0,0,0,0,0,0,0,0,0,0,0,0,0,0,0,0,0,0},
{0,0,0,0,0,0,0,0,0,0,0,0,0,0,0,0,0,0,0,0,0,0,0,0,0,0,0,0,0,0,0,0,0,0,0,0,0,0,0,0,0,0,0,0,0,0,0,0,0,0,0,0,0,0,0,0,0,0,0,0,0,0,0,0,0,0,0,0,0,0,0,0,0,0,0,0,0,0,0,0,0,0,0,0,0,0,0,0,0,0,0,0,0,0,0,0},
{0,0,0,0,0,0,0,0,0,0,0,0,0,0,0,0,0,0,0,0,0,0,0,0,0,0,0,0,0,0,0,0,0,0,0,0,0,0,0,0,0,0,0,0,0,0,0,0,0,0,0,0,0,0,0,0,0,0,0,0,0,0,0,0,0,0,0,0,0,0,0,0,0,0,0,0,0,0,0,0,0,0,0,0,0,0,0,0,0,0,0,0,0,0,0,0},
{0,0,0,0,0,0,0,0,0,0,0,0,0,0,0,0,0,0,0,0,0,0,0,0,0,0,0,0,0,0,0,0,0,0,0,0,0,0,0,0,0,0,0,0,0,0,0,0,0,0,0,0,0,0,0,0,0,0,0,0,0,0,0,0,0,0,0,0,0,0,0,0,0,0,0,0,0,0,0,0,0,0,0,0,0,0,0,0,0,0,0,0,0,0,0,0},
{0,0,0,0,0,0,0,0,0,0,0,0,0,0,0,0,0,0,0,0,0,0,0,0,0,0,0,0,0,0,0,0,0,0,0,0,0,0,0,0,0,0,0,0,0,0,0,0,0,0,0,0,0,0,0,0,0,0,0,0,0,0,0,0,0,0,0,0,0,0,0,0,0,0,0,0,0,0,0,0,0,0,0,0,0,0,0,0,0,0,0,0,0,0,0,0},
{0,0,0,0,0,0,0,0,0,0,0,0,0,0,0,0,0,0,0,0,0,0,0,0,0,0,0,0,0,0,0,0,0,0,0,0,0,0,0,0,0,0,0,0,0,0,0,0,0,0,0,0,0,0,0,0,0,0,0,0,0,0,0,0,0,0,0,0,0,0,0,0,0,0,0,0,0,0,0,0,0,0,0,0,0,0,0,0,0,0,0,0,0,0,0,0},
{0,0,0,0,0,0,0,0,0,0,0,0,0,0,0,0,0,0,0,0,0,0,0,0,0,0,0,0,0,0,0,0,0,0,0,0,0,0,0,0,0,0,0,0,0,0,0,0,0,0,0,0,0,0,0,0,0,0,0,0,0,0,0,0,0,0,0,0,0,0,0,0,0,0,0,0,0,0,0,0,0,0,0,0,0,0,0,0,0,0,0,0,0,0,0,0},
{0,0,0,0,0,0,0,0,0,0,0,0,0,0,0,0,0,0,0,0,0,0,0,0,0,0,0,0,0,0,0,0,0,0,0,0,0,0,0,0,0,0,0,0,0,0,0,0,0,0,0,0,0,0,0,0,0,0,0,0,0,0,0,0,0,0,0,0,0,0,0,0,0,0,0,0,0,0,0,0,0,0,0,0,0,0,0,0,0,0,0,0,0,0,0,0},
{0,0,0,0,0,0,0,0,0,0,0,0,0,0,0,0,0,0,0,0,0,0,0,0,0,0,0,0,0,0,0,0,0,0,0,0,0,0,0,0,0,0,0,0,0,0,0,0,0,0,0,0,0,0,0,0,0,0,0,0,0,0,0,0,0,0,0,0,0,0,0,0,0,0,0,0,0,0,0,0,0,0,0,0,0,0,0,0,0,0,0,0,0,0,0,0},
{0,0,0,0,0,0,0,0,0,0,0,0,0,0,0,0,0,0,0,0,0,0,0,0,0,0,0,0,0,0,0,0,0,0,0,0,0,0,0,0,0,0,0,0,0,0,0,0,0,0,0,0,0,0,0,0,0,0,0,0,0,0,0,0,0,0,0,0,0,0,0,0,0,0,0,0,0,0,0,0,0,0,0,0,0,0,0,0,0,0,0,0,0,0,0,0},
{0,0,0,0,0,0,0,0,0,0,0,0,0,0,0,0,0,0,0,0,0,0,0,0,0,0,0,0,0,0,0,0,0,0,0,0,0,0,0,0,0,0,0,0,0,0,0,0,0,0,0,0,0,0,0,0,0,0,0,0,0,0,0,0,0,0,0,0,0,0,0,0,0,0,0,0,0,0,0,0,0,0,0,0,0,0,0,0,0,0,0,0,0,0,0,0},
{0,0,0,0,0,0,0,0,0,0,0,0,0,0,0,0,0,0,0,0,0,0,0,0,0,0,0,0,0,0,0,0,0,0,0,0,0,0,0,0,0,0,0,0,0,0,0,0,0,0,0,0,0,0,0,0,0,0,0,0,0,0,0,0,0,0,0,0,0,0,0,0,0,0,0,0,0,0,0,0,0,0,0,0,0,0,0,0,0,0,0,0,0,0,0,0},
{0,0,0,0,0,0,0,0,0,0,0,0,0,0,0,0,0,0,0,0,0,0,0,0,0,0,0,0,0,0,0,0,0,0,0,0,0,0,0,0,0,0,0,0,0,0,0,0,0,0,0,0,0,0,0,0,0,0,0,0,0,0,0,0,0,0,0,0,0,0,0,0,0,0,0,0,0,0,0,0,0,0,0,0,0,0,0,0,0,0,0,0,0,0,0,0},
{0,0,0,0,0,0,0,0,0,0,0,0,0,0,0,0,0,0,0,0,0,0,0,0,0,0,0,0,0,0,0,0,0,0,0,0,0,0,0,0,0,0,0,0,0,0,0,0,0,0,0,0,0,0,0,0,0,0,0,0,0,0,0,0,0,0,0,0,0,0,0,0,0,0,0,0,0,0,0,0,0,0,0,0,0,0,0,0,0,0,0,0,0,0,0,0},
{0,0,0,0,0,0,0,0,0,0,0,0,0,0,0,0,0,0,0,0,0,0,0,0,0,0,0,0,0,0,0,0,0,0,0,0,0,0,0,0,0,0,0,0,0,0,0,0,0,0,0,0,0,0,0,0,0,0,0,0,0,0,0,0,0,0,0,0,0,0,0,0,0,0,0,0,0,0,0,0,0,0,0,0,0,0,0,0,0,0,0,0,0,0,0,0},
{0,0,0,0,0,0,0,0,0,0,0,0,0,0,0,0,0,0,0,0,0,0,0,0,0,0,0,0,0,0,0,0,0,0,0,0,0,0,0,0,0,0,0,0,0,0,0,0,0,0,0,0,0,0,0,0,0,0,0,0,0,0,0,0,0,0,0,0,0,0,0,0,0,0,0,0,0,0,0,0,0,0,0,0,0,0,0,0,0,0,0,0,0,0,0,0},
{0,0,0,0,0,0,0,0,0,0,0,0,0,0,0,0,0,0,0,0,0,0,0,0,0,0,0,0,0,0,0,0,0,0,0,0,0,0,0,0,0,0,0,0,0,0,0,0,0,0,0,0,0,0,0,0,0,0,0,0,0,0,0,0,0,0,0,0,0,0,0,0,0,0,0,0,0,0,0,0,0,0,0,0,0,0,0,0,0,0,0,0,0,0,0,0},
{0,0,0,0,0,0,0,0,0,0,0,0,0,0,0,0,0,0,0,0,0,0,0,0,0,0,0,0,0,0,0,0,0,0,0,0,0,0,0,0,0,0,0,0,0,0,0,0,0,0,0,0,0,0,0,0,0,0,0,0,0,0,0,0,0,0,0,0,0,0,0,0,0,0,0,0,0,0,0,0,0,0,0,0,0,0,0,0,0,0,0,0,0,0,0,0}
}