96
{{0,0,0,0,0,0,0,0,0,0,0,0,0,0,0,0,0,0,0,0,0,0,0,0,0,0,0,0,0,0,0,0,0,0,0,0,0,0,0,0,0,0,0,0,0,0,0,0,0,0.0037170265*J1^1*J2^3+0,0,0.0003496335*J1^2*J2^2+-0.0028452932*J1^1*J2^3+0.0003496335*J2^4+0,0,-0.0010730131*J1^2*J2^2+-0.0010730131*J2^4+0,0,0.0008213654*J1^2*J2^2+-0.0004037220*J1^1*J2^3+0.0008213654*J2^4+0,0,0,0,0,0,0,0,0,0,0,0,0,0,0,0,0,0,0,0,0,0,0,0,0,0,0,0,0,0,0,0,0,0,0,0,0,0,0,0,0},
{0,0,0,0,0,0,0,0,0,0,0,0,0,0,0,0,0,0,0,0,0,0,0,0,0,0,0,0,0,0,0,0,0,0,0,0,0,0,0,0,0,0,0,0,0,0,0,0,0,0.0003496335*J1^2*J2^2+-0.0028452932*J1^1*J2^3+0.0003496335*J2^4+0,0,0.0004037220*J1^2*J2^2+0.0004315649*J1^1*J2^3+0.0004037220*J2^4+0,0,0.0008213654*J1^2*J2^2+-0.0004037220*J1^1*J2^3+0.0008213654*J2^4+0,0,-0.0001245820*J1^2*J2^2+-0.0004661780*J1^1*J2^3+-0.0001245820*J2^4+0,0,0,0,0,0,0,0,0,0,0,0,0,0,0,0,0,0,0,0,0,0,0,0,0,0,0,0,0,0,0,0,0,0,0,0,0,0,0,0,0},
{0,0,0,0,0,0,0,0,0,0,0,0,0,0,0,0,0,0,0,0,0,0,0,0,0,0,0,0,0,0,0,0,0,0,0,0,0,0,0,0,0,0,0,0,0,0,0,0,0,0,0,0,0,0,0,0,0,-0.0021460262*J1^1*J2^3+0,0,-0.0002018610*J1^2*J2^2+0.0016427308*J1^1*J2^3+-0.0002018610*J2^4+0,0,0.0006195044*J1^2*J2^2+0.0006195044*J2^4+0,0,-0.0004742155*J1^2*J2^2+0.0002330890*J1^1*J2^3+-0.0004742155*J2^4+0,0,0.0030349394*J1^1*J2^3+0,0,0.0002854745*J1^2*J2^2+-0.0023231722*J1^1*J2^3+0.0002854745*J2^4+0,0,-0.0008761115*J1^2*J2^2+-0.0008761115*J2^4+0,0,0.0006706420*J1^2*J2^2+-0.0003296376*J1^1*J2^3+0.0006706420*J2^4+0,0,0,0,0,0,0,0,0,0,0,0,0,0,0,0,0,0,0,0,0,0,0,0,0},
{0,0,0,0,0,0,0,0,0,0,0,0,0,0,0,0,0,0,0,0,0,0,0,0,0,0,0,0,0,0,0,0,0,0,0,0,0,0,0,0,0,0,0,0,0,0,0,0,0,0,0,0,0,0,0,0,0,-0.0002018610*J1^2*J2^2+0.0016427308*J1^1*J2^3+-0.0002018610*J2^4+0,0,-0.0002330890*J1^2*J2^2+-0.0002491641*J1^1*J2^3+-0.0002330890*J2^4+0,0,-0.0004742155*J1^2*J2^2+0.0002330890*J1^1*J2^3+-0.0004742155*J2^4+0,0,0.0000719275*J1^2*J2^2+0.0002691480*J1^1*J2^3+0.0000719275*J2^4+0,0,0.0002854745*J1^2*J2^2+-0.0023231722*J1^1*J2^3+0.0002854745*J2^4+0,0,0.0003296376*J1^2*J2^2+0.0003523712*J1^1*J2^3+0.0003296376*J2^4+0,0,0.0006706420*J1^2*J2^2+-0.0003296376*J1^1*J2^3+0.0006706420*J2^4+0,0,-0.0001017208*J1^2*J2^2+-0.0003806327*J1^1*J2^3+-0.0001017208*J2^4+0,0,0,0,0,0,0,0,0,0,0,0,0,0,0,0,0,0,0,0,0,0,0,0,0},
{0,0,0,0,0,0,0,0,0,0,0,0,0,0,0,0,0,0,0,0,0,0,0,0,0,0,0,0,0,0,0,0,0,0,0,0,0,0,0,0,0,0,0,0,0,0,0,0,0,-0.0010730131*J1^2*J2^2+-0.0010730131*J2^4+0,0,0.0008213654*J1^2*J2^2+-0.0004037220*J1^1*J2^3+0.0008213654*J2^4+0,0,-0.0012390088*J1^2*J2^2+0.0037170265*J1^1*J2^3+-0.0012390088*J2^4+0,0,0.0012980646*J1^2*J2^2+-0.0033114712*J1^1*J2^3+0.0012980646*J2^4+0,0,0,0,0,0,0,0,0,0,0,0,0,0,0,0,0,0,0,0,0,0,0,0,0,0,0,0,0,0,0,0,0,0,0,0,0,0,0,0,0},
{0,0,0,0,0,0,0,0,0,0,0,0,0,0,0,0,0,0,0,0,0,0,0,0,0,0,0,0,0,0,0,0,0,0,0,0,0,0,0,0,0,0,0,0,0,0,0,0,0,0.0008213654*J1^2*J2^2+-0.0004037220*J1^1*J2^3+0.0008213654*J2^4+0,0,-0.0001245820*J1^2*J2^2+-0.0004661780*J1^1*J2^3+-0.0001245820*J2^4+0,0,0.0012980646*J1^2*J2^2+-0.0033114712*J1^1*J2^3+0.0012980646*J2^4+0,0,0.0002598670*J1^2*J2^2+-0.0001067311*J1^1*J2^3+0.0002598670*J2^4+0,0,0,0,0,0,0,0,0,0,0,0,0,0,0,0,0,0,0,0,0,0,0,0,0,0,0,0,0,0,0,0,0,0,0,0,0,0,0,0,0},
{0,0,0,0,0,0,0,0,0,0,0,0,0,0,0,0,0,0,0,0,0,0,0,0,0,0,0,0,0,0,0,0,0,0,0,0,0,0,0,0,0,0,0,0,0,0,0,0,0,0,0,0,0,0,0,0,0,0.0006195044*J1^2*J2^2+0.0006195044*J2^4+0,0,-0.0004742155*J1^2*J2^2+0.0002330890*J1^1*J2^3+-0.0004742155*J2^4+0,0,0.0007153421*J1^2*J2^2+-0.0021460262*J1^1*J2^3+0.0007153421*J2^4+0,0,-0.0007494379*J1^2*J2^2+0.0019118788*J1^1*J2^3+-0.0007494379*J2^4+0,0,-0.0008761115*J1^2*J2^2+-0.0008761115*J2^4+0,0,0.0006706420*J1^2*J2^2+-0.0003296376*J1^1*J2^3+0.0006706420*J2^4+0,0,-0.0010116465*J1^2*J2^2+0.0030349394*J1^1*J2^3+-0.0010116465*J2^4+0,0,0.0010598653*J1^2*J2^2+-0.0027038049*J1^1*J2^3+0.0010598653*J2^4+0,0,0,0,0,0,0,0,0,0,0,0,0,0,0,0,0,0,0,0,0,0,0,0,0},
{0,0,0,0,0,0,0,0,0,0,0,0,0,0,0,0,0,0,0,0,0,0,0,0,0,0,0,0,0,0,0,0,0,0,0,0,0,0,0,0,0,0,0,0,0,0,0,0,0,0,0,0,0,0,0,0,0,-0.0004742155*J1^2*J2^2+0.0002330890*J1^1*J2^3+-0.0004742155*J2^4+0,0,0.0000719275*J1^2*J2^2+0.0002691480*J1^1*J2^3+0.0000719275*J2^4+0,0,-0.0007494379*J1^2*J2^2+0.0019118788*J1^1*J2^3+-0.0007494379*J2^4+0,0,-0.0001500343*J1^2*J2^2+0.0000616212*J1^1*J2^3+-0.0001500343*J2^4+0,0,0.0006706420*J1^2*J2^2+-0.0003296376*J1^1*J2^3+0.0006706420*J2^4+0,0,-0.0001017208*J1^2*J2^2+-0.0003806327*J1^1*J2^3+-0.0001017208*J2^4+0,0,0.0010598653*J1^2*J2^2+-0.0027038049*J1^1*J2^3+0.0010598653*J2^4+0,0,0.0002121805*J1^2*J2^2+-0.0000871456*J1^1*J2^3+0.0002121805*J2^4+0,0,0,0,0,0,0,0,0,0,0,0,0,0,0,0,0,0,0,0,0,0,0,0,0},
{0,0,0,0,0,0,0,0,0,0,0,0,0,0,0,0,0,0,0,0,0,0,0,0,0,0,0,0,0,0,0,0,0,0,0,0,0,0,0,0,0,0,0,0,0,0,0,0,-0.0064380787*J1^1*J2^3+0,0,-0.0006055830*J1^2*J2^2+0.0049281924*J1^1*J2^3+-0.0006055830*J2^4+0,0,0.0018585132*J1^2*J2^2+0.0018585132*J2^4+0,0,-0.0014226466*J1^2*J2^2+0.0006992670*J1^1*J2^3+-0.0014226466*J2^4+0,0,0,0,0,0,0,0,0,0,0,0,0,0,0,0,0,0,0,0,0,0,0,0,0,0,0,0,0,0,0,0,0,0,0,0,0,0,0,0,0,0},
{0,0,0,0,0,0,0,0,0,0,0,0,0,0,0,0,0,0,0,0,0,0,0,0,0,0,0,0,0,0,0,0,0,0,0,0,0,0,0,0,0,0,0,0,0,0,0,0,-0.0006055830*J1^2*J2^2+0.0049281924*J1^1*J2^3+-0.0006055830*J2^4+0,0,-0.0006992670*J1^2*J2^2+-0.0007474923*J1^1*J2^3+-0.0006992670*J2^4+0,0,-0.0014226466*J1^2*J2^2+0.0006992670*J1^1*J2^3+-0.0014226466*J2^4+0,0,0.0002157824*J1^2*J2^2+0.0008074440*J1^1*J2^3+0.0002157824*J2^4+0,0,0,0,0,0,0,0,0,0,0,0,0,0,0,0,0,0,0,0,0,0,0,0,0,0,0,0,0,0,0,0,0,0,0,0,0,0,0,0,0,0},
{0,0,0,0,0,0,0,0,0,0,0,0,0,0,0,0,0,0,0,0,0,0,0,0,0,0,0,0,0,0,0,0,0,0,0,0,0,0,0,0,0,0,0,0,0,0,0,0,0,0,0,0,0,0,0,0,0.0037170265*J1^1*J2^3+0,0,0.0003496335*J1^2*J2^2+-0.0028452932*J1^1*J2^3+0.0003496335*J2^4+0,0,-0.0010730131*J1^2*J2^2+-0.0010730131*J2^4+0,0,0.0008213654*J1^2*J2^2+-0.0004037220*J1^1*J2^3+0.0008213654*J2^4+0,0,-0.0052566692*J1^1*J2^3+0,0,-0.0004944564*J1^2*J2^2+0.0040238522*J1^1*J2^3+-0.0004944564*J2^4+0,0,0.0015174697*J1^2*J2^2+0.0015174697*J2^4+0,0,-0.0011615861*J1^2*J2^2+0.0005709491*J1^1*J2^3+-0.0011615861*J2^4+0,0,0,0,0,0,0,0,0,0,0,0,0,0,0,0,0,0,0,0,0,0,0,0,0,0},
{0,0,0,0,0,0,0,0,0,0,0,0,0,0,0,0,0,0,0,0,0,0,0,0,0,0,0,0,0,0,0,0,0,0,0,0,0,0,0,0,0,0,0,0,0,0,0,0,0,0,0,0,0,0,0,0,0.0003496335*J1^2*J2^2+-0.0028452932*J1^1*J2^3+0.0003496335*J2^4+0,0,0.0004037220*J1^2*J2^2+0.0004315649*J1^1*J2^3+0.0004037220*J2^4+0,0,0.0008213654*J1^2*J2^2+-0.0004037220*J1^1*J2^3+0.0008213654*J2^4+0,0,-0.0001245820*J1^2*J2^2+-0.0004661780*J1^1*J2^3+-0.0001245820*J2^4+0,0,-0.0004944564*J1^2*J2^2+0.0040238522*J1^1*J2^3+-0.0004944564*J2^4+0,0,-0.0005709491*J1^2*J2^2+-0.0006103249*J1^1*J2^3+-0.0005709491*J2^4+0,0,-0.0011615861*J1^2*J2^2+0.0005709491*J1^1*J2^3+-0.0011615861*J2^4+0,0,0.0001761856*J1^2*J2^2+0.0006592752*J1^1*J2^3+0.0001761856*J2^4+0,0,0,0,0,0,0,0,0,0,0,0,0,0,0,0,0,0,0,0,0,0,0,0,0,0},
{0,0,0,0,0,0,0,0,0,0,0,0,0,0,0,0,0,0,0,0,0,0,0,0,0,0,0,0,0,0,0,0,0,0,0,0,0,0,0,0,0,0,0,0,0,0,0,0,0.0018585132*J1^2*J2^2+0.0018585132*J2^4+0,0,-0.0014226466*J1^2*J2^2+0.0006992670*J1^1*J2^3+-0.0014226466*J2^4+0,0,0.0021460262*J1^2*J2^2+-0.0064380787*J1^1*J2^3+0.0021460262*J2^4+0,0,-0.0022483138*J1^2*J2^2+0.0057356364*J1^1*J2^3+-0.0022483138*J2^4+0,0,0,0,0,0,0,0,0,0,0,0,0,0,0,0,0,0,0,0,0,0,0,0,0,0,0,0,0,0,0,0,0,0,0,0,0,0,0,0,0,0},
{0,0,0,0,0,0,0,0,0,0,0,0,0,0,0,0,0,0,0,0,0,0,0,0,0,0,0,0,0,0,0,0,0,0,0,0,0,0,0,0,0,0,0,0,0,0,0,0,-0.0014226466*J1^2*J2^2+0.0006992670*J1^1*J2^3+-0.0014226466*J2^4+0,0,0.0002157824*J1^2*J2^2+0.0008074440*J1^1*J2^3+0.0002157824*J2^4+0,0,-0.0022483138*J1^2*J2^2+0.0057356364*J1^1*J2^3+-0.0022483138*J2^4+0,0,-0.0004501029*J1^2*J2^2+0.0001848637*J1^1*J2^3+-0.0004501029*J2^4+0,0,0,0,0,0,0,0,0,0,0,0,0,0,0,0,0,0,0,0,0,0,0,0,0,0,0,0,0,0,0,0,0,0,0,0,0,0,0,0,0,0},
{0,0,0,0,0,0,0,0,0,0,0,0,0,0,0,0,0,0,0,0,0,0,0,0,0,0,0,0,0,0,0,0,0,0,0,0,0,0,0,0,0,0,0,0,0,0,0,0,0,0,0,0,0,0,0,0,-0.0010730131*J1^2*J2^2+-0.0010730131*J2^4+0,0,0.0008213654*J1^2*J2^2+-0.0004037220*J1^1*J2^3+0.0008213654*J2^4+0,0,-0.0012390088*J1^2*J2^2+0.0037170265*J1^1*J2^3+-0.0012390088*J2^4+0,0,0.0012980646*J1^2*J2^2+-0.0033114712*J1^1*J2^3+0.0012980646*J2^4+0,0,0.0015174697*J1^2*J2^2+0.0015174697*J2^4+0,0,-0.0011615861*J1^2*J2^2+0.0005709491*J1^1*J2^3+-0.0011615861*J2^4+0,0,0.0017522231*J1^2*J2^2+-0.0052566692*J1^1*J2^3+0.0017522231*J2^4+0,0,-0.0018357405*J1^2*J2^2+0.0046831275*J1^1*J2^3+-0.0018357405*J2^4+0,0,0,0,0,0,0,0,0,0,0,0,0,0,0,0,0,0,0,0,0,0,0,0,0,0},
{0,0,0,0,0,0,0,0,0,0,0,0,0,0,0,0,0,0,0,0,0,0,0,0,0,0,0,0,0,0,0,0,0,0,0,0,0,0,0,0,0,0,0,0,0,0,0,0,0,0,0,0,0,0,0,0,0.0008213654*J1^2*J2^2+-0.0004037220*J1^1*J2^3+0.0008213654*J2^4+0,0,-0.0001245820*J1^2*J2^2+-0.0004661780*J1^1*J2^3+-0.0001245820*J2^4+0,0,0.0012980646*J1^2*J2^2+-0.0033114712*J1^1*J2^3+0.0012980646*J2^4+0,0,0.0002598670*J1^2*J2^2+-0.0001067311*J1^1*J2^3+0.0002598670*J2^4+0,0,-0.0011615861*J1^2*J2^2+0.0005709491*J1^1*J2^3+-0.0011615861*J2^4+0,0,0.0001761856*J1^2*J2^2+0.0006592752*J1^1*J2^3+0.0001761856*J2^4+0,0,-0.0018357405*J1^2*J2^2+0.0046831275*J1^1*J2^3+-0.0018357405*J2^4+0,0,-0.0003675075*J1^2*J2^2+0.0001509406*J1^1*J2^3+-0.0003675075*J2^4+0,0,0,0,0,0,0,0,0,0,0,0,0,0,0,0,0,0,0,0,0,0,0,0,0,0},
{0,0,0,0,0,0,0,0,0,0,0,0,0,0,0,0,0,0,0,0,0,0,0,0,0,0,0,0,0,0,0,0,0,0,0,0,0,0,0,0,0,0,0,0,0,0,0,0,0,0.0052566692*J1^1*J2^3+0,0,0.0004944564*J1^2*J2^2+-0.0040238522*J1^1*J2^3+0.0004944564*J2^4+0,0,-0.0015174697*J1^2*J2^2+-0.0015174697*J2^4+0,0,0.0011615861*J1^2*J2^2+-0.0005709491*J1^1*J2^3+0.0011615861*J2^4+0,0,0,0,0,0,0,0,0,0,0,0,0,0,0,0,0,0,0,0,0,0,0,0,0,0,0,0,0,0,0,0,0,0,0,0,0,0,0,0,0},
{0,0,0,0,0,0,0,0,0,0,0,0,0,0,0,0,0,0,0,0,0,0,0,0,0,0,0,0,0,0,0,0,0,0,0,0,0,0,0,0,0,0,0,0,0,0,0,0,0,0.0004944564*J1^2*J2^2+-0.0040238522*J1^1*J2^3+0.0004944564*J2^4+0,0,0.0005709491*J1^2*J2^2+0.0006103249*J1^1*J2^3+0.0005709491*J2^4+0,0,0.0011615861*J1^2*J2^2+-0.0005709491*J1^1*J2^3+0.0011615861*J2^4+0,0,-0.0001761856*J1^2*J2^2+-0.0006592752*J1^1*J2^3+-0.0001761856*J2^4+0,0,0,0,0,0,0,0,0,0,0,0,0,0,0,0,0,0,0,0,0,0,0,0,0,0,0,0,0,0,0,0,0,0,0,0,0,0,0,0,0},
{0,0,0,0,0,0,0,0,0,0,0,0,0,0,0,0,0,0,0,0,0,0,0,0,0,0,0,0,0,0,0,0,0,0,0,0,0,0,0,0,0,0,0,0,0,0,0,0,0,0,0,0,0,0,0,0,0,-0.0030349394*J1^1*J2^3+0,0,-0.0002854745*J1^2*J2^2+0.0023231722*J1^1*J2^3+-0.0002854745*J2^4+0,0,0.0008761115*J1^2*J2^2+0.0008761115*J2^4+0,0,-0.0006706420*J1^2*J2^2+0.0003296376*J1^1*J2^3+-0.0006706420*J2^4+0,0,0.0042920525*J1^1*J2^3+0,0,0.0004037220*J1^2*J2^2+-0.0032854616*J1^1*J2^3+0.0004037220*J2^4+0,0,-0.0012390088*J1^2*J2^2+-0.0012390088*J2^4+0,0,0.0009484311*J1^2*J2^2+-0.0004661780*J1^1*J2^3+0.0009484311*J2^4+0,0,0,0,0,0,0,0,0,0,0,0,0,0,0,0,0,0,0,0,0,0,0,0,0},
{0,0,0,0,0,0,0,0,0,0,0,0,0,0,0,0,0,0,0,0,0,0,0,0,0,0,0,0,0,0,0,0,0,0,0,0,0,0,0,0,0,0,0,0,0,0,0,0,0,0,0,0,0,0,0,0,0,-0.0002854745*J1^2*J2^2+0.0023231722*J1^1*J2^3+-0.0002854745*J2^4+0,0,-0.0003296376*J1^2*J2^2+-0.0003523712*J1^1*J2^3+-0.0003296376*J2^4+0,0,-0.0006706420*J1^2*J2^2+0.0003296376*J1^1*J2^3+-0.0006706420*J2^4+0,0,0.0001017208*J1^2*J2^2+0.0003806327*J1^1*J2^3+0.0001017208*J2^4+0,0,0.0004037220*J1^2*J2^2+-0.0032854616*J1^1*J2^3+0.0004037220*J2^4+0,0,0.0004661780*J1^2*J2^2+0.0004983282*J1^1*J2^3+0.0004661780*J2^4+0,0,0.0009484311*J1^2*J2^2+-0.0004661780*J1^1*J2^3+0.0009484311*J2^4+0,0,-0.0001438550*J1^2*J2^2+-0.0005382960*J1^1*J2^3+-0.0001438550*J2^4+0,0,0,0,0,0,0,0,0,0,0,0,0,0,0,0,0,0,0,0,0,0,0,0,0},
{0,0,0,0,0,0,0,0,0,0,0,0,0,0,0,0,0,0,0,0,0,0,0,0,0,0,0,0,0,0,0,0,0,0,0,0,0,0,0,0,0,0,0,0,0,0,0,0,0,-0.0015174697*J1^2*J2^2+-0.0015174697*J2^4+0,0,0.0011615861*J1^2*J2^2+-0.0005709491*J1^1*J2^3+0.0011615861*J2^4+0,0,-0.0017522231*J1^2*J2^2+0.0052566692*J1^1*J2^3+-0.0017522231*J2^4+0,0,0.0018357405*J1^2*J2^2+-0.0046831275*J1^1*J2^3+0.0018357405*J2^4+0,0,0,0,0,0,0,0,0,0,0,0,0,0,0,0,0,0,0,0,0,0,0,0,0,0,0,0,0,0,0,0,0,0,0,0,0,0,0,0,0},
{0,0,0,0,0,0,0,0,0,0,0,0,0,0,0,0,0,0,0,0,0,0,0,0,0,0,0,0,0,0,0,0,0,0,0,0,0,0,0,0,0,0,0,0,0,0,0,0,0,0.0011615861*J1^2*J2^2+-0.0005709491*J1^1*J2^3+0.0011615861*J2^4+0,0,-0.0001761856*J1^2*J2^2+-0.0006592752*J1^1*J2^3+-0.0001761856*J2^4+0,0,0.0018357405*J1^2*J2^2+-0.0046831275*J1^1*J2^3+0.0018357405*J2^4+0,0,0.0003675075*J1^2*J2^2+-0.0001509406*J1^1*J2^3+0.0003675075*J2^4+0,0,0,0,0,0,0,0,0,0,0,0,0,0,0,0,0,0,0,0,0,0,0,0,0,0,0,0,0,0,0,0,0,0,0,0,0,0,0,0,0},
{0,0,0,0,0,0,0,0,0,0,0,0,0,0,0,0,0,0,0,0,0,0,0,0,0,0,0,0,0,0,0,0,0,0,0,0,0,0,0,0,0,0,0,0,0,0,0,0,0,0,0,0,0,0,0,0,0,0.0008761115*J1^2*J2^2+0.0008761115*J2^4+0,0,-0.0006706420*J1^2*J2^2+0.0003296376*J1^1*J2^3+-0.0006706420*J2^4+0,0,0.0010116465*J1^2*J2^2+-0.0030349394*J1^1*J2^3+0.0010116465*J2^4+0,0,-0.0010598653*J1^2*J2^2+0.0027038049*J1^1*J2^3+-0.0010598653*J2^4+0,0,-0.0012390088*J1^2*J2^2+-0.0012390088*J2^4+0,0,0.0009484311*J1^2*J2^2+-0.0004661780*J1^1*J2^3+0.0009484311*J2^4+0,0,-0.0014306842*J1^2*J2^2+0.0042920525*J1^1*J2^3+-0.0014306842*J2^4+0,0,0.0014988758*J1^2*J2^2+-0.0038237576*J1^1*J2^3+0.0014988758*J2^4+0,0,0,0,0,0,0,0,0,0,0,0,0,0,0,0,0,0,0,0,0,0,0,0,0},
{0,0,0,0,0,0,0,0,0,0,0,0,0,0,0,0,0,0,0,0,0,0,0,0,0,0,0,0,0,0,0,0,0,0,0,0,0,0,0,0,0,0,0,0,0,0,0,0,0,0,0,0,0,0,0,0,0,-0.0006706420*J1^2*J2^2+0.0003296376*J1^1*J2^3+-0.0006706420*J2^4+0,0,0.0001017208*J1^2*J2^2+0.0003806327*J1^1*J2^3+0.0001017208*J2^4+0,0,-0.0010598653*J1^2*J2^2+0.0027038049*J1^1*J2^3+-0.0010598653*J2^4+0,0,-0.0002121805*J1^2*J2^2+0.0000871456*J1^1*J2^3+-0.0002121805*J2^4+0,0,0.0009484311*J1^2*J2^2+-0.0004661780*J1^1*J2^3+0.0009484311*J2^4+0,0,-0.0001438550*J1^2*J2^2+-0.0005382960*J1^1*J2^3+-0.0001438550*J2^4+0,0,0.0014988758*J1^2*J2^2+-0.0038237576*J1^1*J2^3+0.0014988758*J2^4+0,0,0.0003000686*J1^2*J2^2+-0.0001232425*J1^1*J2^3+0.0003000686*J2^4+0,0,0,0,0,0,0,0,0,0,0,0,0,0,0,0,0,0,0,0,0,0,0,0,0},
{0,0,0,0,0,0,0,0,0,0,0,0,0,0,0,0,0,0,0,0,0,0,0,0,0,0,0,0,0,0,0,0,0,0,0,0,0,0,0,0,0,0,0,0,0,0,0,0,0,0,0,0,0,0,0,0,0,0,0,0,0,0,0,0,0,0,0,0,0,0,0,0,0,0,0,0,0,0,0,0,0,0,0,0,0,0,0,0,0,0,0,0,0,0,0,0},
{0,0,0,0,0,0,0,0,0,0,0,0,0,0,0,0,0,0,0,0,0,0,0,0,0,0,0,0,0,0,0,0,0,0,0,0,0,0,0,0,0,0,0,0,0,0,0,0,0,0,0,0,0,0,0,0,0,0,0,0,0,0,0,0,0,0,0,0,0,0,0,0,0,0,0,0,0,0,0,0,0,0,0,0,0,0,0,0,0,0,0,0,0,0,0,0},
{0,0,0,0,0,0,0,0,0,0,0,0,0,0,0,0,0,0,0,0,0,0,0,0,0,0,0,0,0,0,0,0,0,0,0,0,0,0,0,0,0,0,0,0,0,0,0,0,0,0,0,0,0,0,0,0,0,0,0,0,0,0,0,0,0,0,0,0,0,0,0,0,0,0,0,0,0,0,0,0,0,0,0,0,0,0,0,0,0,0,0,0,0,0,0,0},
{0,0,0,0,0,0,0,0,0,0,0,0,0,0,0,0,0,0,0,0,0,0,0,0,0,0,0,0,0,0,0,0,0,0,0,0,0,0,0,0,0,0,0,0,0,0,0,0,0,0,0,0,0,0,0,0,0,0,0,0,0,0,0,0,0,0,0,0,0,0,0,0,0,0,0,0,0,0,0,0,0,0,0,0,0,0,0,0,0,0,0,0,0,0,0,0},
{0,0,0,0,0,0,0,0,0,0,0,0,0,0,0,0,0,0,0,0,0,0,0,0,0,0,0,0,0,0,0,0,0,0,0,0,0,0,0,0,0,0,0,0,0,0,0,0,0,0,0,0,0,0,0,0,0,0,0,0,0,0,0,0,0,0,0,0,0,0,0,0,0,0,0,0,0,0,0,0,0,0,0,0,0,0,0,0,0,0,0,0,0,0,0,0},
{0,0,0,0,0,0,0,0,0,0,0,0,0,0,0,0,0,0,0,0,0,0,0,0,0,0,0,0,0,0,0,0,0,0,0,0,0,0,0,0,0,0,0,0,0,0,0,0,0,0,0,0,0,0,0,0,0,0,0,0,0,0,0,0,0,0,0,0,0,0,0,0,0,0,0,0,0,0,0,0,0,0,0,0,0,0,0,0,0,0,0,0,0,0,0,0},
{0,0,0,0,0,0,0,0,0,0,0,0,0,0,0,0,0,0,0,0,0,0,0,0,0,0,0,0,0,0,0,0,0,0,0,0,0,0,0,0,0,0,0,0,0,0,0,0,0,0,0,0,0,0,0,0,0,0,0,0,0,0,0,0,0,0,0,0,0,0,0,0,0,0,0,0,0,0,0,0,0,0,0,0,0,0,0,0,0,0,0,0,0,0,0,0},
{0,0,0,0,0,0,0,0,0,0,0,0,0,0,0,0,0,0,0,0,0,0,0,0,0,0,0,0,0,0,0,0,0,0,0,0,0,0,0,0,0,0,0,0,0,0,0,0,0,0,0,0,0,0,0,0,0,0,0,0,0,0,0,0,0,0,0,0,0,0,0,0,0,0,0,0,0,0,0,0,0,0,0,0,0,0,0,0,0,0,0,0,0,0,0,0},
{0,0,0,0,0,0,0,0,0,0,0,0,0,0,0,0,0,0,0,0,0,0,0,0,0,0,0,0,0,0,0,0,0,0,0,0,0,0,0,0,0,0,0,0,0,0,0,0,0,0,0,0,0,0,0,0,0,0,0,0,0,0,0,0,0,0,0,0,0,0,0,0,0,0,0,0,0,0,0,0,0,0,0,0,0,0,0,0,0,0,0,0,0,0,0,0},
{0,0,0,0,0,0,0,0,0,0,0,0,0,0,0,0,0,0,0,0,0,0,0,0,0,0,0,0,0,0,0,0,0,0,0,0,0,0,0,0,0,0,0,0,0,0,0,0,0,0,0,0,0,0,0,0,0,0,0,0,0,0,0,0,0,0,0,0,0,0,0,0,0,0,0,0,0,0,0,0,0,0,0,0,0,0,0,0,0,0,0,0,0,0,0,0},
{0,0,0,0,0,0,0,0,0,0,0,0,0,0,0,0,0,0,0,0,0,0,0,0,0,0,0,0,0,0,0,0,0,0,0,0,0,0,0,0,0,0,0,0,0,0,0,0,0,0,0,0,0,0,0,0,0,0,0,0,0,0,0,0,0,0,0,0,0,0,0,0,0,0,0,0,0,0,0,0,0,0,0,0,0,0,0,0,0,0,0,0,0,0,0,0},
{0,0,0,0,0,0,0,0,0,0,0,0,0,0,0,0,0,0,0,0,0,0,0,0,0,0,0,0,0,0,0,0,0,0,0,0,0,0,0,0,0,0,0,0,0,0,0,0,0,0,0,0,0,0,0,0,0,0,0,0,0,0,0,0,0,0,0,0,0,0,0,0,0,0,0,0,0,0,0,0,0,0,0,0,0,0,0,0,0,0,0,0,0,0,0,0},
{0,0,0,0,0,0,0,0,0,0,0,0,0,0,0,0,0,0,0,0,0,0,0,0,0,0,0,0,0,0,0,0,0,0,0,0,0,0,0,0,0,0,0,0,0,0,0,0,0,0,0,0,0,0,0,0,0,0,0,0,0,0,0,0,0,0,0,0,0,0,0,0,0,0,0,0,0,0,0,0,0,0,0,0,0,0,0,0,0,0,0,0,0,0,0,0},
{0,0,0,0,0,0,0,0,0,0,0,0,0,0,0,0,0,0,0,0,0,0,0,0,0,0,0,0,0,0,0,0,0,0,0,0,0,0,0,0,0,0,0,0,0,0,0,0,0,0,0,0,0,0,0,0,0,0,0,0,0,0,0,0,0,0,0,0,0,0,0,0,0,0,0,0,0,0,0,0,0,0,0,0,0,0,0,0,0,0,0,0,0,0,0,0},
{0,0,0,0,0,0,0,0,0,0,0,0,0,0,0,0,0,0,0,0,0,0,0,0,0,0,0,0,0,0,0,0,0,0,0,0,0,0,0,0,0,0,0,0,0,0,0,0,0,0,0,0,0,0,0,0,0,0,0,0,0,0,0,0,0,0,0,0,0,0,0,0,0,0,0,0,0,0,0,0,0,0,0,0,0,0,0,0,0,0,0,0,0,0,0,0},
{0,0,0,0,0,0,0,0,0,0,0,0,0,0,0,0,0,0,0,0,0,0,0,0,0,0,0,0,0,0,0,0,0,0,0,0,0,0,0,0,0,0,0,0,0,0,0,0,0,0,0,0,0,0,0,0,0,0,0,0,0,0,0,0,0,0,0,0,0,0,0,0,0,0,0,0,0,0,0,0,0,0,0,0,0,0,0,0,0,0,0,0,0,0,0,0},
{0,0,0,0,0,0,0,0,0,0,0,0,0,0,0,0,0,0,0,0,0,0,0,0,0,0,0,0,0,0,0,0,0,0,0,0,0,0,0,0,0,0,0,0,0,0,0,0,0,0,0,0,0,0,0,0,0,0,0,0,0,0,0,0,0,0,0,0,0,0,0,0,0,0,0,0,0,0,0,0,0,0,0,0,0,0,0,0,0,0,0,0,0,0,0,0},
{0,0,0,0,0,0,0,0,0,0,0,0,0,0,0,0,0,0,0,0,0,0,0,0,0,0,0,0,0,0,0,0,0,0,0,0,0,0,0,0,0,0,0,0,0,0,0,0,0,0,0,0,0,0,0,0,0,0,0,0,0,0,0,0,0,0,0,0,0,0,0,0,0,0,0,0,0,0,0,0,0,0,0,0,0,0,0,0,0,0,0,0,0,0,0,0},
{0,0,0,0,0,0,0,0,0,0,0,0,0,0,0,0,0,0,0,0,0,0,0,0,0,0,0,0,0,0,0,0,0,0,0,0,0,0,0,0,0,0,0,0,0,0,0,0,0,0,0,0,0,0,0,0,0,0,0,0,0,0,0,0,0,0,0,0,0,0,0,0,0,0,0,0,0,0,0,0,0,0,0,0,0,0,0,0,0,0,0,0,0,0,0,0},
{0,0,0,0,0,0,0,0,0,0,0,0,0,0,0,0,0,0,0,0,0,0,0,0,0,0,0,0,0,0,0,0,0,0,0,0,0,0,0,0,0,0,0,0,0,0,0,0,0,0,0,0,0,0,0,0,0,0,0,0,0,0,0,0,0,0,0,0,0,0,0,0,0,0,0,0,0,0,0,0,0,0,0,0,0,0,0,0,0,0,0,0,0,0,0,0},
{0,0,0,0,0,0,0,0,0,0,0,0,0,0,0,0,0,0,0,0,0,0,0,0,0,0,0,0,0,0,0,0,0,0,0,0,0,0,0,0,0,0,0,0,0,0,0,0,0,0,0,0,0,0,0,0,0,0,0,0,0,0,0,0,0,0,0,0,0,0,0,0,0,0,0,0,0,0,0,0,0,0,0,0,0,0,0,0,0,0,0,0,0,0,0,0},
{0,0,0,0,0,0,0,0,0,0,0,0,0,0,0,0,0,0,0,0,0,0,0,0,0,0,0,0,0,0,0,0,0,0,0,0,0,0,0,0,0,0,0,0,0,0,0,0,0,0,0,0,0,0,0,0,0,0,0,0,0,0,0,0,0,0,0,0,0,0,0,0,0,0,0,0,0,0,0,0,0,0,0,0,0,0,0,0,0,0,0,0,0,0,0,0},
{0,0,0,0,0,0,0,0,0,0,0,0,0,0,0,0,0,0,0,0,0,0,0,0,0,0,0,0,0,0,0,0,0,0,0,0,0,0,0,0,0,0,0,0,0,0,0,0,0,0,0,0,0,0,0,0,0,0,0,0,0,0,0,0,0,0,0,0,0,0,0,0,0,0,0,0,0,0,0,0,0,0,0,0,0,0,0,0,0,0,0,0,0,0,0,0},
{0,0,0,0,0,0,0,0,0,0,0,0,0,0,0,0,0,0,0,0,0,0,0,0,0,0,0,0,0,0,0,0,0,0,0,0,0,0,0,0,0,0,0,0,0,0,0,0,0,0,0,0,0,0,0,0,0,0,0,0,0,0,0,0,0,0,0,0,0,0,0,0,0,0,0,0,0,0,0,0,0,0,0,0,0,0,0,0,0,0,0,0,0,0,0,0},
{0,0,0,0,0,0,0,0,-0.0064380787*J1^1*J2^3+0,-0.0006055830*J1^2*J2^2+0.0049281924*J1^1*J2^3+-0.0006055830*J2^4+0,0,0,0.0018585132*J1^2*J2^2+0.0018585132*J2^4+0,-0.0014226466*J1^2*J2^2+0.0006992670*J1^1*J2^3+-0.0014226466*J2^4+0,0,0,0,0,0,0,0,0,0,0,0,0,0,0,0,0,0,0,0,0,0,0,0,0,0,0,0,0,0,0,0,0,0,0,0,0,0,0,0,0,0,0,0,0,0,0,0,0,0,0,0,0,0,0,0,0,0,0,0,0,0,0,0,0,0,0,0,0,0,0,0,0,0,0,0,0,0,0,0,0,0,0},
{0.0037170265*J1^1*J2^3+0,0.0003496335*J1^2*J2^2+-0.0028452932*J1^1*J2^3+0.0003496335*J2^4+0,0,0,-0.0010730131*J1^2*J2^2+-0.0010730131*J2^4+0,0.0008213654*J1^2*J2^2+-0.0004037220*J1^1*J2^3+0.0008213654*J2^4+0,0,0,0,0,0,0,0,0,0,0,0.0052566692*J1^1*J2^3+0,0.0004944564*J1^2*J2^2+-0.0040238522*J1^1*J2^3+0.0004944564*J2^4+0,0,0,-0.0015174697*J1^2*J2^2+-0.0015174697*J2^4+0,0.0011615861*J1^2*J2^2+-0.0005709491*J1^1*J2^3+0.0011615861*J2^4+0,0,0,0,0,0,0,0,0,0,0,0,0,0,0,0,0,0,0,0,0,0,0,0,0,0,0,0,0,0,0,0,0,0,0,0,0,0,0,0,0,0,0,0,0,0,0,0,0,0,0,0,0,0,0,0,0,0,0,0,0,0,0,0,0,0,0,0,0,0,0,0,0,0,0},
{0,0,0,0,0,0,0,0,-0.0006055830*J1^2*J2^2+0.0049281924*J1^1*J2^3+-0.0006055830*J2^4+0,-0.0006992670*J1^2*J2^2+-0.0007474923*J1^1*J2^3+-0.0006992670*J2^4+0,0,0,-0.0014226466*J1^2*J2^2+0.0006992670*J1^1*J2^3+-0.0014226466*J2^4+0,0.0002157824*J1^2*J2^2+0.0008074440*J1^1*J2^3+0.0002157824*J2^4+0,0,0,0,0,0,0,0,0,0,0,0,0,0,0,0,0,0,0,0,0,0,0,0,0,0,0,0,0,0,0,0,0,0,0,0,0,0,0,0,0,0,0,0,0,0,0,0,0,0,0,0,0,0,0,0,0,0,0,0,0,0,0,0,0,0,0,0,0,0,0,0,0,0,0,0,0,0,0,0,0,0,0},
{0.0003496335*J1^2*J2^2+-0.0028452932*J1^1*J2^3+0.0003496335*J2^4+0,0.0004037220*J1^2*J2^2+0.0004315649*J1^1*J2^3+0.0004037220*J2^4+0,0,0,0.0008213654*J1^2*J2^2+-0.0004037220*J1^1*J2^3+0.0008213654*J2^4+0,-0.0001245820*J1^2*J2^2+-0.0004661780*J1^1*J2^3+-0.0001245820*J2^4+0,0,0,0,0,0,0,0,0,0,0,0.0004944564*J1^2*J2^2+-0.0040238522*J1^1*J2^3+0.0004944564*J2^4+0,0.0005709491*J1^2*J2^2+0.0006103249*J1^1*J2^3+0.0005709491*J2^4+0,0,0,0.0011615861*J1^2*J2^2+-0.0005709491*J1^1*J2^3+0.0011615861*J2^4+0,-0.0001761856*J1^2*J2^2+-0.0006592752*J1^1*J2^3+-0.0001761856*J2^4+0,0,0,0,0,0,0,0,0,0,0,0,0,0,0,0,0,0,0,0,0,0,0,0,0,0,0,0,0,0,0,0,0,0,0,0,0,0,0,0,0,0,0,0,0,0,0,0,0,0,0,0,0,0,0,0,0,0,0,0,0,0,0,0,0,0,0,0,0,0,0,0,0,0,0},
{0,0,0,0,0,0,0,0,0.0018585132*J1^2*J2^2+0.0018585132*J2^4+0,-0.0014226466*J1^2*J2^2+0.0006992670*J1^1*J2^3+-0.0014226466*J2^4+0,0,0,0.0021460262*J1^2*J2^2+-0.0064380787*J1^1*J2^3+0.0021460262*J2^4+0,-0.0022483138*J1^2*J2^2+0.0057356364*J1^1*J2^3+-0.0022483138*J2^4+0,0,0,0,0,0,0,0,0,0,0,0,0,0,0,0,0,0,0,0,0,0,0,0,0,0,0,0,0,0,0,0,0,0,0,0,0,0,0,0,0,0,0,0,0,0,0,0,0,0,0,0,0,0,0,0,0,0,0,0,0,0,0,0,0,0,0,0,0,0,0,0,0,0,0,0,0,0,0,0,0,0,0},
{-0.0010730131*J1^2*J2^2+-0.0010730131*J2^4+0,0.0008213654*J1^2*J2^2+-0.0004037220*J1^1*J2^3+0.0008213654*J2^4+0,0,0,-0.0012390088*J1^2*J2^2+0.0037170265*J1^1*J2^3+-0.0012390088*J2^4+0,0.0012980646*J1^2*J2^2+-0.0033114712*J1^1*J2^3+0.0012980646*J2^4+0,0,0,0,0,0,0,0,0,0,0,-0.0015174697*J1^2*J2^2+-0.0015174697*J2^4+0,0.0011615861*J1^2*J2^2+-0.0005709491*J1^1*J2^3+0.0011615861*J2^4+0,0,0,-0.0017522231*J1^2*J2^2+0.0052566692*J1^1*J2^3+-0.0017522231*J2^4+0,0.0018357405*J1^2*J2^2+-0.0046831275*J1^1*J2^3+0.0018357405*J2^4+0,0,0,0,0,0,0,0,0,0,0,0,0,0,0,0,0,0,0,0,0,0,0,0,0,0,0,0,0,0,0,0,0,0,0,0,0,0,0,0,0,0,0,0,0,0,0,0,0,0,0,0,0,0,0,0,0,0,0,0,0,0,0,0,0,0,0,0,0,0,0,0,0,0,0},
{0,0,0,0,0,0,0,0,-0.0014226466*J1^2*J2^2+0.0006992670*J1^1*J2^3+-0.0014226466*J2^4+0,0.0002157824*J1^2*J2^2+0.0008074440*J1^1*J2^3+0.0002157824*J2^4+0,0,0,-0.0022483138*J1^2*J2^2+0.0057356364*J1^1*J2^3+-0.0022483138*J2^4+0,-0.0004501029*J1^2*J2^2+0.0001848637*J1^1*J2^3+-0.0004501029*J2^4+0,0,0,0,0,0,0,0,0,0,0,0,0,0,0,0,0,0,0,0,0,0,0,0,0,0,0,0,0,0,0,0,0,0,0,0,0,0,0,0,0,0,0,0,0,0,0,0,0,0,0,0,0,0,0,0,0,0,0,0,0,0,0,0,0,0,0,0,0,0,0,0,0,0,0,0,0,0,0,0,0,0,0},
{0.0008213654*J1^2*J2^2+-0.0004037220*J1^1*J2^3+0.0008213654*J2^4+0,-0.0001245820*J1^2*J2^2+-0.0004661780*J1^1*J2^3+-0.0001245820*J2^4+0,0,0,0.0012980646*J1^2*J2^2+-0.0033114712*J1^1*J2^3+0.0012980646*J2^4+0,0.0002598670*J1^2*J2^2+-0.0001067311*J1^1*J2^3+0.0002598670*J2^4+0,0,0,0,0,0,0,0,0,0,0,0.0011615861*J1^2*J2^2+-0.0005709491*J1^1*J2^3+0.0011615861*J2^4+0,-0.0001761856*J1^2*J2^2+-0.0006592752*J1^1*J2^3+-0.0001761856*J2^4+0,0,0,0.0018357405*J1^2*J2^2+-0.0046831275*J1^1*J2^3+0.0018357405*J2^4+0,0.0003675075*J1^2*J2^2+-0.0001509406*J1^1*J2^3+0.0003675075*J2^4+0,0,0,0,0,0,0,0,0,0,0,0,0,0,0,0,0,0,0,0,0,0,0,0,0,0,0,0,0,0,0,0,0,0,0,0,0,0,0,0,0,0,0,0,0,0,0,0,0,0,0,0,0,0,0,0,0,0,0,0,0,0,0,0,0,0,0,0,0,0,0,0,0,0,0},
{0,0,0,0,0,0,0,0,0,0,0.0037170265*J1^1*J2^3+0,0.0003496335*J1^2*J2^2+-0.0028452932*J1^1*J2^3+0.0003496335*J2^4+0,0,0,-0.0010730131*J1^2*J2^2+-0.0010730131*J2^4+0,0.0008213654*J1^2*J2^2+-0.0004037220*J1^1*J2^3+0.0008213654*J2^4+0,0,0,0,0,0,0,0,0,0,0,0,0,0,0,0,0,0,0,0,0,0,0,0,0,0,0,0,0,0,0,0,0,0,0,0,0,0,0,0,0,0,0,0,0,0,0,0,0,0,0,0,0,0,0,0,0,0,0,0,0,0,0,0,0,0,0,0,0,0,0,0,0,0,0,0,0,0,0,0,0},
{0,0,-0.0021460262*J1^1*J2^3+0,-0.0002018610*J1^2*J2^2+0.0016427308*J1^1*J2^3+-0.0002018610*J2^4+0,0,0,0.0006195044*J1^2*J2^2+0.0006195044*J2^4+0,-0.0004742155*J1^2*J2^2+0.0002330890*J1^1*J2^3+-0.0004742155*J2^4+0,0,0,0,0,0,0,0,0,0,0,-0.0030349394*J1^1*J2^3+0,-0.0002854745*J1^2*J2^2+0.0023231722*J1^1*J2^3+-0.0002854745*J2^4+0,0,0,0.0008761115*J1^2*J2^2+0.0008761115*J2^4+0,-0.0006706420*J1^2*J2^2+0.0003296376*J1^1*J2^3+-0.0006706420*J2^4+0,0,0,0,0,0,0,0,0,0,0,0,0,0,0,0,0,0,0,0,0,0,0,0,0,0,0,0,0,0,0,0,0,0,0,0,0,0,0,0,0,0,0,0,0,0,0,0,0,0,0,0,0,0,0,0,0,0,0,0,0,0,0,0,0,0,0,0,0,0,0,0,0},
{0,0,0,0,0,0,0,0,0,0,0.0003496335*J1^2*J2^2+-0.0028452932*J1^1*J2^3+0.0003496335*J2^4+0,0.0004037220*J1^2*J2^2+0.0004315649*J1^1*J2^3+0.0004037220*J2^4+0,0,0,0.0008213654*J1^2*J2^2+-0.0004037220*J1^1*J2^3+0.0008213654*J2^4+0,-0.0001245820*J1^2*J2^2+-0.0004661780*J1^1*J2^3+-0.0001245820*J2^4+0,0,0,0,0,0,0,0,0,0,0,0,0,0,0,0,0,0,0,0,0,0,0,0,0,0,0,0,0,0,0,0,0,0,0,0,0,0,0,0,0,0,0,0,0,0,0,0,0,0,0,0,0,0,0,0,0,0,0,0,0,0,0,0,0,0,0,0,0,0,0,0,0,0,0,0,0,0,0,0,0},
{0,0,-0.0002018610*J1^2*J2^2+0.0016427308*J1^1*J2^3+-0.0002018610*J2^4+0,-0.0002330890*J1^2*J2^2+-0.0002491641*J1^1*J2^3+-0.0002330890*J2^4+0,0,0,-0.0004742155*J1^2*J2^2+0.0002330890*J1^1*J2^3+-0.0004742155*J2^4+0,0.0000719275*J1^2*J2^2+0.0002691480*J1^1*J2^3+0.0000719275*J2^4+0,0,0,0,0,0,0,0,0,0,0,-0.0002854745*J1^2*J2^2+0.0023231722*J1^1*J2^3+-0.0002854745*J2^4+0,-0.0003296376*J1^2*J2^2+-0.0003523712*J1^1*J2^3+-0.0003296376*J2^4+0,0,0,-0.0006706420*J1^2*J2^2+0.0003296376*J1^1*J2^3+-0.0006706420*J2^4+0,0.0001017208*J1^2*J2^2+0.0003806327*J1^1*J2^3+0.0001017208*J2^4+0,0,0,0,0,0,0,0,0,0,0,0,0,0,0,0,0,0,0,0,0,0,0,0,0,0,0,0,0,0,0,0,0,0,0,0,0,0,0,0,0,0,0,0,0,0,0,0,0,0,0,0,0,0,0,0,0,0,0,0,0,0,0,0,0,0,0,0,0,0,0,0,0},
{0,0,0,0,0,0,0,0,0,0,-0.0010730131*J1^2*J2^2+-0.0010730131*J2^4+0,0.0008213654*J1^2*J2^2+-0.0004037220*J1^1*J2^3+0.0008213654*J2^4+0,0,0,-0.0012390088*J1^2*J2^2+0.0037170265*J1^1*J2^3+-0.0012390088*J2^4+0,0.0012980646*J1^2*J2^2+-0.0033114712*J1^1*J2^3+0.0012980646*J2^4+0,0,0,0,0,0,0,0,0,0,0,0,0,0,0,0,0,0,0,0,0,0,0,0,0,0,0,0,0,0,0,0,0,0,0,0,0,0,0,0,0,0,0,0,0,0,0,0,0,0,0,0,0,0,0,0,0,0,0,0,0,0,0,0,0,0,0,0,0,0,0,0,0,0,0,0,0,0,0,0,0},
{0,0,0.0006195044*J1^2*J2^2+0.0006195044*J2^4+0,-0.0004742155*J1^2*J2^2+0.0002330890*J1^1*J2^3+-0.0004742155*J2^4+0,0,0,0.0007153421*J1^2*J2^2+-0.0021460262*J1^1*J2^3+0.0007153421*J2^4+0,-0.0007494379*J1^2*J2^2+0.0019118788*J1^1*J2^3+-0.0007494379*J2^4+0,0,0,0,0,0,0,0,0,0,0,0.0008761115*J1^2*J2^2+0.0008761115*J2^4+0,-0.0006706420*J1^2*J2^2+0.0003296376*J1^1*J2^3+-0.0006706420*J2^4+0,0,0,0.0010116465*J1^2*J2^2+-0.0030349394*J1^1*J2^3+0.0010116465*J2^4+0,-0.0010598653*J1^2*J2^2+0.0027038049*J1^1*J2^3+-0.0010598653*J2^4+0,0,0,0,0,0,0,0,0,0,0,0,0,0,0,0,0,0,0,0,0,0,0,0,0,0,0,0,0,0,0,0,0,0,0,0,0,0,0,0,0,0,0,0,0,0,0,0,0,0,0,0,0,0,0,0,0,0,0,0,0,0,0,0,0,0,0,0,0,0,0,0,0},
{0,0,0,0,0,0,0,0,0,0,0.0008213654*J1^2*J2^2+-0.0004037220*J1^1*J2^3+0.0008213654*J2^4+0,-0.0001245820*J1^2*J2^2+-0.0004661780*J1^1*J2^3+-0.0001245820*J2^4+0,0,0,0.0012980646*J1^2*J2^2+-0.0033114712*J1^1*J2^3+0.0012980646*J2^4+0,0.0002598670*J1^2*J2^2+-0.0001067311*J1^1*J2^3+0.0002598670*J2^4+0,0,0,0,0,0,0,0,0,0,0,0,0,0,0,0,0,0,0,0,0,0,0,0,0,0,0,0,0,0,0,0,0,0,0,0,0,0,0,0,0,0,0,0,0,0,0,0,0,0,0,0,0,0,0,0,0,0,0,0,0,0,0,0,0,0,0,0,0,0,0,0,0,0,0,0,0,0,0,0,0},
{0,0,-0.0004742155*J1^2*J2^2+0.0002330890*J1^1*J2^3+-0.0004742155*J2^4+0,0.0000719275*J1^2*J2^2+0.0002691480*J1^1*J2^3+0.0000719275*J2^4+0,0,0,-0.0007494379*J1^2*J2^2+0.0019118788*J1^1*J2^3+-0.0007494379*J2^4+0,-0.0001500343*J1^2*J2^2+0.0000616212*J1^1*J2^3+-0.0001500343*J2^4+0,0,0,0,0,0,0,0,0,0,0,-0.0006706420*J1^2*J2^2+0.0003296376*J1^1*J2^3+-0.0006706420*J2^4+0,0.0001017208*J1^2*J2^2+0.0003806327*J1^1*J2^3+0.0001017208*J2^4+0,0,0,-0.0010598653*J1^2*J2^2+0.0027038049*J1^1*J2^3+-0.0010598653*J2^4+0,-0.0002121805*J1^2*J2^2+0.0000871456*J1^1*J2^3+-0.0002121805*J2^4+0,0,0,0,0,0,0,0,0,0,0,0,0,0,0,0,0,0,0,0,0,0,0,0,0,0,0,0,0,0,0,0,0,0,0,0,0,0,0,0,0,0,0,0,0,0,0,0,0,0,0,0,0,0,0,0,0,0,0,0,0,0,0,0,0,0,0,0,0,0,0,0,0},
{0,0,0,0,0,0,0,0,0,0,-0.0052566692*J1^1*J2^3+0,-0.0004944564*J1^2*J2^2+0.0040238522*J1^1*J2^3+-0.0004944564*J2^4+0,0,0,0.0015174697*J1^2*J2^2+0.0015174697*J2^4+0,-0.0011615861*J1^2*J2^2+0.0005709491*J1^1*J2^3+-0.0011615861*J2^4+0,0,0,0,0,0,0,0,0,0,0,0,0,0,0,0,0,0,0,0,0,0,0,0,0,0,0,0,0,0,0,0,0,0,0,0,0,0,0,0,0,0,0,0,0,0,0,0,0,0,0,0,0,0,0,0,0,0,0,0,0,0,0,0,0,0,0,0,0,0,0,0,0,0,0,0,0,0,0,0,0},
{0,0,0.0030349394*J1^1*J2^3+0,0.0002854745*J1^2*J2^2+-0.0023231722*J1^1*J2^3+0.0002854745*J2^4+0,0,0,-0.0008761115*J1^2*J2^2+-0.0008761115*J2^4+0,0.0006706420*J1^2*J2^2+-0.0003296376*J1^1*J2^3+0.0006706420*J2^4+0,0,0,0,0,0,0,0,0,0,0,0.0042920525*J1^1*J2^3+0,0.0004037220*J1^2*J2^2+-0.0032854616*J1^1*J2^3+0.0004037220*J2^4+0,0,0,-0.0012390088*J1^2*J2^2+-0.0012390088*J2^4+0,0.0009484311*J1^2*J2^2+-0.0004661780*J1^1*J2^3+0.0009484311*J2^4+0,0,0,0,0,0,0,0,0,0,0,0,0,0,0,0,0,0,0,0,0,0,0,0,0,0,0,0,0,0,0,0,0,0,0,0,0,0,0,0,0,0,0,0,0,0,0,0,0,0,0,0,0,0,0,0,0,0,0,0,0,0,0,0,0,0,0,0,0,0,0,0,0},
{0,0,0,0,0,0,0,0,0,0,-0.0004944564*J1^2*J2^2+0.0040238522*J1^1*J2^3+-0.0004944564*J2^4+0,-0.0005709491*J1^2*J2^2+-0.0006103249*J1^1*J2^3+-0.0005709491*J2^4+0,0,0,-0.0011615861*J1^2*J2^2+0.0005709491*J1^1*J2^3+-0.0011615861*J2^4+0,0.0001761856*J1^2*J2^2+0.0006592752*J1^1*J2^3+0.0001761856*J2^4+0,0,0,0,0,0,0,0,0,0,0,0,0,0,0,0,0,0,0,0,0,0,0,0,0,0,0,0,0,0,0,0,0,0,0,0,0,0,0,0,0,0,0,0,0,0,0,0,0,0,0,0,0,0,0,0,0,0,0,0,0,0,0,0,0,0,0,0,0,0,0,0,0,0,0,0,0,0,0,0,0},
{0,0,0.0002854745*J1^2*J2^2+-0.0023231722*J1^1*J2^3+0.0002854745*J2^4+0,0.0003296376*J1^2*J2^2+0.0003523712*J1^1*J2^3+0.0003296376*J2^4+0,0,0,0.0006706420*J1^2*J2^2+-0.0003296376*J1^1*J2^3+0.0006706420*J2^4+0,-0.0001017208*J1^2*J2^2+-0.0003806327*J1^1*J2^3+-0.0001017208*J2^4+0,0,0,0,0,0,0,0,0,0,0,0.0004037220*J1^2*J2^2+-0.0032854616*J1^1*J2^3+0.0004037220*J2^4+0,0.0004661780*J1^2*J2^2+0.0004983282*J1^1*J2^3+0.0004661780*J2^4+0,0,0,0.0009484311*J1^2*J2^2+-0.0004661780*J1^1*J2^3+0.0009484311*J2^4+0,-0.0001438550*J1^2*J2^2+-0.0005382960*J1^1*J2^3+-0.0001438550*J2^4+0,0,0,0,0,0,0,0,0,0,0,0,0,0,0,0,0,0,0,0,0,0,0,0,0,0,0,0,0,0,0,0,0,0,0,0,0,0,0,0,0,0,0,0,0,0,0,0,0,0,0,0,0,0,0,0,0,0,0,0,0,0,0,0,0,0,0,0,0,0,0,0,0},
{0,0,0,0,0,0,0,0,0,0,0.0015174697*J1^2*J2^2+0.0015174697*J2^4+0,-0.0011615861*J1^2*J2^2+0.0005709491*J1^1*J2^3+-0.0011615861*J2^4+0,0,0,0.0017522231*J1^2*J2^2+-0.0052566692*J1^1*J2^3+0.0017522231*J2^4+0,-0.0018357405*J1^2*J2^2+0.0046831275*J1^1*J2^3+-0.0018357405*J2^4+0,0,0,0,0,0,0,0,0,0,0,0,0,0,0,0,0,0,0,0,0,0,0,0,0,0,0,0,0,0,0,0,0,0,0,0,0,0,0,0,0,0,0,0,0,0,0,0,0,0,0,0,0,0,0,0,0,0,0,0,0,0,0,0,0,0,0,0,0,0,0,0,0,0,0,0,0,0,0,0,0},
{0,0,-0.0008761115*J1^2*J2^2+-0.0008761115*J2^4+0,0.0006706420*J1^2*J2^2+-0.0003296376*J1^1*J2^3+0.0006706420*J2^4+0,0,0,-0.0010116465*J1^2*J2^2+0.0030349394*J1^1*J2^3+-0.0010116465*J2^4+0,0.0010598653*J1^2*J2^2+-0.0027038049*J1^1*J2^3+0.0010598653*J2^4+0,0,0,0,0,0,0,0,0,0,0,-0.0012390088*J1^2*J2^2+-0.0012390088*J2^4+0,0.0009484311*J1^2*J2^2+-0.0004661780*J1^1*J2^3+0.0009484311*J2^4+0,0,0,-0.0014306842*J1^2*J2^2+0.0042920525*J1^1*J2^3+-0.0014306842*J2^4+0,0.0014988758*J1^2*J2^2+-0.0038237576*J1^1*J2^3+0.0014988758*J2^4+0,0,0,0,0,0,0,0,0,0,0,0,0,0,0,0,0,0,0,0,0,0,0,0,0,0,0,0,0,0,0,0,0,0,0,0,0,0,0,0,0,0,0,0,0,0,0,0,0,0,0,0,0,0,0,0,0,0,0,0,0,0,0,0,0,0,0,0,0,0,0,0,0},
{0,0,0,0,0,0,0,0,0,0,-0.0011615861*J1^2*J2^2+0.0005709491*J1^1*J2^3+-0.0011615861*J2^4+0,0.0001761856*J1^2*J2^2+0.0006592752*J1^1*J2^3+0.0001761856*J2^4+0,0,0,-0.0018357405*J1^2*J2^2+0.0046831275*J1^1*J2^3+-0.0018357405*J2^4+0,-0.0003675075*J1^2*J2^2+0.0001509406*J1^1*J2^3+-0.0003675075*J2^4+0,0,0,0,0,0,0,0,0,0,0,0,0,0,0,0,0,0,0,0,0,0,0,0,0,0,0,0,0,0,0,0,0,0,0,0,0,0,0,0,0,0,0,0,0,0,0,0,0,0,0,0,0,0,0,0,0,0,0,0,0,0,0,0,0,0,0,0,0,0,0,0,0,0,0,0,0,0,0,0,0},
{0,0,0.0006706420*J1^2*J2^2+-0.0003296376*J1^1*J2^3+0.0006706420*J2^4+0,-0.0001017208*J1^2*J2^2+-0.0003806327*J1^1*J2^3+-0.0001017208*J2^4+0,0,0,0.0010598653*J1^2*J2^2+-0.0027038049*J1^1*J2^3+0.0010598653*J2^4+0,0.0002121805*J1^2*J2^2+-0.0000871456*J1^1*J2^3+0.0002121805*J2^4+0,0,0,0,0,0,0,0,0,0,0,0.0009484311*J1^2*J2^2+-0.0004661780*J1^1*J2^3+0.0009484311*J2^4+0,-0.0001438550*J1^2*J2^2+-0.0005382960*J1^1*J2^3+-0.0001438550*J2^4+0,0,0,0.0014988758*J1^2*J2^2+-0.0038237576*J1^1*J2^3+0.0014988758*J2^4+0,0.0003000686*J1^2*J2^2+-0.0001232425*J1^1*J2^3+0.0003000686*J2^4+0,0,0,0,0,0,0,0,0,0,0,0,0,0,0,0,0,0,0,0,0,0,0,0,0,0,0,0,0,0,0,0,0,0,0,0,0,0,0,0,0,0,0,0,0,0,0,0,0,0,0,0,0,0,0,0,0,0,0,0,0,0,0,0,0,0,0,0,0,0,0,0,0},
{0,0,0,0,0,0,0,0,0,0,0,0,0,0,0,0,0,0,0,0,0,0,0,0,0,0,0,0,0,0,0,0,0,0,0,0,0,0,0,0,0,0,0,0,0,0,0,0,0,0,0,0,0,0,0,0,0,0,0,0,0,0,0,0,0,0,0,0,0,0,0,0,0,0,0,0,0,0,0,0,0,0,0,0,0,0,0,0,0,0,0,0,0,0,0,0},
{0,0,0,0,0,0,0,0,0,0,0,0,0,0,0,0,0,0,0,0,0,0,0,0,0,0,0,0,0,0,0,0,0,0,0,0,0,0,0,0,0,0,0,0,0,0,0,0,0,0,0,0,0,0,0,0,0,0,0,0,0,0,0,0,0,0,0,0,0,0,0,0,0,0,0,0,0,0,0,0,0,0,0,0,0,0,0,0,0,0,0,0,0,0,0,0},
{0,0,0,0,0,0,0,0,0,0,0,0,0,0,0,0,0,0,0,0,0,0,0,0,0,0,0,0,0,0,0,0,0,0,0,0,0,0,0,0,0,0,0,0,0,0,0,0,0,0,0,0,0,0,0,0,0,0,0,0,0,0,0,0,0,0,0,0,0,0,0,0,0,0,0,0,0,0,0,0,0,0,0,0,0,0,0,0,0,0,0,0,0,0,0,0},
{0,0,0,0,0,0,0,0,0,0,0,0,0,0,0,0,0,0,0,0,0,0,0,0,0,0,0,0,0,0,0,0,0,0,0,0,0,0,0,0,0,0,0,0,0,0,0,0,0,0,0,0,0,0,0,0,0,0,0,0,0,0,0,0,0,0,0,0,0,0,0,0,0,0,0,0,0,0,0,0,0,0,0,0,0,0,0,0,0,0,0,0,0,0,0,0},
{0,0,0,0,0,0,0,0,0,0,0,0,0,0,0,0,0,0,0,0,0,0,0,0,0,0,0,0,0,0,0,0,0,0,0,0,0,0,0,0,0,0,0,0,0,0,0,0,0,0,0,0,0,0,0,0,0,0,0,0,0,0,0,0,0,0,0,0,0,0,0,0,0,0,0,0,0,0,0,0,0,0,0,0,0,0,0,0,0,0,0,0,0,0,0,0},
{0,0,0,0,0,0,0,0,0,0,0,0,0,0,0,0,0,0,0,0,0,0,0,0,0,0,0,0,0,0,0,0,0,0,0,0,0,0,0,0,0,0,0,0,0,0,0,0,0,0,0,0,0,0,0,0,0,0,0,0,0,0,0,0,0,0,0,0,0,0,0,0,0,0,0,0,0,0,0,0,0,0,0,0,0,0,0,0,0,0,0,0,0,0,0,0},
{0,0,0,0,0,0,0,0,0,0,0,0,0,0,0,0,0,0,0,0,0,0,0,0,0,0,0,0,0,0,0,0,0,0,0,0,0,0,0,0,0,0,0,0,0,0,0,0,0,0,0,0,0,0,0,0,0,0,0,0,0,0,0,0,0,0,0,0,0,0,0,0,0,0,0,0,0,0,0,0,0,0,0,0,0,0,0,0,0,0,0,0,0,0,0,0},
{0,0,0,0,0,0,0,0,0,0,0,0,0,0,0,0,0,0,0,0,0,0,0,0,0,0,0,0,0,0,0,0,0,0,0,0,0,0,0,0,0,0,0,0,0,0,0,0,0,0,0,0,0,0,0,0,0,0,0,0,0,0,0,0,0,0,0,0,0,0,0,0,0,0,0,0,0,0,0,0,0,0,0,0,0,0,0,0,0,0,0,0,0,0,0,0},
{0,0,0,0,0,0,0,0,0,0,0,0,0,0,0,0,0,0,0,0,0,0,0,0,0,0,0,0,0,0,0,0,0,0,0,0,0,0,0,0,0,0,0,0,0,0,0,0,0,0,0,0,0,0,0,0,0,0,0,0,0,0,0,0,0,0,0,0,0,0,0,0,0,0,0,0,0,0,0,0,0,0,0,0,0,0,0,0,0,0,0,0,0,0,0,0},
{0,0,0,0,0,0,0,0,0,0,0,0,0,0,0,0,0,0,0,0,0,0,0,0,0,0,0,0,0,0,0,0,0,0,0,0,0,0,0,0,0,0,0,0,0,0,0,0,0,0,0,0,0,0,0,0,0,0,0,0,0,0,0,0,0,0,0,0,0,0,0,0,0,0,0,0,0,0,0,0,0,0,0,0,0,0,0,0,0,0,0,0,0,0,0,0},
{0,0,0,0,0,0,0,0,0,0,0,0,0,0,0,0,0,0,0,0,0,0,0,0,0,0,0,0,0,0,0,0,0,0,0,0,0,0,0,0,0,0,0,0,0,0,0,0,0,0,0,0,0,0,0,0,0,0,0,0,0,0,0,0,0,0,0,0,0,0,0,0,0,0,0,0,0,0,0,0,0,0,0,0,0,0,0,0,0,0,0,0,0,0,0,0},
{0,0,0,0,0,0,0,0,0,0,0,0,0,0,0,0,0,0,0,0,0,0,0,0,0,0,0,0,0,0,0,0,0,0,0,0,0,0,0,0,0,0,0,0,0,0,0,0,0,0,0,0,0,0,0,0,0,0,0,0,0,0,0,0,0,0,0,0,0,0,0,0,0,0,0,0,0,0,0,0,0,0,0,0,0,0,0,0,0,0,0,0,0,0,0,0},
{0,0,0,0,0,0,0,0,0,0,0,0,0,0,0,0,0,0,0,0,0,0,0,0,0,0,0,0,0,0,0,0,0,0,0,0,0,0,0,0,0,0,0,0,0,0,0,0,0,0,0,0,0,0,0,0,0,0,0,0,0,0,0,0,0,0,0,0,0,0,0,0,0,0,0,0,0,0,0,0,0,0,0,0,0,0,0,0,0,0,0,0,0,0,0,0},
{0,0,0,0,0,0,0,0,0,0,0,0,0,0,0,0,0,0,0,0,0,0,0,0,0,0,0,0,0,0,0,0,0,0,0,0,0,0,0,0,0,0,0,0,0,0,0,0,0,0,0,0,0,0,0,0,0,0,0,0,0,0,0,0,0,0,0,0,0,0,0,0,0,0,0,0,0,0,0,0,0,0,0,0,0,0,0,0,0,0,0,0,0,0,0,0},
{0,0,0,0,0,0,0,0,0,0,0,0,0,0,0,0,0,0,0,0,0,0,0,0,0,0,0,0,0,0,0,0,0,0,0,0,0,0,0,0,0,0,0,0,0,0,0,0,0,0,0,0,0,0,0,0,0,0,0,0,0,0,0,0,0,0,0,0,0,0,0,0,0,0,0,0,0,0,0,0,0,0,0,0,0,0,0,0,0,0,0,0,0,0,0,0},
{0,0,0,0,0,0,0,0,0,0,0,0,0,0,0,0,0,0,0,0,0,0,0,0,0,0,0,0,0,0,0,0,0,0,0,0,0,0,0,0,0,0,0,0,0,0,0,0,0,0,0,0,0,0,0,0,0,0,0,0,0,0,0,0,0,0,0,0,0,0,0,0,0,0,0,0,0,0,0,0,0,0,0,0,0,0,0,0,0,0,0,0,0,0,0,0},
{0,0,0,0,0,0,0,0,0,0,0,0,0,0,0,0,0,0,0,0,0,0,0,0,0,0,0,0,0,0,0,0,0,0,0,0,0,0,0,0,0,0,0,0,0,0,0,0,0,0,0,0,0,0,0,0,0,0,0,0,0,0,0,0,0,0,0,0,0,0,0,0,0,0,0,0,0,0,0,0,0,0,0,0,0,0,0,0,0,0,0,0,0,0,0,0},
{0,0,0,0,0,0,0,0,0,0,0,0,0,0,0,0,0,0,0,0,0,0,0,0,0,0,0,0,0,0,0,0,0,0,0,0,0,0,0,0,0,0,0,0,0,0,0,0,0,0,0,0,0,0,0,0,0,0,0,0,0,0,0,0,0,0,0,0,0,0,0,0,0,0,0,0,0,0,0,0,0,0,0,0,0,0,0,0,0,0,0,0,0,0,0,0},
{0,0,0,0,0,0,0,0,0,0,0,0,0,0,0,0,0,0,0,0,0,0,0,0,0,0,0,0,0,0,0,0,0,0,0,0,0,0,0,0,0,0,0,0,0,0,0,0,0,0,0,0,0,0,0,0,0,0,0,0,0,0,0,0,0,0,0,0,0,0,0,0,0,0,0,0,0,0,0,0,0,0,0,0,0,0,0,0,0,0,0,0,0,0,0,0},
{0,0,0,0,0,0,0,0,0,0,0,0,0,0,0,0,0,0,0,0,0,0,0,0,0,0,0,0,0,0,0,0,0,0,0,0,0,0,0,0,0,0,0,0,0,0,0,0,0,0,0,0,0,0,0,0,0,0,0,0,0,0,0,0,0,0,0,0,0,0,0,0,0,0,0,0,0,0,0,0,0,0,0,0,0,0,0,0,0,0,0,0,0,0,0,0},
{0,0,0,0,0,0,0,0,0,0,0,0,0,0,0,0,0,0,0,0,0,0,0,0,0,0,0,0,0,0,0,0,0,0,0,0,0,0,0,0,0,0,0,0,0,0,0,0,0,0,0,0,0,0,0,0,0,0,0,0,0,0,0,0,0,0,0,0,0,0,0,0,0,0,0,0,0,0,0,0,0,0,0,0,0,0,0,0,0,0,0,0,0,0,0,0},
{0,0,0,0,0,0,0,0,0,0,0,0,0,0,0,0,0,0,0,0,0,0,0,0,0,0,0,0,0,0,0,0,0,0,0,0,0,0,0,0,0,0,0,0,0,0,0,0,0,0,0,0,0,0,0,0,0,0,0,0,0,0,0,0,0,0,0,0,0,0,0,0,0,0,0,0,0,0,0,0,0,0,0,0,0,0,0,0,0,0,0,0,0,0,0,0},
{0,0,0,0,0,0,0,0,0,0,0,0,0,0,0,0,0,0,0,0,0,0,0,0,0,0,0,0,0,0,0,0,0,0,0,0,0,0,0,0,0,0,0,0,0,0,0,0,0,0,0,0,0,0,0,0,0,0,0,0,0,0,0,0,0,0,0,0,0,0,0,0,0,0,0,0,0,0,0,0,0,0,0,0,0,0,0,0,0,0,0,0,0,0,0,0},
{0,0,0,0,0,0,0,0,0,0,0,0,0,0,0,0,0,0,0,0,0,0,0,0,0,0,0,0,0,0,0,0,0,0,0,0,0,0,0,0,0,0,0,0,0,0,0,0,0,0,0,0,0,0,0,0,0,0,0,0,0,0,0,0,0,0,0,0,0,0,0,0,0,0,0,0,0,0,0,0,0,0,0,0,0,0,0,0,0,0,0,0,0,0,0,0}
}