96
{{0,0,0,0,0,0,0,0,0,0,0,0,0,0,0,0,0,0,0,0,0,0,0,0,0,0,0,0,0,0,0,0,0,0,0,0,0,0,0,0,0,0,0,0,0,0,0,0,0,0,0,0,0,0,0,0,0,0,0,0,0,0,0,0,0,0,0,0,0,0,0,0,0.0014166184*J1^2*J2^2+-0.0014166184*J2^4+0,0.0011554801*J1^2*J2^2+-0.0011554801*J2^4+0,0,0.0024414063*J1^2*J2^2+-0.0024414063*J2^4+0,0,0,0,0,0,-0.0042286397*J1^2*J2^2+0.0042286397*J2^4+0,-0.0008178850*J1^2*J2^2+0.0008178850*J2^4+0,-0.0006671168*J1^2*J2^2+0.0006671168*J2^4+0,0,0,0,0,0,0,0,0,0,0,0,0},
{0,0,0,0,0,0,0,0,0,0,0,0,0,0,0,0,0,0,0,0,0,0,0,0,0,0,0,0,0,0,0,0,0,0,0,0,0,0,0,0,0,0,0,0,0,0,0,0,0,0,0,0,0,0,0,0,0,0,0,0,0,0,0,0,0,0,0,0,0,0,0,0,0,0.0024414062*J1^2*J2^2+-0.0024414062*J2^4+0,0.0014166184*J1^2*J2^2+-0.0018888246*J1^1*J2^3+0.0004722061*J2^4+0,0.0039745733*J1^2*J2^2+-0.0071788264*J1^1*J2^3+0.0032042532*J2^4+0,0,0,0,0,-0.0008178850*J1^2*J2^2+0.0008178850*J2^4+0,-0.0006671168*J1^2*J2^2+0.0006671168*J2^4+0,0.0009444123*J1^2*J2^2+-0.0018888246*J1^1*J2^3+0.0009444123*J2^4+0,0.0021798666*J1^2*J2^2+-0.0071788264*J1^1*J2^3+0.0049989598*J2^4+0,0,0,0,0,0,0,0,0,0,0,0,0},
{0,0,0,0,0,0,0,0,0,0,0,0,0,0,0,0,0,0,0,0,0,0,0,0,0,0,0,0,0,0,0,0,0,0,0,0,0,0,0,0,0,0,0,0,0,0,0,0,0,0,0,0,0,0,0,0,0,0,0,0,0,0,0,0,0,0,0,0,0,0,0,0,0,0,0,0,0.0014166184*J1^2*J2^2+-0.0014166184*J2^4+0,0.0011554801*J1^2*J2^2+-0.0011554801*J2^4+0,0,0.0024414063*J1^2*J2^2+-0.0024414063*J2^4+0,0,0,0,0,0,-0.0042286397*J1^2*J2^2+0.0042286397*J2^4+0,-0.0008178850*J1^2*J2^2+0.0008178850*J2^4+0,-0.0006671168*J1^2*J2^2+0.0006671168*J2^4+0,0,0,0,0,0,0,0,0},
{0,0,0,0,0,0,0,0,0,0,0,0,0,0,0,0,0,0,0,0,0,0,0,0,0,0,0,0,0,0,0,0,0,0,0,0,0,0,0,0,0,0,0,0,0,0,0,0,0,0,0,0,0,0,0,0,0,0,0,0,0,0,0,0,0,0,0,0,0,0,0,0,0,0,0,0,0,0.0024414062*J1^2*J2^2+-0.0024414062*J2^4+0,0.0014166184*J1^2*J2^2+-0.0018888246*J1^1*J2^3+0.0004722061*J2^4+0,0.0039745733*J1^2*J2^2+-0.0071788264*J1^1*J2^3+0.0032042532*J2^4+0,0,0,0,0,-0.0008178850*J1^2*J2^2+0.0008178850*J2^4+0,-0.0006671168*J1^2*J2^2+0.0006671168*J2^4+0,0.0009444123*J1^2*J2^2+-0.0018888246*J1^1*J2^3+0.0009444123*J2^4+0,0.0021798666*J1^2*J2^2+-0.0071788264*J1^1*J2^3+0.0049989598*J2^4+0,0,0,0,0,0,0,0,0},
{0,0,0,0,0,0,0,0,0,0,0,0,0,0,0,0,0,0,0,0,0,0,0,0,0,0,0,0,0,0,0,0,0,0,0,0,0,0,0,0,0,0,0,0,0,0,0,0,0,0,0,0,0,0,0,0,0,0,0,0,0,0,0,0,0,0,0,0,0,0,0,0,0,0.0024414063*J1^2*J2^2+-0.0024414063*J2^4+0,0.0004722061*J1^2*J2^2+-0.0004722061*J2^4+0,0.0003851600*J1^2*J2^2+-0.0003851600*J2^4+0,0,0,0,0,-0.0008178850*J1^2*J2^2+0.0008178850*J2^4+0,-0.0006671168*J1^2*J2^2+0.0006671168*J2^4+0,0,-0.0014095466*J1^2*J2^2+0.0014095466*J2^4+0,0,0,0,0,-0.0011566641*J1^2*J2^2+0.0011566641*J2^4+0,0.0025092242*J1^2*J2^2+-0.0025092242*J2^4+0,0.0006678003*J1^2*J2^2+-0.0006678003*J2^4+0,-0.0014487013*J1^2*J2^2+0.0014487013*J2^4+0,0,0,0,0},
{0,0,0,0,0,0,0,0,0,0,0,0,0,0,0,0,0,0,0,0,0,0,0,0,0,0,0,0,0,0,0,0,0,0,0,0,0,0,0,0,0,0,0,0,0,0,0,0,0,0,0,0,0,0,0,0,0,0,0,0,0,0,0,0,0,0,0,0,0,0,0,0,0.0004722061*J1^2*J2^2+-0.0004722061*J2^4+0,0.0003851600*J1^2*J2^2+-0.0003851600*J2^4+0,-0.0005452567*J1^2*J2^2+0.0010905134*J1^1*J2^3+-0.0005452567*J2^4+0,-0.0012585466*J1^2*J2^2+0.0041446974*J1^1*J2^3+-0.0028861508*J2^4+0,0,0,0,0,0,-0.0014095466*J1^2*J2^2+0.0014095466*J2^4+0,-0.0008178850*J1^2*J2^2+0.0010905134*J1^1*J2^3+-0.0002726283*J2^4+0,-0.0022947209*J1^2*J2^2+0.0041446974*J1^1*J2^3+-0.0018499764*J2^4+0,0,0,0,0,0.0006678003*J1^2*J2^2+-0.0006678003*J2^4+0,-0.0014487013*J1^2*J2^2+0.0014487013*J2^4+0,-0.0019277735*J1^2*J2^2+0.0030844376*J1^1*J2^3+-0.0011566641*J2^4+0,-0.0050250791*J1^2*J2^2+0.0117229744*J1^1*J2^3+-0.0066978953*J2^4+0,0,0,0,0},
{0,0,0,0,0,0,0,0,0,0,0,0,0,0,0,0,0,0,0,0,0,0,0,0,0,0,0,0,0,0,0,0,0,0,0,0,0,0,0,0,0,0,0,0,0,0,0,0,0,0,0,0,0,0,0,0,0,0,0,0,0,0,0,0,0,0,0,0,0,0,0,0,0,0,0,0,0,0.0024414063*J1^2*J2^2+-0.0024414063*J2^4+0,0.0004722061*J1^2*J2^2+-0.0004722061*J2^4+0,0.0003851600*J1^2*J2^2+-0.0003851600*J2^4+0,0,0,0,0,-0.0008178850*J1^2*J2^2+0.0008178850*J2^4+0,-0.0006671168*J1^2*J2^2+0.0006671168*J2^4+0,0,-0.0014095466*J1^2*J2^2+0.0014095466*J2^4+0,0,0,0,0,-0.0011566641*J1^2*J2^2+0.0011566641*J2^4+0,0.0025092242*J1^2*J2^2+-0.0025092242*J2^4+0,0.0006678003*J1^2*J2^2+-0.0006678003*J2^4+0,-0.0014487013*J1^2*J2^2+0.0014487013*J2^4+0},
{0,0,0,0,0,0,0,0,0,0,0,0,0,0,0,0,0,0,0,0,0,0,0,0,0,0,0,0,0,0,0,0,0,0,0,0,0,0,0,0,0,0,0,0,0,0,0,0,0,0,0,0,0,0,0,0,0,0,0,0,0,0,0,0,0,0,0,0,0,0,0,0,0,0,0,0,0.0004722061*J1^2*J2^2+-0.0004722061*J2^4+0,0.0003851600*J1^2*J2^2+-0.0003851600*J2^4+0,-0.0005452567*J1^2*J2^2+0.0010905134*J1^1*J2^3+-0.0005452567*J2^4+0,-0.0012585466*J1^2*J2^2+0.0041446974*J1^1*J2^3+-0.0028861508*J2^4+0,0,0,0,0,0,-0.0014095466*J1^2*J2^2+0.0014095466*J2^4+0,-0.0008178850*J1^2*J2^2+0.0010905134*J1^1*J2^3+-0.0002726283*J2^4+0,-0.0022947209*J1^2*J2^2+0.0041446974*J1^1*J2^3+-0.0018499764*J2^4+0,0,0,0,0,0.0006678003*J1^2*J2^2+-0.0006678003*J2^4+0,-0.0014487013*J1^2*J2^2+0.0014487013*J2^4+0,-0.0019277735*J1^2*J2^2+0.0030844376*J1^1*J2^3+-0.0011566641*J2^4+0,-0.0050250791*J1^2*J2^2+0.0117229744*J1^1*J2^3+-0.0066978953*J2^4+0},
{0,0,0,0,0,0,0,0,0,0,0,0,0,0,0,0,0,0,0,0,0,0,0,0,0,0,0,0,0,0,0,0,0,0,0,0,0,0,0,0,0,0,0,0,0,0,0,0,0,0,0,0,0,0,0,0,0,0,0,0,0,0,0,0,0,0,0,0,0,0,0,0,0,-0.0019733652*J1^2*J2^2+0.0019733652*J2^4+0,-0.0042286397*J1^2*J2^2+0.0042286397*J2^4+0,0,0,0,0,0,0.0073242187*J1^2*J2^2+-0.0073242187*J2^4+0,0,0,0.0011393229*J1^2*J2^2+-0.0011393229*J2^4+0,0,0,0,0,0,0,0,0,0,0,0,0},
{0,0,0,0,0,0,0,0,0,0,0,0,0,0,0,0,0,0,0,0,0,0,0,0,0,0,0,0,0,0,0,0,0,0,0,0,0,0,0,0,0,0,0,0,0,0,0,0,0,0,0,0,0,0,0,0,0,0,0,0,0,0,0,0,0,0,0,0,0,0,0,0,-0.0042286397*J1^2*J2^2+0.0042286397*J2^4+0,0,-0.0048828125*J1^2*J2^2+0.0097656250*J1^1*J2^3+-0.0048828125*J2^4+0,-0.0019733652*J1^2*J2^2+0.0026311536*J1^1*J2^3+-0.0006577884*J2^4+0,0,0,0,0,0,0.0011393229*J1^2*J2^2+-0.0011393229*J2^4+0,-0.0024414062*J1^2*J2^2+0.0097656250*J1^1*J2^3+-0.0073242188*J2^4+0,-0.0013155768*J1^2*J2^2+0.0026311536*J1^1*J2^3+-0.0013155768*J2^4+0,0,0,0,0,0,0,0,0,0,0,0,0},
{0,0,0,0,0,0,0,0,0,0,0,0,0,0,0,0,0,0,0,0,0,0,0,0,0,0,0,0,0,0,0,0,0,0,0,0,0,0,0,0,0,0,0,0,0,0,0,0,0,0,0,0,0,0,0,0,0,0,0,0,0,0,0,0,0,0,0,0,0,0,0,0,0,0,0,0,0,-0.0019733652*J1^2*J2^2+0.0019733652*J2^4+0,-0.0042286397*J1^2*J2^2+0.0042286397*J2^4+0,0,0,0,0,0,0.0073242187*J1^2*J2^2+-0.0073242187*J2^4+0,0,0,0.0011393229*J1^2*J2^2+-0.0011393229*J2^4+0,0,0,0,0,0,0,0,0},
{0,0,0,0,0,0,0,0,0,0,0,0,0,0,0,0,0,0,0,0,0,0,0,0,0,0,0,0,0,0,0,0,0,0,0,0,0,0,0,0,0,0,0,0,0,0,0,0,0,0,0,0,0,0,0,0,0,0,0,0,0,0,0,0,0,0,0,0,0,0,0,0,0,0,0,0,-0.0042286397*J1^2*J2^2+0.0042286397*J2^4+0,0,-0.0048828125*J1^2*J2^2+0.0097656250*J1^1*J2^3+-0.0048828125*J2^4+0,-0.0019733652*J1^2*J2^2+0.0026311536*J1^1*J2^3+-0.0006577884*J2^4+0,0,0,0,0,0,0.0011393229*J1^2*J2^2+-0.0011393229*J2^4+0,-0.0024414063*J1^2*J2^2+0.0097656250*J1^1*J2^3+-0.0073242188*J2^4+0,-0.0013155768*J1^2*J2^2+0.0026311536*J1^1*J2^3+-0.0013155768*J2^4+0,0,0,0,0,0,0,0,0},
{0,0,0,0,0,0,0,0,0,0,0,0,0,0,0,0,0,0,0,0,0,0,0,0,0,0,0,0,0,0,0,0,0,0,0,0,0,0,0,0,0,0,0,0,0,0,0,0,0,0,0,0,0,0,0,0,0,0,0,0,0,0,0,0,0,0,0,0,0,0,0,0,-0.0042286397*J1^2*J2^2+0.0042286397*J2^4+0,0,0,-0.0006577884*J1^2*J2^2+0.0006577884*J2^4+0,0,0,0,0,0,0.0011393229*J1^2*J2^2+-0.0011393229*J2^4+0,0.0024414063*J1^2*J2^2+-0.0024414063*J2^4+0,0,0,0,0,0,-0.0059801996*J1^2*J2^2+0.0059801996*J2^4+0,0.0016112459*J1^2*J2^2+-0.0016112459*J2^4+0,0.0034526698*J1^2*J2^2+-0.0034526698*J2^4+0,-0.0009302533*J1^2*J2^2+0.0009302533*J2^4+0,0,0,0,0},
{0,0,0,0,0,0,0,0,0,0,0,0,0,0,0,0,0,0,0,0,0,0,0,0,0,0,0,0,0,0,0,0,0,0,0,0,0,0,0,0,0,0,0,0,0,0,0,0,0,0,0,0,0,0,0,0,0,0,0,0,0,0,0,0,0,0,0,0,0,0,0,0,0,-0.0006577884*J1^2*J2^2+0.0006577884*J2^4+0,0.0014095466*J1^2*J2^2+-0.0056381862*J1^1*J2^3+0.0042286397*J2^4+0,0.0007595486*J1^2*J2^2+-0.0015190972*J1^1*J2^3+0.0007595486*J2^4+0,0,0,0,0,0.0024414063*J1^2*J2^2+-0.0024414063*J2^4+0,0,0.0028190931*J1^2*J2^2+-0.0056381862*J1^1*J2^3+0.0028190931*J2^4+0,0.0011393229*J1^2*J2^2+-0.0015190972*J1^1*J2^3+0.0003797743*J2^4+0,0,0,0,0,0.0034526698*J1^2*J2^2+-0.0034526698*J2^4+0,-0.0009302533*J1^2*J2^2+0.0009302533*J2^4+0,0.0059801996*J1^2*J2^2+-0.0159471988*J1^1*J2^3+0.0099669993*J2^4+0,0.0026854099*J1^2*J2^2+-0.0042966558*J1^1*J2^3+0.0016112459*J2^4+0,0,0,0,0},
{0,0,0,0,0,0,0,0,0,0,0,0,0,0,0,0,0,0,0,0,0,0,0,0,0,0,0,0,0,0,0,0,0,0,0,0,0,0,0,0,0,0,0,0,0,0,0,0,0,0,0,0,0,0,0,0,0,0,0,0,0,0,0,0,0,0,0,0,0,0,0,0,0,0,0,0,-0.0042286397*J1^2*J2^2+0.0042286397*J2^4+0,0,0,-0.0006577884*J1^2*J2^2+0.0006577884*J2^4+0,0,0,0,0,0,0.0011393229*J1^2*J2^2+-0.0011393229*J2^4+0,0.0024414063*J1^2*J2^2+-0.0024414063*J2^4+0,0,0,0,0,0,-0.0059801996*J1^2*J2^2+0.0059801996*J2^4+0,0.0016112459*J1^2*J2^2+-0.0016112459*J2^4+0,0.0034526698*J1^2*J2^2+-0.0034526698*J2^4+0,-0.0009302533*J1^2*J2^2+0.0009302533*J2^4+0},
{0,0,0,0,0,0,0,0,0,0,0,0,0,0,0,0,0,0,0,0,0,0,0,0,0,0,0,0,0,0,0,0,0,0,0,0,0,0,0,0,0,0,0,0,0,0,0,0,0,0,0,0,0,0,0,0,0,0,0,0,0,0,0,0,0,0,0,0,0,0,0,0,0,0,0,0,0,-0.0006577884*J1^2*J2^2+0.0006577884*J2^4+0,0.0014095466*J1^2*J2^2+-0.0056381862*J1^1*J2^3+0.0042286397*J2^4+0,0.0007595486*J1^2*J2^2+-0.0015190972*J1^1*J2^3+0.0007595486*J2^4+0,0,0,0,0,0.0024414063*J1^2*J2^2+-0.0024414063*J2^4+0,0,0.0028190931*J1^2*J2^2+-0.0056381862*J1^1*J2^3+0.0028190931*J2^4+0,0.0011393229*J1^2*J2^2+-0.0015190972*J1^1*J2^3+0.0003797743*J2^4+0,0,0,0,0,0.0034526698*J1^2*J2^2+-0.0034526698*J2^4+0,-0.0009302533*J1^2*J2^2+0.0009302533*J2^4+0,0.0059801996*J1^2*J2^2+-0.0159471988*J1^1*J2^3+0.0099669993*J2^4+0,0.0026854099*J1^2*J2^2+-0.0042966558*J1^1*J2^3+0.0016112459*J2^4+0},
{0,0,0,0,0,0,0,0,0,0,0,0,0,0,0,0,0,0,0,0,0,0,0,0,0,0,0,0,0,0,0,0,0,0,0,0,0,0,0,0,0,0,0,0,0,0,0,0,0,0,0,0,0,0,0,0,0,0,0,0,0,0,0,0,0,0,0,0,0,0,0,0,0.0014151684*J1^2*J2^2+-0.0014151684*J2^4+0,0.0019737120*J1^2*J2^2+-0.0019737120*J2^4+0,0,0.0034526698*J1^2*J2^2+-0.0034526698*J2^4+0,0,0,0,0,0,-0.0059801996*J1^2*J2^2+0.0059801996*J2^4+0,-0.0008170478*J1^2*J2^2+0.0008170478*J2^4+0,-0.0011395231*J1^2*J2^2+0.0011395231*J2^4+0,0,0,0,0,0,0,0,0,0,0,0,0},
{0,0,0,0,0,0,0,0,0,0,0,0,0,0,0,0,0,0,0,0,0,0,0,0,0,0,0,0,0,0,0,0,0,0,0,0,0,0,0,0,0,0,0,0,0,0,0,0,0,0,0,0,0,0,0,0,0,0,0,0,0,0,0,0,0,0,0,0,0,0,0,0,0,0.0034526698*J1^2*J2^2+-0.0034526698*J2^4+0,0.0014151684*J1^2*J2^2+-0.0018868912*J1^1*J2^3+0.0004717228*J2^4+0,0.0059605117*J1^2*J2^2+-0.0106052154*J1^1*J2^3+0.0046447037*J2^4+0,0,0,0,0,-0.0008170478*J1^2*J2^2+0.0008170478*J2^4+0,-0.0011395231*J1^2*J2^2+0.0011395231*J2^4+0,0.0009434456*J1^2*J2^2+-0.0018868912*J1^1*J2^3+0.0009434456*J2^4+0,0.0033092078*J1^2*J2^2+-0.0106052154*J1^1*J2^3+0.0072960075*J2^4+0,0,0,0,0,0,0,0,0,0,0,0,0},
{0,0,0,0,0,0,0,0,0,0,0,0,0,0,0,0,0,0,0,0,0,0,0,0,0,0,0,0,0,0,0,0,0,0,0,0,0,0,0,0,0,0,0,0,0,0,0,0,0,0,0,0,0,0,0,0,0,0,0,0,0,0,0,0,0,0,0,0,0,0,0,0,0,0,0,0,0.0014151684*J1^2*J2^2+-0.0014151684*J2^4+0,0.0019737120*J1^2*J2^2+-0.0019737120*J2^4+0,0,0.0034526698*J1^2*J2^2+-0.0034526698*J2^4+0,0,0,0,0,0,-0.0059801996*J1^2*J2^2+0.0059801996*J2^4+0,-0.0008170478*J1^2*J2^2+0.0008170478*J2^4+0,-0.0011395231*J1^2*J2^2+0.0011395231*J2^4+0,0,0,0,0,0,0,0,0},
{0,0,0,0,0,0,0,0,0,0,0,0,0,0,0,0,0,0,0,0,0,0,0,0,0,0,0,0,0,0,0,0,0,0,0,0,0,0,0,0,0,0,0,0,0,0,0,0,0,0,0,0,0,0,0,0,0,0,0,0,0,0,0,0,0,0,0,0,0,0,0,0,0,0,0,0,0,0.0034526698*J1^2*J2^2+-0.0034526698*J2^4+0,0.0014151684*J1^2*J2^2+-0.0018868912*J1^1*J2^3+0.0004717228*J2^4+0,0.0059605117*J1^2*J2^2+-0.0106052154*J1^1*J2^3+0.0046447037*J2^4+0,0,0,0,0,-0.0008170478*J1^2*J2^2+0.0008170478*J2^4+0,-0.0011395231*J1^2*J2^2+0.0011395231*J2^4+0,0.0009434456*J1^2*J2^2+-0.0018868912*J1^1*J2^3+0.0009434456*J2^4+0,0.0033092078*J1^2*J2^2+-0.0106052154*J1^1*J2^3+0.0072960075*J2^4+0,0,0,0,0,0,0,0,0},
{0,0,0,0,0,0,0,0,0,0,0,0,0,0,0,0,0,0,0,0,0,0,0,0,0,0,0,0,0,0,0,0,0,0,0,0,0,0,0,0,0,0,0,0,0,0,0,0,0,0,0,0,0,0,0,0,0,0,0,0,0,0,0,0,0,0,0,0,0,0,0,0,0,0.0034526698*J1^2*J2^2+-0.0034526698*J2^4+0,0.0004717228*J1^2*J2^2+-0.0004717228*J2^4+0,0.0006579040*J1^2*J2^2+-0.0006579040*J2^4+0,0,0,0,0,-0.0008170478*J1^2*J2^2+0.0008170478*J2^4+0,-0.0011395231*J1^2*J2^2+0.0011395231*J2^4+0,0,-0.0019933999*J1^2*J2^2+0.0019933999*J2^4+0,0,0,0,0,-0.0011554801*J1^2*J2^2+0.0011554801*J2^4+0,0.0032712834*J1^2*J2^2+-0.0032712834*J2^4+0,0.0006671168*J1^2*J2^2+-0.0006671168*J2^4+0,-0.0018886764*J1^2*J2^2+0.0018886764*J2^4+0,0,0,0,0},
{0,0,0,0,0,0,0,0,0,0,0,0,0,0,0,0,0,0,0,0,0,0,0,0,0,0,0,0,0,0,0,0,0,0,0,0,0,0,0,0,0,0,0,0,0,0,0,0,0,0,0,0,0,0,0,0,0,0,0,0,0,0,0,0,0,0,0,0,0,0,0,0,0.0004717228*J1^2*J2^2+-0.0004717228*J2^4+0,0.0006579040*J1^2*J2^2+-0.0006579040*J2^4+0,-0.0005446986*J1^2*J2^2+0.0010893971*J1^1*J2^3+-0.0005446986*J2^4+0,-0.0019105720*J1^2*J2^2+0.0061229239*J1^1*J2^3+-0.0042123519*J2^4+0,0,0,0,0,0,-0.0019933999*J1^2*J2^2+0.0019933999*J2^4+0,-0.0008170478*J1^2*J2^2+0.0010893971*J1^1*J2^3+-0.0002723493*J2^4+0,-0.0034413030*J1^2*J2^2+0.0061229239*J1^1*J2^3+-0.0026816209*J2^4+0,0,0,0,0,0.0006671168*J1^2*J2^2+-0.0006671168*J2^4+0,-0.0018886764*J1^2*J2^2+0.0018886764*J2^4+0,-0.0019258002*J1^2*J2^2+0.0030812804*J1^1*J2^3+-0.0011554801*J2^4+0,-0.0075686943*J1^2*J2^2+0.0173182442*J1^1*J2^3+-0.0097495499*J2^4+0,0,0,0,0},
{0,0,0,0,0,0,0,0,0,0,0,0,0,0,0,0,0,0,0,0,0,0,0,0,0,0,0,0,0,0,0,0,0,0,0,0,0,0,0,0,0,0,0,0,0,0,0,0,0,0,0,0,0,0,0,0,0,0,0,0,0,0,0,0,0,0,0,0,0,0,0,0,0,0,0,0,0,0.0034526698*J1^2*J2^2+-0.0034526698*J2^4+0,0.0004717228*J1^2*J2^2+-0.0004717228*J2^4+0,0.0006579040*J1^2*J2^2+-0.0006579040*J2^4+0,0,0,0,0,-0.0008170478*J1^2*J2^2+0.0008170478*J2^4+0,-0.0011395231*J1^2*J2^2+0.0011395231*J2^4+0,0,-0.0019933999*J1^2*J2^2+0.0019933999*J2^4+0,0,0,0,0,-0.0011554801*J1^2*J2^2+0.0011554801*J2^4+0,0.0032712834*J1^2*J2^2+-0.0032712834*J2^4+0,0.0006671168*J1^2*J2^2+-0.0006671168*J2^4+0,-0.0018886764*J1^2*J2^2+0.0018886764*J2^4+0},
{0,0,0,0,0,0,0,0,0,0,0,0,0,0,0,0,0,0,0,0,0,0,0,0,0,0,0,0,0,0,0,0,0,0,0,0,0,0,0,0,0,0,0,0,0,0,0,0,0,0,0,0,0,0,0,0,0,0,0,0,0,0,0,0,0,0,0,0,0,0,0,0,0,0,0,0,0.0004717228*J1^2*J2^2+-0.0004717228*J2^4+0,0.0006579040*J1^2*J2^2+-0.0006579040*J2^4+0,-0.0005446986*J1^2*J2^2+0.0010893971*J1^1*J2^3+-0.0005446986*J2^4+0,-0.0019105720*J1^2*J2^2+0.0061229239*J1^1*J2^3+-0.0042123519*J2^4+0,0,0,0,0,0,-0.0019933999*J1^2*J2^2+0.0019933999*J2^4+0,-0.0008170478*J1^2*J2^2+0.0010893971*J1^1*J2^3+-0.0002723493*J2^4+0,-0.0034413030*J1^2*J2^2+0.0061229239*J1^1*J2^3+-0.0026816209*J2^4+0,0,0,0,0,0.0006671168*J1^2*J2^2+-0.0006671168*J2^4+0,-0.0018886764*J1^2*J2^2+0.0018886764*J2^4+0,-0.0019258002*J1^2*J2^2+0.0030812804*J1^1*J2^3+-0.0011554801*J2^4+0,-0.0075686943*J1^2*J2^2+0.0173182442*J1^1*J2^3+-0.0097495499*J2^4+0},
{0,0,0,0,0,0,0,0,0,0,0,0,0,0,0,0,0,0,0,0,0,0,0,0,0,0,0,0,0,0,0,0,0,0,0,0,0,0,0,0,0,0,0,0,0,0,0,0,0,0,0,0,0,0,0,0,0,0,0,0,0,0,0,0,0,0,0,0,0,0,0,0,0,0,0,0,0,0,0,0,0,0,0,0,0,0,0,0,0,0,0,0,0,0,0,0},
{0,0,0,0,0,0,0,0,0,0,0,0,0,0,0,0,0,0,0,0,0,0,0,0,0,0,0,0,0,0,0,0,0,0,0,0,0,0,0,0,0,0,0,0,0,0,0,0,0,0,0,0,0,0,0,0,0,0,0,0,0,0,0,0,0,0,0,0,0,0,0,0,0,0,0,0,0,0,0,0,0,0,0,0,0,0,0,0,0,0,0,0,0,0,0,0},
{0,0,0,0,0,0,0,0,0,0,0,0,0,0,0,0,0,0,0,0,0,0,0,0,0,0,0,0,0,0,0,0,0,0,0,0,0,0,0,0,0,0,0,0,0,0,0,0,0,0,0,0,0,0,0,0,0,0,0,0,0,0,0,0,0,0,0,0,0,0,0,0,0,0,0,0,0,0,0,0,0,0,0,0,0,0,0,0,0,0,0,0,0,0,0,0},
{0,0,0,0,0,0,0,0,0,0,0,0,0,0,0,0,0,0,0,0,0,0,0,0,0,0,0,0,0,0,0,0,0,0,0,0,0,0,0,0,0,0,0,0,0,0,0,0,0,0,0,0,0,0,0,0,0,0,0,0,0,0,0,0,0,0,0,0,0,0,0,0,0,0,0,0,0,0,0,0,0,0,0,0,0,0,0,0,0,0,0,0,0,0,0,0},
{0,0,0,0,0,0,0,0,0,0,0,0,0,0,0,0,0,0,0,0,0,0,0,0,0,0,0,0,0,0,0,0,0,0,0,0,0,0,0,0,0,0,0,0,0,0,0,0,0,0,0,0,0,0,0,0,0,0,0,0,0,0,0,0,0,0,0,0,0,0,0,0,0,0,0,0,0,0,0,0,0,0,0,0,0,0,0,0,0,0,0,0,0,0,0,0},
{0,0,0,0,0,0,0,0,0,0,0,0,0,0,0,0,0,0,0,0,0,0,0,0,0,0,0,0,0,0,0,0,0,0,0,0,0,0,0,0,0,0,0,0,0,0,0,0,0,0,0,0,0,0,0,0,0,0,0,0,0,0,0,0,0,0,0,0,0,0,0,0,0,0,0,0,0,0,0,0,0,0,0,0,0,0,0,0,0,0,0,0,0,0,0,0},
{0,0,0,0,0,0,0,0,0,0,0,0,0,0,0,0,0,0,0,0,0,0,0,0,0,0,0,0,0,0,0,0,0,0,0,0,0,0,0,0,0,0,0,0,0,0,0,0,0,0,0,0,0,0,0,0,0,0,0,0,0,0,0,0,0,0,0,0,0,0,0,0,0,0,0,0,0,0,0,0,0,0,0,0,0,0,0,0,0,0,0,0,0,0,0,0},
{0,0,0,0,0,0,0,0,0,0,0,0,0,0,0,0,0,0,0,0,0,0,0,0,0,0,0,0,0,0,0,0,0,0,0,0,0,0,0,0,0,0,0,0,0,0,0,0,0,0,0,0,0,0,0,0,0,0,0,0,0,0,0,0,0,0,0,0,0,0,0,0,0,0,0,0,0,0,0,0,0,0,0,0,0,0,0,0,0,0,0,0,0,0,0,0},
{0,0,0,0,0,0,0,0,0,0,0,0,0,0,0,0,0,0,0,0,0,0,0,0,0,0,0,0,0,0,0,0,0,0,0,0,0,0,0,0,0,0,0,0,0,0,0,0,0,0,0,0,0,0,0,0,0,0,0,0,0,0,0,0,0,0,0,0,0,0,0,0,0,0,0,0,0,0,0,0,0,0,0,0,0,0,0,0,0,0,0,0,0,0,0,0},
{0,0,0,0,0,0,0,0,0,0,0,0,0,0,0,0,0,0,0,0,0,0,0,0,0,0,0,0,0,0,0,0,0,0,0,0,0,0,0,0,0,0,0,0,0,0,0,0,0,0,0,0,0,0,0,0,0,0,0,0,0,0,0,0,0,0,0,0,0,0,0,0,0,0,0,0,0,0,0,0,0,0,0,0,0,0,0,0,0,0,0,0,0,0,0,0},
{0,0,0,0,0,0,0,0,0,0,0,0,0,0,0,0,0,0,0,0,0,0,0,0,0,0,0,0,0,0,0,0,0,0,0,0,0,0,0,0,0,0,0,0,0,0,0,0,0,0,0,0,0,0,0,0,0,0,0,0,0,0,0,0,0,0,0,0,0,0,0,0,0,0,0,0,0,0,0,0,0,0,0,0,0,0,0,0,0,0,0,0,0,0,0,0},
{0,0,0,0,0,0,0,0,0,0,0,0,0,0,0,0,0,0,0,0,0,0,0,0,0,0,0,0,0,0,0,0,0,0,0,0,0,0,0,0,0,0,0,0,0,0,0,0,0,0,0,0,0,0,0,0,0,0,0,0,0,0,0,0,0,0,0,0,0,0,0,0,0,0,0,0,0,0,0,0,0,0,0,0,0,0,0,0,0,0,0,0,0,0,0,0},
{0,0,0,0,0,0,0,0,0,0,0,0,0,0,0,0,0,0,0,0,0,0,0,0,0,0,0,0,0,0,0,0,0,0,0,0,0,0,0,0,0,0,0,0,0,0,0,0,0,0,0,0,0,0,0,0,0,0,0,0,0,0,0,0,0,0,0,0,0,0,0,0,0,0,0,0,0,0,0,0,0,0,0,0,0,0,0,0,0,0,0,0,0,0,0,0},
{0,0,0,0,0,0,0,0,0,0,0,0,0,0,0,0,0,0,0,0,0,0,0,0,0,0,0,0,0,0,0,0,0,0,0,0,0,0,0,0,0,0,0,0,0,0,0,0,0,0,0,0,0,0,0,0,0,0,0,0,0,0,0,0,0,0,0,0,0,0,0,0,0,0,0,0,0,0,0,0,0,0,0,0,0,0,0,0,0,0,0,0,0,0,0,0},
{0,0,0,0,0,0,0,0,0,0,0,0,0,0,0,0,0,0,0,0,0,0,0,0,0,0,0,0,0,0,0,0,0,0,0,0,0,0,0,0,0,0,0,0,0,0,0,0,0,0,0,0,0,0,0,0,0,0,0,0,0,0,0,0,0,0,0,0,0,0,0,0,0,0,0,0,0,0,0,0,0,0,0,0,0,0,0,0,0,0,0,0,0,0,0,0},
{0,0,0,0,0,0,0,0,0,0,0,0,0,0,0,0,0,0,0,0,0,0,0,0,0,0,0,0,0,0,0,0,0,0,0,0,0,0,0,0,0,0,0,0,0,0,0,0,0,0,0,0,0,0,0,0,0,0,0,0,0,0,0,0,0,0,0,0,0,0,0,0,0,0,0,0,0,0,0,0,0,0,0,0,0,0,0,0,0,0,0,0,0,0,0,0},
{0,0,0,0,0,0,0,0,0,0,0,0,0,0,0,0,0,0,0,0,0,0,0,0,0,0,0,0,0,0,0,0,0,0,0,0,0,0,0,0,0,0,0,0,0,0,0,0,0,0,0,0,0,0,0,0,0,0,0,0,0,0,0,0,0,0,0,0,0,0,0,0,0,0,0,0,0,0,0,0,0,0,0,0,0,0,0,0,0,0,0,0,0,0,0,0},
{0,0,0,0,0,0,0,0,0,0,0,0,0,0,0,0,0,0,0,0,0,0,0,0,0,0,0,0,0,0,0,0,0,0,0,0,0,0,0,0,0,0,0,0,0,0,0,0,0,0,0,0,0,0,0,0,0,0,0,0,0,0,0,0,0,0,0,0,0,0,0,0,0,0,0,0,0,0,0,0,0,0,0,0,0,0,0,0,0,0,0,0,0,0,0,0},
{0,0,0,0,0,0,0,0,0,0,0,0,0,0,0,0,0,0,0,0,0,0,0,0,0,0,0,0,0,0,0,0,0,0,0,0,0,0,0,0,0,0,0,0,0,0,0,0,0,0,0,0,0,0,0,0,0,0,0,0,0,0,0,0,0,0,0,0,0,0,0,0,0,0,0,0,0,0,0,0,0,0,0,0,0,0,0,0,0,0,0,0,0,0,0,0},
{0,0,0,0,0,0,0,0,0,0,0,0,0,0,0,0,0,0,0,0,0,0,0,0,0,0,0,0,0,0,0,0,0,0,0,0,0,0,0,0,0,0,0,0,0,0,0,0,0,0,0,0,0,0,0,0,0,0,0,0,0,0,0,0,0,0,0,0,0,0,0,0,0,0,0,0,0,0,0,0,0,0,0,0,0,0,0,0,0,0,0,0,0,0,0,0},
{0,0,0,0,0,0,0,0,0,0,0,0,0,0,0,0,0,0,0,0,0,0,0,0,0,0,0,0,0,0,0,0,0,0,0,0,0,0,0,0,0,0,0,0,0,0,0,0,0,0,0,0,0,0,0,0,0,0,0,0,0,0,0,0,0,0,0,0,0,0,0,0,0,0,0,0,0,0,0,0,0,0,0,0,0,0,0,0,0,0,0,0,0,0,0,0},
{0,0,0,0,0,0,0,0,0,0,0,0,0,0,0,0,0,0,0,0,0,0,0,0,0,0,0,0,0,0,0,0,0,0,0,0,0,0,0,0,0,0,0,0,0,0,0,0,0,0,0,0,0,0,0,0,0,0,0,0,0,0,0,0,0,0,0,0,0,0,0,0,0,0,0,0,0,0,0,0,0,0,0,0,0,0,0,0,0,0,0,0,0,0,0,0},
{0,0,0,0,0,0,0,0,0,0,0,0,0,0,0,0,0,0,0,0,0,0,0,0,0,0,0,0,0,0,0,0,0,0,0,0,0,0,0,0,0,0,0,0,0,0,0,0,0,0,0,0,0,0,0,0,0,0,0,0,0,0,0,0,0,0,0,0,0,0,0,0,0,0,0,0,0,0,0,0,0,0,0,0,0,0,0,0,0,0,0,0,0,0,0,0},
{0,0,0,0,0,0,0,0,0,0,0,0,0,0,0,0,0,0,0,0,0,0,0,0,0,0,0,0,0,0,0,0,0,0,0,0,0,0,0,0,0,0,0,0,0,0,0,0,0,0,0,0,0,0,0,0,0,0,0,0,0,0,0,0,0,0,0,0,0,0,0,0,0,0,0,0,0,0,0,0,0,0,0,0,0,0,0,0,0,0,0,0,0,0,0,0},
{0,0,0,0,0,0,0,0,0,0,0,0,0,0,0,0,0,0,0,0,0,0,0,0,0,0,0,0,0,0,0,0,0,0,0,0,0,0,0,0,0,0,0,0,0,0,0,0,0,0,0,0,0,0,0,0,0,0,0,0,0,0,0,0,0,0,0,0,0,0,0,0,0,0,0,0,0,0.0016276042*J1^2*J2^2+-0.0016276042*J2^4+0,0.0029296875*J1^2*J2^2+-0.0029296875*J2^4+0,0,0,0,0,0,-0.0050743676*J1^2*J2^2+0.0050743676*J2^4+0,0,0,-0.0009396977*J1^2*J2^2+0.0009396977*J2^4+0,0,0,0,0,0,0,0,0},
{0,0,0,0,0,0,0,0,0,0,0,0,0,0,0,0,0,0,0,0,0,0,0,0,0,0,0,0,0,0,0,0,0,0,0,0,0,0,0,0,0,0,0,0,0,0,0,0,0,0,0,0,0,0,0,0,0,0,0,0,0,0,0,0,0,0,0,0,0,0,0,0,0,0,0,0,0.0016276042*J1^2*J2^2+-0.0016276042*J2^4+0,0.0018793954*J1^2*J2^2+-0.0018793954*J2^4+0,0,0.0029296875*J1^2*J2^2+-0.0029296875*J2^4+0,0,0,0,0,0,-0.0050743676*J1^2*J2^2+0.0050743676*J2^4+0,-0.0009396977*J1^2*J2^2+0.0009396977*J2^4+0,-0.0010850694*J1^2*J2^2+0.0010850694*J2^4+0,0,0,0,0,0,0,0,0},
{0,0,0,0,0,0,0,0,0,0,0,0,0,0,0,0,0,0,0,0,0,0,0,0,0,0,0,0,0,0,0,0,0,0,0,0,0,0,0,0,0,0,0,0,0,0,0,0,0,0,0,0,0,0,0,0,0,0,0,0,0,0,0,0,0,0,0,0,0,0,0,0,0,0,0,0,0.0029296875*J1^2*J2^2+-0.0029296875*J2^4+0,0,0.0033829117*J1^2*J2^2+-0.0067658235*J1^1*J2^3+0.0033829117*J2^4+0,0.0016276042*J1^2*J2^2+-0.0021701389*J1^1*J2^3+0.0005425347*J2^4+0,0,0,0,0,0,-0.0009396977*J1^2*J2^2+0.0009396977*J2^4+0,0.0016914559*J1^2*J2^2+-0.0067658235*J1^1*J2^3+0.0050743676*J2^4+0,0.0010850694*J1^2*J2^2+-0.0021701389*J1^1*J2^3+0.0010850694*J2^4+0,0,0,0,0,0,0,0,0},
{0,0,0,0,0,0,0,0,0,0,0,0,0,0,0,0,0,0,0,0,0,0,0,0,0,0,0,0,0,0,0,0,0,0,0,0,0,0,0,0,0,0,0,0,0,0,0,0,0,0,0,0,0,0,0,0,0,0,0,0,0,0,0,0,0,0,0,0,0,0,0,0,0,0,0,0,0,0.0029296875*J1^2*J2^2+-0.0029296875*J2^4+0,0.0016276042*J1^2*J2^2+-0.0021701389*J1^1*J2^3+0.0005425347*J2^4+0,0.0052623071*J1^2*J2^2+-0.0092716840*J1^1*J2^3+0.0040093769*J2^4+0,0,0,0,0,-0.0009396977*J1^2*J2^2+0.0009396977*J2^4+0,-0.0010850694*J1^2*J2^2+0.0010850694*J2^4+0,0.0010850694*J1^2*J2^2+-0.0021701389*J1^1*J2^3+0.0010850694*J2^4+0,0.0029443861*J1^2*J2^2+-0.0092716840*J1^1*J2^3+0.0063272979*J2^4+0,0,0,0,0,0,0,0,0},
{0,0,0,0,0,0,0,0,0,0,0,0,0,0,0,0,0,0,0,0,0,0,0,0,0,0,0,0,0,0,0,0,0,0,0,0,0,0,0,0,0,0,0,0,0,0,0,0,0,0,0,0,0,0,0,0,0,0,0,0,0,0,0,0,0,0,0,0,0,0,0,0,0,0,0,0,0.0029296875*J1^2*J2^2+-0.0029296875*J2^4+0,0,0,0.0005425347*J1^2*J2^2+-0.0005425347*J2^4+0,0,0,0,0,0,-0.0009396977*J1^2*J2^2+0.0009396977*J2^4+0,-0.0016914559*J1^2*J2^2+0.0016914559*J2^4+0,0,0,0,0,0,0.0041432038*J1^2*J2^2+-0.0041432038*J2^4+0,-0.0013289332*J1^2*J2^2+0.0013289332*J2^4+0,-0.0023920798*J1^2*J2^2+0.0023920798*J2^4+0,0.0007672600*J1^2*J2^2+-0.0007672600*J2^4+0},
{0,0,0,0,0,0,0,0,0,0,0,0,0,0,0,0,0,0,0,0,0,0,0,0,0,0,0,0,0,0,0,0,0,0,0,0,0,0,0,0,0,0,0,0,0,0,0,0,0,0,0,0,0,0,0,0,0,0,0,0,0,0,0,0,0,0,0,0,0,0,0,0,0,0,0,0,0,0.0029296875*J1^2*J2^2+-0.0029296875*J2^4+0,0.0005425347*J1^2*J2^2+-0.0005425347*J2^4+0,0.0006264651*J1^2*J2^2+-0.0006264651*J2^4+0,0,0,0,0,-0.0009396977*J1^2*J2^2+0.0009396977*J2^4+0,-0.0010850694*J1^2*J2^2+0.0010850694*J2^4+0,0,-0.0016914559*J1^2*J2^2+0.0016914559*J2^4+0,0,0,0,0,-0.0013289332*J1^2*J2^2+0.0013289332*J2^4+0,0.0026086839*J1^2*J2^2+-0.0026086839*J2^4+0,0.0007672600*J1^2*J2^2+-0.0007672600*J2^4+0,-0.0015061243*J1^2*J2^2+0.0015061243*J2^4+0},
{0,0,0,0,0,0,0,0,0,0,0,0,0,0,0,0,0,0,0,0,0,0,0,0,0,0,0,0,0,0,0,0,0,0,0,0,0,0,0,0,0,0,0,0,0,0,0,0,0,0,0,0,0,0,0,0,0,0,0,0,0,0,0,0,0,0,0,0,0,0,0,0,0,0,0,0,0,0.0005425347*J1^2*J2^2+-0.0005425347*J2^4+0,-0.0009765625*J1^2*J2^2+0.0039062500*J1^1*J2^3+-0.0029296875*J2^4+0,-0.0006264651*J1^2*J2^2+0.0012529303*J1^1*J2^3+-0.0006264651*J2^4+0,0,0,0,0,-0.0016914559*J1^2*J2^2+0.0016914559*J2^4+0,0,-0.0019531250*J1^2*J2^2+0.0039062500*J1^1*J2^3+-0.0019531250*J2^4+0,-0.0009396977*J1^2*J2^2+0.0012529303*J1^1*J2^3+-0.0003132326*J2^4+0,0,0,0,0,-0.0023920798*J1^2*J2^2+0.0023920798*J2^4+0,0.0007672600*J1^2*J2^2+-0.0007672600*J2^4+0,-0.0041432038*J1^2*J2^2+0.0110485435*J1^1*J2^3+-0.0069053397*J2^4+0,-0.0022148887*J1^2*J2^2+0.0035438220*J1^1*J2^3+-0.0013289332*J2^4+0},
{0,0,0,0,0,0,0,0,0,0,0,0,0,0,0,0,0,0,0,0,0,0,0,0,0,0,0,0,0,0,0,0,0,0,0,0,0,0,0,0,0,0,0,0,0,0,0,0,0,0,0,0,0,0,0,0,0,0,0,0,0,0,0,0,0,0,0,0,0,0,0,0,0,0,0,0,0.0005425347*J1^2*J2^2+-0.0005425347*J2^4+0,0.0006264651*J1^2*J2^2+-0.0006264651*J2^4+0,-0.0006264651*J1^2*J2^2+0.0012529303*J1^1*J2^3+-0.0006264651*J2^4+0,-0.0016999421*J1^2*J2^2+0.0053530093*J1^1*J2^3+-0.0036530671*J2^4+0,0,0,0,0,0,-0.0016914559*J1^2*J2^2+0.0016914559*J2^4+0,-0.0009396977*J1^2*J2^2+0.0012529303*J1^1*J2^3+-0.0003132326*J2^4+0,-0.0030381944*J1^2*J2^2+0.0053530093*J1^1*J2^3+-0.0023148148*J2^4+0,0,0,0,0,0.0007672600*J1^2*J2^2+-0.0007672600*J2^4+0,-0.0015061243*J1^2*J2^2+0.0015061243*J2^4+0,-0.0022148887*J1^2*J2^2+0.0035438220*J1^1*J2^3+-0.0013289332*J2^4+0,-0.0067007370*J1^2*J2^2+0.0151405966*J1^1*J2^3+-0.0084398596*J2^4+0},
{0,0,0,0,0,0,0,0,0,0,0,0,0,0,0,0,0,0,0,0,0,0,0,0,0,0,0,0,0,0,0,0,0,0,0,0,0,0,0,0,0,0,0,0,0,0,0,0,0,0,0,0,0,0,0,0,0,0,0,0,0,0,0,0,0,0,0,0,0,0,0,0,0,-0.0028190931*J1^2*J2^2+0.0028190931*J2^4+0,-0.0050743676*J1^2*J2^2+0.0050743676*J2^4+0,0,0,0,0,0,0.0087890625*J1^2*J2^2+-0.0087890625*J2^4+0,0,0,0.0016276042*J1^2*J2^2+-0.0016276042*J2^4+0,0,0,0,0,0,0,0,0,0,0,0,0},
{0,0,0,0,0,0,0,0,0,0,0,0,0,0,0,0,0,0,0,0,0,0,0,0,0,0,0,0,0,0,0,0,0,0,0,0,0,0,0,0,0,0,0,0,0,0,0,0,0,0,0,0,0,0,0,0,0,0,0,0,0,0,0,0,0,0,0,0,0,0,0,0,-0.0028190931*J1^2*J2^2+0.0028190931*J2^4+0,-0.0032552083*J1^2*J2^2+0.0032552083*J2^4+0,0,-0.0050743676*J1^2*J2^2+0.0050743676*J2^4+0,0,0,0,0,0,0.0087890625*J1^2*J2^2+-0.0087890625*J2^4+0,0.0016276042*J1^2*J2^2+-0.0016276042*J2^4+0,0.0018793954*J1^2*J2^2+-0.0018793954*J2^4+0,0,0,0,0,0,0,0,0,0,0,0,0},
{0,0,0,0,0,0,0,0,0,0,0,0,0,0,0,0,0,0,0,0,0,0,0,0,0,0,0,0,0,0,0,0,0,0,0,0,0,0,0,0,0,0,0,0,0,0,0,0,0,0,0,0,0,0,0,0,0,0,0,0,0,0,0,0,0,0,0,0,0,0,0,0,-0.0050743676*J1^2*J2^2+0.0050743676*J2^4+0,0,-0.0058593750*J1^2*J2^2+0.0117187500*J1^1*J2^3+-0.0058593750*J2^4+0,-0.0028190931*J1^2*J2^2+0.0037587908*J1^1*J2^3+-0.0009396977*J2^4+0,0,0,0,0,0,0.0016276042*J1^2*J2^2+-0.0016276042*J2^4+0,-0.0029296875*J1^2*J2^2+0.0117187500*J1^1*J2^3+-0.0087890625*J2^4+0,-0.0018793954*J1^2*J2^2+0.0037587908*J1^1*J2^3+-0.0018793954*J2^4+0,0,0,0,0,0,0,0,0,0,0,0,0},
{0,0,0,0,0,0,0,0,0,0,0,0,0,0,0,0,0,0,0,0,0,0,0,0,0,0,0,0,0,0,0,0,0,0,0,0,0,0,0,0,0,0,0,0,0,0,0,0,0,0,0,0,0,0,0,0,0,0,0,0,0,0,0,0,0,0,0,0,0,0,0,0,0,-0.0050743676*J1^2*J2^2+0.0050743676*J2^4+0,-0.0028190931*J1^2*J2^2+0.0037587908*J1^1*J2^3+-0.0009396977*J2^4+0,-0.0091145833*J1^2*J2^2+0.0160590278*J1^1*J2^3+-0.0069444444*J2^4+0,0,0,0,0,0.0016276042*J1^2*J2^2+-0.0016276042*J2^4+0,0.0018793954*J1^2*J2^2+-0.0018793954*J2^4+0,-0.0018793954*J1^2*J2^2+0.0037587908*J1^1*J2^3+-0.0018793954*J2^4+0,-0.0050998264*J1^2*J2^2+0.0160590278*J1^1*J2^3+-0.0109592014*J2^4+0,0,0,0,0,0,0,0,0,0,0,0,0},
{0,0,0,0,0,0,0,0,0,0,0,0,0,0,0,0,0,0,0,0,0,0,0,0,0,0,0,0,0,0,0,0,0,0,0,0,0,0,0,0,0,0,0,0,0,0,0,0,0,0,0,0,0,0,0,0,0,0,0,0,0,0,0,0,0,0,0,0,0,0,0,0,-0.0050743676*J1^2*J2^2+0.0050743676*J2^4+0,0,0,-0.0009396977*J1^2*J2^2+0.0009396977*J2^4+0,0,0,0,0,0,0.0016276042*J1^2*J2^2+-0.0016276042*J2^4+0,0.0029296875*J1^2*J2^2+-0.0029296875*J2^4+0,0,0,0,0,0,-0.0071762395*J1^2*J2^2+0.0071762395*J2^4+0,0.0023017799*J1^2*J2^2+-0.0023017799*J2^4+0,0.0041432038*J1^2*J2^2+-0.0041432038*J2^4+0,-0.0013289332*J1^2*J2^2+0.0013289332*J2^4+0,0,0,0,0},
{0,0,0,0,0,0,0,0,0,0,0,0,0,0,0,0,0,0,0,0,0,0,0,0,0,0,0,0,0,0,0,0,0,0,0,0,0,0,0,0,0,0,0,0,0,0,0,0,0,0,0,0,0,0,0,0,0,0,0,0,0,0,0,0,0,0,0,0,0,0,0,0,0,-0.0050743676*J1^2*J2^2+0.0050743676*J2^4+0,-0.0009396977*J1^2*J2^2+0.0009396977*J2^4+0,-0.0010850694*J1^2*J2^2+0.0010850694*J2^4+0,0,0,0,0,0.0016276042*J1^2*J2^2+-0.0016276042*J2^4+0,0.0018793954*J1^2*J2^2+-0.0018793954*J2^4+0,0,0.0029296875*J1^2*J2^2+-0.0029296875*J2^4+0,0,0,0,0,0.0023017799*J1^2*J2^2+-0.0023017799*J2^4+0,-0.0045183730*J1^2*J2^2+0.0045183730*J2^4+0,-0.0013289332*J1^2*J2^2+0.0013289332*J2^4+0,0.0026086839*J1^2*J2^2+-0.0026086839*J2^4+0,0,0,0,0},
{0,0,0,0,0,0,0,0,0,0,0,0,0,0,0,0,0,0,0,0,0,0,0,0,0,0,0,0,0,0,0,0,0,0,0,0,0,0,0,0,0,0,0,0,0,0,0,0,0,0,0,0,0,0,0,0,0,0,0,0,0,0,0,0,0,0,0,0,0,0,0,0,0,-0.0009396977*J1^2*J2^2+0.0009396977*J2^4+0,0.0016914559*J1^2*J2^2+-0.0067658235*J1^1*J2^3+0.0050743676*J2^4+0,0.0010850694*J1^2*J2^2+-0.0021701389*J1^1*J2^3+0.0010850694*J2^4+0,0,0,0,0,0.0029296875*J1^2*J2^2+-0.0029296875*J2^4+0,0,0.0033829117*J1^2*J2^2+-0.0067658235*J1^1*J2^3+0.0033829117*J2^4+0,0.0016276042*J1^2*J2^2+-0.0021701389*J1^1*J2^3+0.0005425347*J2^4+0,0,0,0,0,0.0041432038*J1^2*J2^2+-0.0041432038*J2^4+0,-0.0013289332*J1^2*J2^2+0.0013289332*J2^4+0,0.0071762395*J1^2*J2^2+-0.0191366386*J1^1*J2^3+0.0119603991*J2^4+0,0.0038362998*J1^2*J2^2+-0.0061380797*J1^1*J2^3+0.0023017799*J2^4+0,0,0,0,0},
{0,0,0,0,0,0,0,0,0,0,0,0,0,0,0,0,0,0,0,0,0,0,0,0,0,0,0,0,0,0,0,0,0,0,0,0,0,0,0,0,0,0,0,0,0,0,0,0,0,0,0,0,0,0,0,0,0,0,0,0,0,0,0,0,0,0,0,0,0,0,0,0,-0.0009396977*J1^2*J2^2+0.0009396977*J2^4+0,-0.0010850694*J1^2*J2^2+0.0010850694*J2^4+0,0.0010850694*J1^2*J2^2+-0.0021701389*J1^1*J2^3+0.0010850694*J2^4+0,0.0029443861*J1^2*J2^2+-0.0092716840*J1^1*J2^3+0.0063272979*J2^4+0,0,0,0,0,0,0.0029296875*J1^2*J2^2+-0.0029296875*J2^4+0,0.0016276042*J1^2*J2^2+-0.0021701389*J1^1*J2^3+0.0005425347*J2^4+0,0.0052623071*J1^2*J2^2+-0.0092716840*J1^1*J2^3+0.0040093769*J2^4+0,0,0,0,0,-0.0013289332*J1^2*J2^2+0.0013289332*J2^4+0,0.0026086839*J1^2*J2^2+-0.0026086839*J2^4+0,0.0038362998*J1^2*J2^2+-0.0061380797*J1^1*J2^3+0.0023017799*J2^4+0,0.0116060169*J1^2*J2^2+-0.0262242825*J1^1*J2^3+0.0146182656*J2^4+0,0,0,0,0},
{0,0,0,0,0,0,0,0,0,0,0,0,0,0,0,0,0,0,0,0,0,0,0,0,0,0,0,0,0,0,0,0,0,0,0,0,0,0,0,0,0,0,0,0,0,0,0,0,0,0,0,0,0,0,0,0,0,0,0,0,0,0,0,0,0,0,0,0,0,0,0,0,0,0,0,0,0,-0.0023017799*J1^2*J2^2+0.0023017799*J2^4+0,-0.0041432038*J1^2*J2^2+0.0041432038*J2^4+0,0,0,0,0,0,0.0071762395*J1^2*J2^2+-0.0071762395*J2^4+0,0,0,0.0013289332*J1^2*J2^2+-0.0013289332*J2^4+0,0,0,0,0,0,0,0,0},
{0,0,0,0,0,0,0,0,0,0,0,0,0,0,0,0,0,0,0,0,0,0,0,0,0,0,0,0,0,0,0,0,0,0,0,0,0,0,0,0,0,0,0,0,0,0,0,0,0,0,0,0,0,0,0,0,0,0,0,0,0,0,0,0,0,0,0,0,0,0,0,0,0,0,0,0,-0.0023017799*J1^2*J2^2+0.0023017799*J2^4+0,-0.0026578665*J1^2*J2^2+0.0026578665*J2^4+0,0,-0.0041432038*J1^2*J2^2+0.0041432038*J2^4+0,0,0,0,0,0,0.0071762395*J1^2*J2^2+-0.0071762395*J2^4+0,0.0013289332*J1^2*J2^2+-0.0013289332*J2^4+0,0.0015345199*J1^2*J2^2+-0.0015345199*J2^4+0,0,0,0,0,0,0,0,0},
{0,0,0,0,0,0,0,0,0,0,0,0,0,0,0,0,0,0,0,0,0,0,0,0,0,0,0,0,0,0,0,0,0,0,0,0,0,0,0,0,0,0,0,0,0,0,0,0,0,0,0,0,0,0,0,0,0,0,0,0,0,0,0,0,0,0,0,0,0,0,0,0,0,0,0,0,-0.0041432038*J1^2*J2^2+0.0041432038*J2^4+0,0,-0.0047841597*J1^2*J2^2+0.0095683193*J1^1*J2^3+-0.0047841597*J2^4+0,-0.0023017799*J1^2*J2^2+0.0030690398*J1^1*J2^3+-0.0007672600*J2^4+0,0,0,0,0,0,0.0013289332*J1^2*J2^2+-0.0013289332*J2^4+0,-0.0023920798*J1^2*J2^2+0.0095683193*J1^1*J2^3+-0.0071762395*J2^4+0,-0.0015345199*J1^2*J2^2+0.0030690398*J1^1*J2^3+-0.0015345199*J2^4+0,0,0,0,0,0,0,0,0},
{0,0,0,0,0,0,0,0,0,0,0,0,0,0,0,0,0,0,0,0,0,0,0,0,0,0,0,0,0,0,0,0,0,0,0,0,0,0,0,0,0,0,0,0,0,0,0,0,0,0,0,0,0,0,0,0,0,0,0,0,0,0,0,0,0,0,0,0,0,0,0,0,0,0,0,0,0,-0.0041432038*J1^2*J2^2+0.0041432038*J2^4+0,-0.0023017799*J1^2*J2^2+0.0030690398*J1^1*J2^3+-0.0007672600*J2^4+0,-0.0074420261*J1^2*J2^2+0.0131121413*J1^1*J2^3+-0.0056701151*J2^4+0,0,0,0,0,0.0013289332*J1^2*J2^2+-0.0013289332*J2^4+0,0.0015345199*J1^2*J2^2+-0.0015345199*J2^4+0,-0.0015345199*J1^2*J2^2+0.0030690398*J1^1*J2^3+-0.0015345199*J2^4+0,-0.0041639908*J1^2*J2^2+0.0131121413*J1^1*J2^3+-0.0089481505*J2^4+0,0,0,0,0,0,0,0,0},
{0,0,0,0,0,0,0,0,0,0,0,0,0,0,0,0,0,0,0,0,0,0,0,0,0,0,0,0,0,0,0,0,0,0,0,0,0,0,0,0,0,0,0,0,0,0,0,0,0,0,0,0,0,0,0,0,0,0,0,0,0,0,0,0,0,0,0,0,0,0,0,0,0,0,0,0,-0.0041432038*J1^2*J2^2+0.0041432038*J2^4+0,0,0,-0.0007672600*J1^2*J2^2+0.0007672600*J2^4+0,0,0,0,0,0,0.0013289332*J1^2*J2^2+-0.0013289332*J2^4+0,0.0023920798*J1^2*J2^2+-0.0023920798*J2^4+0,0,0,0,0,0,-0.0058593750*J1^2*J2^2+0.0058593750*J2^4+0,0.0018793954*J1^2*J2^2+-0.0018793954*J2^4+0,0.0033829117*J1^2*J2^2+-0.0033829117*J2^4+0,-0.0010850694*J1^2*J2^2+0.0010850694*J2^4+0},
{0,0,0,0,0,0,0,0,0,0,0,0,0,0,0,0,0,0,0,0,0,0,0,0,0,0,0,0,0,0,0,0,0,0,0,0,0,0,0,0,0,0,0,0,0,0,0,0,0,0,0,0,0,0,0,0,0,0,0,0,0,0,0,0,0,0,0,0,0,0,0,0,0,0,0,0,0,-0.0041432038*J1^2*J2^2+0.0041432038*J2^4+0,-0.0007672600*J1^2*J2^2+0.0007672600*J2^4+0,-0.0008859555*J1^2*J2^2+0.0008859555*J2^4+0,0,0,0,0,0.0013289332*J1^2*J2^2+-0.0013289332*J2^4+0,0.0015345199*J1^2*J2^2+-0.0015345199*J2^4+0,0,0.0023920798*J1^2*J2^2+-0.0023920798*J2^4+0,0,0,0,0,0.0018793954*J1^2*J2^2+-0.0018793954*J2^4+0,-0.0036892361*J1^2*J2^2+0.0036892361*J2^4+0,-0.0010850694*J1^2*J2^2+0.0010850694*J2^4+0,0.0021299815*J1^2*J2^2+-0.0021299815*J2^4+0},
{0,0,0,0,0,0,0,0,0,0,0,0,0,0,0,0,0,0,0,0,0,0,0,0,0,0,0,0,0,0,0,0,0,0,0,0,0,0,0,0,0,0,0,0,0,0,0,0,0,0,0,0,0,0,0,0,0,0,0,0,0,0,0,0,0,0,0,0,0,0,0,0,0,0,0,0,0,-0.0007672600*J1^2*J2^2+0.0007672600*J2^4+0,0.0013810679*J1^2*J2^2+-0.0055242717*J1^1*J2^3+0.0041432038*J2^4+0,0.0008859555*J1^2*J2^2+-0.0017719110*J1^1*J2^3+0.0008859555*J2^4+0,0,0,0,0,0.0023920798*J1^2*J2^2+-0.0023920798*J2^4+0,0,0.0027621359*J1^2*J2^2+-0.0055242717*J1^1*J2^3+0.0027621359*J2^4+0,0.0013289332*J1^2*J2^2+-0.0017719110*J1^1*J2^3+0.0004429777*J2^4+0,0,0,0,0,0.0033829117*J1^2*J2^2+-0.0033829117*J2^4+0,-0.0010850694*J1^2*J2^2+0.0010850694*J2^4+0,0.0058593750*J1^2*J2^2+-0.0156250000*J1^1*J2^3+0.0097656250*J2^4+0,0.0031323257*J1^2*J2^2+-0.0050117211*J1^1*J2^3+0.0018793954*J2^4+0},
{0,0,0,0,0,0,0,0,0,0,0,0,0,0,0,0,0,0,0,0,0,0,0,0,0,0,0,0,0,0,0,0,0,0,0,0,0,0,0,0,0,0,0,0,0,0,0,0,0,0,0,0,0,0,0,0,0,0,0,0,0,0,0,0,0,0,0,0,0,0,0,0,0,0,0,0,-0.0007672600*J1^2*J2^2+0.0007672600*J2^4+0,-0.0008859555*J1^2*J2^2+0.0008859555*J2^4+0,0.0008859555*J1^2*J2^2+-0.0017719110*J1^1*J2^3+0.0008859555*J2^4+0,0.0024040812*J1^2*J2^2+-0.0075702983*J1^1*J2^3+0.0051662171*J2^4+0,0,0,0,0,0,0.0023920798*J1^2*J2^2+-0.0023920798*J2^4+0,0.0013289332*J1^2*J2^2+-0.0017719110*J1^1*J2^3+0.0004429777*J2^4+0,0.0042966558*J1^2*J2^2+-0.0075702983*J1^1*J2^3+0.0032736425*J2^4+0,0,0,0,0,-0.0010850694*J1^2*J2^2+0.0010850694*J2^4+0,0.0021299815*J1^2*J2^2+-0.0021299815*J2^4+0,0.0031323257*J1^2*J2^2+-0.0050117211*J1^1*J2^3+0.0018793954*J2^4+0,0.0094762731*J1^2*J2^2+-0.0214120370*J1^1*J2^3+0.0119357639*J2^4+0},
{-0.0003797743*J1^2*J2^2+0.0003797743*J2^4+0,0,0,0,0,-0.0001265914*J1^2*J2^2+0.0001265914*J2^4+0,0,0,0,0.0047924583*J1^2*J2^2+-0.0047924583*J2^4+0,0,0,0.0047924583*J1^2*J2^2+-0.0047924583*J2^4+0,0,0,0,-0.0000767260*J1^2*J2^2+0.0000767260*J2^4+0,0,0,0,0,-0.0000255753*J1^2*J2^2+0.0000255753*J2^4+0,0,0,0,0,0,0,0,0,0,0,0,0,0,0,0,0,0,0,0,0,0,0,0,0,0,0,0,0,0,0,0,0,0,0,0,-0.0039467304*J1^2*J2^2+0.0039467304*J2^4+0,0.0005638186*J1^2*J2^2+-0.0005638186*J2^4+0,0,0.0005638186*J1^2*J2^2+-0.0005638186*J2^4+0,0,0,-0.0013155768*J1^2*J2^2+0.0013155768*J2^4+0,0,0,0,0,0,0,0,0,0,0,0,0,0,0,0,0,0,0,0,0,0,0,0,0,0,0,0,0,0,0,0,0},
{-0.0000626465*J1^2*J2^2+0.0000626465*J2^4+0,-0.0027669271*J1^2*J2^2+0.0027669271*J2^4+0,0,0,-0.0027669271*J1^2*J2^2+0.0027669271*J2^4+0,-0.0000208822*J1^2*J2^2+0.0000208822*J2^4+0,0,0,0.0002819093*J1^2*J2^2+-0.0002819093*J2^4+0,0,0,0,0,0.0000939698*J1^2*J2^2+-0.0000939698*J2^4+0,0,0,-0.0003543822*J1^2*J2^2+0.0003543822*J2^4+0,-0.0039130258*J1^2*J2^2+0.0039130258*J2^4+0,0,0,-0.0039130258*J1^2*J2^2+0.0039130258*J2^4+0,-0.0001181274*J1^2*J2^2+0.0001181274*J2^4+0,0,0,0,0,0,0,0,0,0,0,0,0,0,0,0,0,0,0,0,0,0,0,0,0,0,0,0,0,0,0,0,0,0,0,-0.0039467304*J1^2*J2^2+0.0039467304*J2^4+0,-0.0045572917*J1^2*J2^2+0.0045572917*J2^4+0,0,0.0005638186*J1^2*J2^2+-0.0005638186*J2^4+0,0,0.0005638186*J1^2*J2^2+-0.0005638186*J2^4+0,-0.0013155768*J1^2*J2^2+0.0013155768*J2^4+0,-0.0015190972*J1^2*J2^2+0.0015190972*J2^4+0,0,0,0,0,0,0,0,0,0,0,0,0,0,0,0,0,0,0,0,0,0,0,0,0,0,0,0,0,0,0,0,0},
{0,-0.0003797743*J1^2*J2^2+0.0005063657*J1^1*J2^3+-0.0001265914*J2^4+0,0,0,-0.0001265914*J1^2*J2^2+0.0001265914*J2^4+0,0.0001461752*J1^2*J2^2+-0.0002923504*J1^1*J2^3+0.0001461752*J2^4+0,0,0,0.0047924583*J1^2*J2^2+-0.0047924583*J2^4+0,0.0055338542*J1^2*J2^2+-0.0110677083*J1^1*J2^3+0.0055338542*J2^4+0,0,0,0,-0.0015974861*J1^2*J2^2+0.0063899444*J1^1*J2^3+-0.0047924583*J2^4+0,0,0,0,-0.0000767260*J1^2*J2^2+0.0001023013*J1^1*J2^3+-0.0000255753*J2^4+0,0,0,-0.0000255753*J1^2*J2^2+0.0000255753*J2^4+0,0.0000295318*J1^2*J2^2+-0.0000590637*J1^1*J2^3+0.0000295318*J2^4+0,0,0,0,0,0,0,0,0,0,0,0,0,0,0,0,0,0,0,0,0,0,0,0,0,0,0,0,0,0,0,0,0,0,0,0.0005638186*J1^2*J2^2+-0.0005638186*J2^4+0,0,0.0006510417*J1^2*J2^2+-0.0013020833*J1^1*J2^3+0.0006510417*J2^4+0,-0.0039467304*J1^2*J2^2+0.0052623071*J1^1*J2^3+-0.0013155768*J2^4+0,0,-0.0013155768*J1^2*J2^2+0.0013155768*J2^4+0,-0.0001879395*J1^2*J2^2+0.0007517582*J1^1*J2^3+-0.0005638186*J2^4+0,0.0015190972*J1^2*J2^2+-0.0030381944*J1^1*J2^3+0.0015190972*J2^4+0,0,0,0,0,0,0,0,0,0,0,0,0,0,0,0,0,0,0,0,0,0,0,0,0,0,0,0,0,0,0,0,0},
{-0.0027669271*J1^2*J2^2+0.0027669271*J2^4+0,-0.0032576187*J1^2*J2^2+0.0064734731*J1^1*J2^3+-0.0032158544*J2^4+0,0,0,-0.0000208822*J1^2*J2^2+0.0000208822*J2^4+0,0.0009464217*J1^2*J2^2+-0.0037374614*J1^1*J2^3+0.0027910397*J2^4+0,0,0,0,0.0002819093*J1^2*J2^2+-0.0003758791*J1^1*J2^3+0.0000939698*J2^4+0,0,0,0.0000939698*J1^2*J2^2+-0.0000939698*J2^4+0,-0.0001085069*J1^2*J2^2+0.0002170139*J1^1*J2^3+-0.0001085069*J2^4+0,0,0,-0.0039130258*J1^2*J2^2+0.0039130258*J2^4+0,-0.0048727552*J1^2*J2^2+0.0095092556*J1^1*J2^3+-0.0046365004*J2^4+0,0,0,-0.0001181274*J1^2*J2^2+0.0001181274*J2^4+0,0.0014407437*J1^2*J2^2+-0.0054901713*J1^1*J2^3+0.0040494276*J2^4+0,0,0,0,0,0,0,0,0,0,0,0,0,0,0,0,0,0,0,0,0,0,0,0,0,0,0,0,0,0,0,0,0,0,0,0,0.0005638186*J1^2*J2^2+-0.0005638186*J2^4+0,-0.0039467304*J1^2*J2^2+0.0052623071*J1^1*J2^3+-0.0013155768*J2^4+0,-0.0039062500*J1^2*J2^2+0.0047743056*J1^1*J2^3+-0.0008680556*J2^4+0,-0.0013155768*J1^2*J2^2+0.0013155768*J2^4+0,-0.0015190972*J1^2*J2^2+0.0015190972*J2^4+0,0.0015190972*J1^2*J2^2+-0.0030381944*J1^1*J2^3+0.0015190972*J2^4+0,0.0015661628*J1^2*J2^2+-0.0027564466*J1^1*J2^3+0.0011902838*J2^4+0,0,0,0,0,0,0,0,0,0,0,0,0,0,0,0,0,0,0,0,0,0,0,0,0,0,0,0,0,0,0,0,0},
{0,0,-0.0003797743*J1^2*J2^2+0.0003797743*J2^4+0,0,0,0,0,-0.0001265914*J1^2*J2^2+0.0001265914*J2^4+0,0,0,0,0.0047924583*J1^2*J2^2+-0.0047924583*J2^4+0,0,0,0.0047924583*J1^2*J2^2+-0.0047924583*J2^4+0,0,0,0,-0.0000767260*J1^2*J2^2+0.0000767260*J2^4+0,0,0,0,0,-0.0000255753*J1^2*J2^2+0.0000255753*J2^4+0,0,0,0,0,0,0,0,0,0,0,0,0,0,0,0,0,0,0,0,0,0,0,0,0,0,0.0022786458*J1^2*J2^2+-0.0022786458*J2^4+0,-0.0003255208*J1^2*J2^2+0.0003255208*J2^4+0,0,-0.0003255208*J1^2*J2^2+0.0003255208*J2^4+0,0,0,0.0007595486*J1^2*J2^2+-0.0007595486*J2^4+0,0,0,0,0,0,0,0,0,0,-0.0032224918*J1^2*J2^2+0.0032224918*J2^4+0,0.0004603560*J1^2*J2^2+-0.0004603560*J2^4+0,0,0.0004603560*J1^2*J2^2+-0.0004603560*J2^4+0,0,0,-0.0010741639*J1^2*J2^2+0.0010741639*J2^4+0,0,0,0,0,0,0,0,0,0,0,0,0,0,0,0,0,0,0,0,0,0,0,0,0},
{0,0,-0.0000626465*J1^2*J2^2+0.0000626465*J2^4+0,-0.0027669271*J1^2*J2^2+0.0027669271*J2^4+0,0,0,-0.0027669271*J1^2*J2^2+0.0027669271*J2^4+0,-0.0000208822*J1^2*J2^2+0.0000208822*J2^4+0,0,0,0.0002819093*J1^2*J2^2+-0.0002819093*J2^4+0,0,0,0,0,0.0000939698*J1^2*J2^2+-0.0000939698*J2^4+0,0,0,-0.0003543822*J1^2*J2^2+0.0003543822*J2^4+0,-0.0039130258*J1^2*J2^2+0.0039130258*J2^4+0,0,0,-0.0039130258*J1^2*J2^2+0.0039130258*J2^4+0,-0.0001181274*J1^2*J2^2+0.0001181274*J2^4+0,0,0,0,0,0,0,0,0,0,0,0,0,0,0,0,0,0,0,0,0,0,0,0,0,0.0022786458*J1^2*J2^2+-0.0022786458*J2^4+0,0.0026311536*J1^2*J2^2+-0.0026311536*J2^4+0,0,-0.0003255208*J1^2*J2^2+0.0003255208*J2^4+0,0,-0.0003255208*J1^2*J2^2+0.0003255208*J2^4+0,0.0007595486*J1^2*J2^2+-0.0007595486*J2^4+0,0.0008770512*J1^2*J2^2+-0.0008770512*J2^4+0,0,0,0,0,0,0,0,0,-0.0032224918*J1^2*J2^2+0.0032224918*J2^4+0,-0.0037210131*J1^2*J2^2+0.0037210131*J2^4+0,0,0.0004603560*J1^2*J2^2+-0.0004603560*J2^4+0,0,0.0004603560*J1^2*J2^2+-0.0004603560*J2^4+0,-0.0010741639*J1^2*J2^2+0.0010741639*J2^4+0,-0.0012403377*J1^2*J2^2+0.0012403377*J2^4+0,0,0,0,0,0,0,0,0,0,0,0,0,0,0,0,0,0,0,0,0,0,0,0,0},
{0,0,0,-0.0003797743*J1^2*J2^2+0.0005063657*J1^1*J2^3+-0.0001265914*J2^4+0,0,0,-0.0001265914*J1^2*J2^2+0.0001265914*J2^4+0,0.0001461752*J1^2*J2^2+-0.0002923504*J1^1*J2^3+0.0001461752*J2^4+0,0,0,0.0047924583*J1^2*J2^2+-0.0047924583*J2^4+0,0.0055338542*J1^2*J2^2+-0.0110677083*J1^1*J2^3+0.0055338542*J2^4+0,0,0,0,-0.0015974861*J1^2*J2^2+0.0063899444*J1^1*J2^3+-0.0047924583*J2^4+0,0,0,0,-0.0000767260*J1^2*J2^2+0.0001023013*J1^1*J2^3+-0.0000255753*J2^4+0,0,0,-0.0000255753*J1^2*J2^2+0.0000255753*J2^4+0,0.0000295318*J1^2*J2^2+-0.0000590637*J1^1*J2^3+0.0000295318*J2^4+0,0,0,0,0,0,0,0,0,0,0,0,0,0,0,0,0,0,0,0,0,0,0,0,0,-0.0003255208*J1^2*J2^2+0.0003255208*J2^4+0,0,-0.0003758791*J1^2*J2^2+0.0007517582*J1^1*J2^3+-0.0003758791*J2^4+0,0.0022786458*J1^2*J2^2+-0.0030381944*J1^1*J2^3+0.0007595486*J2^4+0,0,0.0007595486*J1^2*J2^2+-0.0007595486*J2^4+0,0.0001085069*J1^2*J2^2+-0.0004340278*J1^1*J2^3+0.0003255208*J2^4+0,-0.0008770512*J1^2*J2^2+0.0017541024*J1^1*J2^3+-0.0008770512*J2^4+0,0,0,0,0,0,0,0,0,0.0004603560*J1^2*J2^2+-0.0004603560*J2^4+0,0,0.0005315733*J1^2*J2^2+-0.0010631466*J1^1*J2^3+0.0005315733*J2^4+0,-0.0032224918*J1^2*J2^2+0.0042966558*J1^1*J2^3+-0.0010741639*J2^4+0,0,-0.0010741639*J1^2*J2^2+0.0010741639*J2^4+0,-0.0001534520*J1^2*J2^2+0.0006138080*J1^1*J2^3+-0.0004603560*J2^4+0,0.0012403377*J1^2*J2^2+-0.0024806754*J1^1*J2^3+0.0012403377*J2^4+0,0,0,0,0,0,0,0,0,0,0,0,0,0,0,0,0,0,0,0,0,0,0,0,0},
{0,0,-0.0027669271*J1^2*J2^2+0.0027669271*J2^4+0,-0.0032576187*J1^2*J2^2+0.0064734731*J1^1*J2^3+-0.0032158544*J2^4+0,0,0,-0.0000208822*J1^2*J2^2+0.0000208822*J2^4+0,0.0009464217*J1^2*J2^2+-0.0037374614*J1^1*J2^3+0.0027910397*J2^4+0,0,0,0,0.0002819093*J1^2*J2^2+-0.0003758791*J1^1*J2^3+0.0000939698*J2^4+0,0,0,0.0000939698*J1^2*J2^2+-0.0000939698*J2^4+0,-0.0001085069*J1^2*J2^2+0.0002170139*J1^1*J2^3+-0.0001085069*J2^4+0,0,0,-0.0039130258*J1^2*J2^2+0.0039130258*J2^4+0,-0.0048727552*J1^2*J2^2+0.0095092556*J1^1*J2^3+-0.0046365004*J2^4+0,0,0,-0.0001181274*J1^2*J2^2+0.0001181274*J2^4+0,0.0014407437*J1^2*J2^2+-0.0054901713*J1^1*J2^3+0.0040494276*J2^4+0,0,0,0,0,0,0,0,0,0,0,0,0,0,0,0,0,0,0,0,0,0,0,0,0,0,-0.0003255208*J1^2*J2^2+0.0003255208*J2^4+0,0.0022786458*J1^2*J2^2+-0.0030381944*J1^1*J2^3+0.0007595486*J2^4+0,0.0022552745*J1^2*J2^2+-0.0027564466*J1^1*J2^3+0.0005011721*J2^4+0,0.0007595486*J1^2*J2^2+-0.0007595486*J2^4+0,0.0008770512*J1^2*J2^2+-0.0008770512*J2^4+0,-0.0008770512*J1^2*J2^2+0.0017541024*J1^1*J2^3+-0.0008770512*J2^4+0,-0.0009042245*J1^2*J2^2+0.0015914352*J1^1*J2^3+-0.0006872106*J2^4+0,0,0,0,0,0,0,0,0,0,0.0004603560*J1^2*J2^2+-0.0004603560*J2^4+0,-0.0032224918*J1^2*J2^2+0.0042966558*J1^1*J2^3+-0.0010741639*J2^4+0,-0.0031894398*J1^2*J2^2+0.0038982042*J1^1*J2^3+-0.0007087644*J2^4+0,-0.0010741639*J1^2*J2^2+0.0010741639*J2^4+0,-0.0012403377*J1^2*J2^2+0.0012403377*J2^4+0,0.0012403377*J1^2*J2^2+-0.0024806754*J1^1*J2^3+0.0012403377*J2^4+0,0.0012787666*J1^2*J2^2+-0.0022506292*J1^1*J2^3+0.0009718626*J2^4+0,0,0,0,0,0,0,0,0,0,0,0,0,0,0,0,0,0,0,0,0,0,0,0,0},
{0,0.0002192628*J1^2*J2^2+-0.0002192628*J2^4+0,0,0,0.0002192628*J1^2*J2^2+-0.0002192628*J2^4+0,0,0,0,-0.0083007812*J1^2*J2^2+0.0083007812*J2^4+0,0,0,0,0,-0.0027669271*J1^2*J2^2+0.0027669271*J2^4+0,0,0,0,0.0000442978*J1^2*J2^2+-0.0000442978*J2^4+0,0,0,0.0000442978*J1^2*J2^2+-0.0000442978*J2^4+0,0,0,0,0,0,0,0,0,0,0,0,0,0,0,0,0,0,0,0,0,0,0,0,0,0,0,0,0,0,0,0,0,0,0,0,-0.0009765625*J1^2*J2^2+0.0009765625*J2^4+0,0,0,0.0022786458*J1^2*J2^2+-0.0022786458*J2^4+0,0,0.0022786458*J1^2*J2^2+-0.0022786458*J2^4+0,-0.0003255208*J1^2*J2^2+0.0003255208*J2^4+0,0,0,0,0,0,0,0,0,0,0,0,0,0,0,0,0,0,0,0,0,0,0,0,0,0,0,0,0,0,0,0,0,0},
{0.0047924583*J1^2*J2^2+-0.0047924583*J2^4+0,0.0000361690*J1^2*J2^2+-0.0000361690*J2^4+0,0,0,0.0000361690*J1^2*J2^2+-0.0000361690*J2^4+0,0.0015974861*J1^2*J2^2+-0.0015974861*J2^4+0,0,0,0,-0.0001627604*J1^2*J2^2+0.0001627604*J2^4+0,0,0,-0.0001627604*J1^2*J2^2+0.0001627604*J2^4+0,0,0,0,0.0067775595*J1^2*J2^2+-0.0067775595*J2^4+0,0.0002046027*J1^2*J2^2+-0.0002046027*J2^4+0,0,0,0.0002046027*J1^2*J2^2+-0.0002046027*J2^4+0,0.0022591865*J1^2*J2^2+-0.0022591865*J2^4+0,0,0,0,0,0,0,0,0,0,0,0,0,0,0,0,0,0,0,0,0,0,0,0,0,0,0,0,0,0,0,0,0,0,0,0,-0.0009765625*J1^2*J2^2+0.0009765625*J2^4+0,0.0022786458*J1^2*J2^2+-0.0022786458*J2^4+0,0.0026311536*J1^2*J2^2+-0.0026311536*J2^4+0,0.0022786458*J1^2*J2^2+-0.0022786458*J2^4+0,0.0026311536*J1^2*J2^2+-0.0026311536*J2^4+0,0,-0.0003255208*J1^2*J2^2+0.0003255208*J2^4+0,0,0,0,0,0,0,0,0,0,0,0,0,0,0,0,0,0,0,0,0,0,0,0,0,0,0,0,0,0,0,0,0},
{0.0002192628*J1^2*J2^2+-0.0002192628*J2^4+0,-0.0002531829*J1^2*J2^2+0.0005063657*J1^1*J2^3+-0.0002531829*J2^4+0,0,0,0,0.0002192628*J1^2*J2^2+-0.0002923504*J1^1*J2^3+0.0000730876*J2^4+0,0,0,0,0.0027669271*J1^2*J2^2+-0.0110677083*J1^1*J2^3+0.0083007813*J2^4+0,0,0,-0.0027669271*J1^2*J2^2+0.0027669271*J2^4+0,-0.0031949722*J1^2*J2^2+0.0063899444*J1^1*J2^3+-0.0031949722*J2^4+0,0,0,0.0000442978*J1^2*J2^2+-0.0000442978*J2^4+0,-0.0000511507*J1^2*J2^2+0.0001023013*J1^1*J2^3+-0.0000511507*J2^4+0,0,0,0,0.0000442978*J1^2*J2^2+-0.0000590637*J1^1*J2^3+0.0000147659*J2^4+0,0,0,0,0,0,0,0,0,0,0,0,0,0,0,0,0,0,0,0,0,0,0,0,0,0,0,0,0,0,0,0,0,0,0,0,0.0022786458*J1^2*J2^2+-0.0022786458*J2^4+0,0.0003255208*J1^2*J2^2+-0.0013020833*J1^1*J2^3+0.0009765625*J2^4+0,-0.0026311536*J1^2*J2^2+0.0052623071*J1^1*J2^3+-0.0026311536*J2^4+0,-0.0003255208*J1^2*J2^2+0.0003255208*J2^4+0,0,-0.0003758791*J1^2*J2^2+0.0007517582*J1^1*J2^3+-0.0003758791*J2^4+0,0.0022786458*J1^2*J2^2+-0.0030381944*J1^1*J2^3+0.0007595486*J2^4+0,0,0,0,0,0,0,0,0,0,0,0,0,0,0,0,0,0,0,0,0,0,0,0,0,0,0,0,0,0,0,0,0},
{0.0000361690*J1^2*J2^2+-0.0000361690*J2^4+0,-0.0016392504*J1^2*J2^2+0.0064734731*J1^1*J2^3+-0.0048342226*J2^4+0,0,0,0.0015974861*J1^2*J2^2+-0.0015974861*J2^4+0,0.0018807870*J1^2*J2^2+-0.0037374614*J1^1*J2^3+0.0018566744*J2^4+0,0,0,-0.0001627604*J1^2*J2^2+0.0001627604*J2^4+0,0.0001879395*J1^2*J2^2+-0.0003758791*J1^1*J2^3+0.0001879395*J2^4+0,0,0,0,-0.0001627604*J1^2*J2^2+0.0002170139*J1^1*J2^3+-0.0000542535*J2^4+0,0,0,0.0002046027*J1^2*J2^2+-0.0002046027*J2^4+0,-0.0024954413*J1^2*J2^2+0.0095092556*J1^1*J2^3+-0.0070138143*J2^4+0,0,0,0.0022591865*J1^2*J2^2+-0.0022591865*J2^4+0,0.0028132865*J1^2*J2^2+-0.0054901713*J1^1*J2^3+0.0026768848*J2^4+0,0,0,0,0,0,0,0,0,0,0,0,0,0,0,0,0,0,0,0,0,0,0,0,0,0,0,0,0,0,0,0,0,0,0,0.0022786458*J1^2*J2^2+-0.0022786458*J2^4+0,0.0026311536*J1^2*J2^2+-0.0026311536*J2^4+0,-0.0026311536*J1^2*J2^2+0.0052623071*J1^1*J2^3+-0.0026311536*J2^4+0,-0.0027126736*J1^2*J2^2+0.0047743056*J1^1*J2^3+-0.0020616319*J2^4+0,0,-0.0003255208*J1^2*J2^2+0.0003255208*J2^4+0,0.0022786458*J1^2*J2^2+-0.0030381944*J1^1*J2^3+0.0007595486*J2^4+0,0.0022552745*J1^2*J2^2+-0.0027564466*J1^1*J2^3+0.0005011721*J2^4+0,0,0,0,0,0,0,0,0,0,0,0,0,0,0,0,0,0,0,0,0,0,0,0,0,0,0,0,0,0,0,0,0},
{0,0,0,0.0002192628*J1^2*J2^2+-0.0002192628*J2^4+0,0,0,0.0002192628*J1^2*J2^2+-0.0002192628*J2^4+0,0,0,0,-0.0083007813*J1^2*J2^2+0.0083007813*J2^4+0,0,0,0,0,-0.0027669271*J1^2*J2^2+0.0027669271*J2^4+0,0,0,0,0.0000442978*J1^2*J2^2+-0.0000442978*J2^4+0,0,0,0.0000442978*J1^2*J2^2+-0.0000442978*J2^4+0,0,0,0,0,0,0,0,0,0,0,0,0,0,0,0,0,0,0,0,0,0,0,0,0,0,0.0005638186*J1^2*J2^2+-0.0005638186*J2^4+0,0,0,-0.0013155768*J1^2*J2^2+0.0013155768*J2^4+0,0,-0.0013155768*J1^2*J2^2+0.0013155768*J2^4+0,0.0001879395*J1^2*J2^2+-0.0001879395*J2^4+0,0,0,0,0,0,0,0,0,0,-0.0007973599*J1^2*J2^2+0.0007973599*J2^4+0,0,0,0.0018605065*J1^2*J2^2+-0.0018605065*J2^4+0,0,0.0018605065*J1^2*J2^2+-0.0018605065*J2^4+0,-0.0002657866*J1^2*J2^2+0.0002657866*J2^4+0,0,0,0,0,0,0,0,0,0,0,0,0,0,0,0,0,0,0,0,0,0,0,0,0,0},
{0,0,0.0047924583*J1^2*J2^2+-0.0047924583*J2^4+0,0.0000361690*J1^2*J2^2+-0.0000361690*J2^4+0,0,0,0.0000361690*J1^2*J2^2+-0.0000361690*J2^4+0,0.0015974861*J1^2*J2^2+-0.0015974861*J2^4+0,0,0,0,-0.0001627604*J1^2*J2^2+0.0001627604*J2^4+0,0,0,-0.0001627604*J1^2*J2^2+0.0001627604*J2^4+0,0,0,0,0.0067775595*J1^2*J2^2+-0.0067775595*J2^4+0,0.0002046027*J1^2*J2^2+-0.0002046027*J2^4+0,0,0,0.0002046027*J1^2*J2^2+-0.0002046027*J2^4+0,0.0022591865*J1^2*J2^2+-0.0022591865*J2^4+0,0,0,0,0,0,0,0,0,0,0,0,0,0,0,0,0,0,0,0,0,0,0,0,0,0,0.0005638186*J1^2*J2^2+-0.0005638186*J2^4+0,-0.0013155768*J1^2*J2^2+0.0013155768*J2^4+0,-0.0015190972*J1^2*J2^2+0.0015190972*J2^4+0,-0.0013155768*J1^2*J2^2+0.0013155768*J2^4+0,-0.0015190972*J1^2*J2^2+0.0015190972*J2^4+0,0,0.0001879395*J1^2*J2^2+-0.0001879395*J2^4+0,0,0,0,0,0,0,0,0,0,-0.0007973599*J1^2*J2^2+0.0007973599*J2^4+0,0.0018605065*J1^2*J2^2+-0.0018605065*J2^4+0,0.0021483279*J1^2*J2^2+-0.0021483279*J2^4+0,0.0018605065*J1^2*J2^2+-0.0018605065*J2^4+0,0.0021483279*J1^2*J2^2+-0.0021483279*J2^4+0,0,-0.0002657866*J1^2*J2^2+0.0002657866*J2^4+0,0,0,0,0,0,0,0,0,0,0,0,0,0,0,0,0,0,0,0,0,0,0,0,0},
{0,0,0.0002192628*J1^2*J2^2+-0.0002192628*J2^4+0,-0.0002531829*J1^2*J2^2+0.0005063657*J1^1*J2^3+-0.0002531829*J2^4+0,0,0,0,0.0002192628*J1^2*J2^2+-0.0002923504*J1^1*J2^3+0.0000730876*J2^4+0,0,0,0,0.0027669271*J1^2*J2^2+-0.0110677083*J1^1*J2^3+0.0083007813*J2^4+0,0,0,-0.0027669271*J1^2*J2^2+0.0027669271*J2^4+0,-0.0031949722*J1^2*J2^2+0.0063899444*J1^1*J2^3+-0.0031949722*J2^4+0,0,0,0.0000442978*J1^2*J2^2+-0.0000442978*J2^4+0,-0.0000511507*J1^2*J2^2+0.0001023013*J1^1*J2^3+-0.0000511507*J2^4+0,0,0,0,0.0000442978*J1^2*J2^2+-0.0000590637*J1^1*J2^3+0.0000147659*J2^4+0,0,0,0,0,0,0,0,0,0,0,0,0,0,0,0,0,0,0,0,0,0,0,0,0,0,-0.0013155768*J1^2*J2^2+0.0013155768*J2^4+0,-0.0001879395*J1^2*J2^2+0.0007517582*J1^1*J2^3+-0.0005638186*J2^4+0,0.0015190972*J1^2*J2^2+-0.0030381944*J1^1*J2^3+0.0015190972*J2^4+0,0.0001879395*J1^2*J2^2+-0.0001879395*J2^4+0,0,0.0002170139*J1^2*J2^2+-0.0004340278*J1^1*J2^3+0.0002170139*J2^4+0,-0.0013155768*J1^2*J2^2+0.0017541024*J1^1*J2^3+-0.0004385256*J2^4+0,0,0,0,0,0,0,0,0,0,0.0018605065*J1^2*J2^2+-0.0018605065*J2^4+0,0.0002657866*J1^2*J2^2+-0.0010631466*J1^1*J2^3+0.0007973599*J2^4+0,-0.0021483279*J1^2*J2^2+0.0042966558*J1^1*J2^3+-0.0021483279*J2^4+0,-0.0002657866*J1^2*J2^2+0.0002657866*J2^4+0,0,-0.0003069040*J1^2*J2^2+0.0006138080*J1^1*J2^3+-0.0003069040*J2^4+0,0.0018605065*J1^2*J2^2+-0.0024806754*J1^1*J2^3+0.0006201688*J2^4+0,0,0,0,0,0,0,0,0,0,0,0,0,0,0,0,0,0,0,0,0,0,0,0,0},
{0,0,0.0000361690*J1^2*J2^2+-0.0000361690*J2^4+0,-0.0016392504*J1^2*J2^2+0.0064734731*J1^1*J2^3+-0.0048342226*J2^4+0,0,0,0.0015974861*J1^2*J2^2+-0.0015974861*J2^4+0,0.0018807870*J1^2*J2^2+-0.0037374614*J1^1*J2^3+0.0018566744*J2^4+0,0,0,-0.0001627604*J1^2*J2^2+0.0001627604*J2^4+0,0.0001879395*J1^2*J2^2+-0.0003758791*J1^1*J2^3+0.0001879395*J2^4+0,0,0,0,-0.0001627604*J1^2*J2^2+0.0002170139*J1^1*J2^3+-0.0000542535*J2^4+0,0,0,0.0002046027*J1^2*J2^2+-0.0002046027*J2^4+0,-0.0024954413*J1^2*J2^2+0.0095092556*J1^1*J2^3+-0.0070138143*J2^4+0,0,0,0.0022591865*J1^2*J2^2+-0.0022591865*J2^4+0,0.0028132865*J1^2*J2^2+-0.0054901713*J1^1*J2^3+0.0026768848*J2^4+0,0,0,0,0,0,0,0,0,0,0,0,0,0,0,0,0,0,0,0,0,0,0,0,0,-0.0013155768*J1^2*J2^2+0.0013155768*J2^4+0,-0.0015190972*J1^2*J2^2+0.0015190972*J2^4+0,0.0015190972*J1^2*J2^2+-0.0030381944*J1^1*J2^3+0.0015190972*J2^4+0,0.0015661628*J1^2*J2^2+-0.0027564466*J1^1*J2^3+0.0011902838*J2^4+0,0,0.0001879395*J1^2*J2^2+-0.0001879395*J2^4+0,-0.0013155768*J1^2*J2^2+0.0017541024*J1^1*J2^3+-0.0004385256*J2^4+0,-0.0013020833*J1^2*J2^2+0.0015914352*J1^1*J2^3+-0.0002893519*J2^4+0,0,0,0,0,0,0,0,0,0.0018605065*J1^2*J2^2+-0.0018605065*J2^4+0,0.0021483279*J1^2*J2^2+-0.0021483279*J2^4+0,-0.0021483279*J1^2*J2^2+0.0042966558*J1^1*J2^3+-0.0021483279*J2^4+0,-0.0022148887*J1^2*J2^2+0.0038982042*J1^1*J2^3+-0.0016833154*J2^4+0,0,-0.0002657866*J1^2*J2^2+0.0002657866*J2^4+0,0.0018605065*J1^2*J2^2+-0.0024806754*J1^1*J2^3+0.0006201688*J2^4+0,0.0018414239*J1^2*J2^2+-0.0022506292*J1^1*J2^3+0.0004092053*J2^4+0,0,0,0,0,0,0,0,0,0,0,0,0,0,0,0,0,0,0,0,0,0,0,0,0},
{0,0,0,0,0.0003100844*J1^2*J2^2+-0.0003100844*J2^4+0,-0.0001790273*J1^2*J2^2+0.0001790273*J2^4+0,0,0,0,0,0,0,0.0067775595*J1^2*J2^2+-0.0067775595*J2^4+0,-0.0039130258*J1^2*J2^2+0.0039130258*J2^4+0,0,0,0,0,0,0,0.0000626465*J1^2*J2^2+-0.0000626465*J2^4+0,-0.0000361690*J1^2*J2^2+0.0000361690*J2^4+0,0,0,0,0,0,0,0,0,0,0,0,0,0,0,0,0,0,0,0,0,0,0,0,0,0,0,0,0,0,0,0,0,0,0,0,0,0,0,0.0007973599*J1^2*J2^2+-0.0007973599*J2^4+0,0.0032224918*J1^2*J2^2+-0.0032224918*J2^4+0,-0.0004603560*J1^2*J2^2+0.0004603560*J2^4+0,-0.0018605065*J1^2*J2^2+0.0018605065*J2^4+0,0,0,0,0,0,0,0,0,0,0,0,0,0,0,0,0,0,0,0,0,0,0,0,0,0,0,0,0,0,0,0,0},
{0,0,0,0,-0.0038618751*J1^2*J2^2+0.0038618751*J2^4+0,0.0022296547*J1^2*J2^2+-0.0022296547*J2^4+0,0,0,0,0,0,0,-0.0002301780*J1^2*J2^2+0.0002301780*J2^4+0,0.0001328933*J1^2*J2^2+-0.0001328933*J2^4+0,0,0,0,0,0,0,-0.0052445023*J1^2*J2^2+0.0052445023*J2^4+0,0.0030279148*J1^2*J2^2+-0.0030279148*J2^4+0,0,0,0,0,0,0,0,0,0,0,0,0,0,0,0,0,0,0,0,0,0,0,0,0,0,0,0,0,0,0,0,0,0,0,0,0,0,0,0.0032224918*J1^2*J2^2+-0.0032224918*J2^4+0,0.0045183730*J1^2*J2^2+-0.0045183730*J2^4+0,-0.0018605065*J1^2*J2^2+0.0018605065*J2^4+0,-0.0026086839*J1^2*J2^2+0.0026086839*J2^4+0,0,0,0,0,0,0,0,0,0,0,0,0,0,0,0,0,0,0,0,0,0,0,0,0,0,0,0,0,0,0,0,0},
{0,0,0,0,-0.0001790273*J1^2*J2^2+0.0001790273*J2^4+0,0.0005168074*J1^2*J2^2+-0.0008268918*J1^1*J2^3+0.0003100844*J2^4+0,0,0,0,0,0,0,-0.0039130258*J1^2*J2^2+0.0039130258*J2^4+0,-0.0067775595*J1^2*J2^2+0.0180734920*J1^1*J2^3+-0.0112959325*J2^4+0,0,0,0,0,0,0,-0.0000361690*J1^2*J2^2+0.0000361690*J2^4+0,0.0001044109*J1^2*J2^2+-0.0001670574*J1^1*J2^3+0.0000626465*J2^4+0,0,0,0,0,0,0,0,0,0,0,0,0,0,0,0,0,0,0,0,0,0,0,0,0,0,0,0,0,0,0,0,0,0,0,0,0,0,0,-0.0004603560*J1^2*J2^2+0.0004603560*J2^4+0,-0.0018605065*J1^2*J2^2+0.0018605065*J2^4+0,-0.0007973599*J1^2*J2^2+0.0021262932*J1^1*J2^3+-0.0013289332*J2^4+0,0.0053708197*J1^2*J2^2+-0.0085933116*J1^1*J2^3+0.0032224918*J2^4+0,0,0,0,0,0,0,0,0,0,0,0,0,0,0,0,0,0,0,0,0,0,0,0,0,0,0,0,0,0,0,0,0},
{0,0,0,0,0.0022296547*J1^2*J2^2+-0.0022296547*J2^4+0,0.0039982769*J1^2*J2^2+-0.0105711373*J1^1*J2^3+0.0065728603*J2^4+0,0,0,0,0,0,0,0.0001328933*J1^2*J2^2+-0.0001328933*J2^4+0,-0.0003836300*J1^2*J2^2+0.0006138080*J1^1*J2^3+-0.0002301780*J2^4+0,0,0,0,0,0,0,0.0030279148*J1^2*J2^2+-0.0030279148*J2^4+0,0.0060161073*J1^2*J2^2+-0.0155285494*J1^1*J2^3+0.0095124421*J2^4+0,0,0,0,0,0,0,0,0,0,0,0,0,0,0,0,0,0,0,0,0,0,0,0,0,0,0,0,0,0,0,0,0,0,0,0,0,0,0,-0.0018605065*J1^2*J2^2+0.0018605065*J2^4+0,-0.0026086839*J1^2*J2^2+0.0026086839*J2^4+0,0.0053708197*J1^2*J2^2+-0.0085933116*J1^1*J2^3+0.0032224918*J2^4+0,0.0054043285*J1^2*J2^2+-0.0077964083*J1^1*J2^3+0.0023920798*J2^4+0,0,0,0,0,0,0,0,0,0,0,0,0,0,0,0,0,0,0,0,0,0,0,0,0,0,0,0,0,0,0,0,0},
{0,0,0,0,0,0,0.0003100844*J1^2*J2^2+-0.0003100844*J2^4+0,-0.0001790273*J1^2*J2^2+0.0001790273*J2^4+0,0,0,0,0,0,0,0.0067775595*J1^2*J2^2+-0.0067775595*J2^4+0,-0.0039130258*J1^2*J2^2+0.0039130258*J2^4+0,0,0,0,0,0,0,0.0000626465*J1^2*J2^2+-0.0000626465*J2^4+0,-0.0000361690*J1^2*J2^2+0.0000361690*J2^4+0,0,0,0,0,0,0,0,0,0,0,0,0,0,0,0,0,0,0,0,0,0,0,0,0,0,0,0,0,-0.0004603560*J1^2*J2^2+0.0004603560*J2^4+0,-0.0018605065*J1^2*J2^2+0.0018605065*J2^4+0,0.0002657866*J1^2*J2^2+-0.0002657866*J2^4+0,0.0010741639*J1^2*J2^2+-0.0010741639*J2^4+0,0,0,0,0,0,0,0,0,0,0,0,0,0.0006510417*J1^2*J2^2+-0.0006510417*J2^4+0,0.0026311536*J1^2*J2^2+-0.0026311536*J2^4+0,-0.0003758791*J1^2*J2^2+0.0003758791*J2^4+0,-0.0015190972*J1^2*J2^2+0.0015190972*J2^4+0,0,0,0,0,0,0,0,0,0,0,0,0,0,0,0,0,0,0,0,0,0,0,0,0},
{0,0,0,0,0,0,-0.0038618751*J1^2*J2^2+0.0038618751*J2^4+0,0.0022296547*J1^2*J2^2+-0.0022296547*J2^4+0,0,0,0,0,0,0,-0.0002301780*J1^2*J2^2+0.0002301780*J2^4+0,0.0001328933*J1^2*J2^2+-0.0001328933*J2^4+0,0,0,0,0,0,0,-0.0052445023*J1^2*J2^2+0.0052445023*J2^4+0,0.0030279148*J1^2*J2^2+-0.0030279148*J2^4+0,0,0,0,0,0,0,0,0,0,0,0,0,0,0,0,0,0,0,0,0,0,0,0,0,0,0,0,0,-0.0018605065*J1^2*J2^2+0.0018605065*J2^4+0,-0.0026086839*J1^2*J2^2+0.0026086839*J2^4+0,0.0010741639*J1^2*J2^2+-0.0010741639*J2^4+0,0.0015061243*J1^2*J2^2+-0.0015061243*J2^4+0,0,0,0,0,0,0,0,0,0,0,0,0,0.0026311536*J1^2*J2^2+-0.0026311536*J2^4+0,0.0036892361*J1^2*J2^2+-0.0036892361*J2^4+0,-0.0015190972*J1^2*J2^2+0.0015190972*J2^4+0,-0.0021299815*J1^2*J2^2+0.0021299815*J2^4+0,0,0,0,0,0,0,0,0,0,0,0,0,0,0,0,0,0,0,0,0,0,0,0,0},
{0,0,0,0,0,0,-0.0001790273*J1^2*J2^2+0.0001790273*J2^4+0,0.0005168074*J1^2*J2^2+-0.0008268918*J1^1*J2^3+0.0003100844*J2^4+0,0,0,0,0,0,0,-0.0039130258*J1^2*J2^2+0.0039130258*J2^4+0,-0.0067775595*J1^2*J2^2+0.0180734920*J1^1*J2^3+-0.0112959325*J2^4+0,0,0,0,0,0,0,-0.0000361690*J1^2*J2^2+0.0000361690*J2^4+0,0.0001044109*J1^2*J2^2+-0.0001670574*J1^1*J2^3+0.0000626465*J2^4+0,0,0,0,0,0,0,0,0,0,0,0,0,0,0,0,0,0,0,0,0,0,0,0,0,0,0,0,0,0.0002657866*J1^2*J2^2+-0.0002657866*J2^4+0,0.0010741639*J1^2*J2^2+-0.0010741639*J2^4+0,0.0004603560*J1^2*J2^2+-0.0012276159*J1^1*J2^3+0.0007672600*J2^4+0,-0.0031008442*J1^2*J2^2+0.0049613508*J1^1*J2^3+-0.0018605065*J2^4+0,0,0,0,0,0,0,0,0,0,0,0,0,-0.0003758791*J1^2*J2^2+0.0003758791*J2^4+0,-0.0015190972*J1^2*J2^2+0.0015190972*J2^4+0,-0.0006510417*J1^2*J2^2+0.0017361111*J1^1*J2^3+-0.0010850694*J2^4+0,0.0043852560*J1^2*J2^2+-0.0070164095*J1^1*J2^3+0.0026311536*J2^4+0,0,0,0,0,0,0,0,0,0,0,0,0,0,0,0,0,0,0,0,0,0,0,0,0},
{0,0,0,0,0,0,0.0022296547*J1^2*J2^2+-0.0022296547*J2^4+0,0.0039982769*J1^2*J2^2+-0.0105711373*J1^1*J2^3+0.0065728603*J2^4+0,0,0,0,0,0,0,0.0001328933*J1^2*J2^2+-0.0001328933*J2^4+0,-0.0003836300*J1^2*J2^2+0.0006138080*J1^1*J2^3+-0.0002301780*J2^4+0,0,0,0,0,0,0,0.0030279148*J1^2*J2^2+-0.0030279148*J2^4+0,0.0060161073*J1^2*J2^2+-0.0155285494*J1^1*J2^3+0.0095124421*J2^4+0,0,0,0,0,0,0,0,0,0,0,0,0,0,0,0,0,0,0,0,0,0,0,0,0,0,0,0,0,0.0010741639*J1^2*J2^2+-0.0010741639*J2^4+0,0.0015061243*J1^2*J2^2+-0.0015061243*J2^4+0,-0.0031008442*J1^2*J2^2+0.0049613508*J1^1*J2^3+-0.0018605065*J2^4+0,-0.0031201905*J1^2*J2^2+0.0045012584*J1^1*J2^3+-0.0013810679*J2^4+0,0,0,0,0,0,0,0,0,0,0,0,0,-0.0015190972*J1^2*J2^2+0.0015190972*J2^4+0,-0.0021299815*J1^2*J2^2+0.0021299815*J2^4+0,0.0043852560*J1^2*J2^2+-0.0070164095*J1^1*J2^3+0.0026311536*J2^4+0,0.0044126157*J1^2*J2^2+-0.0063657407*J1^1*J2^3+0.0019531250*J2^4+0,0,0,0,0,0,0,0,0,0,0,0,0,0,0,0,0,0,0,0,0,0,0,0,0}
}