96
{{0,0,0,0,0,0,0,0,0,0,0,0,0,0,0,0,0,0,0,0,0,0,0,0,0,0,0,0,0,0,0,0,0,0,0,0,0,0,0,0,0,0,0,0,0,0,0,0,0,0,0,0,0,0,0,0,0,0,0,0,0,0,0,0,0,0,0,0,0,0,0,0,-0.0014166184*J2^4+0,-0.0011554801*J2^4+0,0.0008178850*J1^1*J2^3+0,0.0006671168*J1^1*J2^3+0,0,0,0,0,-0.0014166184*J1^1*J2^3+0,-0.0011554801*J1^1*J2^3+0,0.0008178850*J2^4+0,0.0006671168*J2^4+0,0,0,0,0,0,0,0,0,0,0,0,0},
{0,0,0,0,0,0,0,0,0,0,0,0,0,0,0,0,0,0,0,0,0,0,0,0,0,0,0,0,0,0,0,0,0,0,0,0,0,0,0,0,0,0,0,0,0,0,0,0,0,0,0,0,0,0,0,0,0,0,0,0,0,0,0,0,0,0,0,0,0,0,0,0,0.0008178850*J1^1*J2^3+0,0.0006671168*J1^1*J2^3+0,-0.0009444123*J1^1*J2^3+0.0004722061*J2^4+0,-0.0007703201*J1^1*J2^3+0.0003851600*J2^4+0,0,0,0,0,0.0008178850*J2^4+0,0.0006671168*J2^4+0,0.0004722061*J1^1*J2^3+-0.0009444123*J2^4+0,0.0003851600*J1^1*J2^3+-0.0007703201*J2^4+0,0,0,0,0,0,0,0,0,0,0,0,0},
{0,0,0,0,0,0,0,0,0,0,0,0,0,0,0,0,0,0,0,0,0,0,0,0,0,0,0,0,0,0,0,0,0,0,0,0,0,0,0,0,0,0,0,0,0,0,0,0,0,0,0,0,0,0,0,0,0,0,0,0,0,0,0,0,0,0,0,0,0,0,0,0,0,0,0,0,-0.0014166184*J2^4+0,-0.0011554801*J2^4+0,0.0008178850*J1^1*J2^3+0,0.0006671168*J1^1*J2^3+0,0,0,0,0,-0.0014166184*J1^1*J2^3+0,-0.0011554801*J1^1*J2^3+0,0.0008178850*J2^4+0,0.0006671168*J2^4+0,0,0,0,0,0,0,0,0},
{0,0,0,0,0,0,0,0,0,0,0,0,0,0,0,0,0,0,0,0,0,0,0,0,0,0,0,0,0,0,0,0,0,0,0,0,0,0,0,0,0,0,0,0,0,0,0,0,0,0,0,0,0,0,0,0,0,0,0,0,0,0,0,0,0,0,0,0,0,0,0,0,0,0,0,0,0.0008178850*J1^1*J2^3+0,0.0006671168*J1^1*J2^3+0,-0.0009444123*J1^1*J2^3+0.0004722061*J2^4+0,-0.0007703201*J1^1*J2^3+0.0003851600*J2^4+0,0,0,0,0,0.0008178850*J2^4+0,0.0006671168*J2^4+0,0.0004722061*J1^1*J2^3+-0.0009444123*J2^4+0,0.0003851600*J1^1*J2^3+-0.0007703201*J2^4+0,0,0,0,0,0,0,0,0},
{0,0,0,0,0,0,0,0,0,0,0,0,0,0,0,0,0,0,0,0,0,0,0,0,0,0,0,0,0,0,0,0,0,0,0,0,0,0,0,0,0,0,0,0,0,0,0,0,0,0,0,0,0,0,0,0,0,0,0,0,0,0,0,0,0,0,0,0,0,0,0,0,0.0008178850*J1^1*J2^3+0,0.0006671168*J1^1*J2^3+0,-0.0004722061*J2^4+0,-0.0003851600*J2^4+0,0,0,0,0,0.0008178850*J2^4+0,0.0006671168*J2^4+0,-0.0004722061*J1^1*J2^3+0,-0.0003851600*J1^1*J2^3+0,0,0,0,0,-0.0011566641*J1^1*J2^3+0.0011566641*J2^4+0,-0.0009434456*J1^1*J2^3+0.0009434456*J2^4+0,-0.0006678003*J1^1*J2^3+0.0006678003*J2^4+0,-0.0005446986*J1^1*J2^3+0.0005446986*J2^4+0,0,0,0,0},
{0,0,0,0,0,0,0,0,0,0,0,0,0,0,0,0,0,0,0,0,0,0,0,0,0,0,0,0,0,0,0,0,0,0,0,0,0,0,0,0,0,0,0,0,0,0,0,0,0,0,0,0,0,0,0,0,0,0,0,0,0,0,0,0,0,0,0,0,0,0,0,0,-0.0004722061*J2^4+0,-0.0003851600*J2^4+0,-0.0002726283*J1^1*J2^3+0.0005452567*J2^4+0,-0.0002223723*J1^1*J2^3+0.0004447445*J2^4+0,0,0,0,0,-0.0004722061*J1^1*J2^3+0,-0.0003851600*J1^1*J2^3+0,0.0005452567*J1^1*J2^3+-0.0002726283*J2^4+0,0.0004447445*J1^1*J2^3+-0.0002223723*J2^4+0,0,0,0,0,-0.0006678003*J1^1*J2^3+0.0006678003*J2^4+0,-0.0005446986*J1^1*J2^3+0.0005446986*J2^4+0,0.0011566641*J1^1*J2^3+-0.0011566641*J2^4+0,0.0009434456*J1^1*J2^3+-0.0009434456*J2^4+0,0,0,0,0},
{0,0,0,0,0,0,0,0,0,0,0,0,0,0,0,0,0,0,0,0,0,0,0,0,0,0,0,0,0,0,0,0,0,0,0,0,0,0,0,0,0,0,0,0,0,0,0,0,0,0,0,0,0,0,0,0,0,0,0,0,0,0,0,0,0,0,0,0,0,0,0,0,0,0,0,0,0.0008178850*J1^1*J2^3+0,0.0006671168*J1^1*J2^3+0,-0.0004722061*J2^4+0,-0.0003851600*J2^4+0,0,0,0,0,0.0008178850*J2^4+0,0.0006671168*J2^4+0,-0.0004722061*J1^1*J2^3+0,-0.0003851600*J1^1*J2^3+0,0,0,0,0,-0.0011566641*J1^1*J2^3+0.0011566641*J2^4+0,-0.0009434456*J1^1*J2^3+0.0009434456*J2^4+0,-0.0006678003*J1^1*J2^3+0.0006678003*J2^4+0,-0.0005446986*J1^1*J2^3+0.0005446986*J2^4+0},
{0,0,0,0,0,0,0,0,0,0,0,0,0,0,0,0,0,0,0,0,0,0,0,0,0,0,0,0,0,0,0,0,0,0,0,0,0,0,0,0,0,0,0,0,0,0,0,0,0,0,0,0,0,0,0,0,0,0,0,0,0,0,0,0,0,0,0,0,0,0,0,0,0,0,0,0,-0.0004722061*J2^4+0,-0.0003851600*J2^4+0,-0.0002726283*J1^1*J2^3+0.0005452567*J2^4+0,-0.0002223723*J1^1*J2^3+0.0004447445*J2^4+0,0,0,0,0,-0.0004722061*J1^1*J2^3+0,-0.0003851600*J1^1*J2^3+0,0.0005452567*J1^1*J2^3+-0.0002726283*J2^4+0,0.0004447445*J1^1*J2^3+-0.0002223723*J2^4+0,0,0,0,0,-0.0006678003*J1^1*J2^3+0.0006678003*J2^4+0,-0.0005446986*J1^1*J2^3+0.0005446986*J2^4+0,0.0011566641*J1^1*J2^3+-0.0011566641*J2^4+0,0.0009434456*J1^1*J2^3+-0.0009434456*J2^4+0},
{0,0,0,0,0,0,0,0,0,0,0,0,0,0,0,0,0,0,0,0,0,0,0,0,0,0,0,0,0,0,0,0,0,0,0,0,0,0,0,0,0,0,0,0,0,0,0,0,0,0,0,0,0,0,0,0,0,0,0,0,0,0,0,0,0,0,0,0,0,0,0,0,0,0.0019733652*J2^4+0,0,-0.0011393229*J1^1*J2^3+0,0,0,0,0,0,0.0019733652*J1^1*J2^3+0,0,-0.0011393229*J2^4+0,0,0,0,0,0,0,0,0,0,0,0,0},
{0,0,0,0,0,0,0,0,0,0,0,0,0,0,0,0,0,0,0,0,0,0,0,0,0,0,0,0,0,0,0,0,0,0,0,0,0,0,0,0,0,0,0,0,0,0,0,0,0,0,0,0,0,0,0,0,0,0,0,0,0,0,0,0,0,0,0,0,0,0,0,0,0,-0.0011393229*J1^1*J2^3+0,0,0.0013155768*J1^1*J2^3+-0.0006577884*J2^4+0,0,0,0,0,0,-0.0011393229*J2^4+0,0,-0.0006577884*J1^1*J2^3+0.0013155768*J2^4+0,0,0,0,0,0,0,0,0,0,0,0,0},
{0,0,0,0,0,0,0,0,0,0,0,0,0,0,0,0,0,0,0,0,0,0,0,0,0,0,0,0,0,0,0,0,0,0,0,0,0,0,0,0,0,0,0,0,0,0,0,0,0,0,0,0,0,0,0,0,0,0,0,0,0,0,0,0,0,0,0,0,0,0,0,0,0,0,0,0,0,0.0019733652*J2^4+0,0,-0.0011393229*J1^1*J2^3+0,0,0,0,0,0,0.0019733652*J1^1*J2^3+0,0,-0.0011393229*J2^4+0,0,0,0,0,0,0,0,0},
{0,0,0,0,0,0,0,0,0,0,0,0,0,0,0,0,0,0,0,0,0,0,0,0,0,0,0,0,0,0,0,0,0,0,0,0,0,0,0,0,0,0,0,0,0,0,0,0,0,0,0,0,0,0,0,0,0,0,0,0,0,0,0,0,0,0,0,0,0,0,0,0,0,0,0,0,0,-0.0011393229*J1^1*J2^3+0,0,0.0013155768*J1^1*J2^3+-0.0006577884*J2^4+0,0,0,0,0,0,-0.0011393229*J2^4+0,0,-0.0006577884*J1^1*J2^3+0.0013155768*J2^4+0,0,0,0,0,0,0,0,0},
{0,0,0,0,0,0,0,0,0,0,0,0,0,0,0,0,0,0,0,0,0,0,0,0,0,0,0,0,0,0,0,0,0,0,0,0,0,0,0,0,0,0,0,0,0,0,0,0,0,0,0,0,0,0,0,0,0,0,0,0,0,0,0,0,0,0,0,0,0,0,0,0,0,-0.0011393229*J1^1*J2^3+0,0,0.0006577884*J2^4+0,0,0,0,0,0,-0.0011393229*J2^4+0,0,0.0006577884*J1^1*J2^3+0,0,0,0,0,0,0.0016112459*J1^1*J2^3+-0.0016112459*J2^4+0,0,0.0009302533*J1^1*J2^3+-0.0009302533*J2^4+0,0,0,0,0},
{0,0,0,0,0,0,0,0,0,0,0,0,0,0,0,0,0,0,0,0,0,0,0,0,0,0,0,0,0,0,0,0,0,0,0,0,0,0,0,0,0,0,0,0,0,0,0,0,0,0,0,0,0,0,0,0,0,0,0,0,0,0,0,0,0,0,0,0,0,0,0,0,0,0.0006577884*J2^4+0,0,0.0003797743*J1^1*J2^3+-0.0007595486*J2^4+0,0,0,0,0,0,0.0006577884*J1^1*J2^3+0,0,-0.0007595486*J1^1*J2^3+0.0003797743*J2^4+0,0,0,0,0,0,0.0009302533*J1^1*J2^3+-0.0009302533*J2^4+0,0,-0.0016112459*J1^1*J2^3+0.0016112459*J2^4+0,0,0,0,0},
{0,0,0,0,0,0,0,0,0,0,0,0,0,0,0,0,0,0,0,0,0,0,0,0,0,0,0,0,0,0,0,0,0,0,0,0,0,0,0,0,0,0,0,0,0,0,0,0,0,0,0,0,0,0,0,0,0,0,0,0,0,0,0,0,0,0,0,0,0,0,0,0,0,0,0,0,0,-0.0011393229*J1^1*J2^3+0,0,0.0006577884*J2^4+0,0,0,0,0,0,-0.0011393229*J2^4+0,0,0.0006577884*J1^1*J2^3+0,0,0,0,0,0,0.0016112459*J1^1*J2^3+-0.0016112459*J2^4+0,0,0.0009302533*J1^1*J2^3+-0.0009302533*J2^4+0},
{0,0,0,0,0,0,0,0,0,0,0,0,0,0,0,0,0,0,0,0,0,0,0,0,0,0,0,0,0,0,0,0,0,0,0,0,0,0,0,0,0,0,0,0,0,0,0,0,0,0,0,0,0,0,0,0,0,0,0,0,0,0,0,0,0,0,0,0,0,0,0,0,0,0,0,0,0,0.0006577884*J2^4+0,0,0.0003797743*J1^1*J2^3+-0.0007595486*J2^4+0,0,0,0,0,0,0.0006577884*J1^1*J2^3+0,0,-0.0007595486*J1^1*J2^3+0.0003797743*J2^4+0,0,0,0,0,0,0.0009302533*J1^1*J2^3+-0.0009302533*J2^4+0,0,-0.0016112459*J1^1*J2^3+0.0016112459*J2^4+0},
{0,0,0,0,0,0,0,0,0,0,0,0,0,0,0,0,0,0,0,0,0,0,0,0,0,0,0,0,0,0,0,0,0,0,0,0,0,0,0,0,0,0,0,0,0,0,0,0,0,0,0,0,0,0,0,0,0,0,0,0,0,0,0,0,0,0,0,0,0,0,0,0,-0.0014151684*J2^4+0,-0.0019737120*J2^4+0,0.0008170478*J1^1*J2^3+0,0.0011395231*J1^1*J2^3+0,0,0,0,0,-0.0014151684*J1^1*J2^3+0,-0.0019737120*J1^1*J2^3+0,0.0008170478*J2^4+0,0.0011395231*J2^4+0,0,0,0,0,0,0,0,0,0,0,0,0},
{0,0,0,0,0,0,0,0,0,0,0,0,0,0,0,0,0,0,0,0,0,0,0,0,0,0,0,0,0,0,0,0,0,0,0,0,0,0,0,0,0,0,0,0,0,0,0,0,0,0,0,0,0,0,0,0,0,0,0,0,0,0,0,0,0,0,0,0,0,0,0,0,0.0008170478*J1^1*J2^3+0,0.0011395231*J1^1*J2^3+0,-0.0009434456*J1^1*J2^3+0.0004717228*J2^4+0,-0.0013158080*J1^1*J2^3+0.0006579040*J2^4+0,0,0,0,0,0.0008170478*J2^4+0,0.0011395231*J2^4+0,0.0004717228*J1^1*J2^3+-0.0009434456*J2^4+0,0.0006579040*J1^1*J2^3+-0.0013158080*J2^4+0,0,0,0,0,0,0,0,0,0,0,0,0},
{0,0,0,0,0,0,0,0,0,0,0,0,0,0,0,0,0,0,0,0,0,0,0,0,0,0,0,0,0,0,0,0,0,0,0,0,0,0,0,0,0,0,0,0,0,0,0,0,0,0,0,0,0,0,0,0,0,0,0,0,0,0,0,0,0,0,0,0,0,0,0,0,0,0,0,0,-0.0014151684*J2^4+0,-0.0019737120*J2^4+0,0.0008170478*J1^1*J2^3+0,0.0011395231*J1^1*J2^3+0,0,0,0,0,-0.0014151684*J1^1*J2^3+0,-0.0019737120*J1^1*J2^3+0,0.0008170478*J2^4+0,0.0011395231*J2^4+0,0,0,0,0,0,0,0,0},
{0,0,0,0,0,0,0,0,0,0,0,0,0,0,0,0,0,0,0,0,0,0,0,0,0,0,0,0,0,0,0,0,0,0,0,0,0,0,0,0,0,0,0,0,0,0,0,0,0,0,0,0,0,0,0,0,0,0,0,0,0,0,0,0,0,0,0,0,0,0,0,0,0,0,0,0,0.0008170478*J1^1*J2^3+0,0.0011395231*J1^1*J2^3+0,-0.0009434456*J1^1*J2^3+0.0004717228*J2^4+0,-0.0013158080*J1^1*J2^3+0.0006579040*J2^4+0,0,0,0,0,0.0008170478*J2^4+0,0.0011395231*J2^4+0,0.0004717228*J1^1*J2^3+-0.0009434456*J2^4+0,0.0006579040*J1^1*J2^3+-0.0013158080*J2^4+0,0,0,0,0,0,0,0,0},
{0,0,0,0,0,0,0,0,0,0,0,0,0,0,0,0,0,0,0,0,0,0,0,0,0,0,0,0,0,0,0,0,0,0,0,0,0,0,0,0,0,0,0,0,0,0,0,0,0,0,0,0,0,0,0,0,0,0,0,0,0,0,0,0,0,0,0,0,0,0,0,0,0.0008170478*J1^1*J2^3+0,0.0011395231*J1^1*J2^3+0,-0.0004717228*J2^4+0,-0.0006579040*J2^4+0,0,0,0,0,0.0008170478*J2^4+0,0.0011395231*J2^4+0,-0.0004717228*J1^1*J2^3+0,-0.0006579040*J1^1*J2^3+0,0,0,0,0,-0.0011554801*J1^1*J2^3+0.0011554801*J2^4+0,-0.0016115291*J1^1*J2^3+0.0016115291*J2^4+0,-0.0006671168*J1^1*J2^3+0.0006671168*J2^4+0,-0.0009304167*J1^1*J2^3+0.0009304167*J2^4+0,0,0,0,0},
{0,0,0,0,0,0,0,0,0,0,0,0,0,0,0,0,0,0,0,0,0,0,0,0,0,0,0,0,0,0,0,0,0,0,0,0,0,0,0,0,0,0,0,0,0,0,0,0,0,0,0,0,0,0,0,0,0,0,0,0,0,0,0,0,0,0,0,0,0,0,0,0,-0.0004717228*J2^4+0,-0.0006579040*J2^4+0,-0.0002723493*J1^1*J2^3+0.0005446986*J2^4+0,-0.0003798410*J1^1*J2^3+0.0007596821*J2^4+0,0,0,0,0,-0.0004717228*J1^1*J2^3+0,-0.0006579040*J1^1*J2^3+0,0.0005446986*J1^1*J2^3+-0.0002723493*J2^4+0,0.0007596821*J1^1*J2^3+-0.0003798410*J2^4+0,0,0,0,0,-0.0006671168*J1^1*J2^3+0.0006671168*J2^4+0,-0.0009304167*J1^1*J2^3+0.0009304167*J2^4+0,0.0011554801*J1^1*J2^3+-0.0011554801*J2^4+0,0.0016115291*J1^1*J2^3+-0.0016115291*J2^4+0,0,0,0,0},
{0,0,0,0,0,0,0,0,0,0,0,0,0,0,0,0,0,0,0,0,0,0,0,0,0,0,0,0,0,0,0,0,0,0,0,0,0,0,0,0,0,0,0,0,0,0,0,0,0,0,0,0,0,0,0,0,0,0,0,0,0,0,0,0,0,0,0,0,0,0,0,0,0,0,0,0,0.0008170478*J1^1*J2^3+0,0.0011395231*J1^1*J2^3+0,-0.0004717228*J2^4+0,-0.0006579040*J2^4+0,0,0,0,0,0.0008170478*J2^4+0,0.0011395231*J2^4+0,-0.0004717228*J1^1*J2^3+0,-0.0006579040*J1^1*J2^3+0,0,0,0,0,-0.0011554801*J1^1*J2^3+0.0011554801*J2^4+0,-0.0016115291*J1^1*J2^3+0.0016115291*J2^4+0,-0.0006671168*J1^1*J2^3+0.0006671168*J2^4+0,-0.0009304167*J1^1*J2^3+0.0009304167*J2^4+0},
{0,0,0,0,0,0,0,0,0,0,0,0,0,0,0,0,0,0,0,0,0,0,0,0,0,0,0,0,0,0,0,0,0,0,0,0,0,0,0,0,0,0,0,0,0,0,0,0,0,0,0,0,0,0,0,0,0,0,0,0,0,0,0,0,0,0,0,0,0,0,0,0,0,0,0,0,-0.0004717228*J2^4+0,-0.0006579040*J2^4+0,-0.0002723493*J1^1*J2^3+0.0005446986*J2^4+0,-0.0003798410*J1^1*J2^3+0.0007596821*J2^4+0,0,0,0,0,-0.0004717228*J1^1*J2^3+0,-0.0006579040*J1^1*J2^3+0,0.0005446986*J1^1*J2^3+-0.0002723493*J2^4+0,0.0007596821*J1^1*J2^3+-0.0003798410*J2^4+0,0,0,0,0,-0.0006671168*J1^1*J2^3+0.0006671168*J2^4+0,-0.0009304167*J1^1*J2^3+0.0009304167*J2^4+0,0.0011554801*J1^1*J2^3+-0.0011554801*J2^4+0,0.0016115291*J1^1*J2^3+-0.0016115291*J2^4+0},
{0,0,0,0,0,0,0,0,0,0,0,0,0,0,0,0,0,0,0,0,0,0,0,0,0,0,0,0,0,0,0,0,0,0,0,0,0,0,0,0,0,0,0,0,0,0,0,0,0,0,0,0,0,0,0,0,0,0,0,0,0,0,0,0,0,0,0,0,0,0,0,0,0,0,0,0,0,0,0,0,0,0,0,0,0,0,0,0,0,0,0,0,0,0,0,0},
{0,0,0,0,0,0,0,0,0,0,0,0,0,0,0,0,0,0,0,0,0,0,0,0,0,0,0,0,0,0,0,0,0,0,0,0,0,0,0,0,0,0,0,0,0,0,0,0,0,0,0,0,0,0,0,0,0,0,0,0,0,0,0,0,0,0,0,0,0,0,0,0,0,0,0,0,0,0,0,0,0,0,0,0,0,0,0,0,0,0,0,0,0,0,0,0},
{0,0,0,0,0,0,0,0,0,0,0,0,0,0,0,0,0,0,0,0,0,0,0,0,0,0,0,0,0,0,0,0,0,0,0,0,0,0,0,0,0,0,0,0,0,0,0,0,0,0,0,0,0,0,0,0,0,0,0,0,0,0,0,0,0,0,0,0,0,0,0,0,0,0,0,0,0,0,0,0,0,0,0,0,0,0,0,0,0,0,0,0,0,0,0,0},
{0,0,0,0,0,0,0,0,0,0,0,0,0,0,0,0,0,0,0,0,0,0,0,0,0,0,0,0,0,0,0,0,0,0,0,0,0,0,0,0,0,0,0,0,0,0,0,0,0,0,0,0,0,0,0,0,0,0,0,0,0,0,0,0,0,0,0,0,0,0,0,0,0,0,0,0,0,0,0,0,0,0,0,0,0,0,0,0,0,0,0,0,0,0,0,0},
{0,0,0,0,0,0,0,0,0,0,0,0,0,0,0,0,0,0,0,0,0,0,0,0,0,0,0,0,0,0,0,0,0,0,0,0,0,0,0,0,0,0,0,0,0,0,0,0,0,0,0,0,0,0,0,0,0,0,0,0,0,0,0,0,0,0,0,0,0,0,0,0,0,0,0,0,0,0,0,0,0,0,0,0,0,0,0,0,0,0,0,0,0,0,0,0},
{0,0,0,0,0,0,0,0,0,0,0,0,0,0,0,0,0,0,0,0,0,0,0,0,0,0,0,0,0,0,0,0,0,0,0,0,0,0,0,0,0,0,0,0,0,0,0,0,0,0,0,0,0,0,0,0,0,0,0,0,0,0,0,0,0,0,0,0,0,0,0,0,0,0,0,0,0,0,0,0,0,0,0,0,0,0,0,0,0,0,0,0,0,0,0,0},
{0,0,0,0,0,0,0,0,0,0,0,0,0,0,0,0,0,0,0,0,0,0,0,0,0,0,0,0,0,0,0,0,0,0,0,0,0,0,0,0,0,0,0,0,0,0,0,0,0,0,0,0,0,0,0,0,0,0,0,0,0,0,0,0,0,0,0,0,0,0,0,0,0,0,0,0,0,0,0,0,0,0,0,0,0,0,0,0,0,0,0,0,0,0,0,0},
{0,0,0,0,0,0,0,0,0,0,0,0,0,0,0,0,0,0,0,0,0,0,0,0,0,0,0,0,0,0,0,0,0,0,0,0,0,0,0,0,0,0,0,0,0,0,0,0,0,0,0,0,0,0,0,0,0,0,0,0,0,0,0,0,0,0,0,0,0,0,0,0,0,0,0,0,0,0,0,0,0,0,0,0,0,0,0,0,0,0,0,0,0,0,0,0},
{0,0,0,0,0,0,0,0,0,0,0,0,0,0,0,0,0,0,0,0,0,0,0,0,0,0,0,0,0,0,0,0,0,0,0,0,0,0,0,0,0,0,0,0,0,0,0,0,0,0,0,0,0,0,0,0,0,0,0,0,0,0,0,0,0,0,0,0,0,0,0,0,0,0,0,0,0,0,0,0,0,0,0,0,0,0,0,0,0,0,0,0,0,0,0,0},
{0,0,0,0,0,0,0,0,0,0,0,0,0,0,0,0,0,0,0,0,0,0,0,0,0,0,0,0,0,0,0,0,0,0,0,0,0,0,0,0,0,0,0,0,0,0,0,0,0,0,0,0,0,0,0,0,0,0,0,0,0,0,0,0,0,0,0,0,0,0,0,0,0,0,0,0,0,0,0,0,0,0,0,0,0,0,0,0,0,0,0,0,0,0,0,0},
{0,0,0,0,0,0,0,0,0,0,0,0,0,0,0,0,0,0,0,0,0,0,0,0,0,0,0,0,0,0,0,0,0,0,0,0,0,0,0,0,0,0,0,0,0,0,0,0,0,0,0,0,0,0,0,0,0,0,0,0,0,0,0,0,0,0,0,0,0,0,0,0,0,0,0,0,0,0,0,0,0,0,0,0,0,0,0,0,0,0,0,0,0,0,0,0},
{0,0,0,0,0,0,0,0,0,0,0,0,0,0,0,0,0,0,0,0,0,0,0,0,0,0,0,0,0,0,0,0,0,0,0,0,0,0,0,0,0,0,0,0,0,0,0,0,0,0,0,0,0,0,0,0,0,0,0,0,0,0,0,0,0,0,0,0,0,0,0,0,0,0,0,0,0,0,0,0,0,0,0,0,0,0,0,0,0,0,0,0,0,0,0,0},
{0,0,0,0,0,0,0,0,0,0,0,0,0,0,0,0,0,0,0,0,0,0,0,0,0,0,0,0,0,0,0,0,0,0,0,0,0,0,0,0,0,0,0,0,0,0,0,0,0,0,0,0,0,0,0,0,0,0,0,0,0,0,0,0,0,0,0,0,0,0,0,0,0,0,0,0,0,0,0,0,0,0,0,0,0,0,0,0,0,0,0,0,0,0,0,0},
{0,0,0,0,0,0,0,0,0,0,0,0,0,0,0,0,0,0,0,0,0,0,0,0,0,0,0,0,0,0,0,0,0,0,0,0,0,0,0,0,0,0,0,0,0,0,0,0,0,0,0,0,0,0,0,0,0,0,0,0,0,0,0,0,0,0,0,0,0,0,0,0,0,0,0,0,0,0,0,0,0,0,0,0,0,0,0,0,0,0,0,0,0,0,0,0},
{0,0,0,0,0,0,0,0,0,0,0,0,0,0,0,0,0,0,0,0,0,0,0,0,0,0,0,0,0,0,0,0,0,0,0,0,0,0,0,0,0,0,0,0,0,0,0,0,0,0,0,0,0,0,0,0,0,0,0,0,0,0,0,0,0,0,0,0,0,0,0,0,0,0,0,0,0,0,0,0,0,0,0,0,0,0,0,0,0,0,0,0,0,0,0,0},
{0,0,0,0,0,0,0,0,0,0,0,0,0,0,0,0,0,0,0,0,0,0,0,0,0,0,0,0,0,0,0,0,0,0,0,0,0,0,0,0,0,0,0,0,0,0,0,0,0,0,0,0,0,0,0,0,0,0,0,0,0,0,0,0,0,0,0,0,0,0,0,0,0,0,0,0,0,0,0,0,0,0,0,0,0,0,0,0,0,0,0,0,0,0,0,0},
{0,0,0,0,0,0,0,0,0,0,0,0,0,0,0,0,0,0,0,0,0,0,0,0,0,0,0,0,0,0,0,0,0,0,0,0,0,0,0,0,0,0,0,0,0,0,0,0,0,0,0,0,0,0,0,0,0,0,0,0,0,0,0,0,0,0,0,0,0,0,0,0,0,0,0,0,0,0,0,0,0,0,0,0,0,0,0,0,0,0,0,0,0,0,0,0},
{0,0,0,0,0,0,0,0,0,0,0,0,0,0,0,0,0,0,0,0,0,0,0,0,0,0,0,0,0,0,0,0,0,0,0,0,0,0,0,0,0,0,0,0,0,0,0,0,0,0,0,0,0,0,0,0,0,0,0,0,0,0,0,0,0,0,0,0,0,0,0,0,0,0,0,0,0,0,0,0,0,0,0,0,0,0,0,0,0,0,0,0,0,0,0,0},
{0,0,0,0,0,0,0,0,0,0,0,0,0,0,0,0,0,0,0,0,0,0,0,0,0,0,0,0,0,0,0,0,0,0,0,0,0,0,0,0,0,0,0,0,0,0,0,0,0,0,0,0,0,0,0,0,0,0,0,0,0,0,0,0,0,0,0,0,0,0,0,0,0,0,0,0,0,0,0,0,0,0,0,0,0,0,0,0,0,0,0,0,0,0,0,0},
{0,0,0,0,0,0,0,0,0,0,0,0,0,0,0,0,0,0,0,0,0,0,0,0,0,0,0,0,0,0,0,0,0,0,0,0,0,0,0,0,0,0,0,0,0,0,0,0,0,0,0,0,0,0,0,0,0,0,0,0,0,0,0,0,0,0,0,0,0,0,0,0,0,0,0,0,0,0,0,0,0,0,0,0,0,0,0,0,0,0,0,0,0,0,0,0},
{0,0,0,0,0,0,0,0,0,0,0,0,0,0,0,0,0,0,0,0,0,0,0,0,0,0,0,0,0,0,0,0,0,0,0,0,0,0,0,0,0,0,0,0,0,0,0,0,0,0,0,0,0,0,0,0,0,0,0,0,0,0,0,0,0,0,0,0,0,0,0,0,0,0,0,0,0,0,0,0,0,0,0,0,0,0,0,0,0,0,0,0,0,0,0,0},
{0,0,0,0,0,0,0,0,0,0,0,0,0,0,0,0,0,0,0,0,0,0,0,0,0,0,0,0,0,0,0,0,0,0,0,0,0,0,0,0,0,0,0,0,0,0,0,0,0,0,0,0,0,0,0,0,0,0,0,0,0,0,0,0,0,0,0,0,0,0,0,0,0,0,0,0,0,0,0,0,0,0,0,0,0,0,0,0,0,0,0,0,0,0,0,0},
{0,0,0,0,0,0,0,0,0,0,0,0,0,0,0,0,0,0,0,0,0,0,0,0,0,0,0,0,0,0,0,0,0,0,0,0,0,0,0,0,0,0,0,0,0,0,0,0,0,0,0,0,0,0,0,0,0,0,0,0,0,0,0,0,0,0,0,0,0,0,0,0,0,0,0,0,0,0,0,0,0,0,0,0,0,0,0,0,0,0,0,0,0,0,0,0},
{0,0,0,0,0,0,0,0,0,0,0,0,0,0,0,0,0,0,0,0,0,0,0,0,0,0,0,0,0,0,0,0,0,0,0,0,0,0,0,0,0,0,0,0,0,0,0,0,0,0,0,0,0,0,0,0,0,0,0,0,0,0,0,0,0,0,0,0,0,0,0,0,0,0,0,0,0,0,0,0,0,0,0,0,0,0,0,0,0,0,0,0,0,0,0,0},
{0,0,0,0,0,0,0,0,0,0,0,0,0,0,0,0,0,0,0,0,0,0,0,0,0,0,0,0,0,0,0,0,0,0,0,0,0,0,0,0,0,0,0,0,0,0,0,0,0,0,0,0,0,0,0,0,0,0,0,0,0,0,0,0,0,0,0,0,0,0,0,0,0,0,0,0,0,-0.0016276042*J2^4+0,0,0.0009396977*J1^1*J2^3+0,0,0,0,0,0,-0.0016276042*J1^1*J2^3+0,0,0.0009396977*J2^4+0,0,0,0,0,0,0,0,0},
{0,0,0,0,0,0,0,0,0,0,0,0,0,0,0,0,0,0,0,0,0,0,0,0,0,0,0,0,0,0,0,0,0,0,0,0,0,0,0,0,0,0,0,0,0,0,0,0,0,0,0,0,0,0,0,0,0,0,0,0,0,0,0,0,0,0,0,0,0,0,0,0,0,0,0,0,-0.0016276042*J2^4+0,-0.0018793954*J2^4+0,0.0009396977*J1^1*J2^3+0,0.0010850694*J1^1*J2^3+0,0,0,0,0,-0.0016276042*J1^1*J2^3+0,-0.0018793954*J1^1*J2^3+0,0.0009396977*J2^4+0,0.0010850694*J2^4+0,0,0,0,0,0,0,0,0},
{0,0,0,0,0,0,0,0,0,0,0,0,0,0,0,0,0,0,0,0,0,0,0,0,0,0,0,0,0,0,0,0,0,0,0,0,0,0,0,0,0,0,0,0,0,0,0,0,0,0,0,0,0,0,0,0,0,0,0,0,0,0,0,0,0,0,0,0,0,0,0,0,0,0,0,0,0,0.0009396977*J1^1*J2^3+0,0,-0.0010850694*J1^1*J2^3+0.0005425347*J2^4+0,0,0,0,0,0,0.0009396977*J2^4+0,0,0.0005425347*J1^1*J2^3+-0.0010850694*J2^4+0,0,0,0,0,0,0,0,0},
{0,0,0,0,0,0,0,0,0,0,0,0,0,0,0,0,0,0,0,0,0,0,0,0,0,0,0,0,0,0,0,0,0,0,0,0,0,0,0,0,0,0,0,0,0,0,0,0,0,0,0,0,0,0,0,0,0,0,0,0,0,0,0,0,0,0,0,0,0,0,0,0,0,0,0,0,0.0009396977*J1^1*J2^3+0,0.0010850694*J1^1*J2^3+0,-0.0010850694*J1^1*J2^3+0.0005425347*J2^4+0,-0.0012529303*J1^1*J2^3+0.0006264651*J2^4+0,0,0,0,0,0.0009396977*J2^4+0,0.0010850694*J2^4+0,0.0005425347*J1^1*J2^3+-0.0010850694*J2^4+0,0.0006264651*J1^1*J2^3+-0.0012529303*J2^4+0,0,0,0,0,0,0,0,0},
{0,0,0,0,0,0,0,0,0,0,0,0,0,0,0,0,0,0,0,0,0,0,0,0,0,0,0,0,0,0,0,0,0,0,0,0,0,0,0,0,0,0,0,0,0,0,0,0,0,0,0,0,0,0,0,0,0,0,0,0,0,0,0,0,0,0,0,0,0,0,0,0,0,0,0,0,0,0.0009396977*J1^1*J2^3+0,0,-0.0005425347*J2^4+0,0,0,0,0,0,0.0009396977*J2^4+0,0,-0.0005425347*J1^1*J2^3+0,0,0,0,0,0,-0.0013289332*J1^1*J2^3+0.0013289332*J2^4+0,0,-0.0007672600*J1^1*J2^3+0.0007672600*J2^4+0},
{0,0,0,0,0,0,0,0,0,0,0,0,0,0,0,0,0,0,0,0,0,0,0,0,0,0,0,0,0,0,0,0,0,0,0,0,0,0,0,0,0,0,0,0,0,0,0,0,0,0,0,0,0,0,0,0,0,0,0,0,0,0,0,0,0,0,0,0,0,0,0,0,0,0,0,0,0.0009396977*J1^1*J2^3+0,0.0010850694*J1^1*J2^3+0,-0.0005425347*J2^4+0,-0.0006264651*J2^4+0,0,0,0,0,0.0009396977*J2^4+0,0.0010850694*J2^4+0,-0.0005425347*J1^1*J2^3+0,-0.0006264651*J1^1*J2^3+0,0,0,0,0,-0.0013289332*J1^1*J2^3+0.0013289332*J2^4+0,-0.0015345199*J1^1*J2^3+0.0015345199*J2^4+0,-0.0007672600*J1^1*J2^3+0.0007672600*J2^4+0,-0.0008859555*J1^1*J2^3+0.0008859555*J2^4+0},
{0,0,0,0,0,0,0,0,0,0,0,0,0,0,0,0,0,0,0,0,0,0,0,0,0,0,0,0,0,0,0,0,0,0,0,0,0,0,0,0,0,0,0,0,0,0,0,0,0,0,0,0,0,0,0,0,0,0,0,0,0,0,0,0,0,0,0,0,0,0,0,0,0,0,0,0,0,-0.0005425347*J2^4+0,0,-0.0003132326*J1^1*J2^3+0.0006264651*J2^4+0,0,0,0,0,0,-0.0005425347*J1^1*J2^3+0,0,0.0006264651*J1^1*J2^3+-0.0003132326*J2^4+0,0,0,0,0,0,-0.0007672600*J1^1*J2^3+0.0007672600*J2^4+0,0,0.0013289332*J1^1*J2^3+-0.0013289332*J2^4+0},
{0,0,0,0,0,0,0,0,0,0,0,0,0,0,0,0,0,0,0,0,0,0,0,0,0,0,0,0,0,0,0,0,0,0,0,0,0,0,0,0,0,0,0,0,0,0,0,0,0,0,0,0,0,0,0,0,0,0,0,0,0,0,0,0,0,0,0,0,0,0,0,0,0,0,0,0,-0.0005425347*J2^4+0,-0.0006264651*J2^4+0,-0.0003132326*J1^1*J2^3+0.0006264651*J2^4+0,-0.0003616898*J1^1*J2^3+0.0007233796*J2^4+0,0,0,0,0,-0.0005425347*J1^1*J2^3+0,-0.0006264651*J1^1*J2^3+0,0.0006264651*J1^1*J2^3+-0.0003132326*J2^4+0,0.0007233796*J1^1*J2^3+-0.0003616898*J2^4+0,0,0,0,0,-0.0007672600*J1^1*J2^3+0.0007672600*J2^4+0,-0.0008859555*J1^1*J2^3+0.0008859555*J2^4+0,0.0013289332*J1^1*J2^3+-0.0013289332*J2^4+0,0.0015345199*J1^1*J2^3+-0.0015345199*J2^4+0},
{0,0,0,0,0,0,0,0,0,0,0,0,0,0,0,0,0,0,0,0,0,0,0,0,0,0,0,0,0,0,0,0,0,0,0,0,0,0,0,0,0,0,0,0,0,0,0,0,0,0,0,0,0,0,0,0,0,0,0,0,0,0,0,0,0,0,0,0,0,0,0,0,0,0.0028190931*J2^4+0,0,-0.0016276042*J1^1*J2^3+0,0,0,0,0,0,0.0028190931*J1^1*J2^3+0,0,-0.0016276042*J2^4+0,0,0,0,0,0,0,0,0,0,0,0,0},
{0,0,0,0,0,0,0,0,0,0,0,0,0,0,0,0,0,0,0,0,0,0,0,0,0,0,0,0,0,0,0,0,0,0,0,0,0,0,0,0,0,0,0,0,0,0,0,0,0,0,0,0,0,0,0,0,0,0,0,0,0,0,0,0,0,0,0,0,0,0,0,0,0.0028190931*J2^4+0,0.0032552083*J2^4+0,-0.0016276042*J1^1*J2^3+0,-0.0018793954*J1^1*J2^3+0,0,0,0,0,0.0028190931*J1^1*J2^3+0,0.0032552083*J1^1*J2^3+0,-0.0016276042*J2^4+0,-0.0018793954*J2^4+0,0,0,0,0,0,0,0,0,0,0,0,0},
{0,0,0,0,0,0,0,0,0,0,0,0,0,0,0,0,0,0,0,0,0,0,0,0,0,0,0,0,0,0,0,0,0,0,0,0,0,0,0,0,0,0,0,0,0,0,0,0,0,0,0,0,0,0,0,0,0,0,0,0,0,0,0,0,0,0,0,0,0,0,0,0,0,-0.0016276042*J1^1*J2^3+0,0,0.0018793954*J1^1*J2^3+-0.0009396977*J2^4+0,0,0,0,0,0,-0.0016276042*J2^4+0,0,-0.0009396977*J1^1*J2^3+0.0018793954*J2^4+0,0,0,0,0,0,0,0,0,0,0,0,0},
{0,0,0,0,0,0,0,0,0,0,0,0,0,0,0,0,0,0,0,0,0,0,0,0,0,0,0,0,0,0,0,0,0,0,0,0,0,0,0,0,0,0,0,0,0,0,0,0,0,0,0,0,0,0,0,0,0,0,0,0,0,0,0,0,0,0,0,0,0,0,0,0,-0.0016276042*J1^1*J2^3+0,-0.0018793954*J1^1*J2^3+0,0.0018793954*J1^1*J2^3+-0.0009396977*J2^4+0,0.0021701389*J1^1*J2^3+-0.0010850694*J2^4+0,0,0,0,0,-0.0016276042*J2^4+0,-0.0018793954*J2^4+0,-0.0009396977*J1^1*J2^3+0.0018793954*J2^4+0,-0.0010850694*J1^1*J2^3+0.0021701389*J2^4+0,0,0,0,0,0,0,0,0,0,0,0,0},
{0,0,0,0,0,0,0,0,0,0,0,0,0,0,0,0,0,0,0,0,0,0,0,0,0,0,0,0,0,0,0,0,0,0,0,0,0,0,0,0,0,0,0,0,0,0,0,0,0,0,0,0,0,0,0,0,0,0,0,0,0,0,0,0,0,0,0,0,0,0,0,0,0,-0.0016276042*J1^1*J2^3+0,0,0.0009396977*J2^4+0,0,0,0,0,0,-0.0016276042*J2^4+0,0,0.0009396977*J1^1*J2^3+0,0,0,0,0,0,0.0023017799*J1^1*J2^3+-0.0023017799*J2^4+0,0,0.0013289332*J1^1*J2^3+-0.0013289332*J2^4+0,0,0,0,0},
{0,0,0,0,0,0,0,0,0,0,0,0,0,0,0,0,0,0,0,0,0,0,0,0,0,0,0,0,0,0,0,0,0,0,0,0,0,0,0,0,0,0,0,0,0,0,0,0,0,0,0,0,0,0,0,0,0,0,0,0,0,0,0,0,0,0,0,0,0,0,0,0,-0.0016276042*J1^1*J2^3+0,-0.0018793954*J1^1*J2^3+0,0.0009396977*J2^4+0,0.0010850694*J2^4+0,0,0,0,0,-0.0016276042*J2^4+0,-0.0018793954*J2^4+0,0.0009396977*J1^1*J2^3+0,0.0010850694*J1^1*J2^3+0,0,0,0,0,0.0023017799*J1^1*J2^3+-0.0023017799*J2^4+0,0.0026578665*J1^1*J2^3+-0.0026578665*J2^4+0,0.0013289332*J1^1*J2^3+-0.0013289332*J2^4+0,0.0015345199*J1^1*J2^3+-0.0015345199*J2^4+0,0,0,0,0},
{0,0,0,0,0,0,0,0,0,0,0,0,0,0,0,0,0,0,0,0,0,0,0,0,0,0,0,0,0,0,0,0,0,0,0,0,0,0,0,0,0,0,0,0,0,0,0,0,0,0,0,0,0,0,0,0,0,0,0,0,0,0,0,0,0,0,0,0,0,0,0,0,0,0.0009396977*J2^4+0,0,0.0005425347*J1^1*J2^3+-0.0010850694*J2^4+0,0,0,0,0,0,0.0009396977*J1^1*J2^3+0,0,-0.0010850694*J1^1*J2^3+0.0005425347*J2^4+0,0,0,0,0,0,0.0013289332*J1^1*J2^3+-0.0013289332*J2^4+0,0,-0.0023017799*J1^1*J2^3+0.0023017799*J2^4+0,0,0,0,0},
{0,0,0,0,0,0,0,0,0,0,0,0,0,0,0,0,0,0,0,0,0,0,0,0,0,0,0,0,0,0,0,0,0,0,0,0,0,0,0,0,0,0,0,0,0,0,0,0,0,0,0,0,0,0,0,0,0,0,0,0,0,0,0,0,0,0,0,0,0,0,0,0,0.0009396977*J2^4+0,0.0010850694*J2^4+0,0.0005425347*J1^1*J2^3+-0.0010850694*J2^4+0,0.0006264651*J1^1*J2^3+-0.0012529303*J2^4+0,0,0,0,0,0.0009396977*J1^1*J2^3+0,0.0010850694*J1^1*J2^3+0,-0.0010850694*J1^1*J2^3+0.0005425347*J2^4+0,-0.0012529303*J1^1*J2^3+0.0006264651*J2^4+0,0,0,0,0,0.0013289332*J1^1*J2^3+-0.0013289332*J2^4+0,0.0015345199*J1^1*J2^3+-0.0015345199*J2^4+0,-0.0023017799*J1^1*J2^3+0.0023017799*J2^4+0,-0.0026578665*J1^1*J2^3+0.0026578665*J2^4+0,0,0,0,0},
{0,0,0,0,0,0,0,0,0,0,0,0,0,0,0,0,0,0,0,0,0,0,0,0,0,0,0,0,0,0,0,0,0,0,0,0,0,0,0,0,0,0,0,0,0,0,0,0,0,0,0,0,0,0,0,0,0,0,0,0,0,0,0,0,0,0,0,0,0,0,0,0,0,0,0,0,0,0.0023017799*J2^4+0,0,-0.0013289332*J1^1*J2^3+0,0,0,0,0,0,0.0023017799*J1^1*J2^3+0,0,-0.0013289332*J2^4+0,0,0,0,0,0,0,0,0},
{0,0,0,0,0,0,0,0,0,0,0,0,0,0,0,0,0,0,0,0,0,0,0,0,0,0,0,0,0,0,0,0,0,0,0,0,0,0,0,0,0,0,0,0,0,0,0,0,0,0,0,0,0,0,0,0,0,0,0,0,0,0,0,0,0,0,0,0,0,0,0,0,0,0,0,0,0.0023017799*J2^4+0,0.0026578665*J2^4+0,-0.0013289332*J1^1*J2^3+0,-0.0015345199*J1^1*J2^3+0,0,0,0,0,0.0023017799*J1^1*J2^3+0,0.0026578665*J1^1*J2^3+0,-0.0013289332*J2^4+0,-0.0015345199*J2^4+0,0,0,0,0,0,0,0,0},
{0,0,0,0,0,0,0,0,0,0,0,0,0,0,0,0,0,0,0,0,0,0,0,0,0,0,0,0,0,0,0,0,0,0,0,0,0,0,0,0,0,0,0,0,0,0,0,0,0,0,0,0,0,0,0,0,0,0,0,0,0,0,0,0,0,0,0,0,0,0,0,0,0,0,0,0,0,-0.0013289332*J1^1*J2^3+0,0,0.0015345199*J1^1*J2^3+-0.0007672600*J2^4+0,0,0,0,0,0,-0.0013289332*J2^4+0,0,-0.0007672600*J1^1*J2^3+0.0015345199*J2^4+0,0,0,0,0,0,0,0,0},
{0,0,0,0,0,0,0,0,0,0,0,0,0,0,0,0,0,0,0,0,0,0,0,0,0,0,0,0,0,0,0,0,0,0,0,0,0,0,0,0,0,0,0,0,0,0,0,0,0,0,0,0,0,0,0,0,0,0,0,0,0,0,0,0,0,0,0,0,0,0,0,0,0,0,0,0,-0.0013289332*J1^1*J2^3+0,-0.0015345199*J1^1*J2^3+0,0.0015345199*J1^1*J2^3+-0.0007672600*J2^4+0,0.0017719110*J1^1*J2^3+-0.0008859555*J2^4+0,0,0,0,0,-0.0013289332*J2^4+0,-0.0015345199*J2^4+0,-0.0007672600*J1^1*J2^3+0.0015345199*J2^4+0,-0.0008859555*J1^1*J2^3+0.0017719110*J2^4+0,0,0,0,0,0,0,0,0},
{0,0,0,0,0,0,0,0,0,0,0,0,0,0,0,0,0,0,0,0,0,0,0,0,0,0,0,0,0,0,0,0,0,0,0,0,0,0,0,0,0,0,0,0,0,0,0,0,0,0,0,0,0,0,0,0,0,0,0,0,0,0,0,0,0,0,0,0,0,0,0,0,0,0,0,0,0,-0.0013289332*J1^1*J2^3+0,0,0.0007672600*J2^4+0,0,0,0,0,0,-0.0013289332*J2^4+0,0,0.0007672600*J1^1*J2^3+0,0,0,0,0,0,0.0018793954*J1^1*J2^3+-0.0018793954*J2^4+0,0,0.0010850694*J1^1*J2^3+-0.0010850694*J2^4+0},
{0,0,0,0,0,0,0,0,0,0,0,0,0,0,0,0,0,0,0,0,0,0,0,0,0,0,0,0,0,0,0,0,0,0,0,0,0,0,0,0,0,0,0,0,0,0,0,0,0,0,0,0,0,0,0,0,0,0,0,0,0,0,0,0,0,0,0,0,0,0,0,0,0,0,0,0,-0.0013289332*J1^1*J2^3+0,-0.0015345199*J1^1*J2^3+0,0.0007672600*J2^4+0,0.0008859555*J2^4+0,0,0,0,0,-0.0013289332*J2^4+0,-0.0015345199*J2^4+0,0.0007672600*J1^1*J2^3+0,0.0008859555*J1^1*J2^3+0,0,0,0,0,0.0018793954*J1^1*J2^3+-0.0018793954*J2^4+0,0.0021701389*J1^1*J2^3+-0.0021701389*J2^4+0,0.0010850694*J1^1*J2^3+-0.0010850694*J2^4+0,0.0012529303*J1^1*J2^3+-0.0012529303*J2^4+0},
{0,0,0,0,0,0,0,0,0,0,0,0,0,0,0,0,0,0,0,0,0,0,0,0,0,0,0,0,0,0,0,0,0,0,0,0,0,0,0,0,0,0,0,0,0,0,0,0,0,0,0,0,0,0,0,0,0,0,0,0,0,0,0,0,0,0,0,0,0,0,0,0,0,0,0,0,0,0.0007672600*J2^4+0,0,0.0004429777*J1^1*J2^3+-0.0008859555*J2^4+0,0,0,0,0,0,0.0007672600*J1^1*J2^3+0,0,-0.0008859555*J1^1*J2^3+0.0004429777*J2^4+0,0,0,0,0,0,0.0010850694*J1^1*J2^3+-0.0010850694*J2^4+0,0,-0.0018793954*J1^1*J2^3+0.0018793954*J2^4+0},
{0,0,0,0,0,0,0,0,0,0,0,0,0,0,0,0,0,0,0,0,0,0,0,0,0,0,0,0,0,0,0,0,0,0,0,0,0,0,0,0,0,0,0,0,0,0,0,0,0,0,0,0,0,0,0,0,0,0,0,0,0,0,0,0,0,0,0,0,0,0,0,0,0,0,0,0,0.0007672600*J2^4+0,0.0008859555*J2^4+0,0.0004429777*J1^1*J2^3+-0.0008859555*J2^4+0,0.0005115066*J1^1*J2^3+-0.0010230133*J2^4+0,0,0,0,0,0.0007672600*J1^1*J2^3+0,0.0008859555*J1^1*J2^3+0,-0.0008859555*J1^1*J2^3+0.0004429777*J2^4+0,-0.0010230133*J1^1*J2^3+0.0005115066*J2^4+0,0,0,0,0,0.0010850694*J1^1*J2^3+-0.0010850694*J2^4+0,0.0012529303*J1^1*J2^3+-0.0012529303*J2^4+0,-0.0018793954*J1^1*J2^3+0.0018793954*J2^4+0,-0.0021701389*J1^1*J2^3+0.0021701389*J2^4+0},
{0.0003797743*J2^4+0,-0.0002192628*J1^1*J2^3+0,0,0,-0.0002192628*J1^1*J2^3+0,0.0001265914*J2^4+0,0,0,0,0,0,0,0,0,0,0,0.0000767260*J2^4+0,-0.0000442978*J1^1*J2^3+0,0,0,-0.0000442978*J1^1*J2^3+0,0.0000255753*J2^4+0,0,0,0,0,0,0,0,0,0,0,0,0,0,0,0,0,0,0,0,0,0,0,0,0,0,0,0,0,0,0,0,0,0,0,0,0.0039467304*J2^4+0,0,-0.0022786458*J1^1*J2^3+0,0,-0.0022786458*J1^1*J2^3+0,0,0.0013155768*J2^4+0,0,0,0,0,0,0,0,0,0,0,0,0,0,0,0,0,0,0,0,0,0,0,0,0,0,0,0,0,0,0,0,0},
{0.0000626465*J2^4+0,-0.0000361690*J1^1*J2^3+0,0,0,-0.0000361690*J1^1*J2^3+0,0.0000208822*J2^4+0,0,0,-0.0002819093*J2^4+0,0.0001627604*J1^1*J2^3+0,0,0,0.0001627604*J1^1*J2^3+0,-0.0000939698*J2^4+0,0,0,0.0003543822*J2^4+0,-0.0002046027*J1^1*J2^3+0,0,0,-0.0002046027*J1^1*J2^3+0,0.0001181274*J2^4+0,0,0,0,0,0,0,0,0,0,0,0,0,0,0,0,0,0,0,0,0,0,0,0,0,0,0,0,0,0,0,0,0,0,0,0.0039467304*J2^4+0,0.0045572917*J2^4+0,-0.0022786458*J1^1*J2^3+0,-0.0026311536*J1^1*J2^3+0,-0.0022786458*J1^1*J2^3+0,-0.0026311536*J1^1*J2^3+0,0.0013155768*J2^4+0,0.0015190972*J2^4+0,0,0,0,0,0,0,0,0,0,0,0,0,0,0,0,0,0,0,0,0,0,0,0,0,0,0,0,0,0,0,0,0},
{-0.0002192628*J1^1*J2^3+0,0.0002531829*J1^1*J2^3+-0.0001265914*J2^4+0,0,0,0.0001265914*J2^4+0,0.0000730876*J1^1*J2^3+-0.0001461752*J2^4+0,0,0,0,0,0,0,0,0,0,0,-0.0000442978*J1^1*J2^3+0,0.0000511507*J1^1*J2^3+-0.0000255753*J2^4+0,0,0,0.0000255753*J2^4+0,0.0000147659*J1^1*J2^3+-0.0000295318*J2^4+0,0,0,0,0,0,0,0,0,0,0,0,0,0,0,0,0,0,0,0,0,0,0,0,0,0,0,0,0,0,0,0,0,0,0,0,-0.0022786458*J1^1*J2^3+0,0,0.0026311536*J1^1*J2^3+-0.0013155768*J2^4+0,0,0.0013155768*J2^4+0,0,0.0007595486*J1^1*J2^3+-0.0015190972*J2^4+0,0,0,0,0,0,0,0,0,0,0,0,0,0,0,0,0,0,0,0,0,0,0,0,0,0,0,0,0,0,0,0,0},
{-0.0000361690*J1^1*J2^3+0,0.0000417643*J1^1*J2^3+-0.0000208822*J2^4+0,0,0,0.0000208822*J2^4+0,0.0000120563*J1^1*J2^3+-0.0000241127*J2^4+0,0,0,0.0001627604*J1^1*J2^3+0,-0.0001879395*J1^1*J2^3+0.0000939698*J2^4+0,0,0,-0.0000939698*J2^4+0,-0.0000542535*J1^1*J2^3+0.0001085069*J2^4+0,0,0,-0.0002046027*J1^1*J2^3+0,0.0002362548*J1^1*J2^3+-0.0001181274*J2^4+0,0,0,0.0001181274*J2^4+0,0.0000682009*J1^1*J2^3+-0.0001364018*J2^4+0,0,0,0,0,0,0,0,0,0,0,0,0,0,0,0,0,0,0,0,0,0,0,0,0,0,0,0,0,0,0,0,0,0,0,-0.0022786458*J1^1*J2^3+0,-0.0026311536*J1^1*J2^3+0,0.0026311536*J1^1*J2^3+-0.0013155768*J2^4+0,0.0030381944*J1^1*J2^3+-0.0015190972*J2^4+0,0.0013155768*J2^4+0,0.0015190972*J2^4+0,0.0007595486*J1^1*J2^3+-0.0015190972*J2^4+0,0.0008770512*J1^1*J2^3+-0.0017541024*J2^4+0,0,0,0,0,0,0,0,0,0,0,0,0,0,0,0,0,0,0,0,0,0,0,0,0,0,0,0,0,0,0,0,0},
{0,0,0.0003797743*J2^4+0,-0.0002192628*J1^1*J2^3+0,0,0,-0.0002192628*J1^1*J2^3+0,0.0001265914*J2^4+0,0,0,0,0,0,0,0,0,0,0,0.0000767260*J2^4+0,-0.0000442978*J1^1*J2^3+0,0,0,-0.0000442978*J1^1*J2^3+0,0.0000255753*J2^4+0,0,0,0,0,0,0,0,0,0,0,0,0,0,0,0,0,0,0,0,0,0,0,0,0,0,-0.0022786458*J2^4+0,0,0.0013155768*J1^1*J2^3+0,0,0.0013155768*J1^1*J2^3+0,0,-0.0007595486*J2^4+0,0,0,0,0,0,0,0,0,0,0.0032224918*J2^4+0,0,-0.0018605065*J1^1*J2^3+0,0,-0.0018605065*J1^1*J2^3+0,0,0.0010741639*J2^4+0,0,0,0,0,0,0,0,0,0,0,0,0,0,0,0,0,0,0,0,0,0,0,0,0},
{0,0,0.0000626465*J2^4+0,-0.0000361690*J1^1*J2^3+0,0,0,-0.0000361690*J1^1*J2^3+0,0.0000208822*J2^4+0,0,0,-0.0002819093*J2^4+0,0.0001627604*J1^1*J2^3+0,0,0,0.0001627604*J1^1*J2^3+0,-0.0000939698*J2^4+0,0,0,0.0003543822*J2^4+0,-0.0002046027*J1^1*J2^3+0,0,0,-0.0002046027*J1^1*J2^3+0,0.0001181274*J2^4+0,0,0,0,0,0,0,0,0,0,0,0,0,0,0,0,0,0,0,0,0,0,0,0,0,-0.0022786458*J2^4+0,-0.0026311536*J2^4+0,0.0013155768*J1^1*J2^3+0,0.0015190972*J1^1*J2^3+0,0.0013155768*J1^1*J2^3+0,0.0015190972*J1^1*J2^3+0,-0.0007595486*J2^4+0,-0.0008770512*J2^4+0,0,0,0,0,0,0,0,0,0.0032224918*J2^4+0,0.0037210131*J2^4+0,-0.0018605065*J1^1*J2^3+0,-0.0021483279*J1^1*J2^3+0,-0.0018605065*J1^1*J2^3+0,-0.0021483279*J1^1*J2^3+0,0.0010741639*J2^4+0,0.0012403377*J2^4+0,0,0,0,0,0,0,0,0,0,0,0,0,0,0,0,0,0,0,0,0,0,0,0,0},
{0,0,-0.0002192628*J1^1*J2^3+0,0.0002531829*J1^1*J2^3+-0.0001265914*J2^4+0,0,0,0.0001265914*J2^4+0,0.0000730876*J1^1*J2^3+-0.0001461752*J2^4+0,0,0,0,0,0,0,0,0,0,0,-0.0000442978*J1^1*J2^3+0,0.0000511507*J1^1*J2^3+-0.0000255753*J2^4+0,0,0,0.0000255753*J2^4+0,0.0000147659*J1^1*J2^3+-0.0000295318*J2^4+0,0,0,0,0,0,0,0,0,0,0,0,0,0,0,0,0,0,0,0,0,0,0,0,0,0,0.0013155768*J1^1*J2^3+0,0,-0.0015190972*J1^1*J2^3+0.0007595486*J2^4+0,0,-0.0007595486*J2^4+0,0,-0.0004385256*J1^1*J2^3+0.0008770512*J2^4+0,0,0,0,0,0,0,0,0,0,-0.0018605065*J1^1*J2^3+0,0,0.0021483279*J1^1*J2^3+-0.0010741639*J2^4+0,0,0.0010741639*J2^4+0,0,0.0006201688*J1^1*J2^3+-0.0012403377*J2^4+0,0,0,0,0,0,0,0,0,0,0,0,0,0,0,0,0,0,0,0,0,0,0,0,0},
{0,0,-0.0000361690*J1^1*J2^3+0,0.0000417643*J1^1*J2^3+-0.0000208822*J2^4+0,0,0,0.0000208822*J2^4+0,0.0000120563*J1^1*J2^3+-0.0000241127*J2^4+0,0,0,0.0001627604*J1^1*J2^3+0,-0.0001879395*J1^1*J2^3+0.0000939698*J2^4+0,0,0,-0.0000939698*J2^4+0,-0.0000542535*J1^1*J2^3+0.0001085069*J2^4+0,0,0,-0.0002046027*J1^1*J2^3+0,0.0002362548*J1^1*J2^3+-0.0001181274*J2^4+0,0,0,0.0001181274*J2^4+0,0.0000682009*J1^1*J2^3+-0.0001364018*J2^4+0,0,0,0,0,0,0,0,0,0,0,0,0,0,0,0,0,0,0,0,0,0,0,0,0,0.0013155768*J1^1*J2^3+0,0.0015190972*J1^1*J2^3+0,-0.0015190972*J1^1*J2^3+0.0007595486*J2^4+0,-0.0017541024*J1^1*J2^3+0.0008770512*J2^4+0,-0.0007595486*J2^4+0,-0.0008770512*J2^4+0,-0.0004385256*J1^1*J2^3+0.0008770512*J2^4+0,-0.0005063657*J1^1*J2^3+0.0010127315*J2^4+0,0,0,0,0,0,0,0,0,-0.0018605065*J1^1*J2^3+0,-0.0021483279*J1^1*J2^3+0,0.0021483279*J1^1*J2^3+-0.0010741639*J2^4+0,0.0024806754*J1^1*J2^3+-0.0012403377*J2^4+0,0.0010741639*J2^4+0,0.0012403377*J2^4+0,0.0006201688*J1^1*J2^3+-0.0012403377*J2^4+0,0.0007161093*J1^1*J2^3+-0.0014322186*J2^4+0,0,0,0,0,0,0,0,0,0,0,0,0,0,0,0,0,0,0,0,0,0,0,0,0},
{0.0003797743*J1^1*J2^3+0,-0.0002192628*J2^4+0,0,0,-0.0002192628*J2^4+0,0.0001265914*J1^1*J2^3+0,0,0,0,0,0,0,0,0,0,0,0.0000767260*J1^1*J2^3+0,-0.0000442978*J2^4+0,0,0,-0.0000442978*J2^4+0,0.0000255753*J1^1*J2^3+0,0,0,0,0,0,0,0,0,0,0,0,0,0,0,0,0,0,0,0,0,0,0,0,0,0,0,0,0,0,0,0,0,0,0,0,0.0039467304*J1^1*J2^3+0,0,-0.0022786458*J2^4+0,0,-0.0022786458*J2^4+0,0,0.0013155768*J1^1*J2^3+0,0,0,0,0,0,0,0,0,0,0,0,0,0,0,0,0,0,0,0,0,0,0,0,0,0,0,0,0,0,0,0,0},
{0.0000626465*J1^1*J2^3+0,-0.0000361690*J2^4+0,0,0,-0.0000361690*J2^4+0,0.0000208822*J1^1*J2^3+0,0,0,-0.0002819093*J1^1*J2^3+0,0.0001627604*J2^4+0,0,0,0.0001627604*J2^4+0,-0.0000939698*J1^1*J2^3+0,0,0,0.0003543822*J1^1*J2^3+0,-0.0002046027*J2^4+0,0,0,-0.0002046027*J2^4+0,0.0001181274*J1^1*J2^3+0,0,0,0,0,0,0,0,0,0,0,0,0,0,0,0,0,0,0,0,0,0,0,0,0,0,0,0,0,0,0,0,0,0,0,0.0039467304*J1^1*J2^3+0,0.0045572917*J1^1*J2^3+0,-0.0022786458*J2^4+0,-0.0026311536*J2^4+0,-0.0022786458*J2^4+0,-0.0026311536*J2^4+0,0.0013155768*J1^1*J2^3+0,0.0015190972*J1^1*J2^3+0,0,0,0,0,0,0,0,0,0,0,0,0,0,0,0,0,0,0,0,0,0,0,0,0,0,0,0,0,0,0,0,0},
{-0.0002192628*J2^4+0,-0.0001265914*J1^1*J2^3+0.0002531829*J2^4+0,0,0,0.0001265914*J1^1*J2^3+0,-0.0001461752*J1^1*J2^3+0.0000730876*J2^4+0,0,0,0,0,0,0,0,0,0,0,-0.0000442978*J2^4+0,-0.0000255753*J1^1*J2^3+0.0000511507*J2^4+0,0,0,0.0000255753*J1^1*J2^3+0,-0.0000295318*J1^1*J2^3+0.0000147659*J2^4+0,0,0,0,0,0,0,0,0,0,0,0,0,0,0,0,0,0,0,0,0,0,0,0,0,0,0,0,0,0,0,0,0,0,0,0,-0.0022786458*J2^4+0,0,-0.0013155768*J1^1*J2^3+0.0026311536*J2^4+0,0,0.0013155768*J1^1*J2^3+0,0,-0.0015190972*J1^1*J2^3+0.0007595486*J2^4+0,0,0,0,0,0,0,0,0,0,0,0,0,0,0,0,0,0,0,0,0,0,0,0,0,0,0,0,0,0,0,0,0},
{-0.0000361690*J2^4+0,-0.0000208822*J1^1*J2^3+0.0000417643*J2^4+0,0,0,0.0000208822*J1^1*J2^3+0,-0.0000241127*J1^1*J2^3+0.0000120563*J2^4+0,0,0,0.0001627604*J2^4+0,0.0000939698*J1^1*J2^3+-0.0001879395*J2^4+0,0,0,-0.0000939698*J1^1*J2^3+0,0.0001085069*J1^1*J2^3+-0.0000542535*J2^4+0,0,0,-0.0002046027*J2^4+0,-0.0001181274*J1^1*J2^3+0.0002362548*J2^4+0,0,0,0.0001181274*J1^1*J2^3+0,-0.0001364018*J1^1*J2^3+0.0000682009*J2^4+0,0,0,0,0,0,0,0,0,0,0,0,0,0,0,0,0,0,0,0,0,0,0,0,0,0,0,0,0,0,0,0,0,0,0,-0.0022786458*J2^4+0,-0.0026311536*J2^4+0,-0.0013155768*J1^1*J2^3+0.0026311536*J2^4+0,-0.0015190972*J1^1*J2^3+0.0030381944*J2^4+0,0.0013155768*J1^1*J2^3+0,0.0015190972*J1^1*J2^3+0,-0.0015190972*J1^1*J2^3+0.0007595486*J2^4+0,-0.0017541024*J1^1*J2^3+0.0008770512*J2^4+0,0,0,0,0,0,0,0,0,0,0,0,0,0,0,0,0,0,0,0,0,0,0,0,0,0,0,0,0,0,0,0,0},
{0,0,0.0003797743*J1^1*J2^3+0,-0.0002192628*J2^4+0,0,0,-0.0002192628*J2^4+0,0.0001265914*J1^1*J2^3+0,0,0,0,0,0,0,0,0,0,0,0.0000767260*J1^1*J2^3+0,-0.0000442978*J2^4+0,0,0,-0.0000442978*J2^4+0,0.0000255753*J1^1*J2^3+0,0,0,0,0,0,0,0,0,0,0,0,0,0,0,0,0,0,0,0,0,0,0,0,0,0,-0.0022786458*J1^1*J2^3+0,0,0.0013155768*J2^4+0,0,0.0013155768*J2^4+0,0,-0.0007595486*J1^1*J2^3+0,0,0,0,0,0,0,0,0,0,0.0032224918*J1^1*J2^3+0,0,-0.0018605065*J2^4+0,0,-0.0018605065*J2^4+0,0,0.0010741639*J1^1*J2^3+0,0,0,0,0,0,0,0,0,0,0,0,0,0,0,0,0,0,0,0,0,0,0,0,0},
{0,0,0.0000626465*J1^1*J2^3+0,-0.0000361690*J2^4+0,0,0,-0.0000361690*J2^4+0,0.0000208822*J1^1*J2^3+0,0,0,-0.0002819093*J1^1*J2^3+0,0.0001627604*J2^4+0,0,0,0.0001627604*J2^4+0,-0.0000939698*J1^1*J2^3+0,0,0,0.0003543822*J1^1*J2^3+0,-0.0002046027*J2^4+0,0,0,-0.0002046027*J2^4+0,0.0001181274*J1^1*J2^3+0,0,0,0,0,0,0,0,0,0,0,0,0,0,0,0,0,0,0,0,0,0,0,0,0,-0.0022786458*J1^1*J2^3+0,-0.0026311536*J1^1*J2^3+0,0.0013155768*J2^4+0,0.0015190972*J2^4+0,0.0013155768*J2^4+0,0.0015190972*J2^4+0,-0.0007595486*J1^1*J2^3+0,-0.0008770512*J1^1*J2^3+0,0,0,0,0,0,0,0,0,0.0032224918*J1^1*J2^3+0,0.0037210131*J1^1*J2^3+0,-0.0018605065*J2^4+0,-0.0021483279*J2^4+0,-0.0018605065*J2^4+0,-0.0021483279*J2^4+0,0.0010741639*J1^1*J2^3+0,0.0012403377*J1^1*J2^3+0,0,0,0,0,0,0,0,0,0,0,0,0,0,0,0,0,0,0,0,0,0,0,0,0},
{0,0,-0.0002192628*J2^4+0,-0.0001265914*J1^1*J2^3+0.0002531829*J2^4+0,0,0,0.0001265914*J1^1*J2^3+0,-0.0001461752*J1^1*J2^3+0.0000730876*J2^4+0,0,0,0,0,0,0,0,0,0,0,-0.0000442978*J2^4+0,-0.0000255753*J1^1*J2^3+0.0000511507*J2^4+0,0,0,0.0000255753*J1^1*J2^3+0,-0.0000295318*J1^1*J2^3+0.0000147659*J2^4+0,0,0,0,0,0,0,0,0,0,0,0,0,0,0,0,0,0,0,0,0,0,0,0,0,0,0.0013155768*J2^4+0,0,0.0007595486*J1^1*J2^3+-0.0015190972*J2^4+0,0,-0.0007595486*J1^1*J2^3+0,0,0.0008770512*J1^1*J2^3+-0.0004385256*J2^4+0,0,0,0,0,0,0,0,0,0,-0.0018605065*J2^4+0,0,-0.0010741639*J1^1*J2^3+0.0021483279*J2^4+0,0,0.0010741639*J1^1*J2^3+0,0,-0.0012403377*J1^1*J2^3+0.0006201688*J2^4+0,0,0,0,0,0,0,0,0,0,0,0,0,0,0,0,0,0,0,0,0,0,0,0,0},
{0,0,-0.0000361690*J2^4+0,-0.0000208822*J1^1*J2^3+0.0000417643*J2^4+0,0,0,0.0000208822*J1^1*J2^3+0,-0.0000241127*J1^1*J2^3+0.0000120563*J2^4+0,0,0,0.0001627604*J2^4+0,0.0000939698*J1^1*J2^3+-0.0001879395*J2^4+0,0,0,-0.0000939698*J1^1*J2^3+0,0.0001085069*J1^1*J2^3+-0.0000542535*J2^4+0,0,0,-0.0002046027*J2^4+0,-0.0001181274*J1^1*J2^3+0.0002362548*J2^4+0,0,0,0.0001181274*J1^1*J2^3+0,-0.0001364018*J1^1*J2^3+0.0000682009*J2^4+0,0,0,0,0,0,0,0,0,0,0,0,0,0,0,0,0,0,0,0,0,0,0,0,0,0.0013155768*J2^4+0,0.0015190972*J2^4+0,0.0007595486*J1^1*J2^3+-0.0015190972*J2^4+0,0.0008770512*J1^1*J2^3+-0.0017541024*J2^4+0,-0.0007595486*J1^1*J2^3+0,-0.0008770512*J1^1*J2^3+0,0.0008770512*J1^1*J2^3+-0.0004385256*J2^4+0,0.0010127315*J1^1*J2^3+-0.0005063657*J2^4+0,0,0,0,0,0,0,0,0,-0.0018605065*J2^4+0,-0.0021483279*J2^4+0,-0.0010741639*J1^1*J2^3+0.0021483279*J2^4+0,-0.0012403377*J1^1*J2^3+0.0024806754*J2^4+0,0.0010741639*J1^1*J2^3+0,0.0012403377*J1^1*J2^3+0,-0.0012403377*J1^1*J2^3+0.0006201688*J2^4+0,-0.0014322186*J1^1*J2^3+0.0007161093*J2^4+0,0,0,0,0,0,0,0,0,0,0,0,0,0,0,0,0,0,0,0,0,0,0,0,0},
{0,0,0,0,0.0003100844*J1^1*J2^3+-0.0003100844*J2^4+0,0.0001790273*J1^1*J2^3+-0.0001790273*J2^4+0,0,0,0,0,0,0,0,0,0,0,0,0,0,0,0.0000626465*J1^1*J2^3+-0.0000626465*J2^4+0,0.0000361690*J1^1*J2^3+-0.0000361690*J2^4+0,0,0,0,0,0,0,0,0,0,0,0,0,0,0,0,0,0,0,0,0,0,0,0,0,0,0,0,0,0,0,0,0,0,0,0,0,0,0,0,0.0032224918*J1^1*J2^3+-0.0032224918*J2^4+0,0,0.0018605065*J1^1*J2^3+-0.0018605065*J2^4+0,0,0,0,0,0,0,0,0,0,0,0,0,0,0,0,0,0,0,0,0,0,0,0,0,0,0,0,0,0,0,0,0},
{0,0,0,0,0.0000511507*J1^1*J2^3+-0.0000511507*J2^4+0,0.0000295318*J1^1*J2^3+-0.0000295318*J2^4+0,0,0,0,0,0,0,-0.0002301780*J1^1*J2^3+0.0002301780*J2^4+0,-0.0001328933*J1^1*J2^3+0.0001328933*J2^4+0,0,0,0,0,0,0,0.0002893519*J1^1*J2^3+-0.0002893519*J2^4+0,0.0001670574*J1^1*J2^3+-0.0001670574*J2^4+0,0,0,0,0,0,0,0,0,0,0,0,0,0,0,0,0,0,0,0,0,0,0,0,0,0,0,0,0,0,0,0,0,0,0,0,0,0,0,0.0032224918*J1^1*J2^3+-0.0032224918*J2^4+0,0.0037210131*J1^1*J2^3+-0.0037210131*J2^4+0,0.0018605065*J1^1*J2^3+-0.0018605065*J2^4+0,0.0021483279*J1^1*J2^3+-0.0021483279*J2^4+0,0,0,0,0,0,0,0,0,0,0,0,0,0,0,0,0,0,0,0,0,0,0,0,0,0,0,0,0,0,0,0,0},
{0,0,0,0,0.0001790273*J1^1*J2^3+-0.0001790273*J2^4+0,-0.0003100844*J1^1*J2^3+0.0003100844*J2^4+0,0,0,0,0,0,0,0,0,0,0,0,0,0,0,0.0000361690*J1^1*J2^3+-0.0000361690*J2^4+0,-0.0000626465*J1^1*J2^3+0.0000626465*J2^4+0,0,0,0,0,0,0,0,0,0,0,0,0,0,0,0,0,0,0,0,0,0,0,0,0,0,0,0,0,0,0,0,0,0,0,0,0,0,0,0,0.0018605065*J1^1*J2^3+-0.0018605065*J2^4+0,0,-0.0032224918*J1^1*J2^3+0.0032224918*J2^4+0,0,0,0,0,0,0,0,0,0,0,0,0,0,0,0,0,0,0,0,0,0,0,0,0,0,0,0,0,0,0,0,0},
{0,0,0,0,0.0000295318*J1^1*J2^3+-0.0000295318*J2^4+0,-0.0000511507*J1^1*J2^3+0.0000511507*J2^4+0,0,0,0,0,0,0,-0.0001328933*J1^1*J2^3+0.0001328933*J2^4+0,0.0002301780*J1^1*J2^3+-0.0002301780*J2^4+0,0,0,0,0,0,0,0.0001670574*J1^1*J2^3+-0.0001670574*J2^4+0,-0.0002893519*J1^1*J2^3+0.0002893519*J2^4+0,0,0,0,0,0,0,0,0,0,0,0,0,0,0,0,0,0,0,0,0,0,0,0,0,0,0,0,0,0,0,0,0,0,0,0,0,0,0,0.0018605065*J1^1*J2^3+-0.0018605065*J2^4+0,0.0021483279*J1^1*J2^3+-0.0021483279*J2^4+0,-0.0032224918*J1^1*J2^3+0.0032224918*J2^4+0,-0.0037210131*J1^1*J2^3+0.0037210131*J2^4+0,0,0,0,0,0,0,0,0,0,0,0,0,0,0,0,0,0,0,0,0,0,0,0,0,0,0,0,0,0,0,0,0},
{0,0,0,0,0,0,0.0003100844*J1^1*J2^3+-0.0003100844*J2^4+0,0.0001790273*J1^1*J2^3+-0.0001790273*J2^4+0,0,0,0,0,0,0,0,0,0,0,0,0,0,0,0.0000626465*J1^1*J2^3+-0.0000626465*J2^4+0,0.0000361690*J1^1*J2^3+-0.0000361690*J2^4+0,0,0,0,0,0,0,0,0,0,0,0,0,0,0,0,0,0,0,0,0,0,0,0,0,0,0,0,0,0,-0.0018605065*J1^1*J2^3+0.0018605065*J2^4+0,0,-0.0010741639*J1^1*J2^3+0.0010741639*J2^4+0,0,0,0,0,0,0,0,0,0,0,0,0,0,0.0026311536*J1^1*J2^3+-0.0026311536*J2^4+0,0,0.0015190972*J1^1*J2^3+-0.0015190972*J2^4+0,0,0,0,0,0,0,0,0,0,0,0,0,0,0,0,0,0,0,0,0,0,0,0,0},
{0,0,0,0,0,0,0.0000511507*J1^1*J2^3+-0.0000511507*J2^4+0,0.0000295318*J1^1*J2^3+-0.0000295318*J2^4+0,0,0,0,0,0,0,-0.0002301780*J1^1*J2^3+0.0002301780*J2^4+0,-0.0001328933*J1^1*J2^3+0.0001328933*J2^4+0,0,0,0,0,0,0,0.0002893519*J1^1*J2^3+-0.0002893519*J2^4+0,0.0001670574*J1^1*J2^3+-0.0001670574*J2^4+0,0,0,0,0,0,0,0,0,0,0,0,0,0,0,0,0,0,0,0,0,0,0,0,0,0,0,0,0,-0.0018605065*J1^1*J2^3+0.0018605065*J2^4+0,-0.0021483279*J1^1*J2^3+0.0021483279*J2^4+0,-0.0010741639*J1^1*J2^3+0.0010741639*J2^4+0,-0.0012403377*J1^1*J2^3+0.0012403377*J2^4+0,0,0,0,0,0,0,0,0,0,0,0,0,0.0026311536*J1^1*J2^3+-0.0026311536*J2^4+0,0.0030381944*J1^1*J2^3+-0.0030381944*J2^4+0,0.0015190972*J1^1*J2^3+-0.0015190972*J2^4+0,0.0017541024*J1^1*J2^3+-0.0017541024*J2^4+0,0,0,0,0,0,0,0,0,0,0,0,0,0,0,0,0,0,0,0,0,0,0,0,0},
{0,0,0,0,0,0,0.0001790273*J1^1*J2^3+-0.0001790273*J2^4+0,-0.0003100844*J1^1*J2^3+0.0003100844*J2^4+0,0,0,0,0,0,0,0,0,0,0,0,0,0,0,0.0000361690*J1^1*J2^3+-0.0000361690*J2^4+0,-0.0000626465*J1^1*J2^3+0.0000626465*J2^4+0,0,0,0,0,0,0,0,0,0,0,0,0,0,0,0,0,0,0,0,0,0,0,0,0,0,0,0,0,0,-0.0010741639*J1^1*J2^3+0.0010741639*J2^4+0,0,0.0018605065*J1^1*J2^3+-0.0018605065*J2^4+0,0,0,0,0,0,0,0,0,0,0,0,0,0,0.0015190972*J1^1*J2^3+-0.0015190972*J2^4+0,0,-0.0026311536*J1^1*J2^3+0.0026311536*J2^4+0,0,0,0,0,0,0,0,0,0,0,0,0,0,0,0,0,0,0,0,0,0,0,0,0},
{0,0,0,0,0,0,0.0000295318*J1^1*J2^3+-0.0000295318*J2^4+0,-0.0000511507*J1^1*J2^3+0.0000511507*J2^4+0,0,0,0,0,0,0,-0.0001328933*J1^1*J2^3+0.0001328933*J2^4+0,0.0002301780*J1^1*J2^3+-0.0002301780*J2^4+0,0,0,0,0,0,0,0.0001670574*J1^1*J2^3+-0.0001670574*J2^4+0,-0.0002893519*J1^1*J2^3+0.0002893519*J2^4+0,0,0,0,0,0,0,0,0,0,0,0,0,0,0,0,0,0,0,0,0,0,0,0,0,0,0,0,0,-0.0010741639*J1^1*J2^3+0.0010741639*J2^4+0,-0.0012403377*J1^1*J2^3+0.0012403377*J2^4+0,0.0018605065*J1^1*J2^3+-0.0018605065*J2^4+0,0.0021483279*J1^1*J2^3+-0.0021483279*J2^4+0,0,0,0,0,0,0,0,0,0,0,0,0,0.0015190972*J1^1*J2^3+-0.0015190972*J2^4+0,0.0017541024*J1^1*J2^3+-0.0017541024*J2^4+0,-0.0026311536*J1^1*J2^3+0.0026311536*J2^4+0,-0.0030381944*J1^1*J2^3+0.0030381944*J2^4+0,0,0,0,0,0,0,0,0,0,0,0,0,0,0,0,0,0,0,0,0,0,0,0,0}
}