36
{{0,0,0,0,0,0,0,0,0,0,0,0,0.0005787037*J2^4+-0.0356867284*J2^3*(J2-J1)^1+0,0.0019211597*J2^4+-0.0074618958*J2^3*(J2-J1)^1+0,0,0,0,0,0,0,0,0,0,0,0,0,0,0,0,0,0,0,0,0,0,0},
{0,0,0,0,0,0,0,0,0,0,0,0,0,0,0,0,-0.0003341147*J2^4+0.0290679823*J2^3*(J2-J1)^1+0,-0.0011091821*J2^4+0.0098379630*J2^3*(J2-J1)^1+0,0,0,-0.0004725096*J2^4+0.0351232133*J2^3*(J2-J1)^1+0,-0.0015686204*J2^4+0.0100027965*J2^3*(J2-J1)^1+0,0,0,0,0,0,0,0,0,0,0,0,0,0,0},
{0,0,0,0,0,0,0,0,0,0,0,0,0,0,0.0005787037*J2^4+-0.0118955761*J2^3*(J2-J1)^1+0,0.0019211597*J2^4+0.0088726025*J2^3*(J2-J1)^1+0,0,0,0,0,0,0,0,0,0,0,0,0,0,0,0,0,0,0,0,0},
{0,0,0,0,0,0,0,0,0,0,0,0,0,0,0,0,0,0,-0.0003341147*J2^4+0.0153321541*J2^3*(J2-J1)^1+0,-0.0011091821*J2^4+0.0004072359*J2^3*(J2-J1)^1+0,0,0,-0.0004725096*J2^4+0.0156978188*J2^3*(J2-J1)^1+0,-0.0015686204*J2^4+-0.0033342655*J2^3*(J2-J1)^1+0,0,0,0,0,0,0,0,0,0,0,0,0},
{0,0,0,0,0,0,0,0,0,0,0,0,0,-0.0022552745*J2^4+0.0045105490*J2^3*(J2-J1)^1+0,0,0,0,0,0,0,0,0,0,0,0,0,0,0,0,0,0,0,0,0,0,0},
{0,0,0,0,0,0,0,0,0,0,0,0,0,0,0,0,0,0.0013020833*J2^4+-0.0130208333*J2^3*(J2-J1)^1+0,0,0,0,0.0018414239*J2^4+-0.0110485435*J2^3*(J2-J1)^1+0,0,0,0,0,0,0,0,0,0,0,0,0,0,0},
{0,0,0,0,0,0,0,0,0,0,0,0,0,0,0,-0.0022552745*J2^4+-0.0255597775*J2^3*(J2-J1)^1+0,0,0,0,0,0,0,0,0,0,0,0,0,0,0,0,0,0,0,0,0},
{0,0,0,0,0,0,0,0,0,0,0,0,0,0,0,0,0,0,0,0.0013020833*J2^4+0.0043402778*J2^3*(J2-J1)^1+0,0,0,0,0.0018414239*J2^4+0.0135037753*J2^3*(J2-J1)^1+0,0,0,0,0,0,0,0,0,0,0,0,0},
{0,0,0,0,0,0,0,0,0,0,0,0,0.0023529306*J2^4+-0.0300083896*J2^3*(J2-J1)^1+0,0.0018309747*J2^4+0.0020869174*J2^3*(J2-J1)^1+0,0,0,0,0,0,0,0,0,0,0,0,0,0,0,0,0,0,0,0,0,0,0},
{0,0,0,0,0,0,0,0,0,0,0,0,0,0,0,0,-0.0013584651*J2^4+0.0240979894*J2^3*(J2-J1)^1+0,-0.0010571137*J2^4+0.0096163249*J2^3*(J2-J1)^1+0,0,0,-0.0019211597*J2^4+0.0292907255*J2^3*(J2-J1)^1+0,-0.0014949846*J2^4+0.0059477881*J2^3*(J2-J1)^1+0,0,0,0,0,0,0,0,0,0,0,0,0,0,0},
{0,0,0,0,0,0,0,0,0,0,0,0,0,0,0.0023529306*J2^4+-0.0100027965*J2^3*(J2-J1)^1+0,0.0018309747*J2^4+0.0330625464*J2^3*(J2-J1)^1+0,0,0,0,0,0,0,0,0,0,0,0,0,0,0,0,0,0,0,0,0},
{0,0,0,0,0,0,0,0,0,0,0,0,0,0,0,0,0,0,-0.0013584651*J2^4+0.0125477548*J2^3*(J2-J1)^1+0,-0.0010571137*J2^4+-0.0082674629*J2^3*(J2-J1)^1+0,0,0,-0.0019211597*J2^4+0.0129562271*J2^3*(J2-J1)^1+0,-0.0014949846*J2^4+-0.0193437071*J2^3*(J2-J1)^1+0,0,0,0,0,0,0,0,0,0,0,0,0},
{0.0034722222*J2^4+0.0059317130*J2^3*(J2-J1)^1+0,0,0,0,0,0,0,0,0.0030690398*J2^4+0.0048081624*J2^3*(J2-J1)^1+0,0,0,0,0,0,0,0,0,0,0,0,0,0,0,0,0,0,0,0,0,0.0014095466*J2^4+0,0,0,0,0,0,0},
{0.0025058605*J2^4+0.0073505243*J2^3*(J2-J1)^1+0,0,0,0,-0.0045105490*J2^4+-0.0067658235*J2^3*(J2-J1)^1+0,0,0,0,0.0046069686*J2^4+-0.0024216117*J2^3*(J2-J1)^1+0,0,0,0,0,0,0,0,0,0,0,0,0,0,0,0,0,0,0,0,0.0014095466*J2^4+-0.0338291173*J2^3*(J2-J1)^1+0,0.0016276042*J2^4+-0.0013020833*J2^3*(J2-J1)^1+0,0,0,0,0,0,0},
{0,0,0.0034722222*J2^4+0.0019772377*J2^3*(J2-J1)^1+0,0,0,0,0,0,0,0,0.0030690398*J2^4+-0.0016027208*J2^3*(J2-J1)^1+0,0,0,0,0,0,0,0,0,0,0,0,0,0,0,-0.0008138021*J2^4+0.0091145833*J2^3*(J2-J1)^1+0,0,0,0,0,0,0,0,0.0011508899*J2^4+0.0064449837*J2^3*(J2-J1)^1+0,0,0},
{0,0,0.0025058605*J2^4+0.0021160600*J2^3*(J2-J1)^1+0,0,0,0,-0.0045105490*J2^4+0.0007517582*J2^3*(J2-J1)^1+0,0,0,0,0.0046069686*J2^4+-0.0093517524*J2^3*(J2-J1)^1+0,0,0,0,0,0,0,0,0,0,0,0,0,0,-0.0008138021*J2^4+0.0286458333*J2^3*(J2-J1)^1+0,-0.0009396977*J2^4+0.0112763724*J2^3*(J2-J1)^1+0,0,0,0,0,0,0,0.0011508899*J2^4+-0.0211763750*J2^3*(J2-J1)^1+0,0.0013289332*J2^4+0.0063788795*J2^3*(J2-J1)^1+0,0,0},
{0,-0.0020046884*J2^4+-0.0046776063*J2^3*(J2-J1)^1+0,0,0,0,0,0,0,0,-0.0017719110*J2^4+-0.0034847583*J2^3*(J2-J1)^1+0,0,0,0,0,0,0,0,0,0,0,0,0,0,0,0,0,0,0,0,0,0,-0.0008138021*J2^4+-0.0104166667*J2^3*(J2-J1)^1+0,0,0,0,0},
{0,-0.0014467593*J2^4+-0.0048225309*J2^3*(J2-J1)^1+0,0,0,0,0.0026041667*J2^4+0.0052083333*J2^3*(J2-J1)^1+0,0,0,0,-0.0026598345*J2^4+-0.0000341004*J2^3*(J2-J1)^1+0,0,0,0,0,0,0,0,0,0,0,0,0,0,0,0,0,0,0,0,0,-0.0008138021*J2^4+0.0091145833*J2^3*(J2-J1)^1+0,-0.0009396977*J2^4+-0.0112763724*J2^3*(J2-J1)^1+0,0,0,0,0},
{0,0,0,-0.0020046884*J2^4+-0.0023944890*J2^3*(J2-J1)^1+0,0,0,0,0,0,0,0,-0.0017719110*J2^4+0.0002165669*J2^3*(J2-J1)^1+0,0,0,0,0,0,0,0,0,0,0,0,0,0,0,0,0.0004698489*J2^4+0.0007517582*J2^3*(J2-J1)^1+0,0,0,0,0,0,0,0,-0.0006644666*J2^4+-0.0122261858*J2^3*(J2-J1)^1+0},
{0,0,0,-0.0014467593*J2^4+-0.0018004115*J2^3*(J2-J1)^1+0,0,0,0,0.0026041667*J2^4+0.0008680556*J2^3*(J2-J1)^1+0,0,0,0,-0.0026598345*J2^4+0.0039670182*J2^3*(J2-J1)^1+0,0,0,0,0,0,0,0,0,0,0,0,0,0,0,0.0004698489*J2^4+-0.0105246143*J2^3*(J2-J1)^1+0,0.0005425347*J2^4+0.0004340278*J2^3*(J2-J1)^1+0,0,0,0,0,0,0,-0.0006644666*J2^4+0.0037210131*J2^3*(J2-J1)^1+0,-0.0007672600*J2^4+-0.0135037753*J2^3*(J2-J1)^1+0},
{0,-0.0028350576*J2^4+-0.0057291788*J2^3*(J2-J1)^1+0,0,0,0,0,0,0,0,-0.0025058605*J2^4+-0.0044270203*J2^3*(J2-J1)^1+0,0,0,0,0,0,0,0,0,0,0,0,0,0,0,0,0,0,0,0,0,0,-0.0011508899*J2^4+-0.0073656956*J2^3*(J2-J1)^1+0,0,0,0,0},
{0,-0.0020460266*J2^4+-0.0064108832*J2^3*(J2-J1)^1+0,0,0,0,0.0036828478*J2^4+0.0064449837*J2^3*(J2-J1)^1+0,0,0,0,-0.0037615741*J2^4+0.0009645062*J2^3*(J2-J1)^1+0,0,0,0,0,0,0,0,0,0,0,0,0,0,0,0,0,0,0,0,0,-0.0011508899*J2^4+0.0202556630*J2^3*(J2-J1)^1+0,-0.0013289332*J2^4+-0.0074420261*J2^3*(J2-J1)^1+0,0,0,0,0},
{0,0,0,-0.0028350576*J2^4+-0.0025003633*J2^3*(J2-J1)^1+0,0,0,0,0,0,0,0,-0.0025058605*J2^4+0.0008074440*J2^3*(J2-J1)^1+0,0,0,0,0,0,0,0,0,0,0,0,0,0,0,0,0.0006644666*J2^4+-0.0031894398*J2^3*(J2-J1)^1+0,0,0,0,0,0,0,0,-0.0009396977*J2^4+-0.0112763724*J2^3*(J2-J1)^1+0},
{0,0,0,-0.0020460266*J2^4+-0.0021369611*J2^3*(J2-J1)^1+0,0,0,0,0.0036828478*J2^4+0.0003069040*J2^3*(J2-J1)^1+0,0,0,0,-0.0037615741*J2^4+0.0066229424*J2^3*(J2-J1)^1+0,0,0,0,0,0,0,0,0,0,0,0,0,0,0,0.0006644666*J2^4+-0.0191366386*J2^3*(J2-J1)^1+0,0.0007672600*J2^4+-0.0042966558*J2^3*(J2-J1)^1+0,0,0,0,0,0,0,-0.0009396977*J2^4+0.0112763724*J2^3*(J2-J1)^1+0,-0.0010850694*J2^4+-0.0121527778*J2^3*(J2-J1)^1+0},
{0,0,0,0,0,0,0,0,0,0,0,0,0,0,0,0.0011393229*J2^4+0.0078125000*J2^3*(J2-J1)^1+0,0,0,0,0,0,0,0,0,0,0,0,0,0,0,0,0,0,0,0,0},
{0,0,0,0,0,0,0,0,0,0,0,0,0,0,0.0011393229*J2^4+-0.0117187500*J2^3*(J2-J1)^1+0,0.0013155768*J2^4+0.0112763724*J2^3*(J2-J1)^1+0,0,0,0,0,0,0,0,0,0,0,0,0,0,0,0,0,0,0,0,0},
{0,0,0,0,0,0,0,0,0,0,0,0,0,0,0,0,0,0,0,-0.0006577884*J2^4+0.0015035163*J2^3*(J2-J1)^1+0,0,0,0,-0.0009302533*J2^4+-0.0021262932*J2^3*(J2-J1)^1+0,0,0,0,0,0,0,0,0,0,0,0,0},
{0,0,0,0,0,0,0,0,0,0,0,0,0,0,0,0,0,0,-0.0006577884*J2^4+0.0127798888*J2^3*(J2-J1)^1+0,-0.0007595486*J2^4+0.0004340278*J2^3*(J2-J1)^1+0,0,0,-0.0009302533*J2^4+0.0138209057*J2^3*(J2-J1)^1+0,-0.0010741639*J2^4+-0.0042966558*J2^3*(J2-J1)^1+0,0,0,0,0,0,0,0,0,0,0,0,0},
{0,0,0,0,0,0,0,0,0,0,0,0,0,-0.0019733652*J2^4+0.0022552745*J2^3*(J2-J1)^1+0,0,0,0,0,0,0,0,0,0,0,0,0,0,0,0,0,0,0,0,0,0,0},
{0,0,0,0,0,0,0,0,0,0,0,0,-0.0019733652*J2^4+0.0360843918*J2^3*(J2-J1)^1+0,-0.0022786458*J2^4+-0.0013020833*J2^3*(J2-J1)^1+0,0,0,0,0,0,0,0,0,0,0,0,0,0,0,0,0,0,0,0,0,0,0},
{0,0,0,0,0,0,0,0,0,0,0,0,0,0,0,0,0,0.0011393229*J2^4+-0.0117187500*J2^3*(J2-J1)^1+0,0,0,0,0.0016112459*J2^4+-0.0092071195*J2^3*(J2-J1)^1+0,0,0,0,0,0,0,0,0,0,0,0,0,0,0},
{0,0,0,0,0,0,0,0,0,0,0,0,0,0,0,0,0.0011393229*J2^4+-0.0312500000*J2^3*(J2-J1)^1+0,0.0013155768*J2^4+-0.0112763724*J2^3*(J2-J1)^1+0,0,0,0.0016112459*J2^4+-0.0368284782*J2^3*(J2-J1)^1+0,0.0018605065*J2^4+-0.0074420261*J2^3*(J2-J1)^1+0,0,0,0,0,0,0,0,0,0,0,0,0,0,0},
{0,0,0,0,0,0,0,0,0,0,0,0,0,0,0,-0.0016112459*J2^4+-0.0211763750*J2^3*(J2-J1)^1+0,0,0,0,0,0,0,0,0,0,0,0,0,0,0,0,0,0,0,0,0},
{0,0,0,0,0,0,0,0,0,0,0,0,0,0,-0.0016112459*J2^4+0.0064449837*J2^3*(J2-J1)^1+0,-0.0018605065*J2^4+-0.0276418113*J2^3*(J2-J1)^1+0,0,0,0,0,0,0,0,0,0,0,0,0,0,0,0,0,0,0,0,0},
{0,0,0,0,0,0,0,0,0,0,0,0,0,0,0,0,0,0,0,0.0009302533*J2^4+0.0037210131*J2^3*(J2-J1)^1+0,0,0,0,0.0013155768*J2^4+0.0112763724*J2^3*(J2-J1)^1+0,0,0,0,0,0,0,0,0,0,0,0,0},
{0,0,0,0,0,0,0,0,0,0,0,0,0,0,0,0,0,0,0.0009302533*J2^4+-0.0122261858*J2^3*(J2-J1)^1+0,0.0010741639*J2^4+0.0061380797*J2^3*(J2-J1)^1+0,0,0,0.0013155768*J2^4+-0.0112763724*J2^3*(J2-J1)^1+0,0.0015190972*J2^4+0.0156250000*J2^3*(J2-J1)^1+0,0,0,0,0,0,0,0,0,0,0,0,0}
}