36
{{0,0,0,0,0,0,0,0,0,0,0,0,0,0,0,0,0,-0.0045105490*J2^4+-0.0022552745*J2^3*(J2-J1)^1+0,0,0,0,0,0,0,0,0,0,0,0,0.0014095466*J2^4+-0.0090210980*J2^3*(J2-J1)^1+0,0,0,0,0,0,0},
{0,0,0,0,0,0,0,0,0,0,0,0,0,-0.0002893519*J2^4+0.0017843364*J2^3*(J2-J1)^1+0,0,0,0,0,0,0,0,-0.0016368213*J2^4+0.0019778257*J2^3*(J2-J1)^1+0,0,0,0,0,0,0,0,0,0,-0.0004698489*J2^4+-0.0075175816*J2^3*(J2-J1)^1+0,0,0,0,0},
{0,0,0,0,0,0,0,0,0,0,0,0,0,0,0,0,0,0,0,-0.0045105490*J2^4+0.0052623071*J2^3*(J2-J1)^1+0,0,0,0,0,0,-0.0008138021*J2^4+0.0143229167*J2^3*(J2-J1)^1+0,0,0,0,0,0,0,0,0.0011508899*J2^4+-0.0009207120*J2^3*(J2-J1)^1+0,0,0},
{0,0,0,0,0,0,0,0,0,0,0,0,0,0,0,-0.0002893519*J2^4+0.0034882973*J2^3*(J2-J1)^1+0,0,0,0,0,0,0,0,-0.0016368213*J2^4+0.0038419832*J2^3*(J2-J1)^1+0,0,0,0,0.0002712674*J2^4+0.0013020833*J2^3*(J2-J1)^1+0,0,0,0,0,0,0,0,-0.0003836300*J2^4+-0.0082864076*J2^3*(J2-J1)^1+0},
{0,0,0,0,0,0,0,0,0,0,0,0,0,0,0,0,0.0078125000*J2^4+0,0,0,0,0,0,0,0,0,0,0,0,-0.0024414062*J2^4+0.0468750000*J2^3*(J2-J1)^1+0,0,0,0,0,0,0,0},
{0,0,0,0,0,0,0,0,0,0,0,0,0.0005011721*J2^4+-0.0028399753*J2^3*(J2-J1)^1+0,0,0,0,0,0,0,0,0.0028350576*J2^4+-0.0051976055*J2^3*(J2-J1)^1+0,0,0,0,0,0,0,0,0,0,0.0008138021*J2^4+0.0026041667*J2^3*(J2-J1)^1+0,0,0,0,0,0},
{0,0,0,0,0,0,0,0,0,0,0,0,0,0,0,0,0,0,0.0078125000*J2^4+-0.0130208333*J2^3*(J2-J1)^1+0,0,0,0,0,0,0.0014095466*J2^4+-0.0428502153*J2^3*(J2-J1)^1+0,0,0,0,0,0,0,0,-0.0019933999*J2^4+0.0271102380*J2^3*(J2-J1)^1+0,0,0,0},
{0,0,0,0,0,0,0,0,0,0,0,0,0,0,0.0005011721*J2^4+-0.0057913221*J2^3*(J2-J1)^1+0,0,0,0,0,0,0,0,0.0028350576*J2^4+-0.0084264211*J2^3*(J2-J1)^1+0,0,0,0,-0.0004698489*J2^4+0.0037587908*J2^3*(J2-J1)^1+0,0,0,0,0,0,0,0,0.0006644666*J2^4+0.0058473062*J2^3*(J2-J1)^1+0,0},
{0,0,0,0,0,0,0,0,0,0,0,0,0,0,0,0,0,-0.0063788795*J2^4+-0.0015947199*J2^3*(J2-J1)^1+0,0,0,0,0,0,0,0,0,0,0,0,0.0019933999*J2^4+-0.0255155182*J2^3*(J2-J1)^1+0,0,0,0,0,0,0},
{0,0,0,0,0,0,0,0,0,0,0,0,0,-0.0004092053*J2^4+0.0024211314*J2^3*(J2-J1)^1+0,0,0,0,0,0,0,0,-0.0023148148*J2^4+0.0035204475*J2^3*(J2-J1)^1+0,0,0,0,0,0,0,0,0,0,-0.0006644666*J2^4+-0.0063788795*J2^3*(J2-J1)^1+0,0,0,0,0},
{0,0,0,0,0,0,0,0,0,0,0,0,0,0,0,0,0,0,0,-0.0063788795*J2^4+0.0090367460*J2^3*(J2-J1)^1+0,0,0,0,0,0,-0.0011508899*J2^4+0.0276213586*J2^3*(J2-J1)^1+0,0,0,0,0,0,0,0,0.0016276042*J2^4+-0.0117187500*J2^3*(J2-J1)^1+0,0,0},
{0,0,0,0,0,0,0,0,0,0,0,0,0,0,0,-0.0004092053*J2^4+0.0048308961*J2^3*(J2-J1)^1+0,0,0,0,0,0,0,0,-0.0023148148*J2^4+0.0061567644*J2^3*(J2-J1)^1+0,0,0,0,0.0003836300*J2^4+-0.0006138080*J2^3*(J2-J1)^1+0,0,0,0,0,0,0,0,-0.0005425347*J2^4+-0.0082465278*J2^3*(J2-J1)^1+0},
{0,0,0,0,0,0.0015870450*J2^4+0.0071834669*J2^3*(J2-J1)^1+0,0,0,0,0,0,0,0,0,0,0,0,0,0,0,0,0,0,0,0,0,0,0,0,0,0,0,0,0,0,0},
{0,-0.0009162809*J2^4+-0.0035043724*J2^3*(J2-J1)^1+0,0,0,0,0,0,0,0,-0.0012958168*J2^4+-0.0054106036*J2^3*(J2-J1)^1+0,0,0,0,0,0,0,0,0,0,0,0,0,0,0,0,0,0,0,0,0,0,0,0,0,0,0},
{0,0,0,0,0,0,0,0.0015870450*J2^4+0.0097821371*J2^3*(J2-J1)^1+0,0,0,0,0,0,0,0,0,0,0,0,0,0,0,0,0,0,0,0,0,0,0,0,0,0,0,0,0},
{0,0,0,-0.0009162809*J2^4+-0.0050047154*J2^3*(J2-J1)^1+0,0,0,0,0,0,0,0,-0.0012958168*J2^4+-0.0075324089*J2^3*(J2-J1)^1+0,0,0,0,0,0,0,0,0,0,0,0,0,0,0,0,0,0,0,0,0,0,0,0,0},
{0,0,0,0,0.0039062500*J2^4+-0.0312500000*J2^3*(J2-J1)^1+0,0,0,0,0,0,0,0,0,0,0,0,0,0,0,0,0,0,0,0,0,0,0,0,0,0,0,0,0,0,0,0},
{-0.0022552745*J2^4+0.0360843918*J2^3*(J2-J1)^1+0,0,0,0,0,0,0,0,-0.0031894398*J2^4+0.0382732772*J2^3*(J2-J1)^1+0,0,0,0,0,0,0,0,0,0,0,0,0,0,0,0,0,0,0,0,0,0,0,0,0,0,0,0},
{0,0,0,0,0,0,0.0039062500*J2^4+0.0208333333*J2^3*(J2-J1)^1+0,0,0,0,0,0,0,0,0,0,0,0,0,0,0,0,0,0,0,0,0,0,0,0,0,0,0,0,0,0},
{0,0,-0.0022552745*J2^4+0.0060140653*J2^3*(J2-J1)^1+0,0,0,0,0,0,0,0,-0.0031894398*J2^4+-0.0042525864*J2^3*(J2-J1)^1+0,0,0,0,0,0,0,0,0,0,0,0,0,0,0,0,0,0,0,0,0,0,0,0,0,0},
{0,0,0,0,0,0.0004725096*J2^4+0.0140571605*J2^3*(J2-J1)^1+0,0,0,0,0,0,0,0,0,0,0,0,0,0,0,0,0,0,0,0,0,0,0,0,0,0,0,0,0,0,0},
{0,-0.0002728035*J2^4+-0.0012048823*J2^3*(J2-J1)^1+0,0,0,0,0,0,0,0,-0.0003858025*J2^4+-0.0065907922*J2^3*(J2-J1)^1+0,0,0,0,0,0,0,0,0,0,0,0,0,0,0,0,0,0,0,0,0,0,0,0,0,0,0},
{0,0,0,0,0,0,0,0.0004725096*J2^4+0.0334825549*J2^3*(J2-J1)^1+0,0,0,0,0,0,0,0,0,0,0,0,0,0,0,0,0,0,0,0,0,0,0,0,0,0,0,0,0},
{0,0,0,-0.0002728035*J2^4+-0.0124201390*J2^3*(J2-J1)^1+0,0,0,0,0,0,0,0,-0.0003858025*J2^4+-0.0224515604*J2^3*(J2-J1)^1+0,0,0,0,0,0,0,0,0,0,0,0,0,0,0,0,0,0,0,0,0,0,0,0,0},
{0,0,0,0,0,0,-0.0019733652*J2^4+-0.0067658235*J2^3*(J2-J1)^1+0,0,0,0,0,0,0,0,0,0,0,0,0,0,0,0,0,0,0,0,0,0,0,0,0,0,0,0,0,0},
{0,0,0.0011393229*J2^4+-0.0065104167*J2^3*(J2-J1)^1+0,0,0,0,0,0,0,0,0.0016112459*J2^4+-0.0018414239*J2^3*(J2-J1)^1+0,0,0,0,0,0,0,0,0,0,0,0,0,0,0,0,0,0,0,0,0,0,0,0,0,0},
{0,0,0,0,0,0,0,0.0006577884*J2^4+0.0157869214*J2^3*(J2-J1)^1+0,0,0,0,0,0,0,0,0,0,0,0,0,0,0,0,0,0,0,0,0,0,0,0,0,0,0,0,0},
{0,0,0,-0.0003797743*J2^4+-0.0056423611*J2^3*(J2-J1)^1+0,0,0,0,0,0,0,0,-0.0005370820*J2^4+-0.0104347355*J2^3*(J2-J1)^1+0,0,0,0,0,0,0,0,0,0,0,0,0,0,0,0,0,0,0,0,0,0,0,0,0},
{0,0,0,0,0.0034179687*J2^4+-0.0156250000*J2^3*(J2-J1)^1+0,0,0,0,0,0,0,0,0,0,0,0,0,0,0,0,0,0,0,0,0,0,0,0,0,0,0,0,0,0,0,0},
{-0.0019733652*J2^4+0.0270632939*J2^3*(J2-J1)^1+0,0,0,0,0,0,0,0,-0.0027907598*J2^4+0.0255155182*J2^3*(J2-J1)^1+0,0,0,0,0,0,0,0,0,0,0,0,0,0,0,0,0,0,0,0,0,0,0,0,0,0,0,0},
{0,0,0,0,0,-0.0011393229*J2^4+-0.0182291667*J2^3*(J2-J1)^1+0,0,0,0,0,0,0,0,0,0,0,0,0,0,0,0,0,0,0,0,0,0,0,0,0,0,0,0,0,0,0},
{0,0.0006577884*J2^4+0.0045105490*J2^3*(J2-J1)^1+0,0,0,0,0,0,0,0,0.0009302533*J2^4+0.0106314659*J2^3*(J2-J1)^1+0,0,0,0,0,0,0,0,0,0,0,0,0,0,0,0,0,0,0,0,0,0,0,0,0,0,0},
{0,0,0,0,0,0,0.0027907598*J2^4+0.0271102380*J2^3*(J2-J1)^1+0,0,0,0,0,0,0,0,0,0,0,0,0,0,0,0,0,0,0,0,0,0,0,0,0,0,0,0,0,0},
{0,0,-0.0016112459*J2^4+-0.0009207120*J2^3*(J2-J1)^1+0,0,0,0,0,0,0,0,-0.0022786458*J2^4+-0.0117187500*J2^3*(J2-J1)^1+0,0,0,0,0,0,0,0,0,0,0,0,0,0,0,0,0,0,0,0,0,0,0,0,0,0},
{0,0,0,0,0,0,0,-0.0009302533*J2^4+-0.0281733846*J2^3*(J2-J1)^1+0,0,0,0,0,0,0,0,0,0,0,0,0,0,0,0,0,0,0,0,0,0,0,0,0,0,0,0,0},
{0,0,0,0.0005370820*J2^4+0.0113554474*J2^3*(J2-J1)^1+0,0,0,0,0,0,0,0,0.0007595486*J2^4+0.0195312500*J2^3*(J2-J1)^1+0,0,0,0,0,0,0,0,0,0,0,0,0,0,0,0,0,0,0,0,0,0,0,0,0}
}