36
{{0,0,0,0,0,0,0,0,0,0,0,0,0,0,0,0,0,0,0,0,0,0,0,0,0,0,0,0,-0.0078125000*J1^2*J2^1+0,-0.0045105490*J2^3+0,-0.0045105490*J2^3+0,-0.0078125000*J1^2*J2^1+0.0052083333*J2^3+0,0,0,0,0},
{0,0,0,0,0,0,0,0,0,0,0,0,0,0,0,0,0,0,0,0,0,0,0,0,0,0,0,0,-0.0045105490*J2^3+0,0.0026041667*J1^2*J2^1+-0.0052083333*J2^3+0,0.0026041667*J1^2*J2^1+-0.0052083333*J2^3+0,-0.0030070327*J1^2*J2^1+0.0015035163*J2^3+0,0,0,0,0},
{0,0,0,0,0,0,0,0,0,0,0,0,0,0,0,0,0,0,0,0,0,0,0,0,0.0045105490*J1^2*J2^1+0,0.0026041667*J2^3+0,0.0026041667*J2^3+0,0.0045105490*J1^2*J2^1+-0.0030070327*J2^3+0,0,0,0,0,-0.0063788795*J1^2*J2^1+0,-0.0036828478*J2^3+0,-0.0036828478*J2^3+0,-0.0063788795*J1^2*J2^1+0.0042525864*J2^3+0},
{0,0,0,0,0,0,0,0,0,0,0,0,0,0,0,0,0,0,0,0,0,0,0,0,0.0026041667*J2^3+0,-0.0015035163*J1^2*J2^1+0.0030070327*J2^3+0,-0.0015035163*J1^2*J2^1+0.0030070327*J2^3+0,0.0017361111*J1^2*J2^1+-0.0008680556*J2^3+0,0,0,0,0,-0.0036828478*J2^3+0,0.0021262932*J1^2*J2^1+-0.0042525864*J2^3+0,0.0021262932*J1^2*J2^1+-0.0042525864*J2^3+0,-0.0024552319*J1^2*J2^1+0.0012276159*J2^3+0},
{0,0,0,0,0,0,0,0,0,0,0,0,0,0,0,0,0,0,0,0,0,0,0,0,0,0,0,0,0.0078125000*J2^3+0,0.0045105490*J1^2*J2^1+0,0.0045105490*J1^2*J2^1+0,-0.0052083333*J1^2*J2^1+0.0078125000*J2^3+0,0,0,0,0},
{0,0,0,0,0,0,0,0,0,0,0,0,0,0,0,0,0,0,0,0,0,0,0,0,0,0,0,0,0.0045105490*J1^2*J2^1+0,0.0052083333*J1^2*J2^1+-0.0026041667*J2^3+0,0.0052083333*J1^2*J2^1+-0.0026041667*J2^3+0,-0.0015035163*J1^2*J2^1+0.0030070327*J2^3+0,0,0,0,0},
{0,0,0,0,0,0,0,0,0,0,0,0,0,0,0,0,0,0,0,0,0,0,0,0,-0.0045105490*J2^3+0,-0.0026041667*J1^2*J2^1+0,-0.0026041667*J1^2*J2^1+0,0.0030070327*J1^2*J2^1+-0.0045105490*J2^3+0,0,0,0,0,0.0063788795*J2^3+0,0.0036828478*J1^2*J2^1+0,0.0036828478*J1^2*J2^1+0,-0.0042525864*J1^2*J2^1+0.0063788795*J2^3+0},
{0,0,0,0,0,0,0,0,0,0,0,0,0,0,0,0,0,0,0,0,0,0,0,0,-0.0026041667*J1^2*J2^1+0,-0.0030070327*J1^2*J2^1+0.0015035163*J2^3+0,-0.0030070327*J1^2*J2^1+0.0015035163*J2^3+0,0.0008680556*J1^2*J2^1+-0.0017361111*J2^3+0,0,0,0,0,0.0036828478*J1^2*J2^1+0,0.0042525864*J1^2*J2^1+-0.0021262932*J2^3+0,0.0042525864*J1^2*J2^1+-0.0021262932*J2^3+0,-0.0012276159*J1^2*J2^1+0.0024552319*J2^3+0},
{0,0,0,0,0,0,0,0,0,0,0,0,0,0,0,0,0,0,0,0,0,0,0,0,0,0,0,0,0,0.0063788795*J1^2*J2^1+-0.0063788795*J2^3+0,0.0063788795*J1^2*J2^1+-0.0063788795*J2^3+0,-0.0073656956*J1^2*J2^1+0.0073656956*J2^3+0,0,0,0,0},
{0,0,0,0,0,0,0,0,0,0,0,0,0,0,0,0,0,0,0,0,0,0,0,0,0,0,0,0,-0.0063788795*J1^2*J2^1+0.0063788795*J2^3+0,0,0,-0.0063788795*J1^2*J2^1+0.0063788795*J2^3+0,0,0,0,0},
{0,0,0,0,0,0,0,0,0,0,0,0,0,0,0,0,0,0,0,0,0,0,0,0,0,-0.0036828478*J1^2*J2^1+0.0036828478*J2^3+0,-0.0036828478*J1^2*J2^1+0.0036828478*J2^3+0,0.0042525864*J1^2*J2^1+-0.0042525864*J2^3+0,0,0,0,0,0,0.0052083333*J1^2*J2^1+-0.0052083333*J2^3+0,0.0052083333*J1^2*J2^1+-0.0052083333*J2^3+0,-0.0060140653*J1^2*J2^1+0.0060140653*J2^3+0},
{0,0,0,0,0,0,0,0,0,0,0,0,0,0,0,0,0,0,0,0,0,0,0,0,0.0036828478*J1^2*J2^1+-0.0036828478*J2^3+0,0,0,0.0036828478*J1^2*J2^1+-0.0036828478*J2^3+0,0,0,0,0,-0.0052083333*J1^2*J2^1+0.0052083333*J2^3+0,0,0,-0.0052083333*J1^2*J2^1+0.0052083333*J2^3+0},
{0,0,0,0,0,0,0,0,0,0,0,0,0,0,0,0,0,0,0,0,0,0,0,0,0,0,0,0,0.0185185185*J1^1*J2^2+0,0.0053458358*J1^2*J2^1+0.0053458358*J2^3+0,-0.0073505243*J1^2*J2^1+0.0253927202*J1^1*J2^2+-0.0073505243*J2^3+0,0.0073302469*J1^2*J2^1+-0.0084876543*J1^1*J2^2+0.0073302469*J2^3+0,0,0,0,0},
{0,0,0,0,0,0,0,0,0,0,0,0,0,0,0,0,0,0,0,0,0,0,0,0,0,0,0,0,0.0053458358*J1^2*J2^1+0.0053458358*J2^3+0,-0.0061728395*J1^2*J2^1+0.0185185185*J1^1*J2^2+-0.0061728395*J2^3+0,0.0073302469*J1^2*J2^1+-0.0084876543*J1^1*J2^2+0.0073302469*J2^3+0,-0.0158147643*J1^2*J2^1+0.0351934192*J1^1*J2^2+-0.0158147643*J2^3+0,0,0,0,0},
{0,0,0,0,0,0,0,0,0,0,0,0,0,0,0,0,0,0,0,0,0,0,0,0,-0.0106916717*J1^1*J2^2+0,-0.0030864198*J1^2*J2^1+-0.0030864198*J2^3+0,0.0042438272*J1^2*J2^1+-0.0146604938*J1^1*J2^2+0.0042438272*J2^3+0,-0.0042321200*J1^2*J2^1+0.0049003495*J1^1*J2^2+-0.0042321200*J2^3+0,0,0,0,0,0.0151203071*J1^1*J2^2+0,0.0043648567*J1^2*J2^1+0.0043648567*J2^3+0,-0.0060016779*J1^2*J2^1+0.0207330692*J1^1*J2^2+-0.0060016779*J2^3+0,0.0059851215*J1^2*J2^1+-0.0069301407*J1^1*J2^2+0.0059851215*J2^3+0},
{0,0,0,0,0,0,0,0,0,0,0,0,0,0,0,0,0,0,0,0,0,0,0,0,-0.0030864198*J1^2*J2^1+-0.0030864198*J2^3+0,0.0035638906*J1^2*J2^1+-0.0106916717*J1^1*J2^2+0.0035638906*J2^3+0,-0.0042321200*J1^2*J2^1+0.0049003495*J1^1*J2^2+-0.0042321200*J2^3+0,0.0091306584*J1^2*J2^1+-0.0203189300*J1^1*J2^2+0.0091306584*J2^3+0,0,0,0,0,0.0043648567*J1^2*J2^1+0.0043648567*J2^3+0,-0.0050401024*J1^2*J2^1+0.0151203071*J1^1*J2^2+-0.0050401024*J2^3+0,0.0059851215*J1^2*J2^1+-0.0069301407*J1^1*J2^2+0.0059851215*J2^3+0,-0.0129127010*J1^2*J2^1+0.0287353064*J1^1*J2^2+-0.0129127010*J2^3+0},
{0,0,0,0,0,0,0,0,0,0,0,0,0,0,0,0,0,0,0,0,0,0,0,0,0,0,0,0,0.0219907407*J1^2*J2^1+0.0219907407*J2^3+0,0.0253927202*J1^1*J2^2+0,0.0053458358*J1^2*J2^1+0.0147010485*J1^1*J2^2+0.0053458358*J2^3+0,0.0042438272*J1^2*J2^1+0.0061728395*J1^1*J2^2+0.0042438272*J2^3+0,0,0,0,0},
{0,0,0,0,0,0,0,0,0,0,0,0,0,0,0,0,0,0,0,0,0,0,0,0,0,0,0,0,0.0253927202*J1^1*J2^2+0,0.0219907407*J1^2*J2^1+-0.0293209877*J1^1*J2^2+0.0219907407*J2^3+0,0.0042438272*J1^2*J2^1+0.0061728395*J1^1*J2^2+0.0042438272*J2^3+0,0.0004454863*J1^2*J2^1+0.0075732674*J1^1*J2^2+0.0004454863*J2^3+0,0,0,0,0},
{0,0,0,0,0,0,0,0,0,0,0,0,0,0,0,0,0,0,0,0,0,0,0,0,-0.0126963601*J1^2*J2^1+-0.0126963601*J2^3+0,-0.0146604938*J1^1*J2^2+0,-0.0030864198*J1^2*J2^1+-0.0084876543*J1^1*J2^2+-0.0030864198*J2^3+0,-0.0024501748*J1^2*J2^1+-0.0035638906*J1^1*J2^2+-0.0024501748*J2^3+0,0,0,0,0,0.0179553646*J1^2*J2^1+0.0179553646*J2^3+0,0.0207330692*J1^1*J2^2+0,0.0043648567*J1^2*J2^1+0.0120033559*J1^1*J2^2+0.0043648567*J2^3+0,0.0034650704*J1^2*J2^1+0.0050401024*J1^1*J2^2+0.0034650704*J2^3+0},
{0,0,0,0,0,0,0,0,0,0,0,0,0,0,0,0,0,0,0,0,0,0,0,0,-0.0146604938*J1^1*J2^2+0,-0.0126963601*J1^2*J2^1+0.0169284801*J1^1*J2^2+-0.0126963601*J2^3+0,-0.0024501748*J1^2*J2^1+-0.0035638906*J1^1*J2^2+-0.0024501748*J2^3+0,-0.0002572016*J1^2*J2^1+-0.0043724280*J1^1*J2^2+-0.0002572016*J2^3+0,0,0,0,0,0.0207330692*J1^1*J2^2+0,0.0179553646*J1^2*J2^1+-0.0239404862*J1^1*J2^2+0.0179553646*J2^3+0,0.0034650704*J1^2*J2^1+0.0050401024*J1^1*J2^2+0.0034650704*J2^3+0,0.0003637381*J1^2*J2^1+0.0061835470*J1^1*J2^2+0.0003637381*J2^3+0},
{0,0,0,0,0,0,0,0,0,0,0,0,0,0,0,0,0,0,0,0,0,0,0,0,0,0,0,0,-0.0065472850*J1^2*J2^1+-0.0310996038*J1^1*J2^2+-0.0065472850*J2^3+0,-0.0089776823*J1^2*J2^1+-0.0075601535*J1^1*J2^2+-0.0089776823*J2^3+0,-0.0141752879*J1^2*J2^1+0.0028350576*J1^1*J2^2+-0.0141752879*J2^3+0,0.0008184106*J1^2*J2^1+-0.0163682125*J1^1*J2^2+0.0008184106*J2^3+0,0,0,0,0},
{0,0,0,0,0,0,0,0,0,0,0,0,0,0,0,0,0,0,0,0,0,0,0,0,0,0,0,0,-0.0089776823*J1^2*J2^1+-0.0075601535*J1^1*J2^2+-0.0089776823*J2^3+0,0.0038192496*J1^2*J2^1+-0.0223698905*J1^1*J2^2+0.0038192496*J2^3+0,0.0008184106*J1^2*J2^1+-0.0163682125*J1^1*J2^2+0.0008184106*J2^3+0,-0.0151203071*J1^2*J2^1+0.0217354414*J1^1*J2^2+-0.0151203071*J2^3+0,0,0,0,0},
{0,0,0,0,0,0,0,0,0,0,0,0,0,0,0,0,0,0,0,0,0,0,0,0,0.0037800768*J1^2*J2^1+0.0179553646*J1^1*J2^2+0.0037800768*J2^3+0,0.0051832673*J1^2*J2^1+0.0043648567*J1^1*J2^2+0.0051832673*J2^3+0,0.0081841063*J1^2*J2^1+-0.0016368213*J1^1*J2^2+0.0081841063*J2^3+0,-0.0004725096*J1^2*J2^1+0.0094501919*J1^1*J2^2+-0.0004725096*J2^3+0,0,0,0,0,-0.0053458358*J1^2*J2^1+-0.0253927202*J1^1*J2^2+-0.0053458358*J2^3+0,-0.0073302469*J1^2*J2^1+-0.0061728395*J1^1*J2^2+-0.0073302469*J2^3+0,-0.0115740741*J1^2*J2^1+0.0023148148*J1^1*J2^2+-0.0115740741*J2^3+0,0.0006682295*J1^2*J2^1+-0.0133645896*J1^1*J2^2+0.0006682295*J2^3+0},
{0,0,0,0,0,0,0,0,0,0,0,0,0,0,0,0,0,0,0,0,0,0,0,0,0.0051832673*J1^2*J2^1+0.0043648567*J1^1*J2^2+0.0051832673*J2^3+0,-0.0022050448*J1^2*J2^1+0.0129152623*J1^1*J2^2+-0.0022050448*J2^3+0,-0.0004725096*J1^2*J2^1+0.0094501919*J1^1*J2^2+-0.0004725096*J2^3+0,0.0087297133*J1^2*J2^1+-0.0125489629*J1^1*J2^2+0.0087297133*J2^3+0,0,0,0,0,-0.0073302469*J1^2*J2^1+-0.0061728395*J1^1*J2^2+-0.0073302469*J2^3+0,0.0031184042*J1^2*J2^1+-0.0182649391*J1^1*J2^2+0.0031184042*J2^3+0,0.0006682295*J1^2*J2^1+-0.0133645896*J1^1*J2^2+0.0006682295*J2^3+0,-0.0123456790*J1^2*J2^1+0.0177469136*J1^1*J2^2+-0.0123456790*J2^3+0},
{0,0,-0.0135316469*J1^2*J2^1+0,-0.0078125000*J2^3+0,0,0,0.0135316469*J2^3+0,0.0078125000*J1^2*J2^1+0,0,0,0,-0.0110485435*J1^2*J2^1+0.0110485435*J2^3+0,0,0,0.0190445401*J1^1*J2^2+0,0.0054976852*J1^2*J2^1+0.0054976852*J2^3+0,0,0,-0.0005011721*J1^2*J2^1+-0.0005011721*J2^3+0,-0.0005787037*J1^1*J2^2+0,0,0,-0.0003543822*J1^2*J2^1+-0.0120489947*J1^1*J2^2+-0.0003543822*J2^3+0,-0.0034782452*J1^2*J2^1+-0.0004092053*J1^1*J2^2+-0.0034782452*J2^3+0,0,0,0,0,0,0,0,0,0,0,0,0},
{0,0,-0.0078125000*J2^3+0,0.0045105490*J1^2*J2^1+-0.0090210980*J2^3+0,0,0,0.0078125000*J1^2*J2^1+0,0.0090210980*J1^2*J2^1+-0.0045105490*J2^3+0,0,0,0.0110485435*J1^2*J2^1+-0.0110485435*J2^3+0,0,0,0,0.0054976852*J1^2*J2^1+0.0054976852*J2^3+0,-0.0063481800*J1^2*J2^1+0.0190445401*J1^1*J2^2+-0.0063481800*J2^3+0,0,0,-0.0005787037*J1^1*J2^2+0,-0.0005011721*J1^2*J2^1+0.0006682295*J1^1*J2^2+-0.0005011721*J2^3+0,0,0,-0.0034782452*J1^2*J2^1+-0.0004092053*J1^1*J2^2+-0.0034782452*J2^3+0,0.0036619494*J1^2*J2^1+-0.0115764851*J1^1*J2^2+0.0036619494*J2^3+0,0,0,0,0,0,0,0,0,0,0,0,0},
{0,0,-0.0078125000*J2^3+0,0.0045105490*J1^2*J2^1+-0.0090210980*J2^3+0,0,0,0.0078125000*J1^2*J2^1+0,0.0090210980*J1^2*J2^1+-0.0045105490*J2^3+0,0,0,0.0110485435*J1^2*J2^1+-0.0110485435*J2^3+0,0,0,0,0.0005787037*J1^2*J2^1+0.0098379630*J1^1*J2^2+0.0005787037*J2^3+0,0.0028399753*J1^2*J2^1+0.0006682295*J1^1*J2^2+0.0028399753*J2^3+0,0,0,0.0002893519*J1^2*J2^1+-0.0011574074*J1^1*J2^2+0.0002893519*J2^3+0,-0.0003341147*J1^2*J2^1+0.0003341147*J1^1*J2^2+-0.0003341147*J2^3+0,0,0,0.0006138080*J1^2*J2^1+-0.0085933116*J1^1*J2^2+0.0006138080*J2^3+0,-0.0024806754*J1^2*J2^1+0.0007087644*J1^1*J2^2+-0.0024806754*J2^3+0,0,0,0,0,0,0,0,0,0,0,0,0},
{0,0,-0.0135316469*J1^2*J2^1+0.0090210980*J2^3+0,-0.0052083333*J1^2*J2^1+0.0026041667*J2^3+0,0,0,-0.0090210980*J1^2*J2^1+0.0135316469*J2^3+0,-0.0026041667*J1^2*J2^1+0.0052083333*J2^3+0,0,0,-0.0127577591*J1^2*J2^1+0.0127577591*J2^3+0,-0.0110485435*J1^2*J2^1+0.0110485435*J2^3+0,0,0,0.0028399753*J1^2*J2^1+0.0006682295*J1^1*J2^2+0.0028399753*J2^3+0,-0.0027006173*J1^2*J2^1+0.0090663580*J1^1*J2^2+-0.0027006173*J2^3+0,0,0,-0.0003341147*J1^2*J2^1+0.0003341147*J1^1*J2^2+-0.0003341147*J2^3+0,0.0006751543*J1^2*J2^1+-0.0015432099*J1^1*J2^2+0.0006751543*J2^3+0,0,0,-0.0024806754*J1^2*J2^1+0.0007087644*J1^1*J2^2+-0.0024806754*J2^3+0,0.0034782452*J1^2*J2^1+-0.0094117222*J1^1*J2^2+0.0034782452*J2^3+0,0,0,0,0,0,0,0,0,0,0,0,0},
{0.0234375000*J1^2*J2^1+0,0.0135316469*J2^3+0,0,0,-0.0234375000*J2^3+0,-0.0135316469*J1^2*J2^1+0,0,0,0,0.0191366386*J1^2*J2^1+-0.0191366386*J2^3+0,0,0,-0.0329861111*J1^1*J2^2+0,-0.0095222701*J1^2*J2^1+-0.0095222701*J2^3+0,0,0,0.0008680556*J1^2*J2^1+0.0008680556*J2^3+0,0.0010023442*J1^1*J2^2+0,0,0,0.0006138080*J1^2*J2^1+0.0208694710*J1^1*J2^2+0.0006138080*J2^3+0,0.0060244973*J1^2*J2^1+0.0007087644*J1^1*J2^2+0.0060244973*J2^3+0,0,0,0,0,0,0,0,0,0,0,0,0,0,0},
{0.0135316469*J2^3+0,-0.0078125000*J1^2*J2^1+0.0156250000*J2^3+0,0,0,-0.0135316469*J1^2*J2^1+0,-0.0156250000*J1^2*J2^1+0.0078125000*J2^3+0,0,0,-0.0191366386*J1^2*J2^1+0.0191366386*J2^3+0,0,0,0,-0.0095222701*J1^2*J2^1+-0.0095222701*J2^3+0,0.0109953704*J1^2*J2^1+-0.0329861111*J1^1*J2^2+0.0109953704*J2^3+0,0,0,0.0010023442*J1^1*J2^2+0,0.0008680556*J1^2*J2^1+-0.0011574074*J1^1*J2^2+0.0008680556*J2^3+0,0,0,0.0060244973*J1^2*J2^1+0.0007087644*J1^1*J2^2+0.0060244973*J2^3+0,-0.0063426824*J1^2*J2^1+0.0200510603*J1^1*J2^2+-0.0063426824*J2^3+0,0,0,0,0,0,0,0,0,0,0,0,0,0,0},
{0.0135316469*J2^3+0,-0.0078125000*J1^2*J2^1+0.0156250000*J2^3+0,0,0,-0.0135316469*J1^2*J2^1+0,-0.0156250000*J1^2*J2^1+0.0078125000*J2^3+0,0,0,-0.0191366386*J1^2*J2^1+0.0191366386*J2^3+0,0,0,0,-0.0010023442*J1^2*J2^1+-0.0170398517*J1^1*J2^2+-0.0010023442*J2^3+0,-0.0049189815*J1^2*J2^1+-0.0011574074*J1^1*J2^2+-0.0049189815*J2^3+0,0,0,-0.0005011721*J1^2*J2^1+0.0020046884*J1^1*J2^2+-0.0005011721*J2^3+0,0.0005787037*J1^2*J2^1+-0.0005787037*J1^1*J2^2+0.0005787037*J2^3+0,0,0,-0.0010631466*J1^2*J2^1+0.0148840523*J1^1*J2^2+-0.0010631466*J2^3+0,0.0042966558*J1^2*J2^1+-0.0012276159*J1^1*J2^2+0.0042966558*J2^3+0,0,0,0,0,0,0,0,0,0,0,0,0,0,0},
{0.0234375000*J1^2*J2^1+-0.0156250000*J2^3+0,0.0090210980*J1^2*J2^1+-0.0045105490*J2^3+0,0,0,0.0156250000*J1^2*J2^1+-0.0234375000*J2^3+0,0.0045105490*J1^2*J2^1+-0.0090210980*J2^3+0,0,0,0.0220970869*J1^2*J2^1+-0.0220970869*J2^3+0,0.0191366386*J1^2*J2^1+-0.0191366386*J2^3+0,0,0,-0.0049189815*J1^2*J2^1+-0.0011574074*J1^1*J2^2+-0.0049189815*J2^3+0,0.0046776063*J1^2*J2^1+-0.0157033927*J1^1*J2^2+0.0046776063*J2^3+0,0,0,0.0005787037*J1^2*J2^1+-0.0005787037*J1^1*J2^2+0.0005787037*J2^3+0,-0.0011694016*J1^2*J2^1+0.0026729179*J1^1*J2^2+-0.0011694016*J2^3+0,0,0,0.0042966558*J1^2*J2^1+-0.0012276159*J1^1*J2^2+0.0042966558*J2^3+0,-0.0060244973*J1^2*J2^1+0.0163015810*J1^1*J2^2+-0.0060244973*J2^3+0,0,0,0,0,0,0,0,0,0,0,0,0,0,0},
{0,0,0.0191366386*J1^2*J2^1+0,0.0110485435*J2^3+0,0,0,-0.0191366386*J2^3+0,-0.0110485435*J1^2*J2^1+0,0,0,0,0.0156250000*J1^2*J2^1+-0.0156250000*J2^3+0,0,0,-0.0269330469*J1^1*J2^2+0,-0.0077749010*J1^2*J2^1+-0.0077749010*J2^3+0,0,0,0.0007087644*J1^2*J2^1+0.0007087644*J2^3+0,0.0008184106*J1^1*J2^2+0,0,0,0.0005011721*J1^2*J2^1+0.0170398517*J1^1*J2^2+0.0005011721*J2^3+0,0.0049189815*J1^2*J2^1+0.0005787037*J1^1*J2^2+0.0049189815*J2^3+0,0,0,0,0,0,0,0,0,0,0,0,0},
{0,0,0.0110485435*J2^3+0,-0.0063788795*J1^2*J2^1+0.0127577591*J2^3+0,0,0,-0.0110485435*J1^2*J2^1+0,-0.0127577591*J1^2*J2^1+0.0063788795*J2^3+0,0,0,-0.0156250000*J1^2*J2^1+0.0156250000*J2^3+0,0,0,0,-0.0077749010*J1^2*J2^1+-0.0077749010*J2^3+0,0.0089776823*J1^2*J2^1+-0.0269330469*J1^1*J2^2+0.0089776823*J2^3+0,0,0,0.0008184106*J1^1*J2^2+0,0.0007087644*J1^2*J2^1+-0.0009450192*J1^1*J2^2+0.0007087644*J2^3+0,0,0,0.0049189815*J1^2*J2^1+0.0005787037*J1^1*J2^2+0.0049189815*J2^3+0,-0.0051787785*J1^2*J2^1+0.0163716222*J1^1*J2^2+-0.0051787785*J2^3+0,0,0,0,0,0,0,0,0,0,0,0,0},
{0,0,0.0110485435*J2^3+0,-0.0063788795*J1^2*J2^1+0.0127577591*J2^3+0,0,0,-0.0110485435*J1^2*J2^1+0,-0.0127577591*J1^2*J2^1+0.0063788795*J2^3+0,0,0,-0.0156250000*J1^2*J2^1+0.0156250000*J2^3+0,0,0,0,-0.0008184106*J1^2*J2^1+-0.0139129806*J1^1*J2^2+-0.0008184106*J2^3+0,-0.0040163316*J1^2*J2^1+-0.0009450192*J1^1*J2^2+-0.0040163316*J2^3+0,0,0,-0.0004092053*J1^2*J2^1+0.0016368213*J1^1*J2^2+-0.0004092053*J2^3+0,0.0004725096*J1^2*J2^1+-0.0004725096*J1^1*J2^2+0.0004725096*J2^3+0,0,0,-0.0008680556*J1^2*J2^1+0.0121527778*J1^1*J2^2+-0.0008680556*J2^3+0,0.0035082048*J1^2*J2^1+-0.0010023442*J1^1*J2^2+0.0035082048*J2^3+0,0,0,0,0,0,0,0,0,0,0,0,0},
{0,0,0.0191366386*J1^2*J2^1+-0.0127577591*J2^3+0,0.0073656956*J1^2*J2^1+-0.0036828478*J2^3+0,0,0,0.0127577591*J1^2*J2^1+-0.0191366386*J2^3+0,0.0036828478*J1^2*J2^1+-0.0073656956*J2^3+0,0,0,0.0180421959*J1^2*J2^1+-0.0180421959*J2^3+0,0.0156250000*J1^2*J2^1+-0.0156250000*J2^3+0,0,0,-0.0040163316*J1^2*J2^1+-0.0009450192*J1^1*J2^2+-0.0040163316*J2^3+0,0.0038192496*J1^2*J2^1+-0.0128217665*J1^1*J2^2+0.0038192496*J2^3+0,0,0,0.0004725096*J1^2*J2^1+-0.0004725096*J1^1*J2^2+0.0004725096*J2^3+0,-0.0009548124*J1^2*J2^1+0.0021824283*J1^1*J2^2+-0.0009548124*J2^3+0,0,0,0.0035082048*J1^2*J2^1+-0.0010023442*J1^1*J2^2+0.0035082048*J2^3+0,-0.0049189815*J1^2*J2^1+0.0133101852*J1^1*J2^2+-0.0049189815*J2^3+0,0,0,0,0,0,0,0,0,0,0,0,0}
}