36
{{0,0,0,0,0,0,0,0,0,0,0,0,0.0008680556*J2^3+0,0,0,0,0,0,0,0,-0.0006138080*J2^3+0,0,0,0,0,0,0,0,0,0,0.0135316469*J2^3+0,0,0,0,0,0},
{0,0,0,0,0,0,0,0,0,0,0,0,0.0005011721*J2^3+0,0,0,0,0,0,0,0,-0.0003543822*J2^3+0,0,0,0,0,0,0,0,0.0135316469*J2^3+0,0,-0.0156250000*J2^3+0,0,0,0,0,0},
{0,0,0,0,0,0,0,0,0,0,0,0,0,0,0.0008680556*J2^3+0,0,0,0,0,0,0,0,-0.0006138080*J2^3+0,0,0,0,-0.0078125000*J2^3+0,0,0,0,0,0,0,0,0.0110485435*J2^3+0,0},
{0,0,0,0,0,0,0,0,0,0,0,0,0,0,0.0005011721*J2^3+0,0,0,0,0,0,0,0,-0.0003543822*J2^3+0,0,-0.0078125000*J2^3+0,0,0.0090210980*J2^3+0,0,0,0,0,0,0.0110485435*J2^3+0,0,-0.0127577591*J2^3+0,0},
{0,0,0,0,0,0,0,0,0,0,0,0,0,-0.0005011721*J2^3+0,0,0,0,0,0,0,0,0.0003543822*J2^3+0,0,0,0,0,0,0,0,0,0,-0.0078125000*J2^3+0,0,0,0,0},
{0,0,0,0,0,0,0,0,0,0,0,0,0,-0.0002893519*J2^3+0,0,0,0,0,0,0,0,0.0002046027*J2^3+0,0,0,0,0,0,0,0,-0.0078125000*J2^3+0,0,0.0090210980*J2^3+0,0,0,0,0},
{0,0,0,0,0,0,0,0,0,0,0,0,0,0,0,-0.0005011721*J2^3+0,0,0,0,0,0,0,0,0.0003543822*J2^3+0,0,0,0,0.0045105490*J2^3+0,0,0,0,0,0,0,0,-0.0063788795*J2^3+0},
{0,0,0,0,0,0,0,0,0,0,0,0,0,0,0,-0.0002893519*J2^3+0,0,0,0,0,0,0,0,0.0002046027*J2^3+0,0,0.0045105490*J2^3+0,0,-0.0052083333*J2^3+0,0,0,0,0,0,-0.0063788795*J2^3+0,0,0.0073656956*J2^3+0},
{0,0,0,0,0,0,0,0,0,0,0,0,0,0.0007087644*J2^3+0,0,0,0,0,0,0,0,-0.0005011721*J2^3+0,0,0,0,0,0,0,0,0,0,0.0110485435*J2^3+0,0,0,0,0},
{0,0,0,0,0,0,0,0,0,0,0,0,0,0.0004092053*J2^3+0,0,0,0,0,0,0,0,-0.0002893519*J2^3+0,0,0,0,0,0,0,0,0.0110485435*J2^3+0,0,-0.0127577591*J2^3+0,0,0,0,0},
{0,0,0,0,0,0,0,0,0,0,0,0,0,0,0,0.0007087644*J2^3+0,0,0,0,0,0,0,0,-0.0005011721*J2^3+0,0,0,0,-0.0063788795*J2^3+0,0,0,0,0,0,0,0,0.0090210980*J2^3+0},
{0,0,0,0,0,0,0,0,0,0,0,0,0,0,0,0.0004092053*J2^3+0,0,0,0,0,0,0,0,-0.0002893519*J2^3+0,0,-0.0063788795*J2^3+0,0,0.0073656956*J2^3+0,0,0,0,0,0,0.0090210980*J2^3+0,0,-0.0104166667*J2^3+0},
{0.0063657407*J2^3+0,-0.0053458358*J2^3+0,0,0,0,0,0,0,0,0,0,0,0,0,0,0,0,0,0,0,0,0,0,0,0,0,0,0,0,0,0,0,0,0,0,0},
{0,0,0,0,-0.0036752621*J2^3+0,0.0030864198*J2^3+0,0,0,0.0051976055*J2^3+0,-0.0043648567*J2^3+0,0,0,0,0,0,0,0,0,0,0,0,0,0,0,0,0,0,0,0,0,0,0,0,0,0,0},
{0,0,0.0063657407*J2^3+0,-0.0053458358*J2^3+0,0,0,0,0,0,0,0,0,0,0,0,0,0,0,0,0,0,0,0,0,0,0,0,0,0,0,0,0,0,0,0,0},
{0,0,0,0,0,0,-0.0036752621*J2^3+0,0.0030864198*J2^3+0,0,0,0.0051976055*J2^3+0,-0.0043648567*J2^3+0,0,0,0,0,0,0,0,0,0,0,0,0,0,0,0,0,0,0,0,0,0,0,0,0},
{0,-0.0090210980*J2^3+0,0,0,0,0,0,0,0,0,0,0,0,0,0,0,0,0,0,0,0,0,0,0,0,0,0,0,0,0,0,0,0,0,0,0},
{0,0,0,0,0,0.0052083333*J2^3+0,0,0,0,-0.0073656956*J2^3+0,0,0,0,0,0,0,0,0,0,0,0,0,0,0,0,0,0,0,0,0,0,0,0,0,0,0},
{0,0,0,-0.0090210980*J2^3+0,0,0,0,0,0,0,0,0,0,0,0,0,0,0,0,0,0,0,0,0,0,0,0,0,0,0,0,0,0,0,0,0},
{0,0,0,0,0,0,0,0.0052083333*J2^3+0,0,0,0,-0.0073656956*J2^3+0,0,0,0,0,0,0,0,0,0,0,0,0,0,0,0,0,0,0,0,0,0,0,0,0},
{0.0065472850*J2^3+0,-0.0089776823*J2^3+0,0,0,0,0,0,0,0,0,0,0,0,0,0,0,0,0,0,0,0,0,0,0,0,0,0,0,0,0,0,0,0,0,0,0},
{0,0,0,0,-0.0037800768*J2^3+0,0.0051832673*J2^3+0,0,0,0.0053458358*J2^3+0,-0.0073302469*J2^3+0,0,0,0,0,0,0,0,0,0,0,0,0,0,0,0,0,0,0,0,0,0,0,0,0,0,0},
{0,0,0.0065472850*J2^3+0,-0.0089776823*J2^3+0,0,0,0,0,0,0,0,0,0,0,0,0,0,0,0,0,0,0,0,0,0,0,0,0,0,0,0,0,0,0,0,0},
{0,0,0,0,0,0,-0.0037800768*J2^3+0,0.0051832673*J2^3+0,0,0,0.0053458358*J2^3+0,-0.0073302469*J2^3+0,0,0,0,0,0,0,0,0,0,0,0,0,0,0,0,0,0,0,0,0,0,0,0,0},
{0,0,0,0.0026041667*J2^3+0,0,0,0,0,0,0,0,0,0,0,0,0,0,0,0,0,0,0,0,0,0,0,0,0,0,0,0,0,0,0,0,0},
{0,0,0,0,0,0,0,-0.0015035163*J2^3+0,0,0,0,0.0021262932*J2^3+0,0,0,0,0,0,0,0,0,0,0,0,0,0,0,0,0,0,0,0,0,0,0,0,0},
{0,0,0.0026041667*J2^3+0,-0.0030070327*J2^3+0,0,0,0,0,0,0,0,0,0,0,0,0,0,0,0,0,0,0,0,0,0,0,0,0,0,0,0,0,0,0,0,0},
{0,0,0,0,0,0,-0.0015035163*J2^3+0,0.0017361111*J2^3+0,0,0,0.0021262932*J2^3+0,-0.0024552319*J2^3+0,0,0,0,0,0,0,0,0,0,0,0,0,0,0,0,0,0,0,0,0,0,0,0,0},
{0,-0.0045105490*J2^3+0,0,0,0,0,0,0,0,0,0,0,0,0,0,0,0,0,0,0,0,0,0,0,0,0,0,0,0,0,0,0,0,0,0,0},
{0,0,0,0,0,0.0026041667*J2^3+0,0,0,0,-0.0036828478*J2^3+0,0,0,0,0,0,0,0,0,0,0,0,0,0,0,0,0,0,0,0,0,0,0,0,0,0,0},
{-0.0045105490*J2^3+0,0.0052083333*J2^3+0,0,0,0,0,0,0,0,0,0,0,0,0,0,0,0,0,0,0,0,0,0,0,0,0,0,0,0,0,0,0,0,0,0,0},
{0,0,0,0,0.0026041667*J2^3+0,-0.0030070327*J2^3+0,0,0,-0.0036828478*J2^3+0,0.0042525864*J2^3+0,0,0,0,0,0,0,0,0,0,0,0,0,0,0,0,0,0,0,0,0,0,0,0,0,0,0},
{0,0,0,-0.0036828478*J2^3+0,0,0,0,0,0,0,0,0,0,0,0,0,0,0,0,0,0,0,0,0,0,0,0,0,0,0,0,0,0,0,0,0},
{0,0,0,0,0,0,0,0.0021262932*J2^3+0,0,0,0,-0.0030070327*J2^3+0,0,0,0,0,0,0,0,0,0,0,0,0,0,0,0,0,0,0,0,0,0,0,0,0},
{0,0,-0.0036828478*J2^3+0,0.0042525864*J2^3+0,0,0,0,0,0,0,0,0,0,0,0,0,0,0,0,0,0,0,0,0,0,0,0,0,0,0,0,0,0,0,0,0},
{0,0,0,0,0,0,0.0021262932*J2^3+0,-0.0024552319*J2^3+0,0,0,-0.0030070327*J2^3+0,0.0034722222*J2^3+0,0,0,0,0,0,0,0,0,0,0,0,0,0,0,0,0,0,0,0,0,0,0,0,0}
}