96
{{0,0,0,0,0,0,0,0,0,0,0,0,0,0,0,0,0,0,0,0,0,0,0,0,0,0,0,0,0,0,0,0,0,0,0,0,0,0,0,0,0,0,0,0,0,0,0,0,0,0,0,0,0,0,0,0,0,0,0,0,0,0,0,0,0,0,0,0,0,0,0,0,0.0013020833*J2^4+0.0156250000*J2^3*(J2-J1)^1+0,0,-0.0007517582*J1^2*J2^2+0,0,-0.0007517582*J1^2*J2^2+-0.0022552745*J1^1*J2^2*(J2-J1)^1+0,0,-0.0008680556*J1^2*J2^2+0.0013020833*J2^4+-0.0039062500*J2^3*(J2-J1)^1+0,0,0,0,0,0,0,0,0,0,0,0,0,0,0,0,0,0},
{0,0,0,0,0,0,0,0,0,0,0,0,0,0,0,0,0,0,0,0,0,0,0,0,0,0,0,0,0,0,0,0,0,0,0,0,0,0,0,0,0,0,0,0,0,0,0,0,0,0,0,0,0,0,0,0,0,0,0,0,0,0,0,0,0,0,0,0,0,0,0,0,-0.0007517582*J1^2*J2^2+-0.0135316469*J1^1*J2^2*(J2-J1)^1+0,0,0.0008680556*J1^2*J2^2+-0.0004340278*J2^4+0.0078125000*J1^1*J2^2*(J2-J1)^1+-0.0052083333*J2^3*(J2-J1)^1+0,0,0.0008680556*J1^2*J2^2+-0.0004340278*J2^4+0.0039062500*J2^3*(J2-J1)^1+0,0,0.0002505861*J1^2*J2^2+-0.0005011721*J2^4+0.0007517582*J1^1*J2^2*(J2-J1)^1+0,0,0,0,0,0,0,0,0,0,0,0,0,0,0,0,0,0},
{0,0,0,0,0,0,0,0,0,0,0,0,0,0,0,0,0,0,0,0,0,0,0,0,0,0,0,0,0,0,0,0,0,0,0,0,0,0,0,0,0,0,0,0,0,0,0,0,0,0,0,0,0,0,0,0,0,0,0,0,0,0,0,0,0,0,0,0,0,0,0,0,-0.0007517582*J1^2*J2^2+-0.0090210980*J1^1*J2^2*(J2-J1)^1+0,0,0.0008680556*J1^2*J2^2+-0.0004340278*J2^4+0,0,0.0008680556*J1^2*J2^2+-0.0004340278*J2^4+0.0065104167*J1^1*J2^2*(J2-J1)^1+-0.0052083333*J2^3*(J2-J1)^1+0,0,0.0002505861*J1^2*J2^2+-0.0005011721*J2^4+0.0022552745*J2^3*(J2-J1)^1+0,0,0,0,0,0,0,0,0,0,0,0,0,0,0,0,0,0},
{0,0,0,0,0,0,0,0,0,0,0,0,0,0,0,0,0,0,0,0,0,0,0,0,0,0,0,0,0,0,0,0,0,0,0,0,0,0,0,0,0,0,0,0,0,0,0,0,0,0,0,0,0,0,0,0,0,0,0,0,0,0,0,0,0,0,0,0,0,0,0,0,-0.0008680556*J1^2*J2^2+0.0013020833*J2^4+0.0078125000*J2^3*(J2-J1)^1+0,0,0.0002505861*J1^2*J2^2+-0.0005011721*J2^4+0.0030070327*J1^1*J2^2*(J2-J1)^1+-0.0045105490*J2^3*(J2-J1)^1+0,0,0.0002505861*J1^2*J2^2+-0.0005011721*J2^4+0.0045105490*J1^1*J2^2*(J2-J1)^1+-0.0067658235*J2^3*(J2-J1)^1+0,0,-0.0005787037*J1^2*J2^2+0.0007233796*J2^4+-0.0047743056*J1^1*J2^2*(J2-J1)^1+0.0043402778*J2^3*(J2-J1)^1+0,0,0,0,0,0,0,0,0,0,0,0,0,0,0,0,0,0},
{0,0,0,0,0,0,0,0,0,0,0,0,0,0,0,0,0,0,0,0,0,0,0,0,0,0,0,0,0,0,0,0,0,0,0,0,0,0,0,0,0,0,0,0,0,0,0,0,0,0,0,0,0,0,0,0,0,0,0,0,0,0,0,0,0,0,0,0,0,0,0,0,0,0,0,0,0,0,0,0,-0.0007517582*J2^4+-0.0090210980*J2^3*(J2-J1)^1+0,0,0.0004340278*J1^2*J2^2+0,0,0.0004340278*J1^2*J2^2+0.0013020833*J1^1*J2^2*(J2-J1)^1+0,0,0.0005011721*J1^2*J2^2+-0.0007517582*J2^4+0.0022552745*J2^3*(J2-J1)^1+0,0,-0.0010631466*J2^4+-0.0127577591*J2^3*(J2-J1)^1+0,0,0.0006138080*J1^2*J2^2+0,0,0.0006138080*J1^2*J2^2+0.0018414239*J1^1*J2^2*(J2-J1)^1+0,0,0.0007087644*J1^2*J2^2+-0.0010631466*J2^4+0.0031894398*J2^3*(J2-J1)^1+0,0},
{0,0,0,0,0,0,0,0,0,0,0,0,0,0,0,0,0,0,0,0,0,0,0,0,0,0,0,0,0,0,0,0,0,0,0,0,0,0,0,0,0,0,0,0,0,0,0,0,0,0,0,0,0,0,0,0,0,0,0,0,0,0,0,0,0,0,0,0,0,0,0,0,0,0,0,0,0,0,0,0,0.0004340278*J1^2*J2^2+0.0078125000*J1^1*J2^2*(J2-J1)^1+0,0,-0.0005011721*J1^2*J2^2+0.0002505861*J2^4+-0.0045105490*J1^1*J2^2*(J2-J1)^1+0.0030070327*J2^3*(J2-J1)^1+0,0,-0.0005011721*J1^2*J2^2+0.0002505861*J2^4+-0.0022552745*J2^3*(J2-J1)^1+0,0,-0.0001446759*J1^2*J2^2+0.0002893519*J2^4+-0.0004340278*J1^1*J2^2*(J2-J1)^1+0,0,0.0006138080*J1^2*J2^2+0.0110485435*J1^1*J2^2*(J2-J1)^1+0,0,-0.0007087644*J1^2*J2^2+0.0003543822*J2^4+-0.0063788795*J1^1*J2^2*(J2-J1)^1+0.0042525864*J2^3*(J2-J1)^1+0,0,-0.0007087644*J1^2*J2^2+0.0003543822*J2^4+-0.0031894398*J2^3*(J2-J1)^1+0,0,-0.0002046027*J1^2*J2^2+0.0004092053*J2^4+-0.0006138080*J1^1*J2^2*(J2-J1)^1+0,0},
{0,0,0,0,0,0,0,0,0,0,0,0,0,0,0,0,0,0,0,0,0,0,0,0,0,0,0,0,0,0,0,0,0,0,0,0,0,0,0,0,0,0,0,0,0,0,0,0,0,0,0,0,0,0,0,0,0,0,0,0,0,0,0,0,0,0,0,0,0,0,0,0,0,0,0,0,0,0,0,0,0.0004340278*J1^2*J2^2+0.0052083333*J1^1*J2^2*(J2-J1)^1+0,0,-0.0005011721*J1^2*J2^2+0.0002505861*J2^4+0,0,-0.0005011721*J1^2*J2^2+0.0002505861*J2^4+-0.0037587908*J1^1*J2^2*(J2-J1)^1+0.0030070327*J2^3*(J2-J1)^1+0,0,-0.0001446759*J1^2*J2^2+0.0002893519*J2^4+-0.0013020833*J2^3*(J2-J1)^1+0,0,0.0006138080*J1^2*J2^2+0.0073656956*J1^1*J2^2*(J2-J1)^1+0,0,-0.0007087644*J1^2*J2^2+0.0003543822*J2^4+0,0,-0.0007087644*J1^2*J2^2+0.0003543822*J2^4+-0.0053157329*J1^1*J2^2*(J2-J1)^1+0.0042525864*J2^3*(J2-J1)^1+0,0,-0.0002046027*J1^2*J2^2+0.0004092053*J2^4+-0.0018414239*J2^3*(J2-J1)^1+0,0},
{0,0,0,0,0,0,0,0,0,0,0,0,0,0,0,0,0,0,0,0,0,0,0,0,0,0,0,0,0,0,0,0,0,0,0,0,0,0,0,0,0,0,0,0,0,0,0,0,0,0,0,0,0,0,0,0,0,0,0,0,0,0,0,0,0,0,0,0,0,0,0,0,0,0,0,0,0,0,0,0,0.0005011721*J1^2*J2^2+-0.0007517582*J2^4+-0.0045105490*J2^3*(J2-J1)^1+0,0,-0.0001446759*J1^2*J2^2+0.0002893519*J2^4+-0.0017361111*J1^1*J2^2*(J2-J1)^1+0.0026041667*J2^3*(J2-J1)^1+0,0,-0.0001446759*J1^2*J2^2+0.0002893519*J2^4+-0.0026041667*J1^1*J2^2*(J2-J1)^1+0.0039062500*J2^3*(J2-J1)^1+0,0,0.0003341147*J1^2*J2^2+-0.0004176434*J2^4+0.0027564466*J1^1*J2^2*(J2-J1)^1+-0.0025058605*J2^3*(J2-J1)^1+0,0,0.0007087644*J1^2*J2^2+-0.0010631466*J2^4+-0.0063788795*J2^3*(J2-J1)^1+0,0,-0.0002046027*J1^2*J2^2+0.0004092053*J2^4+-0.0024552319*J1^1*J2^2*(J2-J1)^1+0.0036828478*J2^3*(J2-J1)^1+0,0,-0.0002046027*J1^2*J2^2+0.0004092053*J2^4+-0.0036828478*J1^1*J2^2*(J2-J1)^1+0.0055242717*J2^3*(J2-J1)^1+0,0,0.0004725096*J1^2*J2^2+-0.0005906370*J2^4+0.0038982042*J1^1*J2^2*(J2-J1)^1+-0.0035438220*J2^3*(J2-J1)^1+0,0},
{0,0,0,0,0,0,0,0,0,0,0,0,0,0,0,0,0,0,0,0,0,0,0,0,0,0,0,0,0,0,0,0,0,0,0,0,0,0,0,0,0,0,0,0,0,0,0,0,0,0,0,0,0,0,0,0,0,0,0,0,0,0,0,0,0,0,0,0,0,0,0,0,0,-0.0007517582*J2^4+-0.0022552745*J2^3*(J2-J1)^1+0,0,0.0004340278*J1^2*J2^2+-0.0039062500*J1^1*J2^2*(J2-J1)^1+0,0,0.0004340278*J1^2*J2^2+-0.0026041667*J1^1*J2^2*(J2-J1)^1+0,0,0.0005011721*J1^2*J2^2+-0.0007517582*J2^4+0.0045105490*J2^3*(J2-J1)^1+0,0,0,0,0,0,0,0,0,0,0,0,0,0,0,0,0},
{0,0,0,0,0,0,0,0,0,0,0,0,0,0,0,0,0,0,0,0,0,0,0,0,0,0,0,0,0,0,0,0,0,0,0,0,0,0,0,0,0,0,0,0,0,0,0,0,0,0,0,0,0,0,0,0,0,0,0,0,0,0,0,0,0,0,0,0,0,0,0,0,0,0.0004340278*J1^2*J2^2+0.0039062500*J1^1*J2^2*(J2-J1)^1+0,0,-0.0005011721*J1^2*J2^2+0.0002505861*J2^4+0.0007517582*J2^3*(J2-J1)^1+0,0,-0.0005011721*J1^2*J2^2+0.0002505861*J2^4+0,0,-0.0001446759*J1^2*J2^2+0.0002893519*J2^4+0.0008680556*J1^1*J2^2*(J2-J1)^1+-0.0026041667*J2^3*(J2-J1)^1+0,0,0,0,0,0,0,0,0,0,0,0,0,0,0,0,0},
{0,0,0,0,0,0,0,0,0,0,0,0,0,0,0,0,0,0,0,0,0,0,0,0,0,0,0,0,0,0,0,0,0,0,0,0,0,0,0,0,0,0,0,0,0,0,0,0,0,0,0,0,0,0,0,0,0,0,0,0,0,0,0,0,0,0,0,0,0,0,0,0,0,0.0004340278*J1^2*J2^2+0.0013020833*J1^1*J2^2*(J2-J1)^1+0,0,-0.0005011721*J1^2*J2^2+0.0002505861*J2^4+0.0022552745*J2^3*(J2-J1)^1+0,0,-0.0005011721*J1^2*J2^2+0.0002505861*J2^4+0.0007517582*J1^1*J2^2*(J2-J1)^1+0.0007517582*J2^3*(J2-J1)^1+0,0,-0.0001446759*J1^2*J2^2+0.0002893519*J2^4+0.0013020833*J1^1*J2^2*(J2-J1)^1+-0.0039062500*J2^3*(J2-J1)^1+0,0,0,0,0,0,0,0,0,0,0,0,0,0,0,0,0},
{0,0,0,0,0,0,0,0,0,0,0,0,0,0,0,0,0,0,0,0,0,0,0,0,0,0,0,0,0,0,0,0,0,0,0,0,0,0,0,0,0,0,0,0,0,0,0,0,0,0,0,0,0,0,0,0,0,0,0,0,0,0,0,0,0,0,0,0,0,0,0,0,0,0.0005011721*J1^2*J2^2+-0.0007517582*J2^4+-0.0022552745*J2^3*(J2-J1)^1+0,0,-0.0001446759*J1^2*J2^2+0.0002893519*J2^4+-0.0004340278*J1^1*J2^2*(J2-J1)^1+0,0,-0.0001446759*J1^2*J2^2+0.0002893519*J2^4+-0.0013020833*J1^1*J2^2*(J2-J1)^1+0.0013020833*J2^3*(J2-J1)^1+0,0,0.0003341147*J1^2*J2^2+-0.0004176434*J2^4+-0.0002505861*J1^1*J2^2*(J2-J1)^1+0.0012529303*J2^3*(J2-J1)^1+0,0,0,0,0,0,0,0,0,0,0,0,0,0,0,0,0},
{0,0,0,0,0,0,0,0,0,0,0,0,0,0,0,0,0,0,0,0,0,0,0,0,0,0,0,0,0,0,0,0,0,0,0,0,0,0,0,0,0,0,0,0,0,0,0,0,0,0,0,0,0,0,0,0,0,0,0,0,0,0,0,0,0,0,0,0,0,0,0,0,0,0,0,0,0,0,0,0,0,0.0004340278*J2^4+0.0013020833*J2^3*(J2-J1)^1+0,0,-0.0002505861*J1^2*J2^2+0.0022552745*J1^1*J2^2*(J2-J1)^1+0,0,-0.0002505861*J1^2*J2^2+0.0015035163*J1^1*J2^2*(J2-J1)^1+0,0,-0.0002893519*J1^2*J2^2+0.0004340278*J2^4+-0.0026041667*J2^3*(J2-J1)^1+0,0,0.0006138080*J2^4+0.0018414239*J2^3*(J2-J1)^1+0,0,-0.0003543822*J1^2*J2^2+0.0031894398*J1^1*J2^2*(J2-J1)^1+0,0,-0.0003543822*J1^2*J2^2+0.0021262932*J1^1*J2^2*(J2-J1)^1+0,0,-0.0004092053*J1^2*J2^2+0.0006138080*J2^4+-0.0036828478*J2^3*(J2-J1)^1+0},
{0,0,0,0,0,0,0,0,0,0,0,0,0,0,0,0,0,0,0,0,0,0,0,0,0,0,0,0,0,0,0,0,0,0,0,0,0,0,0,0,0,0,0,0,0,0,0,0,0,0,0,0,0,0,0,0,0,0,0,0,0,0,0,0,0,0,0,0,0,0,0,0,0,0,0,0,0,0,0,0,0,-0.0002505861*J1^2*J2^2+-0.0022552745*J1^1*J2^2*(J2-J1)^1+0,0,0.0002893519*J1^2*J2^2+-0.0001446759*J2^4+-0.0004340278*J2^3*(J2-J1)^1+0,0,0.0002893519*J1^2*J2^2+-0.0001446759*J2^4+0,0,0.0000835287*J1^2*J2^2+-0.0001670574*J2^4+-0.0005011721*J1^1*J2^2*(J2-J1)^1+0.0015035163*J2^3*(J2-J1)^1+0,0,-0.0003543822*J1^2*J2^2+-0.0031894398*J1^1*J2^2*(J2-J1)^1+0,0,0.0004092053*J1^2*J2^2+-0.0002046027*J2^4+-0.0006138080*J2^3*(J2-J1)^1+0,0,0.0004092053*J1^2*J2^2+-0.0002046027*J2^4+0,0,0.0001181274*J1^2*J2^2+-0.0002362548*J2^4+-0.0007087644*J1^1*J2^2*(J2-J1)^1+0.0021262932*J2^3*(J2-J1)^1+0},
{0,0,0,0,0,0,0,0,0,0,0,0,0,0,0,0,0,0,0,0,0,0,0,0,0,0,0,0,0,0,0,0,0,0,0,0,0,0,0,0,0,0,0,0,0,0,0,0,0,0,0,0,0,0,0,0,0,0,0,0,0,0,0,0,0,0,0,0,0,0,0,0,0,0,0,0,0,0,0,0,0,-0.0002505861*J1^2*J2^2+-0.0007517582*J1^1*J2^2*(J2-J1)^1+0,0,0.0002893519*J1^2*J2^2+-0.0001446759*J2^4+-0.0013020833*J2^3*(J2-J1)^1+0,0,0.0002893519*J1^2*J2^2+-0.0001446759*J2^4+-0.0004340278*J1^1*J2^2*(J2-J1)^1+-0.0004340278*J2^3*(J2-J1)^1+0,0,0.0000835287*J1^2*J2^2+-0.0001670574*J2^4+-0.0007517582*J1^1*J2^2*(J2-J1)^1+0.0022552745*J2^3*(J2-J1)^1+0,0,-0.0003543822*J1^2*J2^2+-0.0010631466*J1^1*J2^2*(J2-J1)^1+0,0,0.0004092053*J1^2*J2^2+-0.0002046027*J2^4+-0.0018414239*J2^3*(J2-J1)^1+0,0,0.0004092053*J1^2*J2^2+-0.0002046027*J2^4+-0.0006138080*J1^1*J2^2*(J2-J1)^1+-0.0006138080*J2^3*(J2-J1)^1+0,0,0.0001181274*J1^2*J2^2+-0.0002362548*J2^4+-0.0010631466*J1^1*J2^2*(J2-J1)^1+0.0031894398*J2^3*(J2-J1)^1+0},
{0,0,0,0,0,0,0,0,0,0,0,0,0,0,0,0,0,0,0,0,0,0,0,0,0,0,0,0,0,0,0,0,0,0,0,0,0,0,0,0,0,0,0,0,0,0,0,0,0,0,0,0,0,0,0,0,0,0,0,0,0,0,0,0,0,0,0,0,0,0,0,0,0,0,0,0,0,0,0,0,0,-0.0002893519*J1^2*J2^2+0.0004340278*J2^4+0.0013020833*J2^3*(J2-J1)^1+0,0,0.0000835287*J1^2*J2^2+-0.0001670574*J2^4+0.0002505861*J1^1*J2^2*(J2-J1)^1+0,0,0.0000835287*J1^2*J2^2+-0.0001670574*J2^4+0.0007517582*J1^1*J2^2*(J2-J1)^1+-0.0007517582*J2^3*(J2-J1)^1+0,0,-0.0001929012*J1^2*J2^2+0.0002411265*J2^4+0.0001446759*J1^1*J2^2*(J2-J1)^1+-0.0007233796*J2^3*(J2-J1)^1+0,0,-0.0004092053*J1^2*J2^2+0.0006138080*J2^4+0.0018414239*J2^3*(J2-J1)^1+0,0,0.0001181274*J1^2*J2^2+-0.0002362548*J2^4+0.0003543822*J1^1*J2^2*(J2-J1)^1+0,0,0.0001181274*J1^2*J2^2+-0.0002362548*J2^4+0.0010631466*J1^1*J2^2*(J2-J1)^1+-0.0010631466*J2^3*(J2-J1)^1+0,0,-0.0002728035*J1^2*J2^2+0.0003410044*J2^4+0.0002046027*J1^1*J2^2*(J2-J1)^1+-0.0010230133*J2^3*(J2-J1)^1+0},
{0,0,0,0,0,0,0,0,0,0,0,0,0,0,0,0,0,0,0,0,0,0,0,0,0,0,0,0,0,0,0,0,0,0,0,0,0,0,0,0,0,0,0,0,0,0,0,0,0,0,0,0,0,0,0,0,0,0,0,0,0,0,0,0,0,0,0,0,0,0,0,0,0,0.0010631466*J2^4+0.0079735994*J2^3*(J2-J1)^1+0,0,-0.0006138080*J1^2*J2^2+0.0027621359*J1^1*J2^2*(J2-J1)^1+0,0,-0.0006138080*J1^2*J2^2+0.0009207120*J1^1*J2^2*(J2-J1)^1+0,0,-0.0007087644*J1^2*J2^2+0.0010631466*J2^4+-0.0047841597*J2^3*(J2-J1)^1+0,0,0,0,0,0,0,0,0,0,0,0,0,0,0,0,0},
{0,0,0,0,0,0,0,0,0,0,0,0,0,0,0,0,0,0,0,0,0,0,0,0,0,0,0,0,0,0,0,0,0,0,0,0,0,0,0,0,0,0,0,0,0,0,0,0,0,0,0,0,0,0,0,0,0,0,0,0,0,0,0,0,0,0,0,0,0,0,0,0,0,-0.0006138080*J1^2*J2^2+-0.0082864076*J1^1*J2^2*(J2-J1)^1+0,0,0.0007087644*J1^2*J2^2+-0.0003543822*J2^4+0.0031894398*J1^1*J2^2*(J2-J1)^1+-0.0026578665*J2^3*(J2-J1)^1+0,0,0.0007087644*J1^2*J2^2+-0.0003543822*J2^4+0.0015947199*J2^3*(J2-J1)^1+0,0,0.0002046027*J1^2*J2^2+-0.0004092053*J2^4+-0.0003069040*J1^1*J2^2*(J2-J1)^1+0.0018414239*J2^3*(J2-J1)^1+0,0,0,0,0,0,0,0,0,0,0,0,0,0,0,0,0},
{0,0,0,0,0,0,0,0,0,0,0,0,0,0,0,0,0,0,0,0,0,0,0,0,0,0,0,0,0,0,0,0,0,0,0,0,0,0,0,0,0,0,0,0,0,0,0,0,0,0,0,0,0,0,0,0,0,0,0,0,0,0,0,0,0,0,0,0,0,0,0,0,0,-0.0006138080*J1^2*J2^2+-0.0046035598*J1^1*J2^2*(J2-J1)^1+0,0,0.0007087644*J1^2*J2^2+-0.0003543822*J2^4+-0.0015947199*J2^3*(J2-J1)^1+0,0,0.0007087644*J1^2*J2^2+-0.0003543822*J2^4+0.0021262932*J1^1*J2^2*(J2-J1)^1+-0.0026578665*J2^3*(J2-J1)^1+0,0,0.0002046027*J1^2*J2^2+-0.0004092053*J2^4+-0.0009207120*J1^1*J2^2*(J2-J1)^1+0.0036828478*J2^3*(J2-J1)^1+0,0,0,0,0,0,0,0,0,0,0,0,0,0,0,0,0},
{0,0,0,0,0,0,0,0,0,0,0,0,0,0,0,0,0,0,0,0,0,0,0,0,0,0,0,0,0,0,0,0,0,0,0,0,0,0,0,0,0,0,0,0,0,0,0,0,0,0,0,0,0,0,0,0,0,0,0,0,0,0,0,0,0,0,0,0,0,0,0,0,0,-0.0007087644*J1^2*J2^2+0.0010631466*J2^4+0.0047841597*J2^3*(J2-J1)^1+0,0,0.0002046027*J1^2*J2^2+-0.0004092053*J2^4+0.0015345199*J1^1*J2^2*(J2-J1)^1+-0.0018414239*J2^3*(J2-J1)^1+0,0,0.0002046027*J1^2*J2^2+-0.0004092053*J2^4+0.0027621359*J1^1*J2^2*(J2-J1)^1+-0.0036828478*J2^3*(J2-J1)^1+0,0,-0.0004725096*J1^2*J2^2+0.0005906370*J2^4+-0.0017719110*J1^1*J2^2*(J2-J1)^1+0.0008859555*J2^3*(J2-J1)^1+0,0,0,0,0,0,0,0,0,0,0,0,0,0,0,0,0},
{0,0,0,0,0,0,0,0,0,0,0,0,0,0,0,0,0,0,0,0,0,0,0,0,0,0,0,0,0,0,0,0,0,0,0,0,0,0,0,0,0,0,0,0,0,0,0,0,0,0,0,0,0,0,0,0,0,0,0,0,0,0,0,0,0,0,0,0,0,0,0,0,0,0,0,0,0,0,0,0,0,-0.0006138080*J2^4+-0.0046035598*J2^3*(J2-J1)^1+0,0,0.0003543822*J1^2*J2^2+-0.0015947199*J1^1*J2^2*(J2-J1)^1+0,0,0.0003543822*J1^2*J2^2+-0.0005315733*J1^1*J2^2*(J2-J1)^1+0,0,0.0004092053*J1^2*J2^2+-0.0006138080*J2^4+0.0027621359*J2^3*(J2-J1)^1+0,0,-0.0008680556*J2^4+-0.0065104167*J2^3*(J2-J1)^1+0,0,0.0005011721*J1^2*J2^2+-0.0022552745*J1^1*J2^2*(J2-J1)^1+0,0,0.0005011721*J1^2*J2^2+-0.0007517582*J1^1*J2^2*(J2-J1)^1+0,0,0.0005787037*J1^2*J2^2+-0.0008680556*J2^4+0.0039062500*J2^3*(J2-J1)^1+0},
{0,0,0,0,0,0,0,0,0,0,0,0,0,0,0,0,0,0,0,0,0,0,0,0,0,0,0,0,0,0,0,0,0,0,0,0,0,0,0,0,0,0,0,0,0,0,0,0,0,0,0,0,0,0,0,0,0,0,0,0,0,0,0,0,0,0,0,0,0,0,0,0,0,0,0,0,0,0,0,0,0,0.0003543822*J1^2*J2^2+0.0047841597*J1^1*J2^2*(J2-J1)^1+0,0,-0.0004092053*J1^2*J2^2+0.0002046027*J2^4+-0.0018414239*J1^1*J2^2*(J2-J1)^1+0.0015345199*J2^3*(J2-J1)^1+0,0,-0.0004092053*J1^2*J2^2+0.0002046027*J2^4+-0.0009207120*J2^3*(J2-J1)^1+0,0,-0.0001181274*J1^2*J2^2+0.0002362548*J2^4+0.0001771911*J1^1*J2^2*(J2-J1)^1+-0.0010631466*J2^3*(J2-J1)^1+0,0,0.0005011721*J1^2*J2^2+0.0067658235*J1^1*J2^2*(J2-J1)^1+0,0,-0.0005787037*J1^2*J2^2+0.0002893519*J2^4+-0.0026041667*J1^1*J2^2*(J2-J1)^1+0.0021701389*J2^3*(J2-J1)^1+0,0,-0.0005787037*J1^2*J2^2+0.0002893519*J2^4+-0.0013020833*J2^3*(J2-J1)^1+0,0,-0.0001670574*J1^2*J2^2+0.0003341147*J2^4+0.0002505861*J1^1*J2^2*(J2-J1)^1+-0.0015035163*J2^3*(J2-J1)^1+0},
{0,0,0,0,0,0,0,0,0,0,0,0,0,0,0,0,0,0,0,0,0,0,0,0,0,0,0,0,0,0,0,0,0,0,0,0,0,0,0,0,0,0,0,0,0,0,0,0,0,0,0,0,0,0,0,0,0,0,0,0,0,0,0,0,0,0,0,0,0,0,0,0,0,0,0,0,0,0,0,0,0,0.0003543822*J1^2*J2^2+0.0026578665*J1^1*J2^2*(J2-J1)^1+0,0,-0.0004092053*J1^2*J2^2+0.0002046027*J2^4+0.0009207120*J2^3*(J2-J1)^1+0,0,-0.0004092053*J1^2*J2^2+0.0002046027*J2^4+-0.0012276159*J1^1*J2^2*(J2-J1)^1+0.0015345199*J2^3*(J2-J1)^1+0,0,-0.0001181274*J1^2*J2^2+0.0002362548*J2^4+0.0005315733*J1^1*J2^2*(J2-J1)^1+-0.0021262932*J2^3*(J2-J1)^1+0,0,0.0005011721*J1^2*J2^2+0.0037587908*J1^1*J2^2*(J2-J1)^1+0,0,-0.0005787037*J1^2*J2^2+0.0002893519*J2^4+0.0013020833*J2^3*(J2-J1)^1+0,0,-0.0005787037*J1^2*J2^2+0.0002893519*J2^4+-0.0017361111*J1^1*J2^2*(J2-J1)^1+0.0021701389*J2^3*(J2-J1)^1+0,0,-0.0001670574*J1^2*J2^2+0.0003341147*J2^4+0.0007517582*J1^1*J2^2*(J2-J1)^1+-0.0030070327*J2^3*(J2-J1)^1+0},
{0,0,0,0,0,0,0,0,0,0,0,0,0,0,0,0,0,0,0,0,0,0,0,0,0,0,0,0,0,0,0,0,0,0,0,0,0,0,0,0,0,0,0,0,0,0,0,0,0,0,0,0,0,0,0,0,0,0,0,0,0,0,0,0,0,0,0,0,0,0,0,0,0,0,0,0,0,0,0,0,0,0.0004092053*J1^2*J2^2+-0.0006138080*J2^4+-0.0027621359*J2^3*(J2-J1)^1+0,0,-0.0001181274*J1^2*J2^2+0.0002362548*J2^4+-0.0008859555*J1^1*J2^2*(J2-J1)^1+0.0010631466*J2^3*(J2-J1)^1+0,0,-0.0001181274*J1^2*J2^2+0.0002362548*J2^4+-0.0015947199*J1^1*J2^2*(J2-J1)^1+0.0021262932*J2^3*(J2-J1)^1+0,0,0.0002728035*J1^2*J2^2+-0.0003410044*J2^4+0.0010230133*J1^1*J2^2*(J2-J1)^1+-0.0005115066*J2^3*(J2-J1)^1+0,0,0.0005787037*J1^2*J2^2+-0.0008680556*J2^4+-0.0039062500*J2^3*(J2-J1)^1+0,0,-0.0001670574*J1^2*J2^2+0.0003341147*J2^4+-0.0012529303*J1^1*J2^2*(J2-J1)^1+0.0015035163*J2^3*(J2-J1)^1+0,0,-0.0001670574*J1^2*J2^2+0.0003341147*J2^4+-0.0022552745*J1^1*J2^2*(J2-J1)^1+0.0030070327*J2^3*(J2-J1)^1+0,0,0.0003858025*J1^2*J2^2+-0.0004822531*J2^4+0.0014467593*J1^1*J2^2*(J2-J1)^1+-0.0007233796*J2^3*(J2-J1)^1+0},
{0,0,0,0,0,0,0,0,0,0,0,0,0,0,0,0,0,0,0,0,0,0,0,0,0,0,0,0,0,0,0,0,0,0,0,0,0,0,0,0,0,0,0,0,0,0,0,0,0,0,0,0,0,0,0,0,0,0,0,0,0,0,0,0,0,0,0,0,0,0,0,0,0,0,0,0,0,0,0,0,0,0,0,0,0,0,0,0,0,0,0,0,0,0,0,0},
{0,0,0,0,0,0,0,0,0,0,0,0,0,0,0,0,0,0,0,0,0,0,0,0,0,0,0,0,0,0,0,0,0,0,0,0,0,0,0,0,0,0,0,0,0,0,0,0,0,0,0,0,0,0,0,0,0,0,0,0,0,0,0,0,0,0,0,0,0,0,0,0,0,0,0,0,0,0,0,0,0,0,0,0,0,0,0,0,0,0,0,0,0,0,0,0},
{0,0,0,0,0,0,0,0,0,0,0,0,0,0,0,0,0,0,0,0,0,0,0,0,0,0,0,0,0,0,0,0,0,0,0,0,0,0,0,0,0,0,0,0,0,0,0,0,0,0,0,0,0,0,0,0,0,0,0,0,0,0,0,0,0,0,0,0,0,0,0,0,0,0,0,0,0,0,0,0,0,0,0,0,0,0,0,0,0,0,0,0,0,0,0,0},
{0,0,0,0,0,0,0,0,0,0,0,0,0,0,0,0,0,0,0,0,0,0,0,0,0,0,0,0,0,0,0,0,0,0,0,0,0,0,0,0,0,0,0,0,0,0,0,0,0,0,0,0,0,0,0,0,0,0,0,0,0,0,0,0,0,0,0,0,0,0,0,0,0,0,0,0,0,0,0,0,0,0,0,0,0,0,0,0,0,0,0,0,0,0,0,0},
{0,0,0,0,0,0,0,0,0,0,0,0,0,0,0,0,0,0,0,0,0,0,0,0,0,0,0,0,0,0,0,0,0,0,0,0,0,0,0,0,0,0,0,0,0,0,0,0,0,0,0,0,0,0,0,0,0,0,0,0,0,0,0,0,0,0,0,0,0,0,0,0,0,0,0,0,0,0,0,0,0,0,0,0,0,0,0,0,0,0,0,0,0,0,0,0},
{0,0,0,0,0,0,0,0,0,0,0,0,0,0,0,0,0,0,0,0,0,0,0,0,0,0,0,0,0,0,0,0,0,0,0,0,0,0,0,0,0,0,0,0,0,0,0,0,0,0,0,0,0,0,0,0,0,0,0,0,0,0,0,0,0,0,0,0,0,0,0,0,0,0,0,0,0,0,0,0,0,0,0,0,0,0,0,0,0,0,0,0,0,0,0,0},
{0,0,0,0,0,0,0,0,0,0,0,0,0,0,0,0,0,0,0,0,0,0,0,0,0,0,0,0,0,0,0,0,0,0,0,0,0,0,0,0,0,0,0,0,0,0,0,0,0,0,0,0,0,0,0,0,0,0,0,0,0,0,0,0,0,0,0,0,0,0,0,0,0,0,0,0,0,0,0,0,0,0,0,0,0,0,0,0,0,0,0,0,0,0,0,0},
{0,0,0,0,0,0,0,0,0,0,0,0,0,0,0,0,0,0,0,0,0,0,0,0,0,0,0,0,0,0,0,0,0,0,0,0,0,0,0,0,0,0,0,0,0,0,0,0,0,0,0,0,0,0,0,0,0,0,0,0,0,0,0,0,0,0,0,0,0,0,0,0,0,0,0,0,0,0,0,0,0,0,0,0,0,0,0,0,0,0,0,0,0,0,0,0},
{0,0,0,0,0,0,0,0,0,0,0,0,0,0,0,0,0,0,0,0,0,0,0,0,0,0,0,0,0,0,0,0,0,0,0,0,0,0,0,0,0,0,0,0,0,0,0,0,0,0,0,0,0,0,0,0,0,0,0,0,0,0,0,0,0,0,0,0,0,0,0,0,0,0,0,0,0,0,0,0,0,0,0,0,0,0,0,0,0,0,0,0,0,0,0,0},
{0,0,0,0,0,0,0,0,0,0,0,0,0,0,0,0,0,0,0,0,0,0,0,0,0,0,0,0,0,0,0,0,0,0,0,0,0,0,0,0,0,0,0,0,0,0,0,0,0,0,0,0,0,0,0,0,0,0,0,0,0,0,0,0,0,0,0,0,0,0,0,0,0,0,0,0,0,0,0,0,0,0,0,0,0,0,0,0,0,0,0,0,0,0,0,0},
{0,0,0,0,0,0,0,0,0,0,0,0,0,0,0,0,0,0,0,0,0,0,0,0,0,0,0,0,0,0,0,0,0,0,0,0,0,0,0,0,0,0,0,0,0,0,0,0,0,0,0,0,0,0,0,0,0,0,0,0,0,0,0,0,0,0,0,0,0,0,0,0,0,0,0,0,0,0,0,0,0,0,0,0,0,0,0,0,0,0,0,0,0,0,0,0},
{0,0,0,0,0,0,0,0,0,0,0,0,0,0,0,0,0,0,0,0,0,0,0,0,0,0,0,0,0,0,0,0,0,0,0,0,0,0,0,0,0,0,0,0,0,0,0,0,0,0,0,0,0,0,0,0,0,0,0,0,0,0,0,0,0,0,0,0,0,0,0,0,0,0,0,0,0,0,0,0,0,0,0,0,0,0,0,0,0,0,0,0,0,0,0,0},
{0,0,0,0,0,0,0,0,0,0,0,0,0,0,0,0,0,0,0,0,0,0,0,0,0,0,0,0,0,0,0,0,0,0,0,0,0,0,0,0,0,0,0,0,0,0,0,0,0,0,0,0,0,0,0,0,0,0,0,0,0,0,0,0,0,0,0,0,0,0,0,0,0,0,0,0,0,0,0,0,0,0,0,0,0,0,0,0,0,0,0,0,0,0,0,0},
{0,0,0,0,0,0,0,0,0,0,0,0,0,0,0,0,0,0,0,0,0,0,0,0,0,0,0,0,0,0,0,0,0,0,0,0,0,0,0,0,0,0,0,0,0,0,0,0,0,0,0,0,0,0,0,0,0,0,0,0,0,0,0,0,0,0,0,0,0,0,0,0,0,0,0,0,0,0,0,0,0,0,0,0,0,0,0,0,0,0,0,0,0,0,0,0},
{0,0,0,0,0,0,0,0,0,0,0,0,0,0,0,0,0,0,0,0,0,0,0,0,0,0,0,0,0,0,0,0,0,0,0,0,0,0,0,0,0,0,0,0,0,0,0,0,0,0,0,0,0,0,0,0,0,0,0,0,0,0,0,0,0,0,0,0,0,0,0,0,0,0,0,0,0,0,0,0,0,0,0,0,0,0,0,0,0,0,0,0,0,0,0,0},
{0,0,0,0,0,0,0,0,0,0,0,0,0,0,0,0,0,0,0,0,0,0,0,0,0,0,0,0,0,0,0,0,0,0,0,0,0,0,0,0,0,0,0,0,0,0,0,0,0,0,0,0,0,0,0,0,0,0,0,0,0,0,0,0,0,0,0,0,0,0,0,0,0,0,0,0,0,0,0,0,0,0,0,0,0,0,0,0,0,0,0,0,0,0,0,0},
{0,0,0,0,0,0,0,0,0,0,0,0,0,0,0,0,0,0,0,0,0,0,0,0,0,0,0,0,0,0,0,0,0,0,0,0,0,0,0,0,0,0,0,0,0,0,0,0,0,0,0,0,0,0,0,0,0,0,0,0,0,0,0,0,0,0,0,0,0,0,0,0,0,0,0,0,0,0,0,0,0,0,0,0,0,0,0,0,0,0,0,0,0,0,0,0},
{0,0,0,0,0,0,0,0,0,0,0,0,0,0,0,0,0,0,0,0,0,0,0,0,0,0,0,0,0,0,0,0,0,0,0,0,0,0,0,0,0,0,0,0,0,0,0,0,0,0,0,0,0,0,0,0,0,0,0,0,0,0,0,0,0,0,0,0,0,0,0,0,0,0,0,0,0,0,0,0,0,0,0,0,0,0,0,0,0,0,0,0,0,0,0,0},
{0,0,0,0,0,0,0,0,0,0,0,0,0,0,0,0,0,0,0,0,0,0,0,0,0,0,0,0,0,0,0,0,0,0,0,0,0,0,0,0,0,0,0,0,0,0,0,0,0,0,0,0,0,0,0,0,0,0,0,0,0,0,0,0,0,0,0,0,0,0,0,0,0,0,0,0,0,0,0,0,0,0,0,0,0,0,0,0,0,0,0,0,0,0,0,0},
{0,0,0,0,0,0,0,0,0,0,0,0,0,0,0,0,0,0,0,0,0,0,0,0,0,0,0,0,0,0,0,0,0,0,0,0,0,0,0,0,0,0,0,0,0,0,0,0,0,0,0,0,0,0,0,0,0,0,0,0,0,0,0,0,0,0,0,0,0,0,0,0,0,0,0,0,0,0,0,0,0,0,0,0,0,0,0,0,0,0,0,0,0,0,0,0},
{0,0,0,0,0,0,0,0,0,0,0,0,0,0,0,0,0,0,0,0,0,0,0,0,0,0,0,0,0,0,0,0,0,0,0,0,0,0,0,0,0,0,0,0,0,0,0,0,0,0,0,0,0,0,0,0,0,0,0,0,0,0,0,0,0,0,0,0,0,0,0,0,0,0,0,0,0,0,0,0,0,0,0,0,0,0,0,0,0,0,0,0,0,0,0,0},
{0,0,0,0,0,0,0,0,0,0,0,0,0,0,0,0,0,0,0,0,0,0,0,0,0,0,0,0,0,0,0,0,0,0,0,0,0,0,0,0,0,0,0,0,0,0,0,0,0,0,0,0,0,0,0,0,0,0,0,0,0,0,0,0,0,0,0,0,0,0,0,0,0,0,0,0,0,0,0,0,0,0,0,0,0,0,0,0,0,0,0,0,0,0,0,0},
{0,0,0,0,0,0,0,0,0,0,0,0,0,0,0,0,0,0,0,0,0,0,0,0,0,0,0,0,0,0,0,0,0,0,0,0,0,0,0,0,0,0,0,0,0,0,0,0,0,0,0,0,0,0,0,0,0,0,0,0,0,0,0,0,0,0,0,0,0,0,0,0,0,0,0,0,0,0,0,0,0,0,0,0,0,0,0,0,0,0,0,0,0,0,0,0},
{0,0,0,0,0,0,0,0,0,0,0,0,0,0,0,0,0,0,0,0,0,0,0,0,0,0,0,0,0,0,0,0,0,0,0,0,0,0,0,0,0,0,0,0,0,0,0,0,0,0,0,0,0,0,0,0,0,0,0,0,0,0,0,0,0,0,0,0,0,0,0,0,0,0,0,0,0,0,0,0,0,0,0,0,0,0,0,0,0,0,0,0,0,0,0,0},
{0,0,0,0,0,0,0,0,0,0,0,0,0,0,0,0,0,0,0,0,0,0,0,0,0,0,0,0,0,0,0,0,0,0,0,0,0,0,0,0,0,0,0,0,0,0,0,0,0,0,0,0,0,0,0,0,0,0,0,0,0,0,0,0,0,0,0,0,0,0,0,0,0,0,0,0,0,0,0,0,0,0,0,0,0,0,0,0,0,0,0,0,0,0,0,0},
{0,0,0,0,0,0,0,0,0,0,0,0,0,0,0,0,0,0,0,0,0,0,0,0,0,0,0,0,0,0,0,0,0,0,0,0,0,0,0,0,0,0,0,0,0,0,0,0,0,0,0,0,0,0,0,0,0,0,0,0,0,0,0,0,0,0,0,0,0,0,0,0,0,0,0,0,0,0,0,0,0,0,0,0,0,0,0,0,0,0,0,0,0,0,0,0},
{0,0,0,0,0,0,0,0,0,0,0,0,0,0,0,0,0,0,0,0,0,0,0,0,0,0,0,0,0,0,0,0,0,0,0,0,0,0,0,0,0,0,0,0,0,0,0,0,0,0,0,0,0,0,0,0,0,0,0,0,0,0,0,0,0,0,0,0,0,0,0,0,0,0,0,0,0,0,0,0,0,0,0,0,0,0,0,0,0,0,0,0,0,0,0,0},
{0,0,0,0,0,0,0,0,0,0,0,0,0,0,0,0,0,0,0,0,0,0,0,0,0,0,0,0,0,0,0,0,0,0,0,0,0,0,0,0,0,0,0,0,0,0,0,0,0,0,0,0,0,0,0,0,0,0,0,0,0,0,0,0,0,0,0,0,0,0,0,0,0,0,0,0,0,0,0,0,0,0,0,0,0,0,0,0,0,0,0,0,0,0,0,0},
{0,0,0,0,0,0,0,0,0,0,0,0,0,0,0,0,0,0,0,0,0,0,0,0,0,0,0,0,0,0,0,0,0,0,0,0,0,0,0,0,0,0,0,0,0,0,0,0,0,0,0,0,0,0,0,0,0,0,0,0,0,0,0,0,0,0,0,0,0,0,0,0,0,0,0,0,0,0,0,0,0,0,0,0,0,0,0,0,0,0,0,0,0,0,0,0},
{0,0,0,0,0,0,0,0,0,0,0,0,0,0,0,0,0,0,0,0,0,0,0,0,0,0,0,0,0,0,0,0,0,0,0,0,0,0,0,0,0,0,0,0,0,0,0,0,0,0,0,0,0,0,0,0,0,0,0,0,0,0,0,0,0,0,0,0,0,0,0,0,0,0,0,0,0,0,0,0,0,0,0,0,0,0,0,0,0,0,0,0,0,0,0,0},
{0,0,0,0,0,0,0,0,0,0,0,0,0,0,0,0,0,0,0,0,0,0,0,0,0,0,0,0,0,0,0,0,0,0,0,0,0,0,0,0,0,0,0,0,0,0,0,0,0,0,0,0,0,0,0,0,0,0,0,0,0,0,0,0,0,0,0,0,0,0,0,0,0,0,0,0,0,0,0,0,0,0,0,0,0,0,0,0,0,0,0,0,0,0,0,0},
{0,0,0,0,0,0,0,0,0,0,0,0,0,0,0,0,0,0,0,0,0,0,0,0,0,0,0,0,0,0,0,0,0,0,0,0,0,0,0,0,0,0,0,0,0,0,0,0,0,0,0,0,0,0,0,0,0,0,0,0,0,0,0,0,0,0,0,0,0,0,0,0,0,0,0,0,0,0,0,0,0,0,0,0,0,0,0,0,0,0,0,0,0,0,0,0},
{0,0,0,0,0,0,0,0,0,0,0,0,0,0,0,0,0,0,0,0,0,0,0,0,0,0,0,0,0,0,0,0,0,0,0,0,0,0,0,0,0,0,0,0,0,0,0,0,0,0,0,0,0,0,0,0,0,0,0,0,0,0,0,0,0,0,0,0,0,0,0,0,0,0,0,0,0,0,0,0,0,0,0,0,0,0,0,0,0,0,0,0,0,0,0,0},
{0,0,0,0,0,0,0,0,0,0,0,0,0,0,0,0,0,0,0,0,0,0,0,0,0,0,0,0,0,0,0,0,0,0,0,0,0,0,0,0,0,0,0,0,0,0,0,0,0,0,0,0,0,0,0,0,0,0,0,0,0,0,0,0,0,0,0,0,0,0,0,0,0,0,0,0,0,0,0,0,0,0,0,0,0,0,0,0,0,0,0,0,0,0,0,0},
{0,0,0,0,0,0,0,0,0,0,0,0,0,0,0,0,0,0,0,0,0,0,0,0,0,0,0,0,0,0,0,0,0,0,0,0,0,0,0,0,0,0,0,0,0,0,0,0,0,0,0,0,0,0,0,0,0,0,0,0,0,0,0,0,0,0,0,0,0,0,0,0,0,0,0,0,0,0,0,0,0,0,0,0,0,0,0,0,0,0,0,0,0,0,0,0},
{0,0,0,0,0,0,0,0,0,0,0,0,0,0,0,0,0,0,0,0,0,0,0,0,0,0,0,0,0,0,0,0,0,0,0,0,0,0,0,0,0,0,0,0,0,0,0,0,0,0,0,0,0,0,0,0,0,0,0,0,0,0,0,0,0,0,0,0,0,0,0,0,0,0,0,0,0,0,0,0,0,0,0,0,0,0,0,0,0,0,0,0,0,0,0,0},
{0,0,0,0,0,0,0,0,0,0,0,0,0,0,0,0,0,0,0,0,0,0,0,0,0,0,0,0,0,0,0,0,0,0,0,0,0,0,0,0,0,0,0,0,0,0,0,0,0,0,0,0,0,0,0,0,0,0,0,0,0,0,0,0,0,0,0,0,0,0,0,0,0,0,0,0,0,0,0,0,0,0,0,0,0,0,0,0,0,0,0,0,0,0,0,0},
{0,0,0,0,0,0,0,0,0,0,0,0,0,0,0,0,0,0,0,0,0,0,0,0,0,0,0,0,0,0,0,0,0,0,0,0,0,0,0,0,0,0,0,0,0,0,0,0,0,0,0,0,0,0,0,0,0,0,0,0,0,0,0,0,0,0,0,0,0,0,0,0,0,0,0,0,0,0,0,0,0,0,0,0,0,0,0,0,0,0,0,0,0,0,0,0},
{0,0,0,0,0,0,0,0,0,0,0,0,0,0,0,0,0,0,0,0,0,0,0,0,0,0,0,0,0,0,0,0,0,0,0,0,0,0,0,0,0,0,0,0,0,0,0,0,0,0,0,0,0,0,0,0,0,0,0,0,0,0,0,0,0,0,0,0,0,0,0,0,0,0,0,0,0,0,0,0,0,0,0,0,0,0,0,0,0,0,0,0,0,0,0,0},
{0,0,0,0,0,0,0,0,0,0,0,0,0,0,0,0,0,0,0,0,0,0,0,0,0,0,0,0,0,0,0,0,0,0,0,0,0,0,0,0,0,0,0,0,0,0,0,0,0,0,0,0,0,0,0,0,0,0,0,0,0,0,0,0,0,0,0,0,0,0,0,0,0,0,0,0,0,0,0,0,0,0,0,0,0,0,0,0,0,0,0,0,0,0,0,0},
{0,0,0,0,0,0,0,0,0,0,0,0,0,0,0,0,0,0,0,0,0,0,0,0,0,0,0,0,0,0,0,0,0,0,0,0,0,0,0,0,0,0,0,0,0,0,0,0,0,0,0,0,0,0,0,0,0,0,0,0,0,0,0,0,0,0,0,0,0,0,0,0,0,0,0,0,0,0,0,0,0,0,0,0,0,0,0,0,0,0,0,0,0,0,0,0},
{0,0,0,0,0,0,0,0,0,0,0,0,0,0,0,0,0,0,0,0,0,0,0,0,0,0,0,0,0,0,0,0,0,0,0,0,0,0,0,0,0,0,0,0,0,0,0,0,0,0,0,0,0,0,0,0,0,0,0,0,0,0,0,0,0,0,0,0,0,0,0,0,0,0,0,0,0,0,0,0,0,0,0,0,0,0,0,0,0,0,0,0,0,0,0,0},
{0,0,0,0,0,0,0,0,0,0,0,0,0,0,0,0,0,0,0,0,0,0,0,0,0,0,0,0,0,0,0,0,0,0,0,0,0,0,0,0,0,0,0,0,0,0,0,0,0,0,0,0,0,0,0,0,0,0,0,0,0,0,0,0,0,0,0,0,0,0,0,0,0,0,0,0,0,0,0,0,0,0,0,0,0,0,0,0,0,0,0,0,0,0,0,0},
{0,0,0,0,0,0,0,0,0,0,0,0,0,0,0,0,0,0,0,0,0,0,0,0,0,0,0,0,0,0,0,0,0,0,0,0,0,0,0,0,0,0,0,0,0,0,0,0,0,0,0,0,0,0,0,0,0,0,0,0,0,0,0,0,0,0,0,0,0,0,0,0,0,0,0,0,0,0,0,0,0,0,0,0,0,0,0,0,0,0,0,0,0,0,0,0},
{0,0,0,0,0,0,0,0,0,0,0,0,0,0,0,0,0,0,0,0,0,0,0,0,0,0,0,0,0,0,0,0,0,0,0,0,0,0,0,0,0,0,0,0,0,0,0,0,0,0,0,0,0,0,0,0,0,0,0,0,0,0,0,0,0,0,0,0,0,0,0,0,0,0,0,0,0,0,0,0,0,0,0,0,0,0,0,0,0,0,0,0,0,0,0,0},
{0,0,0,0,0,0,0,0,0,0,0,0,0,0,0,0,0,0,0,0,0,0,0,0,0,0,0,0,0,0,0,0,0,0,0,0,0,0,0,0,0,0,0,0,0,0,0,0,0,0,0,0,0,0,0,0,0,0,0,0,0,0,0,0,0,0,0,0,0,0,0,0,0,0,0,0,0,0,0,0,0,0,0,0,0,0,0,0,0,0,0,0,0,0,0,0},
{0,0,0,0,0,0,0,0,0,0,0,0,0,0,0,0,0,0,0,0,0,0,0,0,0,0,0,0,0,0,0,0,0,0,0,0,0,0,0,0,0,0,0,0,0,0,0,0,0,0,0,0,0,0,0,0,0,0,0,0,0,0,0,0,0,0,0,0,0,0,0,0,0,0,0,0,0,0,0,0,0,0,0,0,0,0,0,0,0,0,0,0,0,0,0,0},
{0,0,0,0,0,0,0,0,0,0,0,0,0,0,0,0,0,0,0,0,0,0,0,0,0,0,0,0,0,0,0,0,0,0,0,0,0,0,0,0,0,0,0,0,0,0,0,0,0,0,0,0,0,0,0,0,0,0,0,0,0,0,0,0,0,0,0,0,0,0,0,0,0,0,0,0,0,0,0,0,0,0,0,0,0,0,0,0,0,0,0,0,0,0,0,0},
{0.0013020833*J2^4+0.0156250000*J2^3*(J2-J1)^1+0,-0.0007517582*J1^2*J2^2+-0.0022552745*J1^1*J2^2*(J2-J1)^1+0,-0.0007517582*J1^2*J2^2+0,-0.0008680556*J1^2*J2^2+0.0013020833*J2^4+-0.0039062500*J2^3*(J2-J1)^1+0,0,0,0,0,0,0,0,0,0,0,0,0,0,0,0,0,0,0,0,0,0,0,0,0,0,0,0,0,0,0,0,0,0,0,0,0,0,0,0,0,0,0,0,0,0,0,0,0,0,0,0,0,0,0,0,0,0,0,0,0,0,0,0,0,0,0,0,0,0,0,0,0,0,0,0,0,0,0,0,0,0,0,0,0,0,0,0,0,0,0,0,0},
{0,0,0,0,0,0,0,0,-0.0007517582*J2^4+-0.0090210980*J2^3*(J2-J1)^1+0,0.0004340278*J1^2*J2^2+0.0013020833*J1^1*J2^2*(J2-J1)^1+0,0.0004340278*J1^2*J2^2+0,0.0005011721*J1^2*J2^2+-0.0007517582*J2^4+0.0022552745*J2^3*(J2-J1)^1+0,0,0,0,0,0.0010631466*J2^4+0.0127577591*J2^3*(J2-J1)^1+0,-0.0006138080*J1^2*J2^2+-0.0018414239*J1^1*J2^2*(J2-J1)^1+0,-0.0006138080*J1^2*J2^2+0,-0.0007087644*J1^2*J2^2+0.0010631466*J2^4+-0.0031894398*J2^3*(J2-J1)^1+0,0,0,0,0,0,0,0,0,0,0,0,0,0,0,0,0,0,0,0,0,0,0,0,0,0,0,0,0,0,0,0,0,0,0,0,0,0,0,0,0,0,0,0,0,0,0,0,0,0,0,0,0,0,0,0,0,0,0,0,0,0,0,0,0,0,0,0,0,0,0,0,0,0,0,0,0},
{-0.0007517582*J1^2*J2^2+-0.0090210980*J1^1*J2^2*(J2-J1)^1+0,0.0008680556*J1^2*J2^2+-0.0004340278*J2^4+0.0065104167*J1^1*J2^2*(J2-J1)^1+-0.0052083333*J2^3*(J2-J1)^1+0,0.0008680556*J1^2*J2^2+-0.0004340278*J2^4+0,0.0002505861*J1^2*J2^2+-0.0005011721*J2^4+0.0022552745*J2^3*(J2-J1)^1+0,0,0,0,0,0,0,0,0,0,0,0,0,0,0,0,0,0,0,0,0,0,0,0,0,0,0,0,0,0,0,0,0,0,0,0,0,0,0,0,0,0,0,0,0,0,0,0,0,0,0,0,0,0,0,0,0,0,0,0,0,0,0,0,0,0,0,0,0,0,0,0,0,0,0,0,0,0,0,0,0,0,0,0,0,0,0,0,0,0,0,0,0},
{0,0,0,0,0,0,0,0,0.0004340278*J1^2*J2^2+0.0052083333*J1^1*J2^2*(J2-J1)^1+0,-0.0005011721*J1^2*J2^2+0.0002505861*J2^4+-0.0037587908*J1^1*J2^2*(J2-J1)^1+0.0030070327*J2^3*(J2-J1)^1+0,-0.0005011721*J1^2*J2^2+0.0002505861*J2^4+0,-0.0001446759*J1^2*J2^2+0.0002893519*J2^4+-0.0013020833*J2^3*(J2-J1)^1+0,0,0,0,0,-0.0006138080*J1^2*J2^2+-0.0073656956*J1^1*J2^2*(J2-J1)^1+0,0.0007087644*J1^2*J2^2+-0.0003543822*J2^4+0.0053157329*J1^1*J2^2*(J2-J1)^1+-0.0042525864*J2^3*(J2-J1)^1+0,0.0007087644*J1^2*J2^2+-0.0003543822*J2^4+0,0.0002046027*J1^2*J2^2+-0.0004092053*J2^4+0.0018414239*J2^3*(J2-J1)^1+0,0,0,0,0,0,0,0,0,0,0,0,0,0,0,0,0,0,0,0,0,0,0,0,0,0,0,0,0,0,0,0,0,0,0,0,0,0,0,0,0,0,0,0,0,0,0,0,0,0,0,0,0,0,0,0,0,0,0,0,0,0,0,0,0,0,0,0,0,0,0,0,0,0,0,0,0},
{-0.0007517582*J1^2*J2^2+-0.0135316469*J1^1*J2^2*(J2-J1)^1+0,0.0008680556*J1^2*J2^2+-0.0004340278*J2^4+0.0039062500*J2^3*(J2-J1)^1+0,0.0008680556*J1^2*J2^2+-0.0004340278*J2^4+0.0078125000*J1^1*J2^2*(J2-J1)^1+-0.0052083333*J2^3*(J2-J1)^1+0,0.0002505861*J1^2*J2^2+-0.0005011721*J2^4+0.0007517582*J1^1*J2^2*(J2-J1)^1+0,0,0,0,0,0,0,0,0,0,0,0,0,0,0,0,0,0,0,0,0,0,0,0,0,0,0,0,0,0,0,0,0,0,0,0,0,0,0,0,0,0,0,0,0,0,0,0,0,0,0,0,0,0,0,0,0,0,0,0,0,0,0,0,0,0,0,0,0,0,0,0,0,0,0,0,0,0,0,0,0,0,0,0,0,0,0,0,0,0,0,0,0},
{0,0,0,0,0,0,0,0,0.0004340278*J1^2*J2^2+0.0078125000*J1^1*J2^2*(J2-J1)^1+0,-0.0005011721*J1^2*J2^2+0.0002505861*J2^4+-0.0022552745*J2^3*(J2-J1)^1+0,-0.0005011721*J1^2*J2^2+0.0002505861*J2^4+-0.0045105490*J1^1*J2^2*(J2-J1)^1+0.0030070327*J2^3*(J2-J1)^1+0,-0.0001446759*J1^2*J2^2+0.0002893519*J2^4+-0.0004340278*J1^1*J2^2*(J2-J1)^1+0,0,0,0,0,-0.0006138080*J1^2*J2^2+-0.0110485435*J1^1*J2^2*(J2-J1)^1+0,0.0007087644*J1^2*J2^2+-0.0003543822*J2^4+0.0031894398*J2^3*(J2-J1)^1+0,0.0007087644*J1^2*J2^2+-0.0003543822*J2^4+0.0063788795*J1^1*J2^2*(J2-J1)^1+-0.0042525864*J2^3*(J2-J1)^1+0,0.0002046027*J1^2*J2^2+-0.0004092053*J2^4+0.0006138080*J1^1*J2^2*(J2-J1)^1+0,0,0,0,0,0,0,0,0,0,0,0,0,0,0,0,0,0,0,0,0,0,0,0,0,0,0,0,0,0,0,0,0,0,0,0,0,0,0,0,0,0,0,0,0,0,0,0,0,0,0,0,0,0,0,0,0,0,0,0,0,0,0,0,0,0,0,0,0,0,0,0,0,0,0,0,0},
{-0.0008680556*J1^2*J2^2+0.0013020833*J2^4+0.0078125000*J2^3*(J2-J1)^1+0,0.0002505861*J1^2*J2^2+-0.0005011721*J2^4+0.0045105490*J1^1*J2^2*(J2-J1)^1+-0.0067658235*J2^3*(J2-J1)^1+0,0.0002505861*J1^2*J2^2+-0.0005011721*J2^4+0.0030070327*J1^1*J2^2*(J2-J1)^1+-0.0045105490*J2^3*(J2-J1)^1+0,-0.0005787037*J1^2*J2^2+0.0007233796*J2^4+-0.0047743056*J1^1*J2^2*(J2-J1)^1+0.0043402778*J2^3*(J2-J1)^1+0,0,0,0,0,0,0,0,0,0,0,0,0,0,0,0,0,0,0,0,0,0,0,0,0,0,0,0,0,0,0,0,0,0,0,0,0,0,0,0,0,0,0,0,0,0,0,0,0,0,0,0,0,0,0,0,0,0,0,0,0,0,0,0,0,0,0,0,0,0,0,0,0,0,0,0,0,0,0,0,0,0,0,0,0,0,0,0,0,0,0,0,0},
{0,0,0,0,0,0,0,0,0.0005011721*J1^2*J2^2+-0.0007517582*J2^4+-0.0045105490*J2^3*(J2-J1)^1+0,-0.0001446759*J1^2*J2^2+0.0002893519*J2^4+-0.0026041667*J1^1*J2^2*(J2-J1)^1+0.0039062500*J2^3*(J2-J1)^1+0,-0.0001446759*J1^2*J2^2+0.0002893519*J2^4+-0.0017361111*J1^1*J2^2*(J2-J1)^1+0.0026041667*J2^3*(J2-J1)^1+0,0.0003341147*J1^2*J2^2+-0.0004176434*J2^4+0.0027564466*J1^1*J2^2*(J2-J1)^1+-0.0025058605*J2^3*(J2-J1)^1+0,0,0,0,0,-0.0007087644*J1^2*J2^2+0.0010631466*J2^4+0.0063788795*J2^3*(J2-J1)^1+0,0.0002046027*J1^2*J2^2+-0.0004092053*J2^4+0.0036828478*J1^1*J2^2*(J2-J1)^1+-0.0055242717*J2^3*(J2-J1)^1+0,0.0002046027*J1^2*J2^2+-0.0004092053*J2^4+0.0024552319*J1^1*J2^2*(J2-J1)^1+-0.0036828478*J2^3*(J2-J1)^1+0,-0.0004725096*J1^2*J2^2+0.0005906370*J2^4+-0.0038982042*J1^1*J2^2*(J2-J1)^1+0.0035438220*J2^3*(J2-J1)^1+0,0,0,0,0,0,0,0,0,0,0,0,0,0,0,0,0,0,0,0,0,0,0,0,0,0,0,0,0,0,0,0,0,0,0,0,0,0,0,0,0,0,0,0,0,0,0,0,0,0,0,0,0,0,0,0,0,0,0,0,0,0,0,0,0,0,0,0,0,0,0,0,0,0,0,0,0},
{0,0,0,0,-0.0007517582*J2^4+-0.0022552745*J2^3*(J2-J1)^1+0,0.0004340278*J1^2*J2^2+-0.0026041667*J1^1*J2^2*(J2-J1)^1+0,0.0004340278*J1^2*J2^2+-0.0039062500*J1^1*J2^2*(J2-J1)^1+0,0.0005011721*J1^2*J2^2+-0.0007517582*J2^4+0.0045105490*J2^3*(J2-J1)^1+0,0,0,0,0,0,0,0,0,0,0,0,0,0,0,0,0,0,0,0,0,0,0,0,0,0,0,0,0,0,0,0,0,0,0,0,0,0,0,0,0,0,0,0,0,0,0,0,0,0,0,0,0,0,0,0,0,0,0,0,0,0,0,0,0,0,0,0,0,0,0,0,0,0,0,0,0,0,0,0,0,0,0,0,0,0,0,0,0},
{0,0,0,0,0,0,0,0,0,0,0,0,0.0004340278*J2^4+0.0013020833*J2^3*(J2-J1)^1+0,-0.0002505861*J1^2*J2^2+0.0015035163*J1^1*J2^2*(J2-J1)^1+0,-0.0002505861*J1^2*J2^2+0.0022552745*J1^1*J2^2*(J2-J1)^1+0,-0.0002893519*J1^2*J2^2+0.0004340278*J2^4+-0.0026041667*J2^3*(J2-J1)^1+0,0,0,0,0,-0.0006138080*J2^4+-0.0018414239*J2^3*(J2-J1)^1+0,0.0003543822*J1^2*J2^2+-0.0021262932*J1^1*J2^2*(J2-J1)^1+0,0.0003543822*J1^2*J2^2+-0.0031894398*J1^1*J2^2*(J2-J1)^1+0,0.0004092053*J1^2*J2^2+-0.0006138080*J2^4+0.0036828478*J2^3*(J2-J1)^1+0,0,0,0,0,0,0,0,0,0,0,0,0,0,0,0,0,0,0,0,0,0,0,0,0,0,0,0,0,0,0,0,0,0,0,0,0,0,0,0,0,0,0,0,0,0,0,0,0,0,0,0,0,0,0,0,0,0,0,0,0,0,0,0,0,0,0,0,0,0,0,0,0},
{0,0,0,0,0.0004340278*J1^2*J2^2+0.0013020833*J1^1*J2^2*(J2-J1)^1+0,-0.0005011721*J1^2*J2^2+0.0002505861*J2^4+0.0007517582*J1^1*J2^2*(J2-J1)^1+0.0007517582*J2^3*(J2-J1)^1+0,-0.0005011721*J1^2*J2^2+0.0002505861*J2^4+0.0022552745*J2^3*(J2-J1)^1+0,-0.0001446759*J1^2*J2^2+0.0002893519*J2^4+0.0013020833*J1^1*J2^2*(J2-J1)^1+-0.0039062500*J2^3*(J2-J1)^1+0,0,0,0,0,0,0,0,0,0,0,0,0,0,0,0,0,0,0,0,0,0,0,0,0,0,0,0,0,0,0,0,0,0,0,0,0,0,0,0,0,0,0,0,0,0,0,0,0,0,0,0,0,0,0,0,0,0,0,0,0,0,0,0,0,0,0,0,0,0,0,0,0,0,0,0,0,0,0,0,0,0,0,0,0,0,0,0,0},
{0,0,0,0,0,0,0,0,0,0,0,0,-0.0002505861*J1^2*J2^2+-0.0007517582*J1^1*J2^2*(J2-J1)^1+0,0.0002893519*J1^2*J2^2+-0.0001446759*J2^4+-0.0004340278*J1^1*J2^2*(J2-J1)^1+-0.0004340278*J2^3*(J2-J1)^1+0,0.0002893519*J1^2*J2^2+-0.0001446759*J2^4+-0.0013020833*J2^3*(J2-J1)^1+0,0.0000835287*J1^2*J2^2+-0.0001670574*J2^4+-0.0007517582*J1^1*J2^2*(J2-J1)^1+0.0022552745*J2^3*(J2-J1)^1+0,0,0,0,0,0.0003543822*J1^2*J2^2+0.0010631466*J1^1*J2^2*(J2-J1)^1+0,-0.0004092053*J1^2*J2^2+0.0002046027*J2^4+0.0006138080*J1^1*J2^2*(J2-J1)^1+0.0006138080*J2^3*(J2-J1)^1+0,-0.0004092053*J1^2*J2^2+0.0002046027*J2^4+0.0018414239*J2^3*(J2-J1)^1+0,-0.0001181274*J1^2*J2^2+0.0002362548*J2^4+0.0010631466*J1^1*J2^2*(J2-J1)^1+-0.0031894398*J2^3*(J2-J1)^1+0,0,0,0,0,0,0,0,0,0,0,0,0,0,0,0,0,0,0,0,0,0,0,0,0,0,0,0,0,0,0,0,0,0,0,0,0,0,0,0,0,0,0,0,0,0,0,0,0,0,0,0,0,0,0,0,0,0,0,0,0,0,0,0,0,0,0,0,0,0,0,0,0},
{0,0,0,0,0.0004340278*J1^2*J2^2+0.0039062500*J1^1*J2^2*(J2-J1)^1+0,-0.0005011721*J1^2*J2^2+0.0002505861*J2^4+0,-0.0005011721*J1^2*J2^2+0.0002505861*J2^4+0.0007517582*J2^3*(J2-J1)^1+0,-0.0001446759*J1^2*J2^2+0.0002893519*J2^4+0.0008680556*J1^1*J2^2*(J2-J1)^1+-0.0026041667*J2^3*(J2-J1)^1+0,0,0,0,0,0,0,0,0,0,0,0,0,0,0,0,0,0,0,0,0,0,0,0,0,0,0,0,0,0,0,0,0,0,0,0,0,0,0,0,0,0,0,0,0,0,0,0,0,0,0,0,0,0,0,0,0,0,0,0,0,0,0,0,0,0,0,0,0,0,0,0,0,0,0,0,0,0,0,0,0,0,0,0,0,0,0,0,0},
{0,0,0,0,0,0,0,0,0,0,0,0,-0.0002505861*J1^2*J2^2+-0.0022552745*J1^1*J2^2*(J2-J1)^1+0,0.0002893519*J1^2*J2^2+-0.0001446759*J2^4+0,0.0002893519*J1^2*J2^2+-0.0001446759*J2^4+-0.0004340278*J2^3*(J2-J1)^1+0,0.0000835287*J1^2*J2^2+-0.0001670574*J2^4+-0.0005011721*J1^1*J2^2*(J2-J1)^1+0.0015035163*J2^3*(J2-J1)^1+0,0,0,0,0,0.0003543822*J1^2*J2^2+0.0031894398*J1^1*J2^2*(J2-J1)^1+0,-0.0004092053*J1^2*J2^2+0.0002046027*J2^4+0,-0.0004092053*J1^2*J2^2+0.0002046027*J2^4+0.0006138080*J2^3*(J2-J1)^1+0,-0.0001181274*J1^2*J2^2+0.0002362548*J2^4+0.0007087644*J1^1*J2^2*(J2-J1)^1+-0.0021262932*J2^3*(J2-J1)^1+0,0,0,0,0,0,0,0,0,0,0,0,0,0,0,0,0,0,0,0,0,0,0,0,0,0,0,0,0,0,0,0,0,0,0,0,0,0,0,0,0,0,0,0,0,0,0,0,0,0,0,0,0,0,0,0,0,0,0,0,0,0,0,0,0,0,0,0,0,0,0,0,0},
{0,0,0,0,0.0005011721*J1^2*J2^2+-0.0007517582*J2^4+-0.0022552745*J2^3*(J2-J1)^1+0,-0.0001446759*J1^2*J2^2+0.0002893519*J2^4+-0.0013020833*J1^1*J2^2*(J2-J1)^1+0.0013020833*J2^3*(J2-J1)^1+0,-0.0001446759*J1^2*J2^2+0.0002893519*J2^4+-0.0004340278*J1^1*J2^2*(J2-J1)^1+0,0.0003341147*J1^2*J2^2+-0.0004176434*J2^4+-0.0002505861*J1^1*J2^2*(J2-J1)^1+0.0012529303*J2^3*(J2-J1)^1+0,0,0,0,0,0,0,0,0,0,0,0,0,0,0,0,0,0,0,0,0,0,0,0,0,0,0,0,0,0,0,0,0,0,0,0,0,0,0,0,0,0,0,0,0,0,0,0,0,0,0,0,0,0,0,0,0,0,0,0,0,0,0,0,0,0,0,0,0,0,0,0,0,0,0,0,0,0,0,0,0,0,0,0,0,0,0,0,0},
{0,0,0,0,0,0,0,0,0,0,0,0,-0.0002893519*J1^2*J2^2+0.0004340278*J2^4+0.0013020833*J2^3*(J2-J1)^1+0,0.0000835287*J1^2*J2^2+-0.0001670574*J2^4+0.0007517582*J1^1*J2^2*(J2-J1)^1+-0.0007517582*J2^3*(J2-J1)^1+0,0.0000835287*J1^2*J2^2+-0.0001670574*J2^4+0.0002505861*J1^1*J2^2*(J2-J1)^1+0,-0.0001929012*J1^2*J2^2+0.0002411265*J2^4+0.0001446759*J1^1*J2^2*(J2-J1)^1+-0.0007233796*J2^3*(J2-J1)^1+0,0,0,0,0,0.0004092053*J1^2*J2^2+-0.0006138080*J2^4+-0.0018414239*J2^3*(J2-J1)^1+0,-0.0001181274*J1^2*J2^2+0.0002362548*J2^4+-0.0010631466*J1^1*J2^2*(J2-J1)^1+0.0010631466*J2^3*(J2-J1)^1+0,-0.0001181274*J1^2*J2^2+0.0002362548*J2^4+-0.0003543822*J1^1*J2^2*(J2-J1)^1+0,0.0002728035*J1^2*J2^2+-0.0003410044*J2^4+-0.0002046027*J1^1*J2^2*(J2-J1)^1+0.0010230133*J2^3*(J2-J1)^1+0,0,0,0,0,0,0,0,0,0,0,0,0,0,0,0,0,0,0,0,0,0,0,0,0,0,0,0,0,0,0,0,0,0,0,0,0,0,0,0,0,0,0,0,0,0,0,0,0,0,0,0,0,0,0,0,0,0,0,0,0,0,0,0,0,0,0,0,0,0,0,0,0},
{0,0,0,0,-0.0010631466*J2^4+-0.0079735994*J2^3*(J2-J1)^1+0,0.0006138080*J1^2*J2^2+-0.0009207120*J1^1*J2^2*(J2-J1)^1+0,0.0006138080*J1^2*J2^2+-0.0027621359*J1^1*J2^2*(J2-J1)^1+0,0.0007087644*J1^2*J2^2+-0.0010631466*J2^4+0.0047841597*J2^3*(J2-J1)^1+0,0,0,0,0,0,0,0,0,0,0,0,0,0,0,0,0,0,0,0,0,0,0,0,0,0,0,0,0,0,0,0,0,0,0,0,0,0,0,0,0,0,0,0,0,0,0,0,0,0,0,0,0,0,0,0,0,0,0,0,0,0,0,0,0,0,0,0,0,0,0,0,0,0,0,0,0,0,0,0,0,0,0,0,0,0,0,0,0},
{0,0,0,0,0,0,0,0,0,0,0,0,0.0006138080*J2^4+0.0046035598*J2^3*(J2-J1)^1+0,-0.0003543822*J1^2*J2^2+0.0005315733*J1^1*J2^2*(J2-J1)^1+0,-0.0003543822*J1^2*J2^2+0.0015947199*J1^1*J2^2*(J2-J1)^1+0,-0.0004092053*J1^2*J2^2+0.0006138080*J2^4+-0.0027621359*J2^3*(J2-J1)^1+0,0,0,0,0,-0.0008680556*J2^4+-0.0065104167*J2^3*(J2-J1)^1+0,0.0005011721*J1^2*J2^2+-0.0007517582*J1^1*J2^2*(J2-J1)^1+0,0.0005011721*J1^2*J2^2+-0.0022552745*J1^1*J2^2*(J2-J1)^1+0,0.0005787037*J1^2*J2^2+-0.0008680556*J2^4+0.0039062500*J2^3*(J2-J1)^1+0,0,0,0,0,0,0,0,0,0,0,0,0,0,0,0,0,0,0,0,0,0,0,0,0,0,0,0,0,0,0,0,0,0,0,0,0,0,0,0,0,0,0,0,0,0,0,0,0,0,0,0,0,0,0,0,0,0,0,0,0,0,0,0,0,0,0,0,0,0,0,0,0},
{0,0,0,0,0.0006138080*J1^2*J2^2+0.0046035598*J1^1*J2^2*(J2-J1)^1+0,-0.0007087644*J1^2*J2^2+0.0003543822*J2^4+-0.0021262932*J1^1*J2^2*(J2-J1)^1+0.0026578665*J2^3*(J2-J1)^1+0,-0.0007087644*J1^2*J2^2+0.0003543822*J2^4+0.0015947199*J2^3*(J2-J1)^1+0,-0.0002046027*J1^2*J2^2+0.0004092053*J2^4+0.0009207120*J1^1*J2^2*(J2-J1)^1+-0.0036828478*J2^3*(J2-J1)^1+0,0,0,0,0,0,0,0,0,0,0,0,0,0,0,0,0,0,0,0,0,0,0,0,0,0,0,0,0,0,0,0,0,0,0,0,0,0,0,0,0,0,0,0,0,0,0,0,0,0,0,0,0,0,0,0,0,0,0,0,0,0,0,0,0,0,0,0,0,0,0,0,0,0,0,0,0,0,0,0,0,0,0,0,0,0,0,0,0},
{0,0,0,0,0,0,0,0,0,0,0,0,-0.0003543822*J1^2*J2^2+-0.0026578665*J1^1*J2^2*(J2-J1)^1+0,0.0004092053*J1^2*J2^2+-0.0002046027*J2^4+0.0012276159*J1^1*J2^2*(J2-J1)^1+-0.0015345199*J2^3*(J2-J1)^1+0,0.0004092053*J1^2*J2^2+-0.0002046027*J2^4+-0.0009207120*J2^3*(J2-J1)^1+0,0.0001181274*J1^2*J2^2+-0.0002362548*J2^4+-0.0005315733*J1^1*J2^2*(J2-J1)^1+0.0021262932*J2^3*(J2-J1)^1+0,0,0,0,0,0.0005011721*J1^2*J2^2+0.0037587908*J1^1*J2^2*(J2-J1)^1+0,-0.0005787037*J1^2*J2^2+0.0002893519*J2^4+-0.0017361111*J1^1*J2^2*(J2-J1)^1+0.0021701389*J2^3*(J2-J1)^1+0,-0.0005787037*J1^2*J2^2+0.0002893519*J2^4+0.0013020833*J2^3*(J2-J1)^1+0,-0.0001670574*J1^2*J2^2+0.0003341147*J2^4+0.0007517582*J1^1*J2^2*(J2-J1)^1+-0.0030070327*J2^3*(J2-J1)^1+0,0,0,0,0,0,0,0,0,0,0,0,0,0,0,0,0,0,0,0,0,0,0,0,0,0,0,0,0,0,0,0,0,0,0,0,0,0,0,0,0,0,0,0,0,0,0,0,0,0,0,0,0,0,0,0,0,0,0,0,0,0,0,0,0,0,0,0,0,0,0,0,0},
{0,0,0,0,0.0006138080*J1^2*J2^2+0.0082864076*J1^1*J2^2*(J2-J1)^1+0,-0.0007087644*J1^2*J2^2+0.0003543822*J2^4+-0.0015947199*J2^3*(J2-J1)^1+0,-0.0007087644*J1^2*J2^2+0.0003543822*J2^4+-0.0031894398*J1^1*J2^2*(J2-J1)^1+0.0026578665*J2^3*(J2-J1)^1+0,-0.0002046027*J1^2*J2^2+0.0004092053*J2^4+0.0003069040*J1^1*J2^2*(J2-J1)^1+-0.0018414239*J2^3*(J2-J1)^1+0,0,0,0,0,0,0,0,0,0,0,0,0,0,0,0,0,0,0,0,0,0,0,0,0,0,0,0,0,0,0,0,0,0,0,0,0,0,0,0,0,0,0,0,0,0,0,0,0,0,0,0,0,0,0,0,0,0,0,0,0,0,0,0,0,0,0,0,0,0,0,0,0,0,0,0,0,0,0,0,0,0,0,0,0,0,0,0,0},
{0,0,0,0,0,0,0,0,0,0,0,0,-0.0003543822*J1^2*J2^2+-0.0047841597*J1^1*J2^2*(J2-J1)^1+0,0.0004092053*J1^2*J2^2+-0.0002046027*J2^4+0.0009207120*J2^3*(J2-J1)^1+0,0.0004092053*J1^2*J2^2+-0.0002046027*J2^4+0.0018414239*J1^1*J2^2*(J2-J1)^1+-0.0015345199*J2^3*(J2-J1)^1+0,0.0001181274*J1^2*J2^2+-0.0002362548*J2^4+-0.0001771911*J1^1*J2^2*(J2-J1)^1+0.0010631466*J2^3*(J2-J1)^1+0,0,0,0,0,0.0005011721*J1^2*J2^2+0.0067658235*J1^1*J2^2*(J2-J1)^1+0,-0.0005787037*J1^2*J2^2+0.0002893519*J2^4+-0.0013020833*J2^3*(J2-J1)^1+0,-0.0005787037*J1^2*J2^2+0.0002893519*J2^4+-0.0026041667*J1^1*J2^2*(J2-J1)^1+0.0021701389*J2^3*(J2-J1)^1+0,-0.0001670574*J1^2*J2^2+0.0003341147*J2^4+0.0002505861*J1^1*J2^2*(J2-J1)^1+-0.0015035163*J2^3*(J2-J1)^1+0,0,0,0,0,0,0,0,0,0,0,0,0,0,0,0,0,0,0,0,0,0,0,0,0,0,0,0,0,0,0,0,0,0,0,0,0,0,0,0,0,0,0,0,0,0,0,0,0,0,0,0,0,0,0,0,0,0,0,0,0,0,0,0,0,0,0,0,0,0,0,0,0},
{0,0,0,0,0.0007087644*J1^2*J2^2+-0.0010631466*J2^4+-0.0047841597*J2^3*(J2-J1)^1+0,-0.0002046027*J1^2*J2^2+0.0004092053*J2^4+-0.0027621359*J1^1*J2^2*(J2-J1)^1+0.0036828478*J2^3*(J2-J1)^1+0,-0.0002046027*J1^2*J2^2+0.0004092053*J2^4+-0.0015345199*J1^1*J2^2*(J2-J1)^1+0.0018414239*J2^3*(J2-J1)^1+0,0.0004725096*J1^2*J2^2+-0.0005906370*J2^4+0.0017719110*J1^1*J2^2*(J2-J1)^1+-0.0008859555*J2^3*(J2-J1)^1+0,0,0,0,0,0,0,0,0,0,0,0,0,0,0,0,0,0,0,0,0,0,0,0,0,0,0,0,0,0,0,0,0,0,0,0,0,0,0,0,0,0,0,0,0,0,0,0,0,0,0,0,0,0,0,0,0,0,0,0,0,0,0,0,0,0,0,0,0,0,0,0,0,0,0,0,0,0,0,0,0,0,0,0,0,0,0,0,0},
{0,0,0,0,0,0,0,0,0,0,0,0,-0.0004092053*J1^2*J2^2+0.0006138080*J2^4+0.0027621359*J2^3*(J2-J1)^1+0,0.0001181274*J1^2*J2^2+-0.0002362548*J2^4+0.0015947199*J1^1*J2^2*(J2-J1)^1+-0.0021262932*J2^3*(J2-J1)^1+0,0.0001181274*J1^2*J2^2+-0.0002362548*J2^4+0.0008859555*J1^1*J2^2*(J2-J1)^1+-0.0010631466*J2^3*(J2-J1)^1+0,-0.0002728035*J1^2*J2^2+0.0003410044*J2^4+-0.0010230133*J1^1*J2^2*(J2-J1)^1+0.0005115066*J2^3*(J2-J1)^1+0,0,0,0,0,0.0005787037*J1^2*J2^2+-0.0008680556*J2^4+-0.0039062500*J2^3*(J2-J1)^1+0,-0.0001670574*J1^2*J2^2+0.0003341147*J2^4+-0.0022552745*J1^1*J2^2*(J2-J1)^1+0.0030070327*J2^3*(J2-J1)^1+0,-0.0001670574*J1^2*J2^2+0.0003341147*J2^4+-0.0012529303*J1^1*J2^2*(J2-J1)^1+0.0015035163*J2^3*(J2-J1)^1+0,0.0003858025*J1^2*J2^2+-0.0004822531*J2^4+0.0014467593*J1^1*J2^2*(J2-J1)^1+-0.0007233796*J2^3*(J2-J1)^1+0,0,0,0,0,0,0,0,0,0,0,0,0,0,0,0,0,0,0,0,0,0,0,0,0,0,0,0,0,0,0,0,0,0,0,0,0,0,0,0,0,0,0,0,0,0,0,0,0,0,0,0,0,0,0,0,0,0,0,0,0,0,0,0,0,0,0,0,0,0,0,0,0}
}