96
{{0,0,0,0,0,0,0,0,0,0,0,0,0,0,0,0,0,0,0,0,0,0,0,0,0,0,0,0,0,0,0,0,0,0,0,0,0,0,0,0,0,0,0,0,0,0,0,0,0,0,0,0,0,0,0,0,0,0,0,0,0,0,0,0,0,0,0,0,0,0,0,0,0,0,0,0,0,0,0,0,0,0,0,0,0,0,0,0,0,0,0,0,0,0,0,0},
{0,0,0,0,0,0,0,0,0,0,0,0,0,0,0,0,0,0,0,0,0,0,0,0,0,0,0,0,0,0,0,0,0,0,0,0,0,0,0,0,0,0,0,0,0,0,0,0,0,0,0,0,0,0,0,0,0,0,0,0,0,0,0,0,0,0,0,0,0,0,0,0,0,0,0,0,0,0,0,0,0,0,0,0,0,0,0,0,0,0,0,0,0,0,0,0},
{0,0,0,0,0,0,0,0,0,0,0,0,0,0,0,0,0,0,0,0,0,0,0,0,0,0,0,0,0,0,0,0,0,0,0,0,0,0,0,0,0,0,0,0,0,0,0,0,0,0,0,0,0,0,0,0,0,0,0,0,0,0,0,0,0,0,0,0,0,0,0,0,0,0,0,0,0,0,0,0,0,0,0,0,0,0,0,0,0,0,0,0,0,0,0,0},
{0,0,0,0,0,0,0,0,0,0,0,0,0,0,0,0,0,0,0,0,0,0,0,0,0,0,0,0,0,0,0,0,0,0,0,0,0,0,0,0,0,0,0,0,0,0,0,0,0,0,0,0,0,0,0,0,0,0,0,0,0,0,0,0,0,0,0,0,0,0,0,0,0,0,0,0,0,0,0,0,0,0,0,0,0,0,0,0,0,0,0,0,0,0,0,0},
{0,0,0,0,0,0,0,0,0,0,0,0,0,0,0,0,0,0,0,0,0,0,0,0,0,0,0,0,0,0,0,0,0,0,0,0,0,0,0,0,0,0,0,0,0,0,0,0,0,0,0,0,0,0,0,0,0,0,0,0,0,0,0,0,0,0,0,0,0,0,0,0,0,0,0,0,0,0,0,0,0,0,0,0,0,0,0,0,0,0,0,0,0,0,0,0},
{0,0,0,0,0,0,0,0,0,0,0,0,0,0,0,0,0,0,0,0,0,0,0,0,0,0,0,0,0,0,0,0,0,0,0,0,0,0,0,0,0,0,0,0,0,0,0,0,0,0,0,0,0,0,0,0,0,0,0,0,0,0,0,0,0,0,0,0,0,0,0,0,0,0,0,0,0,0,0,0,0,0,0,0,0,0,0,0,0,0,0,0,0,0,0,0},
{0,0,0,0,0,0,0,0,0,0,0,0,0,0,0,0,0,0,0,0,0,0,0,0,0,0,0,0,0,0,0,0,0,0,0,0,0,0,0,0,0,0,0,0,0,0,0,0,0,0,0,0,0,0,0,0,0,0,0,0,0,0,0,0,0,0,0,0,0,0,0,0,0,0,0,0,0,0,0,0,0,0,0,0,0,0,0,0,0,0,0,0,0,0,0,0},
{0,0,0,0,0,0,0,0,0,0,0,0,0,0,0,0,0,0,0,0,0,0,0,0,0,0,0,0,0,0,0,0,0,0,0,0,0,0,0,0,0,0,0,0,0,0,0,0,0,0,0,0,0,0,0,0,0,0,0,0,0,0,0,0,0,0,0,0,0,0,0,0,0,0,0,0,0,0,0,0,0,0,0,0,0,0,0,0,0,0,0,0,0,0,0,0},
{0,0,0,0,0,0,0,0,0,0,0,0,0,0,0,0,0,0,0,0,0,0,0,0,0,0,0,0,0,0,0,0,0,0,0,0,0,0,0,0,0,0,0,0,0,0,0,0,0,0,0,0,0,0,0,0,0,0,0,0,0,0,0,0,0,0,0,0,0,0,0,0,0,0,0,0,0,0,0,0,0,0,0,0,0,0,0,0,0,0,0,0,0,0,0,0},
{0,0,0,0,0,0,0,0,0,0,0,0,0,0,0,0,0,0,0,0,0,0,0,0,0,0,0,0,0,0,0,0,0,0,0,0,0,0,0,0,0,0,0,0,0,0,0,0,0,0,0,0,0,0,0,0,0,0,0,0,0,0,0,0,0,0,0,0,0,0,0,0,0,0,0,0,0,0,0,0,0,0,0,0,0,0,0,0,0,0,0,0,0,0,0,0},
{0,0,0,0,0,0,0,0,0,0,0,0,0,0,0,0,0,0,0,0,0,0,0,0,0,0,0,0,0,0,0,0,0,0,0,0,0,0,0,0,0,0,0,0,0,0,0,0,0,0,0,0,0,0,0,0,0,0,0,0,0,0,0,0,0,0,0,0,0,0,0,0,0,0,0,0,0,0,0,0,0,0,0,0,0,0,0,0,0,0,0,0,0,0,0,0},
{0,0,0,0,0,0,0,0,0,0,0,0,0,0,0,0,0,0,0,0,0,0,0,0,0,0,0,0,0,0,0,0,0,0,0,0,0,0,0,0,0,0,0,0,0,0,0,0,0,0,0,0,0,0,0,0,0,0,0,0,0,0,0,0,0,0,0,0,0,0,0,0,0,0,0,0,0,0,0,0,0,0,0,0,0,0,0,0,0,0,0,0,0,0,0,0},
{0,0,0,0,0,0,0,0,0,0,0,0,0,0,0,0,0,0,0,0,0,0,0,0,0,0,0,0,0,0,0,0,0,0,0,0,0,0,0,0,0,0,0,0,0,0,0,0,0,0,0,0,0,0,0,0,0,0,0,0,0,0,0,0,0,0,0,0,0,0,0,0,0,0,0,0,0,0,0,0,0,0,0,0,0,0,0,0,0,0,0,0,0,0,0,0},
{0,0,0,0,0,0,0,0,0,0,0,0,0,0,0,0,0,0,0,0,0,0,0,0,0,0,0,0,0,0,0,0,0,0,0,0,0,0,0,0,0,0,0,0,0,0,0,0,0,0,0,0,0,0,0,0,0,0,0,0,0,0,0,0,0,0,0,0,0,0,0,0,0,0,0,0,0,0,0,0,0,0,0,0,0,0,0,0,0,0,0,0,0,0,0,0},
{0,0,0,0,0,0,0,0,0,0,0,0,0,0,0,0,0,0,0,0,0,0,0,0,0,0,0,0,0,0,0,0,0,0,0,0,0,0,0,0,0,0,0,0,0,0,0,0,0,0,0,0,0,0,0,0,0,0,0,0,0,0,0,0,0,0,0,0,0,0,0,0,0,0,0,0,0,0,0,0,0,0,0,0,0,0,0,0,0,0,0,0,0,0,0,0},
{0,0,0,0,0,0,0,0,0,0,0,0,0,0,0,0,0,0,0,0,0,0,0,0,0,0,0,0,0,0,0,0,0,0,0,0,0,0,0,0,0,0,0,0,0,0,0,0,0,0,0,0,0,0,0,0,0,0,0,0,0,0,0,0,0,0,0,0,0,0,0,0,0,0,0,0,0,0,0,0,0,0,0,0,0,0,0,0,0,0,0,0,0,0,0,0},
{0,0,0,0,0,0,0,0,0,0,0,0,0,0,0,0,0,0,0,0,0,0,0,0,0,0,0,0,0,0,0,0,0,0,0,0,0,0,0,0,0,0,0,0,0,0,0,0,0,0,0,0,0,0,0,0,0,0,0,0,0,0,0,0,0,0,0,0,0,0,0,0,0,0,0,0,0,0,0,0,0,0,0,0,0,0,0,0,0,0,0,0,0,0,0,0},
{0,0,0,0,0,0,0,0,0,0,0,0,0,0,0,0,0,0,0,0,0,0,0,0,0,0,0,0,0,0,0,0,0,0,0,0,0,0,0,0,0,0,0,0,0,0,0,0,0,0,0,0,0,0,0,0,0,0,0,0,0,0,0,0,0,0,0,0,0,0,0,0,0,0,0,0,0,0,0,0,0,0,0,0,0,0,0,0,0,0,0,0,0,0,0,0},
{0,0,0,0,0,0,0,0,0,0,0,0,0,0,0,0,0,0,0,0,0,0,0,0,0,0,0,0,0,0,0,0,0,0,0,0,0,0,0,0,0,0,0,0,0,0,0,0,0,0,0,0,0,0,0,0,0,0,0,0,0,0,0,0,0,0,0,0,0,0,0,0,0,0,0,0,0,0,0,0,0,0,0,0,0,0,0,0,0,0,0,0,0,0,0,0},
{0,0,0,0,0,0,0,0,0,0,0,0,0,0,0,0,0,0,0,0,0,0,0,0,0,0,0,0,0,0,0,0,0,0,0,0,0,0,0,0,0,0,0,0,0,0,0,0,0,0,0,0,0,0,0,0,0,0,0,0,0,0,0,0,0,0,0,0,0,0,0,0,0,0,0,0,0,0,0,0,0,0,0,0,0,0,0,0,0,0,0,0,0,0,0,0},
{0,0,0,0,0,0,0,0,0,0,0,0,0,0,0,0,0,0,0,0,0,0,0,0,0,0,0,0,0,0,0,0,0,0,0,0,0,0,0,0,0,0,0,0,0,0,0,0,0,0,0,0,0,0,0,0,0,0,0,0,0,0,0,0,0,0,0,0,0,0,0,0,0,0,0,0,0,0,0,0,0,0,0,0,0,0,0,0,0,0,0,0,0,0,0,0},
{0,0,0,0,0,0,0,0,0,0,0,0,0,0,0,0,0,0,0,0,0,0,0,0,0,0,0,0,0,0,0,0,0,0,0,0,0,0,0,0,0,0,0,0,0,0,0,0,0,0,0,0,0,0,0,0,0,0,0,0,0,0,0,0,0,0,0,0,0,0,0,0,0,0,0,0,0,0,0,0,0,0,0,0,0,0,0,0,0,0,0,0,0,0,0,0},
{0,0,0,0,0,0,0,0,0,0,0,0,0,0,0,0,0,0,0,0,0,0,0,0,0,0,0,0,0,0,0,0,0,0,0,0,0,0,0,0,0,0,0,0,0,0,0,0,0,0,0,0,0,0,0,0,0,0,0,0,0,0,0,0,0,0,0,0,0,0,0,0,0,0,0,0,0,0,0,0,0,0,0,0,0,0,0,0,0,0,0,0,0,0,0,0},
{0,0,0,0,0,0,0,0,0,0,0,0,0,0,0,0,0,0,0,0,0,0,0,0,0,0,0,0,0,0,0,0,0,0,0,0,0,0,0,0,0,0,0,0,0,0,0,0,0,0,0,0,0,0,0,0,0,0,0,0,0,0,0,0,0,0,0,0,0,0,0,0,0,0,0,0,0,0,0,0,0,0,0,0,0,0,0,0,0,0,0,0,0,0,0,0},
{0,0,0,0,0,0,0,0,0,0,0,0,0,0,0,0,0,0,0,0,0,0,0,0,0,0,0,0,0,0,0,0,0,0,0,0,0,0,0,0,0,0,0,0,0,0,0,0,0,0,0,0,0,0,0,0,0,0,0,0,0,0,0,0,0,0,0,0,0,0,0,0,0,0,0,0,0,0,0,0,0,0,0,0,0,0,0,0,0,0,0,0,0,0,0,0},
{0,0,0,0,0,0,0,0,0,0,0,0,0,0,0,0,0,0,0,0,0,0,0,0,0,0,0,0,0,0,0,0,0,0,0,0,0,0,0,0,0,0,0,0,0,0,0,0,0,0,0,0,0,0,0,0,0,0,0,0,0,0,0,0,0,0,0,0,0,0,0,0,0,0,0,0,0,0,0,0,0,0,0,0,0,0,0,0,0,0,0,0,0,0,0,0},
{0,0,0,0,0,0,0,0,0,0,0,0,0,0,0,0,0,0,0,0,0,0,0,0,0,0,0,0,0,0,0,0,0,0,0,0,0,0,0,0,0,0,0,0,0,0,0,0,0,0,0,0,0,0,0,0,0,0,0,0,0,0,0,0,0,0,0,0,0,0,0,0,0,0,0,0,0,0,0,0,0,0,0,0,0,0,0,0,0,0,0,0,0,0,0,0},
{0,0,0,0,0,0,0,0,0,0,0,0,0,0,0,0,0,0,0,0,0,0,0,0,0,0,0,0,0,0,0,0,0,0,0,0,0,0,0,0,0,0,0,0,0,0,0,0,0,0,0,0,0,0,0,0,0,0,0,0,0,0,0,0,0,0,0,0,0,0,0,0,0,0,0,0,0,0,0,0,0,0,0,0,0,0,0,0,0,0,0,0,0,0,0,0},
{0,0,0,0,0,0,0,0,0,0,0,0,0,0,0,0,0,0,0,0,0,0,0,0,0,0,0,0,0,0,0,0,0,0,0,0,0,0,0,0,0,0,0,0,0,0,0,0,0,0,0,0,0,0,0,0,0,0,0,0,0,0,0,0,0,0,0,0,0,0,0,0,0,0,0,0,0,0,0,0,0,0,0,0,0,0,0,0,0,0,0,0,0,0,0,0},
{0,0,0,0,0,0,0,0,0,0,0,0,0,0,0,0,0,0,0,0,0,0,0,0,0,0,0,0,0,0,0,0,0,0,0,0,0,0,0,0,0,0,0,0,0,0,0,0,0,0,0,0,0,0,0,0,0,0,0,0,0,0,0,0,0,0,0,0,0,0,0,0,0,0,0,0,0,0,0,0,0,0,0,0,0,0,0,0,0,0,0,0,0,0,0,0},
{0,0,0,0,0,0,0,0,0,0,0,0,0,0,0,0,0,0,0,0,0,0,0,0,0,0,0,0,0,0,0,0,0,0,0,0,0,0,0,0,0,0,0,0,0,0,0,0,0,0,0,0,0,0,0,0,0,0,0,0,0,0,0,0,0,0,0,0,0,0,0,0,0,0,0,0,0,0,0,0,0,0,0,0,0,0,0,0,0,0,0,0,0,0,0,0},
{0,0,0,0,0,0,0,0,0,0,0,0,0,0,0,0,0,0,0,0,0,0,0,0,0,0,0,0,0,0,0,0,0,0,0,0,0,0,0,0,0,0,0,0,0,0,0,0,0,0,0,0,0,0,0,0,0,0,0,0,0,0,0,0,0,0,0,0,0,0,0,0,0,0,0,0,0,0,0,0,0,0,0,0,0,0,0,0,0,0,0,0,0,0,0,0},
{0,0,0,0,0,0,0,0,0,0,0,0,0,0,0,0,0,0,0,0,0,0,0,0,0,0,0,0,0,0,0,0,0,0,0,0,0,0,0,0,0,0,0,0,0,0,0,0,0,0,0,0,0,0,0,0,0,0,0,0,0,0,0,0,0,0,0,0,0,0,0,0,0,0,0,0,0,0,0,0,0,0,0,0,0,0,0,0,0,0,0,0,0,0,0,0},
{0,0,0,0,0,0,0,0,0,0,0,0,0,0,0,0,0,0,0,0,0,0,0,0,0,0,0,0,0,0,0,0,0,0,0,0,0,0,0,0,0,0,0,0,0,0,0,0,0,0,0,0,0,0,0,0,0,0,0,0,0,0,0,0,0,0,0,0,0,0,0,0,0,0,0,0,0,0,0,0,0,0,0,0,0,0,0,0,0,0,0,0,0,0,0,0},
{0,0,0,0,0,0,0,0,0,0,0,0,0,0,0,0,0,0,0,0,0,0,0,0,0,0,0,0,0,0,0,0,0,0,0,0,0,0,0,0,0,0,0,0,0,0,0,0,0,0,0,0,0,0,0,0,0,0,0,0,0,0,0,0,0,0,0,0,0,0,0,0,0,0,0,0,0,0,0,0,0,0,0,0,0,0,0,0,0,0,0,0,0,0,0,0},
{0,0,0,0,0,0,0,0,0,0,0,0,0,0,0,0,0,0,0,0,0,0,0,0,0,0,0,0,0,0,0,0,0,0,0,0,0,0,0,0,0,0,0,0,0,0,0,0,0,0,0,0,0,0,0,0,0,0,0,0,0,0,0,0,0,0,0,0,0,0,0,0,0,0,0,0,0,0,0,0,0,0,0,0,0,0,0,0,0,0,0,0,0,0,0,0},
{0,0,0,0,0,0,0,0,0,0,0,0,0,0,0,0,0,0,0,0,0,0,0,0,0,0,0,0,0,0,0,0,0,0,0,0,0,0,0,0,0,0,0,0,0,0,0,0,0,0,0,0,0,0,0,0,0,0,0,0,0,0,0,0,0,0,0,0,0,0,0,0,0,0,0,0,0,0,0,0,0,0,0,0,0,0,0,0,0,0,0,0,0,0,0,0},
{0,0,0,0,0,0,0,0,0,0,0,0,0,0,0,0,0,0,0,0,0,0,0,0,0,0,0,0,0,0,0,0,0,0,0,0,0,0,0,0,0,0,0,0,0,0,0,0,0,0,0,0,0,0,0,0,0,0,0,0,0,0,0,0,0,0,0,0,0,0,0,0,0,0,0,0,0,0,0,0,0,0,0,0,0,0,0,0,0,0,0,0,0,0,0,0},
{0,0,0,0,0,0,0,0,0,0,0,0,0,0,0,0,0,0,0,0,0,0,0,0,0,0,0,0,0,0,0,0,0,0,0,0,0,0,0,0,0,0,0,0,0,0,0,0,0,0,0,0,0,0,0,0,0,0,0,0,0,0,0,0,0,0,0,0,0,0,0,0,0,0,0,0,0,0,0,0,0,0,0,0,0,0,0,0,0,0,0,0,0,0,0,0},
{0,0,0,0,0,0,0,0,0,0,0,0,0,0,0,0,0,0,0,0,0,0,0,0,0,0,0,0,0,0,0,0,0,0,0,0,0,0,0,0,0,0,0,0,0,0,0,0,0,0,0,0,0,0,0,0,0,0,0,0,0,0,0,0,0,0,0,0,0,0,0,0,0,0,0,0,0,0,0,0,0,0,0,0,0,0,0,0,0,0,0,0,0,0,0,0},
{0,0,0,0,0,0,0,0,0,0,0,0,0,0,0,0,0,0,0,0,0,0,0,0,0,0,0,0,0,0,0,0,0,0,0,0,0,0,0,0,0,0,0,0,0,0,0,0,0,0,0,0,0,0,0,0,0,0,0,0,0,0,0,0,0,0,0,0,0,0,0,0,0,0,0,0,0,0,0,0,0,0,0,0,0,0,0,0,0,0,0,0,0,0,0,0},
{0,0,0,0,0,0,0,0,0,0,0,0,0,0,0,0,0,0,0,0,0,0,0,0,0,0,0,0,0,0,0,0,0,0,0,0,0,0,0,0,0,0,0,0,0,0,0,0,0,0,0,0,0,0,0,0,0,0,0,0,0,0,0,0,0,0,0,0,0,0,0,0,0,0,0,0,0,0,0,0,0,0,0,0,0,0,0,0,0,0,0,0,0,0,0,0},
{0,0,0,0,0,0,0,0,0,0,0,0,0,0,0,0,0,0,0,0,0,0,0,0,0,0,0,0,0,0,0,0,0,0,0,0,0,0,0,0,0,0,0,0,0,0,0,0,0,0,0,0,0,0,0,0,0,0,0,0,0,0,0,0,0,0,0,0,0,0,0,0,0,0,0,0,0,0,0,0,0,0,0,0,0,0,0,0,0,0,0,0,0,0,0,0},
{0,0,0,0,0,0,0,0,0,0,0,0,0,0,0,0,0,0,0,0,0,0,0,0,0,0,0,0,0,0,0,0,0,0,0,0,0,0,0,0,0,0,0,0,0,0,0,0,0,0,0,0,0,0,0,0,0,0,0,0,0,0,0,0,0,0,0,0,0,0,0,0,0,0,0,0,0,0,0,0,0,0,0,0,0,0,0,0,0,0,0,0,0,0,0,0},
{0,0,0,0,0,0,0,0,0,0,0,0,0,0,0,0,0,0,0,0,0,0,0,0,0,0,0,0,0,0,0,0,0,0,0,0,0,0,0,0,0,0,0,0,0,0,0,0,0,0,0,0,0,0,0,0,0,0,0,0,0,0,0,0,0,0,0,0,0,0,0,0,0,0,0,0,0,0,0,0,0,0,0,0,0,0,0,0,0,0,0,0,0,0,0,0},
{0,0,0,0,0,0,0,0,0,0,0,0,0,0,0,0,0,0,0,0,0,0,0,0,0,0,0,0,0,0,0,0,0,0,0,0,0,0,0,0,0,0,0,0,0,0,0,0,0,0,0,0,0,0,0,0,0,0,0,0,0,0,0,0,0,0,0,0,0,0,0,0,0,0,0,0,0,0,0,0,0,0,0,0,0,0,0,0,0,0,0,0,0,0,0,0},
{0,0,0,0,0,0,0,0,0,0,0,0,0,0,0,0,0,0,0,0,0,0,0,0,0,0,0,0,0,0,0,0,0,0,0,0,0,0,0,0,0,0,0,0,0,0,0,0,0,0,0,0,0,0,0,0,0,0,0,0,0,0,0,0,0,0,0,0,0,0,0,0,0,0,0,0,0,0,0,0,0,0,0,0,0,0,0,0,0,0,0,0,0,0,0,0},
{0,0,0,0,0,0,0,0,0,0,0,0,0,0,0,0,0,0,0,0,0,0,0,0,0,0,0,0,0,0,0,0,0,0,0,0,0,0,0,0,0,0,0,0,0,0,0,0,0,0,0,0,0,0,0,0,0,0,0,0,0,0,0,0,0,0,0,0,0,0,0,0,0,0,0,0,0,0,0,0,0,0,0,0,0,0,0,0,0,0,0,0,0,0,0,0},
{0,0,0,0,0,0,0,0,0,0,0,0,0,0,0,0,0,0,0,0,0,0,0,0,0,0,0,0,0,0,0,0,0,0,0,0,0,0,0,0,0,0,0,0,0,0,0,0,0,0,0,0,0,0,0,0,0,0,0,0,0,0,0,0,0,0,0,0,0,0,0,0,0,0,0,0,0,0,0,0,0,-0.0045105490*J1^2*J2^1+0.0045105490*J2^3+0,-0.0045105490*J1^2*J2^1+0.0045105490*J2^3+0,0,-0.0045105490*J1^2*J2^1+0.0045105490*J2^3+0,0,0,-0.0015035163*J1^2*J2^1+0.0015035163*J2^3+0,0,0,0,0,0,0,0,0},
{0,0,0,0,0,0,0,0,0,0,0,0,0,0,0,0,0,0,0,0,0,0,0,0,0,0,0,0,0,0,0,0,0,0,0,0,0,0,0,0,0,0,0,0,0,0,0,0,0,0,0,0,0,0,0,0,0,0,0,0,0,0,0,0,0,0,0,0,0,0,0,0,0,0,0,0,0,0,0,0,-0.0045105490*J1^2*J2^1+0.0045105490*J2^3+0,0.0052083333*J1^2*J2^1+-0.0104166667*J1^1*J2^2+0.0052083333*J2^3+0,0,-0.0045105490*J1^2*J2^1+0.0060140653*J1^1*J2^2+-0.0015035163*J2^3+0,0,0.0015035163*J1^2*J2^1+-0.0060140653*J1^1*J2^2+0.0045105490*J2^3+0,-0.0015035163*J1^2*J2^1+0.0015035163*J2^3+0,-0.0017361111*J1^2*J2^1+0.0034722222*J1^1*J2^2+-0.0017361111*J2^3+0,0,0,0,0,0,0,0,0},
{0,0,0,0,0,0,0,0,0,0,0,0,0,0,0,0,0,0,0,0,0,0,0,0,0,0,0,0,0,0,0,0,0,0,0,0,0,0,0,0,0,0,0,0,0,0,0,0,0,0,0,0,0,0,0,0,0,0,0,0,0,0,0,0,0,0,0,0,0,0,0,0,0,0,0,0,0,0,0,0,-0.0045105490*J1^2*J2^1+0.0045105490*J2^3+0,0,-0.0052083333*J1^2*J2^1+0.0052083333*J2^3+0,0.0015035163*J1^2*J2^1+-0.0015035163*J2^3+0,0,-0.0015035163*J1^2*J2^1+0.0015035163*J2^3+0,0.0015035163*J1^2*J2^1+-0.0015035163*J2^3+0,-0.0017361111*J1^2*J2^1+0.0017361111*J2^3+0,0,0,0,0,0,0,0,0},
{0,0,0,0,0,0,0,0,0,0,0,0,0,0,0,0,0,0,0,0,0,0,0,0,0,0,0,0,0,0,0,0,0,0,0,0,0,0,0,0,0,0,0,0,0,0,0,0,0,0,0,0,0,0,0,0,0,0,0,0,0,0,0,0,0,0,0,0,0,0,0,0,0,0,0,0,0,0,0,0,0,-0.0045105490*J1^2*J2^1+0.0060140653*J1^1*J2^2+-0.0015035163*J2^3+0,0.0015035163*J1^2*J2^1+-0.0015035163*J2^3+0,-0.0069444444*J1^2*J2^1+0.0104166667*J1^1*J2^2+-0.0034722222*J2^3+0,-0.0015035163*J1^2*J2^1+0.0015035163*J2^3+0,-0.0017361111*J1^2*J2^1+0.0034722222*J1^1*J2^2+-0.0017361111*J2^3+0,-0.0017361111*J1^2*J2^1+0.0017361111*J2^3+0,-0.0025058605*J1^2*J2^1+0.0060140653*J1^1*J2^2+-0.0035082048*J2^3+0,0,0,0,0,0,0,0,0},
{0,0,0,0,0,0,0,0,0,0,0,0,0,0,0,0,0,0,0,0,0,0,0,0,0,0,0,0,0,0,0,0,0,0,0,0,0,0,0,0,0,0,0,0,0,0,0,0,0,0,0,0,0,0,0,0,0,0,0,0,0,0,0,0,0,0,0,0,0,0,0,0,0,0.0026041667*J1^2*J2^1+-0.0026041667*J2^3+0,0.0026041667*J1^2*J2^1+-0.0026041667*J2^3+0,0,0.0026041667*J1^2*J2^1+-0.0026041667*J2^3+0,0,0,0.0008680556*J1^2*J2^1+-0.0008680556*J2^3+0,0,0,0,0,0,0,0,0,0,-0.0036828478*J1^2*J2^1+0.0036828478*J2^3+0,-0.0036828478*J1^2*J2^1+0.0036828478*J2^3+0,0,-0.0036828478*J1^2*J2^1+0.0036828478*J2^3+0,0,0,-0.0012276159*J1^2*J2^1+0.0012276159*J2^3+0},
{0,0,0,0,0,0,0,0,0,0,0,0,0,0,0,0,0,0,0,0,0,0,0,0,0,0,0,0,0,0,0,0,0,0,0,0,0,0,0,0,0,0,0,0,0,0,0,0,0,0,0,0,0,0,0,0,0,0,0,0,0,0,0,0,0,0,0,0,0,0,0,0,0.0026041667*J1^2*J2^1+-0.0026041667*J2^3+0,-0.0030070327*J1^2*J2^1+0.0060140653*J1^1*J2^2+-0.0030070327*J2^3+0,0,0.0026041667*J1^2*J2^1+-0.0034722222*J1^1*J2^2+0.0008680556*J2^3+0,0,-0.0008680556*J1^2*J2^1+0.0034722222*J1^1*J2^2+-0.0026041667*J2^3+0,0.0008680556*J1^2*J2^1+-0.0008680556*J2^3+0,0.0010023442*J1^2*J2^1+-0.0020046884*J1^1*J2^2+0.0010023442*J2^3+0,0,0,0,0,0,0,0,0,-0.0036828478*J1^2*J2^1+0.0036828478*J2^3+0,0.0042525864*J1^2*J2^1+-0.0085051727*J1^1*J2^2+0.0042525864*J2^3+0,0,-0.0036828478*J1^2*J2^1+0.0049104638*J1^1*J2^2+-0.0012276159*J2^3+0,0,0.0012276159*J1^2*J2^1+-0.0049104638*J1^1*J2^2+0.0036828478*J2^3+0,-0.0012276159*J1^2*J2^1+0.0012276159*J2^3+0,-0.0014175288*J1^2*J2^1+0.0028350576*J1^1*J2^2+-0.0014175288*J2^3+0},
{0,0,0,0,0,0,0,0,0,0,0,0,0,0,0,0,0,0,0,0,0,0,0,0,0,0,0,0,0,0,0,0,0,0,0,0,0,0,0,0,0,0,0,0,0,0,0,0,0,0,0,0,0,0,0,0,0,0,0,0,0,0,0,0,0,0,0,0,0,0,0,0,0.0026041667*J1^2*J2^1+-0.0026041667*J2^3+0,0,0.0030070327*J1^2*J2^1+-0.0030070327*J2^3+0,-0.0008680556*J1^2*J2^1+0.0008680556*J2^3+0,0,0.0008680556*J1^2*J2^1+-0.0008680556*J2^3+0,-0.0008680556*J1^2*J2^1+0.0008680556*J2^3+0,0.0010023442*J1^2*J2^1+-0.0010023442*J2^3+0,0,0,0,0,0,0,0,0,-0.0036828478*J1^2*J2^1+0.0036828478*J2^3+0,0,-0.0042525864*J1^2*J2^1+0.0042525864*J2^3+0,0.0012276159*J1^2*J2^1+-0.0012276159*J2^3+0,0,-0.0012276159*J1^2*J2^1+0.0012276159*J2^3+0,0.0012276159*J1^2*J2^1+-0.0012276159*J2^3+0,-0.0014175288*J1^2*J2^1+0.0014175288*J2^3+0},
{0,0,0,0,0,0,0,0,0,0,0,0,0,0,0,0,0,0,0,0,0,0,0,0,0,0,0,0,0,0,0,0,0,0,0,0,0,0,0,0,0,0,0,0,0,0,0,0,0,0,0,0,0,0,0,0,0,0,0,0,0,0,0,0,0,0,0,0,0,0,0,0,0,0.0026041667*J1^2*J2^1+-0.0034722222*J1^1*J2^2+0.0008680556*J2^3+0,-0.0008680556*J1^2*J2^1+0.0008680556*J2^3+0,0.0040093769*J1^2*J2^1+-0.0060140653*J1^1*J2^2+0.0020046884*J2^3+0,0.0008680556*J1^2*J2^1+-0.0008680556*J2^3+0,0.0010023442*J1^2*J2^1+-0.0020046884*J1^1*J2^2+0.0010023442*J2^3+0,0.0010023442*J1^2*J2^1+-0.0010023442*J2^3+0,0.0014467593*J1^2*J2^1+-0.0034722222*J1^1*J2^2+0.0020254630*J2^3+0,0,0,0,0,0,0,0,0,0,-0.0036828478*J1^2*J2^1+0.0049104638*J1^1*J2^2+-0.0012276159*J2^3+0,0.0012276159*J1^2*J2^1+-0.0012276159*J2^3+0,-0.0056701151*J1^2*J2^1+0.0085051727*J1^1*J2^2+-0.0028350576*J2^3+0,-0.0012276159*J1^2*J2^1+0.0012276159*J2^3+0,-0.0014175288*J1^2*J2^1+0.0028350576*J1^1*J2^2+-0.0014175288*J2^3+0,-0.0014175288*J1^2*J2^1+0.0014175288*J2^3+0,-0.0020460266*J1^2*J2^1+0.0049104638*J1^1*J2^2+-0.0028644372*J2^3+0},
{0,0,0,0,0,0,0,0,0,0,0,0,0,0,0,0,0,0,0,0,0,0,0,0,0,0,0,0,0,0,0,0,0,0,0,0,0,0,0,0,0,0,0,0,0,0,0,0,0,0,0,0,0,0,0,0,0,0,0,0,0,0,0,0,0,0,0,0,0,0,0,0,0,0,0,0,0,0,0,0,0.0078125000*J1^2*J2^1+-0.0078125000*J2^3+0,0,0,0.0026041667*J1^2*J2^1+-0.0026041667*J2^3+0,0,0.0026041667*J1^2*J2^1+-0.0026041667*J2^3+0,0.0026041667*J1^2*J2^1+-0.0026041667*J2^3+0,0,0,0,0,0,0,0,0,0},
{0,0,0,0,0,0,0,0,0,0,0,0,0,0,0,0,0,0,0,0,0,0,0,0,0,0,0,0,0,0,0,0,0,0,0,0,0,0,0,0,0,0,0,0,0,0,0,0,0,0,0,0,0,0,0,0,0,0,0,0,0,0,0,0,0,0,0,0,0,0,0,0,0,0,0,0,0,0,0,0,0,-0.0026041667*J1^2*J2^1+0.0104166667*J1^1*J2^2+-0.0078125000*J2^3+0,0.0026041667*J1^2*J2^1+-0.0026041667*J2^3+0,0.0030070327*J1^2*J2^1+-0.0060140653*J1^1*J2^2+0.0030070327*J2^3+0,0.0026041667*J1^2*J2^1+-0.0026041667*J2^3+0,-0.0030070327*J1^2*J2^1+0.0060140653*J1^1*J2^2+-0.0030070327*J2^3+0,0,0.0026041667*J1^2*J2^1+-0.0034722222*J1^1*J2^2+0.0008680556*J2^3+0,0,0,0,0,0,0,0,0},
{0,0,0,0,0,0,0,0,0,0,0,0,0,0,0,0,0,0,0,0,0,0,0,0,0,0,0,0,0,0,0,0,0,0,0,0,0,0,0,0,0,0,0,0,0,0,0,0,0,0,0,0,0,0,0,0,0,0,0,0,0,0,0,0,0,0,0,0,0,0,0,0,0,0,0,0,0,0,0,0,0,0.0026041667*J1^2*J2^1+-0.0026041667*J2^3+0,-0.0026041667*J1^2*J2^1+0.0026041667*J2^3+0,0.0030070327*J1^2*J2^1+-0.0030070327*J2^3+0,0.0026041667*J1^2*J2^1+-0.0026041667*J2^3+0,0,0.0030070327*J1^2*J2^1+-0.0030070327*J2^3+0,-0.0008680556*J1^2*J2^1+0.0008680556*J2^3+0,0,0,0,0,0,0,0,0},
{0,0,0,0,0,0,0,0,0,0,0,0,0,0,0,0,0,0,0,0,0,0,0,0,0,0,0,0,0,0,0,0,0,0,0,0,0,0,0,0,0,0,0,0,0,0,0,0,0,0,0,0,0,0,0,0,0,0,0,0,0,0,0,0,0,0,0,0,0,0,0,0,0,0,0,0,0,0,0,0,0.0026041667*J1^2*J2^1+-0.0026041667*J2^3+0,0.0030070327*J1^2*J2^1+-0.0060140653*J1^1*J2^2+0.0030070327*J2^3+0,0.0030070327*J1^2*J2^1+-0.0030070327*J2^3+0,0.0043402778*J1^2*J2^1+-0.0104166667*J1^1*J2^2+0.0060763889*J2^3+0,0,0.0026041667*J1^2*J2^1+-0.0034722222*J1^1*J2^2+0.0008680556*J2^3+0,-0.0008680556*J1^2*J2^1+0.0008680556*J2^3+0,0.0040093769*J1^2*J2^1+-0.0060140653*J1^1*J2^2+0.0020046884*J2^3+0,0,0,0,0,0,0,0,0},
{0,0,0,0,0,0,0,0,0,0,0,0,0,0,0,0,0,0,0,0,0,0,0,0,0,0,0,0,0,0,0,0,0,0,0,0,0,0,0,0,0,0,0,0,0,0,0,0,0,0,0,0,0,0,0,0,0,0,0,0,0,0,0,0,0,0,0,0,0,0,0,0,-0.0045105490*J1^2*J2^1+0.0045105490*J2^3+0,0,0,-0.0015035163*J1^2*J2^1+0.0015035163*J2^3+0,0,-0.0015035163*J1^2*J2^1+0.0015035163*J2^3+0,-0.0015035163*J1^2*J2^1+0.0015035163*J2^3+0,0,0,0,0,0,0,0,0,0,0.0063788795*J1^2*J2^1+-0.0063788795*J2^3+0,0,0,0.0021262932*J1^2*J2^1+-0.0021262932*J2^3+0,0,0.0021262932*J1^2*J2^1+-0.0021262932*J2^3+0,0.0021262932*J1^2*J2^1+-0.0021262932*J2^3+0,0},
{0,0,0,0,0,0,0,0,0,0,0,0,0,0,0,0,0,0,0,0,0,0,0,0,0,0,0,0,0,0,0,0,0,0,0,0,0,0,0,0,0,0,0,0,0,0,0,0,0,0,0,0,0,0,0,0,0,0,0,0,0,0,0,0,0,0,0,0,0,0,0,0,0,0.0015035163*J1^2*J2^1+-0.0060140653*J1^1*J2^2+0.0045105490*J2^3+0,-0.0015035163*J1^2*J2^1+0.0015035163*J2^3+0,-0.0017361111*J1^2*J2^1+0.0034722222*J1^1*J2^2+-0.0017361111*J2^3+0,-0.0015035163*J1^2*J2^1+0.0015035163*J2^3+0,0.0017361111*J1^2*J2^1+-0.0034722222*J1^1*J2^2+0.0017361111*J2^3+0,0,-0.0015035163*J1^2*J2^1+0.0020046884*J1^1*J2^2+-0.0005011721*J2^3+0,0,0,0,0,0,0,0,0,0,-0.0021262932*J1^2*J2^1+0.0085051727*J1^1*J2^2+-0.0063788795*J2^3+0,0.0021262932*J1^2*J2^1+-0.0021262932*J2^3+0,0.0024552319*J1^2*J2^1+-0.0049104638*J1^1*J2^2+0.0024552319*J2^3+0,0.0021262932*J1^2*J2^1+-0.0021262932*J2^3+0,-0.0024552319*J1^2*J2^1+0.0049104638*J1^1*J2^2+-0.0024552319*J2^3+0,0,0.0021262932*J1^2*J2^1+-0.0028350576*J1^1*J2^2+0.0007087644*J2^3+0},
{0,0,0,0,0,0,0,0,0,0,0,0,0,0,0,0,0,0,0,0,0,0,0,0,0,0,0,0,0,0,0,0,0,0,0,0,0,0,0,0,0,0,0,0,0,0,0,0,0,0,0,0,0,0,0,0,0,0,0,0,0,0,0,0,0,0,0,0,0,0,0,0,0,-0.0015035163*J1^2*J2^1+0.0015035163*J2^3+0,0.0015035163*J1^2*J2^1+-0.0015035163*J2^3+0,-0.0017361111*J1^2*J2^1+0.0017361111*J2^3+0,-0.0015035163*J1^2*J2^1+0.0015035163*J2^3+0,0,-0.0017361111*J1^2*J2^1+0.0017361111*J2^3+0,0.0005011721*J1^2*J2^1+-0.0005011721*J2^3+0,0,0,0,0,0,0,0,0,0,0.0021262932*J1^2*J2^1+-0.0021262932*J2^3+0,-0.0021262932*J1^2*J2^1+0.0021262932*J2^3+0,0.0024552319*J1^2*J2^1+-0.0024552319*J2^3+0,0.0021262932*J1^2*J2^1+-0.0021262932*J2^3+0,0,0.0024552319*J1^2*J2^1+-0.0024552319*J2^3+0,-0.0007087644*J1^2*J2^1+0.0007087644*J2^3+0},
{0,0,0,0,0,0,0,0,0,0,0,0,0,0,0,0,0,0,0,0,0,0,0,0,0,0,0,0,0,0,0,0,0,0,0,0,0,0,0,0,0,0,0,0,0,0,0,0,0,0,0,0,0,0,0,0,0,0,0,0,0,0,0,0,0,0,0,0,0,0,0,0,-0.0015035163*J1^2*J2^1+0.0015035163*J2^3+0,-0.0017361111*J1^2*J2^1+0.0034722222*J1^1*J2^2+-0.0017361111*J2^3+0,-0.0017361111*J1^2*J2^1+0.0017361111*J2^3+0,-0.0025058605*J1^2*J2^1+0.0060140653*J1^1*J2^2+-0.0035082048*J2^3+0,0,-0.0015035163*J1^2*J2^1+0.0020046884*J1^1*J2^2+-0.0005011721*J2^3+0,0.0005011721*J1^2*J2^1+-0.0005011721*J2^3+0,-0.0023148148*J1^2*J2^1+0.0034722222*J1^1*J2^2+-0.0011574074*J2^3+0,0,0,0,0,0,0,0,0,0.0021262932*J1^2*J2^1+-0.0021262932*J2^3+0,0.0024552319*J1^2*J2^1+-0.0049104638*J1^1*J2^2+0.0024552319*J2^3+0,0.0024552319*J1^2*J2^1+-0.0024552319*J2^3+0,0.0035438220*J1^2*J2^1+-0.0085051727*J1^1*J2^2+0.0049613508*J2^3+0,0,0.0021262932*J1^2*J2^1+-0.0028350576*J1^1*J2^2+0.0007087644*J2^3+0,-0.0007087644*J1^2*J2^1+0.0007087644*J2^3+0,0.0032736425*J1^2*J2^1+-0.0049104638*J1^1*J2^2+0.0016368213*J2^3+0},
{0,0,0,0,0,0,0,0,0,0,0,0,0,0,0,0,0,0,0,0,0,0,0,0,0,0,0,0,0,0,0,0,0,0,0,0,0,0,0,0,0,0,0,0,0,0,0,0,0,0,0,0,0,0,0,0,0,0,0,0,0,0,0,0,0,0,0,0,0,0,0,0,0,0,0,0,0,0,0,0,0,0,0,0,0.0063788795*J1^2*J2^1+-0.0063788795*J2^3+0,0.0036828478*J1^2*J2^1+-0.0036828478*J2^3+0,0.0036828478*J1^2*J2^1+-0.0036828478*J2^3+0,0.0021262932*J1^2*J2^1+-0.0021262932*J2^3+0,0,0,0,0,0,0,0,0},
{0,0,0,0,0,0,0,0,0,0,0,0,0,0,0,0,0,0,0,0,0,0,0,0,0,0,0,0,0,0,0,0,0,0,0,0,0,0,0,0,0,0,0,0,0,0,0,0,0,0,0,0,0,0,0,0,0,0,0,0,0,0,0,0,0,0,0,0,0,0,0,0,0,0,0,0,0,0,0,0,0,0,0,0,0.0036828478*J1^2*J2^1+-0.0036828478*J2^3+0,-0.0063788795*J1^2*J2^1+0.0170103454*J1^1*J2^2+-0.0106314659*J2^3+0,0.0021262932*J1^2*J2^1+-0.0021262932*J2^3+0,0.0061380797*J1^2*J2^1+-0.0098209275*J1^1*J2^2+0.0036828478*J2^3+0,0,0,0,0,0,0,0,0},
{0,0,0,0,0,0,0,0,0,0,0,0,0,0,0,0,0,0,0,0,0,0,0,0,0,0,0,0,0,0,0,0,0,0,0,0,0,0,0,0,0,0,0,0,0,0,0,0,0,0,0,0,0,0,0,0,0,0,0,0,0,0,0,0,0,0,0,0,0,0,0,0,0,0,0,0,0,0,0,0,0,0,0,0,0.0036828478*J1^2*J2^1+-0.0036828478*J2^3+0,0.0021262932*J1^2*J2^1+-0.0021262932*J2^3+0,0.0021262932*J1^2*J2^1+-0.0021262932*J2^3+0,0.0012276159*J1^2*J2^1+-0.0012276159*J2^3+0,0,0,0,0,0,0,0,0},
{0,0,0,0,0,0,0,0,0,0,0,0,0,0,0,0,0,0,0,0,0,0,0,0,0,0,0,0,0,0,0,0,0,0,0,0,0,0,0,0,0,0,0,0,0,0,0,0,0,0,0,0,0,0,0,0,0,0,0,0,0,0,0,0,0,0,0,0,0,0,0,0,0,0,0,0,0,0,0,0,0,0,0,0,0.0021262932*J1^2*J2^1+-0.0021262932*J2^3+0,0.0061380797*J1^2*J2^1+-0.0098209275*J1^1*J2^2+0.0036828478*J2^3+0,0.0012276159*J1^2*J2^1+-0.0012276159*J2^3+0,0.0092139371*J1^2*J2^1+-0.0170103454*J1^1*J2^2+0.0077964083*J2^3+0,0,0,0,0,0,0,0,0},
{0,0,0,0,0,0,0,0,0,0,0,0,0,0,0,0,0,0,0,0,0,0,0,0,0,0,0,0,0,0,0,0,0,0,0,0,0,0,0,0,0,0,0,0,0,0,0,0,0,0,0,0,0,0,0,0,0,0,0,0,0,0,0,0,0,0,0,0,0,0,0,0,0,0,0,0,-0.0036828478*J1^2*J2^1+0.0036828478*J2^3+0,-0.0021262932*J1^2*J2^1+0.0021262932*J2^3+0,-0.0021262932*J1^2*J2^1+0.0021262932*J2^3+0,-0.0012276159*J1^2*J2^1+0.0012276159*J2^3+0,0,0,0,0,0,0,0,0,0,0,0,0,0.0052083333*J1^2*J2^1+-0.0052083333*J2^3+0,0.0030070327*J1^2*J2^1+-0.0030070327*J2^3+0,0.0030070327*J1^2*J2^1+-0.0030070327*J2^3+0,0.0017361111*J1^2*J2^1+-0.0017361111*J2^3+0},
{0,0,0,0,0,0,0,0,0,0,0,0,0,0,0,0,0,0,0,0,0,0,0,0,0,0,0,0,0,0,0,0,0,0,0,0,0,0,0,0,0,0,0,0,0,0,0,0,0,0,0,0,0,0,0,0,0,0,0,0,0,0,0,0,0,0,0,0,0,0,0,0,0,0,0,0,-0.0021262932*J1^2*J2^1+0.0021262932*J2^3+0,0.0036828478*J1^2*J2^1+-0.0098209275*J1^1*J2^2+0.0061380797*J2^3+0,-0.0012276159*J1^2*J2^1+0.0012276159*J2^3+0,-0.0035438220*J1^2*J2^1+0.0056701151*J1^1*J2^2+-0.0021262932*J2^3+0,0,0,0,0,0,0,0,0,0,0,0,0,0.0030070327*J1^2*J2^1+-0.0030070327*J2^3+0,-0.0052083333*J1^2*J2^1+0.0138888889*J1^1*J2^2+-0.0086805556*J2^3+0,0.0017361111*J1^2*J2^1+-0.0017361111*J2^3+0,0.0050117211*J1^2*J2^1+-0.0080187537*J1^1*J2^2+0.0030070327*J2^3+0},
{0,0,0,0,0,0,0,0,0,0,0,0,0,0,0,0,0,0,0,0,0,0,0,0,0,0,0,0,0,0,0,0,0,0,0,0,0,0,0,0,0,0,0,0,0,0,0,0,0,0,0,0,0,0,0,0,0,0,0,0,0,0,0,0,0,0,0,0,0,0,0,0,0,0,0,0,-0.0021262932*J1^2*J2^1+0.0021262932*J2^3+0,-0.0012276159*J1^2*J2^1+0.0012276159*J2^3+0,-0.0012276159*J1^2*J2^1+0.0012276159*J2^3+0,-0.0007087644*J1^2*J2^1+0.0007087644*J2^3+0,0,0,0,0,0,0,0,0,0,0,0,0,0.0030070327*J1^2*J2^1+-0.0030070327*J2^3+0,0.0017361111*J1^2*J2^1+-0.0017361111*J2^3+0,0.0017361111*J1^2*J2^1+-0.0017361111*J2^3+0,0.0010023442*J1^2*J2^1+-0.0010023442*J2^3+0},
{0,0,0,0,0,0,0,0,0,0,0,0,0,0,0,0,0,0,0,0,0,0,0,0,0,0,0,0,0,0,0,0,0,0,0,0,0,0,0,0,0,0,0,0,0,0,0,0,0,0,0,0,0,0,0,0,0,0,0,0,0,0,0,0,0,0,0,0,0,0,0,0,0,0,0,0,-0.0012276159*J1^2*J2^1+0.0012276159*J2^3+0,-0.0035438220*J1^2*J2^1+0.0056701151*J1^1*J2^2+-0.0021262932*J2^3+0,-0.0007087644*J1^2*J2^1+0.0007087644*J2^3+0,-0.0053196691*J1^2*J2^1+0.0098209275*J1^1*J2^2+-0.0045012584*J2^3+0,0,0,0,0,0,0,0,0,0,0,0,0,0.0017361111*J1^2*J2^1+-0.0017361111*J2^3+0,0.0050117211*J1^2*J2^1+-0.0080187537*J1^1*J2^2+0.0030070327*J2^3+0,0.0010023442*J1^2*J2^1+-0.0010023442*J2^3+0,0.0075231481*J1^2*J2^1+-0.0138888889*J1^1*J2^2+0.0063657407*J2^3+0},
{0,0,0,0,0,0,0,0,0,0,0,0,0,0,0,0,0,0,0,0,0,0,0,0,0,0,0,0,0,0,0,0,0,0,0,0,0,0,0,0,0,0,0,0,0,0,0,0,0,0,0,0,0,0.0026041667*J1^2*J2^1+-0.0026041667*J2^3+0,0.0026041667*J1^2*J2^1+-0.0026041667*J2^3+0,0,0,0,0,0,-0.0045105490*J1^2*J2^1+0.0045105490*J2^3+0,0,0,-0.0015035163*J1^2*J2^1+0.0015035163*J2^3+0,0,0,0,0,0,0,0,0,0,0,0,0,0,0,0,0,0,0,0,0,0,0,0,0,0,0,0,0,0,0,0,0},
{0,0,0,0,0,0,0,0,0,0,0,0,0,0,0,0,0,0,0,0,0,0,0,0,0,0,0,0,0,0,0,0,0,0,0,0,0,0,0,0,0,0,0,0,0,0,0,0,0,0,0,0,0.0026041667*J1^2*J2^1+-0.0026041667*J2^3+0,-0.0030070327*J1^2*J2^1+0.0060140653*J1^1*J2^2+-0.0030070327*J2^3+0,0,0.0026041667*J1^2*J2^1+-0.0034722222*J1^1*J2^2+0.0008680556*J2^3+0,0,0,0,0,0,0.0015035163*J1^2*J2^1+-0.0060140653*J1^1*J2^2+0.0045105490*J2^3+0,-0.0015035163*J1^2*J2^1+0.0015035163*J2^3+0,-0.0017361111*J1^2*J2^1+0.0034722222*J1^1*J2^2+-0.0017361111*J2^3+0,0,0,0,0,0,0,0,0,0,0,0,0,0,0,0,0,0,0,0,0,0,0,0,0,0,0,0,0,0,0,0,0},
{0,0,0,0,0,0,0,0,0,0,0,0,0,0,0,0,0,0,0,0,0,0,0,0,0,0,0,0,0,0,0,0,0,0,0,0,0,0,0,0,0,0,0,0,0,0,0,0,0,0,0,0,0.0026041667*J1^2*J2^1+-0.0026041667*J2^3+0,0,0.0030070327*J1^2*J2^1+-0.0030070327*J2^3+0,-0.0008680556*J1^2*J2^1+0.0008680556*J2^3+0,0,0,0,0,0,-0.0015035163*J1^2*J2^1+0.0015035163*J2^3+0,0.0015035163*J1^2*J2^1+-0.0015035163*J2^3+0,-0.0017361111*J1^2*J2^1+0.0017361111*J2^3+0,0,0,0,0,0,0,0,0,0,0,0,0,0,0,0,0,0,0,0,0,0,0,0,0,0,0,0,0,0,0,0,0},
{0,0,0,0,0,0,0,0,0,0,0,0,0,0,0,0,0,0,0,0,0,0,0,0,0,0,0,0,0,0,0,0,0,0,0,0,0,0,0,0,0,0,0,0,0,0,0,0,0,0,0,0,0,0.0026041667*J1^2*J2^1+-0.0034722222*J1^1*J2^2+0.0008680556*J2^3+0,-0.0008680556*J1^2*J2^1+0.0008680556*J2^3+0,0.0040093769*J1^2*J2^1+-0.0060140653*J1^1*J2^2+0.0020046884*J2^3+0,0,0,0,0,-0.0015035163*J1^2*J2^1+0.0015035163*J2^3+0,-0.0017361111*J1^2*J2^1+0.0034722222*J1^1*J2^2+-0.0017361111*J2^3+0,-0.0017361111*J1^2*J2^1+0.0017361111*J2^3+0,-0.0025058605*J1^2*J2^1+0.0060140653*J1^1*J2^2+-0.0035082048*J2^3+0,0,0,0,0,0,0,0,0,0,0,0,0,0,0,0,0,0,0,0,0,0,0,0,0,0,0,0,0,0,0,0,0},
{0,0,0,0,0,0,0,0,0,0,0,0,0,0,0,0,0,0,0,0,0,0,0,0,0,0,0,0,0,0,0,0,0,0,0,0,0,0,0,0,0,0,0,0,0,0,0,0,0,0,0,0,0.0026041667*J1^2*J2^1+-0.0026041667*J2^3+0,0,0,0.0008680556*J1^2*J2^1+-0.0008680556*J2^3+0,0,0,0,0,0,-0.0015035163*J1^2*J2^1+0.0015035163*J2^3+0,-0.0015035163*J1^2*J2^1+0.0015035163*J2^3+0,0,0,0,0,0,-0.0036828478*J1^2*J2^1+0.0036828478*J2^3+0,-0.0021262932*J1^2*J2^1+0.0021262932*J2^3+0,-0.0021262932*J1^2*J2^1+0.0021262932*J2^3+0,-0.0012276159*J1^2*J2^1+0.0012276159*J2^3+0,0,0,0,0,0,0,0,0,0,0,0,0,0,0,0,0,0,0,0,0,0,0,0,0},
{0,0,0,0,0,0,0,0,0,0,0,0,0,0,0,0,0,0,0,0,0,0,0,0,0,0,0,0,0,0,0,0,0,0,0,0,0,0,0,0,0,0,0,0,0,0,0,0,0,0,0,0,0,-0.0008680556*J1^2*J2^1+0.0034722222*J1^1*J2^2+-0.0026041667*J2^3+0,0.0008680556*J1^2*J2^1+-0.0008680556*J2^3+0,0.0010023442*J1^2*J2^1+-0.0020046884*J1^1*J2^2+0.0010023442*J2^3+0,0,0,0,0,-0.0015035163*J1^2*J2^1+0.0015035163*J2^3+0,0.0017361111*J1^2*J2^1+-0.0034722222*J1^1*J2^2+0.0017361111*J2^3+0,0,-0.0015035163*J1^2*J2^1+0.0020046884*J1^1*J2^2+-0.0005011721*J2^3+0,0,0,0,0,-0.0021262932*J1^2*J2^1+0.0021262932*J2^3+0,0.0036828478*J1^2*J2^1+-0.0098209275*J1^1*J2^2+0.0061380797*J2^3+0,-0.0012276159*J1^2*J2^1+0.0012276159*J2^3+0,-0.0035438220*J1^2*J2^1+0.0056701151*J1^1*J2^2+-0.0021262932*J2^3+0,0,0,0,0,0,0,0,0,0,0,0,0,0,0,0,0,0,0,0,0,0,0,0,0},
{0,0,0,0,0,0,0,0,0,0,0,0,0,0,0,0,0,0,0,0,0,0,0,0,0,0,0,0,0,0,0,0,0,0,0,0,0,0,0,0,0,0,0,0,0,0,0,0,0,0,0,0,0,0.0008680556*J1^2*J2^1+-0.0008680556*J2^3+0,-0.0008680556*J1^2*J2^1+0.0008680556*J2^3+0,0.0010023442*J1^2*J2^1+-0.0010023442*J2^3+0,0,0,0,0,-0.0015035163*J1^2*J2^1+0.0015035163*J2^3+0,0,-0.0017361111*J1^2*J2^1+0.0017361111*J2^3+0,0.0005011721*J1^2*J2^1+-0.0005011721*J2^3+0,0,0,0,0,-0.0021262932*J1^2*J2^1+0.0021262932*J2^3+0,-0.0012276159*J1^2*J2^1+0.0012276159*J2^3+0,-0.0012276159*J1^2*J2^1+0.0012276159*J2^3+0,-0.0007087644*J1^2*J2^1+0.0007087644*J2^3+0,0,0,0,0,0,0,0,0,0,0,0,0,0,0,0,0,0,0,0,0,0,0,0,0},
{0,0,0,0,0,0,0,0,0,0,0,0,0,0,0,0,0,0,0,0,0,0,0,0,0,0,0,0,0,0,0,0,0,0,0,0,0,0,0,0,0,0,0,0,0,0,0,0,0,0,0,0,0.0008680556*J1^2*J2^1+-0.0008680556*J2^3+0,0.0010023442*J1^2*J2^1+-0.0020046884*J1^1*J2^2+0.0010023442*J2^3+0,0.0010023442*J1^2*J2^1+-0.0010023442*J2^3+0,0.0014467593*J1^2*J2^1+-0.0034722222*J1^1*J2^2+0.0020254630*J2^3+0,0,0,0,0,0,-0.0015035163*J1^2*J2^1+0.0020046884*J1^1*J2^2+-0.0005011721*J2^3+0,0.0005011721*J1^2*J2^1+-0.0005011721*J2^3+0,-0.0023148148*J1^2*J2^1+0.0034722222*J1^1*J2^2+-0.0011574074*J2^3+0,0,0,0,0,-0.0012276159*J1^2*J2^1+0.0012276159*J2^3+0,-0.0035438220*J1^2*J2^1+0.0056701151*J1^1*J2^2+-0.0021262932*J2^3+0,-0.0007087644*J1^2*J2^1+0.0007087644*J2^3+0,-0.0053196691*J1^2*J2^1+0.0098209275*J1^1*J2^2+-0.0045012584*J2^3+0,0,0,0,0,0,0,0,0,0,0,0,0,0,0,0,0,0,0,0,0,0,0,0,0},
{0,0,0,0,0,0,0,0,0,0,0,0,0,0,0,0,0,0,0,0,0,0,0,0,0,0,0,0,0,0,0,0,0,0,0,0,0,0,0,0,0,0,0,0,0,0,0,0,0,-0.0045105490*J1^2*J2^1+0.0045105490*J2^3+0,-0.0045105490*J1^2*J2^1+0.0045105490*J2^3+0,0,0,0,0,0,0.0078125000*J1^2*J2^1+-0.0078125000*J2^3+0,0,0,0.0026041667*J1^2*J2^1+-0.0026041667*J2^3+0,0,0,0,0,0,0,0,0,0,0,0,0,0,0,0,0,0,0,0,0,0,0,0,0,0,0,0,0,0,0,0,0,0,0,0,0},
{0,0,0,0,0,0,0,0,0,0,0,0,0,0,0,0,0,0,0,0,0,0,0,0,0,0,0,0,0,0,0,0,0,0,0,0,0,0,0,0,0,0,0,0,0,0,0,0,-0.0045105490*J1^2*J2^1+0.0045105490*J2^3+0,0.0052083333*J1^2*J2^1+-0.0104166667*J1^1*J2^2+0.0052083333*J2^3+0,0,-0.0045105490*J1^2*J2^1+0.0060140653*J1^1*J2^2+-0.0015035163*J2^3+0,0,0,0,0,0,-0.0026041667*J1^2*J2^1+0.0104166667*J1^1*J2^2+-0.0078125000*J2^3+0,0.0026041667*J1^2*J2^1+-0.0026041667*J2^3+0,0.0030070327*J1^2*J2^1+-0.0060140653*J1^1*J2^2+0.0030070327*J2^3+0,0,0,0,0,0,0,0,0,0,0,0,0,0,0,0,0,0,0,0,0,0,0,0,0,0,0,0,0,0,0,0,0,0,0,0,0},
{0,0,0,0,0,0,0,0,0,0,0,0,0,0,0,0,0,0,0,0,0,0,0,0,0,0,0,0,0,0,0,0,0,0,0,0,0,0,0,0,0,0,0,0,0,0,0,0,-0.0045105490*J1^2*J2^1+0.0045105490*J2^3+0,0,-0.0052083333*J1^2*J2^1+0.0052083333*J2^3+0,0.0015035163*J1^2*J2^1+-0.0015035163*J2^3+0,0,0,0,0,0,0.0026041667*J1^2*J2^1+-0.0026041667*J2^3+0,-0.0026041667*J1^2*J2^1+0.0026041667*J2^3+0,0.0030070327*J1^2*J2^1+-0.0030070327*J2^3+0,0,0,0,0,0,0,0,0,0,0,0,0,0,0,0,0,0,0,0,0,0,0,0,0,0,0,0,0,0,0,0,0,0,0,0,0},
{0,0,0,0,0,0,0,0,0,0,0,0,0,0,0,0,0,0,0,0,0,0,0,0,0,0,0,0,0,0,0,0,0,0,0,0,0,0,0,0,0,0,0,0,0,0,0,0,0,-0.0045105490*J1^2*J2^1+0.0060140653*J1^1*J2^2+-0.0015035163*J2^3+0,0.0015035163*J1^2*J2^1+-0.0015035163*J2^3+0,-0.0069444444*J1^2*J2^1+0.0104166667*J1^1*J2^2+-0.0034722222*J2^3+0,0,0,0,0,0.0026041667*J1^2*J2^1+-0.0026041667*J2^3+0,0.0030070327*J1^2*J2^1+-0.0060140653*J1^1*J2^2+0.0030070327*J2^3+0,0.0030070327*J1^2*J2^1+-0.0030070327*J2^3+0,0.0043402778*J1^2*J2^1+-0.0104166667*J1^1*J2^2+0.0060763889*J2^3+0,0,0,0,0,0,0,0,0,0,0,0,0,0,0,0,0,0,0,0,0,0,0,0,0,0,0,0,0,0,0,0,0,0,0,0,0},
{0,0,0,0,0,0,0,0,0,0,0,0,0,0,0,0,0,0,0,0,0,0,0,0,0,0,0,0,0,0,0,0,0,0,0,0,0,0,0,0,0,0,0,0,0,0,0,0,-0.0045105490*J1^2*J2^1+0.0045105490*J2^3+0,0,0,-0.0015035163*J1^2*J2^1+0.0015035163*J2^3+0,0,0,0,0,0,0.0026041667*J1^2*J2^1+-0.0026041667*J2^3+0,0.0026041667*J1^2*J2^1+-0.0026041667*J2^3+0,0,0,0,0,0,0.0063788795*J1^2*J2^1+-0.0063788795*J2^3+0,0.0036828478*J1^2*J2^1+-0.0036828478*J2^3+0,0.0036828478*J1^2*J2^1+-0.0036828478*J2^3+0,0.0021262932*J1^2*J2^1+-0.0021262932*J2^3+0,0,0,0,0,0,0,0,0,0,0,0,0,0,0,0,0,0,0,0,0,0,0,0,0,0,0,0,0},
{0,0,0,0,0,0,0,0,0,0,0,0,0,0,0,0,0,0,0,0,0,0,0,0,0,0,0,0,0,0,0,0,0,0,0,0,0,0,0,0,0,0,0,0,0,0,0,0,0,0.0015035163*J1^2*J2^1+-0.0060140653*J1^1*J2^2+0.0045105490*J2^3+0,-0.0015035163*J1^2*J2^1+0.0015035163*J2^3+0,-0.0017361111*J1^2*J2^1+0.0034722222*J1^1*J2^2+-0.0017361111*J2^3+0,0,0,0,0,0.0026041667*J1^2*J2^1+-0.0026041667*J2^3+0,-0.0030070327*J1^2*J2^1+0.0060140653*J1^1*J2^2+-0.0030070327*J2^3+0,0,0.0026041667*J1^2*J2^1+-0.0034722222*J1^1*J2^2+0.0008680556*J2^3+0,0,0,0,0,0.0036828478*J1^2*J2^1+-0.0036828478*J2^3+0,-0.0063788795*J1^2*J2^1+0.0170103454*J1^1*J2^2+-0.0106314659*J2^3+0,0.0021262932*J1^2*J2^1+-0.0021262932*J2^3+0,0.0061380797*J1^2*J2^1+-0.0098209275*J1^1*J2^2+0.0036828478*J2^3+0,0,0,0,0,0,0,0,0,0,0,0,0,0,0,0,0,0,0,0,0,0,0,0,0,0,0,0,0},
{0,0,0,0,0,0,0,0,0,0,0,0,0,0,0,0,0,0,0,0,0,0,0,0,0,0,0,0,0,0,0,0,0,0,0,0,0,0,0,0,0,0,0,0,0,0,0,0,0,-0.0015035163*J1^2*J2^1+0.0015035163*J2^3+0,0.0015035163*J1^2*J2^1+-0.0015035163*J2^3+0,-0.0017361111*J1^2*J2^1+0.0017361111*J2^3+0,0,0,0,0,0.0026041667*J1^2*J2^1+-0.0026041667*J2^3+0,0,0.0030070327*J1^2*J2^1+-0.0030070327*J2^3+0,-0.0008680556*J1^2*J2^1+0.0008680556*J2^3+0,0,0,0,0,0.0036828478*J1^2*J2^1+-0.0036828478*J2^3+0,0.0021262932*J1^2*J2^1+-0.0021262932*J2^3+0,0.0021262932*J1^2*J2^1+-0.0021262932*J2^3+0,0.0012276159*J1^2*J2^1+-0.0012276159*J2^3+0,0,0,0,0,0,0,0,0,0,0,0,0,0,0,0,0,0,0,0,0,0,0,0,0,0,0,0,0},
{0,0,0,0,0,0,0,0,0,0,0,0,0,0,0,0,0,0,0,0,0,0,0,0,0,0,0,0,0,0,0,0,0,0,0,0,0,0,0,0,0,0,0,0,0,0,0,0,-0.0015035163*J1^2*J2^1+0.0015035163*J2^3+0,-0.0017361111*J1^2*J2^1+0.0034722222*J1^1*J2^2+-0.0017361111*J2^3+0,-0.0017361111*J1^2*J2^1+0.0017361111*J2^3+0,-0.0025058605*J1^2*J2^1+0.0060140653*J1^1*J2^2+-0.0035082048*J2^3+0,0,0,0,0,0,0.0026041667*J1^2*J2^1+-0.0034722222*J1^1*J2^2+0.0008680556*J2^3+0,-0.0008680556*J1^2*J2^1+0.0008680556*J2^3+0,0.0040093769*J1^2*J2^1+-0.0060140653*J1^1*J2^2+0.0020046884*J2^3+0,0,0,0,0,0.0021262932*J1^2*J2^1+-0.0021262932*J2^3+0,0.0061380797*J1^2*J2^1+-0.0098209275*J1^1*J2^2+0.0036828478*J2^3+0,0.0012276159*J1^2*J2^1+-0.0012276159*J2^3+0,0.0092139371*J1^2*J2^1+-0.0170103454*J1^1*J2^2+0.0077964083*J2^3+0,0,0,0,0,0,0,0,0,0,0,0,0,0,0,0,0,0,0,0,0,0,0,0,0,0,0,0,0},
{0,0,0,0,0,0,0,0,0,0,0,0,0,0,0,0,0,0,0,0,0,0,0,0,0,0,0,0,0,0,0,0,0,0,0,0,0,0,0,0,0,0,0,0,0,0,0,0,0,0,0,0,0,-0.0036828478*J1^2*J2^1+0.0036828478*J2^3+0,-0.0036828478*J1^2*J2^1+0.0036828478*J2^3+0,0,0,0,0,0,0.0063788795*J1^2*J2^1+-0.0063788795*J2^3+0,0,0,0.0021262932*J1^2*J2^1+-0.0021262932*J2^3+0,0,0,0,0,0,0,0,0,0,0,0,0,0,0,0,0,0,0,0,0,0,0,0,0,0,0,0,0,0,0,0,0},
{0,0,0,0,0,0,0,0,0,0,0,0,0,0,0,0,0,0,0,0,0,0,0,0,0,0,0,0,0,0,0,0,0,0,0,0,0,0,0,0,0,0,0,0,0,0,0,0,0,0,0,0,-0.0036828478*J1^2*J2^1+0.0036828478*J2^3+0,0.0042525864*J1^2*J2^1+-0.0085051727*J1^1*J2^2+0.0042525864*J2^3+0,0,-0.0036828478*J1^2*J2^1+0.0049104638*J1^1*J2^2+-0.0012276159*J2^3+0,0,0,0,0,0,-0.0021262932*J1^2*J2^1+0.0085051727*J1^1*J2^2+-0.0063788795*J2^3+0,0.0021262932*J1^2*J2^1+-0.0021262932*J2^3+0,0.0024552319*J1^2*J2^1+-0.0049104638*J1^1*J2^2+0.0024552319*J2^3+0,0,0,0,0,0,0,0,0,0,0,0,0,0,0,0,0,0,0,0,0,0,0,0,0,0,0,0,0,0,0,0,0},
{0,0,0,0,0,0,0,0,0,0,0,0,0,0,0,0,0,0,0,0,0,0,0,0,0,0,0,0,0,0,0,0,0,0,0,0,0,0,0,0,0,0,0,0,0,0,0,0,0,0,0,0,-0.0036828478*J1^2*J2^1+0.0036828478*J2^3+0,0,-0.0042525864*J1^2*J2^1+0.0042525864*J2^3+0,0.0012276159*J1^2*J2^1+-0.0012276159*J2^3+0,0,0,0,0,0,0.0021262932*J1^2*J2^1+-0.0021262932*J2^3+0,-0.0021262932*J1^2*J2^1+0.0021262932*J2^3+0,0.0024552319*J1^2*J2^1+-0.0024552319*J2^3+0,0,0,0,0,0,0,0,0,0,0,0,0,0,0,0,0,0,0,0,0,0,0,0,0,0,0,0,0,0,0,0,0},
{0,0,0,0,0,0,0,0,0,0,0,0,0,0,0,0,0,0,0,0,0,0,0,0,0,0,0,0,0,0,0,0,0,0,0,0,0,0,0,0,0,0,0,0,0,0,0,0,0,0,0,0,0,-0.0036828478*J1^2*J2^1+0.0049104638*J1^1*J2^2+-0.0012276159*J2^3+0,0.0012276159*J1^2*J2^1+-0.0012276159*J2^3+0,-0.0056701151*J1^2*J2^1+0.0085051727*J1^1*J2^2+-0.0028350576*J2^3+0,0,0,0,0,0.0021262932*J1^2*J2^1+-0.0021262932*J2^3+0,0.0024552319*J1^2*J2^1+-0.0049104638*J1^1*J2^2+0.0024552319*J2^3+0,0.0024552319*J1^2*J2^1+-0.0024552319*J2^3+0,0.0035438220*J1^2*J2^1+-0.0085051727*J1^1*J2^2+0.0049613508*J2^3+0,0,0,0,0,0,0,0,0,0,0,0,0,0,0,0,0,0,0,0,0,0,0,0,0,0,0,0,0,0,0,0,0},
{0,0,0,0,0,0,0,0,0,0,0,0,0,0,0,0,0,0,0,0,0,0,0,0,0,0,0,0,0,0,0,0,0,0,0,0,0,0,0,0,0,0,0,0,0,0,0,0,0,0,0,0,-0.0036828478*J1^2*J2^1+0.0036828478*J2^3+0,0,0,-0.0012276159*J1^2*J2^1+0.0012276159*J2^3+0,0,0,0,0,0,0.0021262932*J1^2*J2^1+-0.0021262932*J2^3+0,0.0021262932*J1^2*J2^1+-0.0021262932*J2^3+0,0,0,0,0,0,0.0052083333*J1^2*J2^1+-0.0052083333*J2^3+0,0.0030070327*J1^2*J2^1+-0.0030070327*J2^3+0,0.0030070327*J1^2*J2^1+-0.0030070327*J2^3+0,0.0017361111*J1^2*J2^1+-0.0017361111*J2^3+0,0,0,0,0,0,0,0,0,0,0,0,0,0,0,0,0,0,0,0,0,0,0,0,0},
{0,0,0,0,0,0,0,0,0,0,0,0,0,0,0,0,0,0,0,0,0,0,0,0,0,0,0,0,0,0,0,0,0,0,0,0,0,0,0,0,0,0,0,0,0,0,0,0,0,0,0,0,0,0.0012276159*J1^2*J2^1+-0.0049104638*J1^1*J2^2+0.0036828478*J2^3+0,-0.0012276159*J1^2*J2^1+0.0012276159*J2^3+0,-0.0014175288*J1^2*J2^1+0.0028350576*J1^1*J2^2+-0.0014175288*J2^3+0,0,0,0,0,0.0021262932*J1^2*J2^1+-0.0021262932*J2^3+0,-0.0024552319*J1^2*J2^1+0.0049104638*J1^1*J2^2+-0.0024552319*J2^3+0,0,0.0021262932*J1^2*J2^1+-0.0028350576*J1^1*J2^2+0.0007087644*J2^3+0,0,0,0,0,0.0030070327*J1^2*J2^1+-0.0030070327*J2^3+0,-0.0052083333*J1^2*J2^1+0.0138888889*J1^1*J2^2+-0.0086805556*J2^3+0,0.0017361111*J1^2*J2^1+-0.0017361111*J2^3+0,0.0050117211*J1^2*J2^1+-0.0080187537*J1^1*J2^2+0.0030070327*J2^3+0,0,0,0,0,0,0,0,0,0,0,0,0,0,0,0,0,0,0,0,0,0,0,0,0},
{0,0,0,0,0,0,0,0,0,0,0,0,0,0,0,0,0,0,0,0,0,0,0,0,0,0,0,0,0,0,0,0,0,0,0,0,0,0,0,0,0,0,0,0,0,0,0,0,0,0,0,0,0,-0.0012276159*J1^2*J2^1+0.0012276159*J2^3+0,0.0012276159*J1^2*J2^1+-0.0012276159*J2^3+0,-0.0014175288*J1^2*J2^1+0.0014175288*J2^3+0,0,0,0,0,0.0021262932*J1^2*J2^1+-0.0021262932*J2^3+0,0,0.0024552319*J1^2*J2^1+-0.0024552319*J2^3+0,-0.0007087644*J1^2*J2^1+0.0007087644*J2^3+0,0,0,0,0,0.0030070327*J1^2*J2^1+-0.0030070327*J2^3+0,0.0017361111*J1^2*J2^1+-0.0017361111*J2^3+0,0.0017361111*J1^2*J2^1+-0.0017361111*J2^3+0,0.0010023442*J1^2*J2^1+-0.0010023442*J2^3+0,0,0,0,0,0,0,0,0,0,0,0,0,0,0,0,0,0,0,0,0,0,0,0,0},
{0,0,0,0,0,0,0,0,0,0,0,0,0,0,0,0,0,0,0,0,0,0,0,0,0,0,0,0,0,0,0,0,0,0,0,0,0,0,0,0,0,0,0,0,0,0,0,0,0,0,0,0,-0.0012276159*J1^2*J2^1+0.0012276159*J2^3+0,-0.0014175288*J1^2*J2^1+0.0028350576*J1^1*J2^2+-0.0014175288*J2^3+0,-0.0014175288*J1^2*J2^1+0.0014175288*J2^3+0,-0.0020460266*J1^2*J2^1+0.0049104638*J1^1*J2^2+-0.0028644372*J2^3+0,0,0,0,0,0,0.0021262932*J1^2*J2^1+-0.0028350576*J1^1*J2^2+0.0007087644*J2^3+0,-0.0007087644*J1^2*J2^1+0.0007087644*J2^3+0,0.0032736425*J1^2*J2^1+-0.0049104638*J1^1*J2^2+0.0016368213*J2^3+0,0,0,0,0,0.0017361111*J1^2*J2^1+-0.0017361111*J2^3+0,0.0050117211*J1^2*J2^1+-0.0080187537*J1^1*J2^2+0.0030070327*J2^3+0,0.0010023442*J1^2*J2^1+-0.0010023442*J2^3+0,0.0075231481*J1^2*J2^1+-0.0138888889*J1^1*J2^2+0.0063657407*J2^3+0,0,0,0,0,0,0,0,0,0,0,0,0,0,0,0,0,0,0,0,0,0,0,0,0}
}