96
{{0,0,0,0,0,0,0,0,0,0,0,0,0,0,0,0,0,0,0,0,0,0,0,0,0,0,0,0,0,0,0,0,0,0,0,0,0,0,0,0,0,0,0,0,0,0,0,0,0,0,0,0,0,0,0,0,0,0,0,0,0,0,0,0,0,0,0,0,0,0,0,0,0,0,0,0,0,0,0,0,0,0,0,0,0,0,0,0,0,0,0,0,0,0,0,0},
{0,0,0,0,0,0,0,0,0,0,0,0,0,0,0,0,0,0,0,0,0,0,0,0,0,0,0,0,0,0,0,0,0,0,0,0,0,0,0,0,0,0,0,0,0,0,0,0,0,0,0,0,0,0,0,0,0,0,0,0,0,0,0,0,0,0,0,0,0,0,0,0,0,0,0,0,0,0,0,0,0,0,0,0,0,0,0,0,0,0,0,0,0,0,0,0},
{0,0,0,0,0,0,0,0,0,0,0,0,0,0,0,0,0,0,0,0,0,0,0,0,0,0,0,0,0,0,0,0,0,0,0,0,0,0,0,0,0,0,0,0,0,0,0,0,0,0,0,0,0,0,0,0,0,0,0,0,0,0,0,0,0,0,0,0,0,0,0,0,0,0,0,0,0,0,0,0,0,0,0,0,0,0,0,0,0,0,0,0,0,0,0,0},
{0,0,0,0,0,0,0,0,0,0,0,0,0,0,0,0,0,0,0,0,0,0,0,0,0,0,0,0,0,0,0,0,0,0,0,0,0,0,0,0,0,0,0,0,0,0,0,0,0,0,0,0,0,0,0,0,0,0,0,0,0,0,0,0,0,0,0,0,0,0,0,0,0,0,0,0,0,0,0,0,0,0,0,0,0,0,0,0,0,0,0,0,0,0,0,0},
{0,0,0,0,0,0,0,0,0,0,0,0,0,0,0,0,0,0,0,0,0,0,0,0,0,0,0,0,0,0,0,0,0,0,0,0,0,0,0,0,0,0,0,0,0,0,0,0,0,0,0,0,0,0,0,0,0,0,0,0,0,0,0,0,0,0,0,0,0,0,0,0,0,0,0,0,0,0,0,0,0,0,0,0,0,0,0,0,0,0,0,0,0,0,0,0},
{0,0,0,0,0,0,0,0,0,0,0,0,0,0,0,0,0,0,0,0,0,0,0,0,0,0,0,0,0,0,0,0,0,0,0,0,0,0,0,0,0,0,0,0,0,0,0,0,0,0,0,0,0,0,0,0,0,0,0,0,0,0,0,0,0,0,0,0,0,0,0,0,0,0,0,0,0,0,0,0,0,0,0,0,0,0,0,0,0,0,0,0,0,0,0,0},
{0,0,0,0,0,0,0,0,0,0,0,0,0,0,0,0,0,0,0,0,0,0,0,0,0,0,0,0,0,0,0,0,0,0,0,0,0,0,0,0,0,0,0,0,0,0,0,0,0,0,0,0,0,0,0,0,0,0,0,0,0,0,0,0,0,0,0,0,0,0,0,0,0,0,0,0,0,0,0,0,0,0,0,0,0,0,0,0,0,0,0,0,0,0,0,0},
{0,0,0,0,0,0,0,0,0,0,0,0,0,0,0,0,0,0,0,0,0,0,0,0,0,0,0,0,0,0,0,0,0,0,0,0,0,0,0,0,0,0,0,0,0,0,0,0,0,0,0,0,0,0,0,0,0,0,0,0,0,0,0,0,0,0,0,0,0,0,0,0,0,0,0,0,0,0,0,0,0,0,0,0,0,0,0,0,0,0,0,0,0,0,0,0},
{0,0,0,0,0,0,0,0,0,0,0,0,0,0,0,0,0,0,0,0,0,0,0,0,0,0,0,0,0,0,0,0,0,0,0,0,0,0,0,0,0,0,0,0,0,0,0,0,0,0,0,0,0,0,0,0,0,0,0,0,0,0,0,0,0,0,0,0,0,0,0,0,0,0,0,0,0,0,0,0,0,0,0,0,0,0,0,0,0,0,0,0,0,0,0,0},
{0,0,0,0,0,0,0,0,0,0,0,0,0,0,0,0,0,0,0,0,0,0,0,0,0,0,0,0,0,0,0,0,0,0,0,0,0,0,0,0,0,0,0,0,0,0,0,0,0,0,0,0,0,0,0,0,0,0,0,0,0,0,0,0,0,0,0,0,0,0,0,0,0,0,0,0,0,0,0,0,0,0,0,0,0,0,0,0,0,0,0,0,0,0,0,0},
{0,0,0,0,0,0,0,0,0,0,0,0,0,0,0,0,0,0,0,0,0,0,0,0,0,0,0,0,0,0,0,0,0,0,0,0,0,0,0,0,0,0,0,0,0,0,0,0,0,0,0,0,0,0,0,0,0,0,0,0,0,0,0,0,0,0,0,0,0,0,0,0,0,0,0,0,0,0,0,0,0,0,0,0,0,0,0,0,0,0,0,0,0,0,0,0},
{0,0,0,0,0,0,0,0,0,0,0,0,0,0,0,0,0,0,0,0,0,0,0,0,0,0,0,0,0,0,0,0,0,0,0,0,0,0,0,0,0,0,0,0,0,0,0,0,0,0,0,0,0,0,0,0,0,0,0,0,0,0,0,0,0,0,0,0,0,0,0,0,0,0,0,0,0,0,0,0,0,0,0,0,0,0,0,0,0,0,0,0,0,0,0,0},
{0,0,0,0,0,0,0,0,0,0,0,0,0,0,0,0,0,0,0,0,0,0,0,0,0,0,0,0,0,0,0,0,0,0,0,0,0,0,0,0,0,0,0,0,0,0,0,0,0,0,0,0,0,0,0,0,0,0,0,0,0,0,0,0,0,0,0,0,0,0,0,0,0,0,0,0,0,0,0,0,0,0,0,0,0,0,0,0,0,0,0,0,0,0,0,0},
{0,0,0,0,0,0,0,0,0,0,0,0,0,0,0,0,0,0,0,0,0,0,0,0,0,0,0,0,0,0,0,0,0,0,0,0,0,0,0,0,0,0,0,0,0,0,0,0,0,0,0,0,0,0,0,0,0,0,0,0,0,0,0,0,0,0,0,0,0,0,0,0,0,0,0,0,0,0,0,0,0,0,0,0,0,0,0,0,0,0,0,0,0,0,0,0},
{0,0,0,0,0,0,0,0,0,0,0,0,0,0,0,0,0,0,0,0,0,0,0,0,0,0,0,0,0,0,0,0,0,0,0,0,0,0,0,0,0,0,0,0,0,0,0,0,0,0,0,0,0,0,0,0,0,0,0,0,0,0,0,0,0,0,0,0,0,0,0,0,0,0,0,0,0,0,0,0,0,0,0,0,0,0,0,0,0,0,0,0,0,0,0,0},
{0,0,0,0,0,0,0,0,0,0,0,0,0,0,0,0,0,0,0,0,0,0,0,0,0,0,0,0,0,0,0,0,0,0,0,0,0,0,0,0,0,0,0,0,0,0,0,0,0,0,0,0,0,0,0,0,0,0,0,0,0,0,0,0,0,0,0,0,0,0,0,0,0,0,0,0,0,0,0,0,0,0,0,0,0,0,0,0,0,0,0,0,0,0,0,0},
{0,0,0,0,0,0,0,0,0,0,0,0,0,0,0,0,0,0,0,0,0,0,0,0,0,0,0,0,0,0,0,0,0,0,0,0,0,0,0,0,0,0,0,0,0,0,0,0,0,0,0,0,0,0,0,0,0,0,0,0,0,0,0,0,0,0,0,0,0,0,0,0,0,0,0,0,0,0,0,0,0,0,0,0,0,0,0,0,0,0,0,0,0,0,0,0},
{0,0,0,0,0,0,0,0,0,0,0,0,0,0,0,0,0,0,0,0,0,0,0,0,0,0,0,0,0,0,0,0,0,0,0,0,0,0,0,0,0,0,0,0,0,0,0,0,0,0,0,0,0,0,0,0,0,0,0,0,0,0,0,0,0,0,0,0,0,0,0,0,0,0,0,0,0,0,0,0,0,0,0,0,0,0,0,0,0,0,0,0,0,0,0,0},
{0,0,0,0,0,0,0,0,0,0,0,0,0,0,0,0,0,0,0,0,0,0,0,0,0,0,0,0,0,0,0,0,0,0,0,0,0,0,0,0,0,0,0,0,0,0,0,0,0,0,0,0,0,0,0,0,0,0,0,0,0,0,0,0,0,0,0,0,0,0,0,0,0,0,0,0,0,0,0,0,0,0,0,0,0,0,0,0,0,0,0,0,0,0,0,0},
{0,0,0,0,0,0,0,0,0,0,0,0,0,0,0,0,0,0,0,0,0,0,0,0,0,0,0,0,0,0,0,0,0,0,0,0,0,0,0,0,0,0,0,0,0,0,0,0,0,0,0,0,0,0,0,0,0,0,0,0,0,0,0,0,0,0,0,0,0,0,0,0,0,0,0,0,0,0,0,0,0,0,0,0,0,0,0,0,0,0,0,0,0,0,0,0},
{0,0,0,0,0,0,0,0,0,0,0,0,0,0,0,0,0,0,0,0,0,0,0,0,0,0,0,0,0,0,0,0,0,0,0,0,0,0,0,0,0,0,0,0,0,0,0,0,0,0,0,0,0,0,0,0,0,0,0,0,0,0,0,0,0,0,0,0,0,0,0,0,0,0,0,0,0,0,0,0,0,0,0,0,0,0,0,0,0,0,0,0,0,0,0,0},
{0,0,0,0,0,0,0,0,0,0,0,0,0,0,0,0,0,0,0,0,0,0,0,0,0,0,0,0,0,0,0,0,0,0,0,0,0,0,0,0,0,0,0,0,0,0,0,0,0,0,0,0,0,0,0,0,0,0,0,0,0,0,0,0,0,0,0,0,0,0,0,0,0,0,0,0,0,0,0,0,0,0,0,0,0,0,0,0,0,0,0,0,0,0,0,0},
{0,0,0,0,0,0,0,0,0,0,0,0,0,0,0,0,0,0,0,0,0,0,0,0,0,0,0,0,0,0,0,0,0,0,0,0,0,0,0,0,0,0,0,0,0,0,0,0,0,0,0,0,0,0,0,0,0,0,0,0,0,0,0,0,0,0,0,0,0,0,0,0,0,0,0,0,0,0,0,0,0,0,0,0,0,0,0,0,0,0,0,0,0,0,0,0},
{0,0,0,0,0,0,0,0,0,0,0,0,0,0,0,0,0,0,0,0,0,0,0,0,0,0,0,0,0,0,0,0,0,0,0,0,0,0,0,0,0,0,0,0,0,0,0,0,0,0,0,0,0,0,0,0,0,0,0,0,0,0,0,0,0,0,0,0,0,0,0,0,0,0,0,0,0,0,0,0,0,0,0,0,0,0,0,0,0,0,0,0,0,0,0,0},
{0,0,0,0,0,0,0,0,0,0,0,0,0,0,0,0,0,0,0,0,0,0,0,0,0,0,0,0,0,0,0,0,0,0,0,0,0,0,0,0,0,0,0,0,0,0,0,0,0,0,0,0,0,0,0,0,0,0,0,0,0,0,0,0,0,0,0,0,0,0,0,0,0,0,0,0,0,0,0,0,0,0,0,0,0,0,0,0,0,0,0,0,0,0,0,0},
{0,0,0,0,0,0,0,0,0,0,0,0,0,0,0,0,0,0,0,0,0,0,0,0,0,0,0,0,0,0,0,0,0,0,0,0,0,0,0,0,0,0,0,0,0,0,0,0,0,0,0,0,0,0,0,0,0,0,0,0,0,0,0,0,0,0,0,0,0,0,0,0,0,0,0,0,0,0,0,0,0,0,0,0,0,0,0,0,0,0,0,0,0,0,0,0},
{0,0,0,0,0,0,0,0,0,0,0,0,0,0,0,0,0,0,0,0,0,0,0,0,0,0,0,0,0,0,0,0,0,0,0,0,0,0,0,0,0,0,0,0,0,0,0,0,0,0,0,0,0,0,0,0,0,0,0,0,0,0,0,0,0,0,0,0,0,0,0,0,0,0,0,0,0,0,0,0,0,0,0,0,0,0,0,0,0,0,0,0,0,0,0,0},
{0,0,0,0,0,0,0,0,0,0,0,0,0,0,0,0,0,0,0,0,0,0,0,0,0,0,0,0,0,0,0,0,0,0,0,0,0,0,0,0,0,0,0,0,0,0,0,0,0,0,0,0,0,0,0,0,0,0,0,0,0,0,0,0,0,0,0,0,0,0,0,0,0,0,0,0,0,0,0,0,0,0,0,0,0,0,0,0,0,0,0,0,0,0,0,0},
{0,0,0,0,0,0,0,0,0,0,0,0,0,0,0,0,0,0,0,0,0,0,0,0,0,0,0,0,0,0,0,0,0,0,0,0,0,0,0,0,0,0,0,0,0,0,0,0,0,0,0,0,0,0,0,0,0,0,0,0,0,0,0,0,0,0,0,0,0,0,0,0,0,0,0,0,0,0,0,0,0,0,0,0,0,0,0,0,0,0,0,0,0,0,0,0},
{0,0,0,0,0,0,0,0,0,0,0,0,0,0,0,0,0,0,0,0,0,0,0,0,0,0,0,0,0,0,0,0,0,0,0,0,0,0,0,0,0,0,0,0,0,0,0,0,0,0,0,0,0,0,0,0,0,0,0,0,0,0,0,0,0,0,0,0,0,0,0,0,0,0,0,0,0,0,0,0,0,0,0,0,0,0,0,0,0,0,0,0,0,0,0,0},
{0,0,0,0,0,0,0,0,0,0,0,0,0,0,0,0,0,0,0,0,0,0,0,0,0,0,0,0,0,0,0,0,0,0,0,0,0,0,0,0,0,0,0,0,0,0,0,0,0,0,0,0,0,0,0,0,0,0,0,0,0,0,0,0,0,0,0,0,0,0,0,0,0,0,0,0,0,0,0,0,0,0,0,0,0,0,0,0,0,0,0,0,0,0,0,0},
{0,0,0,0,0,0,0,0,0,0,0,0,0,0,0,0,0,0,0,0,0,0,0,0,0,0,0,0,0,0,0,0,0,0,0,0,0,0,0,0,0,0,0,0,0,0,0,0,0,0,0,0,0,0,0,0,0,0,0,0,0,0,0,0,0,0,0,0,0,0,0,0,0,0,0,0,0,0,0,0,0,0,0,0,0,0,0,0,0,0,0,0,0,0,0,0},
{0,0,0,0,0,0,0,0,0,0,0,0,0,0,0,0,0,0,0,0,0,0,0,0,0,0,0,0,0,0,0,0,0,0,0,0,0,0,0,0,0,0,0,0,0,0,0,0,0,0,0,0,0,0,0,0,0,0,0,0,0,0,0,0,0,0,0,0,0,0,0,0,0,0,0,0,0,0,0,0,0,0,0,0,0,0,0,0,0,0,0,0,0,0,0,0},
{0,0,0,0,0,0,0,0,0,0,0,0,0,0,0,0,0,0,0,0,0,0,0,0,0,0,0,0,0,0,0,0,0,0,0,0,0,0,0,0,0,0,0,0,0,0,0,0,0,0,0,0,0,0,0,0,0,0,0,0,0,0,0,0,0,0,0,0,0,0,0,0,0,0,0,0,0,0,0,0,0,0,0,0,0,0,0,0,0,0,0,0,0,0,0,0},
{0,0,0,0,0,0,0,0,0,0,0,0,0,0,0,0,0,0,0,0,0,0,0,0,0,0,0,0,0,0,0,0,0,0,0,0,0,0,0,0,0,0,0,0,0,0,0,0,0,0,0,0,0,0,0,0,0,0,0,0,0,0,0,0,0,0,0,0,0,0,0,0,0,0,0,0,0,0,0,0,0,0,0,0,0,0,0,0,0,0,0,0,0,0,0,0},
{0,0,0,0,0,0,0,0,0,0,0,0,0,0,0,0,0,0,0,0,0,0,0,0,0,0,0,0,0,0,0,0,0,0,0,0,0,0,0,0,0,0,0,0,0,0,0,0,0,0,0,0,0,0,0,0,0,0,0,0,0,0,0,0,0,0,0,0,0,0,0,0,0,0,0,0,0,0,0,0,0,0,0,0,0,0,0,0,0,0,0,0,0,0,0,0},
{0,0,0,0,0,0,0,0,0,0,0,0,0,0,0,0,0,0,0,0,0,0,0,0,0,0,0,0,0,0,0,0,0,0,0,0,0,0,0,0,0,0,0,0,0,0,0,0,0,0,0,0,0,0,0,0,0,0,0,0,0,0,0,0,0,0,0,0,0,0,0,0,0,0,0,0,0,0,0,0,0,0,0,0,0,0,0,0,0,0,0,0,0,0,0,0},
{0,0,0,0,0,0,0,0,0,0,0,0,0,0,0,0,0,0,0,0,0,0,0,0,0,0,0,0,0,0,0,0,0,0,0,0,0,0,0,0,0,0,0,0,0,0,0,0,0,0,0,0,0,0,0,0,0,0,0,0,0,0,0,0,0,0,0,0,0,0,0,0,0,0,0,0,0,0,0,0,0,0,0,0,0,0,0,0,0,0,0,0,0,0,0,0},
{0,0,0,0,0,0,0,0,0,0,0,0,0,0,0,0,0,0,0,0,0,0,0,0,0,0,0,0,0,0,0,0,0,0,0,0,0,0,0,0,0,0,0,0,0,0,0,0,0,0,0,0,0,0,0,0,0,0,0,0,0,0,0,0,0,0,0,0,0,0,0,0,0,0,0,0,0,0,0,0,0,0,0,0,0,0,0,0,0,0,0,0,0,0,0,0},
{0,0,0,0,0,0,0,0,0,0,0,0,0,0,0,0,0,0,0,0,0,0,0,0,0,0,0,0,0,0,0,0,0,0,0,0,0,0,0,0,0,0,0,0,0,0,0,0,0,0,0,0,0,0,0,0,0,0,0,0,0,0,0,0,0,0,0,0,0,0,0,0,0,0,0,0,0,0,0,0,0,0,0,0,0,0,0,0,0,0,0,0,0,0,0,0},
{0,0,0,0,0,0,0,0,0,0,0,0,0,0,0,0,0,0,0,0,0,0,0,0,0,0,0,0,0,0,0,0,0,0,0,0,0,0,0,0,0,0,0,0,0,0,0,0,0,0,0,0,0,0,0,0,0,0,0,0,0,0,0,0,0,0,0,0,0,0,0,0,0,0,0,0,0,0,0,0,0,0,0,0,0,0,0,0,0,0,0,0,0,0,0,0},
{0,0,0,0,0,0,0,0,0,0,0,0,0,0,0,0,0,0,0,0,0,0,0,0,0,0,0,0,0,0,0,0,0,0,0,0,0,0,0,0,0,0,0,0,0,0,0,0,0,0,0,0,0,0,0,0,0,0,0,0,0,0,0,0,0,0,0,0,0,0,0,0,0,0,0,0,0,0,0,0,0,0,0,0,0,0,0,0,0,0,0,0,0,0,0,0},
{0,0,0,0,0,0,0,0,0,0,0,0,0,0,0,0,0,0,0,0,0,0,0,0,0,0,0,0,0,0,0,0,0,0,0,0,0,0,0,0,0,0,0,0,0,0,0,0,0,0,0,0,0,0,0,0,0,0,0,0,0,0,0,0,0,0,0,0,0,0,0,0,0,0,0,0,0,0,0,0,0,0,0,0,0,0,0,0,0,0,0,0,0,0,0,0},
{0,0,0,0,0,0,0,0,0,0,0,0,0,0,0,0,0,0,0,0,0,0,0,0,0,0,0,0,0,0,0,0,0,0,0,0,0,0,0,0,0,0,0,0,0,0,0,0,0,0,0,0,0,0,0,0,0,0,0,0,0,0,0,0,0,0,0,0,0,0,0,0,0,0,0,0,0,0,0,0,0,0,0,0,0,0,0,0,0,0,0,0,0,0,0,0},
{0,0,0,0,0,0,0,0,0,0,0,0,0,0,0,0,0,0,0,0,0,0,0,0,0,0,0,0,0,0,0,0,0,0,0,0,0,0,0,0,0,0,0,0,0,0,0,0,0,0,0,0,0,0,0,0,0,0,0,0,0,0,0,0,0,0,0,0,0,0,0,0,0,0,0,0,0,0,0,0,0,0,0,0,0,0,0,0,0,0,0,0,0,0,0,0},
{0,0,0,0,0,0,0,0,0,0,0,0,0,0,0,0,0,0,0,0,0,0,0,0,0,0,0,0,0,0,0,0,0,0,0,0,0,0,0,0,0,0,0,0,0,0,0,0,0,0,0,0,0,0,0,0,0,0,0,0,0,0,0,0,0,0,0,0,0,0,0,0,0,0,0,0,0,0,0,0,0,0,0,0,0,0,0,0,0,0,0,0,0,0,0,0},
{0,0,0,0,0,0,0,0,0,0,0,0,0,0,0,0,0,0,0,0,0,0,0,0,0,0,0,0,0,0,0,0,0,0,0,0,0,0,0,0,0,0,0,0,0,0,0,0,0,0,0,0,0,0,0,0,0,0,0,0,0,0,0,0,0,0,0,0,0,0,0,0,0,0,0,0,0,0,0,0,0,0,0,0,0,0,0,0,0,0,0,0,0,0,0,0},
{0,0,0,0,0,0,0,0,0,0,0,0,0,0,0,0,0,0,0,0,0,0,0,0,0,0,0,0,0,0,0,0,0,0,0,0,0,0,0,0,0,0,0,0,0,0,0,0,0,0,0,0,0,0,0,0,0,0,0,0,0,0,0,0,0,0,0,0,0,0,0,0,0,0,0,0,0,0,0,0,0,0,0,0,0,0,0,0,0,0,0,0,0,0,0,0},
{0,0,0,0,0,0,0,0,0,0,0,0,0,0,0,0,0,0,0,0,0,0,0,0,0,0,0,0,0,0,0,0,0,0,0,0,0,0,0,0,0,0,0,0,0,0,0,0,0,0,0,0,0,0,0,0,0,0,0,0,0,0,0,0,0,0,0,0,0,0,0,0,-0.0005244502*J1^2*J2^2+0.0008138021*J2^4+0,0,0.0016705737*J1^2*J2^2+-0.0033411474*J1^1*J2^3+0,0,0.0001670574*J1^1*J2^3+0,0,-0.0011393229*J1^2*J2^2+0.0009645062*J1^1*J2^3+-0.0007896894*J2^4+0,0,0.0002893519*J1^1*J2^3+0,0,-0.0013677822*J1^2*J2^2+0.0016705737*J1^1*J2^3+-0.0019733652*J2^4+0,0,0.0004698489*J1^2*J2^2+-0.0003027915*J2^4+0,0,-0.0019290123*J1^1*J2^3+0.0009645062*J2^4+0,0,0,0,0,0,0,0,0,0},
{0,0,0,0,0,0,0,0,0,0,0,0,0,0,0,0,0,0,0,0,0,0,0,0,0,0,0,0,0,0,0,0,0,0,0,0,0,0,0,0,0,0,0,0,0,0,0,0,0,0,0,0,0,0,0,0,0,0,0,0,0,0,0,0,0,0,0,0,0,0,0,0,0,-0.0005244502*J1^2*J2^2+0.0008138021*J2^4+0,0,0.0016705737*J1^2*J2^2+-0.0033411474*J1^1*J2^3+0,0,0.0001670574*J1^1*J2^3+0,0,-0.0011393229*J1^2*J2^2+0.0009645062*J1^1*J2^3+-0.0007896894*J2^4+0,0,0.0002893519*J1^1*J2^3+0,0,-0.0013677822*J1^2*J2^2+0.0016705737*J1^1*J2^3+-0.0019733652*J2^4+0,0,0.0004698489*J1^2*J2^2+-0.0003027915*J2^4+0,0,-0.0019290123*J1^1*J2^3+0.0009645062*J2^4+0,0,0,0,0,0,0,0,0},
{0,0,0,0,0,0,0,0,0,0,0,0,0,0,0,0,0,0,0,0,0,0,0,0,0,0,0,0,0,0,0,0,0,0,0,0,0,0,0,0,0,0,0,0,0,0,0,0,0,0,0,0,0,0,0,0,0,0,0,0,0,0,0,0,0,0,0,0,0,0,0,0,-0.0016705737*J1^2*J2^2+0.0033411474*J1^1*J2^3+0,0,0.0001748167*J1^2*J2^2+-0.0006992670*J1^1*J2^3+0.0004279996*J2^4+0,0,0.0007896894*J1^2*J2^2+-0.0009645062*J1^1*J2^3+0.0011393229*J2^4+0,0,-0.0002018610*J1^2*J2^2+0.0003480362*J1^1*J2^3+-0.0002018610*J2^4+0,0,0.0019733652*J1^2*J2^2+-0.0016705737*J1^1*J2^3+0.0013677822*J2^4+0,0,-0.0003496335*J1^2*J2^2+0.0006028164*J1^1*J2^3+-0.0003496335*J2^4+0,0,0.0019290123*J1^1*J2^3+-0.0009645062*J2^4+0,0,0.0002471057*J1^2*J2^2+-0.0004037220*J1^1*J2^3+0.0001009305*J2^4+0,0,0,0,0,0,0,0,0,0},
{0,0,0,0,0,0,0,0,0,0,0,0,0,0,0,0,0,0,0,0,0,0,0,0,0,0,0,0,0,0,0,0,0,0,0,0,0,0,0,0,0,0,0,0,0,0,0,0,0,0,0,0,0,0,0,0,0,0,0,0,0,0,0,0,0,0,0,0,0,0,0,0,0,-0.0016705737*J1^2*J2^2+0.0033411474*J1^1*J2^3+0,0,0.0001748167*J1^2*J2^2+-0.0006992670*J1^1*J2^3+0.0004279996*J2^4+0,0,0.0007896894*J1^2*J2^2+-0.0009645062*J1^1*J2^3+0.0011393229*J2^4+0,0,-0.0002018610*J1^2*J2^2+0.0003480362*J1^1*J2^3+-0.0002018610*J2^4+0,0,0.0019733652*J1^2*J2^2+-0.0016705737*J1^1*J2^3+0.0013677822*J2^4+0,0,-0.0003496335*J1^2*J2^2+0.0006028164*J1^1*J2^3+-0.0003496335*J2^4+0,0,0.0019290123*J1^1*J2^3+-0.0009645062*J2^4+0,0,0.0002471057*J1^2*J2^2+-0.0004037220*J1^1*J2^3+0.0001009305*J2^4+0,0,0,0,0,0,0,0,0},
{0,0,0,0,0,0,0,0,0,0,0,0,0,0,0,0,0,0,0,0,0,0,0,0,0,0,0,0,0,0,0,0,0,0,0,0,0,0,0,0,0,0,0,0,0,0,0,0,0,0,0,0,0,0,0,0,0,0,0,0,0,0,0,0,0,0,0,0,0,0,0,0,-0.0001670574*J1^1*J2^3+0,0,0.0007896894*J1^2*J2^2+-0.0009645062*J1^1*J2^3+0.0011393229*J2^4+0,0,-0.0002712674*J1^2*J2^2+0.0001748167*J2^4+0,0,0.0011137158*J1^1*J2^3+-0.0005568579*J2^4+0,0,0.0003027915*J1^2*J2^2+-0.0004698489*J2^4+0,0,-0.0009645062*J1^2*J2^2+0.0019290123*J1^1*J2^3+0,0,-0.0000964506*J1^1*J2^3+0,0,0.0006577884*J1^2*J2^2+-0.0005568579*J1^1*J2^3+0.0004559274*J2^4+0,0,0.0004282118*J1^2*J2^2+0.0002362548*J1^1*J2^3+-0.0006644666*J2^4+0,0,-0.0024808072*J1^2*J2^2+0.0040920531*J1^1*J2^3+-0.0016112459*J2^4+0,0,0.0003836300*J1^2*J2^2+-0.0001364018*J1^1*J2^3+-0.0002472282*J2^4+0,0,0.0009302533*J1^2*J2^2+-0.0023625480*J1^1*J2^3+0.0014322947*J2^4+0,0},
{0,0,0,0,0,0,0,0,0,0,0,0,0,0,0,0,0,0,0,0,0,0,0,0,0,0,0,0,0,0,0,0,0,0,0,0,0,0,0,0,0,0,0,0,0,0,0,0,0,0,0,0,0,0,0,0,0,0,0,0,0,0,0,0,0,0,0,0,0,0,0,0,0,-0.0001670574*J1^1*J2^3+0,0,0.0007896894*J1^2*J2^2+-0.0009645062*J1^1*J2^3+0.0011393229*J2^4+0,0,-0.0002712674*J1^2*J2^2+0.0001748167*J2^4+0,0,0.0011137158*J1^1*J2^3+-0.0005568579*J2^4+0,0,0.0003027915*J1^2*J2^2+-0.0004698489*J2^4+0,0,-0.0009645062*J1^2*J2^2+0.0019290123*J1^1*J2^3+0,0,-0.0000964506*J1^1*J2^3+0,0,0.0006577884*J1^2*J2^2+-0.0005568579*J1^1*J2^3+0.0004559274*J2^4+0,0,0.0004282118*J1^2*J2^2+0.0002362548*J1^1*J2^3+-0.0006644666*J2^4+0,0,-0.0024808072*J1^2*J2^2+0.0040920531*J1^1*J2^3+-0.0016112459*J2^4+0,0,0.0003836300*J1^2*J2^2+-0.0001364018*J1^1*J2^3+-0.0002472282*J2^4+0,0,0.0009302533*J1^2*J2^2+-0.0023625480*J1^1*J2^3+0.0014322947*J2^4+0},
{0,0,0,0,0,0,0,0,0,0,0,0,0,0,0,0,0,0,0,0,0,0,0,0,0,0,0,0,0,0,0,0,0,0,0,0,0,0,0,0,0,0,0,0,0,0,0,0,0,0,0,0,0,0,0,0,0,0,0,0,0,0,0,0,0,0,0,0,0,0,0,0,-0.0011393229*J1^2*J2^2+0.0009645062*J1^1*J2^3+-0.0007896894*J2^4+0,0,0.0002018610*J1^2*J2^2+-0.0003480362*J1^1*J2^3+0.0002018610*J2^4+0,0,-0.0011137158*J1^1*J2^3+0.0005568579*J2^4+0,0,-0.0001426665*J1^2*J2^2+0.0002330890*J1^1*J2^3+-0.0000582722*J2^4+0,0,0.0009645062*J1^2*J2^2+-0.0019290123*J1^1*J2^3+0,0,-0.0001009305*J1^2*J2^2+0.0004037220*J1^1*J2^3+-0.0002471057*J2^4+0,0,-0.0004559274*J1^2*J2^2+0.0005568579*J1^1*J2^3+-0.0006577884*J2^4+0,0,0.0001165445*J1^2*J2^2+-0.0002009388*J1^1*J2^3+0.0001165445*J2^4+0,0,0.0029752636*J1^2*J2^2+-0.0040920531*J1^1*J2^3+0.0011167895*J2^4+0,0,-0.0004282118*J1^2*J2^2+0.0010631466*J1^1*J2^3+-0.0006349348*J2^4+0,0,-0.0006447787*J1^2*J2^2+0.0023625480*J1^1*J2^3+-0.0017177693*J2^4+0,0,0.0003665798*J1^2*J2^2+-0.0006138080*J1^1*J2^3+0.0002472282*J2^4+0,0},
{0,0,0,0,0,0,0,0,0,0,0,0,0,0,0,0,0,0,0,0,0,0,0,0,0,0,0,0,0,0,0,0,0,0,0,0,0,0,0,0,0,0,0,0,0,0,0,0,0,0,0,0,0,0,0,0,0,0,0,0,0,0,0,0,0,0,0,0,0,0,0,0,0,-0.0011393229*J1^2*J2^2+0.0009645062*J1^1*J2^3+-0.0007896894*J2^4+0,0,0.0002018610*J1^2*J2^2+-0.0003480362*J1^1*J2^3+0.0002018610*J2^4+0,0,-0.0011137158*J1^1*J2^3+0.0005568579*J2^4+0,0,-0.0001426665*J1^2*J2^2+0.0002330890*J1^1*J2^3+-0.0000582722*J2^4+0,0,0.0009645062*J1^2*J2^2+-0.0019290123*J1^1*J2^3+0,0,-0.0001009305*J1^2*J2^2+0.0004037220*J1^1*J2^3+-0.0002471057*J2^4+0,0,-0.0004559274*J1^2*J2^2+0.0005568579*J1^1*J2^3+-0.0006577884*J2^4+0,0,0.0001165445*J1^2*J2^2+-0.0002009388*J1^1*J2^3+0.0001165445*J2^4+0,0,0.0029752636*J1^2*J2^2+-0.0040920531*J1^1*J2^3+0.0011167895*J2^4+0,0,-0.0004282118*J1^2*J2^2+0.0010631466*J1^1*J2^3+-0.0006349348*J2^4+0,0,-0.0006447787*J1^2*J2^2+0.0023625480*J1^1*J2^3+-0.0017177693*J2^4+0,0,0.0003665798*J1^2*J2^2+-0.0006138080*J1^1*J2^3+0.0002472282*J2^4+0},
{0,0,0,0,0,0,0,0,0,0,0,0,0,0,0,0,0,0,0,0,0,0,0,0,0,0,0,0,0,0,0,0,0,0,0,0,0,0,0,0,0,0,0,0,0,0,0,0,0,0,0,0,0,0,0,0,0,0,0,0,0,0,0,0,0,0,0,0,0,0,0,0,-0.0002893519*J1^1*J2^3+0,0,0.0019733652*J1^2*J2^2+-0.0016705737*J1^1*J2^3+0.0013677822*J2^4+0,0,0.0003027915*J1^2*J2^2+-0.0004698489*J2^4+0,0,-0.0009645062*J1^2*J2^2+0.0019290123*J1^1*J2^3+0,0,-0.0008138021*J1^2*J2^2+0.0005244502*J2^4+0,0,0.0033411474*J1^1*J2^3+-0.0016705737*J2^4+0,0,-0.0001670574*J1^1*J2^3+0,0,0.0007896894*J1^2*J2^2+-0.0009645062*J1^1*J2^3+0.0011393229*J2^4+0,0,0,0,0,0,0,0,0,0},
{0,0,0,0,0,0,0,0,0,0,0,0,0,0,0,0,0,0,0,0,0,0,0,0,0,0,0,0,0,0,0,0,0,0,0,0,0,0,0,0,0,0,0,0,0,0,0,0,0,0,0,0,0,0,0,0,0,0,0,0,0,0,0,0,0,0,0,0,0,0,0,0,0,-0.0002893519*J1^1*J2^3+0,0,0.0019733652*J1^2*J2^2+-0.0016705737*J1^1*J2^3+0.0013677822*J2^4+0,0,0.0003027915*J1^2*J2^2+-0.0004698489*J2^4+0,0,-0.0009645062*J1^2*J2^2+0.0019290123*J1^1*J2^3+0,0,-0.0008138021*J1^2*J2^2+0.0005244502*J2^4+0,0,0.0033411474*J1^1*J2^3+-0.0016705737*J2^4+0,0,-0.0001670574*J1^1*J2^3+0,0,0.0007896894*J1^2*J2^2+-0.0009645062*J1^1*J2^3+0.0011393229*J2^4+0,0,0,0,0,0,0,0,0},
{0,0,0,0,0,0,0,0,0,0,0,0,0,0,0,0,0,0,0,0,0,0,0,0,0,0,0,0,0,0,0,0,0,0,0,0,0,0,0,0,0,0,0,0,0,0,0,0,0,0,0,0,0,0,0,0,0,0,0,0,0,0,0,0,0,0,0,0,0,0,0,0,-0.0013677822*J1^2*J2^2+0.0016705737*J1^1*J2^3+-0.0019733652*J2^4+0,0,0.0003496335*J1^2*J2^2+-0.0006028164*J1^1*J2^3+0.0003496335*J2^4+0,0,0.0009645062*J1^2*J2^2+-0.0019290123*J1^1*J2^3+0,0,-0.0001009305*J1^2*J2^2+0.0004037220*J1^1*J2^3+-0.0002471057*J2^4+0,0,-0.0033411474*J1^1*J2^3+0.0016705737*J2^4+0,0,-0.0004279996*J1^2*J2^2+0.0006992670*J1^1*J2^3+-0.0001748167*J2^4+0,0,-0.0011393229*J1^2*J2^2+0.0009645062*J1^1*J2^3+-0.0007896894*J2^4+0,0,0.0002018610*J1^2*J2^2+-0.0003480362*J1^1*J2^3+0.0002018610*J2^4+0,0,0,0,0,0,0,0,0,0},
{0,0,0,0,0,0,0,0,0,0,0,0,0,0,0,0,0,0,0,0,0,0,0,0,0,0,0,0,0,0,0,0,0,0,0,0,0,0,0,0,0,0,0,0,0,0,0,0,0,0,0,0,0,0,0,0,0,0,0,0,0,0,0,0,0,0,0,0,0,0,0,0,0,-0.0013677822*J1^2*J2^2+0.0016705737*J1^1*J2^3+-0.0019733652*J2^4+0,0,0.0003496335*J1^2*J2^2+-0.0006028164*J1^1*J2^3+0.0003496335*J2^4+0,0,0.0009645062*J1^2*J2^2+-0.0019290123*J1^1*J2^3+0,0,-0.0001009305*J1^2*J2^2+0.0004037220*J1^1*J2^3+-0.0002471057*J2^4+0,0,-0.0033411474*J1^1*J2^3+0.0016705737*J2^4+0,0,-0.0004279996*J1^2*J2^2+0.0006992670*J1^1*J2^3+-0.0001748167*J2^4+0,0,-0.0011393229*J1^2*J2^2+0.0009645062*J1^1*J2^3+-0.0007896894*J2^4+0,0,0.0002018610*J1^2*J2^2+-0.0003480362*J1^1*J2^3+0.0002018610*J2^4+0,0,0,0,0,0,0,0,0},
{0,0,0,0,0,0,0,0,0,0,0,0,0,0,0,0,0,0,0,0,0,0,0,0,0,0,0,0,0,0,0,0,0,0,0,0,0,0,0,0,0,0,0,0,0,0,0,0,0,0,0,0,0,0,0,0,0,0,0,0,0,0,0,0,0,0,0,0,0,0,0,0,0.0004698489*J1^2*J2^2+-0.0003027915*J2^4+0,0,-0.0019290123*J1^1*J2^3+0.0009645062*J2^4+0,0,0.0000964506*J1^1*J2^3+0,0,-0.0004559274*J1^2*J2^2+0.0005568579*J1^1*J2^3+-0.0006577884*J2^4+0,0,0.0001670574*J1^1*J2^3+0,0,-0.0011393229*J1^2*J2^2+0.0009645062*J1^1*J2^3+-0.0007896894*J2^4+0,0,-0.0001748167*J1^2*J2^2+0.0002712674*J2^4+0,0,0.0005568579*J1^2*J2^2+-0.0011137158*J1^1*J2^3+0,0,-0.0006644666*J1^2*J2^2+0.0002362548*J1^1*J2^3+0.0004282118*J2^4+0,0,-0.0016112459*J1^2*J2^2+0.0040920531*J1^1*J2^3+-0.0024808072*J2^4+0,0,-0.0002472282*J1^2*J2^2+-0.0001364018*J1^1*J2^3+0.0003836300*J2^4+0,0,0.0014322947*J1^2*J2^2+-0.0023625480*J1^1*J2^3+0.0009302533*J2^4+0,0},
{0,0,0,0,0,0,0,0,0,0,0,0,0,0,0,0,0,0,0,0,0,0,0,0,0,0,0,0,0,0,0,0,0,0,0,0,0,0,0,0,0,0,0,0,0,0,0,0,0,0,0,0,0,0,0,0,0,0,0,0,0,0,0,0,0,0,0,0,0,0,0,0,0,0.0004698489*J1^2*J2^2+-0.0003027915*J2^4+0,0,-0.0019290123*J1^1*J2^3+0.0009645062*J2^4+0,0,0.0000964506*J1^1*J2^3+0,0,-0.0004559274*J1^2*J2^2+0.0005568579*J1^1*J2^3+-0.0006577884*J2^4+0,0,0.0001670574*J1^1*J2^3+0,0,-0.0011393229*J1^2*J2^2+0.0009645062*J1^1*J2^3+-0.0007896894*J2^4+0,0,-0.0001748167*J1^2*J2^2+0.0002712674*J2^4+0,0,0.0005568579*J1^2*J2^2+-0.0011137158*J1^1*J2^3+0,0,-0.0006644666*J1^2*J2^2+0.0002362548*J1^1*J2^3+0.0004282118*J2^4+0,0,-0.0016112459*J1^2*J2^2+0.0040920531*J1^1*J2^3+-0.0024808072*J2^4+0,0,-0.0002472282*J1^2*J2^2+-0.0001364018*J1^1*J2^3+0.0003836300*J2^4+0,0,0.0014322947*J1^2*J2^2+-0.0023625480*J1^1*J2^3+0.0009302533*J2^4+0},
{0,0,0,0,0,0,0,0,0,0,0,0,0,0,0,0,0,0,0,0,0,0,0,0,0,0,0,0,0,0,0,0,0,0,0,0,0,0,0,0,0,0,0,0,0,0,0,0,0,0,0,0,0,0,0,0,0,0,0,0,0,0,0,0,0,0,0,0,0,0,0,0,0.0019290123*J1^1*J2^3+-0.0009645062*J2^4+0,0,0.0002471057*J1^2*J2^2+-0.0004037220*J1^1*J2^3+0.0001009305*J2^4+0,0,0.0006577884*J1^2*J2^2+-0.0005568579*J1^1*J2^3+0.0004559274*J2^4+0,0,-0.0001165445*J1^2*J2^2+0.0002009388*J1^1*J2^3+-0.0001165445*J2^4+0,0,0.0007896894*J1^2*J2^2+-0.0009645062*J1^1*J2^3+0.0011393229*J2^4+0,0,-0.0002018610*J1^2*J2^2+0.0003480362*J1^1*J2^3+-0.0002018610*J2^4+0,0,-0.0005568579*J1^2*J2^2+0.0011137158*J1^1*J2^3+0,0,0.0000582722*J1^2*J2^2+-0.0002330890*J1^1*J2^3+0.0001426665*J2^4+0,0,0.0011167895*J1^2*J2^2+-0.0040920531*J1^1*J2^3+0.0029752636*J2^4+0,0,-0.0006349348*J1^2*J2^2+0.0010631466*J1^1*J2^3+-0.0004282118*J2^4+0,0,-0.0017177693*J1^2*J2^2+0.0023625480*J1^1*J2^3+-0.0006447787*J2^4+0,0,0.0002472282*J1^2*J2^2+-0.0006138080*J1^1*J2^3+0.0003665798*J2^4+0,0},
{0,0,0,0,0,0,0,0,0,0,0,0,0,0,0,0,0,0,0,0,0,0,0,0,0,0,0,0,0,0,0,0,0,0,0,0,0,0,0,0,0,0,0,0,0,0,0,0,0,0,0,0,0,0,0,0,0,0,0,0,0,0,0,0,0,0,0,0,0,0,0,0,0,0.0019290123*J1^1*J2^3+-0.0009645062*J2^4+0,0,0.0002471057*J1^2*J2^2+-0.0004037220*J1^1*J2^3+0.0001009305*J2^4+0,0,0.0006577884*J1^2*J2^2+-0.0005568579*J1^1*J2^3+0.0004559274*J2^4+0,0,-0.0001165445*J1^2*J2^2+0.0002009388*J1^1*J2^3+-0.0001165445*J2^4+0,0,0.0007896894*J1^2*J2^2+-0.0009645062*J1^1*J2^3+0.0011393229*J2^4+0,0,-0.0002018610*J1^2*J2^2+0.0003480362*J1^1*J2^3+-0.0002018610*J2^4+0,0,-0.0005568579*J1^2*J2^2+0.0011137158*J1^1*J2^3+0,0,0.0000582722*J1^2*J2^2+-0.0002330890*J1^1*J2^3+0.0001426665*J2^4+0,0,0.0011167895*J1^2*J2^2+-0.0040920531*J1^1*J2^3+0.0029752636*J2^4+0,0,-0.0006349348*J1^2*J2^2+0.0010631466*J1^1*J2^3+-0.0004282118*J2^4+0,0,-0.0017177693*J1^2*J2^2+0.0023625480*J1^1*J2^3+-0.0006447787*J2^4+0,0,0.0002472282*J1^2*J2^2+-0.0006138080*J1^1*J2^3+0.0003665798*J2^4+0},
{0,0,0,0,0,0,0,0,0,0,0,0,0,0,0,0,0,0,0,0,0,0,0,0,0,0,0,0,0,0,0,0,0,0,0,0,0,0,0,0,0,0,0,0,0,0,0,0,0,0,0,0,0,0,0,0,0,0,0,0,0,0,0,0,0,0,0,0,0,0,0,0,0,0,0,0,0.0004282118*J1^2*J2^2+0.0002362548*J1^1*J2^3+-0.0006644666*J2^4+0,0,-0.0029752636*J1^2*J2^2+0.0040920531*J1^1*J2^3+-0.0011167895*J2^4+0,0,0,0,0,0,0.0006644666*J1^2*J2^2+-0.0002362548*J1^1*J2^3+-0.0004282118*J2^4+0,0,0.0011167895*J1^2*J2^2+-0.0040920531*J1^1*J2^3+0.0029752636*J2^4+0,0,0,0,0,0,0,0,0,0},
{0,0,0,0,0,0,0,0,0,0,0,0,0,0,0,0,0,0,0,0,0,0,0,0,0,0,0,0,0,0,0,0,0,0,0,0,0,0,0,0,0,0,0,0,0,0,0,0,0,0,0,0,0,0,0,0,0,0,0,0,0,0,0,0,0,0,0,0,0,0,0,0,0,0,0,0,0,0.0004282118*J1^2*J2^2+0.0002362548*J1^1*J2^3+-0.0006644666*J2^4+0,0,-0.0029752636*J1^2*J2^2+0.0040920531*J1^1*J2^3+-0.0011167895*J2^4+0,0,0,0,0,0,0.0006644666*J1^2*J2^2+-0.0002362548*J1^1*J2^3+-0.0004282118*J2^4+0,0,0.0011167895*J1^2*J2^2+-0.0040920531*J1^1*J2^3+0.0029752636*J2^4+0,0,0,0,0,0,0,0,0},
{0,0,0,0,0,0,0,0,0,0,0,0,0,0,0,0,0,0,0,0,0,0,0,0,0,0,0,0,0,0,0,0,0,0,0,0,0,0,0,0,0,0,0,0,0,0,0,0,0,0,0,0,0,0,0,0,0,0,0,0,0,0,0,0,0,0,0,0,0,0,0,0,0,0,0,0,0.0024808072*J1^2*J2^2+-0.0040920531*J1^1*J2^3+0.0016112459*J2^4+0,0,-0.0004282118*J1^2*J2^2+0.0010631466*J1^1*J2^3+-0.0006349348*J2^4+0,0,0,0,0,0,-0.0016112459*J1^2*J2^2+0.0040920531*J1^1*J2^3+-0.0024808072*J2^4+0,0,0.0006349348*J1^2*J2^2+-0.0010631466*J1^1*J2^3+0.0004282118*J2^4+0,0,0,0,0,0,0,0,0,0},
{0,0,0,0,0,0,0,0,0,0,0,0,0,0,0,0,0,0,0,0,0,0,0,0,0,0,0,0,0,0,0,0,0,0,0,0,0,0,0,0,0,0,0,0,0,0,0,0,0,0,0,0,0,0,0,0,0,0,0,0,0,0,0,0,0,0,0,0,0,0,0,0,0,0,0,0,0,0.0024808072*J1^2*J2^2+-0.0040920531*J1^1*J2^3+0.0016112459*J2^4+0,0,-0.0004282118*J1^2*J2^2+0.0010631466*J1^1*J2^3+-0.0006349348*J2^4+0,0,0,0,0,0,-0.0016112459*J1^2*J2^2+0.0040920531*J1^1*J2^3+-0.0024808072*J2^4+0,0,0.0006349348*J1^2*J2^2+-0.0010631466*J1^1*J2^3+0.0004282118*J2^4+0,0,0,0,0,0,0,0,0},
{0,0,0,0,0,0,0,0,0,0,0,0,0,0,0,0,0,0,0,0,0,0,0,0,0,0,0,0,0,0,0,0,0,0,0,0,0,0,0,0,0,0,0,0,0,0,0,0,0,0,0,0,0,0,0,0,0,0,0,0,0,0,0,0,0,0,0,0,0,0,0,0,0,0,0,0,-0.0003836300*J1^2*J2^2+0.0001364018*J1^1*J2^3+0.0002472282*J2^4+0,0,-0.0006447787*J1^2*J2^2+0.0023625480*J1^1*J2^3+-0.0017177693*J2^4+0,0,0,0,0,0,-0.0002472282*J1^2*J2^2+-0.0001364018*J1^1*J2^3+0.0003836300*J2^4+0,0,0.0017177693*J1^2*J2^2+-0.0023625480*J1^1*J2^3+0.0006447787*J2^4+0,0,0,0,0,0,0.0001929012*J1^2*J2^2+-0.0003858025*J1^1*J2^3+0.0001929012*J2^4+0,0,0.0033411474*J1^2*J2^2+-0.0066822948*J1^1*J2^3+0.0033411474*J2^4+0,0},
{0,0,0,0,0,0,0,0,0,0,0,0,0,0,0,0,0,0,0,0,0,0,0,0,0,0,0,0,0,0,0,0,0,0,0,0,0,0,0,0,0,0,0,0,0,0,0,0,0,0,0,0,0,0,0,0,0,0,0,0,0,0,0,0,0,0,0,0,0,0,0,0,0,0,0,0,0,-0.0003836300*J1^2*J2^2+0.0001364018*J1^1*J2^3+0.0002472282*J2^4+0,0,-0.0006447787*J1^2*J2^2+0.0023625480*J1^1*J2^3+-0.0017177693*J2^4+0,0,0,0,0,0,-0.0002472282*J1^2*J2^2+-0.0001364018*J1^1*J2^3+0.0003836300*J2^4+0,0,0.0017177693*J1^2*J2^2+-0.0023625480*J1^1*J2^3+0.0006447787*J2^4+0,0,0,0,0,0,0.0001929012*J1^2*J2^2+-0.0003858025*J1^1*J2^3+0.0001929012*J2^4+0,0,0.0033411474*J1^2*J2^2+-0.0066822948*J1^1*J2^3+0.0033411474*J2^4+0},
{0,0,0,0,0,0,0,0,0,0,0,0,0,0,0,0,0,0,0,0,0,0,0,0,0,0,0,0,0,0,0,0,0,0,0,0,0,0,0,0,0,0,0,0,0,0,0,0,0,0,0,0,0,0,0,0,0,0,0,0,0,0,0,0,0,0,0,0,0,0,0,0,0,0,0,0,0.0009302533*J1^2*J2^2+-0.0023625480*J1^1*J2^3+0.0014322947*J2^4+0,0,-0.0003665798*J1^2*J2^2+0.0006138080*J1^1*J2^3+-0.0002472282*J2^4+0,0,0,0,0,0,-0.0014322947*J1^2*J2^2+0.0023625480*J1^1*J2^3+-0.0009302533*J2^4+0,0,0.0002472282*J1^2*J2^2+-0.0006138080*J1^1*J2^3+0.0003665798*J2^4+0,0,0,0,0,0,-0.0033411474*J1^2*J2^2+0.0066822948*J1^1*J2^3+-0.0033411474*J2^4+0,0,0.0008680556*J1^2*J2^2+-0.0017361111*J1^1*J2^3+0.0008680556*J2^4+0,0},
{0,0,0,0,0,0,0,0,0,0,0,0,0,0,0,0,0,0,0,0,0,0,0,0,0,0,0,0,0,0,0,0,0,0,0,0,0,0,0,0,0,0,0,0,0,0,0,0,0,0,0,0,0,0,0,0,0,0,0,0,0,0,0,0,0,0,0,0,0,0,0,0,0,0,0,0,0,0.0009302533*J1^2*J2^2+-0.0023625480*J1^1*J2^3+0.0014322947*J2^4+0,0,-0.0003665798*J1^2*J2^2+0.0006138080*J1^1*J2^3+-0.0002472282*J2^4+0,0,0,0,0,0,-0.0014322947*J1^2*J2^2+0.0023625480*J1^1*J2^3+-0.0009302533*J2^4+0,0,0.0002472282*J1^2*J2^2+-0.0006138080*J1^1*J2^3+0.0003665798*J2^4+0,0,0,0,0,0,-0.0033411474*J1^2*J2^2+0.0066822948*J1^1*J2^3+-0.0033411474*J2^4+0,0,0.0008680556*J1^2*J2^2+-0.0017361111*J1^1*J2^3+0.0008680556*J2^4+0},
{0,0,0,0,0,0,0,0,0,0,0,0,0,0,0,0,0,0,0,0,0,0,0,0,0,0,0,0,0,0,0,0,0,0,0,0,0,0,0,0,0,0,0,0,0,0,0,0,-0.0005244502*J1^2*J2^2+0.0008138021*J2^4+0,0,-0.0016705737*J1^2*J2^2+0.0033411474*J1^1*J2^3+0,0,-0.0001670574*J1^1*J2^3+0,0,-0.0011393229*J1^2*J2^2+0.0009645062*J1^1*J2^3+-0.0007896894*J2^4+0,0,-0.0002893519*J1^1*J2^3+0,0,-0.0013677822*J1^2*J2^2+0.0016705737*J1^1*J2^3+-0.0019733652*J2^4+0,0,0.0004698489*J1^2*J2^2+-0.0003027915*J2^4+0,0,0.0019290123*J1^1*J2^3+-0.0009645062*J2^4+0,0,0,0,0,0,0,0,0,0,0,0,0,0,0,0,0,0,0,0,0,0,0,0,0,0,0,0,0,0,0,0,0,0},
{0,0,0,0,0,0,0,0,0,0,0,0,0,0,0,0,0,0,0,0,0,0,0,0,0,0,0,0,0,0,0,0,0,0,0,0,0,0,0,0,0,0,0,0,0,0,0,0,0,-0.0005244502*J1^2*J2^2+0.0008138021*J2^4+0,0,-0.0016705737*J1^2*J2^2+0.0033411474*J1^1*J2^3+0,0,-0.0001670574*J1^1*J2^3+0,0,-0.0011393229*J1^2*J2^2+0.0009645062*J1^1*J2^3+-0.0007896894*J2^4+0,0,-0.0002893519*J1^1*J2^3+0,0,-0.0013677822*J1^2*J2^2+0.0016705737*J1^1*J2^3+-0.0019733652*J2^4+0,0,0.0004698489*J1^2*J2^2+-0.0003027915*J2^4+0,0,0.0019290123*J1^1*J2^3+-0.0009645062*J2^4+0,0,0,0,0,0,0,0,0,0,0,0,0,0,0,0,0,0,0,0,0,0,0,0,0,0,0,0,0,0,0,0,0},
{0,0,0,0,0,0,0,0,0,0,0,0,0,0,0,0,0,0,0,0,0,0,0,0,0,0,0,0,0,0,0,0,0,0,0,0,0,0,0,0,0,0,0,0,0,0,0,0,0.0016705737*J1^2*J2^2+-0.0033411474*J1^1*J2^3+0,0,0.0001748167*J1^2*J2^2+-0.0006992670*J1^1*J2^3+0.0004279996*J2^4+0,0,0.0007896894*J1^2*J2^2+-0.0009645062*J1^1*J2^3+0.0011393229*J2^4+0,0,0.0002018610*J1^2*J2^2+-0.0003480362*J1^1*J2^3+0.0002018610*J2^4+0,0,0.0019733652*J1^2*J2^2+-0.0016705737*J1^1*J2^3+0.0013677822*J2^4+0,0,0.0003496335*J1^2*J2^2+-0.0006028164*J1^1*J2^3+0.0003496335*J2^4+0,0,-0.0019290123*J1^1*J2^3+0.0009645062*J2^4+0,0,0.0002471057*J1^2*J2^2+-0.0004037220*J1^1*J2^3+0.0001009305*J2^4+0,0,0,0,0,0,0,0,0,0,0,0,0,0,0,0,0,0,0,0,0,0,0,0,0,0,0,0,0,0,0,0,0,0},
{0,0,0,0,0,0,0,0,0,0,0,0,0,0,0,0,0,0,0,0,0,0,0,0,0,0,0,0,0,0,0,0,0,0,0,0,0,0,0,0,0,0,0,0,0,0,0,0,0,0.0016705737*J1^2*J2^2+-0.0033411474*J1^1*J2^3+0,0,0.0001748167*J1^2*J2^2+-0.0006992670*J1^1*J2^3+0.0004279996*J2^4+0,0,0.0007896894*J1^2*J2^2+-0.0009645062*J1^1*J2^3+0.0011393229*J2^4+0,0,0.0002018610*J1^2*J2^2+-0.0003480362*J1^1*J2^3+0.0002018610*J2^4+0,0,0.0019733652*J1^2*J2^2+-0.0016705737*J1^1*J2^3+0.0013677822*J2^4+0,0,0.0003496335*J1^2*J2^2+-0.0006028164*J1^1*J2^3+0.0003496335*J2^4+0,0,-0.0019290123*J1^1*J2^3+0.0009645062*J2^4+0,0,0.0002471057*J1^2*J2^2+-0.0004037220*J1^1*J2^3+0.0001009305*J2^4+0,0,0,0,0,0,0,0,0,0,0,0,0,0,0,0,0,0,0,0,0,0,0,0,0,0,0,0,0,0,0,0,0},
{0,0,0,0,0,0,0,0,0,0,0,0,0,0,0,0,0,0,0,0,0,0,0,0,0,0,0,0,0,0,0,0,0,0,0,0,0,0,0,0,0,0,0,0,0,0,0,0,0.0001670574*J1^1*J2^3+0,0,0.0007896894*J1^2*J2^2+-0.0009645062*J1^1*J2^3+0.0011393229*J2^4+0,0,-0.0002712674*J1^2*J2^2+0.0001748167*J2^4+0,0,-0.0011137158*J1^1*J2^3+0.0005568579*J2^4+0,0,0.0003027915*J1^2*J2^2+-0.0004698489*J2^4+0,0,0.0009645062*J1^2*J2^2+-0.0019290123*J1^1*J2^3+0,0,0.0000964506*J1^1*J2^3+0,0,0.0006577884*J1^2*J2^2+-0.0005568579*J1^1*J2^3+0.0004559274*J2^4+0,0,0.0004282118*J1^2*J2^2+0.0002362548*J1^1*J2^3+-0.0006644666*J2^4+0,0,0.0024808072*J1^2*J2^2+-0.0040920531*J1^1*J2^3+0.0016112459*J2^4+0,0,-0.0003836300*J1^2*J2^2+0.0001364018*J1^1*J2^3+0.0002472282*J2^4+0,0,0.0009302533*J1^2*J2^2+-0.0023625480*J1^1*J2^3+0.0014322947*J2^4+0,0,0,0,0,0,0,0,0,0,0,0,0,0,0,0,0,0,0,0,0,0,0,0,0,0},
{0,0,0,0,0,0,0,0,0,0,0,0,0,0,0,0,0,0,0,0,0,0,0,0,0,0,0,0,0,0,0,0,0,0,0,0,0,0,0,0,0,0,0,0,0,0,0,0,0,0.0001670574*J1^1*J2^3+0,0,0.0007896894*J1^2*J2^2+-0.0009645062*J1^1*J2^3+0.0011393229*J2^4+0,0,-0.0002712674*J1^2*J2^2+0.0001748167*J2^4+0,0,-0.0011137158*J1^1*J2^3+0.0005568579*J2^4+0,0,0.0003027915*J1^2*J2^2+-0.0004698489*J2^4+0,0,0.0009645062*J1^2*J2^2+-0.0019290123*J1^1*J2^3+0,0,0.0000964506*J1^1*J2^3+0,0,0.0006577884*J1^2*J2^2+-0.0005568579*J1^1*J2^3+0.0004559274*J2^4+0,0,0.0004282118*J1^2*J2^2+0.0002362548*J1^1*J2^3+-0.0006644666*J2^4+0,0,0.0024808072*J1^2*J2^2+-0.0040920531*J1^1*J2^3+0.0016112459*J2^4+0,0,-0.0003836300*J1^2*J2^2+0.0001364018*J1^1*J2^3+0.0002472282*J2^4+0,0,0.0009302533*J1^2*J2^2+-0.0023625480*J1^1*J2^3+0.0014322947*J2^4+0,0,0,0,0,0,0,0,0,0,0,0,0,0,0,0,0,0,0,0,0,0,0,0,0},
{0,0,0,0,0,0,0,0,0,0,0,0,0,0,0,0,0,0,0,0,0,0,0,0,0,0,0,0,0,0,0,0,0,0,0,0,0,0,0,0,0,0,0,0,0,0,0,0,-0.0011393229*J1^2*J2^2+0.0009645062*J1^1*J2^3+-0.0007896894*J2^4+0,0,-0.0002018610*J1^2*J2^2+0.0003480362*J1^1*J2^3+-0.0002018610*J2^4+0,0,0.0011137158*J1^1*J2^3+-0.0005568579*J2^4+0,0,-0.0001426665*J1^2*J2^2+0.0002330890*J1^1*J2^3+-0.0000582722*J2^4+0,0,-0.0009645062*J1^2*J2^2+0.0019290123*J1^1*J2^3+0,0,-0.0001009305*J1^2*J2^2+0.0004037220*J1^1*J2^3+-0.0002471057*J2^4+0,0,-0.0004559274*J1^2*J2^2+0.0005568579*J1^1*J2^3+-0.0006577884*J2^4+0,0,-0.0001165445*J1^2*J2^2+0.0002009388*J1^1*J2^3+-0.0001165445*J2^4+0,0,-0.0029752636*J1^2*J2^2+0.0040920531*J1^1*J2^3+-0.0011167895*J2^4+0,0,-0.0004282118*J1^2*J2^2+0.0010631466*J1^1*J2^3+-0.0006349348*J2^4+0,0,-0.0006447787*J1^2*J2^2+0.0023625480*J1^1*J2^3+-0.0017177693*J2^4+0,0,-0.0003665798*J1^2*J2^2+0.0006138080*J1^1*J2^3+-0.0002472282*J2^4+0,0,0,0,0,0,0,0,0,0,0,0,0,0,0,0,0,0,0,0,0,0,0,0,0,0},
{0,0,0,0,0,0,0,0,0,0,0,0,0,0,0,0,0,0,0,0,0,0,0,0,0,0,0,0,0,0,0,0,0,0,0,0,0,0,0,0,0,0,0,0,0,0,0,0,0,-0.0011393229*J1^2*J2^2+0.0009645062*J1^1*J2^3+-0.0007896894*J2^4+0,0,-0.0002018610*J1^2*J2^2+0.0003480362*J1^1*J2^3+-0.0002018610*J2^4+0,0,0.0011137158*J1^1*J2^3+-0.0005568579*J2^4+0,0,-0.0001426665*J1^2*J2^2+0.0002330890*J1^1*J2^3+-0.0000582722*J2^4+0,0,-0.0009645062*J1^2*J2^2+0.0019290123*J1^1*J2^3+0,0,-0.0001009305*J1^2*J2^2+0.0004037220*J1^1*J2^3+-0.0002471057*J2^4+0,0,-0.0004559274*J1^2*J2^2+0.0005568579*J1^1*J2^3+-0.0006577884*J2^4+0,0,-0.0001165445*J1^2*J2^2+0.0002009388*J1^1*J2^3+-0.0001165445*J2^4+0,0,-0.0029752636*J1^2*J2^2+0.0040920531*J1^1*J2^3+-0.0011167895*J2^4+0,0,-0.0004282118*J1^2*J2^2+0.0010631466*J1^1*J2^3+-0.0006349348*J2^4+0,0,-0.0006447787*J1^2*J2^2+0.0023625480*J1^1*J2^3+-0.0017177693*J2^4+0,0,-0.0003665798*J1^2*J2^2+0.0006138080*J1^1*J2^3+-0.0002472282*J2^4+0,0,0,0,0,0,0,0,0,0,0,0,0,0,0,0,0,0,0,0,0,0,0,0,0},
{0,0,0,0,0,0,0,0,0,0,0,0,0,0,0,0,0,0,0,0,0,0,0,0,0,0,0,0,0,0,0,0,0,0,0,0,0,0,0,0,0,0,0,0,0,0,0,0,0.0002893519*J1^1*J2^3+0,0,0.0019733652*J1^2*J2^2+-0.0016705737*J1^1*J2^3+0.0013677822*J2^4+0,0,0.0003027915*J1^2*J2^2+-0.0004698489*J2^4+0,0,0.0009645062*J1^2*J2^2+-0.0019290123*J1^1*J2^3+0,0,-0.0008138021*J1^2*J2^2+0.0005244502*J2^4+0,0,-0.0033411474*J1^1*J2^3+0.0016705737*J2^4+0,0,0.0001670574*J1^1*J2^3+0,0,0.0007896894*J1^2*J2^2+-0.0009645062*J1^1*J2^3+0.0011393229*J2^4+0,0,0,0,0,0,0,0,0,0,0,0,0,0,0,0,0,0,0,0,0,0,0,0,0,0,0,0,0,0,0,0,0,0},
{0,0,0,0,0,0,0,0,0,0,0,0,0,0,0,0,0,0,0,0,0,0,0,0,0,0,0,0,0,0,0,0,0,0,0,0,0,0,0,0,0,0,0,0,0,0,0,0,0,0.0002893519*J1^1*J2^3+0,0,0.0019733652*J1^2*J2^2+-0.0016705737*J1^1*J2^3+0.0013677822*J2^4+0,0,0.0003027915*J1^2*J2^2+-0.0004698489*J2^4+0,0,0.0009645062*J1^2*J2^2+-0.0019290123*J1^1*J2^3+0,0,-0.0008138021*J1^2*J2^2+0.0005244502*J2^4+0,0,-0.0033411474*J1^1*J2^3+0.0016705737*J2^4+0,0,0.0001670574*J1^1*J2^3+0,0,0.0007896894*J1^2*J2^2+-0.0009645062*J1^1*J2^3+0.0011393229*J2^4+0,0,0,0,0,0,0,0,0,0,0,0,0,0,0,0,0,0,0,0,0,0,0,0,0,0,0,0,0,0,0,0,0},
{0,0,0,0,0,0,0,0,0,0,0,0,0,0,0,0,0,0,0,0,0,0,0,0,0,0,0,0,0,0,0,0,0,0,0,0,0,0,0,0,0,0,0,0,0,0,0,0,-0.0013677822*J1^2*J2^2+0.0016705737*J1^1*J2^3+-0.0019733652*J2^4+0,0,-0.0003496335*J1^2*J2^2+0.0006028164*J1^1*J2^3+-0.0003496335*J2^4+0,0,-0.0009645062*J1^2*J2^2+0.0019290123*J1^1*J2^3+0,0,-0.0001009305*J1^2*J2^2+0.0004037220*J1^1*J2^3+-0.0002471057*J2^4+0,0,0.0033411474*J1^1*J2^3+-0.0016705737*J2^4+0,0,-0.0004279996*J1^2*J2^2+0.0006992670*J1^1*J2^3+-0.0001748167*J2^4+0,0,-0.0011393229*J1^2*J2^2+0.0009645062*J1^1*J2^3+-0.0007896894*J2^4+0,0,-0.0002018610*J1^2*J2^2+0.0003480362*J1^1*J2^3+-0.0002018610*J2^4+0,0,0,0,0,0,0,0,0,0,0,0,0,0,0,0,0,0,0,0,0,0,0,0,0,0,0,0,0,0,0,0,0,0},
{0,0,0,0,0,0,0,0,0,0,0,0,0,0,0,0,0,0,0,0,0,0,0,0,0,0,0,0,0,0,0,0,0,0,0,0,0,0,0,0,0,0,0,0,0,0,0,0,0,-0.0013677822*J1^2*J2^2+0.0016705737*J1^1*J2^3+-0.0019733652*J2^4+0,0,-0.0003496335*J1^2*J2^2+0.0006028164*J1^1*J2^3+-0.0003496335*J2^4+0,0,-0.0009645062*J1^2*J2^2+0.0019290123*J1^1*J2^3+0,0,-0.0001009305*J1^2*J2^2+0.0004037220*J1^1*J2^3+-0.0002471057*J2^4+0,0,0.0033411474*J1^1*J2^3+-0.0016705737*J2^4+0,0,-0.0004279996*J1^2*J2^2+0.0006992670*J1^1*J2^3+-0.0001748167*J2^4+0,0,-0.0011393229*J1^2*J2^2+0.0009645062*J1^1*J2^3+-0.0007896894*J2^4+0,0,-0.0002018610*J1^2*J2^2+0.0003480362*J1^1*J2^3+-0.0002018610*J2^4+0,0,0,0,0,0,0,0,0,0,0,0,0,0,0,0,0,0,0,0,0,0,0,0,0,0,0,0,0,0,0,0,0},
{0,0,0,0,0,0,0,0,0,0,0,0,0,0,0,0,0,0,0,0,0,0,0,0,0,0,0,0,0,0,0,0,0,0,0,0,0,0,0,0,0,0,0,0,0,0,0,0,0.0004698489*J1^2*J2^2+-0.0003027915*J2^4+0,0,0.0019290123*J1^1*J2^3+-0.0009645062*J2^4+0,0,-0.0000964506*J1^1*J2^3+0,0,-0.0004559274*J1^2*J2^2+0.0005568579*J1^1*J2^3+-0.0006577884*J2^4+0,0,-0.0001670574*J1^1*J2^3+0,0,-0.0011393229*J1^2*J2^2+0.0009645062*J1^1*J2^3+-0.0007896894*J2^4+0,0,-0.0001748167*J1^2*J2^2+0.0002712674*J2^4+0,0,-0.0005568579*J1^2*J2^2+0.0011137158*J1^1*J2^3+0,0,0.0006644666*J1^2*J2^2+-0.0002362548*J1^1*J2^3+-0.0004282118*J2^4+0,0,-0.0016112459*J1^2*J2^2+0.0040920531*J1^1*J2^3+-0.0024808072*J2^4+0,0,-0.0002472282*J1^2*J2^2+-0.0001364018*J1^1*J2^3+0.0003836300*J2^4+0,0,-0.0014322947*J1^2*J2^2+0.0023625480*J1^1*J2^3+-0.0009302533*J2^4+0,0,0,0,0,0,0,0,0,0,0,0,0,0,0,0,0,0,0,0,0,0,0,0,0,0},
{0,0,0,0,0,0,0,0,0,0,0,0,0,0,0,0,0,0,0,0,0,0,0,0,0,0,0,0,0,0,0,0,0,0,0,0,0,0,0,0,0,0,0,0,0,0,0,0,0,0.0004698489*J1^2*J2^2+-0.0003027915*J2^4+0,0,0.0019290123*J1^1*J2^3+-0.0009645062*J2^4+0,0,-0.0000964506*J1^1*J2^3+0,0,-0.0004559274*J1^2*J2^2+0.0005568579*J1^1*J2^3+-0.0006577884*J2^4+0,0,-0.0001670574*J1^1*J2^3+0,0,-0.0011393229*J1^2*J2^2+0.0009645062*J1^1*J2^3+-0.0007896894*J2^4+0,0,-0.0001748167*J1^2*J2^2+0.0002712674*J2^4+0,0,-0.0005568579*J1^2*J2^2+0.0011137158*J1^1*J2^3+0,0,0.0006644666*J1^2*J2^2+-0.0002362548*J1^1*J2^3+-0.0004282118*J2^4+0,0,-0.0016112459*J1^2*J2^2+0.0040920531*J1^1*J2^3+-0.0024808072*J2^4+0,0,-0.0002472282*J1^2*J2^2+-0.0001364018*J1^1*J2^3+0.0003836300*J2^4+0,0,-0.0014322947*J1^2*J2^2+0.0023625480*J1^1*J2^3+-0.0009302533*J2^4+0,0,0,0,0,0,0,0,0,0,0,0,0,0,0,0,0,0,0,0,0,0,0,0,0},
{0,0,0,0,0,0,0,0,0,0,0,0,0,0,0,0,0,0,0,0,0,0,0,0,0,0,0,0,0,0,0,0,0,0,0,0,0,0,0,0,0,0,0,0,0,0,0,0,-0.0019290123*J1^1*J2^3+0.0009645062*J2^4+0,0,0.0002471057*J1^2*J2^2+-0.0004037220*J1^1*J2^3+0.0001009305*J2^4+0,0,0.0006577884*J1^2*J2^2+-0.0005568579*J1^1*J2^3+0.0004559274*J2^4+0,0,0.0001165445*J1^2*J2^2+-0.0002009388*J1^1*J2^3+0.0001165445*J2^4+0,0,0.0007896894*J1^2*J2^2+-0.0009645062*J1^1*J2^3+0.0011393229*J2^4+0,0,0.0002018610*J1^2*J2^2+-0.0003480362*J1^1*J2^3+0.0002018610*J2^4+0,0,0.0005568579*J1^2*J2^2+-0.0011137158*J1^1*J2^3+0,0,0.0000582722*J1^2*J2^2+-0.0002330890*J1^1*J2^3+0.0001426665*J2^4+0,0,0.0011167895*J1^2*J2^2+-0.0040920531*J1^1*J2^3+0.0029752636*J2^4+0,0,0.0006349348*J1^2*J2^2+-0.0010631466*J1^1*J2^3+0.0004282118*J2^4+0,0,0.0017177693*J1^2*J2^2+-0.0023625480*J1^1*J2^3+0.0006447787*J2^4+0,0,0.0002472282*J1^2*J2^2+-0.0006138080*J1^1*J2^3+0.0003665798*J2^4+0,0,0,0,0,0,0,0,0,0,0,0,0,0,0,0,0,0,0,0,0,0,0,0,0,0},
{0,0,0,0,0,0,0,0,0,0,0,0,0,0,0,0,0,0,0,0,0,0,0,0,0,0,0,0,0,0,0,0,0,0,0,0,0,0,0,0,0,0,0,0,0,0,0,0,0,-0.0019290123*J1^1*J2^3+0.0009645062*J2^4+0,0,0.0002471057*J1^2*J2^2+-0.0004037220*J1^1*J2^3+0.0001009305*J2^4+0,0,0.0006577884*J1^2*J2^2+-0.0005568579*J1^1*J2^3+0.0004559274*J2^4+0,0,0.0001165445*J1^2*J2^2+-0.0002009388*J1^1*J2^3+0.0001165445*J2^4+0,0,0.0007896894*J1^2*J2^2+-0.0009645062*J1^1*J2^3+0.0011393229*J2^4+0,0,0.0002018610*J1^2*J2^2+-0.0003480362*J1^1*J2^3+0.0002018610*J2^4+0,0,0.0005568579*J1^2*J2^2+-0.0011137158*J1^1*J2^3+0,0,0.0000582722*J1^2*J2^2+-0.0002330890*J1^1*J2^3+0.0001426665*J2^4+0,0,0.0011167895*J1^2*J2^2+-0.0040920531*J1^1*J2^3+0.0029752636*J2^4+0,0,0.0006349348*J1^2*J2^2+-0.0010631466*J1^1*J2^3+0.0004282118*J2^4+0,0,0.0017177693*J1^2*J2^2+-0.0023625480*J1^1*J2^3+0.0006447787*J2^4+0,0,0.0002472282*J1^2*J2^2+-0.0006138080*J1^1*J2^3+0.0003665798*J2^4+0,0,0,0,0,0,0,0,0,0,0,0,0,0,0,0,0,0,0,0,0,0,0,0,0},
{0,0,0,0,0,0,0,0,0,0,0,0,0,0,0,0,0,0,0,0,0,0,0,0,0,0,0,0,0,0,0,0,0,0,0,0,0,0,0,0,0,0,0,0,0,0,0,0,0,0,0,0,0.0004282118*J1^2*J2^2+0.0002362548*J1^1*J2^3+-0.0006644666*J2^4+0,0,0.0029752636*J1^2*J2^2+-0.0040920531*J1^1*J2^3+0.0011167895*J2^4+0,0,0,0,0,0,-0.0006644666*J1^2*J2^2+0.0002362548*J1^1*J2^3+0.0004282118*J2^4+0,0,0.0011167895*J1^2*J2^2+-0.0040920531*J1^1*J2^3+0.0029752636*J2^4+0,0,0,0,0,0,0,0,0,0,0,0,0,0,0,0,0,0,0,0,0,0,0,0,0,0,0,0,0,0,0,0,0,0},
{0,0,0,0,0,0,0,0,0,0,0,0,0,0,0,0,0,0,0,0,0,0,0,0,0,0,0,0,0,0,0,0,0,0,0,0,0,0,0,0,0,0,0,0,0,0,0,0,0,0,0,0,0,0.0004282118*J1^2*J2^2+0.0002362548*J1^1*J2^3+-0.0006644666*J2^4+0,0,0.0029752636*J1^2*J2^2+-0.0040920531*J1^1*J2^3+0.0011167895*J2^4+0,0,0,0,0,0,-0.0006644666*J1^2*J2^2+0.0002362548*J1^1*J2^3+0.0004282118*J2^4+0,0,0.0011167895*J1^2*J2^2+-0.0040920531*J1^1*J2^3+0.0029752636*J2^4+0,0,0,0,0,0,0,0,0,0,0,0,0,0,0,0,0,0,0,0,0,0,0,0,0,0,0,0,0,0,0,0,0},
{0,0,0,0,0,0,0,0,0,0,0,0,0,0,0,0,0,0,0,0,0,0,0,0,0,0,0,0,0,0,0,0,0,0,0,0,0,0,0,0,0,0,0,0,0,0,0,0,0,0,0,0,-0.0024808072*J1^2*J2^2+0.0040920531*J1^1*J2^3+-0.0016112459*J2^4+0,0,-0.0004282118*J1^2*J2^2+0.0010631466*J1^1*J2^3+-0.0006349348*J2^4+0,0,0,0,0,0,-0.0016112459*J1^2*J2^2+0.0040920531*J1^1*J2^3+-0.0024808072*J2^4+0,0,-0.0006349348*J1^2*J2^2+0.0010631466*J1^1*J2^3+-0.0004282118*J2^4+0,0,0,0,0,0,0,0,0,0,0,0,0,0,0,0,0,0,0,0,0,0,0,0,0,0,0,0,0,0,0,0,0,0},
{0,0,0,0,0,0,0,0,0,0,0,0,0,0,0,0,0,0,0,0,0,0,0,0,0,0,0,0,0,0,0,0,0,0,0,0,0,0,0,0,0,0,0,0,0,0,0,0,0,0,0,0,0,-0.0024808072*J1^2*J2^2+0.0040920531*J1^1*J2^3+-0.0016112459*J2^4+0,0,-0.0004282118*J1^2*J2^2+0.0010631466*J1^1*J2^3+-0.0006349348*J2^4+0,0,0,0,0,0,-0.0016112459*J1^2*J2^2+0.0040920531*J1^1*J2^3+-0.0024808072*J2^4+0,0,-0.0006349348*J1^2*J2^2+0.0010631466*J1^1*J2^3+-0.0004282118*J2^4+0,0,0,0,0,0,0,0,0,0,0,0,0,0,0,0,0,0,0,0,0,0,0,0,0,0,0,0,0,0,0,0,0},
{0,0,0,0,0,0,0,0,0,0,0,0,0,0,0,0,0,0,0,0,0,0,0,0,0,0,0,0,0,0,0,0,0,0,0,0,0,0,0,0,0,0,0,0,0,0,0,0,0,0,0,0,0.0003836300*J1^2*J2^2+-0.0001364018*J1^1*J2^3+-0.0002472282*J2^4+0,0,-0.0006447787*J1^2*J2^2+0.0023625480*J1^1*J2^3+-0.0017177693*J2^4+0,0,0,0,0,0,-0.0002472282*J1^2*J2^2+-0.0001364018*J1^1*J2^3+0.0003836300*J2^4+0,0,-0.0017177693*J1^2*J2^2+0.0023625480*J1^1*J2^3+-0.0006447787*J2^4+0,0,0,0,0,0,0.0001929012*J1^2*J2^2+-0.0003858025*J1^1*J2^3+0.0001929012*J2^4+0,0,-0.0033411474*J1^2*J2^2+0.0066822948*J1^1*J2^3+-0.0033411474*J2^4+0,0,0,0,0,0,0,0,0,0,0,0,0,0,0,0,0,0,0,0,0,0,0,0,0,0},
{0,0,0,0,0,0,0,0,0,0,0,0,0,0,0,0,0,0,0,0,0,0,0,0,0,0,0,0,0,0,0,0,0,0,0,0,0,0,0,0,0,0,0,0,0,0,0,0,0,0,0,0,0,0.0003836300*J1^2*J2^2+-0.0001364018*J1^1*J2^3+-0.0002472282*J2^4+0,0,-0.0006447787*J1^2*J2^2+0.0023625480*J1^1*J2^3+-0.0017177693*J2^4+0,0,0,0,0,0,-0.0002472282*J1^2*J2^2+-0.0001364018*J1^1*J2^3+0.0003836300*J2^4+0,0,-0.0017177693*J1^2*J2^2+0.0023625480*J1^1*J2^3+-0.0006447787*J2^4+0,0,0,0,0,0,0.0001929012*J1^2*J2^2+-0.0003858025*J1^1*J2^3+0.0001929012*J2^4+0,0,-0.0033411474*J1^2*J2^2+0.0066822948*J1^1*J2^3+-0.0033411474*J2^4+0,0,0,0,0,0,0,0,0,0,0,0,0,0,0,0,0,0,0,0,0,0,0,0,0},
{0,0,0,0,0,0,0,0,0,0,0,0,0,0,0,0,0,0,0,0,0,0,0,0,0,0,0,0,0,0,0,0,0,0,0,0,0,0,0,0,0,0,0,0,0,0,0,0,0,0,0,0,0.0009302533*J1^2*J2^2+-0.0023625480*J1^1*J2^3+0.0014322947*J2^4+0,0,0.0003665798*J1^2*J2^2+-0.0006138080*J1^1*J2^3+0.0002472282*J2^4+0,0,0,0,0,0,0.0014322947*J1^2*J2^2+-0.0023625480*J1^1*J2^3+0.0009302533*J2^4+0,0,0.0002472282*J1^2*J2^2+-0.0006138080*J1^1*J2^3+0.0003665798*J2^4+0,0,0,0,0,0,0.0033411474*J1^2*J2^2+-0.0066822948*J1^1*J2^3+0.0033411474*J2^4+0,0,0.0008680556*J1^2*J2^2+-0.0017361111*J1^1*J2^3+0.0008680556*J2^4+0,0,0,0,0,0,0,0,0,0,0,0,0,0,0,0,0,0,0,0,0,0,0,0,0,0},
{0,0,0,0,0,0,0,0,0,0,0,0,0,0,0,0,0,0,0,0,0,0,0,0,0,0,0,0,0,0,0,0,0,0,0,0,0,0,0,0,0,0,0,0,0,0,0,0,0,0,0,0,0,0.0009302533*J1^2*J2^2+-0.0023625480*J1^1*J2^3+0.0014322947*J2^4+0,0,0.0003665798*J1^2*J2^2+-0.0006138080*J1^1*J2^3+0.0002472282*J2^4+0,0,0,0,0,0,0.0014322947*J1^2*J2^2+-0.0023625480*J1^1*J2^3+0.0009302533*J2^4+0,0,0.0002472282*J1^2*J2^2+-0.0006138080*J1^1*J2^3+0.0003665798*J2^4+0,0,0,0,0,0,0.0033411474*J1^2*J2^2+-0.0066822948*J1^1*J2^3+0.0033411474*J2^4+0,0,0.0008680556*J1^2*J2^2+-0.0017361111*J1^1*J2^3+0.0008680556*J2^4+0,0,0,0,0,0,0,0,0,0,0,0,0,0,0,0,0,0,0,0,0,0,0,0,0}
}