96
{{0,0,0,0,0,0,0,0,0,0,0,0,0,0,0,0,0,0,0,0,0,0,0,0,0.0001602487*J2^5+0,-0.0004228640*J1^1*J2^4+0.0001424048*J2^5+0,0,0,0,0,0,0,0.0000927667*J1^1*J2^4+0,0.0000795649*J1^1*J2^4+-0.0002584169*J2^5+0,0,0,0,0,0,0,-0.0000477169*J1^1*J2^4+0,-0.0000444345*J1^1*J2^4+0.0001162817*J2^5+0,0,0,0,0,0,0,0,0,0,0,0,0,0,0,0,0,0,0,0,0,0,0,0,0,0,0,0,0,0,0,-0.0007399571*J2^5+0,0.0017619332*J1^1*J2^4+-0.0007709002*J2^5+0,0.0004272144*J1^1*J2^4+0,0.0004450794*J1^1*J2^4+-0.0010172526*J2^5+0,0,0,0,0,0,0,0,0,0,0,0,0,0,0,0,0,0,0,0,0},
{0,0,0,0,0,0,0,0,0,0,0,0,0,0,0,0,0,0,0,0,0,0,0,0,-0.0000925196*J1^1*J2^4+0,-0.0000822175*J1^1*J2^4+0.0002441406*J2^5+0,0,0,0,0,0,0,-0.0000389607*J1^1*J2^4+-0.0000145982*J2^5+0,0.0000179729*J1^1*J2^4+0.0000852874*J2^5+0,0,0,0,0,0,0,0.0001032931*J1^1*J2^4+-0.0000757437*J2^5+0,0.0003016153*J1^1*J2^4+-0.0003430962*J2^5+0,0,0,0,0,0,0,0,0,0,0,0,0,0,0,0,0,0,0,0,0,0,0,0,0,0,0,0,0,0,0,0.0004272144*J1^1*J2^4+0,0.0004450794*J1^1*J2^4+-0.0010172526*J2^5+0,-0.0004933047*J1^1*J2^4+0.0002466524*J2^5+0,-0.0011012445*J1^1*J2^4+0.0014315888*J2^5+0,0,0,0,0,0,0,0,0,0,0,0,0,0,0,0,0,0,0,0,0},
{0,0,0,0,0,0,0,0,0,0,0,0,0,0,0,0,0,0,0,0,0,0,0,0,0,0,0.0001602487*J2^5+0,-0.0004228640*J1^1*J2^4+0.0001424048*J2^5+0,0,0,0,0,0,0,0.0000927667*J1^1*J2^4+0,0.0000795649*J1^1*J2^4+-0.0002584169*J2^5+0,0,0,0,0,0,0,-0.0000477169*J1^1*J2^4+0,-0.0000444345*J1^1*J2^4+0.0001162817*J2^5+0,0,0,0,0,0,0,0,0,0,0,0,0,0,0,0,0,0,0,0,0,0,0,0,0,0,0,0,0,0,0,0,0,-0.0007399571*J2^5+0,0.0017619332*J1^1*J2^4+-0.0007709002*J2^5+0,0.0004272144*J1^1*J2^4+0,0.0004450794*J1^1*J2^4+-0.0010172526*J2^5+0,0,0,0,0,0,0,0,0,0,0,0,0,0,0,0,0},
{0,0,0,0,0,0,0,0,0,0,0,0,0,0,0,0,0,0,0,0,0,0,0,0,0,0,-0.0000925196*J1^1*J2^4+0,-0.0000822175*J1^1*J2^4+0.0002441406*J2^5+0,0,0,0,0,0,0,-0.0000389607*J1^1*J2^4+-0.0000145982*J2^5+0,0.0000179729*J1^1*J2^4+0.0000852874*J2^5+0,0,0,0,0,0,0,0.0001032931*J1^1*J2^4+-0.0000757437*J2^5+0,0.0003016153*J1^1*J2^4+-0.0003430962*J2^5+0,0,0,0,0,0,0,0,0,0,0,0,0,0,0,0,0,0,0,0,0,0,0,0,0,0,0,0,0,0,0,0,0,0.0004272144*J1^1*J2^4+0,0.0004450794*J1^1*J2^4+-0.0010172526*J2^5+0,-0.0004933047*J1^1*J2^4+0.0002466524*J2^5+0,-0.0011012445*J1^1*J2^4+0.0014315888*J2^5+0,0,0,0,0,0,0,0,0,0,0,0,0,0,0,0,0},
{0,0,0,0,0,0,0,0,0,0,0,0,0,0,0,0,0,0,0,0,0,0,0,0,0,0,0,0,0.0001602487*J2^5+0,-0.0004228640*J1^1*J2^4+0.0001424048*J2^5+0,0,0,0,0,0,0,0.0000927667*J1^1*J2^4+0,0.0000795649*J1^1*J2^4+-0.0002584169*J2^5+0,0,0,0,0,0,0,-0.0000477169*J1^1*J2^4+0,-0.0000444345*J1^1*J2^4+0.0001162817*J2^5+0,0,0,0,0,0,0,0,0,0,0,0,0,0,0,0,0,0,0,0,0,0,0,0,0,0,0,0,0,0,0,0,0,0,0,0.0004272144*J2^5+0,-0.0010172526*J1^1*J2^4+0.0004450794*J2^5+0,-0.0002466524*J1^1*J2^4+0,-0.0002569667*J1^1*J2^4+0.0005873111*J2^5+0,0,0,0,0,0.0006041724*J2^5+0,-0.0014386124*J1^1*J2^4+0.0006294373*J2^5+0,-0.0003488191*J1^1*J2^4+0,-0.0003634058*J1^1*J2^4+0.0008305833*J2^5+0,0,0,0,0},
{0,0,0,0,0,0,0,0,0,0,0,0,0,0,0,0,0,0,0,0,0,0,0,0,0,0,0,0,-0.0000925196*J1^1*J2^4+0,-0.0000822175*J1^1*J2^4+0.0002441406*J2^5+0,0,0,0,0,0,0,-0.0000389607*J1^1*J2^4+-0.0000145982*J2^5+0,0.0000179729*J1^1*J2^4+0.0000852874*J2^5+0,0,0,0,0,0,0,0.0001032931*J1^1*J2^4+-0.0000757437*J2^5+0,0.0003016153*J1^1*J2^4+-0.0003430962*J2^5+0,0,0,0,0,0,0,0,0,0,0,0,0,0,0,0,0,0,0,0,0,0,0,0,0,0,0,0,0,0,0,0,0,0,0,-0.0002466524*J1^1*J2^4+0,-0.0002569667*J1^1*J2^4+0.0005873111*J2^5+0,0.0002848096*J1^1*J2^4+-0.0001424048*J2^5+0,0.0006358038*J1^1*J2^4+-0.0008265282*J2^5+0,0,0,0,0,-0.0003488191*J1^1*J2^4+0,-0.0003634058*J1^1*J2^4+0.0008305833*J2^5+0,0.0004027816*J1^1*J2^4+-0.0002013908*J2^5+0,0.0008991624*J1^1*J2^4+-0.0011688874*J2^5+0,0,0,0,0},
{0,0,0,0,0,0,0,0,0,0,0,0,0,0,0,0,0,0,0,0,0,0,0,0,0,0,0,0,0,0,0.0001602487*J2^5+0,-0.0004228640*J1^1*J2^4+0.0001424048*J2^5+0,0,0,0,0,0,0,0.0000927667*J1^1*J2^4+0,0.0000795649*J1^1*J2^4+-0.0002584169*J2^5+0,0,0,0,0,0,0,-0.0000477169*J1^1*J2^4+0,-0.0000444345*J1^1*J2^4+0.0001162817*J2^5+0,0,0,0,0,0,0,0,0,0,0,0,0,0,0,0,0,0,0,0,0,0,0,0,0,0,0,0,0,0,0,0,0,0,0,0,0,0.0004272144*J2^5+0,-0.0010172526*J1^1*J2^4+0.0004450794*J2^5+0,-0.0002466524*J1^1*J2^4+0,-0.0002569667*J1^1*J2^4+0.0005873111*J2^5+0,0,0,0,0,0.0006041724*J2^5+0,-0.0014386124*J1^1*J2^4+0.0006294373*J2^5+0,-0.0003488191*J1^1*J2^4+0,-0.0003634058*J1^1*J2^4+0.0008305833*J2^5+0},
{0,0,0,0,0,0,0,0,0,0,0,0,0,0,0,0,0,0,0,0,0,0,0,0,0,0,0,0,0,0,-0.0000925196*J1^1*J2^4+0,-0.0000822175*J1^1*J2^4+0.0002441406*J2^5+0,0,0,0,0,0,0,-0.0000389607*J1^1*J2^4+-0.0000145982*J2^5+0,0.0000179729*J1^1*J2^4+0.0000852874*J2^5+0,0,0,0,0,0,0,0.0001032931*J1^1*J2^4+-0.0000757437*J2^5+0,0.0003016153*J1^1*J2^4+-0.0003430962*J2^5+0,0,0,0,0,0,0,0,0,0,0,0,0,0,0,0,0,0,0,0,0,0,0,0,0,0,0,0,0,0,0,0,0,0,0,0,0,-0.0002466524*J1^1*J2^4+0,-0.0002569667*J1^1*J2^4+0.0005873111*J2^5+0,0.0002848096*J1^1*J2^4+-0.0001424048*J2^5+0,0.0006358038*J1^1*J2^4+-0.0008265282*J2^5+0,0,0,0,0,-0.0003488191*J1^1*J2^4+0,-0.0003634058*J1^1*J2^4+0.0008305833*J2^5+0,0.0004027816*J1^1*J2^4+-0.0002013908*J2^5+0,0.0008991624*J1^1*J2^4+-0.0011688874*J2^5+0},
{0,0,0,0,0,0,0,0,0,0,0,0,0,0,0,0,0,0,0,0,0,0,0,0,0.0007324219*J1^1*J2^4+0,-0.0002349244*J2^5+0,0,0,0,0,0,0,0.0004475911*J2^5+0,-0.0001331238*J1^1*J2^4+0,0,0,0,0,0,0,-0.0002014057*J2^5+0,0.0000719839*J1^1*J2^4+0,0,0,0,0,0,0,0,0,0,0,0,0,0,0,0,0,0,0,0,0,0,0,0,0,0,0,0,0,0,0,-0.0030517578*J1^1*J2^4+0,0.0011981146*J2^5+0,0.0017619332*J2^5+0,-0.0006917318*J1^1*J2^4+0,0,0,0,0,0,0,0,0,0,0,0,0,0,0,0,0,0,0,0,0},
{0,0,0,0,0,0,0,0,0,0,0,0,0,0,0,0,0,0,0,0,0,0,0,0,-0.0004228640*J2^5+0,0.0001356337*J1^1*J2^4+0,0,0,0,0,0,0,-0.0000939698*J1^1*J2^4+-0.0001644471*J2^5+0,0.0000587746*J1^1*J2^4+0.0000180845*J2^5+0,0,0,0,0,0,0,-0.0003654566*J1^1*J2^4+0.0004817383*J2^5+0,-0.0001502551*J1^1*J2^4+0.0001086952*J2^5+0,0,0,0,0,0,0,0,0,0,0,0,0,0,0,0,0,0,0,0,0,0,0,0,0,0,0,0,0,0,0,0.0017619332*J2^5+0,-0.0006917318*J1^1*J2^4+0,0.0010172526*J1^1*J2^4+-0.0020345052*J2^5+0,0.0007987430*J1^1*J2^4+-0.0003993715*J2^5+0,0,0,0,0,0,0,0,0,0,0,0,0,0,0,0,0,0,0,0,0},
{0,0,0,0,0,0,0,0,0,0,0,0,0,0,0,0,0,0,0,0,0,0,0,0,0,0,0.0007324219*J1^1*J2^4+0,-0.0002349244*J2^5+0,0,0,0,0,0,0,0.0004475911*J2^5+0,-0.0001331238*J1^1*J2^4+0,0,0,0,0,0,0,-0.0002014057*J2^5+0,0.0000719839*J1^1*J2^4+0,0,0,0,0,0,0,0,0,0,0,0,0,0,0,0,0,0,0,0,0,0,0,0,0,0,0,0,0,0,0,0,0,-0.0030517578*J1^1*J2^4+0,0.0011981146*J2^5+0,0.0017619332*J2^5+0,-0.0006917318*J1^1*J2^4+0,0,0,0,0,0,0,0,0,0,0,0,0,0,0,0,0},
{0,0,0,0,0,0,0,0,0,0,0,0,0,0,0,0,0,0,0,0,0,0,0,0,0,0,-0.0004228640*J2^5+0,0.0001356337*J1^1*J2^4+0,0,0,0,0,0,0,-0.0000939698*J1^1*J2^4+-0.0001644471*J2^5+0,0.0000587746*J1^1*J2^4+0.0000180845*J2^5+0,0,0,0,0,0,0,-0.0003654566*J1^1*J2^4+0.0004817383*J2^5+0,-0.0001502551*J1^1*J2^4+0.0001086952*J2^5+0,0,0,0,0,0,0,0,0,0,0,0,0,0,0,0,0,0,0,0,0,0,0,0,0,0,0,0,0,0,0,0,0,0.0017619332*J2^5+0,-0.0006917318*J1^1*J2^4+0,0.0010172526*J1^1*J2^4+-0.0020345052*J2^5+0,0.0007987430*J1^1*J2^4+-0.0003993715*J2^5+0,0,0,0,0,0,0,0,0,0,0,0,0,0,0,0,0},
{0,0,0,0,0,0,0,0,0,0,0,0,0,0,0,0,0,0,0,0,0,0,0,0,0,0,0,0,0.0007324219*J1^1*J2^4+0,-0.0002349244*J2^5+0,0,0,0,0,0,0,0.0004475911*J2^5+0,-0.0001331238*J1^1*J2^4+0,0,0,0,0,0,0,-0.0002014057*J2^5+0,0.0000719839*J1^1*J2^4+0,0,0,0,0,0,0,0,0,0,0,0,0,0,0,0,0,0,0,0,0,0,0,0,0,0,0,0,0,0,0,0,0,0,0,0.0017619332*J1^1*J2^4+0,-0.0006917318*J2^5+0,-0.0010172526*J2^5+0,0.0003993715*J1^1*J2^4+0,0,0,0,0,0.0024917498*J1^1*J2^4+0,-0.0009782565*J2^5+0,-0.0014386124*J2^5+0,0.0005647966*J1^1*J2^4+0,0,0,0,0},
{0,0,0,0,0,0,0,0,0,0,0,0,0,0,0,0,0,0,0,0,0,0,0,0,0,0,0,0,-0.0004228640*J2^5+0,0.0001356337*J1^1*J2^4+0,0,0,0,0,0,0,-0.0000939698*J1^1*J2^4+-0.0001644471*J2^5+0,0.0000587746*J1^1*J2^4+0.0000180845*J2^5+0,0,0,0,0,0,0,-0.0003654566*J1^1*J2^4+0.0004817383*J2^5+0,-0.0001502551*J1^1*J2^4+0.0001086952*J2^5+0,0,0,0,0,0,0,0,0,0,0,0,0,0,0,0,0,0,0,0,0,0,0,0,0,0,0,0,0,0,0,0,0,0,0,-0.0010172526*J2^5+0,0.0003993715*J1^1*J2^4+0,-0.0005873111*J1^1*J2^4+0.0011746221*J2^5+0,-0.0004611545*J1^1*J2^4+0.0002305773*J2^5+0,0,0,0,0,-0.0014386124*J2^5+0,0.0005647966*J1^1*J2^4+0,-0.0008305833*J1^1*J2^4+0.0016611665*J2^5+0,-0.0006521710*J1^1*J2^4+0.0003260855*J2^5+0,0,0,0,0},
{0,0,0,0,0,0,0,0,0,0,0,0,0,0,0,0,0,0,0,0,0,0,0,0,0,0,0,0,0,0,0.0007324219*J1^1*J2^4+0,-0.0002349244*J2^5+0,0,0,0,0,0,0,0.0004475911*J2^5+0,-0.0001331238*J1^1*J2^4+0,0,0,0,0,0,0,-0.0002014057*J2^5+0,0.0000719839*J1^1*J2^4+0,0,0,0,0,0,0,0,0,0,0,0,0,0,0,0,0,0,0,0,0,0,0,0,0,0,0,0,0,0,0,0,0,0,0,0,0,0.0017619332*J1^1*J2^4+0,-0.0006917318*J2^5+0,-0.0010172526*J2^5+0,0.0003993715*J1^1*J2^4+0,0,0,0,0,0.0024917498*J1^1*J2^4+0,-0.0009782565*J2^5+0,-0.0014386124*J2^5+0,0.0005647966*J1^1*J2^4+0},
{0,0,0,0,0,0,0,0,0,0,0,0,0,0,0,0,0,0,0,0,0,0,0,0,0,0,0,0,0,0,-0.0004228640*J2^5+0,0.0001356337*J1^1*J2^4+0,0,0,0,0,0,0,-0.0000939698*J1^1*J2^4+-0.0001644471*J2^5+0,0.0000587746*J1^1*J2^4+0.0000180845*J2^5+0,0,0,0,0,0,0,-0.0003654566*J1^1*J2^4+0.0004817383*J2^5+0,-0.0001502551*J1^1*J2^4+0.0001086952*J2^5+0,0,0,0,0,0,0,0,0,0,0,0,0,0,0,0,0,0,0,0,0,0,0,0,0,0,0,0,0,0,0,0,0,0,0,0,0,-0.0010172526*J2^5+0,0.0003993715*J1^1*J2^4+0,-0.0005873111*J1^1*J2^4+0.0011746221*J2^5+0,-0.0004611545*J1^1*J2^4+0.0002305773*J2^5+0,0,0,0,0,-0.0014386124*J2^5+0,0.0005647966*J1^1*J2^4+0,-0.0008305833*J1^1*J2^4+0.0016611665*J2^5+0,-0.0006521710*J1^1*J2^4+0.0003260855*J2^5+0},
{0,0,0,0,0,0,0,0,0,0,0,0,0,0,0,0,0,0,0,0,0,0,0,0,0.0001744096*J2^5+0,-0.0005980200*J1^1*J2^4+0.0002315379*J2^5+0,0,0,0,0,0,0,0.0000974468*J1^1*J2^4+0,0.0001320046*J1^1*J2^4+-0.0003654566*J2^5+0,0,0,0,0,0,0,-0.0000544209*J1^1*J2^4+0,-0.0000703807*J1^1*J2^4+0.0001644471*J2^5+0,0,0,0,0,0,0,0,0,0,0,0,0,0,0,0,0,0,0,0,0,0,0,0,0,0,0,0,0,0,0,-0.0009441560*J2^5+0,0.0024917498*J1^1*J2^4+-0.0011492812*J2^5+0,0.0005451087*J1^1*J2^4+0,0.0006635378*J1^1*J2^4+-0.0014386124*J2^5+0,0,0,0,0,0,0,0,0,0,0,0,0,0,0,0,0,0,0,0,0},
{0,0,0,0,0,0,0,0,0,0,0,0,0,0,0,0,0,0,0,0,0,0,0,0,-0.0001006954*J1^1*J2^4+0,-0.0001336785*J1^1*J2^4+0.0003452670*J2^5+0,0,0,0,0,0,0,-0.0000444345*J1^1*J2^4+-0.0000118264*J2^5+0,0.0000192604*J1^1*J2^4+0.0001155231*J2^5+0,0,0,0,0,0,0,0.0001109849*J1^1*J2^4+-0.0000795649*J2^5+0,0.0004468097*J1^1*J2^4+-0.0005011190*J2^5+0,0,0,0,0,0,0,0,0,0,0,0,0,0,0,0,0,0,0,0,0,0,0,0,0,0,0,0,0,0,0,0.0005451087*J1^1*J2^4+0,0.0006635378*J1^1*J2^4+-0.0014386124*J2^5+0,-0.0006294373*J1^1*J2^4+0.0003147187*J2^5+0,-0.0015967707*J1^1*J2^4+0.0020442603*J2^5+0,0,0,0,0,0,0,0,0,0,0,0,0,0,0,0,0,0,0,0,0},
{0,0,0,0,0,0,0,0,0,0,0,0,0,0,0,0,0,0,0,0,0,0,0,0,0,0,0.0001744096*J2^5+0,-0.0005980200*J1^1*J2^4+0.0002315379*J2^5+0,0,0,0,0,0,0,0.0000974468*J1^1*J2^4+0,0.0001320046*J1^1*J2^4+-0.0003654566*J2^5+0,0,0,0,0,0,0,-0.0000544209*J1^1*J2^4+0,-0.0000703807*J1^1*J2^4+0.0001644471*J2^5+0,0,0,0,0,0,0,0,0,0,0,0,0,0,0,0,0,0,0,0,0,0,0,0,0,0,0,0,0,0,0,0,0,-0.0009441560*J2^5+0,0.0024917498*J1^1*J2^4+-0.0011492812*J2^5+0,0.0005451087*J1^1*J2^4+0,0.0006635378*J1^1*J2^4+-0.0014386124*J2^5+0,0,0,0,0,0,0,0,0,0,0,0,0,0,0,0,0},
{0,0,0,0,0,0,0,0,0,0,0,0,0,0,0,0,0,0,0,0,0,0,0,0,0,0,-0.0001006954*J1^1*J2^4+0,-0.0001336785*J1^1*J2^4+0.0003452670*J2^5+0,0,0,0,0,0,0,-0.0000444345*J1^1*J2^4+-0.0000118264*J2^5+0,0.0000192604*J1^1*J2^4+0.0001155231*J2^5+0,0,0,0,0,0,0,0.0001109849*J1^1*J2^4+-0.0000795649*J2^5+0,0.0004468097*J1^1*J2^4+-0.0005011190*J2^5+0,0,0,0,0,0,0,0,0,0,0,0,0,0,0,0,0,0,0,0,0,0,0,0,0,0,0,0,0,0,0,0,0,0.0005451087*J1^1*J2^4+0,0.0006635378*J1^1*J2^4+-0.0014386124*J2^5+0,-0.0006294373*J1^1*J2^4+0.0003147187*J2^5+0,-0.0015967707*J1^1*J2^4+0.0020442603*J2^5+0,0,0,0,0,0,0,0,0,0,0,0,0,0,0,0,0},
{0,0,0,0,0,0,0,0,0,0,0,0,0,0,0,0,0,0,0,0,0,0,0,0,0,0,0,0,0.0001744096*J2^5+0,-0.0005980200*J1^1*J2^4+0.0002315379*J2^5+0,0,0,0,0,0,0,0.0000974468*J1^1*J2^4+0,0.0001320046*J1^1*J2^4+-0.0003654566*J2^5+0,0,0,0,0,0,0,-0.0000544209*J1^1*J2^4+0,-0.0000703807*J1^1*J2^4+0.0001644471*J2^5+0,0,0,0,0,0,0,0,0,0,0,0,0,0,0,0,0,0,0,0,0,0,0,0,0,0,0,0,0,0,0,0,0,0,0,0.0005451087*J2^5+0,-0.0014386124*J1^1*J2^4+0.0006635378*J2^5+0,-0.0003147187*J1^1*J2^4+0,-0.0003830937*J1^1*J2^4+0.0008305833*J2^5+0,0,0,0,0,0.0007709002*J2^5+0,-0.0020345052*J1^1*J2^4+0.0009383841*J2^5+0,-0.0004450794*J1^1*J2^4+0,-0.0005417763*J1^1*J2^4+0.0011746221*J2^5+0,0,0,0,0},
{0,0,0,0,0,0,0,0,0,0,0,0,0,0,0,0,0,0,0,0,0,0,0,0,0,0,0,0,-0.0001006954*J1^1*J2^4+0,-0.0001336785*J1^1*J2^4+0.0003452670*J2^5+0,0,0,0,0,0,0,-0.0000444345*J1^1*J2^4+-0.0000118264*J2^5+0,0.0000192604*J1^1*J2^4+0.0001155231*J2^5+0,0,0,0,0,0,0,0.0001109849*J1^1*J2^4+-0.0000795649*J2^5+0,0.0004468097*J1^1*J2^4+-0.0005011190*J2^5+0,0,0,0,0,0,0,0,0,0,0,0,0,0,0,0,0,0,0,0,0,0,0,0,0,0,0,0,0,0,0,0,0,0,0,-0.0003147187*J1^1*J2^4+0,-0.0003830937*J1^1*J2^4+0.0008305833*J2^5+0,0.0003634058*J1^1*J2^4+-0.0001817029*J2^5+0,0.0009218960*J1^1*J2^4+-0.0011802542*J2^5+0,0,0,0,0,-0.0004450794*J1^1*J2^4+0,-0.0005417763*J1^1*J2^4+0.0011746221*J2^5+0,0.0005139334*J1^1*J2^4+-0.0002569667*J2^5+0,0.0013037578*J1^1*J2^4+-0.0016691315*J2^5+0,0,0,0,0},
{0,0,0,0,0,0,0,0,0,0,0,0,0,0,0,0,0,0,0,0,0,0,0,0,0,0,0,0,0,0,0.0001744096*J2^5+0,-0.0005980200*J1^1*J2^4+0.0002315379*J2^5+0,0,0,0,0,0,0,0.0000974468*J1^1*J2^4+0,0.0001320046*J1^1*J2^4+-0.0003654566*J2^5+0,0,0,0,0,0,0,-0.0000544209*J1^1*J2^4+0,-0.0000703807*J1^1*J2^4+0.0001644471*J2^5+0,0,0,0,0,0,0,0,0,0,0,0,0,0,0,0,0,0,0,0,0,0,0,0,0,0,0,0,0,0,0,0,0,0,0,0,0,0.0005451087*J2^5+0,-0.0014386124*J1^1*J2^4+0.0006635378*J2^5+0,-0.0003147187*J1^1*J2^4+0,-0.0003830937*J1^1*J2^4+0.0008305833*J2^5+0,0,0,0,0,0.0007709002*J2^5+0,-0.0020345052*J1^1*J2^4+0.0009383841*J2^5+0,-0.0004450794*J1^1*J2^4+0,-0.0005417763*J1^1*J2^4+0.0011746221*J2^5+0},
{0,0,0,0,0,0,0,0,0,0,0,0,0,0,0,0,0,0,0,0,0,0,0,0,0,0,0,0,0,0,-0.0001006954*J1^1*J2^4+0,-0.0001336785*J1^1*J2^4+0.0003452670*J2^5+0,0,0,0,0,0,0,-0.0000444345*J1^1*J2^4+-0.0000118264*J2^5+0,0.0000192604*J1^1*J2^4+0.0001155231*J2^5+0,0,0,0,0,0,0,0.0001109849*J1^1*J2^4+-0.0000795649*J2^5+0,0.0004468097*J1^1*J2^4+-0.0005011190*J2^5+0,0,0,0,0,0,0,0,0,0,0,0,0,0,0,0,0,0,0,0,0,0,0,0,0,0,0,0,0,0,0,0,0,0,0,0,0,-0.0003147187*J1^1*J2^4+0,-0.0003830937*J1^1*J2^4+0.0008305833*J2^5+0,0.0003634058*J1^1*J2^4+-0.0001817029*J2^5+0,0.0009218960*J1^1*J2^4+-0.0011802542*J2^5+0,0,0,0,0,-0.0004450794*J1^1*J2^4+0,-0.0005417763*J1^1*J2^4+0.0011746221*J2^5+0,0.0005139334*J1^1*J2^4+-0.0002569667*J2^5+0,0.0013037578*J1^1*J2^4+-0.0016691315*J2^5+0},
{0.0002305773*J2^5+0,-0.0001331238*J1^1*J2^4+0,0,0,0,0,0,0,-0.0000813802*J1^1*J2^4+0,0.0000469849*J2^5+0,0,0,0,0,0,0,0.0001246797*J2^5+0,-0.0000719839*J1^1*J2^4+0,0,0,0,0,0,0,0,0,0,0,0,0,0,0,0,0,0,0,0,0,0,0,0,0,0,0,0,0,0,0,0,0,0,0,0,0,0,0,-0.0025634766*J1^1*J2^4+0,0.0011981146*J2^5+0,0.0014800239*J2^5+0,-0.0006917318*J1^1*J2^4+0,0,0,0,0,0,0,0,0,0,0,0,0,0,0,0,0,0,0,0,0,0,0,0,0,0,0,0,0,0,0,0,0,0,0,0,0},
{0.0000469849*J1^1*J2^4+0.0001018006*J2^5+0,-0.0000587746*J1^1*J2^4+-0.0000271267*J2^5+0,0,0,0,0,0,0,-0.0002349244*J2^5+0,0.0001356337*J1^1*J2^4+0,0,0,0,0,0,0,0.0000664467*J1^1*J2^4+0.0002602494*J2^5+0,-0.0001502551*J1^1*J2^4+-0.0000383630*J2^5+0,0,0,0,0,0,0,0,0,0,0,0,0,0,0,0,0,0,0,0,0,0,0,0,0,0,0,0,0,0,0,0,0,0,0,0,0,0,0,0.0011981146*J2^5+0,-0.0025634766*J1^1*J2^4+0.0013834635*J2^5+0,-0.0006917318*J1^1*J2^4+0,-0.0007987430*J1^1*J2^4+0.0014800239*J2^5+0,0,0,0,0,0,0,0,0,0,0,0,0,0,0,0,0,0,0,0,0,0,0,0,0,0,0,0,0,0,0,0,0,0,0,0,0},
{0,0,0.0002305773*J2^5+0,-0.0001331238*J1^1*J2^4+0,0,0,0,0,0,0,-0.0000813802*J1^1*J2^4+0,0.0000469849*J2^5+0,0,0,0,0,0,0,0.0001246797*J2^5+0,-0.0000719839*J1^1*J2^4+0,0,0,0,0,0,0,0,0,0,0,0,0,0,0,0,0,0,0,0,0,0,0,0,0,0,0,0,0,0.0014800239*J1^1*J2^4+0,-0.0006917318*J2^5+0,-0.0008544922*J2^5+0,0.0003993715*J1^1*J2^4+0,0,0,0,0,0,0,0,0,0,0,0,0,-0.0020930698*J1^1*J2^4+0,0.0009782565*J2^5+0,0.0012084344*J2^5+0,-0.0005647966*J1^1*J2^4+0,0,0,0,0,0,0,0,0,0,0,0,0,0,0,0,0,0,0,0,0,0,0,0,0,0,0,0,0},
{0,0,0.0000469849*J1^1*J2^4+0.0001018006*J2^5+0,-0.0000587746*J1^1*J2^4+-0.0000271267*J2^5+0,0,0,0,0,0,0,-0.0002349244*J2^5+0,0.0001356337*J1^1*J2^4+0,0,0,0,0,0,0,0.0000664467*J1^1*J2^4+0.0002602494*J2^5+0,-0.0001502551*J1^1*J2^4+-0.0000383630*J2^5+0,0,0,0,0,0,0,0,0,0,0,0,0,0,0,0,0,0,0,0,0,0,0,0,0,0,0,0,0,-0.0006917318*J2^5+0,0.0014800239*J1^1*J2^4+-0.0007987430*J2^5+0,0.0003993715*J1^1*J2^4+0,0.0004611545*J1^1*J2^4+-0.0008544922*J2^5+0,0,0,0,0,0,0,0,0,0,0,0,0,0.0009782565*J2^5+0,-0.0020930698*J1^1*J2^4+0.0011295933*J2^5+0,-0.0005647966*J1^1*J2^4+0,-0.0006521710*J1^1*J2^4+0.0012084344*J2^5+0,0,0,0,0,0,0,0,0,0,0,0,0,0,0,0,0,0,0,0,0,0,0,0,0,0,0,0,0},
{0,0,0,0,0.0002305773*J2^5+0,-0.0001331238*J1^1*J2^4+0,0,0,0,0,0,0,-0.0000813802*J1^1*J2^4+0,0.0000469849*J2^5+0,0,0,0,0,0,0,0.0001246797*J2^5+0,-0.0000719839*J1^1*J2^4+0,0,0,0,0,0,0,0,0,0,0,0,0,0,0,0,0,0,0,0,0,0,0,0,0,0,0,0,0,0,0,0,0,0,0,0,0,0,0,-0.0025634766*J1^1*J2^4+0,0.0011981146*J2^5+0,0.0014800239*J2^5+0,-0.0006917318*J1^1*J2^4+0,0,0,0,0,0,0,0,0,0,0,0,0,0,0,0,0,0,0,0,0,0,0,0,0,0,0,0,0,0,0,0,0},
{0,0,0,0,0.0000469849*J1^1*J2^4+0.0001018006*J2^5+0,-0.0000587746*J1^1*J2^4+-0.0000271267*J2^5+0,0,0,0,0,0,0,-0.0002349244*J2^5+0,0.0001356337*J1^1*J2^4+0,0,0,0,0,0,0,0.0000664467*J1^1*J2^4+0.0002602494*J2^5+0,-0.0001502551*J1^1*J2^4+-0.0000383630*J2^5+0,0,0,0,0,0,0,0,0,0,0,0,0,0,0,0,0,0,0,0,0,0,0,0,0,0,0,0,0,0,0,0,0,0,0,0,0,0,0,0.0011981146*J2^5+0,-0.0025634766*J1^1*J2^4+0.0013834635*J2^5+0,-0.0006917318*J1^1*J2^4+0,-0.0007987430*J1^1*J2^4+0.0014800239*J2^5+0,0,0,0,0,0,0,0,0,0,0,0,0,0,0,0,0,0,0,0,0,0,0,0,0,0,0,0,0,0,0,0,0},
{0,0,0,0,0,0,0.0002305773*J2^5+0,-0.0001331238*J1^1*J2^4+0,0,0,0,0,0,0,-0.0000813802*J1^1*J2^4+0,0.0000469849*J2^5+0,0,0,0,0,0,0,0.0001246797*J2^5+0,-0.0000719839*J1^1*J2^4+0,0,0,0,0,0,0,0,0,0,0,0,0,0,0,0,0,0,0,0,0,0,0,0,0,0,0,0,0,0.0014800239*J1^1*J2^4+0,-0.0006917318*J2^5+0,-0.0008544922*J2^5+0,0.0003993715*J1^1*J2^4+0,0,0,0,0,0,0,0,0,0,0,0,0,-0.0020930698*J1^1*J2^4+0,0.0009782565*J2^5+0,0.0012084344*J2^5+0,-0.0005647966*J1^1*J2^4+0,0,0,0,0,0,0,0,0,0,0,0,0,0,0,0,0,0,0,0,0,0,0,0,0},
{0,0,0,0,0,0,0.0000469849*J1^1*J2^4+0.0001018006*J2^5+0,-0.0000587746*J1^1*J2^4+-0.0000271267*J2^5+0,0,0,0,0,0,0,-0.0002349244*J2^5+0,0.0001356337*J1^1*J2^4+0,0,0,0,0,0,0,0.0000664467*J1^1*J2^4+0.0002602494*J2^5+0,-0.0001502551*J1^1*J2^4+-0.0000383630*J2^5+0,0,0,0,0,0,0,0,0,0,0,0,0,0,0,0,0,0,0,0,0,0,0,0,0,0,0,0,0,-0.0006917318*J2^5+0,0.0014800239*J1^1*J2^4+-0.0007987430*J2^5+0,0.0003993715*J1^1*J2^4+0,0.0004611545*J1^1*J2^4+-0.0008544922*J2^5+0,0,0,0,0,0,0,0,0,0,0,0,0,0.0009782565*J2^5+0,-0.0020930698*J1^1*J2^4+0.0011295933*J2^5+0,-0.0005647966*J1^1*J2^4+0,-0.0006521710*J1^1*J2^4+0.0012084344*J2^5+0,0,0,0,0,0,0,0,0,0,0,0,0,0,0,0,0,0,0,0,0,0,0,0,0},
{0.0000927667*J1^1*J2^4+0,-0.0000795649*J1^1*J2^4+0.0000260060*J2^5+0,0,0,0,0,0,0,-0.0002556946*J2^5+0,0.0002482658*J1^1*J2^4+-0.0001006405*J2^5+0,0,0,0,0,0,0,0.0000477169*J1^1*J2^4+0,-0.0000444345*J1^1*J2^4+0.0000168851*J2^5+0,0,0,0,0,0,0,0,0,0,0,0,0,0,0,0,0,0,0,0,0,0,0,0,0,0,0,0,0,0,0,0,0,0,0,0,0,0,0,-0.0011559004*J2^5+0,0.0004272144*J1^1*J2^4+0,-0.0001453051*J1^1*J2^4+0.0008126645*J2^5+0,-0.0004450794*J1^1*J2^4+0.0001984271*J2^5+0,0,0,0,0,0,0,0,0,0,0,0,0,0,0,0,0,0,0,0,0,0,0,0,0,0,0,0,0,0,0,0,0,0,0,0,0},
{0.0000389607*J1^1*J2^4+0.0001476253*J2^5+0,-0.0001796169*J1^1*J2^4+0.0000718914*J2^5+0,0,0,0,0,0,0,-0.0000925196*J1^1*J2^4+0,0.0000822175*J1^1*J2^4+-0.0000288012*J2^5+0,0,0,0,0,0,0,0.0001032931*J1^1*J2^4+0.0002087738*J2^5+0,-0.0002933270*J1^1*J2^4+0.0001131551*J2^5+0,0,0,0,0,0,0,0,0,0,0,0,0,0,0,0,0,0,0,0,0,0,0,0,0,0,0,0,0,0,0,0,0,0,0,0,0,0,0,0.0004272144*J1^1*J2^4+0,0.0004933047*J1^1*J2^4+-0.0011559004*J2^5+0,-0.0004450794*J1^1*J2^4+0.0001984271*J2^5+0,-0.0006592385*J1^1*J2^4+0.0010417883*J2^5+0,0,0,0,0,0,0,0,0,0,0,0,0,0,0,0,0,0,0,0,0,0,0,0,0,0,0,0,0,0,0,0,0,0,0,0,0},
{0,0,0.0000927667*J1^1*J2^4+0,-0.0000795649*J1^1*J2^4+0.0000260060*J2^5+0,0,0,0,0,0,0,-0.0002556946*J2^5+0,0.0002482658*J1^1*J2^4+-0.0001006405*J2^5+0,0,0,0,0,0,0,0.0000477169*J1^1*J2^4+0,-0.0000444345*J1^1*J2^4+0.0000168851*J2^5+0,0,0,0,0,0,0,0,0,0,0,0,0,0,0,0,0,0,0,0,0,0,0,0,0,0,0,0,0,0.0006673594*J2^5+0,-0.0002466524*J1^1*J2^4+0,0.0000838919*J1^1*J2^4+-0.0004691921*J2^5+0,0.0002569667*J1^1*J2^4+-0.0001145619*J2^5+0,0,0,0,0,0,0,0,0,0,0,0,0,-0.0009437887*J2^5+0,0.0003488191*J1^1*J2^4+0,-0.0001186411*J1^1*J2^4+0.0006635378*J2^5+0,-0.0003634058*J1^1*J2^4+0.0001620150*J2^5+0,0,0,0,0,0,0,0,0,0,0,0,0,0,0,0,0,0,0,0,0,0,0,0,0,0,0,0,0},
{0,0,0.0000389607*J1^1*J2^4+0.0001476253*J2^5+0,-0.0001796169*J1^1*J2^4+0.0000718914*J2^5+0,0,0,0,0,0,0,-0.0000925196*J1^1*J2^4+0,0.0000822175*J1^1*J2^4+-0.0000288012*J2^5+0,0,0,0,0,0,0,0.0001032931*J1^1*J2^4+0.0002087738*J2^5+0,-0.0002933270*J1^1*J2^4+0.0001131551*J2^5+0,0,0,0,0,0,0,0,0,0,0,0,0,0,0,0,0,0,0,0,0,0,0,0,0,0,0,0,0,-0.0002466524*J1^1*J2^4+0,-0.0002848096*J1^1*J2^4+0.0006673594*J2^5+0,0.0002569667*J1^1*J2^4+-0.0001145619*J2^5+0,0.0003806116*J1^1*J2^4+-0.0006014768*J2^5+0,0,0,0,0,0,0,0,0,0,0,0,0,0.0003488191*J1^1*J2^4+0,0.0004027816*J1^1*J2^4+-0.0009437887*J2^5+0,-0.0003634058*J1^1*J2^4+0.0001620150*J2^5+0,-0.0005382660*J1^1*J2^4+0.0008506166*J2^5+0,0,0,0,0,0,0,0,0,0,0,0,0,0,0,0,0,0,0,0,0,0,0,0,0,0,0,0,0},
{0,0,0,0,0.0000927667*J1^1*J2^4+0,-0.0000795649*J1^1*J2^4+0.0000260060*J2^5+0,0,0,0,0,0,0,-0.0002556946*J2^5+0,0.0002482658*J1^1*J2^4+-0.0001006405*J2^5+0,0,0,0,0,0,0,0.0000477169*J1^1*J2^4+0,-0.0000444345*J1^1*J2^4+0.0000168851*J2^5+0,0,0,0,0,0,0,0,0,0,0,0,0,0,0,0,0,0,0,0,0,0,0,0,0,0,0,0,0,0,0,0,0,0,0,0,0,0,0,-0.0011559004*J2^5+0,0.0004272144*J1^1*J2^4+0,-0.0001453051*J1^1*J2^4+0.0008126645*J2^5+0,-0.0004450794*J1^1*J2^4+0.0001984271*J2^5+0,0,0,0,0,0,0,0,0,0,0,0,0,0,0,0,0,0,0,0,0,0,0,0,0,0,0,0,0,0,0,0,0},
{0,0,0,0,0.0000389607*J1^1*J2^4+0.0001476253*J2^5+0,-0.0001796169*J1^1*J2^4+0.0000718914*J2^5+0,0,0,0,0,0,0,-0.0000925196*J1^1*J2^4+0,0.0000822175*J1^1*J2^4+-0.0000288012*J2^5+0,0,0,0,0,0,0,0.0001032931*J1^1*J2^4+0.0002087738*J2^5+0,-0.0002933270*J1^1*J2^4+0.0001131551*J2^5+0,0,0,0,0,0,0,0,0,0,0,0,0,0,0,0,0,0,0,0,0,0,0,0,0,0,0,0,0,0,0,0,0,0,0,0,0,0,0,0.0004272144*J1^1*J2^4+0,0.0004933047*J1^1*J2^4+-0.0011559004*J2^5+0,-0.0004450794*J1^1*J2^4+0.0001984271*J2^5+0,-0.0006592385*J1^1*J2^4+0.0010417883*J2^5+0,0,0,0,0,0,0,0,0,0,0,0,0,0,0,0,0,0,0,0,0,0,0,0,0,0,0,0,0,0,0,0,0},
{0,0,0,0,0,0,0.0000927667*J1^1*J2^4+0,-0.0000795649*J1^1*J2^4+0.0000260060*J2^5+0,0,0,0,0,0,0,-0.0002556946*J2^5+0,0.0002482658*J1^1*J2^4+-0.0001006405*J2^5+0,0,0,0,0,0,0,0.0000477169*J1^1*J2^4+0,-0.0000444345*J1^1*J2^4+0.0000168851*J2^5+0,0,0,0,0,0,0,0,0,0,0,0,0,0,0,0,0,0,0,0,0,0,0,0,0,0,0,0,0,0.0006673594*J2^5+0,-0.0002466524*J1^1*J2^4+0,0.0000838919*J1^1*J2^4+-0.0004691921*J2^5+0,0.0002569667*J1^1*J2^4+-0.0001145619*J2^5+0,0,0,0,0,0,0,0,0,0,0,0,0,-0.0009437887*J2^5+0,0.0003488191*J1^1*J2^4+0,-0.0001186411*J1^1*J2^4+0.0006635378*J2^5+0,-0.0003634058*J1^1*J2^4+0.0001620150*J2^5+0,0,0,0,0,0,0,0,0,0,0,0,0,0,0,0,0,0,0,0,0,0,0,0,0},
{0,0,0,0,0,0,0.0000389607*J1^1*J2^4+0.0001476253*J2^5+0,-0.0001796169*J1^1*J2^4+0.0000718914*J2^5+0,0,0,0,0,0,0,-0.0000925196*J1^1*J2^4+0,0.0000822175*J1^1*J2^4+-0.0000288012*J2^5+0,0,0,0,0,0,0,0.0001032931*J1^1*J2^4+0.0002087738*J2^5+0,-0.0002933270*J1^1*J2^4+0.0001131551*J2^5+0,0,0,0,0,0,0,0,0,0,0,0,0,0,0,0,0,0,0,0,0,0,0,0,0,0,0,0,0,-0.0002466524*J1^1*J2^4+0,-0.0002848096*J1^1*J2^4+0.0006673594*J2^5+0,0.0002569667*J1^1*J2^4+-0.0001145619*J2^5+0,0.0003806116*J1^1*J2^4+-0.0006014768*J2^5+0,0,0,0,0,0,0,0,0,0,0,0,0,0.0003488191*J1^1*J2^4+0,0.0004027816*J1^1*J2^4+-0.0009437887*J2^5+0,-0.0003634058*J1^1*J2^4+0.0001620150*J2^5+0,-0.0005382660*J1^1*J2^4+0.0008506166*J2^5+0,0,0,0,0,0,0,0,0,0,0,0,0,0,0,0,0,0,0,0,0,0,0,0,0},
{-0.0000974468*J1^1*J2^4+0,0.0001320046*J1^1*J2^4+-0.0000757437*J2^5+0,0,0,0,0,0,0,-0.0001232589*J2^5+0,0.0002087738*J1^1*J2^4+-0.0001376102*J2^5+0,0,0,0,0,0,0,-0.0000544209*J1^1*J2^4+0,0.0000703807*J1^1*J2^4+-0.0000389607*J2^5+0,0,0,0,0,0,0,0,0,0,0,0,0,0,0,0,0,0,0,0,0,0,0,0,0,0,0,0,0,0,0,0,0,0,0,0,0,0,0,0.0009953067*J2^5+0,-0.0005451087*J1^1*J2^4+0,0.0009437887*J1^1*J2^4+-0.0015184293*J2^5+0,0.0006635378*J1^1*J2^4+-0.0003488191*J2^5+0,0,0,0,0,0,0,0,0,0,0,0,0,0,0,0,0,0,0,0,0,0,0,0,0,0,0,0,0,0,0,0,0,0,0,0,0},
{-0.0000444345*J1^1*J2^4+0.0000711636*J2^5+0,-0.0000630700*J1^1*J2^4+0.0000476380*J2^5+0,0,0,0,0,0,0,0.0001006954*J1^1*J2^4+0,-0.0001336785*J1^1*J2^4+0.0000755420*J2^5+0,0,0,0,0,0,0,-0.0001109849*J1^1*J2^4+0.0001006405*J2^5+0,-0.0000220475*J1^1*J2^4+0.0000280198*J2^5+0,0,0,0,0,0,0,0,0,0,0,0,0,0,0,0,0,0,0,0,0,0,0,0,0,0,0,0,0,0,0,0,0,0,0,0,0,0,0,-0.0005451087*J1^1*J2^4+0,-0.0006294373*J1^1*J2^4+0.0009953067*J2^5+0,0.0006635378*J1^1*J2^4+-0.0003488191*J2^5+0,0.0017099761*J1^1*J2^4+-0.0019212109*J2^5+0,0,0,0,0,0,0,0,0,0,0,0,0,0,0,0,0,0,0,0,0,0,0,0,0,0,0,0,0,0,0,0,0,0,0,0,0},
{0,0,-0.0000974468*J1^1*J2^4+0,0.0001320046*J1^1*J2^4+-0.0000757437*J2^5+0,0,0,0,0,0,0,-0.0001232589*J2^5+0,0.0002087738*J1^1*J2^4+-0.0001376102*J2^5+0,0,0,0,0,0,0,-0.0000544209*J1^1*J2^4+0,0.0000703807*J1^1*J2^4+-0.0000389607*J2^5+0,0,0,0,0,0,0,0,0,0,0,0,0,0,0,0,0,0,0,0,0,0,0,0,0,0,0,0,0,-0.0005746406*J2^5+0,0.0003147187*J1^1*J2^4+0,-0.0005448967*J1^1*J2^4+0.0008766655*J2^5+0,-0.0003830937*J1^1*J2^4+0.0002013908*J2^5+0,0,0,0,0,0,0,0,0,0,0,0,0,0.0008126645*J2^5+0,-0.0004450794*J1^1*J2^4+0,0.0007706002*J1^1*J2^4+-0.0012397923*J2^5+0,0.0005417763*J1^1*J2^4+-0.0002848096*J2^5+0,0,0,0,0,0,0,0,0,0,0,0,0,0,0,0,0,0,0,0,0,0,0,0,0,0,0,0,0},
{0,0,-0.0000444345*J1^1*J2^4+0.0000711636*J2^5+0,-0.0000630700*J1^1*J2^4+0.0000476380*J2^5+0,0,0,0,0,0,0,0.0001006954*J1^1*J2^4+0,-0.0001336785*J1^1*J2^4+0.0000755420*J2^5+0,0,0,0,0,0,0,-0.0001109849*J1^1*J2^4+0.0001006405*J2^5+0,-0.0000220475*J1^1*J2^4+0.0000280198*J2^5+0,0,0,0,0,0,0,0,0,0,0,0,0,0,0,0,0,0,0,0,0,0,0,0,0,0,0,0,0,0.0003147187*J1^1*J2^4+0,0.0003634058*J1^1*J2^4+-0.0005746406*J2^5+0,-0.0003830937*J1^1*J2^4+0.0002013908*J2^5+0,-0.0009872552*J1^1*J2^4+0.0011092116*J2^5+0,0,0,0,0,0,0,0,0,0,0,0,0,-0.0004450794*J1^1*J2^4+0,-0.0005139334*J1^1*J2^4+0.0008126645*J2^5+0,0.0005417763*J1^1*J2^4+-0.0002848096*J2^5+0,0.0013961897*J1^1*J2^4+-0.0015686621*J2^5+0,0,0,0,0,0,0,0,0,0,0,0,0,0,0,0,0,0,0,0,0,0,0,0,0,0,0,0,0},
{0,0,0,0,-0.0000974468*J1^1*J2^4+0,0.0001320046*J1^1*J2^4+-0.0000757437*J2^5+0,0,0,0,0,0,0,-0.0001232589*J2^5+0,0.0002087738*J1^1*J2^4+-0.0001376102*J2^5+0,0,0,0,0,0,0,-0.0000544209*J1^1*J2^4+0,0.0000703807*J1^1*J2^4+-0.0000389607*J2^5+0,0,0,0,0,0,0,0,0,0,0,0,0,0,0,0,0,0,0,0,0,0,0,0,0,0,0,0,0,0,0,0,0,0,0,0,0,0,0,0.0009953067*J2^5+0,-0.0005451087*J1^1*J2^4+0,0.0009437887*J1^1*J2^4+-0.0015184293*J2^5+0,0.0006635378*J1^1*J2^4+-0.0003488191*J2^5+0,0,0,0,0,0,0,0,0,0,0,0,0,0,0,0,0,0,0,0,0,0,0,0,0,0,0,0,0,0,0,0,0},
{0,0,0,0,-0.0000444345*J1^1*J2^4+0.0000711636*J2^5+0,-0.0000630700*J1^1*J2^4+0.0000476380*J2^5+0,0,0,0,0,0,0,0.0001006954*J1^1*J2^4+0,-0.0001336785*J1^1*J2^4+0.0000755420*J2^5+0,0,0,0,0,0,0,-0.0001109849*J1^1*J2^4+0.0001006405*J2^5+0,-0.0000220475*J1^1*J2^4+0.0000280198*J2^5+0,0,0,0,0,0,0,0,0,0,0,0,0,0,0,0,0,0,0,0,0,0,0,0,0,0,0,0,0,0,0,0,0,0,0,0,0,0,0,-0.0005451087*J1^1*J2^4+0,-0.0006294373*J1^1*J2^4+0.0009953067*J2^5+0,0.0006635378*J1^1*J2^4+-0.0003488191*J2^5+0,0.0017099761*J1^1*J2^4+-0.0019212109*J2^5+0,0,0,0,0,0,0,0,0,0,0,0,0,0,0,0,0,0,0,0,0,0,0,0,0,0,0,0,0,0,0,0,0},
{0,0,0,0,0,0,-0.0000974468*J1^1*J2^4+0,0.0001320046*J1^1*J2^4+-0.0000757437*J2^5+0,0,0,0,0,0,0,-0.0001232589*J2^5+0,0.0002087738*J1^1*J2^4+-0.0001376102*J2^5+0,0,0,0,0,0,0,-0.0000544209*J1^1*J2^4+0,0.0000703807*J1^1*J2^4+-0.0000389607*J2^5+0,0,0,0,0,0,0,0,0,0,0,0,0,0,0,0,0,0,0,0,0,0,0,0,0,0,0,0,0,-0.0005746406*J2^5+0,0.0003147187*J1^1*J2^4+0,-0.0005448967*J1^1*J2^4+0.0008766655*J2^5+0,-0.0003830937*J1^1*J2^4+0.0002013908*J2^5+0,0,0,0,0,0,0,0,0,0,0,0,0,0.0008126645*J2^5+0,-0.0004450794*J1^1*J2^4+0,0.0007706002*J1^1*J2^4+-0.0012397923*J2^5+0,0.0005417763*J1^1*J2^4+-0.0002848096*J2^5+0,0,0,0,0,0,0,0,0,0,0,0,0,0,0,0,0,0,0,0,0,0,0,0,0},
{0,0,0,0,0,0,-0.0000444345*J1^1*J2^4+0.0000711636*J2^5+0,-0.0000630700*J1^1*J2^4+0.0000476380*J2^5+0,0,0,0,0,0,0,0.0001006954*J1^1*J2^4+0,-0.0001336785*J1^1*J2^4+0.0000755420*J2^5+0,0,0,0,0,0,0,-0.0001109849*J1^1*J2^4+0.0001006405*J2^5+0,-0.0000220475*J1^1*J2^4+0.0000280198*J2^5+0,0,0,0,0,0,0,0,0,0,0,0,0,0,0,0,0,0,0,0,0,0,0,0,0,0,0,0,0,0.0003147187*J1^1*J2^4+0,0.0003634058*J1^1*J2^4+-0.0005746406*J2^5+0,-0.0003830937*J1^1*J2^4+0.0002013908*J2^5+0,-0.0009872552*J1^1*J2^4+0.0011092116*J2^5+0,0,0,0,0,0,0,0,0,0,0,0,0,-0.0004450794*J1^1*J2^4+0,-0.0005139334*J1^1*J2^4+0.0008126645*J2^5+0,0.0005417763*J1^1*J2^4+-0.0002848096*J2^5+0,0.0013961897*J1^1*J2^4+-0.0015686621*J2^5+0,0,0,0,0,0,0,0,0,0,0,0,0,0,0,0,0,0,0,0,0,0,0,0,0},
{0,0,0,0,0,0,0,0,0,0,0,0,0,0,0,0,0,0,0,0,0,0,0,0,0,0,-0.0004228640*J1^1*J2^4+0,0.0001356337*J2^5+0,0,0,0,0,0,0,-0.0002819093*J2^5+0,0.0000904225*J1^1*J2^4+0,0,0,0,0,0,0,0.0000996700*J2^5+0,-0.0000319692*J1^1*J2^4+0,0,0,0,0,0,0,0,0,0,0,0,0,0,0,0,0,0,0,0,0,0,0,0,0,0,0,0,0,0,0,0,0,0.0023962291*J1^1*J2^4+0,-0.0010579427*J2^5+0,-0.0013834635*J2^5+0,0.0006108035*J1^1*J2^4+0,0,0,0,0,0,0,0,0,0,0,0,0,0,0,0,0},
{0,0,0,0,0,0,0,0,0,0,0,0,0,0,0,0,0,0,0,0,0,0,0,0,0,0,0.0001356337*J2^5+0,-0.0004228640*J1^1*J2^4+0.0001566163*J2^5+0,0,0,0,0,0,0,0.0000904225*J1^1*J2^4+0,0.0001044109*J1^1*J2^4+-0.0002819093*J2^5+0,0,0,0,0,0,0,-0.0000319692*J1^1*J2^4+0,-0.0000369148*J1^1*J2^4+0.0000996700*J2^5+0,0,0,0,0,0,0,0,0,0,0,0,0,0,0,0,0,0,0,0,0,0,0,0,0,0,0,0,0,0,0,0,0,-0.0010579427*J2^5+0,0.0023962291*J1^1*J2^4+-0.0012216070*J2^5+0,0.0006108035*J1^1*J2^4+0,0.0007052951*J1^1*J2^4+-0.0013834635*J2^5+0,0,0,0,0,0,0,0,0,0,0,0,0,0,0,0,0},
{0,0,0,0,0,0,0,0,0,0,0,0,0,0,0,0,0,0,0,0,0,0,0,0,0,0,0.0002441406*J2^5+0,-0.0000783081*J1^1*J2^4+0,0,0,0,0,0,0,0.0000813802*J1^1*J2^4+0.0000813802*J2^5+0,-0.0000261027*J1^1*J2^4+-0.0000261027*J2^5+0,0,0,0,0,0,0,0.0002301780*J1^1*J2^4+-0.0002877225*J2^5+0,0.0000922870*J1^1*J2^4+-0.0000738296*J2^5+0,0,0,0,0,0,0,0,0,0,0,0,0,0,0,0,0,0,0,0,0,0,0,0,0,0,0,0,0,0,0,0,0,-0.0013834635*J2^5+0,0.0006108035*J1^1*J2^4+0,-0.0007987430*J1^1*J2^4+0.0015974861*J2^5+0,-0.0007052951*J1^1*J2^4+0.0003526476*J2^5+0,0,0,0,0,0,0,0,0,0,0,0,0,0,0,0,0},
{0,0,0,0,0,0,0,0,0,0,0,0,0,0,0,0,0,0,0,0,0,0,0,0,0,0,-0.0000783081*J1^1*J2^4+0,-0.0000904225*J1^1*J2^4+0.0002441406*J2^5+0,0,0,0,0,0,0,-0.0000261027*J1^1*J2^4+-0.0000261027*J2^5+0,0.0000512394*J1^1*J2^4+0.0000512394*J2^5+0,0,0,0,0,0,0,0.0000922870*J1^1*J2^4+-0.0000738296*J2^5+0,0.0003367419*J1^1*J2^4+-0.0003729736*J2^5+0,0,0,0,0,0,0,0,0,0,0,0,0,0,0,0,0,0,0,0,0,0,0,0,0,0,0,0,0,0,0,0,0,0.0006108035*J1^1*J2^4+0,0.0007052951*J1^1*J2^4+-0.0013834635*J2^5+0,-0.0007052951*J1^1*J2^4+0.0003526476*J2^5+0,-0.0016131477*J1^1*J2^4+0.0020046884*J2^5+0,0,0,0,0,0,0,0,0,0,0,0,0,0,0,0,0},
{0,0,0,0,0,0,0,0,0,0,0,0,0,0,0,0,0,0,0,0,0,0,0,0,0,0,0,0,0,0,-0.0004228640*J1^1*J2^4+0,0.0001356337*J2^5+0,0,0,0,0,0,0,-0.0002819093*J2^5+0,0.0000904225*J1^1*J2^4+0,0,0,0,0,0,0,0.0000996700*J2^5+0,-0.0000319692*J1^1*J2^4+0,0,0,0,0,0,0,0,0,0,0,0,0,0,0,0,0,0,0,0,0,0,0,0,0,0,0,0,0,0,0,0,0,0,0,0,0,-0.0013834635*J1^1*J2^4+0,0.0006108035*J2^5+0,0.0007987430*J2^5+0,-0.0003526476*J1^1*J2^4+0,0,0,0,0,-0.0019565129*J1^1*J2^4+0,0.0008638066*J2^5+0,0.0011295933*J2^5+0,-0.0004987190*J1^1*J2^4+0},
{0,0,0,0,0,0,0,0,0,0,0,0,0,0,0,0,0,0,0,0,0,0,0,0,0,0,0,0,0,0,0.0001356337*J2^5+0,-0.0004228640*J1^1*J2^4+0.0001566163*J2^5+0,0,0,0,0,0,0,0.0000904225*J1^1*J2^4+0,0.0001044109*J1^1*J2^4+-0.0002819093*J2^5+0,0,0,0,0,0,0,-0.0000319692*J1^1*J2^4+0,-0.0000369148*J1^1*J2^4+0.0000996700*J2^5+0,0,0,0,0,0,0,0,0,0,0,0,0,0,0,0,0,0,0,0,0,0,0,0,0,0,0,0,0,0,0,0,0,0,0,0,0,0.0006108035*J2^5+0,-0.0013834635*J1^1*J2^4+0.0007052951*J2^5+0,-0.0003526476*J1^1*J2^4+0,-0.0004072023*J1^1*J2^4+0.0007987430*J2^5+0,0,0,0,0,0.0008638066*J2^5+0,-0.0019565129*J1^1*J2^4+0.0009974380*J2^5+0,-0.0004987190*J1^1*J2^4+0,-0.0005758711*J1^1*J2^4+0.0011295933*J2^5+0},
{0,0,0,0,0,0,0,0,0,0,0,0,0,0,0,0,0,0,0,0,0,0,0,0,0,0,0,0,0,0,0.0002441406*J2^5+0,-0.0000783081*J1^1*J2^4+0,0,0,0,0,0,0,0.0000813802*J1^1*J2^4+0.0000813802*J2^5+0,-0.0000261027*J1^1*J2^4+-0.0000261027*J2^5+0,0,0,0,0,0,0,0.0002301780*J1^1*J2^4+-0.0002877225*J2^5+0,0.0000922870*J1^1*J2^4+-0.0000738296*J2^5+0,0,0,0,0,0,0,0,0,0,0,0,0,0,0,0,0,0,0,0,0,0,0,0,0,0,0,0,0,0,0,0,0,0,0,0,0,0.0007987430*J2^5+0,-0.0003526476*J1^1*J2^4+0,0.0004611545*J1^1*J2^4+-0.0009223090*J2^5+0,0.0004072023*J1^1*J2^4+-0.0002036012*J2^5+0,0,0,0,0,0.0011295933*J2^5+0,-0.0004987190*J1^1*J2^4+0,0.0006521710*J1^1*J2^4+-0.0013043419*J2^5+0,0.0005758711*J1^1*J2^4+-0.0002879355*J2^5+0},
{0,0,0,0,0,0,0,0,0,0,0,0,0,0,0,0,0,0,0,0,0,0,0,0,0,0,0,0,0,0,-0.0000783081*J1^1*J2^4+0,-0.0000904225*J1^1*J2^4+0.0002441406*J2^5+0,0,0,0,0,0,0,-0.0000261027*J1^1*J2^4+-0.0000261027*J2^5+0,0.0000512394*J1^1*J2^4+0.0000512394*J2^5+0,0,0,0,0,0,0,0.0000922870*J1^1*J2^4+-0.0000738296*J2^5+0,0.0003367419*J1^1*J2^4+-0.0003729736*J2^5+0,0,0,0,0,0,0,0,0,0,0,0,0,0,0,0,0,0,0,0,0,0,0,0,0,0,0,0,0,0,0,0,0,0,0,0,0,-0.0003526476*J1^1*J2^4+0,-0.0004072023*J1^1*J2^4+0.0007987430*J2^5+0,0.0004072023*J1^1*J2^4+-0.0002036012*J2^5+0,0.0009313513*J1^1*J2^4+-0.0011574074*J2^5+0,0,0,0,0,-0.0004987190*J1^1*J2^4+0,-0.0005758711*J1^1*J2^4+0.0011295933*J2^5+0,0.0005758711*J1^1*J2^4+-0.0002879355*J2^5+0,0.0013171296*J1^1*J2^4+-0.0016368213*J2^5+0},
{0,0,0,0,0,0,0,0,0,0,0,0,0,0,0,0,0,0,0,0,0,0,0,0,0.0007324219*J1^1*J2^4+0,-0.0002349244*J2^5+0,0,0,0,0,0,0,0.0004882813*J2^5+0,-0.0001566163*J1^1*J2^4+0,0,0,0,0,0,0,-0.0001726335*J2^5+0,0.0000553722*J1^1*J2^4+0,0,0,0,0,0,0,0,0,0,0,0,0,0,0,0,0,0,0,0,0,0,0,0,0,0,0,0,0,0,0,-0.0041503906*J1^1*J2^4+0,0.0018324105*J2^5+0,0.0023962291*J2^5+0,-0.0010579427*J1^1*J2^4+0,0,0,0,0,0,0,0,0,0,0,0,0,0,0,0,0,0,0,0,0},
{0,0,0,0,0,0,0,0,0,0,0,0,0,0,0,0,0,0,0,0,0,0,0,0,-0.0002349244*J2^5+0,0.0007324219*J1^1*J2^4+-0.0002712674*J2^5+0,0,0,0,0,0,0,-0.0001566163*J1^1*J2^4+0,-0.0001808449*J1^1*J2^4+0.0004882813*J2^5+0,0,0,0,0,0,0,0.0000553722*J1^1*J2^4+0,0.0000639383*J1^1*J2^4+-0.0001726335*J2^5+0,0,0,0,0,0,0,0,0,0,0,0,0,0,0,0,0,0,0,0,0,0,0,0,0,0,0,0,0,0,0,0.0018324105*J2^5+0,-0.0041503906*J1^1*J2^4+0.0021158854*J2^5+0,-0.0010579427*J1^1*J2^4+0,-0.0012216070*J1^1*J2^4+0.0023962291*J2^5+0,0,0,0,0,0,0,0,0,0,0,0,0,0,0,0,0,0,0,0,0},
{0,0,0,0,0,0,0,0,0,0,0,0,0,0,0,0,0,0,0,0,0,0,0,0,-0.0004228640*J2^5+0,0.0001356337*J1^1*J2^4+0,0,0,0,0,0,0,-0.0001409547*J1^1*J2^4+-0.0001409547*J2^5+0,0.0000452112*J1^1*J2^4+0.0000452112*J2^5+0,0,0,0,0,0,0,-0.0003986800*J1^1*J2^4+0.0004983500*J2^5+0,-0.0001598458*J1^1*J2^4+0.0001278767*J2^5+0,0,0,0,0,0,0,0,0,0,0,0,0,0,0,0,0,0,0,0,0,0,0,0,0,0,0,0,0,0,0,0.0023962291*J2^5+0,-0.0010579427*J1^1*J2^4+0,0.0013834635*J1^1*J2^4+-0.0027669271*J2^5+0,0.0012216070*J1^1*J2^4+-0.0006108035*J2^5+0,0,0,0,0,0,0,0,0,0,0,0,0,0,0,0,0,0,0,0,0},
{0,0,0,0,0,0,0,0,0,0,0,0,0,0,0,0,0,0,0,0,0,0,0,0,0.0001356337*J1^1*J2^4+0,0.0001566163*J1^1*J2^4+-0.0004228640*J2^5+0,0,0,0,0,0,0,0.0000452112*J1^1*J2^4+0.0000452112*J2^5+0,-0.0000887492*J1^1*J2^4+-0.0000887492*J2^5+0,0,0,0,0,0,0,-0.0001598458*J1^1*J2^4+0.0001278767*J2^5+0,-0.0005832540*J1^1*J2^4+0.0006460092*J2^5+0,0,0,0,0,0,0,0,0,0,0,0,0,0,0,0,0,0,0,0,0,0,0,0,0,0,0,0,0,0,0,-0.0010579427*J1^1*J2^4+0,-0.0012216070*J1^1*J2^4+0.0023962291*J2^5+0,0.0012216070*J1^1*J2^4+-0.0006108035*J2^5+0,0.0027940538*J1^1*J2^4+-0.0034722222*J2^5+0,0,0,0,0,0,0,0,0,0,0,0,0,0,0,0,0,0,0,0,0},
{0,0,0,0,0,0,0,0,0,0,0,0,0,0,0,0,0,0,0,0,0,0,0,0,0,0,0,0,0.0007324219*J1^1*J2^4+0,-0.0002349244*J2^5+0,0,0,0,0,0,0,0.0004882813*J2^5+0,-0.0001566163*J1^1*J2^4+0,0,0,0,0,0,0,-0.0001726335*J2^5+0,0.0000553722*J1^1*J2^4+0,0,0,0,0,0,0,0,0,0,0,0,0,0,0,0,0,0,0,0,0,0,0,0,0,0,0,0,0,0,0,0,0,0,0,0.0023962291*J1^1*J2^4+0,-0.0010579427*J2^5+0,-0.0013834635*J2^5+0,0.0006108035*J1^1*J2^4+0,0,0,0,0,0.0033887798*J1^1*J2^4+0,-0.0014961569*J2^5+0,-0.0019565129*J2^5+0,0.0008638066*J1^1*J2^4+0,0,0,0,0},
{0,0,0,0,0,0,0,0,0,0,0,0,0,0,0,0,0,0,0,0,0,0,0,0,0,0,0,0,-0.0002349244*J2^5+0,0.0007324219*J1^1*J2^4+-0.0002712674*J2^5+0,0,0,0,0,0,0,-0.0001566163*J1^1*J2^4+0,-0.0001808449*J1^1*J2^4+0.0004882812*J2^5+0,0,0,0,0,0,0,0.0000553722*J1^1*J2^4+0,0.0000639383*J1^1*J2^4+-0.0001726335*J2^5+0,0,0,0,0,0,0,0,0,0,0,0,0,0,0,0,0,0,0,0,0,0,0,0,0,0,0,0,0,0,0,0,0,0,0,-0.0010579427*J2^5+0,0.0023962291*J1^1*J2^4+-0.0012216070*J2^5+0,0.0006108035*J1^1*J2^4+0,0.0007052951*J1^1*J2^4+-0.0013834635*J2^5+0,0,0,0,0,-0.0014961569*J2^5+0,0.0033887798*J1^1*J2^4+-0.0017276132*J2^5+0,0.0008638066*J1^1*J2^4+0,0.0009974380*J1^1*J2^4+-0.0019565129*J2^5+0,0,0,0,0},
{0,0,0,0,0,0,0,0,0,0,0,0,0,0,0,0,0,0,0,0,0,0,0,0,0,0,0,0,-0.0004228640*J2^5+0,0.0001356337*J1^1*J2^4+0,0,0,0,0,0,0,-0.0001409547*J1^1*J2^4+-0.0001409547*J2^5+0,0.0000452112*J1^1*J2^4+0.0000452112*J2^5+0,0,0,0,0,0,0,-0.0003986800*J1^1*J2^4+0.0004983500*J2^5+0,-0.0001598458*J1^1*J2^4+0.0001278767*J2^5+0,0,0,0,0,0,0,0,0,0,0,0,0,0,0,0,0,0,0,0,0,0,0,0,0,0,0,0,0,0,0,0,0,0,0,-0.0013834635*J2^5+0,0.0006108035*J1^1*J2^4+0,-0.0007987430*J1^1*J2^4+0.0015974861*J2^5+0,-0.0007052951*J1^1*J2^4+0.0003526476*J2^5+0,0,0,0,0,-0.0019565129*J2^5+0,0.0008638066*J1^1*J2^4+0,-0.0011295933*J1^1*J2^4+0.0022591865*J2^5+0,-0.0009974380*J1^1*J2^4+0.0004987190*J2^5+0,0,0,0,0},
{0,0,0,0,0,0,0,0,0,0,0,0,0,0,0,0,0,0,0,0,0,0,0,0,0,0,0,0,0.0001356337*J1^1*J2^4+0,0.0001566163*J1^1*J2^4+-0.0004228640*J2^5+0,0,0,0,0,0,0,0.0000452112*J1^1*J2^4+0.0000452112*J2^5+0,-0.0000887492*J1^1*J2^4+-0.0000887492*J2^5+0,0,0,0,0,0,0,-0.0001598458*J1^1*J2^4+0.0001278767*J2^5+0,-0.0005832540*J1^1*J2^4+0.0006460092*J2^5+0,0,0,0,0,0,0,0,0,0,0,0,0,0,0,0,0,0,0,0,0,0,0,0,0,0,0,0,0,0,0,0,0,0,0,0.0006108035*J1^1*J2^4+0,0.0007052951*J1^1*J2^4+-0.0013834635*J2^5+0,-0.0007052951*J1^1*J2^4+0.0003526476*J2^5+0,-0.0016131477*J1^1*J2^4+0.0020046884*J2^5+0,0,0,0,0,0.0008638066*J1^1*J2^4+0,0.0009974380*J1^1*J2^4+-0.0019565129*J2^5+0,-0.0009974380*J1^1*J2^4+0.0004987190*J2^5+0,-0.0022813354*J1^1*J2^4+0.0028350576*J2^5+0,0,0,0,0},
{0,0,0,0,0,0,0,0,0,0,0,0,0,0,0,0,0,0,0,0,0,0,0,0,0,0,0.0005980200*J1^1*J2^4+0,-0.0001918150*J2^5+0,0,0,0,0,0,0,0.0003986800*J2^5+0,-0.0001278767*J1^1*J2^4+0,0,0,0,0,0,0,-0.0001409547*J2^5+0,0.0000452112*J1^1*J2^4+0,0,0,0,0,0,0,0,0,0,0,0,0,0,0,0,0,0,0,0,0,0,0,0,0,0,0,0,0,0,0,0,0,-0.0033887798*J1^1*J2^4+0,0.0014961569*J2^5+0,0.0019565129*J2^5+0,-0.0008638066*J1^1*J2^4+0,0,0,0,0,0,0,0,0,0,0,0,0,0,0,0,0},
{0,0,0,0,0,0,0,0,0,0,0,0,0,0,0,0,0,0,0,0,0,0,0,0,0,0,-0.0001918150*J2^5+0,0.0005980200*J1^1*J2^4+-0.0002214889*J2^5+0,0,0,0,0,0,0,-0.0001278767*J1^1*J2^4+0,-0.0001476592*J1^1*J2^4+0.0003986800*J2^5+0,0,0,0,0,0,0,0.0000452112*J1^1*J2^4+0,0.0000522054*J1^1*J2^4+-0.0001409547*J2^5+0,0,0,0,0,0,0,0,0,0,0,0,0,0,0,0,0,0,0,0,0,0,0,0,0,0,0,0,0,0,0,0,0,0.0014961569*J2^5+0,-0.0033887798*J1^1*J2^4+0.0017276132*J2^5+0,-0.0008638066*J1^1*J2^4+0,-0.0009974380*J1^1*J2^4+0.0019565129*J2^5+0,0,0,0,0,0,0,0,0,0,0,0,0,0,0,0,0},
{0,0,0,0,0,0,0,0,0,0,0,0,0,0,0,0,0,0,0,0,0,0,0,0,0,0,-0.0003452670*J2^5+0,0.0001107444*J1^1*J2^4+0,0,0,0,0,0,0,-0.0001150890*J1^1*J2^4+-0.0001150890*J2^5+0,0.0000369148*J1^1*J2^4+0.0000369148*J2^5+0,0,0,0,0,0,0,-0.0003255208*J1^1*J2^4+0.0004069010*J2^5+0,-0.0001305136*J1^1*J2^4+0.0001044109*J2^5+0,0,0,0,0,0,0,0,0,0,0,0,0,0,0,0,0,0,0,0,0,0,0,0,0,0,0,0,0,0,0,0,0,0.0019565129*J2^5+0,-0.0008638066*J1^1*J2^4+0,0.0011295933*J1^1*J2^4+-0.0022591865*J2^5+0,0.0009974380*J1^1*J2^4+-0.0004987190*J2^5+0,0,0,0,0,0,0,0,0,0,0,0,0,0,0,0,0},
{0,0,0,0,0,0,0,0,0,0,0,0,0,0,0,0,0,0,0,0,0,0,0,0,0,0,0.0001107444*J1^1*J2^4+0,0.0001278767*J1^1*J2^4+-0.0003452670*J2^5+0,0,0,0,0,0,0,0.0000369148*J1^1*J2^4+0.0000369148*J2^5+0,-0.0000724634*J1^1*J2^4+-0.0000724634*J2^5+0,0,0,0,0,0,0,-0.0001305136*J1^1*J2^4+0.0001044109*J2^5+0,-0.0004762249*J1^1*J2^4+0.0005274643*J2^5+0,0,0,0,0,0,0,0,0,0,0,0,0,0,0,0,0,0,0,0,0,0,0,0,0,0,0,0,0,0,0,0,0,-0.0008638066*J1^1*J2^4+0,-0.0009974380*J1^1*J2^4+0.0019565129*J2^5+0,0.0009974380*J1^1*J2^4+-0.0004987190*J2^5+0,0.0022813354*J1^1*J2^4+-0.0028350576*J2^5+0,0,0,0,0,0,0,0,0,0,0,0,0,0,0,0,0},
{0,0,0,0,0,0,0,0,0,0,0,0,0,0,0,0,0,0,0,0,0,0,0,0,0,0,0,0,0,0,0.0005980200*J1^1*J2^4+0,-0.0001918150*J2^5+0,0,0,0,0,0,0,0.0003986800*J2^5+0,-0.0001278767*J1^1*J2^4+0,0,0,0,0,0,0,-0.0001409547*J2^5+0,0.0000452112*J1^1*J2^4+0,0,0,0,0,0,0,0,0,0,0,0,0,0,0,0,0,0,0,0,0,0,0,0,0,0,0,0,0,0,0,0,0,0,0,0,0,0.0019565129*J1^1*J2^4+0,-0.0008638066*J2^5+0,-0.0011295933*J2^5+0,0.0004987190*J1^1*J2^4+0,0,0,0,0,0.0027669271*J1^1*J2^4+0,-0.0012216070*J2^5+0,-0.0015974861*J2^5+0,0.0007052951*J1^1*J2^4+0},
{0,0,0,0,0,0,0,0,0,0,0,0,0,0,0,0,0,0,0,0,0,0,0,0,0,0,0,0,0,0,-0.0001918150*J2^5+0,0.0005980200*J1^1*J2^4+-0.0002214889*J2^5+0,0,0,0,0,0,0,-0.0001278767*J1^1*J2^4+0,-0.0001476592*J1^1*J2^4+0.0003986800*J2^5+0,0,0,0,0,0,0,0.0000452112*J1^1*J2^4+0,0.0000522054*J1^1*J2^4+-0.0001409547*J2^5+0,0,0,0,0,0,0,0,0,0,0,0,0,0,0,0,0,0,0,0,0,0,0,0,0,0,0,0,0,0,0,0,0,0,0,0,0,-0.0008638066*J2^5+0,0.0019565129*J1^1*J2^4+-0.0009974380*J2^5+0,0.0004987190*J1^1*J2^4+0,0.0005758711*J1^1*J2^4+-0.0011295933*J2^5+0,0,0,0,0,-0.0012216070*J2^5+0,0.0027669271*J1^1*J2^4+-0.0014105903*J2^5+0,0.0007052951*J1^1*J2^4+0,0.0008144047*J1^1*J2^4+-0.0015974861*J2^5+0},
{0,0,0,0,0,0,0,0,0,0,0,0,0,0,0,0,0,0,0,0,0,0,0,0,0,0,0,0,0,0,-0.0003452670*J2^5+0,0.0001107444*J1^1*J2^4+0,0,0,0,0,0,0,-0.0001150890*J1^1*J2^4+-0.0001150890*J2^5+0,0.0000369148*J1^1*J2^4+0.0000369148*J2^5+0,0,0,0,0,0,0,-0.0003255208*J1^1*J2^4+0.0004069010*J2^5+0,-0.0001305136*J1^1*J2^4+0.0001044109*J2^5+0,0,0,0,0,0,0,0,0,0,0,0,0,0,0,0,0,0,0,0,0,0,0,0,0,0,0,0,0,0,0,0,0,0,0,0,0,-0.0011295933*J2^5+0,0.0004987190*J1^1*J2^4+0,-0.0006521710*J1^1*J2^4+0.0013043419*J2^5+0,-0.0005758711*J1^1*J2^4+0.0002879355*J2^5+0,0,0,0,0,-0.0015974861*J2^5+0,0.0007052951*J1^1*J2^4+0,-0.0009223090*J1^1*J2^4+0.0018446181*J2^5+0,-0.0008144047*J1^1*J2^4+0.0004072023*J2^5+0},
{0,0,0,0,0,0,0,0,0,0,0,0,0,0,0,0,0,0,0,0,0,0,0,0,0,0,0,0,0,0,0.0001107444*J1^1*J2^4+0,0.0001278767*J1^1*J2^4+-0.0003452670*J2^5+0,0,0,0,0,0,0,0.0000369148*J1^1*J2^4+0.0000369148*J2^5+0,-0.0000724634*J1^1*J2^4+-0.0000724634*J2^5+0,0,0,0,0,0,0,-0.0001305136*J1^1*J2^4+0.0001044109*J2^5+0,-0.0004762249*J1^1*J2^4+0.0005274643*J2^5+0,0,0,0,0,0,0,0,0,0,0,0,0,0,0,0,0,0,0,0,0,0,0,0,0,0,0,0,0,0,0,0,0,0,0,0,0,0.0004987190*J1^1*J2^4+0,0.0005758711*J1^1*J2^4+-0.0011295933*J2^5+0,-0.0005758711*J1^1*J2^4+0.0002879355*J2^5+0,-0.0013171296*J1^1*J2^4+0.0016368213*J2^5+0,0,0,0,0,0.0007052951*J1^1*J2^4+0,0.0008144047*J1^1*J2^4+-0.0015974861*J2^5+0,-0.0008144047*J1^1*J2^4+0.0004072023*J2^5+0,-0.0018627025*J1^1*J2^4+0.0023148148*J2^5+0},
{0.0002712674*J2^5+0,-0.0001566163*J1^1*J2^4+0,0,0,0,0,0,0,0.0013834635*J1^1*J2^4+0,-0.0007987430*J2^5+0,0,0,0,0,0,0,0.0000959075*J2^5+0,-0.0000553722*J1^1*J2^4+0,0,0,0,0,0,0,0,0,0,0,0,0,0,0,0,0,0,0,0,0,0,0,0,0,0,0,0,0,0,0,0,0,0,0,0,0,0,0,-0.0021972656*J1^1*J2^4+0,0.0018324105*J2^5+0,0.0012685919*J2^5+0,-0.0010579427*J1^1*J2^4+0,0,0,0,0,0,0,0,0,0,0,0,0,0,0,0,0,0,0,0,0,0,0,0,0,0,0,0,0,0,0,0,0,0,0,0,0},
{-0.0007987430*J1^1*J2^4+0.0000783081*J2^5+0,-0.0000452112*J1^1*J2^4+0.0004611545*J2^5+0,0,0,0,0,0,0,-0.0002349244*J2^5+0,0.0001356337*J1^1*J2^4+0,0,0,0,0,0,0,-0.0011295933*J1^1*J2^4+0.0002768611*J2^5+0,-0.0001598458*J1^1*J2^4+0.0006521710*J2^5+0,0,0,0,0,0,0,0,0,0,0,0,0,0,0,0,0,0,0,0,0,0,0,0,0,0,0,0,0,0,0,0,0,0,0,0,0,0,0,0.0018324105*J2^5+0,-0.0021972656*J1^1*J2^4+0.0021158854*J2^5+0,-0.0010579427*J1^1*J2^4+0,-0.0012216070*J1^1*J2^4+0.0012685919*J2^5+0,0,0,0,0,0,0,0,0,0,0,0,0,0,0,0,0,0,0,0,0,0,0,0,0,0,0,0,0,0,0,0,0,0,0,0,0},
{-0.0001566163*J1^1*J2^4+0,0.0001808449*J1^1*J2^4+-0.0000904225*J2^5+0,0,0,0,0,0,0,-0.0007987430*J2^5+0,-0.0004611545*J1^1*J2^4+0.0009223090*J2^5+0,0,0,0,0,0,0,-0.0000553722*J1^1*J2^4+0,0.0000639383*J1^1*J2^4+-0.0000319692*J2^5+0,0,0,0,0,0,0,0,0,0,0,0,0,0,0,0,0,0,0,0,0,0,0,0,0,0,0,0,0,0,0,0,0,0,0,0,0,0,0,0.0012685919*J2^5+0,-0.0010579427*J1^1*J2^4+0,0.0007324219*J1^1*J2^4+-0.0014648437*J2^5+0,0.0012216070*J1^1*J2^4+-0.0006108035*J2^5+0,0,0,0,0,0,0,0,0,0,0,0,0,0,0,0,0,0,0,0,0,0,0,0,0,0,0,0,0,0,0,0,0,0,0,0,0},
{-0.0000452112*J1^1*J2^4+0.0004611545*J2^5+0,0.0003184531*J1^1*J2^4+-0.0005585981*J2^5+0,0,0,0,0,0,0,0.0001356337*J1^1*J2^4+0,-0.0001566163*J1^1*J2^4+0.0000783081*J2^5+0,0,0,0,0,0,0,-0.0001598458*J1^1*J2^4+0.0006521710*J2^5+0,0.0005611051*J1^1*J2^4+-0.0008453492*J2^5+0,0,0,0,0,0,0,0,0,0,0,0,0,0,0,0,0,0,0,0,0,0,0,0,0,0,0,0,0,0,0,0,0,0,0,0,0,0,0,-0.0010579427*J1^1*J2^4+0,-0.0012216070*J1^1*J2^4+0.0012685919*J2^5+0,0.0012216070*J1^1*J2^4+-0.0006108035*J2^5+0,0.0021430122*J1^1*J2^4+-0.0021701389*J2^5+0,0,0,0,0,0,0,0,0,0,0,0,0,0,0,0,0,0,0,0,0,0,0,0,0,0,0,0,0,0,0,0,0,0,0,0,0},
{0,0,0.0002712674*J2^5+0,-0.0001566163*J1^1*J2^4+0,0,0,0,0,0,0,0.0013834635*J1^1*J2^4+0,-0.0007987430*J2^5+0,0,0,0,0,0,0,0.0000959075*J2^5+0,-0.0000553722*J1^1*J2^4+0,0,0,0,0,0,0,0,0,0,0,0,0,0,0,0,0,0,0,0,0,0,0,0,0,0,0,0,0,0.0012685919*J1^1*J2^4+0,-0.0010579427*J2^5+0,-0.0007324219*J2^5+0,0.0006108035*J1^1*J2^4+0,0,0,0,0,0,0,0,0,0,0,0,0,-0.0017940599*J1^1*J2^4+0,0.0014961569*J2^5+0,0.0010358009*J2^5+0,-0.0008638066*J1^1*J2^4+0,0,0,0,0,0,0,0,0,0,0,0,0,0,0,0,0,0,0,0,0,0,0,0,0,0,0,0,0},
{0,0,-0.0007987430*J1^1*J2^4+0.0000783081*J2^5+0,-0.0000452112*J1^1*J2^4+0.0004611545*J2^5+0,0,0,0,0,0,0,-0.0002349244*J2^5+0,0.0001356337*J1^1*J2^4+0,0,0,0,0,0,0,-0.0011295933*J1^1*J2^4+0.0002768611*J2^5+0,-0.0001598458*J1^1*J2^4+0.0006521710*J2^5+0,0,0,0,0,0,0,0,0,0,0,0,0,0,0,0,0,0,0,0,0,0,0,0,0,0,0,0,0,-0.0010579427*J2^5+0,0.0012685919*J1^1*J2^4+-0.0012216070*J2^5+0,0.0006108035*J1^1*J2^4+0,0.0007052951*J1^1*J2^4+-0.0007324219*J2^5+0,0,0,0,0,0,0,0,0,0,0,0,0,0.0014961569*J2^5+0,-0.0017940599*J1^1*J2^4+0.0017276132*J2^5+0,-0.0008638066*J1^1*J2^4+0,-0.0009974380*J1^1*J2^4+0.0010358009*J2^5+0,0,0,0,0,0,0,0,0,0,0,0,0,0,0,0,0,0,0,0,0,0,0,0,0,0,0,0,0},
{0,0,-0.0001566163*J1^1*J2^4+0,0.0001808449*J1^1*J2^4+-0.0000904225*J2^5+0,0,0,0,0,0,0,-0.0007987430*J2^5+0,-0.0004611545*J1^1*J2^4+0.0009223090*J2^5+0,0,0,0,0,0,0,-0.0000553722*J1^1*J2^4+0,0.0000639383*J1^1*J2^4+-0.0000319692*J2^5+0,0,0,0,0,0,0,0,0,0,0,0,0,0,0,0,0,0,0,0,0,0,0,0,0,0,0,0,0,-0.0007324219*J2^5+0,0.0006108035*J1^1*J2^4+0,-0.0004228640*J1^1*J2^4+0.0008457279*J2^5+0,-0.0007052951*J1^1*J2^4+0.0003526476*J2^5+0,0,0,0,0,0,0,0,0,0,0,0,0,0.0010358009*J2^5+0,-0.0008638066*J1^1*J2^4+0,0.0005980200*J1^1*J2^4+-0.0011960399*J2^5+0,0.0009974380*J1^1*J2^4+-0.0004987190*J2^5+0,0,0,0,0,0,0,0,0,0,0,0,0,0,0,0,0,0,0,0,0,0,0,0,0,0,0,0,0},
{0,0,-0.0000452112*J1^1*J2^4+0.0004611545*J2^5+0,0.0003184531*J1^1*J2^4+-0.0005585981*J2^5+0,0,0,0,0,0,0,0.0001356337*J1^1*J2^4+0,-0.0001566163*J1^1*J2^4+0.0000783081*J2^5+0,0,0,0,0,0,0,-0.0001598458*J1^1*J2^4+0.0006521710*J2^5+0,0.0005611051*J1^1*J2^4+-0.0008453492*J2^5+0,0,0,0,0,0,0,0,0,0,0,0,0,0,0,0,0,0,0,0,0,0,0,0,0,0,0,0,0,0.0006108035*J1^1*J2^4+0,0.0007052951*J1^1*J2^4+-0.0007324219*J2^5+0,-0.0007052951*J1^1*J2^4+0.0003526476*J2^5+0,-0.0012372686*J1^1*J2^4+0.0012529303*J2^5+0,0,0,0,0,0,0,0,0,0,0,0,0,-0.0008638066*J1^1*J2^4+0,-0.0009974380*J1^1*J2^4+0.0010358009*J2^5+0,0.0009974380*J1^1*J2^4+-0.0004987190*J2^5+0,0.0017497621*J1^1*J2^4+-0.0017719110*J2^5+0,0,0,0,0,0,0,0,0,0,0,0,0,0,0,0,0,0,0,0,0,0,0,0,0,0,0,0,0},
{0,0,0,0,-0.0001566163*J2^5+0,0.0000904225*J1^1*J2^4+0,0,0,0,0,0,0,-0.0007987430*J1^1*J2^4+0,0.0004611545*J2^5+0,0,0,0,0,0,0,-0.0000553722*J2^5+0,0.0000319692*J1^1*J2^4+0,0,0,0,0,0,0,0,0,0,0,0,0,0,0,0,0,0,0,0,0,0,0,0,0,0,0,0,0,0,0,0,0,0,0,0,0,0,0,0.0012685919*J1^1*J2^4+0,-0.0010579427*J2^5+0,-0.0007324219*J2^5+0,0.0006108035*J1^1*J2^4+0,0,0,0,0,0,0,0,0,0,0,0,0,0,0,0,0,0,0,0,0,0,0,0,0,0,0,0,0,0,0,0,0},
{0,0,0,0,0.0004611545*J1^1*J2^4+-0.0000452112*J2^5+0,0.0000261027*J1^1*J2^4+-0.0002662477*J2^5+0,0,0,0,0,0,0,0.0001356337*J2^5+0,-0.0000783081*J1^1*J2^4+0,0,0,0,0,0,0,0.0006521710*J1^1*J2^4+-0.0001598458*J2^5+0,0.0000922870*J1^1*J2^4+-0.0003765311*J2^5+0,0,0,0,0,0,0,0,0,0,0,0,0,0,0,0,0,0,0,0,0,0,0,0,0,0,0,0,0,0,0,0,0,0,0,0,0,0,0,-0.0010579427*J2^5+0,0.0012685919*J1^1*J2^4+-0.0012216070*J2^5+0,0.0006108035*J1^1*J2^4+0,0.0007052951*J1^1*J2^4+-0.0007324219*J2^5+0,0,0,0,0,0,0,0,0,0,0,0,0,0,0,0,0,0,0,0,0,0,0,0,0,0,0,0,0,0,0,0,0},
{0,0,0,0,0.0000904225*J1^1*J2^4+0,-0.0001044109*J1^1*J2^4+0.0000522054*J2^5+0,0,0,0,0,0,0,0.0004611545*J2^5+0,0.0002662477*J1^1*J2^4+-0.0005324954*J2^5+0,0,0,0,0,0,0,0.0000319692*J1^1*J2^4+0,-0.0000369148*J1^1*J2^4+0.0000184574*J2^5+0,0,0,0,0,0,0,0,0,0,0,0,0,0,0,0,0,0,0,0,0,0,0,0,0,0,0,0,0,0,0,0,0,0,0,0,0,0,0,-0.0007324219*J2^5+0,0.0006108035*J1^1*J2^4+0,-0.0004228640*J1^1*J2^4+0.0008457279*J2^5+0,-0.0007052951*J1^1*J2^4+0.0003526476*J2^5+0,0,0,0,0,0,0,0,0,0,0,0,0,0,0,0,0,0,0,0,0,0,0,0,0,0,0,0,0,0,0,0,0},
{0,0,0,0,0.0000261027*J1^1*J2^4+-0.0002662477*J2^5+0,-0.0001838590*J1^1*J2^4+0.0003225068*J2^5+0,0,0,0,0,0,0,-0.0000783081*J1^1*J2^4+0,0.0000904225*J1^1*J2^4+-0.0000452112*J2^5+0,0,0,0,0,0,0,0.0000922870*J1^1*J2^4+-0.0003765311*J2^5+0,-0.0003239542*J1^1*J2^4+0.0004880626*J2^5+0,0,0,0,0,0,0,0,0,0,0,0,0,0,0,0,0,0,0,0,0,0,0,0,0,0,0,0,0,0,0,0,0,0,0,0,0,0,0,0.0006108035*J1^1*J2^4+0,0.0007052951*J1^1*J2^4+-0.0007324219*J2^5+0,-0.0007052951*J1^1*J2^4+0.0003526476*J2^5+0,-0.0012372686*J1^1*J2^4+0.0012529303*J2^5+0,0,0,0,0,0,0,0,0,0,0,0,0,0,0,0,0,0,0,0,0,0,0,0,0,0,0,0,0,0,0,0,0},
{0,0,0,0,0,0,-0.0001566163*J2^5+0,0.0000904225*J1^1*J2^4+0,0,0,0,0,0,0,-0.0007987430*J1^1*J2^4+0,0.0004611545*J2^5+0,0,0,0,0,0,0,-0.0000553722*J2^5+0,0.0000319692*J1^1*J2^4+0,0,0,0,0,0,0,0,0,0,0,0,0,0,0,0,0,0,0,0,0,0,0,0,0,0,0,0,0,-0.0007324219*J1^1*J2^4+0,0.0006108035*J2^5+0,0.0004228640*J2^5+0,-0.0003526476*J1^1*J2^4+0,0,0,0,0,0,0,0,0,0,0,0,0,0.0010358009*J1^1*J2^4+0,-0.0008638066*J2^5+0,-0.0005980200*J2^5+0,0.0004987190*J1^1*J2^4+0,0,0,0,0,0,0,0,0,0,0,0,0,0,0,0,0,0,0,0,0,0,0,0,0},
{0,0,0,0,0,0,0.0004611545*J1^1*J2^4+-0.0000452112*J2^5+0,0.0000261027*J1^1*J2^4+-0.0002662477*J2^5+0,0,0,0,0,0,0,0.0001356337*J2^5+0,-0.0000783081*J1^1*J2^4+0,0,0,0,0,0,0,0.0006521710*J1^1*J2^4+-0.0001598458*J2^5+0,0.0000922870*J1^1*J2^4+-0.0003765311*J2^5+0,0,0,0,0,0,0,0,0,0,0,0,0,0,0,0,0,0,0,0,0,0,0,0,0,0,0,0,0,0.0006108035*J2^5+0,-0.0007324219*J1^1*J2^4+0.0007052951*J2^5+0,-0.0003526476*J1^1*J2^4+0,-0.0004072023*J1^1*J2^4+0.0004228640*J2^5+0,0,0,0,0,0,0,0,0,0,0,0,0,-0.0008638066*J2^5+0,0.0010358009*J1^1*J2^4+-0.0009974380*J2^5+0,0.0004987190*J1^1*J2^4+0,0.0005758711*J1^1*J2^4+-0.0005980200*J2^5+0,0,0,0,0,0,0,0,0,0,0,0,0,0,0,0,0,0,0,0,0,0,0,0,0},
{0,0,0,0,0,0,0.0000904225*J1^1*J2^4+0,-0.0001044109*J1^1*J2^4+0.0000522054*J2^5+0,0,0,0,0,0,0,0.0004611545*J2^5+0,0.0002662477*J1^1*J2^4+-0.0005324954*J2^5+0,0,0,0,0,0,0,0.0000319692*J1^1*J2^4+0,-0.0000369148*J1^1*J2^4+0.0000184574*J2^5+0,0,0,0,0,0,0,0,0,0,0,0,0,0,0,0,0,0,0,0,0,0,0,0,0,0,0,0,0,0.0004228640*J2^5+0,-0.0003526476*J1^1*J2^4+0,0.0002441406*J1^1*J2^4+-0.0004882813*J2^5+0,0.0004072023*J1^1*J2^4+-0.0002036012*J2^5+0,0,0,0,0,0,0,0,0,0,0,0,0,-0.0005980200*J2^5+0,0.0004987190*J1^1*J2^4+0,-0.0003452670*J1^1*J2^4+0.0006905340*J2^5+0,-0.0005758711*J1^1*J2^4+0.0002879355*J2^5+0,0,0,0,0,0,0,0,0,0,0,0,0,0,0,0,0,0,0,0,0,0,0,0,0},
{0,0,0,0,0,0,0.0000261027*J1^1*J2^4+-0.0002662477*J2^5+0,-0.0001838590*J1^1*J2^4+0.0003225068*J2^5+0,0,0,0,0,0,0,-0.0000783081*J1^1*J2^4+0,0.0000904225*J1^1*J2^4+-0.0000452112*J2^5+0,0,0,0,0,0,0,0.0000922870*J1^1*J2^4+-0.0003765311*J2^5+0,-0.0003239542*J1^1*J2^4+0.0004880626*J2^5+0,0,0,0,0,0,0,0,0,0,0,0,0,0,0,0,0,0,0,0,0,0,0,0,0,0,0,0,0,-0.0003526476*J1^1*J2^4+0,-0.0004072023*J1^1*J2^4+0.0004228640*J2^5+0,0.0004072023*J1^1*J2^4+-0.0002036012*J2^5+0,0.0007143374*J1^1*J2^4+-0.0007233796*J2^5+0,0,0,0,0,0,0,0,0,0,0,0,0,0.0004987190*J1^1*J2^4+0,0.0005758711*J1^1*J2^4+-0.0005980200*J2^5+0,-0.0005758711*J1^1*J2^4+0.0002879355*J2^5+0,-0.0010102256*J1^1*J2^4+0.0010230133*J2^5+0,0,0,0,0,0,0,0,0,0,0,0,0,0,0,0,0,0,0,0,0,0,0,0,0},
{0,0,0,0,-0.0002214889*J2^5+0,0.0001278767*J1^1*J2^4+0,0,0,0,0,0,0,-0.0011295933*J1^1*J2^4+0,0.0006521710*J2^5+0,0,0,0,0,0,0,-0.0000783081*J2^5+0,0.0000452112*J1^1*J2^4+0,0,0,0,0,0,0,0,0,0,0,0,0,0,0,0,0,0,0,0,0,0,0,0,0,0,0,0,0,0,0,0,0,0,0,0,0,0,0,0.0017940599*J1^1*J2^4+0,-0.0014961569*J2^5+0,-0.0010358009*J2^5+0,0.0008638066*J1^1*J2^4+0,0,0,0,0,0,0,0,0,0,0,0,0,0,0,0,0,0,0,0,0,0,0,0,0,0,0,0,0,0,0,0,0},
{0,0,0,0,0.0006521710*J1^1*J2^4+-0.0000639383*J2^5+0,0.0000369148*J1^1*J2^4+-0.0003765311*J2^5+0,0,0,0,0,0,0,0.0001918150*J2^5+0,-0.0001107444*J1^1*J2^4+0,0,0,0,0,0,0,0.0009223090*J1^1*J2^4+-0.0002260561*J2^5+0,0.0001305136*J1^1*J2^4+-0.0005324954*J2^5+0,0,0,0,0,0,0,0,0,0,0,0,0,0,0,0,0,0,0,0,0,0,0,0,0,0,0,0,0,0,0,0,0,0,0,0,0,0,0,-0.0014961569*J2^5+0,0.0017940599*J1^1*J2^4+-0.0017276132*J2^5+0,0.0008638066*J1^1*J2^4+0,0.0009974380*J1^1*J2^4+-0.0010358009*J2^5+0,0,0,0,0,0,0,0,0,0,0,0,0,0,0,0,0,0,0,0,0,0,0,0,0,0,0,0,0,0,0,0,0},
{0,0,0,0,0.0001278767*J1^1*J2^4+0,-0.0001476592*J1^1*J2^4+0.0000738296*J2^5+0,0,0,0,0,0,0,0.0006521710*J2^5+0,0.0003765311*J1^1*J2^4+-0.0007530622*J2^5+0,0,0,0,0,0,0,0.0000452112*J1^1*J2^4+0,-0.0000522054*J1^1*J2^4+0.0000261027*J2^5+0,0,0,0,0,0,0,0,0,0,0,0,0,0,0,0,0,0,0,0,0,0,0,0,0,0,0,0,0,0,0,0,0,0,0,0,0,0,0,-0.0010358009*J2^5+0,0.0008638066*J1^1*J2^4+0,-0.0005980200*J1^1*J2^4+0.0011960399*J2^5+0,-0.0009974380*J1^1*J2^4+0.0004987190*J2^5+0,0,0,0,0,0,0,0,0,0,0,0,0,0,0,0,0,0,0,0,0,0,0,0,0,0,0,0,0,0,0,0,0},
{0,0,0,0,0.0000369148*J1^1*J2^4+-0.0003765311*J2^5+0,-0.0002600159*J1^1*J2^4+0.0004560934*J2^5+0,0,0,0,0,0,0,-0.0001107444*J1^1*J2^4+0,0.0001278767*J1^1*J2^4+-0.0000639383*J2^5+0,0,0,0,0,0,0,0.0001305136*J1^1*J2^4+-0.0005324954*J2^5+0,-0.0004581404*J1^1*J2^4+0.0006902247*J2^5+0,0,0,0,0,0,0,0,0,0,0,0,0,0,0,0,0,0,0,0,0,0,0,0,0,0,0,0,0,0,0,0,0,0,0,0,0,0,0,0.0008638066*J1^1*J2^4+0,0.0009974380*J1^1*J2^4+-0.0010358009*J2^5+0,-0.0009974380*J1^1*J2^4+0.0004987190*J2^5+0,-0.0017497621*J1^1*J2^4+0.0017719110*J2^5+0,0,0,0,0,0,0,0,0,0,0,0,0,0,0,0,0,0,0,0,0,0,0,0,0,0,0,0,0,0,0,0,0},
{0,0,0,0,0,0,-0.0002214889*J2^5+0,0.0001278767*J1^1*J2^4+0,0,0,0,0,0,0,-0.0011295933*J1^1*J2^4+0,0.0006521710*J2^5+0,0,0,0,0,0,0,-0.0000783081*J2^5+0,0.0000452112*J1^1*J2^4+0,0,0,0,0,0,0,0,0,0,0,0,0,0,0,0,0,0,0,0,0,0,0,0,0,0,0,0,0,-0.0010358009*J1^1*J2^4+0,0.0008638066*J2^5+0,0.0005980200*J2^5+0,-0.0004987190*J1^1*J2^4+0,0,0,0,0,0,0,0,0,0,0,0,0,0.0014648438*J1^1*J2^4+0,-0.0012216070*J2^5+0,-0.0008457279*J2^5+0,0.0007052951*J1^1*J2^4+0,0,0,0,0,0,0,0,0,0,0,0,0,0,0,0,0,0,0,0,0,0,0,0,0},
{0,0,0,0,0,0,0.0006521710*J1^1*J2^4+-0.0000639383*J2^5+0,0.0000369148*J1^1*J2^4+-0.0003765311*J2^5+0,0,0,0,0,0,0,0.0001918150*J2^5+0,-0.0001107444*J1^1*J2^4+0,0,0,0,0,0,0,0.0009223090*J1^1*J2^4+-0.0002260561*J2^5+0,0.0001305136*J1^1*J2^4+-0.0005324954*J2^5+0,0,0,0,0,0,0,0,0,0,0,0,0,0,0,0,0,0,0,0,0,0,0,0,0,0,0,0,0,0.0008638066*J2^5+0,-0.0010358009*J1^1*J2^4+0.0009974380*J2^5+0,-0.0004987190*J1^1*J2^4+0,-0.0005758711*J1^1*J2^4+0.0005980200*J2^5+0,0,0,0,0,0,0,0,0,0,0,0,0,-0.0012216070*J2^5+0,0.0014648437*J1^1*J2^4+-0.0014105903*J2^5+0,0.0007052951*J1^1*J2^4+0,0.0008144047*J1^1*J2^4+-0.0008457279*J2^5+0,0,0,0,0,0,0,0,0,0,0,0,0,0,0,0,0,0,0,0,0,0,0,0,0},
{0,0,0,0,0,0,0.0001278767*J1^1*J2^4+0,-0.0001476592*J1^1*J2^4+0.0000738296*J2^5+0,0,0,0,0,0,0,0.0006521710*J2^5+0,0.0003765311*J1^1*J2^4+-0.0007530622*J2^5+0,0,0,0,0,0,0,0.0000452112*J1^1*J2^4+0,-0.0000522054*J1^1*J2^4+0.0000261027*J2^5+0,0,0,0,0,0,0,0,0,0,0,0,0,0,0,0,0,0,0,0,0,0,0,0,0,0,0,0,0,0.0005980200*J2^5+0,-0.0004987190*J1^1*J2^4+0,0.0003452670*J1^1*J2^4+-0.0006905340*J2^5+0,0.0005758711*J1^1*J2^4+-0.0002879355*J2^5+0,0,0,0,0,0,0,0,0,0,0,0,0,-0.0008457279*J2^5+0,0.0007052951*J1^1*J2^4+0,-0.0004882813*J1^1*J2^4+0.0009765625*J2^5+0,-0.0008144047*J1^1*J2^4+0.0004072023*J2^5+0,0,0,0,0,0,0,0,0,0,0,0,0,0,0,0,0,0,0,0,0,0,0,0,0},
{0,0,0,0,0,0,0.0000369148*J1^1*J2^4+-0.0003765311*J2^5+0,-0.0002600159*J1^1*J2^4+0.0004560934*J2^5+0,0,0,0,0,0,0,-0.0001107444*J1^1*J2^4+0,0.0001278767*J1^1*J2^4+-0.0000639383*J2^5+0,0,0,0,0,0,0,0.0001305136*J1^1*J2^4+-0.0005324954*J2^5+0,-0.0004581404*J1^1*J2^4+0.0006902247*J2^5+0,0,0,0,0,0,0,0,0,0,0,0,0,0,0,0,0,0,0,0,0,0,0,0,0,0,0,0,0,-0.0004987190*J1^1*J2^4+0,-0.0005758711*J1^1*J2^4+0.0005980200*J2^5+0,0.0005758711*J1^1*J2^4+-0.0002879355*J2^5+0,0.0010102256*J1^1*J2^4+-0.0010230133*J2^5+0,0,0,0,0,0,0,0,0,0,0,0,0,0.0007052951*J1^1*J2^4+0,0.0008144047*J1^1*J2^4+-0.0008457279*J2^5+0,-0.0008144047*J1^1*J2^4+0.0004072023*J2^5+0,-0.0014286748*J1^1*J2^4+0.0014467593*J2^5+0,0,0,0,0,0,0,0,0,0,0,0,0,0,0,0,0,0,0,0,0,0,0,0,0}
}