96
{{0,0,0,0,0,0,0,0,0,0,0,0,0,0,0,0,0,0,0,0,0,0,0,0,0.0000927667*J2^5+0,0.0000795649*J2^5+0,0,0,0,0,0,0,0,0,0,0,0,0,0,0,0.0000477169*J2^5+0,0.0000444345*J2^5+0,0,0,0,0,0,0,0,0,0,0,0,0,0,0,0,0,0,0,0,0,0,0,0,0,0,0,0,0,0,0,0,0,0,0,0,0,0,0,0,0,0.0004272144*J2^5+0,0.0004450794*J2^5+0,0,0,0,0,0,0,0,0,0,0,0,0},
{0,0,0,0,0,0,0,0,0,0,0,0,0,0,0,0,0,0,0,0,0,0,0,0,-0.0000389607*J2^5+0,-0.0000362806*J2^5+0,0,0,0,0,0,0,-0.0000925196*J2^5+0,-0.0000822175*J2^5+0,0,0,0,0,0,0,-0.0001032931*J2^5+0,-0.0000906188*J2^5+0,0,0,0,0,0,0,0,0,0,0,0,0,0,0,0,0,0,0,0,0,0,0,0,0,0,0,0,0,0,0,0,0,0,0,0,0,0,0,0.0004272144*J2^5+0,0.0004450794*J2^5+0,-0.0004933047*J2^5+0,-0.0005139334*J2^5+0,0,0,0,0,0,0,0,0,0,0,0,0},
{0,0,0,0,0,0,0,0,0,0,0,0,0,0,0,0,0,0,0,0,0,0,0,0,0,0,0.0000927667*J2^5+0,0.0000795649*J2^5+0,0,0,0,0,0,0,0,0,0,0,0,0,0,0,0.0000477169*J2^5+0,0.0000444345*J2^5+0,0,0,0,0,0,0,0,0,0,0,0,0,0,0,0,0,0,0,0,0,0,0,0,0,0,0,0,0,0,0,0,0,0,0,0,0,0,0,0,0,0,0,0.0004272144*J2^5+0,0.0004450794*J2^5+0,0,0,0,0,0,0,0,0},
{0,0,0,0,0,0,0,0,0,0,0,0,0,0,0,0,0,0,0,0,0,0,0,0,0,0,-0.0000389607*J2^5+0,-0.0000362806*J2^5+0,0,0,0,0,0,0,-0.0000925196*J2^5+0,-0.0000822175*J2^5+0,0,0,0,0,0,0,-0.0001032931*J2^5+0,-0.0000906188*J2^5+0,0,0,0,0,0,0,0,0,0,0,0,0,0,0,0,0,0,0,0,0,0,0,0,0,0,0,0,0,0,0,0,0,0,0,0,0,0,0,0,0,0.0004272144*J2^5+0,0.0004450794*J2^5+0,-0.0004933047*J2^5+0,-0.0005139334*J2^5+0,0,0,0,0,0,0,0,0},
{0,0,0,0,0,0,0,0,0,0,0,0,0,0,0,0,0,0,0,0,0,0,0,0,0,0,0,0,0.0000927667*J2^5+0,0.0000795649*J2^5+0,0,0,0,0,0,0,0,0,0,0,0,0,0,0,0.0000477169*J2^5+0,0.0000444345*J2^5+0,0,0,0,0,0,0,0,0,0,0,0,0,0,0,0,0,0,0,0,0,0,0,0,0,0,0,0,0,-0.0002466524*J2^5+0,-0.0002569667*J2^5+0,0,0,0,0,0,0,0,0,0,0,0,0,0,0,0.0003488191*J2^5+0,0.0003634058*J2^5+0,0,0,0,0},
{0,0,0,0,0,0,0,0,0,0,0,0,0,0,0,0,0,0,0,0,0,0,0,0,0,0,0,0,-0.0000389607*J2^5+0,-0.0000362806*J2^5+0,0,0,0,0,0,0,-0.0000925196*J2^5+0,-0.0000822175*J2^5+0,0,0,0,0,0,0,-0.0001032931*J2^5+0,-0.0000906188*J2^5+0,0,0,0,0,0,0,0,0,0,0,0,0,0,0,0,0,0,0,0,0,0,0,0,0,0,0,-0.0002466524*J2^5+0,-0.0002569667*J2^5+0,0.0002848096*J2^5+0,0.0002967196*J2^5+0,0,0,0,0,0,0,0,0,0,0,0,0,0.0003488191*J2^5+0,0.0003634058*J2^5+0,-0.0004027816*J2^5+0,-0.0004196249*J2^5+0,0,0,0,0},
{0,0,0,0,0,0,0,0,0,0,0,0,0,0,0,0,0,0,0,0,0,0,0,0,0,0,0,0,0,0,0.0000927667*J2^5+0,0.0000795649*J2^5+0,0,0,0,0,0,0,0,0,0,0,0,0,0,0,0.0000477169*J2^5+0,0.0000444345*J2^5+0,0,0,0,0,0,0,0,0,0,0,0,0,0,0,0,0,0,0,0,0,0,0,0,0,0,0,0,0,0,0,-0.0002466524*J2^5+0,-0.0002569667*J2^5+0,0,0,0,0,0,0,0,0,0,0,0,0,0,0,0.0003488191*J2^5+0,0.0003634058*J2^5+0},
{0,0,0,0,0,0,0,0,0,0,0,0,0,0,0,0,0,0,0,0,0,0,0,0,0,0,0,0,0,0,-0.0000389607*J2^5+0,-0.0000362806*J2^5+0,0,0,0,0,0,0,-0.0000925196*J2^5+0,-0.0000822175*J2^5+0,0,0,0,0,0,0,-0.0001032931*J2^5+0,-0.0000906188*J2^5+0,0,0,0,0,0,0,0,0,0,0,0,0,0,0,0,0,0,0,0,0,0,0,0,0,0,0,0,0,-0.0002466524*J2^5+0,-0.0002569667*J2^5+0,0.0002848096*J2^5+0,0.0002967196*J2^5+0,0,0,0,0,0,0,0,0,0,0,0,0,0.0003488191*J2^5+0,0.0003634058*J2^5+0,-0.0004027816*J2^5+0,-0.0004196249*J2^5+0},
{0,0,0,0,0,0,0,0,0,0,0,0,0,0,0,0,0,0,0,0,0,0,0,0,0,-0.0001331238*J2^5+0,0,0,0,0,0,0,0,0,0,0,0,0,0,0,0,-0.0000719839*J2^5+0,0,0,0,0,0,0,0,0,0,0,0,0,0,0,0,0,0,0,0,0,0,0,0,0,0,0,0,0,0,0,0,0,0,0,0,0,0,0,0,0,0,-0.0006917318*J2^5+0,0,0,0,0,0,0,0,0,0,0,0,0},
{0,0,0,0,0,0,0,0,0,0,0,0,0,0,0,0,0,0,0,0,0,0,0,0,0,0.0000587746*J2^5+0,0,0,0,0,0,0,0,0.0001356337*J2^5+0,0,0,0,0,0,0,0,0.0001502551*J2^5+0,0,0,0,0,0,0,0,0,0,0,0,0,0,0,0,0,0,0,0,0,0,0,0,0,0,0,0,0,0,0,0,0,0,0,0,0,0,0,0,-0.0006917318*J2^5+0,0,0.0007987430*J2^5+0,0,0,0,0,0,0,0,0,0,0,0,0},
{0,0,0,0,0,0,0,0,0,0,0,0,0,0,0,0,0,0,0,0,0,0,0,0,0,0,0,-0.0001331238*J2^5+0,0,0,0,0,0,0,0,0,0,0,0,0,0,0,0,-0.0000719839*J2^5+0,0,0,0,0,0,0,0,0,0,0,0,0,0,0,0,0,0,0,0,0,0,0,0,0,0,0,0,0,0,0,0,0,0,0,0,0,0,0,0,0,0,0,0,-0.0006917318*J2^5+0,0,0,0,0,0,0,0,0},
{0,0,0,0,0,0,0,0,0,0,0,0,0,0,0,0,0,0,0,0,0,0,0,0,0,0,0,0.0000587746*J2^5+0,0,0,0,0,0,0,0,0.0001356337*J2^5+0,0,0,0,0,0,0,0,0.0001502551*J2^5+0,0,0,0,0,0,0,0,0,0,0,0,0,0,0,0,0,0,0,0,0,0,0,0,0,0,0,0,0,0,0,0,0,0,0,0,0,0,0,0,0,0,-0.0006917318*J2^5+0,0,0.0007987430*J2^5+0,0,0,0,0,0,0,0,0},
{0,0,0,0,0,0,0,0,0,0,0,0,0,0,0,0,0,0,0,0,0,0,0,0,0,0,0,0,0,-0.0001331238*J2^5+0,0,0,0,0,0,0,0,0,0,0,0,0,0,0,0,-0.0000719839*J2^5+0,0,0,0,0,0,0,0,0,0,0,0,0,0,0,0,0,0,0,0,0,0,0,0,0,0,0,0,0,0,0.0003993715*J2^5+0,0,0,0,0,0,0,0,0,0,0,0,0,0,0,0,-0.0005647966*J2^5+0,0,0,0,0},
{0,0,0,0,0,0,0,0,0,0,0,0,0,0,0,0,0,0,0,0,0,0,0,0,0,0,0,0,0,0.0000587746*J2^5+0,0,0,0,0,0,0,0,0.0001356337*J2^5+0,0,0,0,0,0,0,0,0.0001502551*J2^5+0,0,0,0,0,0,0,0,0,0,0,0,0,0,0,0,0,0,0,0,0,0,0,0,0,0,0,0,0.0003993715*J2^5+0,0,-0.0004611545*J2^5+0,0,0,0,0,0,0,0,0,0,0,0,0,0,-0.0005647966*J2^5+0,0,0.0006521710*J2^5+0,0,0,0,0},
{0,0,0,0,0,0,0,0,0,0,0,0,0,0,0,0,0,0,0,0,0,0,0,0,0,0,0,0,0,0,0,-0.0001331238*J2^5+0,0,0,0,0,0,0,0,0,0,0,0,0,0,0,0,-0.0000719839*J2^5+0,0,0,0,0,0,0,0,0,0,0,0,0,0,0,0,0,0,0,0,0,0,0,0,0,0,0,0,0,0,0,0,0.0003993715*J2^5+0,0,0,0,0,0,0,0,0,0,0,0,0,0,0,0,-0.0005647966*J2^5+0},
{0,0,0,0,0,0,0,0,0,0,0,0,0,0,0,0,0,0,0,0,0,0,0,0,0,0,0,0,0,0,0,0.0000587746*J2^5+0,0,0,0,0,0,0,0,0.0001356337*J2^5+0,0,0,0,0,0,0,0,0.0001502551*J2^5+0,0,0,0,0,0,0,0,0,0,0,0,0,0,0,0,0,0,0,0,0,0,0,0,0,0,0,0,0,0,0.0003993715*J2^5+0,0,-0.0004611545*J2^5+0,0,0,0,0,0,0,0,0,0,0,0,0,0,-0.0005647966*J2^5+0,0,0.0006521710*J2^5+0},
{0,0,0,0,0,0,0,0,0,0,0,0,0,0,0,0,0,0,0,0,0,0,0,0,0.0000974468*J2^5+0,0.0001320046*J2^5+0,0,0,0,0,0,0,0,0,0,0,0,0,0,0,0.0000544209*J2^5+0,0.0000703807*J2^5+0,0,0,0,0,0,0,0,0,0,0,0,0,0,0,0,0,0,0,0,0,0,0,0,0,0,0,0,0,0,0,0,0,0,0,0,0,0,0,0,0,0.0005451087*J2^5+0,0.0006635378*J2^5+0,0,0,0,0,0,0,0,0,0,0,0,0},
{0,0,0,0,0,0,0,0,0,0,0,0,0,0,0,0,0,0,0,0,0,0,0,0,-0.0000444345*J2^5+0,-0.0000574656*J2^5+0,0,0,0,0,0,0,-0.0001006954*J2^5+0,-0.0001336785*J2^5+0,0,0,0,0,0,0,-0.0001109849*J2^5+0,-0.0001484156*J2^5+0,0,0,0,0,0,0,0,0,0,0,0,0,0,0,0,0,0,0,0,0,0,0,0,0,0,0,0,0,0,0,0,0,0,0,0,0,0,0,0.0005451087*J2^5+0,0.0006635378*J2^5+0,-0.0006294373*J2^5+0,-0.0007661874*J2^5+0,0,0,0,0,0,0,0,0,0,0,0,0},
{0,0,0,0,0,0,0,0,0,0,0,0,0,0,0,0,0,0,0,0,0,0,0,0,0,0,0.0000974468*J2^5+0,0.0001320046*J2^5+0,0,0,0,0,0,0,0,0,0,0,0,0,0,0,0.0000544209*J2^5+0,0.0000703807*J2^5+0,0,0,0,0,0,0,0,0,0,0,0,0,0,0,0,0,0,0,0,0,0,0,0,0,0,0,0,0,0,0,0,0,0,0,0,0,0,0,0,0,0,0,0.0005451087*J2^5+0,0.0006635378*J2^5+0,0,0,0,0,0,0,0,0},
{0,0,0,0,0,0,0,0,0,0,0,0,0,0,0,0,0,0,0,0,0,0,0,0,0,0,-0.0000444345*J2^5+0,-0.0000574656*J2^5+0,0,0,0,0,0,0,-0.0001006954*J2^5+0,-0.0001336785*J2^5+0,0,0,0,0,0,0,-0.0001109849*J2^5+0,-0.0001484156*J2^5+0,0,0,0,0,0,0,0,0,0,0,0,0,0,0,0,0,0,0,0,0,0,0,0,0,0,0,0,0,0,0,0,0,0,0,0,0,0,0,0,0,0.0005451087*J2^5+0,0.0006635378*J2^5+0,-0.0006294373*J2^5+0,-0.0007661874*J2^5+0,0,0,0,0,0,0,0,0},
{0,0,0,0,0,0,0,0,0,0,0,0,0,0,0,0,0,0,0,0,0,0,0,0,0,0,0,0,0.0000974468*J2^5+0,0.0001320046*J2^5+0,0,0,0,0,0,0,0,0,0,0,0,0,0,0,0.0000544209*J2^5+0,0.0000703807*J2^5+0,0,0,0,0,0,0,0,0,0,0,0,0,0,0,0,0,0,0,0,0,0,0,0,0,0,0,0,0,-0.0003147187*J2^5+0,-0.0003830937*J2^5+0,0,0,0,0,0,0,0,0,0,0,0,0,0,0,0.0004450794*J2^5+0,0.0005417763*J2^5+0,0,0,0,0},
{0,0,0,0,0,0,0,0,0,0,0,0,0,0,0,0,0,0,0,0,0,0,0,0,0,0,0,0,-0.0000444345*J2^5+0,-0.0000574656*J2^5+0,0,0,0,0,0,0,-0.0001006954*J2^5+0,-0.0001336785*J2^5+0,0,0,0,0,0,0,-0.0001109849*J2^5+0,-0.0001484156*J2^5+0,0,0,0,0,0,0,0,0,0,0,0,0,0,0,0,0,0,0,0,0,0,0,0,0,0,0,-0.0003147187*J2^5+0,-0.0003830937*J2^5+0,0.0003634058*J2^5+0,0.0004423585*J2^5+0,0,0,0,0,0,0,0,0,0,0,0,0,0.0004450794*J2^5+0,0.0005417763*J2^5+0,-0.0005139334*J2^5+0,-0.0006255894*J2^5+0,0,0,0,0},
{0,0,0,0,0,0,0,0,0,0,0,0,0,0,0,0,0,0,0,0,0,0,0,0,0,0,0,0,0,0,0.0000974468*J2^5+0,0.0001320046*J2^5+0,0,0,0,0,0,0,0,0,0,0,0,0,0,0,0.0000544209*J2^5+0,0.0000703807*J2^5+0,0,0,0,0,0,0,0,0,0,0,0,0,0,0,0,0,0,0,0,0,0,0,0,0,0,0,0,0,0,0,-0.0003147187*J2^5+0,-0.0003830937*J2^5+0,0,0,0,0,0,0,0,0,0,0,0,0,0,0,0.0004450794*J2^5+0,0.0005417763*J2^5+0},
{0,0,0,0,0,0,0,0,0,0,0,0,0,0,0,0,0,0,0,0,0,0,0,0,0,0,0,0,0,0,-0.0000444345*J2^5+0,-0.0000574656*J2^5+0,0,0,0,0,0,0,-0.0001006954*J2^5+0,-0.0001336785*J2^5+0,0,0,0,0,0,0,-0.0001109849*J2^5+0,-0.0001484156*J2^5+0,0,0,0,0,0,0,0,0,0,0,0,0,0,0,0,0,0,0,0,0,0,0,0,0,0,0,0,0,-0.0003147187*J2^5+0,-0.0003830937*J2^5+0,0.0003634058*J2^5+0,0.0004423585*J2^5+0,0,0,0,0,0,0,0,0,0,0,0,0,0.0004450794*J2^5+0,0.0005417763*J2^5+0,-0.0005139334*J2^5+0,-0.0006255894*J2^5+0},
{0.0000927667*J2^5+0,-0.0000795649*J2^5+0,0,0,0,0,0,0,0,0,0,0,0,0,0,0,0.0000477169*J2^5+0,-0.0000444345*J2^5+0,0,0,0,0,0,0,0,0,0,0,0,0,0,0,0,0,0,0,0,0,0,0,0,0,0,0,0,0,0,0,0,0,0,0,0,0,0,0,0,0.0004272144*J2^5+0,0,-0.0004450794*J2^5+0,0,0,0,0,0,0,0,0,0,0,0,0,0,0,0,0,0,0,0,0,0,0,0,0,0,0,0,0,0,0,0,0,0,0,0,0},
{0.0000389607*J2^5+0,-0.0000362806*J2^5+0,0,0,0,0,0,0,-0.0000925196*J2^5+0,0.0000822175*J2^5+0,0,0,0,0,0,0,0.0001032931*J2^5+0,-0.0000906188*J2^5+0,0,0,0,0,0,0,0,0,0,0,0,0,0,0,0,0,0,0,0,0,0,0,0,0,0,0,0,0,0,0,0,0,0,0,0,0,0,0,0.0004272144*J2^5+0,0.0004933047*J2^5+0,-0.0004450794*J2^5+0,-0.0005139334*J2^5+0,0,0,0,0,0,0,0,0,0,0,0,0,0,0,0,0,0,0,0,0,0,0,0,0,0,0,0,0,0,0,0,0,0,0,0,0},
{0,0,0.0000927667*J2^5+0,-0.0000795649*J2^5+0,0,0,0,0,0,0,0,0,0,0,0,0,0,0,0.0000477169*J2^5+0,-0.0000444345*J2^5+0,0,0,0,0,0,0,0,0,0,0,0,0,0,0,0,0,0,0,0,0,0,0,0,0,0,0,0,0,0,-0.0002466524*J2^5+0,0,0.0002569667*J2^5+0,0,0,0,0,0,0,0,0,0,0,0,0,0,0.0003488191*J2^5+0,0,-0.0003634058*J2^5+0,0,0,0,0,0,0,0,0,0,0,0,0,0,0,0,0,0,0,0,0,0,0,0,0,0,0,0,0},
{0,0,0.0000389607*J2^5+0,-0.0000362806*J2^5+0,0,0,0,0,0,0,-0.0000925196*J2^5+0,0.0000822175*J2^5+0,0,0,0,0,0,0,0.0001032931*J2^5+0,-0.0000906188*J2^5+0,0,0,0,0,0,0,0,0,0,0,0,0,0,0,0,0,0,0,0,0,0,0,0,0,0,0,0,0,-0.0002466524*J2^5+0,-0.0002848096*J2^5+0,0.0002569667*J2^5+0,0.0002967196*J2^5+0,0,0,0,0,0,0,0,0,0,0,0,0,0.0003488191*J2^5+0,0.0004027816*J2^5+0,-0.0003634058*J2^5+0,-0.0004196249*J2^5+0,0,0,0,0,0,0,0,0,0,0,0,0,0,0,0,0,0,0,0,0,0,0,0,0,0,0,0,0},
{0,0,0,0,0.0000927667*J2^5+0,-0.0000795649*J2^5+0,0,0,0,0,0,0,0,0,0,0,0,0,0,0,0.0000477169*J2^5+0,-0.0000444345*J2^5+0,0,0,0,0,0,0,0,0,0,0,0,0,0,0,0,0,0,0,0,0,0,0,0,0,0,0,0,0,0,0,0,0,0,0,0,0,0,0,0,0.0004272144*J2^5+0,0,-0.0004450794*J2^5+0,0,0,0,0,0,0,0,0,0,0,0,0,0,0,0,0,0,0,0,0,0,0,0,0,0,0,0,0,0,0,0,0},
{0,0,0,0,0.0000389607*J2^5+0,-0.0000362806*J2^5+0,0,0,0,0,0,0,-0.0000925196*J2^5+0,0.0000822175*J2^5+0,0,0,0,0,0,0,0.0001032931*J2^5+0,-0.0000906188*J2^5+0,0,0,0,0,0,0,0,0,0,0,0,0,0,0,0,0,0,0,0,0,0,0,0,0,0,0,0,0,0,0,0,0,0,0,0,0,0,0,0.0004272144*J2^5+0,0.0004933047*J2^5+0,-0.0004450794*J2^5+0,-0.0005139334*J2^5+0,0,0,0,0,0,0,0,0,0,0,0,0,0,0,0,0,0,0,0,0,0,0,0,0,0,0,0,0,0,0,0,0},
{0,0,0,0,0,0,0.0000927667*J2^5+0,-0.0000795649*J2^5+0,0,0,0,0,0,0,0,0,0,0,0,0,0,0,0.0000477169*J2^5+0,-0.0000444345*J2^5+0,0,0,0,0,0,0,0,0,0,0,0,0,0,0,0,0,0,0,0,0,0,0,0,0,0,0,0,0,0,-0.0002466524*J2^5+0,0,0.0002569667*J2^5+0,0,0,0,0,0,0,0,0,0,0,0,0,0,0.0003488191*J2^5+0,0,-0.0003634058*J2^5+0,0,0,0,0,0,0,0,0,0,0,0,0,0,0,0,0,0,0,0,0,0,0,0,0},
{0,0,0,0,0,0,0.0000389607*J2^5+0,-0.0000362806*J2^5+0,0,0,0,0,0,0,-0.0000925196*J2^5+0,0.0000822175*J2^5+0,0,0,0,0,0,0,0.0001032931*J2^5+0,-0.0000906188*J2^5+0,0,0,0,0,0,0,0,0,0,0,0,0,0,0,0,0,0,0,0,0,0,0,0,0,0,0,0,0,-0.0002466524*J2^5+0,-0.0002848096*J2^5+0,0.0002569667*J2^5+0,0.0002967196*J2^5+0,0,0,0,0,0,0,0,0,0,0,0,0,0.0003488191*J2^5+0,0.0004027816*J2^5+0,-0.0003634058*J2^5+0,-0.0004196249*J2^5+0,0,0,0,0,0,0,0,0,0,0,0,0,0,0,0,0,0,0,0,0,0,0,0,0},
{0,-0.0001331238*J2^5+0,0,0,0,0,0,0,0,0,0,0,0,0,0,0,0,-0.0000719839*J2^5+0,0,0,0,0,0,0,0,0,0,0,0,0,0,0,0,0,0,0,0,0,0,0,0,0,0,0,0,0,0,0,0,0,0,0,0,0,0,0,0,0,0,-0.0006917318*J2^5+0,0,0,0,0,0,0,0,0,0,0,0,0,0,0,0,0,0,0,0,0,0,0,0,0,0,0,0,0,0,0,0,0,0,0,0,0},
{0,-0.0000587746*J2^5+0,0,0,0,0,0,0,0,0.0001356337*J2^5+0,0,0,0,0,0,0,0,-0.0001502551*J2^5+0,0,0,0,0,0,0,0,0,0,0,0,0,0,0,0,0,0,0,0,0,0,0,0,0,0,0,0,0,0,0,0,0,0,0,0,0,0,0,0,0,-0.0006917318*J2^5+0,-0.0007987430*J2^5+0,0,0,0,0,0,0,0,0,0,0,0,0,0,0,0,0,0,0,0,0,0,0,0,0,0,0,0,0,0,0,0,0,0,0,0,0},
{0,0,0,-0.0001331238*J2^5+0,0,0,0,0,0,0,0,0,0,0,0,0,0,0,0,-0.0000719839*J2^5+0,0,0,0,0,0,0,0,0,0,0,0,0,0,0,0,0,0,0,0,0,0,0,0,0,0,0,0,0,0,0,0,0.0003993715*J2^5+0,0,0,0,0,0,0,0,0,0,0,0,0,0,0,0,-0.0005647966*J2^5+0,0,0,0,0,0,0,0,0,0,0,0,0,0,0,0,0,0,0,0,0,0,0,0,0,0,0,0,0},
{0,0,0,-0.0000587746*J2^5+0,0,0,0,0,0,0,0,0.0001356337*J2^5+0,0,0,0,0,0,0,0,-0.0001502551*J2^5+0,0,0,0,0,0,0,0,0,0,0,0,0,0,0,0,0,0,0,0,0,0,0,0,0,0,0,0,0,0,0,0.0003993715*J2^5+0,0.0004611545*J2^5+0,0,0,0,0,0,0,0,0,0,0,0,0,0,0,-0.0005647966*J2^5+0,-0.0006521710*J2^5+0,0,0,0,0,0,0,0,0,0,0,0,0,0,0,0,0,0,0,0,0,0,0,0,0,0,0,0,0},
{0,0,0,0,0,-0.0001331238*J2^5+0,0,0,0,0,0,0,0,0,0,0,0,0,0,0,0,-0.0000719839*J2^5+0,0,0,0,0,0,0,0,0,0,0,0,0,0,0,0,0,0,0,0,0,0,0,0,0,0,0,0,0,0,0,0,0,0,0,0,0,0,0,0,0,0,-0.0006917318*J2^5+0,0,0,0,0,0,0,0,0,0,0,0,0,0,0,0,0,0,0,0,0,0,0,0,0,0,0,0,0,0,0,0,0},
{0,0,0,0,0,-0.0000587746*J2^5+0,0,0,0,0,0,0,0,0.0001356337*J2^5+0,0,0,0,0,0,0,0,-0.0001502551*J2^5+0,0,0,0,0,0,0,0,0,0,0,0,0,0,0,0,0,0,0,0,0,0,0,0,0,0,0,0,0,0,0,0,0,0,0,0,0,0,0,0,0,-0.0006917318*J2^5+0,-0.0007987430*J2^5+0,0,0,0,0,0,0,0,0,0,0,0,0,0,0,0,0,0,0,0,0,0,0,0,0,0,0,0,0,0,0,0,0},
{0,0,0,0,0,0,0,-0.0001331238*J2^5+0,0,0,0,0,0,0,0,0,0,0,0,0,0,0,0,-0.0000719839*J2^5+0,0,0,0,0,0,0,0,0,0,0,0,0,0,0,0,0,0,0,0,0,0,0,0,0,0,0,0,0,0,0,0,0.0003993715*J2^5+0,0,0,0,0,0,0,0,0,0,0,0,0,0,0,0,-0.0005647966*J2^5+0,0,0,0,0,0,0,0,0,0,0,0,0,0,0,0,0,0,0,0,0,0,0,0,0},
{0,0,0,0,0,0,0,-0.0000587746*J2^5+0,0,0,0,0,0,0,0,0.0001356337*J2^5+0,0,0,0,0,0,0,0,-0.0001502551*J2^5+0,0,0,0,0,0,0,0,0,0,0,0,0,0,0,0,0,0,0,0,0,0,0,0,0,0,0,0,0,0,0,0.0003993715*J2^5+0,0.0004611545*J2^5+0,0,0,0,0,0,0,0,0,0,0,0,0,0,0,-0.0005647966*J2^5+0,-0.0006521710*J2^5+0,0,0,0,0,0,0,0,0,0,0,0,0,0,0,0,0,0,0,0,0,0,0,0,0},
{0.0000974468*J2^5+0,-0.0001320046*J2^5+0,0,0,0,0,0,0,0,0,0,0,0,0,0,0,0.0000544209*J2^5+0,-0.0000703807*J2^5+0,0,0,0,0,0,0,0,0,0,0,0,0,0,0,0,0,0,0,0,0,0,0,0,0,0,0,0,0,0,0,0,0,0,0,0,0,0,0,0,0.0005451087*J2^5+0,0,-0.0006635378*J2^5+0,0,0,0,0,0,0,0,0,0,0,0,0,0,0,0,0,0,0,0,0,0,0,0,0,0,0,0,0,0,0,0,0,0,0,0,0},
{0.0000444345*J2^5+0,-0.0000574656*J2^5+0,0,0,0,0,0,0,-0.0001006954*J2^5+0,0.0001336785*J2^5+0,0,0,0,0,0,0,0.0001109849*J2^5+0,-0.0001484156*J2^5+0,0,0,0,0,0,0,0,0,0,0,0,0,0,0,0,0,0,0,0,0,0,0,0,0,0,0,0,0,0,0,0,0,0,0,0,0,0,0,0.0005451087*J2^5+0,0.0006294373*J2^5+0,-0.0006635378*J2^5+0,-0.0007661874*J2^5+0,0,0,0,0,0,0,0,0,0,0,0,0,0,0,0,0,0,0,0,0,0,0,0,0,0,0,0,0,0,0,0,0,0,0,0,0},
{0,0,0.0000974468*J2^5+0,-0.0001320046*J2^5+0,0,0,0,0,0,0,0,0,0,0,0,0,0,0,0.0000544209*J2^5+0,-0.0000703807*J2^5+0,0,0,0,0,0,0,0,0,0,0,0,0,0,0,0,0,0,0,0,0,0,0,0,0,0,0,0,0,0,-0.0003147187*J2^5+0,0,0.0003830937*J2^5+0,0,0,0,0,0,0,0,0,0,0,0,0,0,0.0004450794*J2^5+0,0,-0.0005417763*J2^5+0,0,0,0,0,0,0,0,0,0,0,0,0,0,0,0,0,0,0,0,0,0,0,0,0,0,0,0,0},
{0,0,0.0000444345*J2^5+0,-0.0000574656*J2^5+0,0,0,0,0,0,0,-0.0001006954*J2^5+0,0.0001336785*J2^5+0,0,0,0,0,0,0,0.0001109849*J2^5+0,-0.0001484156*J2^5+0,0,0,0,0,0,0,0,0,0,0,0,0,0,0,0,0,0,0,0,0,0,0,0,0,0,0,0,0,-0.0003147187*J2^5+0,-0.0003634058*J2^5+0,0.0003830937*J2^5+0,0.0004423585*J2^5+0,0,0,0,0,0,0,0,0,0,0,0,0,0.0004450794*J2^5+0,0.0005139334*J2^5+0,-0.0005417763*J2^5+0,-0.0006255894*J2^5+0,0,0,0,0,0,0,0,0,0,0,0,0,0,0,0,0,0,0,0,0,0,0,0,0,0,0,0,0},
{0,0,0,0,0.0000974468*J2^5+0,-0.0001320046*J2^5+0,0,0,0,0,0,0,0,0,0,0,0,0,0,0,0.0000544209*J2^5+0,-0.0000703807*J2^5+0,0,0,0,0,0,0,0,0,0,0,0,0,0,0,0,0,0,0,0,0,0,0,0,0,0,0,0,0,0,0,0,0,0,0,0,0,0,0,0,0.0005451087*J2^5+0,0,-0.0006635378*J2^5+0,0,0,0,0,0,0,0,0,0,0,0,0,0,0,0,0,0,0,0,0,0,0,0,0,0,0,0,0,0,0,0,0},
{0,0,0,0,0.0000444345*J2^5+0,-0.0000574656*J2^5+0,0,0,0,0,0,0,-0.0001006954*J2^5+0,0.0001336785*J2^5+0,0,0,0,0,0,0,0.0001109849*J2^5+0,-0.0001484156*J2^5+0,0,0,0,0,0,0,0,0,0,0,0,0,0,0,0,0,0,0,0,0,0,0,0,0,0,0,0,0,0,0,0,0,0,0,0,0,0,0,0.0005451087*J2^5+0,0.0006294373*J2^5+0,-0.0006635378*J2^5+0,-0.0007661874*J2^5+0,0,0,0,0,0,0,0,0,0,0,0,0,0,0,0,0,0,0,0,0,0,0,0,0,0,0,0,0,0,0,0,0},
{0,0,0,0,0,0,0.0000974468*J2^5+0,-0.0001320046*J2^5+0,0,0,0,0,0,0,0,0,0,0,0,0,0,0,0.0000544209*J2^5+0,-0.0000703807*J2^5+0,0,0,0,0,0,0,0,0,0,0,0,0,0,0,0,0,0,0,0,0,0,0,0,0,0,0,0,0,0,-0.0003147187*J2^5+0,0,0.0003830937*J2^5+0,0,0,0,0,0,0,0,0,0,0,0,0,0,0.0004450794*J2^5+0,0,-0.0005417763*J2^5+0,0,0,0,0,0,0,0,0,0,0,0,0,0,0,0,0,0,0,0,0,0,0,0,0},
{0,0,0,0,0,0,0.0000444345*J2^5+0,-0.0000574656*J2^5+0,0,0,0,0,0,0,-0.0001006954*J2^5+0,0.0001336785*J2^5+0,0,0,0,0,0,0,0.0001109849*J2^5+0,-0.0001484156*J2^5+0,0,0,0,0,0,0,0,0,0,0,0,0,0,0,0,0,0,0,0,0,0,0,0,0,0,0,0,0,-0.0003147187*J2^5+0,-0.0003634058*J2^5+0,0.0003830937*J2^5+0,0.0004423585*J2^5+0,0,0,0,0,0,0,0,0,0,0,0,0,0.0004450794*J2^5+0,0.0005139334*J2^5+0,-0.0005417763*J2^5+0,-0.0006255894*J2^5+0,0,0,0,0,0,0,0,0,0,0,0,0,0,0,0,0,0,0,0,0,0,0,0,0},
{0,0,0,0,0,0,0,0,0,0,0,0,0,0,0,0,0,0,0,0,0,0,0,0,0,0,0,0.0000904225*J2^5+0,0,0,0,0,0,0,0,0,0,0,0,0,0,0,0,0.0000319692*J2^5+0,0,0,0,0,0,0,0,0,0,0,0,0,0,0,0,0,0,0,0,0,0,0,0,0,0,0,0,0,0,0,0,0,0,0,0,0,0,0,0,0,0,0,0,0.0006108035*J2^5+0,0,0,0,0,0,0,0,0},
{0,0,0,0,0,0,0,0,0,0,0,0,0,0,0,0,0,0,0,0,0,0,0,0,0,0,0.0000904225*J2^5+0,0.0001044109*J2^5+0,0,0,0,0,0,0,0,0,0,0,0,0,0,0,0.0000319692*J2^5+0,0.0000369148*J2^5+0,0,0,0,0,0,0,0,0,0,0,0,0,0,0,0,0,0,0,0,0,0,0,0,0,0,0,0,0,0,0,0,0,0,0,0,0,0,0,0,0,0,0,0.0006108035*J2^5+0,0.0007052951*J2^5+0,0,0,0,0,0,0,0,0},
{0,0,0,0,0,0,0,0,0,0,0,0,0,0,0,0,0,0,0,0,0,0,0,0,0,0,0,-0.0000261027*J2^5+0,0,0,0,0,0,0,0,-0.0000783081*J2^5+0,0,0,0,0,0,0,0,-0.0000922870*J2^5+0,0,0,0,0,0,0,0,0,0,0,0,0,0,0,0,0,0,0,0,0,0,0,0,0,0,0,0,0,0,0,0,0,0,0,0,0,0,0,0,0,0,0.0006108035*J2^5+0,0,-0.0007052951*J2^5+0,0,0,0,0,0,0,0,0},
{0,0,0,0,0,0,0,0,0,0,0,0,0,0,0,0,0,0,0,0,0,0,0,0,0,0,-0.0000261027*J2^5+0,-0.0000301408*J2^5+0,0,0,0,0,0,0,-0.0000783081*J2^5+0,-0.0000904225*J2^5+0,0,0,0,0,0,0,-0.0000922870*J2^5+0,-0.0001065639*J2^5+0,0,0,0,0,0,0,0,0,0,0,0,0,0,0,0,0,0,0,0,0,0,0,0,0,0,0,0,0,0,0,0,0,0,0,0,0,0,0,0,0,0.0006108035*J2^5+0,0.0007052951*J2^5+0,-0.0007052951*J2^5+0,-0.0008144047*J2^5+0,0,0,0,0,0,0,0,0},
{0,0,0,0,0,0,0,0,0,0,0,0,0,0,0,0,0,0,0,0,0,0,0,0,0,0,0,0,0,0,0,0.0000904225*J2^5+0,0,0,0,0,0,0,0,0,0,0,0,0,0,0,0,0.0000319692*J2^5+0,0,0,0,0,0,0,0,0,0,0,0,0,0,0,0,0,0,0,0,0,0,0,0,0,0,0,0,0,0,0,0,-0.0003526476*J2^5+0,0,0,0,0,0,0,0,0,0,0,0,0,0,0,0,0.0004987190*J2^5+0},
{0,0,0,0,0,0,0,0,0,0,0,0,0,0,0,0,0,0,0,0,0,0,0,0,0,0,0,0,0,0,0.0000904225*J2^5+0,0.0001044109*J2^5+0,0,0,0,0,0,0,0,0,0,0,0,0,0,0,0.0000319692*J2^5+0,0.0000369148*J2^5+0,0,0,0,0,0,0,0,0,0,0,0,0,0,0,0,0,0,0,0,0,0,0,0,0,0,0,0,0,0,0,-0.0003526476*J2^5+0,-0.0004072023*J2^5+0,0,0,0,0,0,0,0,0,0,0,0,0,0,0,0.0004987190*J2^5+0,0.0005758711*J2^5+0},
{0,0,0,0,0,0,0,0,0,0,0,0,0,0,0,0,0,0,0,0,0,0,0,0,0,0,0,0,0,0,0,-0.0000261027*J2^5+0,0,0,0,0,0,0,0,-0.0000783081*J2^5+0,0,0,0,0,0,0,0,-0.0000922870*J2^5+0,0,0,0,0,0,0,0,0,0,0,0,0,0,0,0,0,0,0,0,0,0,0,0,0,0,0,0,0,0,-0.0003526476*J2^5+0,0,0.0004072023*J2^5+0,0,0,0,0,0,0,0,0,0,0,0,0,0,0.0004987190*J2^5+0,0,-0.0005758711*J2^5+0},
{0,0,0,0,0,0,0,0,0,0,0,0,0,0,0,0,0,0,0,0,0,0,0,0,0,0,0,0,0,0,-0.0000261027*J2^5+0,-0.0000301408*J2^5+0,0,0,0,0,0,0,-0.0000783081*J2^5+0,-0.0000904225*J2^5+0,0,0,0,0,0,0,-0.0000922870*J2^5+0,-0.0001065639*J2^5+0,0,0,0,0,0,0,0,0,0,0,0,0,0,0,0,0,0,0,0,0,0,0,0,0,0,0,0,0,-0.0003526476*J2^5+0,-0.0004072023*J2^5+0,0.0004072023*J2^5+0,0.0004701968*J2^5+0,0,0,0,0,0,0,0,0,0,0,0,0,0.0004987190*J2^5+0,0.0005758711*J2^5+0,-0.0005758711*J2^5+0,-0.0006649586*J2^5+0},
{0,0,0,0,0,0,0,0,0,0,0,0,0,0,0,0,0,0,0,0,0,0,0,0,0,-0.0001566163*J2^5+0,0,0,0,0,0,0,0,0,0,0,0,0,0,0,0,-0.0000553722*J2^5+0,0,0,0,0,0,0,0,0,0,0,0,0,0,0,0,0,0,0,0,0,0,0,0,0,0,0,0,0,0,0,0,0,0,0,0,0,0,0,0,0,0,-0.0010579427*J2^5+0,0,0,0,0,0,0,0,0,0,0,0,0},
{0,0,0,0,0,0,0,0,0,0,0,0,0,0,0,0,0,0,0,0,0,0,0,0,-0.0001566163*J2^5+0,-0.0001808449*J2^5+0,0,0,0,0,0,0,0,0,0,0,0,0,0,0,-0.0000553722*J2^5+0,-0.0000639383*J2^5+0,0,0,0,0,0,0,0,0,0,0,0,0,0,0,0,0,0,0,0,0,0,0,0,0,0,0,0,0,0,0,0,0,0,0,0,0,0,0,0,0,-0.0010579427*J2^5+0,-0.0012216070*J2^5+0,0,0,0,0,0,0,0,0,0,0,0,0},
{0,0,0,0,0,0,0,0,0,0,0,0,0,0,0,0,0,0,0,0,0,0,0,0,0,0.0000452112*J2^5+0,0,0,0,0,0,0,0,0.0001356337*J2^5+0,0,0,0,0,0,0,0,0.0001598458*J2^5+0,0,0,0,0,0,0,0,0,0,0,0,0,0,0,0,0,0,0,0,0,0,0,0,0,0,0,0,0,0,0,0,0,0,0,0,0,0,0,0,-0.0010579427*J2^5+0,0,0.0012216070*J2^5+0,0,0,0,0,0,0,0,0,0,0,0,0},
{0,0,0,0,0,0,0,0,0,0,0,0,0,0,0,0,0,0,0,0,0,0,0,0,0.0000452112*J2^5+0,0.0000522054*J2^5+0,0,0,0,0,0,0,0.0001356337*J2^5+0,0.0001566163*J2^5+0,0,0,0,0,0,0,0.0001598458*J2^5+0,0.0001845741*J2^5+0,0,0,0,0,0,0,0,0,0,0,0,0,0,0,0,0,0,0,0,0,0,0,0,0,0,0,0,0,0,0,0,0,0,0,0,0,0,0,-0.0010579427*J2^5+0,-0.0012216070*J2^5+0,0.0012216070*J2^5+0,0.0014105903*J2^5+0,0,0,0,0,0,0,0,0,0,0,0,0},
{0,0,0,0,0,0,0,0,0,0,0,0,0,0,0,0,0,0,0,0,0,0,0,0,0,0,0,0,0,-0.0001566163*J2^5+0,0,0,0,0,0,0,0,0,0,0,0,0,0,0,0,-0.0000553722*J2^5+0,0,0,0,0,0,0,0,0,0,0,0,0,0,0,0,0,0,0,0,0,0,0,0,0,0,0,0,0,0,0.0006108035*J2^5+0,0,0,0,0,0,0,0,0,0,0,0,0,0,0,0,-0.0008638066*J2^5+0,0,0,0,0},
{0,0,0,0,0,0,0,0,0,0,0,0,0,0,0,0,0,0,0,0,0,0,0,0,0,0,0,0,-0.0001566163*J2^5+0,-0.0001808449*J2^5+0,0,0,0,0,0,0,0,0,0,0,0,0,0,0,-0.0000553722*J2^5+0,-0.0000639383*J2^5+0,0,0,0,0,0,0,0,0,0,0,0,0,0,0,0,0,0,0,0,0,0,0,0,0,0,0,0,0,0.0006108035*J2^5+0,0.0007052951*J2^5+0,0,0,0,0,0,0,0,0,0,0,0,0,0,0,-0.0008638066*J2^5+0,-0.0009974380*J2^5+0,0,0,0,0},
{0,0,0,0,0,0,0,0,0,0,0,0,0,0,0,0,0,0,0,0,0,0,0,0,0,0,0,0,0,0.0000452112*J2^5+0,0,0,0,0,0,0,0,0.0001356337*J2^5+0,0,0,0,0,0,0,0,0.0001598458*J2^5+0,0,0,0,0,0,0,0,0,0,0,0,0,0,0,0,0,0,0,0,0,0,0,0,0,0,0,0,0.0006108035*J2^5+0,0,-0.0007052951*J2^5+0,0,0,0,0,0,0,0,0,0,0,0,0,0,-0.0008638066*J2^5+0,0,0.0009974380*J2^5+0,0,0,0,0},
{0,0,0,0,0,0,0,0,0,0,0,0,0,0,0,0,0,0,0,0,0,0,0,0,0,0,0,0,0.0000452112*J2^5+0,0.0000522054*J2^5+0,0,0,0,0,0,0,0.0001356337*J2^5+0,0.0001566163*J2^5+0,0,0,0,0,0,0,0.0001598458*J2^5+0,0.0001845741*J2^5+0,0,0,0,0,0,0,0,0,0,0,0,0,0,0,0,0,0,0,0,0,0,0,0,0,0,0,0.0006108035*J2^5+0,0.0007052951*J2^5+0,-0.0007052951*J2^5+0,-0.0008144047*J2^5+0,0,0,0,0,0,0,0,0,0,0,0,0,-0.0008638066*J2^5+0,-0.0009974380*J2^5+0,0.0009974380*J2^5+0,0.0011517421*J2^5+0,0,0,0,0},
{0,0,0,0,0,0,0,0,0,0,0,0,0,0,0,0,0,0,0,0,0,0,0,0,0,0,0,-0.0001278767*J2^5+0,0,0,0,0,0,0,0,0,0,0,0,0,0,0,0,-0.0000452112*J2^5+0,0,0,0,0,0,0,0,0,0,0,0,0,0,0,0,0,0,0,0,0,0,0,0,0,0,0,0,0,0,0,0,0,0,0,0,0,0,0,0,0,0,0,0,-0.0008638066*J2^5+0,0,0,0,0,0,0,0,0},
{0,0,0,0,0,0,0,0,0,0,0,0,0,0,0,0,0,0,0,0,0,0,0,0,0,0,-0.0001278767*J2^5+0,-0.0001476592*J2^5+0,0,0,0,0,0,0,0,0,0,0,0,0,0,0,-0.0000452112*J2^5+0,-0.0000522054*J2^5+0,0,0,0,0,0,0,0,0,0,0,0,0,0,0,0,0,0,0,0,0,0,0,0,0,0,0,0,0,0,0,0,0,0,0,0,0,0,0,0,0,0,0,-0.0008638066*J2^5+0,-0.0009974380*J2^5+0,0,0,0,0,0,0,0,0},
{0,0,0,0,0,0,0,0,0,0,0,0,0,0,0,0,0,0,0,0,0,0,0,0,0,0,0,0.0000369148*J2^5+0,0,0,0,0,0,0,0,0.0001107444*J2^5+0,0,0,0,0,0,0,0,0.0001305136*J2^5+0,0,0,0,0,0,0,0,0,0,0,0,0,0,0,0,0,0,0,0,0,0,0,0,0,0,0,0,0,0,0,0,0,0,0,0,0,0,0,0,0,0,-0.0008638066*J2^5+0,0,0.0009974380*J2^5+0,0,0,0,0,0,0,0,0},
{0,0,0,0,0,0,0,0,0,0,0,0,0,0,0,0,0,0,0,0,0,0,0,0,0,0,0.0000369148*J2^5+0,0.0000426256*J2^5+0,0,0,0,0,0,0,0.0001107444*J2^5+0,0.0001278767*J2^5+0,0,0,0,0,0,0,0.0001305136*J2^5+0,0.0001507041*J2^5+0,0,0,0,0,0,0,0,0,0,0,0,0,0,0,0,0,0,0,0,0,0,0,0,0,0,0,0,0,0,0,0,0,0,0,0,0,0,0,0,0,-0.0008638066*J2^5+0,-0.0009974380*J2^5+0,0.0009974380*J2^5+0,0.0011517421*J2^5+0,0,0,0,0,0,0,0,0},
{0,0,0,0,0,0,0,0,0,0,0,0,0,0,0,0,0,0,0,0,0,0,0,0,0,0,0,0,0,0,0,-0.0001278767*J2^5+0,0,0,0,0,0,0,0,0,0,0,0,0,0,0,0,-0.0000452112*J2^5+0,0,0,0,0,0,0,0,0,0,0,0,0,0,0,0,0,0,0,0,0,0,0,0,0,0,0,0,0,0,0,0,0.0004987190*J2^5+0,0,0,0,0,0,0,0,0,0,0,0,0,0,0,0,-0.0007052951*J2^5+0},
{0,0,0,0,0,0,0,0,0,0,0,0,0,0,0,0,0,0,0,0,0,0,0,0,0,0,0,0,0,0,-0.0001278767*J2^5+0,-0.0001476592*J2^5+0,0,0,0,0,0,0,0,0,0,0,0,0,0,0,-0.0000452112*J2^5+0,-0.0000522054*J2^5+0,0,0,0,0,0,0,0,0,0,0,0,0,0,0,0,0,0,0,0,0,0,0,0,0,0,0,0,0,0,0,0.0004987190*J2^5+0,0.0005758711*J2^5+0,0,0,0,0,0,0,0,0,0,0,0,0,0,0,-0.0007052951*J2^5+0,-0.0008144047*J2^5+0},
{0,0,0,0,0,0,0,0,0,0,0,0,0,0,0,0,0,0,0,0,0,0,0,0,0,0,0,0,0,0,0,0.0000369148*J2^5+0,0,0,0,0,0,0,0,0.0001107444*J2^5+0,0,0,0,0,0,0,0,0.0001305136*J2^5+0,0,0,0,0,0,0,0,0,0,0,0,0,0,0,0,0,0,0,0,0,0,0,0,0,0,0,0,0,0,0.0004987190*J2^5+0,0,-0.0005758711*J2^5+0,0,0,0,0,0,0,0,0,0,0,0,0,0,-0.0007052951*J2^5+0,0,0.0008144047*J2^5+0},
{0,0,0,0,0,0,0,0,0,0,0,0,0,0,0,0,0,0,0,0,0,0,0,0,0,0,0,0,0,0,0.0000369148*J2^5+0,0.0000426256*J2^5+0,0,0,0,0,0,0,0.0001107444*J2^5+0,0.0001278767*J2^5+0,0,0,0,0,0,0,0.0001305136*J2^5+0,0.0001507041*J2^5+0,0,0,0,0,0,0,0,0,0,0,0,0,0,0,0,0,0,0,0,0,0,0,0,0,0,0,0,0,0.0004987190*J2^5+0,0.0005758711*J2^5+0,-0.0005758711*J2^5+0,-0.0006649586*J2^5+0,0,0,0,0,0,0,0,0,0,0,0,0,-0.0007052951*J2^5+0,-0.0008144047*J2^5+0,0.0008144047*J2^5+0,0.0009403935*J2^5+0},
{0,0,0,0,0,0.0000904225*J2^5+0,0,0,0,0,0,0,0,0,0,0,0,0,0,0,0,0.0000319692*J2^5+0,0,0,0,0,0,0,0,0,0,0,0,0,0,0,0,0,0,0,0,0,0,0,0,0,0,0,0,0,0,0,0,0,0,0,0,0,0,0,0,0,0,0.0006108035*J2^5+0,0,0,0,0,0,0,0,0,0,0,0,0,0,0,0,0,0,0,0,0,0,0,0,0,0,0,0,0,0,0,0,0},
{0,0,0,0,0,0.0000261027*J2^5+0,0,0,0,0,0,0,0,-0.0000783081*J2^5+0,0,0,0,0,0,0,0,0.0000922870*J2^5+0,0,0,0,0,0,0,0,0,0,0,0,0,0,0,0,0,0,0,0,0,0,0,0,0,0,0,0,0,0,0,0,0,0,0,0,0,0,0,0,0,0.0006108035*J2^5+0,0.0007052951*J2^5+0,0,0,0,0,0,0,0,0,0,0,0,0,0,0,0,0,0,0,0,0,0,0,0,0,0,0,0,0,0,0,0,0},
{0,0,0,0,0.0000904225*J2^5+0,-0.0001044109*J2^5+0,0,0,0,0,0,0,0,0,0,0,0,0,0,0,0.0000319692*J2^5+0,-0.0000369148*J2^5+0,0,0,0,0,0,0,0,0,0,0,0,0,0,0,0,0,0,0,0,0,0,0,0,0,0,0,0,0,0,0,0,0,0,0,0,0,0,0,0,0.0006108035*J2^5+0,0,-0.0007052951*J2^5+0,0,0,0,0,0,0,0,0,0,0,0,0,0,0,0,0,0,0,0,0,0,0,0,0,0,0,0,0,0,0,0,0},
{0,0,0,0,0.0000261027*J2^5+0,-0.0000301408*J2^5+0,0,0,0,0,0,0,-0.0000783081*J2^5+0,0.0000904225*J2^5+0,0,0,0,0,0,0,0.0000922870*J2^5+0,-0.0001065639*J2^5+0,0,0,0,0,0,0,0,0,0,0,0,0,0,0,0,0,0,0,0,0,0,0,0,0,0,0,0,0,0,0,0,0,0,0,0,0,0,0,0.0006108035*J2^5+0,0.0007052951*J2^5+0,-0.0007052951*J2^5+0,-0.0008144047*J2^5+0,0,0,0,0,0,0,0,0,0,0,0,0,0,0,0,0,0,0,0,0,0,0,0,0,0,0,0,0,0,0,0,0},
{0,0,0,0,0,0,0,0.0000904225*J2^5+0,0,0,0,0,0,0,0,0,0,0,0,0,0,0,0,0.0000319692*J2^5+0,0,0,0,0,0,0,0,0,0,0,0,0,0,0,0,0,0,0,0,0,0,0,0,0,0,0,0,0,0,0,0,-0.0003526476*J2^5+0,0,0,0,0,0,0,0,0,0,0,0,0,0,0,0,0.0004987190*J2^5+0,0,0,0,0,0,0,0,0,0,0,0,0,0,0,0,0,0,0,0,0,0,0,0,0},
{0,0,0,0,0,0,0,0.0000261027*J2^5+0,0,0,0,0,0,0,0,-0.0000783081*J2^5+0,0,0,0,0,0,0,0,0.0000922870*J2^5+0,0,0,0,0,0,0,0,0,0,0,0,0,0,0,0,0,0,0,0,0,0,0,0,0,0,0,0,0,0,0,-0.0003526476*J2^5+0,-0.0004072023*J2^5+0,0,0,0,0,0,0,0,0,0,0,0,0,0,0,0.0004987190*J2^5+0,0.0005758711*J2^5+0,0,0,0,0,0,0,0,0,0,0,0,0,0,0,0,0,0,0,0,0,0,0,0,0},
{0,0,0,0,0,0,0.0000904225*J2^5+0,-0.0001044109*J2^5+0,0,0,0,0,0,0,0,0,0,0,0,0,0,0,0.0000319692*J2^5+0,-0.0000369148*J2^5+0,0,0,0,0,0,0,0,0,0,0,0,0,0,0,0,0,0,0,0,0,0,0,0,0,0,0,0,0,0,-0.0003526476*J2^5+0,0,0.0004072023*J2^5+0,0,0,0,0,0,0,0,0,0,0,0,0,0,0.0004987190*J2^5+0,0,-0.0005758711*J2^5+0,0,0,0,0,0,0,0,0,0,0,0,0,0,0,0,0,0,0,0,0,0,0,0,0},
{0,0,0,0,0,0,0.0000261027*J2^5+0,-0.0000301408*J2^5+0,0,0,0,0,0,0,-0.0000783081*J2^5+0,0.0000904225*J2^5+0,0,0,0,0,0,0,0.0000922870*J2^5+0,-0.0001065639*J2^5+0,0,0,0,0,0,0,0,0,0,0,0,0,0,0,0,0,0,0,0,0,0,0,0,0,0,0,0,0,-0.0003526476*J2^5+0,-0.0004072023*J2^5+0,0.0004072023*J2^5+0,0.0004701968*J2^5+0,0,0,0,0,0,0,0,0,0,0,0,0,0.0004987190*J2^5+0,0.0005758711*J2^5+0,-0.0005758711*J2^5+0,-0.0006649586*J2^5+0,0,0,0,0,0,0,0,0,0,0,0,0,0,0,0,0,0,0,0,0,0,0,0,0},
{0,-0.0001566163*J2^5+0,0,0,0,0,0,0,0,0,0,0,0,0,0,0,0,-0.0000553722*J2^5+0,0,0,0,0,0,0,0,0,0,0,0,0,0,0,0,0,0,0,0,0,0,0,0,0,0,0,0,0,0,0,0,0,0,0,0,0,0,0,0,0,0,-0.0010579427*J2^5+0,0,0,0,0,0,0,0,0,0,0,0,0,0,0,0,0,0,0,0,0,0,0,0,0,0,0,0,0,0,0,0,0,0,0,0,0},
{0,-0.0000452112*J2^5+0,0,0,0,0,0,0,0,0.0001356337*J2^5+0,0,0,0,0,0,0,0,-0.0001598458*J2^5+0,0,0,0,0,0,0,0,0,0,0,0,0,0,0,0,0,0,0,0,0,0,0,0,0,0,0,0,0,0,0,0,0,0,0,0,0,0,0,0,0,-0.0010579427*J2^5+0,-0.0012216070*J2^5+0,0,0,0,0,0,0,0,0,0,0,0,0,0,0,0,0,0,0,0,0,0,0,0,0,0,0,0,0,0,0,0,0,0,0,0,0},
{-0.0001566163*J2^5+0,0.0001808449*J2^5+0,0,0,0,0,0,0,0,0,0,0,0,0,0,0,-0.0000553722*J2^5+0,0.0000639383*J2^5+0,0,0,0,0,0,0,0,0,0,0,0,0,0,0,0,0,0,0,0,0,0,0,0,0,0,0,0,0,0,0,0,0,0,0,0,0,0,0,0,-0.0010579427*J2^5+0,0,0.0012216070*J2^5+0,0,0,0,0,0,0,0,0,0,0,0,0,0,0,0,0,0,0,0,0,0,0,0,0,0,0,0,0,0,0,0,0,0,0,0,0},
{-0.0000452112*J2^5+0,0.0000522054*J2^5+0,0,0,0,0,0,0,0.0001356337*J2^5+0,-0.0001566163*J2^5+0,0,0,0,0,0,0,-0.0001598458*J2^5+0,0.0001845741*J2^5+0,0,0,0,0,0,0,0,0,0,0,0,0,0,0,0,0,0,0,0,0,0,0,0,0,0,0,0,0,0,0,0,0,0,0,0,0,0,0,-0.0010579427*J2^5+0,-0.0012216070*J2^5+0,0.0012216070*J2^5+0,0.0014105903*J2^5+0,0,0,0,0,0,0,0,0,0,0,0,0,0,0,0,0,0,0,0,0,0,0,0,0,0,0,0,0,0,0,0,0,0,0,0,0},
{0,0,0,-0.0001566163*J2^5+0,0,0,0,0,0,0,0,0,0,0,0,0,0,0,0,-0.0000553722*J2^5+0,0,0,0,0,0,0,0,0,0,0,0,0,0,0,0,0,0,0,0,0,0,0,0,0,0,0,0,0,0,0,0,0.0006108035*J2^5+0,0,0,0,0,0,0,0,0,0,0,0,0,0,0,0,-0.0008638066*J2^5+0,0,0,0,0,0,0,0,0,0,0,0,0,0,0,0,0,0,0,0,0,0,0,0,0,0,0,0,0},
{0,0,0,-0.0000452112*J2^5+0,0,0,0,0,0,0,0,0.0001356337*J2^5+0,0,0,0,0,0,0,0,-0.0001598458*J2^5+0,0,0,0,0,0,0,0,0,0,0,0,0,0,0,0,0,0,0,0,0,0,0,0,0,0,0,0,0,0,0,0.0006108035*J2^5+0,0.0007052951*J2^5+0,0,0,0,0,0,0,0,0,0,0,0,0,0,0,-0.0008638066*J2^5+0,-0.0009974380*J2^5+0,0,0,0,0,0,0,0,0,0,0,0,0,0,0,0,0,0,0,0,0,0,0,0,0,0,0,0,0},
{0,0,-0.0001566163*J2^5+0,0.0001808449*J2^5+0,0,0,0,0,0,0,0,0,0,0,0,0,0,0,-0.0000553722*J2^5+0,0.0000639383*J2^5+0,0,0,0,0,0,0,0,0,0,0,0,0,0,0,0,0,0,0,0,0,0,0,0,0,0,0,0,0,0,0.0006108035*J2^5+0,0,-0.0007052951*J2^5+0,0,0,0,0,0,0,0,0,0,0,0,0,0,-0.0008638066*J2^5+0,0,0.0009974380*J2^5+0,0,0,0,0,0,0,0,0,0,0,0,0,0,0,0,0,0,0,0,0,0,0,0,0,0,0,0,0},
{0,0,-0.0000452112*J2^5+0,0.0000522054*J2^5+0,0,0,0,0,0,0,0.0001356337*J2^5+0,-0.0001566163*J2^5+0,0,0,0,0,0,0,-0.0001598458*J2^5+0,0.0001845741*J2^5+0,0,0,0,0,0,0,0,0,0,0,0,0,0,0,0,0,0,0,0,0,0,0,0,0,0,0,0,0,0.0006108035*J2^5+0,0.0007052951*J2^5+0,-0.0007052951*J2^5+0,-0.0008144047*J2^5+0,0,0,0,0,0,0,0,0,0,0,0,0,-0.0008638066*J2^5+0,-0.0009974380*J2^5+0,0.0009974380*J2^5+0,0.0011517421*J2^5+0,0,0,0,0,0,0,0,0,0,0,0,0,0,0,0,0,0,0,0,0,0,0,0,0,0,0,0,0},
{0,0,0,0,0,-0.0001278767*J2^5+0,0,0,0,0,0,0,0,0,0,0,0,0,0,0,0,-0.0000452112*J2^5+0,0,0,0,0,0,0,0,0,0,0,0,0,0,0,0,0,0,0,0,0,0,0,0,0,0,0,0,0,0,0,0,0,0,0,0,0,0,0,0,0,0,-0.0008638066*J2^5+0,0,0,0,0,0,0,0,0,0,0,0,0,0,0,0,0,0,0,0,0,0,0,0,0,0,0,0,0,0,0,0,0},
{0,0,0,0,0,-0.0000369148*J2^5+0,0,0,0,0,0,0,0,0.0001107444*J2^5+0,0,0,0,0,0,0,0,-0.0001305136*J2^5+0,0,0,0,0,0,0,0,0,0,0,0,0,0,0,0,0,0,0,0,0,0,0,0,0,0,0,0,0,0,0,0,0,0,0,0,0,0,0,0,0,-0.0008638066*J2^5+0,-0.0009974380*J2^5+0,0,0,0,0,0,0,0,0,0,0,0,0,0,0,0,0,0,0,0,0,0,0,0,0,0,0,0,0,0,0,0,0},
{0,0,0,0,-0.0001278767*J2^5+0,0.0001476592*J2^5+0,0,0,0,0,0,0,0,0,0,0,0,0,0,0,-0.0000452112*J2^5+0,0.0000522054*J2^5+0,0,0,0,0,0,0,0,0,0,0,0,0,0,0,0,0,0,0,0,0,0,0,0,0,0,0,0,0,0,0,0,0,0,0,0,0,0,0,0,-0.0008638066*J2^5+0,0,0.0009974380*J2^5+0,0,0,0,0,0,0,0,0,0,0,0,0,0,0,0,0,0,0,0,0,0,0,0,0,0,0,0,0,0,0,0,0},
{0,0,0,0,-0.0000369148*J2^5+0,0.0000426256*J2^5+0,0,0,0,0,0,0,0.0001107444*J2^5+0,-0.0001278767*J2^5+0,0,0,0,0,0,0,-0.0001305136*J2^5+0,0.0001507041*J2^5+0,0,0,0,0,0,0,0,0,0,0,0,0,0,0,0,0,0,0,0,0,0,0,0,0,0,0,0,0,0,0,0,0,0,0,0,0,0,0,-0.0008638066*J2^5+0,-0.0009974380*J2^5+0,0.0009974380*J2^5+0,0.0011517421*J2^5+0,0,0,0,0,0,0,0,0,0,0,0,0,0,0,0,0,0,0,0,0,0,0,0,0,0,0,0,0,0,0,0,0},
{0,0,0,0,0,0,0,-0.0001278767*J2^5+0,0,0,0,0,0,0,0,0,0,0,0,0,0,0,0,-0.0000452112*J2^5+0,0,0,0,0,0,0,0,0,0,0,0,0,0,0,0,0,0,0,0,0,0,0,0,0,0,0,0,0,0,0,0,0.0004987190*J2^5+0,0,0,0,0,0,0,0,0,0,0,0,0,0,0,0,-0.0007052951*J2^5+0,0,0,0,0,0,0,0,0,0,0,0,0,0,0,0,0,0,0,0,0,0,0,0,0},
{0,0,0,0,0,0,0,-0.0000369148*J2^5+0,0,0,0,0,0,0,0,0.0001107444*J2^5+0,0,0,0,0,0,0,0,-0.0001305136*J2^5+0,0,0,0,0,0,0,0,0,0,0,0,0,0,0,0,0,0,0,0,0,0,0,0,0,0,0,0,0,0,0,0.0004987190*J2^5+0,0.0005758711*J2^5+0,0,0,0,0,0,0,0,0,0,0,0,0,0,0,-0.0007052951*J2^5+0,-0.0008144047*J2^5+0,0,0,0,0,0,0,0,0,0,0,0,0,0,0,0,0,0,0,0,0,0,0,0,0},
{0,0,0,0,0,0,-0.0001278767*J2^5+0,0.0001476592*J2^5+0,0,0,0,0,0,0,0,0,0,0,0,0,0,0,-0.0000452112*J2^5+0,0.0000522054*J2^5+0,0,0,0,0,0,0,0,0,0,0,0,0,0,0,0,0,0,0,0,0,0,0,0,0,0,0,0,0,0,0.0004987190*J2^5+0,0,-0.0005758711*J2^5+0,0,0,0,0,0,0,0,0,0,0,0,0,0,-0.0007052951*J2^5+0,0,0.0008144047*J2^5+0,0,0,0,0,0,0,0,0,0,0,0,0,0,0,0,0,0,0,0,0,0,0,0,0},
{0,0,0,0,0,0,-0.0000369148*J2^5+0,0.0000426256*J2^5+0,0,0,0,0,0,0,0.0001107444*J2^5+0,-0.0001278767*J2^5+0,0,0,0,0,0,0,-0.0001305136*J2^5+0,0.0001507041*J2^5+0,0,0,0,0,0,0,0,0,0,0,0,0,0,0,0,0,0,0,0,0,0,0,0,0,0,0,0,0,0.0004987190*J2^5+0,0.0005758711*J2^5+0,-0.0005758711*J2^5+0,-0.0006649586*J2^5+0,0,0,0,0,0,0,0,0,0,0,0,0,-0.0007052951*J2^5+0,-0.0008144047*J2^5+0,0.0008144047*J2^5+0,0.0009403935*J2^5+0,0,0,0,0,0,0,0,0,0,0,0,0,0,0,0,0,0,0,0,0,0,0,0,0}
}