96
{{0,0,0,0,0,0,0,0,0,0,0,0,0,0,0,0,0,0,0,0,0,0,0,0,0.0002305773*J2^5+0,0.0001331238*J1^1*J2^4+0,0,0,0,0,0,0,-0.0004069010*J1^1*J2^4+0,-0.0002349244*J2^5+0,0,0,0,0,0,0,0.0001246797*J2^5+0,0.0000719839*J1^1*J2^4+0,0,0,0,0,0,0,0,0,0,0,0,0,0,0,0,0,0,0,0,0,0,0,0,0,0,0,0,0,0,0,0,0,0,0,0,0,0,0,0.0020751953*J1^1*J2^4+0,0.0011981146*J2^5+0,0.0011981146*J2^5+0,0.0006917318*J1^1*J2^4+0,0,0,0,0,0,0,0,0,0,0,0,0},
{0,0,0,0,0,0,0,0,0,0,0,0,0,0,0,0,0,0,0,0,0,0,0,0,0.0000313233*J1^1*J2^4+0.0001018006*J2^5+0,0.0000587746*J1^1*J2^4+0.0000180845*J2^5+0,0,0,0,0,0,0,-0.0002349244*J2^5+0,-0.0001356337*J1^1*J2^4+0,0,0,0,0,0,0,-0.0001882655*J1^1*J2^4+0.0002602494*J2^5+0,0.0001502551*J1^1*J2^4+-0.0001086952*J2^5+0,0,0,0,0,0,0,0,0,0,0,0,0,0,0,0,0,0,0,0,0,0,0,0,0,0,0,0,0,0,0,0,0,0,0,0,0,0,0,0.0011981146*J2^5+0,0.0006917318*J1^1*J2^4+0,-0.0006917318*J1^1*J2^4+0.0013834635*J2^5+0,0.0007987430*J1^1*J2^4+-0.0003993715*J2^5+0,0,0,0,0,0,0,0,0,0,0,0,0},
{0,0,0,0,0,0,0,0,0,0,0,0,0,0,0,0,0,0,0,0,0,0,0,0,0,0,0.0002305773*J2^5+0,0.0001331238*J1^1*J2^4+0,0,0,0,0,0,0,-0.0004069010*J1^1*J2^4+0,-0.0002349244*J2^5+0,0,0,0,0,0,0,0.0001246797*J2^5+0,0.0000719839*J1^1*J2^4+0,0,0,0,0,0,0,0,0,0,0,0,0,0,0,0,0,0,0,0,0,0,0,0,0,0,0,0,0,0,0,0,0,0,0,0,0,0,0,0,0,0.0020751953*J1^1*J2^4+0,0.0011981146*J2^5+0,0.0011981146*J2^5+0,0.0006917318*J1^1*J2^4+0,0,0,0,0,0,0,0,0},
{0,0,0,0,0,0,0,0,0,0,0,0,0,0,0,0,0,0,0,0,0,0,0,0,0,0,0.0000313233*J1^1*J2^4+0.0001018006*J2^5+0,0.0000587746*J1^1*J2^4+0.0000180845*J2^5+0,0,0,0,0,0,0,-0.0002349244*J2^5+0,-0.0001356337*J1^1*J2^4+0,0,0,0,0,0,0,-0.0001882655*J1^1*J2^4+0.0002602494*J2^5+0,0.0001502551*J1^1*J2^4+-0.0001086952*J2^5+0,0,0,0,0,0,0,0,0,0,0,0,0,0,0,0,0,0,0,0,0,0,0,0,0,0,0,0,0,0,0,0,0,0,0,0,0,0,0,0,0,0.0011981146*J2^5+0,0.0006917318*J1^1*J2^4+0,-0.0006917318*J1^1*J2^4+0.0013834635*J2^5+0,0.0007987430*J1^1*J2^4+-0.0003993715*J2^5+0,0,0,0,0,0,0,0,0},
{0,0,0,0,0,0,0,0,0,0,0,0,0,0,0,0,0,0,0,0,0,0,0,0,0,0,0,0,0.0002305773*J2^5+0,0.0001331238*J1^1*J2^4+0,0,0,0,0,0,0,-0.0004069010*J1^1*J2^4+0,-0.0002349244*J2^5+0,0,0,0,0,0,0,0.0001246797*J2^5+0,0.0000719839*J1^1*J2^4+0,0,0,0,0,0,0,0,0,0,0,0,0,0,0,0,0,0,0,0,0,0,0,0,0,0,0,-0.0011981146*J1^1*J2^4+0,-0.0006917318*J2^5+0,-0.0006917318*J2^5+0,-0.0003993715*J1^1*J2^4+0,0,0,0,0,0,0,0,0,0,0,0,0,0.0016943899*J1^1*J2^4+0,0.0009782565*J2^5+0,0.0009782565*J2^5+0,0.0005647966*J1^1*J2^4+0,0,0,0,0},
{0,0,0,0,0,0,0,0,0,0,0,0,0,0,0,0,0,0,0,0,0,0,0,0,0,0,0,0,0.0000313233*J1^1*J2^4+0.0001018006*J2^5+0,0.0000587746*J1^1*J2^4+0.0000180845*J2^5+0,0,0,0,0,0,0,-0.0002349244*J2^5+0,-0.0001356337*J1^1*J2^4+0,0,0,0,0,0,0,-0.0001882655*J1^1*J2^4+0.0002602494*J2^5+0,0.0001502551*J1^1*J2^4+-0.0001086952*J2^5+0,0,0,0,0,0,0,0,0,0,0,0,0,0,0,0,0,0,0,0,0,0,0,0,0,0,0,-0.0006917318*J2^5+0,-0.0003993715*J1^1*J2^4+0,0.0003993715*J1^1*J2^4+-0.0007987430*J2^5+0,-0.0004611545*J1^1*J2^4+0.0002305773*J2^5+0,0,0,0,0,0,0,0,0,0,0,0,0,0.0009782565*J2^5+0,0.0005647966*J1^1*J2^4+0,-0.0005647966*J1^1*J2^4+0.0011295933*J2^5+0,0.0006521710*J1^1*J2^4+-0.0003260855*J2^5+0,0,0,0,0},
{0,0,0,0,0,0,0,0,0,0,0,0,0,0,0,0,0,0,0,0,0,0,0,0,0,0,0,0,0,0,0.0002305773*J2^5+0,0.0001331238*J1^1*J2^4+0,0,0,0,0,0,0,-0.0004069010*J1^1*J2^4+0,-0.0002349244*J2^5+0,0,0,0,0,0,0,0.0001246797*J2^5+0,0.0000719839*J1^1*J2^4+0,0,0,0,0,0,0,0,0,0,0,0,0,0,0,0,0,0,0,0,0,0,0,0,0,0,0,0,0,-0.0011981146*J1^1*J2^4+0,-0.0006917318*J2^5+0,-0.0006917318*J2^5+0,-0.0003993715*J1^1*J2^4+0,0,0,0,0,0,0,0,0,0,0,0,0,0.0016943899*J1^1*J2^4+0,0.0009782565*J2^5+0,0.0009782565*J2^5+0,0.0005647966*J1^1*J2^4+0},
{0,0,0,0,0,0,0,0,0,0,0,0,0,0,0,0,0,0,0,0,0,0,0,0,0,0,0,0,0,0,0.0000313233*J1^1*J2^4+0.0001018006*J2^5+0,0.0000587746*J1^1*J2^4+0.0000180845*J2^5+0,0,0,0,0,0,0,-0.0002349244*J2^5+0,-0.0001356337*J1^1*J2^4+0,0,0,0,0,0,0,-0.0001882655*J1^1*J2^4+0.0002602494*J2^5+0,0.0001502551*J1^1*J2^4+-0.0001086952*J2^5+0,0,0,0,0,0,0,0,0,0,0,0,0,0,0,0,0,0,0,0,0,0,0,0,0,0,0,0,0,-0.0006917318*J2^5+0,-0.0003993715*J1^1*J2^4+0,0.0003993715*J1^1*J2^4+-0.0007987430*J2^5+0,-0.0004611545*J1^1*J2^4+0.0002305773*J2^5+0,0,0,0,0,0,0,0,0,0,0,0,0,0.0009782565*J2^5+0,0.0005647966*J1^1*J2^4+0,-0.0005647966*J1^1*J2^4+0.0011295933*J2^5+0,0.0006521710*J1^1*J2^4+-0.0003260855*J2^5+0},
{0,0,0,0,0,0,0,0,0,0,0,0,0,0,0,0,0,0,0,0,0,0,0,0,-0.0000927667*J1^1*J2^4+0,-0.0000795649*J1^1*J2^4+0.0000260060*J2^5+0,0,0,0,0,0,0,0.0001602487*J2^5+0,-0.0000498852*J1^1*J2^4+0.0001424048*J2^5+0,0,0,0,0,0,0,-0.0000477169*J1^1*J2^4+0,-0.0000444345*J1^1*J2^4+0.0000168851*J2^5+0,0,0,0,0,0,0,0,0,0,0,0,0,0,0,0,0,0,0,0,0,0,0,0,0,0,0,0,0,0,0,0,0,0,0,0,0,0,0,-0.0007399571*J2^5+0,0.0003436857*J1^1*J2^4+-0.0007709002*J2^5+0,-0.0004272144*J1^1*J2^4+0,-0.0004450794*J1^1*J2^4+0.0001984271*J2^5+0,0,0,0,0,0,0,0,0,0,0,0,0},
{0,0,0,0,0,0,0,0,0,0,0,0,0,0,0,0,0,0,0,0,0,0,0,0,-0.0000389607*J1^1*J2^4+-0.0000145982*J2^5+0,-0.0000350527*J1^1*J2^4+0.0000041304*J2^5+0,0,0,0,0,0,0,0.0000925196*J1^1*J2^4+0,0.0000822175*J1^1*J2^4+-0.0000288012*J2^5+0,0,0,0,0,0,0,-0.0001032931*J1^1*J2^4+0.0000757437*J2^5+0,-0.0001118526*J1^1*J2^4+0.0000959470*J2^5+0,0,0,0,0,0,0,0,0,0,0,0,0,0,0,0,0,0,0,0,0,0,0,0,0,0,0,0,0,0,0,0,0,0,0,0,0,0,0,-0.0004272144*J1^1*J2^4+0,-0.0004450794*J1^1*J2^4+0.0001984271*J2^5+0,-0.0004933047*J1^1*J2^4+0.0002466524*J2^5+0,-0.0006284953*J1^1*J2^4+0.0004860905*J2^5+0,0,0,0,0,0,0,0,0,0,0,0,0},
{0,0,0,0,0,0,0,0,0,0,0,0,0,0,0,0,0,0,0,0,0,0,0,0,0,0,-0.0000927667*J1^1*J2^4+0,-0.0000795649*J1^1*J2^4+0.0000260060*J2^5+0,0,0,0,0,0,0,0.0001602487*J2^5+0,-0.0000498852*J1^1*J2^4+0.0001424048*J2^5+0,0,0,0,0,0,0,-0.0000477169*J1^1*J2^4+0,-0.0000444345*J1^1*J2^4+0.0000168851*J2^5+0,0,0,0,0,0,0,0,0,0,0,0,0,0,0,0,0,0,0,0,0,0,0,0,0,0,0,0,0,0,0,0,0,0,0,0,0,0,0,0,0,-0.0007399571*J2^5+0,0.0003436857*J1^1*J2^4+-0.0007709002*J2^5+0,-0.0004272144*J1^1*J2^4+0,-0.0004450794*J1^1*J2^4+0.0001984271*J2^5+0,0,0,0,0,0,0,0,0},
{0,0,0,0,0,0,0,0,0,0,0,0,0,0,0,0,0,0,0,0,0,0,0,0,0,0,-0.0000389607*J1^1*J2^4+-0.0000145982*J2^5+0,-0.0000350527*J1^1*J2^4+0.0000041304*J2^5+0,0,0,0,0,0,0,0.0000925196*J1^1*J2^4+0,0.0000822175*J1^1*J2^4+-0.0000288012*J2^5+0,0,0,0,0,0,0,-0.0001032931*J1^1*J2^4+0.0000757437*J2^5+0,-0.0001118526*J1^1*J2^4+0.0000959470*J2^5+0,0,0,0,0,0,0,0,0,0,0,0,0,0,0,0,0,0,0,0,0,0,0,0,0,0,0,0,0,0,0,0,0,0,0,0,0,0,0,0,0,-0.0004272144*J1^1*J2^4+0,-0.0004450794*J1^1*J2^4+0.0001984271*J2^5+0,-0.0004933047*J1^1*J2^4+0.0002466524*J2^5+0,-0.0006284953*J1^1*J2^4+0.0004860905*J2^5+0,0,0,0,0,0,0,0,0},
{0,0,0,0,0,0,0,0,0,0,0,0,0,0,0,0,0,0,0,0,0,0,0,0,0,0,0,0,-0.0000927667*J1^1*J2^4+0,-0.0000795649*J1^1*J2^4+0.0000260060*J2^5+0,0,0,0,0,0,0,0.0001602487*J2^5+0,-0.0000498852*J1^1*J2^4+0.0001424048*J2^5+0,0,0,0,0,0,0,-0.0000477169*J1^1*J2^4+0,-0.0000444345*J1^1*J2^4+0.0000168851*J2^5+0,0,0,0,0,0,0,0,0,0,0,0,0,0,0,0,0,0,0,0,0,0,0,0,0,0,0,0.0004272144*J2^5+0,-0.0001984271*J1^1*J2^4+0.0004450794*J2^5+0,0.0002466524*J1^1*J2^4+0,0.0002569667*J1^1*J2^4+-0.0001145619*J2^5+0,0,0,0,0,0,0,0,0,0,0,0,0,-0.0006041724*J2^5+0,0.0002806182*J1^1*J2^4+-0.0006294373*J2^5+0,-0.0003488191*J1^1*J2^4+0,-0.0003634058*J1^1*J2^4+0.0001620150*J2^5+0,0,0,0,0},
{0,0,0,0,0,0,0,0,0,0,0,0,0,0,0,0,0,0,0,0,0,0,0,0,0,0,0,0,-0.0000389607*J1^1*J2^4+-0.0000145982*J2^5+0,-0.0000350527*J1^1*J2^4+0.0000041304*J2^5+0,0,0,0,0,0,0,0.0000925196*J1^1*J2^4+0,0.0000822175*J1^1*J2^4+-0.0000288012*J2^5+0,0,0,0,0,0,0,-0.0001032931*J1^1*J2^4+0.0000757437*J2^5+0,-0.0001118526*J1^1*J2^4+0.0000959470*J2^5+0,0,0,0,0,0,0,0,0,0,0,0,0,0,0,0,0,0,0,0,0,0,0,0,0,0,0,0.0002466524*J1^1*J2^4+0,0.0002569667*J1^1*J2^4+-0.0001145619*J2^5+0,0.0002848096*J1^1*J2^4+-0.0001424048*J2^5+0,0.0003628620*J1^1*J2^4+-0.0002806445*J2^5+0,0,0,0,0,0,0,0,0,0,0,0,0,-0.0003488191*J1^1*J2^4+0,-0.0003634058*J1^1*J2^4+0.0001620150*J2^5+0,-0.0004027816*J1^1*J2^4+0.0002013908*J2^5+0,-0.0005131643*J1^1*J2^4+0.0003968913*J2^5+0,0,0,0,0},
{0,0,0,0,0,0,0,0,0,0,0,0,0,0,0,0,0,0,0,0,0,0,0,0,0,0,0,0,0,0,-0.0000927667*J1^1*J2^4+0,-0.0000795649*J1^1*J2^4+0.0000260060*J2^5+0,0,0,0,0,0,0,0.0001602487*J2^5+0,-0.0000498852*J1^1*J2^4+0.0001424048*J2^5+0,0,0,0,0,0,0,-0.0000477169*J1^1*J2^4+0,-0.0000444345*J1^1*J2^4+0.0000168851*J2^5+0,0,0,0,0,0,0,0,0,0,0,0,0,0,0,0,0,0,0,0,0,0,0,0,0,0,0,0,0,0.0004272144*J2^5+0,-0.0001984271*J1^1*J2^4+0.0004450794*J2^5+0,0.0002466524*J1^1*J2^4+0,0.0002569667*J1^1*J2^4+-0.0001145619*J2^5+0,0,0,0,0,0,0,0,0,0,0,0,0,-0.0006041724*J2^5+0,0.0002806182*J1^1*J2^4+-0.0006294373*J2^5+0,-0.0003488191*J1^1*J2^4+0,-0.0003634058*J1^1*J2^4+0.0001620150*J2^5+0},
{0,0,0,0,0,0,0,0,0,0,0,0,0,0,0,0,0,0,0,0,0,0,0,0,0,0,0,0,0,0,-0.0000389607*J1^1*J2^4+-0.0000145982*J2^5+0,-0.0000350527*J1^1*J2^4+0.0000041304*J2^5+0,0,0,0,0,0,0,0.0000925196*J1^1*J2^4+0,0.0000822175*J1^1*J2^4+-0.0000288012*J2^5+0,0,0,0,0,0,0,-0.0001032931*J1^1*J2^4+0.0000757437*J2^5+0,-0.0001118526*J1^1*J2^4+0.0000959470*J2^5+0,0,0,0,0,0,0,0,0,0,0,0,0,0,0,0,0,0,0,0,0,0,0,0,0,0,0,0,0,0.0002466524*J1^1*J2^4+0,0.0002569667*J1^1*J2^4+-0.0001145619*J2^5+0,0.0002848096*J1^1*J2^4+-0.0001424048*J2^5+0,0.0003628620*J1^1*J2^4+-0.0002806445*J2^5+0,0,0,0,0,0,0,0,0,0,0,0,0,-0.0003488191*J1^1*J2^4+0,-0.0003634058*J1^1*J2^4+0.0001620150*J2^5+0,-0.0004027816*J1^1*J2^4+0.0002013908*J2^5+0,-0.0005131643*J1^1*J2^4+0.0003968913*J2^5+0},
{0,0,0,0,0,0,0,0,0,0,0,0,0,0,0,0,0,0,0,0,0,0,0,0,0.0000974468*J1^1*J2^4+0,0.0001320046*J1^1*J2^4+-0.0000757437*J2^5+0,0,0,0,0,0,0,-0.0001744096*J2^5+0,0.0001308425*J1^1*J2^4+-0.0002315379*J2^5+0,0,0,0,0,0,0,0.0000544209*J1^1*J2^4+0,0.0000703807*J1^1*J2^4+-0.0000389607*J2^5+0,0,0,0,0,0,0,0,0,0,0,0,0,0,0,0,0,0,0,0,0,0,0,0,0,0,0,0,0,0,0,0,0,0,0,0,0,0,0,0.0009441560*J2^5+0,-0.0006041724*J1^1*J2^4+0.0011492812*J2^5+0,0.0005451087*J1^1*J2^4+0,0.0006635378*J1^1*J2^4+-0.0003488191*J2^5+0,0,0,0,0,0,0,0,0,0,0,0,0},
{0,0,0,0,0,0,0,0,0,0,0,0,0,0,0,0,0,0,0,0,0,0,0,0,0.0000444345*J1^1*J2^4+0.0000118264*J2^5+0,0.0000455462*J1^1*J2^4+-0.0000130639*J2^5+0,0,0,0,0,0,0,-0.0001006954*J1^1*J2^4+0,-0.0001336785*J1^1*J2^4+0.0000755420*J2^5+0,0,0,0,0,0,0,0.0001109849*J1^1*J2^4+-0.0000795649*J2^5+0,0.0002102601*J1^1*J2^4+-0.0001921198*J2^5+0,0,0,0,0,0,0,0,0,0,0,0,0,0,0,0,0,0,0,0,0,0,0,0,0,0,0,0,0,0,0,0,0,0,0,0,0,0,0,0.0005451087*J1^1*J2^4+0,0.0006635378*J1^1*J2^4+-0.0003488191*J2^5+0,0.0006294373*J1^1*J2^4+-0.0003147187*J2^5+0,0.0009675782*J1^1*J2^4+-0.0007858753*J2^5+0,0,0,0,0,0,0,0,0,0,0,0,0},
{0,0,0,0,0,0,0,0,0,0,0,0,0,0,0,0,0,0,0,0,0,0,0,0,0,0,0.0000974468*J1^1*J2^4+0,0.0001320046*J1^1*J2^4+-0.0000757437*J2^5+0,0,0,0,0,0,0,-0.0001744096*J2^5+0,0.0001308425*J1^1*J2^4+-0.0002315379*J2^5+0,0,0,0,0,0,0,0.0000544209*J1^1*J2^4+0,0.0000703807*J1^1*J2^4+-0.0000389607*J2^5+0,0,0,0,0,0,0,0,0,0,0,0,0,0,0,0,0,0,0,0,0,0,0,0,0,0,0,0,0,0,0,0,0,0,0,0,0,0,0,0,0,0.0009441560*J2^5+0,-0.0006041724*J1^1*J2^4+0.0011492812*J2^5+0,0.0005451087*J1^1*J2^4+0,0.0006635378*J1^1*J2^4+-0.0003488191*J2^5+0,0,0,0,0,0,0,0,0},
{0,0,0,0,0,0,0,0,0,0,0,0,0,0,0,0,0,0,0,0,0,0,0,0,0,0,0.0000444345*J1^1*J2^4+0.0000118264*J2^5+0,0.0000455462*J1^1*J2^4+-0.0000130639*J2^5+0,0,0,0,0,0,0,-0.0001006954*J1^1*J2^4+0,-0.0001336785*J1^1*J2^4+0.0000755420*J2^5+0,0,0,0,0,0,0,0.0001109849*J1^1*J2^4+-0.0000795649*J2^5+0,0.0002102601*J1^1*J2^4+-0.0001921198*J2^5+0,0,0,0,0,0,0,0,0,0,0,0,0,0,0,0,0,0,0,0,0,0,0,0,0,0,0,0,0,0,0,0,0,0,0,0,0,0,0,0,0,0.0005451087*J1^1*J2^4+0,0.0006635378*J1^1*J2^4+-0.0003488191*J2^5+0,0.0006294373*J1^1*J2^4+-0.0003147187*J2^5+0,0.0009675782*J1^1*J2^4+-0.0007858753*J2^5+0,0,0,0,0,0,0,0,0},
{0,0,0,0,0,0,0,0,0,0,0,0,0,0,0,0,0,0,0,0,0,0,0,0,0,0,0,0,0.0000974468*J1^1*J2^4+0,0.0001320046*J1^1*J2^4+-0.0000757437*J2^5+0,0,0,0,0,0,0,-0.0001744096*J2^5+0,0.0001308425*J1^1*J2^4+-0.0002315379*J2^5+0,0,0,0,0,0,0,0.0000544209*J1^1*J2^4+0,0.0000703807*J1^1*J2^4+-0.0000389607*J2^5+0,0,0,0,0,0,0,0,0,0,0,0,0,0,0,0,0,0,0,0,0,0,0,0,0,0,0,-0.0005451087*J2^5+0,0.0003488191*J1^1*J2^4+-0.0006635378*J2^5+0,-0.0003147187*J1^1*J2^4+0,-0.0003830937*J1^1*J2^4+0.0002013908*J2^5+0,0,0,0,0,0,0,0,0,0,0,0,0,0.0007709002*J2^5+0,-0.0004933047*J1^1*J2^4+0.0009383841*J2^5+0,0.0004450794*J1^1*J2^4+0,0.0005417763*J1^1*J2^4+-0.0002848096*J2^5+0,0,0,0,0},
{0,0,0,0,0,0,0,0,0,0,0,0,0,0,0,0,0,0,0,0,0,0,0,0,0,0,0,0,0.0000444345*J1^1*J2^4+0.0000118264*J2^5+0,0.0000455462*J1^1*J2^4+-0.0000130639*J2^5+0,0,0,0,0,0,0,-0.0001006954*J1^1*J2^4+0,-0.0001336785*J1^1*J2^4+0.0000755420*J2^5+0,0,0,0,0,0,0,0.0001109849*J1^1*J2^4+-0.0000795649*J2^5+0,0.0002102601*J1^1*J2^4+-0.0001921198*J2^5+0,0,0,0,0,0,0,0,0,0,0,0,0,0,0,0,0,0,0,0,0,0,0,0,0,0,0,-0.0003147187*J1^1*J2^4+0,-0.0003830937*J1^1*J2^4+0.0002013908*J2^5+0,-0.0003634058*J1^1*J2^4+0.0001817029*J2^5+0,-0.0005586316*J1^1*J2^4+0.0004537253*J2^5+0,0,0,0,0,0,0,0,0,0,0,0,0,0.0004450794*J1^1*J2^4+0,0.0005417763*J1^1*J2^4+-0.0002848096*J2^5+0,0.0005139334*J1^1*J2^4+-0.0002569667*J2^5+0,0.0007900243*J1^1*J2^4+-0.0006416645*J2^5+0,0,0,0,0},
{0,0,0,0,0,0,0,0,0,0,0,0,0,0,0,0,0,0,0,0,0,0,0,0,0,0,0,0,0,0,0.0000974468*J1^1*J2^4+0,0.0001320046*J1^1*J2^4+-0.0000757437*J2^5+0,0,0,0,0,0,0,-0.0001744096*J2^5+0,0.0001308425*J1^1*J2^4+-0.0002315379*J2^5+0,0,0,0,0,0,0,0.0000544209*J1^1*J2^4+0,0.0000703807*J1^1*J2^4+-0.0000389607*J2^5+0,0,0,0,0,0,0,0,0,0,0,0,0,0,0,0,0,0,0,0,0,0,0,0,0,0,0,0,0,-0.0005451087*J2^5+0,0.0003488191*J1^1*J2^4+-0.0006635378*J2^5+0,-0.0003147187*J1^1*J2^4+0,-0.0003830937*J1^1*J2^4+0.0002013908*J2^5+0,0,0,0,0,0,0,0,0,0,0,0,0,0.0007709002*J2^5+0,-0.0004933047*J1^1*J2^4+0.0009383841*J2^5+0,0.0004450794*J1^1*J2^4+0,0.0005417763*J1^1*J2^4+-0.0002848096*J2^5+0},
{0,0,0,0,0,0,0,0,0,0,0,0,0,0,0,0,0,0,0,0,0,0,0,0,0,0,0,0,0,0,0.0000444345*J1^1*J2^4+0.0000118264*J2^5+0,0.0000455462*J1^1*J2^4+-0.0000130639*J2^5+0,0,0,0,0,0,0,-0.0001006954*J1^1*J2^4+0,-0.0001336785*J1^1*J2^4+0.0000755420*J2^5+0,0,0,0,0,0,0,0.0001109849*J1^1*J2^4+-0.0000795649*J2^5+0,0.0002102601*J1^1*J2^4+-0.0001921198*J2^5+0,0,0,0,0,0,0,0,0,0,0,0,0,0,0,0,0,0,0,0,0,0,0,0,0,0,0,0,0,-0.0003147187*J1^1*J2^4+0,-0.0003830937*J1^1*J2^4+0.0002013908*J2^5+0,-0.0003634058*J1^1*J2^4+0.0001817029*J2^5+0,-0.0005586316*J1^1*J2^4+0.0004537253*J2^5+0,0,0,0,0,0,0,0,0,0,0,0,0,0.0004450794*J1^1*J2^4+0,0.0005417763*J1^1*J2^4+-0.0002848096*J2^5+0,0.0005139334*J1^1*J2^4+-0.0002569667*J2^5+0,0.0007900243*J1^1*J2^4+-0.0006416645*J2^5+0},
{0.0001602487*J2^5+0,-0.0000498852*J1^1*J2^4+0.0001424048*J2^5+0,0,0,0,0,0,0,-0.0000927667*J1^1*J2^4+0,-0.0000795649*J1^1*J2^4+0.0000260060*J2^5+0,0,0,0,0,0,0,0.0000477169*J1^1*J2^4+0,0.0000444345*J1^1*J2^4+-0.0000168851*J2^5+0,0,0,0,0,0,0,0,0,0,0,0,0,0,0,0,0,0,0,0,0,0,0,0,0,0,0,0,0,0,0,-0.0007399571*J2^5+0,-0.0004272144*J1^1*J2^4+0,0.0003436857*J1^1*J2^4+-0.0007709002*J2^5+0,-0.0004450794*J1^1*J2^4+0.0001984271*J2^5+0,0,0,0,0,0,0,0,0,0,0,0,0,0,0,0,0,0,0,0,0,0,0,0,0,0,0,0,0,0,0,0,0,0,0,0,0,0,0,0,0,0,0,0,0},
{0.0000925196*J1^1*J2^4+0,0.0000822175*J1^1*J2^4+-0.0000288012*J2^5+0,0,0,0,0,0,0,-0.0000389607*J1^1*J2^4+-0.0000145982*J2^5+0,-0.0000350527*J1^1*J2^4+0.0000041304*J2^5+0,0,0,0,0,0,0,0.0001032931*J1^1*J2^4+-0.0000757437*J2^5+0,0.0001118526*J1^1*J2^4+-0.0000959470*J2^5+0,0,0,0,0,0,0,0,0,0,0,0,0,0,0,0,0,0,0,0,0,0,0,0,0,0,0,0,0,0,0,-0.0004272144*J1^1*J2^4+0,-0.0004933047*J1^1*J2^4+0.0002466524*J2^5+0,-0.0004450794*J1^1*J2^4+0.0001984271*J2^5+0,-0.0006284953*J1^1*J2^4+0.0004860905*J2^5+0,0,0,0,0,0,0,0,0,0,0,0,0,0,0,0,0,0,0,0,0,0,0,0,0,0,0,0,0,0,0,0,0,0,0,0,0,0,0,0,0,0,0,0,0},
{0,0,0.0001602487*J2^5+0,-0.0000498852*J1^1*J2^4+0.0001424048*J2^5+0,0,0,0,0,0,0,-0.0000927667*J1^1*J2^4+0,-0.0000795649*J1^1*J2^4+0.0000260060*J2^5+0,0,0,0,0,0,0,0.0000477169*J1^1*J2^4+0,0.0000444345*J1^1*J2^4+-0.0000168851*J2^5+0,0,0,0,0,0,0,0,0,0,0,0,0,0,0,0,0,0,0,0,0,0,0,0,0,0,0,0,0,0,0,0,0,0,0,0,0,0.0004272144*J2^5+0,0.0002466524*J1^1*J2^4+0,-0.0001984271*J1^1*J2^4+0.0004450794*J2^5+0,0.0002569667*J1^1*J2^4+-0.0001145619*J2^5+0,0,0,0,0,0.0006041724*J2^5+0,0.0003488191*J1^1*J2^4+0,-0.0002806182*J1^1*J2^4+0.0006294373*J2^5+0,0.0003634058*J1^1*J2^4+-0.0001620150*J2^5+0,0,0,0,0,0,0,0,0,0,0,0,0,0,0,0,0,0,0,0,0,0,0,0,0,0,0,0,0},
{0,0,0.0000925196*J1^1*J2^4+0,0.0000822175*J1^1*J2^4+-0.0000288012*J2^5+0,0,0,0,0,0,0,-0.0000389607*J1^1*J2^4+-0.0000145982*J2^5+0,-0.0000350527*J1^1*J2^4+0.0000041304*J2^5+0,0,0,0,0,0,0,0.0001032931*J1^1*J2^4+-0.0000757437*J2^5+0,0.0001118526*J1^1*J2^4+-0.0000959470*J2^5+0,0,0,0,0,0,0,0,0,0,0,0,0,0,0,0,0,0,0,0,0,0,0,0,0,0,0,0,0,0,0,0,0,0,0,0,0,0.0002466524*J1^1*J2^4+0,0.0002848096*J1^1*J2^4+-0.0001424048*J2^5+0,0.0002569667*J1^1*J2^4+-0.0001145619*J2^5+0,0.0003628620*J1^1*J2^4+-0.0002806445*J2^5+0,0,0,0,0,0.0003488191*J1^1*J2^4+0,0.0004027816*J1^1*J2^4+-0.0002013908*J2^5+0,0.0003634058*J1^1*J2^4+-0.0001620150*J2^5+0,0.0005131643*J1^1*J2^4+-0.0003968913*J2^5+0,0,0,0,0,0,0,0,0,0,0,0,0,0,0,0,0,0,0,0,0,0,0,0,0,0,0,0,0},
{0,0,0,0,0.0001602487*J2^5+0,-0.0000498852*J1^1*J2^4+0.0001424048*J2^5+0,0,0,0,0,0,0,-0.0000927667*J1^1*J2^4+0,-0.0000795649*J1^1*J2^4+0.0000260060*J2^5+0,0,0,0,0,0,0,0.0000477169*J1^1*J2^4+0,0.0000444345*J1^1*J2^4+-0.0000168851*J2^5+0,0,0,0,0,0,0,0,0,0,0,0,0,0,0,0,0,0,0,0,0,0,0,0,0,0,0,0,0,0,0,-0.0007399571*J2^5+0,-0.0004272144*J1^1*J2^4+0,0.0003436857*J1^1*J2^4+-0.0007709002*J2^5+0,-0.0004450794*J1^1*J2^4+0.0001984271*J2^5+0,0,0,0,0,0,0,0,0,0,0,0,0,0,0,0,0,0,0,0,0,0,0,0,0,0,0,0,0,0,0,0,0,0,0,0,0,0,0,0,0},
{0,0,0,0,0.0000925196*J1^1*J2^4+0,0.0000822175*J1^1*J2^4+-0.0000288012*J2^5+0,0,0,0,0,0,0,-0.0000389607*J1^1*J2^4+-0.0000145982*J2^5+0,-0.0000350527*J1^1*J2^4+0.0000041304*J2^5+0,0,0,0,0,0,0,0.0001032931*J1^1*J2^4+-0.0000757437*J2^5+0,0.0001118526*J1^1*J2^4+-0.0000959470*J2^5+0,0,0,0,0,0,0,0,0,0,0,0,0,0,0,0,0,0,0,0,0,0,0,0,0,0,0,0,0,0,0,-0.0004272144*J1^1*J2^4+0,-0.0004933047*J1^1*J2^4+0.0002466524*J2^5+0,-0.0004450794*J1^1*J2^4+0.0001984271*J2^5+0,-0.0006284953*J1^1*J2^4+0.0004860905*J2^5+0,0,0,0,0,0,0,0,0,0,0,0,0,0,0,0,0,0,0,0,0,0,0,0,0,0,0,0,0,0,0,0,0,0,0,0,0,0,0,0,0},
{0,0,0,0,0,0,0.0001602487*J2^5+0,-0.0000498852*J1^1*J2^4+0.0001424048*J2^5+0,0,0,0,0,0,0,-0.0000927667*J1^1*J2^4+0,-0.0000795649*J1^1*J2^4+0.0000260060*J2^5+0,0,0,0,0,0,0,0.0000477169*J1^1*J2^4+0,0.0000444345*J1^1*J2^4+-0.0000168851*J2^5+0,0,0,0,0,0,0,0,0,0,0,0,0,0,0,0,0,0,0,0,0,0,0,0,0,0,0,0,0,0,0,0,0,0,0,0,0,0.0004272144*J2^5+0,0.0002466524*J1^1*J2^4+0,-0.0001984271*J1^1*J2^4+0.0004450794*J2^5+0,0.0002569667*J1^1*J2^4+-0.0001145619*J2^5+0,0,0,0,0,0.0006041724*J2^5+0,0.0003488191*J1^1*J2^4+0,-0.0002806182*J1^1*J2^4+0.0006294373*J2^5+0,0.0003634058*J1^1*J2^4+-0.0001620150*J2^5+0,0,0,0,0,0,0,0,0,0,0,0,0,0,0,0,0,0,0,0,0,0,0,0,0},
{0,0,0,0,0,0,0.0000925196*J1^1*J2^4+0,0.0000822175*J1^1*J2^4+-0.0000288012*J2^5+0,0,0,0,0,0,0,-0.0000389607*J1^1*J2^4+-0.0000145982*J2^5+0,-0.0000350527*J1^1*J2^4+0.0000041304*J2^5+0,0,0,0,0,0,0,0.0001032931*J1^1*J2^4+-0.0000757437*J2^5+0,0.0001118526*J1^1*J2^4+-0.0000959470*J2^5+0,0,0,0,0,0,0,0,0,0,0,0,0,0,0,0,0,0,0,0,0,0,0,0,0,0,0,0,0,0,0,0,0,0,0,0,0,0.0002466524*J1^1*J2^4+0,0.0002848096*J1^1*J2^4+-0.0001424048*J2^5+0,0.0002569667*J1^1*J2^4+-0.0001145619*J2^5+0,0.0003628620*J1^1*J2^4+-0.0002806445*J2^5+0,0,0,0,0,0.0003488191*J1^1*J2^4+0,0.0004027816*J1^1*J2^4+-0.0002013908*J2^5+0,0.0003634058*J1^1*J2^4+-0.0001620150*J2^5+0,0.0005131643*J1^1*J2^4+-0.0003968913*J2^5+0,0,0,0,0,0,0,0,0,0,0,0,0,0,0,0,0,0,0,0,0,0,0,0,0},
{-0.0004069010*J1^1*J2^4+0,-0.0002349244*J2^5+0,0,0,0,0,0,0,0.0002305773*J2^5+0,0.0001331238*J1^1*J2^4+0,0,0,0,0,0,0,-0.0001246797*J2^5+0,-0.0000719839*J1^1*J2^4+0,0,0,0,0,0,0,0,0,0,0,0,0,0,0,0,0,0,0,0,0,0,0,0,0,0,0,0,0,0,0,0.0020751953*J1^1*J2^4+0,0.0011981146*J2^5+0,0.0011981146*J2^5+0,0.0006917318*J1^1*J2^4+0,0,0,0,0,0,0,0,0,0,0,0,0,0,0,0,0,0,0,0,0,0,0,0,0,0,0,0,0,0,0,0,0,0,0,0,0,0,0,0,0,0,0,0,0},
{-0.0002349244*J2^5+0,-0.0001356337*J1^1*J2^4+0,0,0,0,0,0,0,0.0000313233*J1^1*J2^4+0.0001018006*J2^5+0,0.0000587746*J1^1*J2^4+0.0000180845*J2^5+0,0,0,0,0,0,0,0.0001882655*J1^1*J2^4+-0.0002602494*J2^5+0,-0.0001502551*J1^1*J2^4+0.0001086952*J2^5+0,0,0,0,0,0,0,0,0,0,0,0,0,0,0,0,0,0,0,0,0,0,0,0,0,0,0,0,0,0,0,0.0011981146*J2^5+0,-0.0006917318*J1^1*J2^4+0.0013834635*J2^5+0,0.0006917318*J1^1*J2^4+0,0.0007987430*J1^1*J2^4+-0.0003993715*J2^5+0,0,0,0,0,0,0,0,0,0,0,0,0,0,0,0,0,0,0,0,0,0,0,0,0,0,0,0,0,0,0,0,0,0,0,0,0,0,0,0,0,0,0,0,0},
{0,0,-0.0004069010*J1^1*J2^4+0,-0.0002349244*J2^5+0,0,0,0,0,0,0,0.0002305773*J2^5+0,0.0001331238*J1^1*J2^4+0,0,0,0,0,0,0,-0.0001246797*J2^5+0,-0.0000719839*J1^1*J2^4+0,0,0,0,0,0,0,0,0,0,0,0,0,0,0,0,0,0,0,0,0,0,0,0,0,0,0,0,0,0,0,0,0,0,0,0,0,-0.0011981146*J1^1*J2^4+0,-0.0006917318*J2^5+0,-0.0006917318*J2^5+0,-0.0003993715*J1^1*J2^4+0,0,0,0,0,-0.0016943899*J1^1*J2^4+0,-0.0009782565*J2^5+0,-0.0009782565*J2^5+0,-0.0005647966*J1^1*J2^4+0,0,0,0,0,0,0,0,0,0,0,0,0,0,0,0,0,0,0,0,0,0,0,0,0,0,0,0,0},
{0,0,-0.0002349244*J2^5+0,-0.0001356337*J1^1*J2^4+0,0,0,0,0,0,0,0.0000313233*J1^1*J2^4+0.0001018006*J2^5+0,0.0000587746*J1^1*J2^4+0.0000180845*J2^5+0,0,0,0,0,0,0,0.0001882655*J1^1*J2^4+-0.0002602494*J2^5+0,-0.0001502551*J1^1*J2^4+0.0001086952*J2^5+0,0,0,0,0,0,0,0,0,0,0,0,0,0,0,0,0,0,0,0,0,0,0,0,0,0,0,0,0,0,0,0,0,0,0,0,0,-0.0006917318*J2^5+0,0.0003993715*J1^1*J2^4+-0.0007987430*J2^5+0,-0.0003993715*J1^1*J2^4+0,-0.0004611545*J1^1*J2^4+0.0002305773*J2^5+0,0,0,0,0,-0.0009782565*J2^5+0,0.0005647966*J1^1*J2^4+-0.0011295933*J2^5+0,-0.0005647966*J1^1*J2^4+0,-0.0006521710*J1^1*J2^4+0.0003260855*J2^5+0,0,0,0,0,0,0,0,0,0,0,0,0,0,0,0,0,0,0,0,0,0,0,0,0,0,0,0,0},
{0,0,0,0,-0.0004069010*J1^1*J2^4+0,-0.0002349244*J2^5+0,0,0,0,0,0,0,0.0002305773*J2^5+0,0.0001331238*J1^1*J2^4+0,0,0,0,0,0,0,-0.0001246797*J2^5+0,-0.0000719839*J1^1*J2^4+0,0,0,0,0,0,0,0,0,0,0,0,0,0,0,0,0,0,0,0,0,0,0,0,0,0,0,0,0,0,0,0.0020751953*J1^1*J2^4+0,0.0011981146*J2^5+0,0.0011981146*J2^5+0,0.0006917318*J1^1*J2^4+0,0,0,0,0,0,0,0,0,0,0,0,0,0,0,0,0,0,0,0,0,0,0,0,0,0,0,0,0,0,0,0,0,0,0,0,0,0,0,0,0},
{0,0,0,0,-0.0002349244*J2^5+0,-0.0001356337*J1^1*J2^4+0,0,0,0,0,0,0,0.0000313233*J1^1*J2^4+0.0001018006*J2^5+0,0.0000587746*J1^1*J2^4+0.0000180845*J2^5+0,0,0,0,0,0,0,0.0001882655*J1^1*J2^4+-0.0002602494*J2^5+0,-0.0001502551*J1^1*J2^4+0.0001086952*J2^5+0,0,0,0,0,0,0,0,0,0,0,0,0,0,0,0,0,0,0,0,0,0,0,0,0,0,0,0,0,0,0,0.0011981146*J2^5+0,-0.0006917318*J1^1*J2^4+0.0013834635*J2^5+0,0.0006917318*J1^1*J2^4+0,0.0007987430*J1^1*J2^4+-0.0003993715*J2^5+0,0,0,0,0,0,0,0,0,0,0,0,0,0,0,0,0,0,0,0,0,0,0,0,0,0,0,0,0,0,0,0,0,0,0,0,0,0,0,0,0},
{0,0,0,0,0,0,-0.0004069010*J1^1*J2^4+0,-0.0002349244*J2^5+0,0,0,0,0,0,0,0.0002305773*J2^5+0,0.0001331238*J1^1*J2^4+0,0,0,0,0,0,0,-0.0001246797*J2^5+0,-0.0000719839*J1^1*J2^4+0,0,0,0,0,0,0,0,0,0,0,0,0,0,0,0,0,0,0,0,0,0,0,0,0,0,0,0,0,0,0,0,0,0,0,0,0,-0.0011981146*J1^1*J2^4+0,-0.0006917318*J2^5+0,-0.0006917318*J2^5+0,-0.0003993715*J1^1*J2^4+0,0,0,0,0,-0.0016943899*J1^1*J2^4+0,-0.0009782565*J2^5+0,-0.0009782565*J2^5+0,-0.0005647966*J1^1*J2^4+0,0,0,0,0,0,0,0,0,0,0,0,0,0,0,0,0,0,0,0,0,0,0,0,0},
{0,0,0,0,0,0,-0.0002349244*J2^5+0,-0.0001356337*J1^1*J2^4+0,0,0,0,0,0,0,0.0000313233*J1^1*J2^4+0.0001018006*J2^5+0,0.0000587746*J1^1*J2^4+0.0000180845*J2^5+0,0,0,0,0,0,0,0.0001882655*J1^1*J2^4+-0.0002602494*J2^5+0,-0.0001502551*J1^1*J2^4+0.0001086952*J2^5+0,0,0,0,0,0,0,0,0,0,0,0,0,0,0,0,0,0,0,0,0,0,0,0,0,0,0,0,0,0,0,0,0,0,0,0,0,-0.0006917318*J2^5+0,0.0003993715*J1^1*J2^4+-0.0007987430*J2^5+0,-0.0003993715*J1^1*J2^4+0,-0.0004611545*J1^1*J2^4+0.0002305773*J2^5+0,0,0,0,0,-0.0009782565*J2^5+0,0.0005647966*J1^1*J2^4+-0.0011295933*J2^5+0,-0.0005647966*J1^1*J2^4+0,-0.0006521710*J1^1*J2^4+0.0003260855*J2^5+0,0,0,0,0,0,0,0,0,0,0,0,0,0,0,0,0,0,0,0,0,0,0,0,0},
{0.0001744096*J2^5+0,-0.0001308425*J1^1*J2^4+0.0002315379*J2^5+0,0,0,0,0,0,0,-0.0000974468*J1^1*J2^4+0,-0.0001320046*J1^1*J2^4+0.0000757437*J2^5+0,0,0,0,0,0,0,0.0000544209*J1^1*J2^4+0,0.0000703807*J1^1*J2^4+-0.0000389607*J2^5+0,0,0,0,0,0,0,0,0,0,0,0,0,0,0,0,0,0,0,0,0,0,0,0,0,0,0,0,0,0,0,-0.0009441560*J2^5+0,-0.0005451087*J1^1*J2^4+0,0.0006041724*J1^1*J2^4+-0.0011492812*J2^5+0,-0.0006635378*J1^1*J2^4+0.0003488191*J2^5+0,0,0,0,0,0,0,0,0,0,0,0,0,0,0,0,0,0,0,0,0,0,0,0,0,0,0,0,0,0,0,0,0,0,0,0,0,0,0,0,0,0,0,0,0},
{0.0001006954*J1^1*J2^4+0,0.0001336785*J1^1*J2^4+-0.0000755420*J2^5+0,0,0,0,0,0,0,-0.0000444345*J1^1*J2^4+-0.0000118264*J2^5+0,-0.0000455462*J1^1*J2^4+0.0000130639*J2^5+0,0,0,0,0,0,0,0.0001109849*J1^1*J2^4+-0.0000795649*J2^5+0,0.0002102601*J1^1*J2^4+-0.0001921198*J2^5+0,0,0,0,0,0,0,0,0,0,0,0,0,0,0,0,0,0,0,0,0,0,0,0,0,0,0,0,0,0,0,-0.0005451087*J1^1*J2^4+0,-0.0006294373*J1^1*J2^4+0.0003147187*J2^5+0,-0.0006635378*J1^1*J2^4+0.0003488191*J2^5+0,-0.0009675782*J1^1*J2^4+0.0007858753*J2^5+0,0,0,0,0,0,0,0,0,0,0,0,0,0,0,0,0,0,0,0,0,0,0,0,0,0,0,0,0,0,0,0,0,0,0,0,0,0,0,0,0,0,0,0,0},
{0,0,0.0001744096*J2^5+0,-0.0001308425*J1^1*J2^4+0.0002315379*J2^5+0,0,0,0,0,0,0,-0.0000974468*J1^1*J2^4+0,-0.0001320046*J1^1*J2^4+0.0000757437*J2^5+0,0,0,0,0,0,0,0.0000544209*J1^1*J2^4+0,0.0000703807*J1^1*J2^4+-0.0000389607*J2^5+0,0,0,0,0,0,0,0,0,0,0,0,0,0,0,0,0,0,0,0,0,0,0,0,0,0,0,0,0,0,0,0,0,0,0,0,0,0.0005451087*J2^5+0,0.0003147187*J1^1*J2^4+0,-0.0003488191*J1^1*J2^4+0.0006635378*J2^5+0,0.0003830937*J1^1*J2^4+-0.0002013908*J2^5+0,0,0,0,0,0.0007709002*J2^5+0,0.0004450794*J1^1*J2^4+0,-0.0004933047*J1^1*J2^4+0.0009383841*J2^5+0,0.0005417763*J1^1*J2^4+-0.0002848096*J2^5+0,0,0,0,0,0,0,0,0,0,0,0,0,0,0,0,0,0,0,0,0,0,0,0,0,0,0,0,0},
{0,0,0.0001006954*J1^1*J2^4+0,0.0001336785*J1^1*J2^4+-0.0000755420*J2^5+0,0,0,0,0,0,0,-0.0000444345*J1^1*J2^4+-0.0000118264*J2^5+0,-0.0000455462*J1^1*J2^4+0.0000130639*J2^5+0,0,0,0,0,0,0,0.0001109849*J1^1*J2^4+-0.0000795649*J2^5+0,0.0002102601*J1^1*J2^4+-0.0001921198*J2^5+0,0,0,0,0,0,0,0,0,0,0,0,0,0,0,0,0,0,0,0,0,0,0,0,0,0,0,0,0,0,0,0,0,0,0,0,0,0.0003147187*J1^1*J2^4+0,0.0003634058*J1^1*J2^4+-0.0001817029*J2^5+0,0.0003830937*J1^1*J2^4+-0.0002013908*J2^5+0,0.0005586316*J1^1*J2^4+-0.0004537253*J2^5+0,0,0,0,0,0.0004450794*J1^1*J2^4+0,0.0005139334*J1^1*J2^4+-0.0002569667*J2^5+0,0.0005417763*J1^1*J2^4+-0.0002848096*J2^5+0,0.0007900243*J1^1*J2^4+-0.0006416645*J2^5+0,0,0,0,0,0,0,0,0,0,0,0,0,0,0,0,0,0,0,0,0,0,0,0,0,0,0,0,0},
{0,0,0,0,0.0001744096*J2^5+0,-0.0001308425*J1^1*J2^4+0.0002315379*J2^5+0,0,0,0,0,0,0,-0.0000974468*J1^1*J2^4+0,-0.0001320046*J1^1*J2^4+0.0000757437*J2^5+0,0,0,0,0,0,0,0.0000544209*J1^1*J2^4+0,0.0000703807*J1^1*J2^4+-0.0000389607*J2^5+0,0,0,0,0,0,0,0,0,0,0,0,0,0,0,0,0,0,0,0,0,0,0,0,0,0,0,0,0,0,0,-0.0009441560*J2^5+0,-0.0005451087*J1^1*J2^4+0,0.0006041724*J1^1*J2^4+-0.0011492812*J2^5+0,-0.0006635378*J1^1*J2^4+0.0003488191*J2^5+0,0,0,0,0,0,0,0,0,0,0,0,0,0,0,0,0,0,0,0,0,0,0,0,0,0,0,0,0,0,0,0,0,0,0,0,0,0,0,0,0},
{0,0,0,0,0.0001006954*J1^1*J2^4+0,0.0001336785*J1^1*J2^4+-0.0000755420*J2^5+0,0,0,0,0,0,0,-0.0000444345*J1^1*J2^4+-0.0000118264*J2^5+0,-0.0000455462*J1^1*J2^4+0.0000130639*J2^5+0,0,0,0,0,0,0,0.0001109849*J1^1*J2^4+-0.0000795649*J2^5+0,0.0002102601*J1^1*J2^4+-0.0001921198*J2^5+0,0,0,0,0,0,0,0,0,0,0,0,0,0,0,0,0,0,0,0,0,0,0,0,0,0,0,0,0,0,0,-0.0005451087*J1^1*J2^4+0,-0.0006294373*J1^1*J2^4+0.0003147187*J2^5+0,-0.0006635378*J1^1*J2^4+0.0003488191*J2^5+0,-0.0009675782*J1^1*J2^4+0.0007858753*J2^5+0,0,0,0,0,0,0,0,0,0,0,0,0,0,0,0,0,0,0,0,0,0,0,0,0,0,0,0,0,0,0,0,0,0,0,0,0,0,0,0,0},
{0,0,0,0,0,0,0.0001744096*J2^5+0,-0.0001308425*J1^1*J2^4+0.0002315379*J2^5+0,0,0,0,0,0,0,-0.0000974468*J1^1*J2^4+0,-0.0001320046*J1^1*J2^4+0.0000757437*J2^5+0,0,0,0,0,0,0,0.0000544209*J1^1*J2^4+0,0.0000703807*J1^1*J2^4+-0.0000389607*J2^5+0,0,0,0,0,0,0,0,0,0,0,0,0,0,0,0,0,0,0,0,0,0,0,0,0,0,0,0,0,0,0,0,0,0,0,0,0,0.0005451087*J2^5+0,0.0003147187*J1^1*J2^4+0,-0.0003488191*J1^1*J2^4+0.0006635378*J2^5+0,0.0003830937*J1^1*J2^4+-0.0002013908*J2^5+0,0,0,0,0,0.0007709002*J2^5+0,0.0004450794*J1^1*J2^4+0,-0.0004933047*J1^1*J2^4+0.0009383841*J2^5+0,0.0005417763*J1^1*J2^4+-0.0002848096*J2^5+0,0,0,0,0,0,0,0,0,0,0,0,0,0,0,0,0,0,0,0,0,0,0,0,0},
{0,0,0,0,0,0,0.0001006954*J1^1*J2^4+0,0.0001336785*J1^1*J2^4+-0.0000755420*J2^5+0,0,0,0,0,0,0,-0.0000444345*J1^1*J2^4+-0.0000118264*J2^5+0,-0.0000455462*J1^1*J2^4+0.0000130639*J2^5+0,0,0,0,0,0,0,0.0001109849*J1^1*J2^4+-0.0000795649*J2^5+0,0.0002102601*J1^1*J2^4+-0.0001921198*J2^5+0,0,0,0,0,0,0,0,0,0,0,0,0,0,0,0,0,0,0,0,0,0,0,0,0,0,0,0,0,0,0,0,0,0,0,0,0,0.0003147187*J1^1*J2^4+0,0.0003634058*J1^1*J2^4+-0.0001817029*J2^5+0,0.0003830937*J1^1*J2^4+-0.0002013908*J2^5+0,0.0005586316*J1^1*J2^4+-0.0004537253*J2^5+0,0,0,0,0,0.0004450794*J1^1*J2^4+0,0.0005139334*J1^1*J2^4+-0.0002569667*J2^5+0,0.0005417763*J1^1*J2^4+-0.0002848096*J2^5+0,0.0007900243*J1^1*J2^4+-0.0006416645*J2^5+0,0,0,0,0,0,0,0,0,0,0,0,0,0,0,0,0,0,0,0,0,0,0,0,0},
{0,0,0,0,0,0,0,0,0,0,0,0,0,0,0,0,0,0,0,0,0,0,0,0,0.0002712674*J2^5+0,0.0001566163*J1^1*J2^4+0,0,0,0,0,0,0,-0.0004069010*J1^1*J2^4+0,-0.0002349244*J2^5+0,0,0,0,0,0,0,0.0000959075*J2^5+0,0.0000553722*J1^1*J2^4+0,0,0,0,0,0,0,0,0,0,0,0,0,0,0,0,0,0,0,0,0,0,0,0,0,0,0,0,0,0,0,0,0,0,0,0,0,0,0,0.0031738281*J1^1*J2^4+0,0.0018324105*J2^5+0,0.0018324105*J2^5+0,0.0010579427*J1^1*J2^4+0,0,0,0,0,0,0,0,0,0,0,0,0},
{0,0,0,0,0,0,0,0,0,0,0,0,0,0,0,0,0,0,0,0,0,0,0,0,0.0001566163*J1^1*J2^4+0,0.0001808449*J1^1*J2^4+-0.0000904225*J2^5+0,0,0,0,0,0,0,-0.0002349244*J2^5+0,0.0001356337*J1^1*J2^4+-0.0002712674*J2^5+0,0,0,0,0,0,0,0.0000553722*J1^1*J2^4+0,0.0000639383*J1^1*J2^4+-0.0000319692*J2^5+0,0,0,0,0,0,0,0,0,0,0,0,0,0,0,0,0,0,0,0,0,0,0,0,0,0,0,0,0,0,0,0,0,0,0,0,0,0,0,0.0018324105*J2^5+0,-0.0010579427*J1^1*J2^4+0.0021158854*J2^5+0,0.0010579427*J1^1*J2^4+0,0.0012216070*J1^1*J2^4+-0.0006108035*J2^5+0,0,0,0,0,0,0,0,0,0,0,0,0},
{0,0,0,0,0,0,0,0,0,0,0,0,0,0,0,0,0,0,0,0,0,0,0,0,0.0000783081*J1^1*J2^4+0.0000783081*J2^5+0,0.0000452112*J1^1*J2^4+0.0000452112*J2^5+0,0,0,0,0,0,0,-0.0002349244*J2^5+0,-0.0001356337*J1^1*J2^4+0,0,0,0,0,0,0,-0.0002214889*J1^1*J2^4+0.0002768611*J2^5+0,0.0001598458*J1^1*J2^4+-0.0001278767*J2^5+0,0,0,0,0,0,0,0,0,0,0,0,0,0,0,0,0,0,0,0,0,0,0,0,0,0,0,0,0,0,0,0,0,0,0,0,0,0,0,0.0018324105*J2^5+0,0.0010579427*J1^1*J2^4+0,-0.0010579427*J1^1*J2^4+0.0021158854*J2^5+0,0.0012216070*J1^1*J2^4+-0.0006108035*J2^5+0,0,0,0,0,0,0,0,0,0,0,0,0},
{0,0,0,0,0,0,0,0,0,0,0,0,0,0,0,0,0,0,0,0,0,0,0,0,0.0000452112*J1^1*J2^4+0.0000452112*J2^5+0,0.0000261027*J1^1*J2^4+0.0000261027*J2^5+0,0,0,0,0,0,0,-0.0001356337*J1^1*J2^4+0,-0.0001566163*J1^1*J2^4+0.0000783081*J2^5+0,0,0,0,0,0,0,0.0001598458*J1^1*J2^4+-0.0001278767*J2^5+0,0.0002584037*J1^1*J2^4+-0.0002399463*J2^5+0,0,0,0,0,0,0,0,0,0,0,0,0,0,0,0,0,0,0,0,0,0,0,0,0,0,0,0,0,0,0,0,0,0,0,0,0,0,0,0.0010579427*J1^1*J2^4+0,0.0012216070*J1^1*J2^4+-0.0006108035*J2^5+0,0.0012216070*J1^1*J2^4+-0.0006108035*J2^5+0,0.0017632378*J1^1*J2^4+-0.0014105903*J2^5+0,0,0,0,0,0,0,0,0,0,0,0,0},
{0,0,0,0,0,0,0,0,0,0,0,0,0,0,0,0,0,0,0,0,0,0,0,0,0,0,0,0,0.0002712674*J2^5+0,0.0001566163*J1^1*J2^4+0,0,0,0,0,0,0,-0.0004069010*J1^1*J2^4+0,-0.0002349244*J2^5+0,0,0,0,0,0,0,0.0000959075*J2^5+0,0.0000553722*J1^1*J2^4+0,0,0,0,0,0,0,0,0,0,0,0,0,0,0,0,0,0,0,0,0,0,0,0,0,0,0,-0.0018324105*J1^1*J2^4+0,-0.0010579427*J2^5+0,-0.0010579427*J2^5+0,-0.0006108035*J1^1*J2^4+0,0,0,0,0,0,0,0,0,0,0,0,0,0.0025914198*J1^1*J2^4+0,0.0014961569*J2^5+0,0.0014961569*J2^5+0,0.0008638066*J1^1*J2^4+0,0,0,0,0},
{0,0,0,0,0,0,0,0,0,0,0,0,0,0,0,0,0,0,0,0,0,0,0,0,0,0,0,0,0.0001566163*J1^1*J2^4+0,0.0001808449*J1^1*J2^4+-0.0000904225*J2^5+0,0,0,0,0,0,0,-0.0002349244*J2^5+0,0.0001356337*J1^1*J2^4+-0.0002712674*J2^5+0,0,0,0,0,0,0,0.0000553722*J1^1*J2^4+0,0.0000639383*J1^1*J2^4+-0.0000319692*J2^5+0,0,0,0,0,0,0,0,0,0,0,0,0,0,0,0,0,0,0,0,0,0,0,0,0,0,0,-0.0010579427*J2^5+0,0.0006108035*J1^1*J2^4+-0.0012216070*J2^5+0,-0.0006108035*J1^1*J2^4+0,-0.0007052951*J1^1*J2^4+0.0003526476*J2^5+0,0,0,0,0,0,0,0,0,0,0,0,0,0.0014961569*J2^5+0,-0.0008638066*J1^1*J2^4+0.0017276132*J2^5+0,0.0008638066*J1^1*J2^4+0,0.0009974380*J1^1*J2^4+-0.0004987190*J2^5+0,0,0,0,0},
{0,0,0,0,0,0,0,0,0,0,0,0,0,0,0,0,0,0,0,0,0,0,0,0,0,0,0,0,0.0000783081*J1^1*J2^4+0.0000783081*J2^5+0,0.0000452112*J1^1*J2^4+0.0000452112*J2^5+0,0,0,0,0,0,0,-0.0002349244*J2^5+0,-0.0001356337*J1^1*J2^4+0,0,0,0,0,0,0,-0.0002214889*J1^1*J2^4+0.0002768611*J2^5+0,0.0001598458*J1^1*J2^4+-0.0001278767*J2^5+0,0,0,0,0,0,0,0,0,0,0,0,0,0,0,0,0,0,0,0,0,0,0,0,0,0,0,-0.0010579427*J2^5+0,-0.0006108035*J1^1*J2^4+0,0.0006108035*J1^1*J2^4+-0.0012216070*J2^5+0,-0.0007052951*J1^1*J2^4+0.0003526476*J2^5+0,0,0,0,0,0,0,0,0,0,0,0,0,0.0014961569*J2^5+0,0.0008638066*J1^1*J2^4+0,-0.0008638066*J1^1*J2^4+0.0017276132*J2^5+0,0.0009974380*J1^1*J2^4+-0.0004987190*J2^5+0,0,0,0,0},
{0,0,0,0,0,0,0,0,0,0,0,0,0,0,0,0,0,0,0,0,0,0,0,0,0,0,0,0,0.0000452112*J1^1*J2^4+0.0000452112*J2^5+0,0.0000261027*J1^1*J2^4+0.0000261027*J2^5+0,0,0,0,0,0,0,-0.0001356337*J1^1*J2^4+0,-0.0001566163*J1^1*J2^4+0.0000783081*J2^5+0,0,0,0,0,0,0,0.0001598458*J1^1*J2^4+-0.0001278767*J2^5+0,0.0002584037*J1^1*J2^4+-0.0002399463*J2^5+0,0,0,0,0,0,0,0,0,0,0,0,0,0,0,0,0,0,0,0,0,0,0,0,0,0,0,-0.0006108035*J1^1*J2^4+0,-0.0007052951*J1^1*J2^4+0.0003526476*J2^5+0,-0.0007052951*J1^1*J2^4+0.0003526476*J2^5+0,-0.0010180058*J1^1*J2^4+0.0008144047*J2^5+0,0,0,0,0,0,0,0,0,0,0,0,0,0.0008638066*J1^1*J2^4+0,0.0009974380*J1^1*J2^4+-0.0004987190*J2^5+0,0.0009974380*J1^1*J2^4+-0.0004987190*J2^5+0,0.0014396777*J1^1*J2^4+-0.0011517421*J2^5+0,0,0,0,0},
{0,0,0,0,0,0,0,0,0,0,0,0,0,0,0,0,0,0,0,0,0,0,0,0,0,0,-0.0001566163*J2^5+0,-0.0000904225*J1^1*J2^4+0,0,0,0,0,0,0,0.0002349244*J1^1*J2^4+0,0.0001356337*J2^5+0,0,0,0,0,0,0,-0.0000553722*J2^5+0,-0.0000319692*J1^1*J2^4+0,0,0,0,0,0,0,0,0,0,0,0,0,0,0,0,0,0,0,0,0,0,0,0,0,0,0,0,0,0,0,0,0,0,0,0,0,0,0,0,0,-0.0018324105*J1^1*J2^4+0,-0.0010579427*J2^5+0,-0.0010579427*J2^5+0,-0.0006108035*J1^1*J2^4+0,0,0,0,0,0,0,0,0},
{0,0,0,0,0,0,0,0,0,0,0,0,0,0,0,0,0,0,0,0,0,0,0,0,0,0,-0.0000904225*J1^1*J2^4+0,-0.0001044109*J1^1*J2^4+0.0000522054*J2^5+0,0,0,0,0,0,0,0.0001356337*J2^5+0,-0.0000783081*J1^1*J2^4+0.0001566163*J2^5+0,0,0,0,0,0,0,-0.0000319692*J1^1*J2^4+0,-0.0000369148*J1^1*J2^4+0.0000184574*J2^5+0,0,0,0,0,0,0,0,0,0,0,0,0,0,0,0,0,0,0,0,0,0,0,0,0,0,0,0,0,0,0,0,0,0,0,0,0,0,0,0,0,-0.0010579427*J2^5+0,0.0006108035*J1^1*J2^4+-0.0012216070*J2^5+0,-0.0006108035*J1^1*J2^4+0,-0.0007052951*J1^1*J2^4+0.0003526476*J2^5+0,0,0,0,0,0,0,0,0},
{0,0,0,0,0,0,0,0,0,0,0,0,0,0,0,0,0,0,0,0,0,0,0,0,0,0,-0.0000452112*J1^1*J2^4+-0.0000452112*J2^5+0,-0.0000261027*J1^1*J2^4+-0.0000261027*J2^5+0,0,0,0,0,0,0,0.0001356337*J2^5+0,0.0000783081*J1^1*J2^4+0,0,0,0,0,0,0,0.0001278767*J1^1*J2^4+-0.0001598458*J2^5+0,-0.0000922870*J1^1*J2^4+0.0000738296*J2^5+0,0,0,0,0,0,0,0,0,0,0,0,0,0,0,0,0,0,0,0,0,0,0,0,0,0,0,0,0,0,0,0,0,0,0,0,0,0,0,0,0,-0.0010579427*J2^5+0,-0.0006108035*J1^1*J2^4+0,0.0006108035*J1^1*J2^4+-0.0012216070*J2^5+0,-0.0007052951*J1^1*J2^4+0.0003526476*J2^5+0,0,0,0,0,0,0,0,0},
{0,0,0,0,0,0,0,0,0,0,0,0,0,0,0,0,0,0,0,0,0,0,0,0,0,0,-0.0000261027*J1^1*J2^4+-0.0000261027*J2^5+0,-0.0000150704*J1^1*J2^4+-0.0000150704*J2^5+0,0,0,0,0,0,0,0.0000783081*J1^1*J2^4+0,0.0000904225*J1^1*J2^4+-0.0000452112*J2^5+0,0,0,0,0,0,0,-0.0000922870*J1^1*J2^4+0.0000738296*J2^5+0,-0.0001491894*J1^1*J2^4+0.0001385330*J2^5+0,0,0,0,0,0,0,0,0,0,0,0,0,0,0,0,0,0,0,0,0,0,0,0,0,0,0,0,0,0,0,0,0,0,0,0,0,0,0,0,0,-0.0006108035*J1^1*J2^4+0,-0.0007052951*J1^1*J2^4+0.0003526476*J2^5+0,-0.0007052951*J1^1*J2^4+0.0003526476*J2^5+0,-0.0010180058*J1^1*J2^4+0.0008144047*J2^5+0,0,0,0,0,0,0,0,0},
{0,0,0,0,0,0,0,0,0,0,0,0,0,0,0,0,0,0,0,0,0,0,0,0,0,0,0,0,0,0,-0.0001566163*J2^5+0,-0.0000904225*J1^1*J2^4+0,0,0,0,0,0,0,0.0002349244*J1^1*J2^4+0,0.0001356337*J2^5+0,0,0,0,0,0,0,-0.0000553722*J2^5+0,-0.0000319692*J1^1*J2^4+0,0,0,0,0,0,0,0,0,0,0,0,0,0,0,0,0,0,0,0,0,0,0,0,0,0,0,0,0,0.0010579427*J1^1*J2^4+0,0.0006108035*J2^5+0,0.0006108035*J2^5+0,0.0003526476*J1^1*J2^4+0,0,0,0,0,0,0,0,0,0,0,0,0,-0.0014961569*J1^1*J2^4+0,-0.0008638066*J2^5+0,-0.0008638066*J2^5+0,-0.0004987190*J1^1*J2^4+0},
{0,0,0,0,0,0,0,0,0,0,0,0,0,0,0,0,0,0,0,0,0,0,0,0,0,0,0,0,0,0,-0.0000904225*J1^1*J2^4+0,-0.0001044109*J1^1*J2^4+0.0000522054*J2^5+0,0,0,0,0,0,0,0.0001356337*J2^5+0,-0.0000783081*J1^1*J2^4+0.0001566163*J2^5+0,0,0,0,0,0,0,-0.0000319692*J1^1*J2^4+0,-0.0000369148*J1^1*J2^4+0.0000184574*J2^5+0,0,0,0,0,0,0,0,0,0,0,0,0,0,0,0,0,0,0,0,0,0,0,0,0,0,0,0,0,0.0006108035*J2^5+0,-0.0003526476*J1^1*J2^4+0.0007052951*J2^5+0,0.0003526476*J1^1*J2^4+0,0.0004072023*J1^1*J2^4+-0.0002036012*J2^5+0,0,0,0,0,0,0,0,0,0,0,0,0,-0.0008638066*J2^5+0,0.0004987190*J1^1*J2^4+-0.0009974380*J2^5+0,-0.0004987190*J1^1*J2^4+0,-0.0005758711*J1^1*J2^4+0.0002879355*J2^5+0},
{0,0,0,0,0,0,0,0,0,0,0,0,0,0,0,0,0,0,0,0,0,0,0,0,0,0,0,0,0,0,-0.0000452112*J1^1*J2^4+-0.0000452112*J2^5+0,-0.0000261027*J1^1*J2^4+-0.0000261027*J2^5+0,0,0,0,0,0,0,0.0001356337*J2^5+0,0.0000783081*J1^1*J2^4+0,0,0,0,0,0,0,0.0001278767*J1^1*J2^4+-0.0001598458*J2^5+0,-0.0000922870*J1^1*J2^4+0.0000738296*J2^5+0,0,0,0,0,0,0,0,0,0,0,0,0,0,0,0,0,0,0,0,0,0,0,0,0,0,0,0,0,0.0006108035*J2^5+0,0.0003526476*J1^1*J2^4+0,-0.0003526476*J1^1*J2^4+0.0007052951*J2^5+0,0.0004072023*J1^1*J2^4+-0.0002036012*J2^5+0,0,0,0,0,0,0,0,0,0,0,0,0,-0.0008638066*J2^5+0,-0.0004987190*J1^1*J2^4+0,0.0004987190*J1^1*J2^4+-0.0009974380*J2^5+0,-0.0005758711*J1^1*J2^4+0.0002879355*J2^5+0},
{0,0,0,0,0,0,0,0,0,0,0,0,0,0,0,0,0,0,0,0,0,0,0,0,0,0,0,0,0,0,-0.0000261027*J1^1*J2^4+-0.0000261027*J2^5+0,-0.0000150704*J1^1*J2^4+-0.0000150704*J2^5+0,0,0,0,0,0,0,0.0000783081*J1^1*J2^4+0,0.0000904225*J1^1*J2^4+-0.0000452112*J2^5+0,0,0,0,0,0,0,-0.0000922870*J1^1*J2^4+0.0000738296*J2^5+0,-0.0001491894*J1^1*J2^4+0.0001385330*J2^5+0,0,0,0,0,0,0,0,0,0,0,0,0,0,0,0,0,0,0,0,0,0,0,0,0,0,0,0,0,0.0003526476*J1^1*J2^4+0,0.0004072023*J1^1*J2^4+-0.0002036012*J2^5+0,0.0004072023*J1^1*J2^4+-0.0002036012*J2^5+0,0.0005877459*J1^1*J2^4+-0.0004701968*J2^5+0,0,0,0,0,0,0,0,0,0,0,0,0,-0.0004987190*J1^1*J2^4+0,-0.0005758711*J1^1*J2^4+0.0002879355*J2^5+0,-0.0005758711*J1^1*J2^4+0.0002879355*J2^5+0,-0.0008311983*J1^1*J2^4+0.0006649586*J2^5+0},
{0,0,0,0,0,0,0,0,0,0,0,0,0,0,0,0,0,0,0,0,0,0,0,0,0,0,-0.0002214889*J2^5+0,-0.0001278767*J1^1*J2^4+0,0,0,0,0,0,0,0.0003322333*J1^1*J2^4+0,0.0001918150*J2^5+0,0,0,0,0,0,0,-0.0000783081*J2^5+0,-0.0000452112*J1^1*J2^4+0,0,0,0,0,0,0,0,0,0,0,0,0,0,0,0,0,0,0,0,0,0,0,0,0,0,0,0,0,0,0,0,0,0,0,0,0,0,0,0,0,-0.0025914198*J1^1*J2^4+0,-0.0014961569*J2^5+0,-0.0014961569*J2^5+0,-0.0008638066*J1^1*J2^4+0,0,0,0,0,0,0,0,0},
{0,0,0,0,0,0,0,0,0,0,0,0,0,0,0,0,0,0,0,0,0,0,0,0,0,0,-0.0001278767*J1^1*J2^4+0,-0.0001476592*J1^1*J2^4+0.0000738296*J2^5+0,0,0,0,0,0,0,0.0001918150*J2^5+0,-0.0001107444*J1^1*J2^4+0.0002214889*J2^5+0,0,0,0,0,0,0,-0.0000452112*J1^1*J2^4+0,-0.0000522054*J1^1*J2^4+0.0000261027*J2^5+0,0,0,0,0,0,0,0,0,0,0,0,0,0,0,0,0,0,0,0,0,0,0,0,0,0,0,0,0,0,0,0,0,0,0,0,0,0,0,0,0,-0.0014961569*J2^5+0,0.0008638066*J1^1*J2^4+-0.0017276132*J2^5+0,-0.0008638066*J1^1*J2^4+0,-0.0009974380*J1^1*J2^4+0.0004987190*J2^5+0,0,0,0,0,0,0,0,0},
{0,0,0,0,0,0,0,0,0,0,0,0,0,0,0,0,0,0,0,0,0,0,0,0,0,0,-0.0000639383*J1^1*J2^4+-0.0000639383*J2^5+0,-0.0000369148*J1^1*J2^4+-0.0000369148*J2^5+0,0,0,0,0,0,0,0.0001918150*J2^5+0,0.0001107444*J1^1*J2^4+0,0,0,0,0,0,0,0.0001808449*J1^1*J2^4+-0.0002260561*J2^5+0,-0.0001305136*J1^1*J2^4+0.0001044109*J2^5+0,0,0,0,0,0,0,0,0,0,0,0,0,0,0,0,0,0,0,0,0,0,0,0,0,0,0,0,0,0,0,0,0,0,0,0,0,0,0,0,0,-0.0014961569*J2^5+0,-0.0008638066*J1^1*J2^4+0,0.0008638066*J1^1*J2^4+-0.0017276132*J2^5+0,-0.0009974380*J1^1*J2^4+0.0004987190*J2^5+0,0,0,0,0,0,0,0,0},
{0,0,0,0,0,0,0,0,0,0,0,0,0,0,0,0,0,0,0,0,0,0,0,0,0,0,-0.0000369148*J1^1*J2^4+-0.0000369148*J2^5+0,-0.0000213128*J1^1*J2^4+-0.0000213128*J2^5+0,0,0,0,0,0,0,0.0001107444*J1^1*J2^4+0,0.0001278767*J1^1*J2^4+-0.0000639383*J2^5+0,0,0,0,0,0,0,-0.0001305136*J1^1*J2^4+0.0001044109*J2^5+0,-0.0002109857*J1^1*J2^4+0.0001959153*J2^5+0,0,0,0,0,0,0,0,0,0,0,0,0,0,0,0,0,0,0,0,0,0,0,0,0,0,0,0,0,0,0,0,0,0,0,0,0,0,0,0,0,-0.0008638066*J1^1*J2^4+0,-0.0009974380*J1^1*J2^4+0.0004987190*J2^5+0,-0.0009974380*J1^1*J2^4+0.0004987190*J2^5+0,-0.0014396777*J1^1*J2^4+0.0011517421*J2^5+0,0,0,0,0,0,0,0,0},
{0,0,0,0,0,0,0,0,0,0,0,0,0,0,0,0,0,0,0,0,0,0,0,0,0,0,0,0,0,0,-0.0002214889*J2^5+0,-0.0001278767*J1^1*J2^4+0,0,0,0,0,0,0,0.0003322333*J1^1*J2^4+0,0.0001918150*J2^5+0,0,0,0,0,0,0,-0.0000783081*J2^5+0,-0.0000452112*J1^1*J2^4+0,0,0,0,0,0,0,0,0,0,0,0,0,0,0,0,0,0,0,0,0,0,0,0,0,0,0,0,0,0.0014961569*J1^1*J2^4+0,0.0008638066*J2^5+0,0.0008638066*J2^5+0,0.0004987190*J1^1*J2^4+0,0,0,0,0,0,0,0,0,0,0,0,0,-0.0021158854*J1^1*J2^4+0,-0.0012216070*J2^5+0,-0.0012216070*J2^5+0,-0.0007052951*J1^1*J2^4+0},
{0,0,0,0,0,0,0,0,0,0,0,0,0,0,0,0,0,0,0,0,0,0,0,0,0,0,0,0,0,0,-0.0001278767*J1^1*J2^4+0,-0.0001476592*J1^1*J2^4+0.0000738296*J2^5+0,0,0,0,0,0,0,0.0001918150*J2^5+0,-0.0001107444*J1^1*J2^4+0.0002214889*J2^5+0,0,0,0,0,0,0,-0.0000452112*J1^1*J2^4+0,-0.0000522054*J1^1*J2^4+0.0000261027*J2^5+0,0,0,0,0,0,0,0,0,0,0,0,0,0,0,0,0,0,0,0,0,0,0,0,0,0,0,0,0,0.0008638066*J2^5+0,-0.0004987190*J1^1*J2^4+0.0009974380*J2^5+0,0.0004987190*J1^1*J2^4+0,0.0005758711*J1^1*J2^4+-0.0002879355*J2^5+0,0,0,0,0,0,0,0,0,0,0,0,0,-0.0012216070*J2^5+0,0.0007052951*J1^1*J2^4+-0.0014105903*J2^5+0,-0.0007052951*J1^1*J2^4+0,-0.0008144047*J1^1*J2^4+0.0004072023*J2^5+0},
{0,0,0,0,0,0,0,0,0,0,0,0,0,0,0,0,0,0,0,0,0,0,0,0,0,0,0,0,0,0,-0.0000639383*J1^1*J2^4+-0.0000639383*J2^5+0,-0.0000369148*J1^1*J2^4+-0.0000369148*J2^5+0,0,0,0,0,0,0,0.0001918150*J2^5+0,0.0001107444*J1^1*J2^4+0,0,0,0,0,0,0,0.0001808449*J1^1*J2^4+-0.0002260561*J2^5+0,-0.0001305136*J1^1*J2^4+0.0001044109*J2^5+0,0,0,0,0,0,0,0,0,0,0,0,0,0,0,0,0,0,0,0,0,0,0,0,0,0,0,0,0,0.0008638066*J2^5+0,0.0004987190*J1^1*J2^4+0,-0.0004987190*J1^1*J2^4+0.0009974380*J2^5+0,0.0005758711*J1^1*J2^4+-0.0002879355*J2^5+0,0,0,0,0,0,0,0,0,0,0,0,0,-0.0012216070*J2^5+0,-0.0007052951*J1^1*J2^4+0,0.0007052951*J1^1*J2^4+-0.0014105903*J2^5+0,-0.0008144047*J1^1*J2^4+0.0004072023*J2^5+0},
{0,0,0,0,0,0,0,0,0,0,0,0,0,0,0,0,0,0,0,0,0,0,0,0,0,0,0,0,0,0,-0.0000369148*J1^1*J2^4+-0.0000369148*J2^5+0,-0.0000213128*J1^1*J2^4+-0.0000213128*J2^5+0,0,0,0,0,0,0,0.0001107444*J1^1*J2^4+0,0.0001278767*J1^1*J2^4+-0.0000639383*J2^5+0,0,0,0,0,0,0,-0.0001305136*J1^1*J2^4+0.0001044109*J2^5+0,-0.0002109857*J1^1*J2^4+0.0001959153*J2^5+0,0,0,0,0,0,0,0,0,0,0,0,0,0,0,0,0,0,0,0,0,0,0,0,0,0,0,0,0,0.0004987190*J1^1*J2^4+0,0.0005758711*J1^1*J2^4+-0.0002879355*J2^5+0,0.0005758711*J1^1*J2^4+-0.0002879355*J2^5+0,0.0008311983*J1^1*J2^4+-0.0006649586*J2^5+0,0,0,0,0,0,0,0,0,0,0,0,0,-0.0007052951*J1^1*J2^4+0,-0.0008144047*J1^1*J2^4+0.0004072023*J2^5+0,-0.0008144047*J1^1*J2^4+0.0004072023*J2^5+0,-0.0011754919*J1^1*J2^4+0.0009403935*J2^5+0},
{0,0,0,0,0.0002349244*J1^1*J2^4+0,0.0001356337*J2^5+0,0,0,0,0,0,0,-0.0001566163*J2^5+0,-0.0000904225*J1^1*J2^4+0,0,0,0,0,0,0,0.0000553722*J2^5+0,0.0000319692*J1^1*J2^4+0,0,0,0,0,0,0,0,0,0,0,0,0,0,0,0,0,0,0,0,0,0,0,0,0,0,0,0,0,0,0,-0.0018324105*J1^1*J2^4+0,-0.0010579427*J2^5+0,-0.0010579427*J2^5+0,-0.0006108035*J1^1*J2^4+0,0,0,0,0,0,0,0,0,0,0,0,0,0,0,0,0,0,0,0,0,0,0,0,0,0,0,0,0,0,0,0,0,0,0,0,0,0,0,0,0},
{0,0,0,0,0.0001356337*J2^5+0,0.0000783081*J1^1*J2^4+0,0,0,0,0,0,0,-0.0000452112*J1^1*J2^4+-0.0000452112*J2^5+0,-0.0000261027*J1^1*J2^4+-0.0000261027*J2^5+0,0,0,0,0,0,0,-0.0001278767*J1^1*J2^4+0.0001598458*J2^5+0,0.0000922870*J1^1*J2^4+-0.0000738296*J2^5+0,0,0,0,0,0,0,0,0,0,0,0,0,0,0,0,0,0,0,0,0,0,0,0,0,0,0,0,0,0,0,-0.0010579427*J2^5+0,0.0006108035*J1^1*J2^4+-0.0012216070*J2^5+0,-0.0006108035*J1^1*J2^4+0,-0.0007052951*J1^1*J2^4+0.0003526476*J2^5+0,0,0,0,0,0,0,0,0,0,0,0,0,0,0,0,0,0,0,0,0,0,0,0,0,0,0,0,0,0,0,0,0,0,0,0,0,0,0,0,0},
{0,0,0,0,0.0001356337*J2^5+0,-0.0000783081*J1^1*J2^4+0.0001566163*J2^5+0,0,0,0,0,0,0,-0.0000904225*J1^1*J2^4+0,-0.0001044109*J1^1*J2^4+0.0000522054*J2^5+0,0,0,0,0,0,0,0.0000319692*J1^1*J2^4+0,0.0000369148*J1^1*J2^4+-0.0000184574*J2^5+0,0,0,0,0,0,0,0,0,0,0,0,0,0,0,0,0,0,0,0,0,0,0,0,0,0,0,0,0,0,0,-0.0010579427*J2^5+0,-0.0006108035*J1^1*J2^4+0,0.0006108035*J1^1*J2^4+-0.0012216070*J2^5+0,-0.0007052951*J1^1*J2^4+0.0003526476*J2^5+0,0,0,0,0,0,0,0,0,0,0,0,0,0,0,0,0,0,0,0,0,0,0,0,0,0,0,0,0,0,0,0,0,0,0,0,0,0,0,0,0},
{0,0,0,0,0.0000783081*J1^1*J2^4+0,0.0000904225*J1^1*J2^4+-0.0000452112*J2^5+0,0,0,0,0,0,0,-0.0000261027*J1^1*J2^4+-0.0000261027*J2^5+0,-0.0000150704*J1^1*J2^4+-0.0000150704*J2^5+0,0,0,0,0,0,0,0.0000922870*J1^1*J2^4+-0.0000738296*J2^5+0,0.0001491894*J1^1*J2^4+-0.0001385330*J2^5+0,0,0,0,0,0,0,0,0,0,0,0,0,0,0,0,0,0,0,0,0,0,0,0,0,0,0,0,0,0,0,-0.0006108035*J1^1*J2^4+0,-0.0007052951*J1^1*J2^4+0.0003526476*J2^5+0,-0.0007052951*J1^1*J2^4+0.0003526476*J2^5+0,-0.0010180058*J1^1*J2^4+0.0008144047*J2^5+0,0,0,0,0,0,0,0,0,0,0,0,0,0,0,0,0,0,0,0,0,0,0,0,0,0,0,0,0,0,0,0,0,0,0,0,0,0,0,0,0},
{0,0,0,0,0,0,0.0002349244*J1^1*J2^4+0,0.0001356337*J2^5+0,0,0,0,0,0,0,-0.0001566163*J2^5+0,-0.0000904225*J1^1*J2^4+0,0,0,0,0,0,0,0.0000553722*J2^5+0,0.0000319692*J1^1*J2^4+0,0,0,0,0,0,0,0,0,0,0,0,0,0,0,0,0,0,0,0,0,0,0,0,0,0,0,0,0,0,0,0,0,0,0,0,0,0.0010579427*J1^1*J2^4+0,0.0006108035*J2^5+0,0.0006108035*J2^5+0,0.0003526476*J1^1*J2^4+0,0,0,0,0,0.0014961569*J1^1*J2^4+0,0.0008638066*J2^5+0,0.0008638066*J2^5+0,0.0004987190*J1^1*J2^4+0,0,0,0,0,0,0,0,0,0,0,0,0,0,0,0,0,0,0,0,0,0,0,0,0},
{0,0,0,0,0,0,0.0001356337*J2^5+0,0.0000783081*J1^1*J2^4+0,0,0,0,0,0,0,-0.0000452112*J1^1*J2^4+-0.0000452112*J2^5+0,-0.0000261027*J1^1*J2^4+-0.0000261027*J2^5+0,0,0,0,0,0,0,-0.0001278767*J1^1*J2^4+0.0001598458*J2^5+0,0.0000922870*J1^1*J2^4+-0.0000738296*J2^5+0,0,0,0,0,0,0,0,0,0,0,0,0,0,0,0,0,0,0,0,0,0,0,0,0,0,0,0,0,0,0,0,0,0,0,0,0,0.0006108035*J2^5+0,-0.0003526476*J1^1*J2^4+0.0007052951*J2^5+0,0.0003526476*J1^1*J2^4+0,0.0004072023*J1^1*J2^4+-0.0002036012*J2^5+0,0,0,0,0,0.0008638066*J2^5+0,-0.0004987190*J1^1*J2^4+0.0009974380*J2^5+0,0.0004987190*J1^1*J2^4+0,0.0005758711*J1^1*J2^4+-0.0002879355*J2^5+0,0,0,0,0,0,0,0,0,0,0,0,0,0,0,0,0,0,0,0,0,0,0,0,0},
{0,0,0,0,0,0,0.0001356337*J2^5+0,-0.0000783081*J1^1*J2^4+0.0001566163*J2^5+0,0,0,0,0,0,0,-0.0000904225*J1^1*J2^4+0,-0.0001044109*J1^1*J2^4+0.0000522054*J2^5+0,0,0,0,0,0,0,0.0000319692*J1^1*J2^4+0,0.0000369148*J1^1*J2^4+-0.0000184574*J2^5+0,0,0,0,0,0,0,0,0,0,0,0,0,0,0,0,0,0,0,0,0,0,0,0,0,0,0,0,0,0,0,0,0,0,0,0,0,0.0006108035*J2^5+0,0.0003526476*J1^1*J2^4+0,-0.0003526476*J1^1*J2^4+0.0007052951*J2^5+0,0.0004072023*J1^1*J2^4+-0.0002036012*J2^5+0,0,0,0,0,0.0008638066*J2^5+0,0.0004987190*J1^1*J2^4+0,-0.0004987190*J1^1*J2^4+0.0009974380*J2^5+0,0.0005758711*J1^1*J2^4+-0.0002879355*J2^5+0,0,0,0,0,0,0,0,0,0,0,0,0,0,0,0,0,0,0,0,0,0,0,0,0},
{0,0,0,0,0,0,0.0000783081*J1^1*J2^4+0,0.0000904225*J1^1*J2^4+-0.0000452112*J2^5+0,0,0,0,0,0,0,-0.0000261027*J1^1*J2^4+-0.0000261027*J2^5+0,-0.0000150704*J1^1*J2^4+-0.0000150704*J2^5+0,0,0,0,0,0,0,0.0000922870*J1^1*J2^4+-0.0000738296*J2^5+0,0.0001491894*J1^1*J2^4+-0.0001385330*J2^5+0,0,0,0,0,0,0,0,0,0,0,0,0,0,0,0,0,0,0,0,0,0,0,0,0,0,0,0,0,0,0,0,0,0,0,0,0,0.0003526476*J1^1*J2^4+0,0.0004072023*J1^1*J2^4+-0.0002036012*J2^5+0,0.0004072023*J1^1*J2^4+-0.0002036012*J2^5+0,0.0005877459*J1^1*J2^4+-0.0004701968*J2^5+0,0,0,0,0,0.0004987190*J1^1*J2^4+0,0.0005758711*J1^1*J2^4+-0.0002879355*J2^5+0,0.0005758711*J1^1*J2^4+-0.0002879355*J2^5+0,0.0008311983*J1^1*J2^4+-0.0006649586*J2^5+0,0,0,0,0,0,0,0,0,0,0,0,0,0,0,0,0,0,0,0,0,0,0,0,0},
{-0.0004069010*J1^1*J2^4+0,-0.0002349244*J2^5+0,0,0,0,0,0,0,0.0002712674*J2^5+0,0.0001566163*J1^1*J2^4+0,0,0,0,0,0,0,-0.0000959075*J2^5+0,-0.0000553722*J1^1*J2^4+0,0,0,0,0,0,0,0,0,0,0,0,0,0,0,0,0,0,0,0,0,0,0,0,0,0,0,0,0,0,0,0.0031738281*J1^1*J2^4+0,0.0018324105*J2^5+0,0.0018324105*J2^5+0,0.0010579427*J1^1*J2^4+0,0,0,0,0,0,0,0,0,0,0,0,0,0,0,0,0,0,0,0,0,0,0,0,0,0,0,0,0,0,0,0,0,0,0,0,0,0,0,0,0,0,0,0,0},
{-0.0002349244*J2^5+0,-0.0001356337*J1^1*J2^4+0,0,0,0,0,0,0,0.0000783081*J1^1*J2^4+0.0000783081*J2^5+0,0.0000452112*J1^1*J2^4+0.0000452112*J2^5+0,0,0,0,0,0,0,0.0002214889*J1^1*J2^4+-0.0002768611*J2^5+0,-0.0001598458*J1^1*J2^4+0.0001278767*J2^5+0,0,0,0,0,0,0,0,0,0,0,0,0,0,0,0,0,0,0,0,0,0,0,0,0,0,0,0,0,0,0,0.0018324105*J2^5+0,-0.0010579427*J1^1*J2^4+0.0021158854*J2^5+0,0.0010579427*J1^1*J2^4+0,0.0012216070*J1^1*J2^4+-0.0006108035*J2^5+0,0,0,0,0,0,0,0,0,0,0,0,0,0,0,0,0,0,0,0,0,0,0,0,0,0,0,0,0,0,0,0,0,0,0,0,0,0,0,0,0,0,0,0,0},
{-0.0002349244*J2^5+0,0.0001356337*J1^1*J2^4+-0.0002712674*J2^5+0,0,0,0,0,0,0,0.0001566163*J1^1*J2^4+0,0.0001808449*J1^1*J2^4+-0.0000904225*J2^5+0,0,0,0,0,0,0,-0.0000553722*J1^1*J2^4+0,-0.0000639383*J1^1*J2^4+0.0000319692*J2^5+0,0,0,0,0,0,0,0,0,0,0,0,0,0,0,0,0,0,0,0,0,0,0,0,0,0,0,0,0,0,0,0.0018324105*J2^5+0,0.0010579427*J1^1*J2^4+0,-0.0010579427*J1^1*J2^4+0.0021158854*J2^5+0,0.0012216070*J1^1*J2^4+-0.0006108035*J2^5+0,0,0,0,0,0,0,0,0,0,0,0,0,0,0,0,0,0,0,0,0,0,0,0,0,0,0,0,0,0,0,0,0,0,0,0,0,0,0,0,0,0,0,0,0},
{-0.0001356337*J1^1*J2^4+0,-0.0001566163*J1^1*J2^4+0.0000783081*J2^5+0,0,0,0,0,0,0,0.0000452112*J1^1*J2^4+0.0000452112*J2^5+0,0.0000261027*J1^1*J2^4+0.0000261027*J2^5+0,0,0,0,0,0,0,-0.0001598458*J1^1*J2^4+0.0001278767*J2^5+0,-0.0002584037*J1^1*J2^4+0.0002399463*J2^5+0,0,0,0,0,0,0,0,0,0,0,0,0,0,0,0,0,0,0,0,0,0,0,0,0,0,0,0,0,0,0,0.0010579427*J1^1*J2^4+0,0.0012216070*J1^1*J2^4+-0.0006108035*J2^5+0,0.0012216070*J1^1*J2^4+-0.0006108035*J2^5+0,0.0017632378*J1^1*J2^4+-0.0014105903*J2^5+0,0,0,0,0,0,0,0,0,0,0,0,0,0,0,0,0,0,0,0,0,0,0,0,0,0,0,0,0,0,0,0,0,0,0,0,0,0,0,0,0,0,0,0,0},
{0,0,-0.0004069010*J1^1*J2^4+0,-0.0002349244*J2^5+0,0,0,0,0,0,0,0.0002712674*J2^5+0,0.0001566163*J1^1*J2^4+0,0,0,0,0,0,0,-0.0000959075*J2^5+0,-0.0000553722*J1^1*J2^4+0,0,0,0,0,0,0,0,0,0,0,0,0,0,0,0,0,0,0,0,0,0,0,0,0,0,0,0,0,0,0,0,0,0,0,0,0,-0.0018324105*J1^1*J2^4+0,-0.0010579427*J2^5+0,-0.0010579427*J2^5+0,-0.0006108035*J1^1*J2^4+0,0,0,0,0,-0.0025914198*J1^1*J2^4+0,-0.0014961569*J2^5+0,-0.0014961569*J2^5+0,-0.0008638066*J1^1*J2^4+0,0,0,0,0,0,0,0,0,0,0,0,0,0,0,0,0,0,0,0,0,0,0,0,0,0,0,0,0},
{0,0,-0.0002349244*J2^5+0,-0.0001356337*J1^1*J2^4+0,0,0,0,0,0,0,0.0000783081*J1^1*J2^4+0.0000783081*J2^5+0,0.0000452112*J1^1*J2^4+0.0000452112*J2^5+0,0,0,0,0,0,0,0.0002214889*J1^1*J2^4+-0.0002768611*J2^5+0,-0.0001598458*J1^1*J2^4+0.0001278767*J2^5+0,0,0,0,0,0,0,0,0,0,0,0,0,0,0,0,0,0,0,0,0,0,0,0,0,0,0,0,0,0,0,0,0,0,0,0,0,-0.0010579427*J2^5+0,0.0006108035*J1^1*J2^4+-0.0012216070*J2^5+0,-0.0006108035*J1^1*J2^4+0,-0.0007052951*J1^1*J2^4+0.0003526476*J2^5+0,0,0,0,0,-0.0014961569*J2^5+0,0.0008638066*J1^1*J2^4+-0.0017276132*J2^5+0,-0.0008638066*J1^1*J2^4+0,-0.0009974380*J1^1*J2^4+0.0004987190*J2^5+0,0,0,0,0,0,0,0,0,0,0,0,0,0,0,0,0,0,0,0,0,0,0,0,0,0,0,0,0},
{0,0,-0.0002349244*J2^5+0,0.0001356337*J1^1*J2^4+-0.0002712674*J2^5+0,0,0,0,0,0,0,0.0001566163*J1^1*J2^4+0,0.0001808449*J1^1*J2^4+-0.0000904225*J2^5+0,0,0,0,0,0,0,-0.0000553722*J1^1*J2^4+0,-0.0000639383*J1^1*J2^4+0.0000319692*J2^5+0,0,0,0,0,0,0,0,0,0,0,0,0,0,0,0,0,0,0,0,0,0,0,0,0,0,0,0,0,0,0,0,0,0,0,0,0,-0.0010579427*J2^5+0,-0.0006108035*J1^1*J2^4+0,0.0006108035*J1^1*J2^4+-0.0012216070*J2^5+0,-0.0007052951*J1^1*J2^4+0.0003526476*J2^5+0,0,0,0,0,-0.0014961569*J2^5+0,-0.0008638066*J1^1*J2^4+0,0.0008638066*J1^1*J2^4+-0.0017276132*J2^5+0,-0.0009974380*J1^1*J2^4+0.0004987190*J2^5+0,0,0,0,0,0,0,0,0,0,0,0,0,0,0,0,0,0,0,0,0,0,0,0,0,0,0,0,0},
{0,0,-0.0001356337*J1^1*J2^4+0,-0.0001566163*J1^1*J2^4+0.0000783081*J2^5+0,0,0,0,0,0,0,0.0000452112*J1^1*J2^4+0.0000452112*J2^5+0,0.0000261027*J1^1*J2^4+0.0000261027*J2^5+0,0,0,0,0,0,0,-0.0001598458*J1^1*J2^4+0.0001278767*J2^5+0,-0.0002584037*J1^1*J2^4+0.0002399463*J2^5+0,0,0,0,0,0,0,0,0,0,0,0,0,0,0,0,0,0,0,0,0,0,0,0,0,0,0,0,0,0,0,0,0,0,0,0,0,-0.0006108035*J1^1*J2^4+0,-0.0007052951*J1^1*J2^4+0.0003526476*J2^5+0,-0.0007052951*J1^1*J2^4+0.0003526476*J2^5+0,-0.0010180058*J1^1*J2^4+0.0008144047*J2^5+0,0,0,0,0,-0.0008638066*J1^1*J2^4+0,-0.0009974380*J1^1*J2^4+0.0004987190*J2^5+0,-0.0009974380*J1^1*J2^4+0.0004987190*J2^5+0,-0.0014396777*J1^1*J2^4+0.0011517421*J2^5+0,0,0,0,0,0,0,0,0,0,0,0,0,0,0,0,0,0,0,0,0,0,0,0,0,0,0,0,0},
{0,0,0,0,-0.0003322333*J1^1*J2^4+0,-0.0001918150*J2^5+0,0,0,0,0,0,0,0.0002214889*J2^5+0,0.0001278767*J1^1*J2^4+0,0,0,0,0,0,0,-0.0000783081*J2^5+0,-0.0000452112*J1^1*J2^4+0,0,0,0,0,0,0,0,0,0,0,0,0,0,0,0,0,0,0,0,0,0,0,0,0,0,0,0,0,0,0,0.0025914198*J1^1*J2^4+0,0.0014961569*J2^5+0,0.0014961569*J2^5+0,0.0008638066*J1^1*J2^4+0,0,0,0,0,0,0,0,0,0,0,0,0,0,0,0,0,0,0,0,0,0,0,0,0,0,0,0,0,0,0,0,0,0,0,0,0,0,0,0,0},
{0,0,0,0,-0.0001918150*J2^5+0,-0.0001107444*J1^1*J2^4+0,0,0,0,0,0,0,0.0000639383*J1^1*J2^4+0.0000639383*J2^5+0,0.0000369148*J1^1*J2^4+0.0000369148*J2^5+0,0,0,0,0,0,0,0.0001808449*J1^1*J2^4+-0.0002260561*J2^5+0,-0.0001305136*J1^1*J2^4+0.0001044109*J2^5+0,0,0,0,0,0,0,0,0,0,0,0,0,0,0,0,0,0,0,0,0,0,0,0,0,0,0,0,0,0,0,0.0014961569*J2^5+0,-0.0008638066*J1^1*J2^4+0.0017276132*J2^5+0,0.0008638066*J1^1*J2^4+0,0.0009974380*J1^1*J2^4+-0.0004987190*J2^5+0,0,0,0,0,0,0,0,0,0,0,0,0,0,0,0,0,0,0,0,0,0,0,0,0,0,0,0,0,0,0,0,0,0,0,0,0,0,0,0,0},
{0,0,0,0,-0.0001918150*J2^5+0,0.0001107444*J1^1*J2^4+-0.0002214889*J2^5+0,0,0,0,0,0,0,0.0001278767*J1^1*J2^4+0,0.0001476592*J1^1*J2^4+-0.0000738296*J2^5+0,0,0,0,0,0,0,-0.0000452112*J1^1*J2^4+0,-0.0000522054*J1^1*J2^4+0.0000261027*J2^5+0,0,0,0,0,0,0,0,0,0,0,0,0,0,0,0,0,0,0,0,0,0,0,0,0,0,0,0,0,0,0,0.0014961569*J2^5+0,0.0008638066*J1^1*J2^4+0,-0.0008638066*J1^1*J2^4+0.0017276132*J2^5+0,0.0009974380*J1^1*J2^4+-0.0004987190*J2^5+0,0,0,0,0,0,0,0,0,0,0,0,0,0,0,0,0,0,0,0,0,0,0,0,0,0,0,0,0,0,0,0,0,0,0,0,0,0,0,0,0},
{0,0,0,0,-0.0001107444*J1^1*J2^4+0,-0.0001278767*J1^1*J2^4+0.0000639383*J2^5+0,0,0,0,0,0,0,0.0000369148*J1^1*J2^4+0.0000369148*J2^5+0,0.0000213128*J1^1*J2^4+0.0000213128*J2^5+0,0,0,0,0,0,0,-0.0001305136*J1^1*J2^4+0.0001044109*J2^5+0,-0.0002109857*J1^1*J2^4+0.0001959153*J2^5+0,0,0,0,0,0,0,0,0,0,0,0,0,0,0,0,0,0,0,0,0,0,0,0,0,0,0,0,0,0,0,0.0008638066*J1^1*J2^4+0,0.0009974380*J1^1*J2^4+-0.0004987190*J2^5+0,0.0009974380*J1^1*J2^4+-0.0004987190*J2^5+0,0.0014396777*J1^1*J2^4+-0.0011517421*J2^5+0,0,0,0,0,0,0,0,0,0,0,0,0,0,0,0,0,0,0,0,0,0,0,0,0,0,0,0,0,0,0,0,0,0,0,0,0,0,0,0,0},
{0,0,0,0,0,0,-0.0003322333*J1^1*J2^4+0,-0.0001918150*J2^5+0,0,0,0,0,0,0,0.0002214889*J2^5+0,0.0001278767*J1^1*J2^4+0,0,0,0,0,0,0,-0.0000783081*J2^5+0,-0.0000452112*J1^1*J2^4+0,0,0,0,0,0,0,0,0,0,0,0,0,0,0,0,0,0,0,0,0,0,0,0,0,0,0,0,0,0,0,0,0,0,0,0,0,-0.0014961569*J1^1*J2^4+0,-0.0008638066*J2^5+0,-0.0008638066*J2^5+0,-0.0004987190*J1^1*J2^4+0,0,0,0,0,-0.0021158854*J1^1*J2^4+0,-0.0012216070*J2^5+0,-0.0012216070*J2^5+0,-0.0007052951*J1^1*J2^4+0,0,0,0,0,0,0,0,0,0,0,0,0,0,0,0,0,0,0,0,0,0,0,0,0},
{0,0,0,0,0,0,-0.0001918150*J2^5+0,-0.0001107444*J1^1*J2^4+0,0,0,0,0,0,0,0.0000639383*J1^1*J2^4+0.0000639383*J2^5+0,0.0000369148*J1^1*J2^4+0.0000369148*J2^5+0,0,0,0,0,0,0,0.0001808449*J1^1*J2^4+-0.0002260561*J2^5+0,-0.0001305136*J1^1*J2^4+0.0001044109*J2^5+0,0,0,0,0,0,0,0,0,0,0,0,0,0,0,0,0,0,0,0,0,0,0,0,0,0,0,0,0,0,0,0,0,0,0,0,0,-0.0008638066*J2^5+0,0.0004987190*J1^1*J2^4+-0.0009974380*J2^5+0,-0.0004987190*J1^1*J2^4+0,-0.0005758711*J1^1*J2^4+0.0002879355*J2^5+0,0,0,0,0,-0.0012216070*J2^5+0,0.0007052951*J1^1*J2^4+-0.0014105903*J2^5+0,-0.0007052951*J1^1*J2^4+0,-0.0008144047*J1^1*J2^4+0.0004072023*J2^5+0,0,0,0,0,0,0,0,0,0,0,0,0,0,0,0,0,0,0,0,0,0,0,0,0},
{0,0,0,0,0,0,-0.0001918150*J2^5+0,0.0001107444*J1^1*J2^4+-0.0002214889*J2^5+0,0,0,0,0,0,0,0.0001278767*J1^1*J2^4+0,0.0001476592*J1^1*J2^4+-0.0000738296*J2^5+0,0,0,0,0,0,0,-0.0000452112*J1^1*J2^4+0,-0.0000522054*J1^1*J2^4+0.0000261027*J2^5+0,0,0,0,0,0,0,0,0,0,0,0,0,0,0,0,0,0,0,0,0,0,0,0,0,0,0,0,0,0,0,0,0,0,0,0,0,-0.0008638066*J2^5+0,-0.0004987190*J1^1*J2^4+0,0.0004987190*J1^1*J2^4+-0.0009974380*J2^5+0,-0.0005758711*J1^1*J2^4+0.0002879355*J2^5+0,0,0,0,0,-0.0012216070*J2^5+0,-0.0007052951*J1^1*J2^4+0,0.0007052951*J1^1*J2^4+-0.0014105903*J2^5+0,-0.0008144047*J1^1*J2^4+0.0004072023*J2^5+0,0,0,0,0,0,0,0,0,0,0,0,0,0,0,0,0,0,0,0,0,0,0,0,0},
{0,0,0,0,0,0,-0.0001107444*J1^1*J2^4+0,-0.0001278767*J1^1*J2^4+0.0000639383*J2^5+0,0,0,0,0,0,0,0.0000369148*J1^1*J2^4+0.0000369148*J2^5+0,0.0000213128*J1^1*J2^4+0.0000213128*J2^5+0,0,0,0,0,0,0,-0.0001305136*J1^1*J2^4+0.0001044109*J2^5+0,-0.0002109857*J1^1*J2^4+0.0001959153*J2^5+0,0,0,0,0,0,0,0,0,0,0,0,0,0,0,0,0,0,0,0,0,0,0,0,0,0,0,0,0,0,0,0,0,0,0,0,0,-0.0004987190*J1^1*J2^4+0,-0.0005758711*J1^1*J2^4+0.0002879355*J2^5+0,-0.0005758711*J1^1*J2^4+0.0002879355*J2^5+0,-0.0008311983*J1^1*J2^4+0.0006649586*J2^5+0,0,0,0,0,-0.0007052951*J1^1*J2^4+0,-0.0008144047*J1^1*J2^4+0.0004072023*J2^5+0,-0.0008144047*J1^1*J2^4+0.0004072023*J2^5+0,-0.0011754919*J1^1*J2^4+0.0009403935*J2^5+0,0,0,0,0,0,0,0,0,0,0,0,0,0,0,0,0,0,0,0,0,0,0,0,0}
}