96
{{0,0,0,0,0,0,0,0,0,0,0,0,0,0,0,0,0,0,0,0,0,0,0,0,0,0,0,0,0,0,0,0,0,0,0,0,0,0,0,0,0,0,0,0,0,0,0,0,0.0002712674*J2^5+0,0,0,0,0,0,0,0,0,0,0,0,0,0,0,0,0.0000959075*J2^5+0,0,0,0,0,0,0,0,0,0,0,0,0,0,0,0,0,0,0,0,0.0018324105*J2^5+0,0,0,0,0,0,0,0,0,0,0,0},
{0,0,0,0,0,0,0,0,0,0,0,0,0,0,0,0,0,0,0,0,0,0,0,0,0,0,0,0,0,0,0,0,0,0,0,0,0,0,0,0,0,0,0,0,0,0,0,0,0,0,-0.0000904225*J2^5+0,0,0,0,0,0,0,0,0,0,0,0,0,0,0,0,-0.0000319692*J2^5+0,0,0,0,0,0,0,0,0,0,0,0,0,0,0,0,0,0,0,0,-0.0006108035*J2^5+0,0,0,0,0,0,0,0,0,0},
{0,0,0,0,0,0,0,0,0,0,0,0,0,0,0,0,0,0,0,0,0,0,0,0,0,0,0,0,0,0,0,0,0,0,0,0,0,0,0,0,0,0,0,0,0,0,0,0,-0.0000783081*J2^5+0,0,0,0,0,0,0,0,-0.0002349244*J2^5+0,0,0,0,0,0,0,0,-0.0002768611*J2^5+0,0,0,0,0,0,0,0,0,0,0,0,0,0,0,0,0.0018324105*J2^5+0,0,0,0,-0.0021158854*J2^5+0,0,0,0,0,0,0,0,0,0,0,0},
{0,0,0,0,0,0,0,0,0,0,0,0,0,0,0,0,0,0,0,0,0,0,0,0,0,0,0,0,0,0,0,0,0,0,0,0,0,0,0,0,0,0,0,0,0,0,0,0,0,0,0.0000261027*J2^5+0,0,0,0,0,0,0,0,0.0000783081*J2^5+0,0,0,0,0,0,0,0,0.0000922870*J2^5+0,0,0,0,0,0,0,0,0,0,0,0,0,0,0,0,-0.0006108035*J2^5+0,0,0,0,0.0007052951*J2^5+0,0,0,0,0,0,0,0,0,0},
{0,0,0,0,0,0,0,0,0,0,0,0,0,0,0,0,0,0,0,0,0,0,0,0,0,0,0,0,0,0,0,0,0,0,0,0,0,0,0,0,0,0,0,0,0,0,0,0,0,0,0,0,0.0002712674*J2^5+0,0,0,0,0,0,0,0,0,0,0,0,0,0,0,0,0.0000959075*J2^5+0,0,0,0,0,0,0,0,-0.0010579427*J2^5+0,0,0,0,0,0,0,0,0,0,0,0,0,0,0,0,0.0014961569*J2^5+0,0,0,0},
{0,0,0,0,0,0,0,0,0,0,0,0,0,0,0,0,0,0,0,0,0,0,0,0,0,0,0,0,0,0,0,0,0,0,0,0,0,0,0,0,0,0,0,0,0,0,0,0,0,0,0,0,0,0,-0.0000904225*J2^5+0,0,0,0,0,0,0,0,0,0,0,0,0,0,0,0,-0.0000319692*J2^5+0,0,0,0,0,0,0,0,0.0003526476*J2^5+0,0,0,0,0,0,0,0,0,0,0,0,0,0,0,0,-0.0004987190*J2^5+0,0},
{0,0,0,0,0,0,0,0,0,0,0,0,0,0,0,0,0,0,0,0,0,0,0,0,0,0,0,0,0,0,0,0,0,0,0,0,0,0,0,0,0,0,0,0,0,0,0,0,0,0,0,0,-0.0000783081*J2^5+0,0,0,0,0,0,0,0,-0.0002349244*J2^5+0,0,0,0,0,0,0,0,-0.0002768611*J2^5+0,0,0,0,-0.0010579427*J2^5+0,0,0,0,0.0012216070*J2^5+0,0,0,0,0,0,0,0,0,0,0,0,0.0014961569*J2^5+0,0,0,0,-0.0017276132*J2^5+0,0,0,0},
{0,0,0,0,0,0,0,0,0,0,0,0,0,0,0,0,0,0,0,0,0,0,0,0,0,0,0,0,0,0,0,0,0,0,0,0,0,0,0,0,0,0,0,0,0,0,0,0,0,0,0,0,0,0,0.0000261027*J2^5+0,0,0,0,0,0,0,0,0.0000783081*J2^5+0,0,0,0,0,0,0,0,0.0000922870*J2^5+0,0,0,0,0.0003526476*J2^5+0,0,0,0,-0.0004072023*J2^5+0,0,0,0,0,0,0,0,0,0,0,0,-0.0004987190*J2^5+0,0,0,0,0.0005758711*J2^5+0,0},
{0,0,0,0,0,0,0,0,0,0,0,0,0,0,0,0,0,0,0,0,0,0,0,0,0,0,0,0,0,0,0,0,0,0,0,0,0,0,0,0,0,0,0,0,0,0,0,0,0,-0.0001566163*J2^5+0,0,0,0,0,0,0,0,0,0,0,0,0,0,0,0,-0.0000553722*J2^5+0,0,0,0,0,0,0,0,0,0,0,0,0,0,0,0,0,0,0,0,-0.0010579427*J2^5+0,0,0,0,0,0,0,0,0,0,0},
{0,0,0,0,0,0,0,0,0,0,0,0,0,0,0,0,0,0,0,0,0,0,0,0,0,0,0,0,0,0,0,0,0,0,0,0,0,0,0,0,0,0,0,0,0,0,0,0,0,0,0,0.0000522054*J2^5+0,0,0,0,0,0,0,0,0,0,0,0,0,0,0,0,0.0000184574*J2^5+0,0,0,0,0,0,0,0,0,0,0,0,0,0,0,0,0,0,0,0,0.0003526476*J2^5+0,0,0,0,0,0,0,0,0},
{0,0,0,0,0,0,0,0,0,0,0,0,0,0,0,0,0,0,0,0,0,0,0,0,0,0,0,0,0,0,0,0,0,0,0,0,0,0,0,0,0,0,0,0,0,0,0,0,0,0.0000452112*J2^5+0,0,0,0,0,0,0,0,0.0001356337*J2^5+0,0,0,0,0,0,0,0,0.0001598458*J2^5+0,0,0,0,0,0,0,0,0,0,0,0,0,0,0,0,-0.0010579427*J2^5+0,0,0,0,0.0012216070*J2^5+0,0,0,0,0,0,0,0,0,0,0},
{0,0,0,0,0,0,0,0,0,0,0,0,0,0,0,0,0,0,0,0,0,0,0,0,0,0,0,0,0,0,0,0,0,0,0,0,0,0,0,0,0,0,0,0,0,0,0,0,0,0,0,-0.0000150704*J2^5+0,0,0,0,0,0,0,0,-0.0000452112*J2^5+0,0,0,0,0,0,0,0,-0.0000532819*J2^5+0,0,0,0,0,0,0,0,0,0,0,0,0,0,0,0,0.0003526476*J2^5+0,0,0,0,-0.0004072023*J2^5+0,0,0,0,0,0,0,0,0},
{0,0,0,0,0,0,0,0,0,0,0,0,0,0,0,0,0,0,0,0,0,0,0,0,0,0,0,0,0,0,0,0,0,0,0,0,0,0,0,0,0,0,0,0,0,0,0,0,0,0,0,0,0,-0.0001566163*J2^5+0,0,0,0,0,0,0,0,0,0,0,0,0,0,0,0,-0.0000553722*J2^5+0,0,0,0,0,0,0,0,0.0006108035*J2^5+0,0,0,0,0,0,0,0,0,0,0,0,0,0,0,0,-0.0008638066*J2^5+0,0,0},
{0,0,0,0,0,0,0,0,0,0,0,0,0,0,0,0,0,0,0,0,0,0,0,0,0,0,0,0,0,0,0,0,0,0,0,0,0,0,0,0,0,0,0,0,0,0,0,0,0,0,0,0,0,0,0,0.0000522054*J2^5+0,0,0,0,0,0,0,0,0,0,0,0,0,0,0,0,0.0000184574*J2^5+0,0,0,0,0,0,0,0,-0.0002036012*J2^5+0,0,0,0,0,0,0,0,0,0,0,0,0,0,0,0,0.0002879355*J2^5+0},
{0,0,0,0,0,0,0,0,0,0,0,0,0,0,0,0,0,0,0,0,0,0,0,0,0,0,0,0,0,0,0,0,0,0,0,0,0,0,0,0,0,0,0,0,0,0,0,0,0,0,0,0,0,0.0000452112*J2^5+0,0,0,0,0,0,0,0,0.0001356337*J2^5+0,0,0,0,0,0,0,0,0.0001598458*J2^5+0,0,0,0,0.0006108035*J2^5+0,0,0,0,-0.0007052951*J2^5+0,0,0,0,0,0,0,0,0,0,0,0,-0.0008638066*J2^5+0,0,0,0,0.0009974380*J2^5+0,0,0},
{0,0,0,0,0,0,0,0,0,0,0,0,0,0,0,0,0,0,0,0,0,0,0,0,0,0,0,0,0,0,0,0,0,0,0,0,0,0,0,0,0,0,0,0,0,0,0,0,0,0,0,0,0,0,0,-0.0000150704*J2^5+0,0,0,0,0,0,0,0,-0.0000452112*J2^5+0,0,0,0,0,0,0,0,-0.0000532819*J2^5+0,0,0,0,-0.0002036012*J2^5+0,0,0,0,0.0002350984*J2^5+0,0,0,0,0,0,0,0,0,0,0,0,0.0002879355*J2^5+0,0,0,0,-0.0003324793*J2^5+0},
{0,0,0,0,0,0,0,0,0,0,0,0,0,0,0,0,0,0,0,0,0,0,0,0,0,0,0,0,0,0,0,0,0,0,0,0,0,0,0,0,0,0,0,0,0,0,0,0,0,0.0002214889*J2^5+0,0,0,0,0,0,0,0,0,0,0,0,0,0,0,0,0.0000783081*J2^5+0,0,0,0,0,0,0,0,0,0,0,0,0,0,0,0,0,0,0,0,0.0014961569*J2^5+0,0,0,0,0,0,0,0,0,0,0},
{0,0,0,0,0,0,0,0,0,0,0,0,0,0,0,0,0,0,0,0,0,0,0,0,0,0,0,0,0,0,0,0,0,0,0,0,0,0,0,0,0,0,0,0,0,0,0,0,0,0,0,-0.0000738296*J2^5+0,0,0,0,0,0,0,0,0,0,0,0,0,0,0,0,-0.0000261027*J2^5+0,0,0,0,0,0,0,0,0,0,0,0,0,0,0,0,0,0,0,0,-0.0004987190*J2^5+0,0,0,0,0,0,0,0,0},
{0,0,0,0,0,0,0,0,0,0,0,0,0,0,0,0,0,0,0,0,0,0,0,0,0,0,0,0,0,0,0,0,0,0,0,0,0,0,0,0,0,0,0,0,0,0,0,0,0,-0.0000639383*J2^5+0,0,0,0,0,0,0,0,-0.0001918150*J2^5+0,0,0,0,0,0,0,0,-0.0002260561*J2^5+0,0,0,0,0,0,0,0,0,0,0,0,0,0,0,0,0.0014961569*J2^5+0,0,0,0,-0.0017276132*J2^5+0,0,0,0,0,0,0,0,0,0,0},
{0,0,0,0,0,0,0,0,0,0,0,0,0,0,0,0,0,0,0,0,0,0,0,0,0,0,0,0,0,0,0,0,0,0,0,0,0,0,0,0,0,0,0,0,0,0,0,0,0,0,0,0.0000213128*J2^5+0,0,0,0,0,0,0,0,0.0000639383*J2^5+0,0,0,0,0,0,0,0,0.0000753520*J2^5+0,0,0,0,0,0,0,0,0,0,0,0,0,0,0,0,-0.0004987190*J2^5+0,0,0,0,0.0005758711*J2^5+0,0,0,0,0,0,0,0,0},
{0,0,0,0,0,0,0,0,0,0,0,0,0,0,0,0,0,0,0,0,0,0,0,0,0,0,0,0,0,0,0,0,0,0,0,0,0,0,0,0,0,0,0,0,0,0,0,0,0,0,0,0,0,0.0002214889*J2^5+0,0,0,0,0,0,0,0,0,0,0,0,0,0,0,0,0.0000783081*J2^5+0,0,0,0,0,0,0,0,-0.0008638066*J2^5+0,0,0,0,0,0,0,0,0,0,0,0,0,0,0,0,0.0012216070*J2^5+0,0,0},
{0,0,0,0,0,0,0,0,0,0,0,0,0,0,0,0,0,0,0,0,0,0,0,0,0,0,0,0,0,0,0,0,0,0,0,0,0,0,0,0,0,0,0,0,0,0,0,0,0,0,0,0,0,0,0,-0.0000738296*J2^5+0,0,0,0,0,0,0,0,0,0,0,0,0,0,0,0,-0.0000261027*J2^5+0,0,0,0,0,0,0,0,0.0002879355*J2^5+0,0,0,0,0,0,0,0,0,0,0,0,0,0,0,0,-0.0004072023*J2^5+0},
{0,0,0,0,0,0,0,0,0,0,0,0,0,0,0,0,0,0,0,0,0,0,0,0,0,0,0,0,0,0,0,0,0,0,0,0,0,0,0,0,0,0,0,0,0,0,0,0,0,0,0,0,0,-0.0000639383*J2^5+0,0,0,0,0,0,0,0,-0.0001918150*J2^5+0,0,0,0,0,0,0,0,-0.0002260561*J2^5+0,0,0,0,-0.0008638066*J2^5+0,0,0,0,0.0009974380*J2^5+0,0,0,0,0,0,0,0,0,0,0,0,0.0012216070*J2^5+0,0,0,0,-0.0014105903*J2^5+0,0,0},
{0,0,0,0,0,0,0,0,0,0,0,0,0,0,0,0,0,0,0,0,0,0,0,0,0,0,0,0,0,0,0,0,0,0,0,0,0,0,0,0,0,0,0,0,0,0,0,0,0,0,0,0,0,0,0,0.0000213128*J2^5+0,0,0,0,0,0,0,0,0.0000639383*J2^5+0,0,0,0,0,0,0,0,0.0000753520*J2^5+0,0,0,0,0.0002879355*J2^5+0,0,0,0,-0.0003324793*J2^5+0,0,0,0,0,0,0,0,0,0,0,0,-0.0004072023*J2^5+0,0,0,0,0.0004701968*J2^5+0},
{0,0,0,0,0,0,0,0,0,0,0,0,0,0,0,0,0,0,0,0,0,0,0,0,0,0,0,0,0,0,0,0,0,0,0,0,0,0,0,0,0,0,0,0,0,0,0,0,0.0002305773*J2^5+0,0,0,0,0,0,0,0,0,0,0,0,0,0,0,0,0.0001246797*J2^5+0,0,0,0,0,0,0,0,0,0,0,0,0,0,0,0,0,0,0,0,0.0011981146*J2^5+0,0,0,0,0,0,0,0,0,0,0,0},
{0,0,0,0,0,0,0,0,0,0,0,0,0,0,0,0,0,0,0,0,0,0,0,0,0,0,0,0,0,0,0,0,0,0,0,0,0,0,0,0,0,0,0,0,0,0,0,0,0,0.0002305773*J2^5+0,0,0,0,0,0,0,0,0,0,0,0,0,0,0,0,0.0001246797*J2^5+0,0,0,0,0,0,0,0,0,0,0,0,0,0,0,0,0,0,0,0,0.0011981146*J2^5+0,0,0,0,0,0,0,0,0,0,0},
{0,0,0,0,0,0,0,0,0,0,0,0,0,0,0,0,0,0,0,0,0,0,0,0,0,0,0,0,0,0,0,0,0,0,0,0,0,0,0,0,0,0,0,0,0,0,0,0,-0.0001018006*J2^5+0,0,0,0,0,0,0,0,-0.0002349244*J2^5+0,0,0,0,0,0,0,0,-0.0002602494*J2^5+0,0,0,0,0,0,0,0,0,0,0,0,0,0,0,0,0.0011981146*J2^5+0,0,0,0,-0.0013834635*J2^5+0,0,0,0,0,0,0,0,0,0,0,0},
{0,0,0,0,0,0,0,0,0,0,0,0,0,0,0,0,0,0,0,0,0,0,0,0,0,0,0,0,0,0,0,0,0,0,0,0,0,0,0,0,0,0,0,0,0,0,0,0,0,-0.0001018006*J2^5+0,0,0,0,0,0,0,0,-0.0002349244*J2^5+0,0,0,0,0,0,0,0,-0.0002602494*J2^5+0,0,0,0,0,0,0,0,0,0,0,0,0,0,0,0,0.0011981146*J2^5+0,0,0,0,-0.0013834635*J2^5+0,0,0,0,0,0,0,0,0,0,0},
{0,0,0,0,0,0,0,0,0,0,0,0,0,0,0,0,0,0,0,0,0,0,0,0,0,0,0,0,0,0,0,0,0,0,0,0,0,0,0,0,0,0,0,0,0,0,0,0,0,0,0,0,0.0002305773*J2^5+0,0,0,0,0,0,0,0,0,0,0,0,0,0,0,0,0.0001246797*J2^5+0,0,0,0,0,0,0,0,-0.0006917318*J2^5+0,0,0,0,0,0,0,0,0,0,0,0,0,0,0,0,0.0009782565*J2^5+0,0,0,0},
{0,0,0,0,0,0,0,0,0,0,0,0,0,0,0,0,0,0,0,0,0,0,0,0,0,0,0,0,0,0,0,0,0,0,0,0,0,0,0,0,0,0,0,0,0,0,0,0,0,0,0,0,0,0.0002305773*J2^5+0,0,0,0,0,0,0,0,0,0,0,0,0,0,0,0,0.0001246797*J2^5+0,0,0,0,0,0,0,0,-0.0006917318*J2^5+0,0,0,0,0,0,0,0,0,0,0,0,0,0,0,0,0.0009782565*J2^5+0,0,0},
{0,0,0,0,0,0,0,0,0,0,0,0,0,0,0,0,0,0,0,0,0,0,0,0,0,0,0,0,0,0,0,0,0,0,0,0,0,0,0,0,0,0,0,0,0,0,0,0,0,0,0,0,-0.0001018006*J2^5+0,0,0,0,0,0,0,0,-0.0002349244*J2^5+0,0,0,0,0,0,0,0,-0.0002602494*J2^5+0,0,0,0,-0.0006917318*J2^5+0,0,0,0,0.0007987430*J2^5+0,0,0,0,0,0,0,0,0,0,0,0,0.0009782565*J2^5+0,0,0,0,-0.0011295933*J2^5+0,0,0,0},
{0,0,0,0,0,0,0,0,0,0,0,0,0,0,0,0,0,0,0,0,0,0,0,0,0,0,0,0,0,0,0,0,0,0,0,0,0,0,0,0,0,0,0,0,0,0,0,0,0,0,0,0,0,-0.0001018006*J2^5+0,0,0,0,0,0,0,0,-0.0002349244*J2^5+0,0,0,0,0,0,0,0,-0.0002602494*J2^5+0,0,0,0,-0.0006917318*J2^5+0,0,0,0,0.0007987430*J2^5+0,0,0,0,0,0,0,0,0,0,0,0,0.0009782565*J2^5+0,0,0,0,-0.0011295933*J2^5+0,0,0},
{0,0,0,0,0,0,0,0,0,0,0,0,0,0,0,0,0,0,0,0,0,0,0,0,0,0,0,0,0,0,0,0,0,0,0,0,0,0,0,0,0,0,0,0,0,0,0,0,0,0,0.0000260060*J2^5+0,0,0,0,0,0,0,0,0,0,0,0,0,0,0,0,0.0000168851*J2^5+0,0,0,0,0,0,0,0,0,0,0,0,0,0,0,0,0,0,0,0,0.0001984271*J2^5+0,0,0,0,0,0,0,0,0,0},
{0,0,0,0,0,0,0,0,0,0,0,0,0,0,0,0,0,0,0,0,0,0,0,0,0,0,0,0,0,0,0,0,0,0,0,0,0,0,0,0,0,0,0,0,0,0,0,0,0,0,0,0.0000260060*J2^5+0,0,0,0,0,0,0,0,0,0,0,0,0,0,0,0,0.0000168851*J2^5+0,0,0,0,0,0,0,0,0,0,0,0,0,0,0,0,0,0,0,0,0.0001984271*J2^5+0,0,0,0,0,0,0,0,0},
{0,0,0,0,0,0,0,0,0,0,0,0,0,0,0,0,0,0,0,0,0,0,0,0,0,0,0,0,0,0,0,0,0,0,0,0,0,0,0,0,0,0,0,0,0,0,0,0,0,0,-0.0000137866*J2^5+0,0,0,0,0,0,0,0,-0.0000288012*J2^5+0,0,0,0,0,0,0,0,-0.0000309825*J2^5+0,0,0,0,0,0,0,0,0,0,0,0,0,0,0,0,0.0001984271*J2^5+0,0,0,0,-0.0002291238*J2^5+0,0,0,0,0,0,0,0,0,0},
{0,0,0,0,0,0,0,0,0,0,0,0,0,0,0,0,0,0,0,0,0,0,0,0,0,0,0,0,0,0,0,0,0,0,0,0,0,0,0,0,0,0,0,0,0,0,0,0,0,0,0,-0.0000137866*J2^5+0,0,0,0,0,0,0,0,-0.0000288012*J2^5+0,0,0,0,0,0,0,0,-0.0000309825*J2^5+0,0,0,0,0,0,0,0,0,0,0,0,0,0,0,0,0.0001984271*J2^5+0,0,0,0,-0.0002291238*J2^5+0,0,0,0,0,0,0,0,0},
{0,0,0,0,0,0,0,0,0,0,0,0,0,0,0,0,0,0,0,0,0,0,0,0,0,0,0,0,0,0,0,0,0,0,0,0,0,0,0,0,0,0,0,0,0,0,0,0,0,0,0,0,0,0,0.0000260060*J2^5+0,0,0,0,0,0,0,0,0,0,0,0,0,0,0,0,0.0000168851*J2^5+0,0,0,0,0,0,0,0,-0.0001145619*J2^5+0,0,0,0,0,0,0,0,0,0,0,0,0,0,0,0,0.0001620150*J2^5+0,0},
{0,0,0,0,0,0,0,0,0,0,0,0,0,0,0,0,0,0,0,0,0,0,0,0,0,0,0,0,0,0,0,0,0,0,0,0,0,0,0,0,0,0,0,0,0,0,0,0,0,0,0,0,0,0,0,0.0000260060*J2^5+0,0,0,0,0,0,0,0,0,0,0,0,0,0,0,0,0.0000168851*J2^5+0,0,0,0,0,0,0,0,-0.0001145619*J2^5+0,0,0,0,0,0,0,0,0,0,0,0,0,0,0,0,0.0001620150*J2^5+0},
{0,0,0,0,0,0,0,0,0,0,0,0,0,0,0,0,0,0,0,0,0,0,0,0,0,0,0,0,0,0,0,0,0,0,0,0,0,0,0,0,0,0,0,0,0,0,0,0,0,0,0,0,0,0,-0.0000137866*J2^5+0,0,0,0,0,0,0,0,-0.0000288012*J2^5+0,0,0,0,0,0,0,0,-0.0000309825*J2^5+0,0,0,0,-0.0001145619*J2^5+0,0,0,0,0.0001322847*J2^5+0,0,0,0,0,0,0,0,0,0,0,0,0.0001620150*J2^5+0,0,0,0,-0.0001870788*J2^5+0,0},
{0,0,0,0,0,0,0,0,0,0,0,0,0,0,0,0,0,0,0,0,0,0,0,0,0,0,0,0,0,0,0,0,0,0,0,0,0,0,0,0,0,0,0,0,0,0,0,0,0,0,0,0,0,0,0,-0.0000137866*J2^5+0,0,0,0,0,0,0,0,-0.0000288012*J2^5+0,0,0,0,0,0,0,0,-0.0000309825*J2^5+0,0,0,0,-0.0001145619*J2^5+0,0,0,0,0.0001322847*J2^5+0,0,0,0,0,0,0,0,0,0,0,0,0.0001620150*J2^5+0,0,0,0,-0.0001870788*J2^5+0},
{0,0,0,0,0,0,0,0,0,0,0,0,0,0,0,0,0,0,0,0,0,0,0,0,0,0,0,0,0,0,0,0,0,0,0,0,0,0,0,0,0,0,0,0,0,0,0,0,0,0,0.0000757437*J2^5+0,0,0,0,0,0,0,0,0,0,0,0,0,0,0,0,0.0000389607*J2^5+0,0,0,0,0,0,0,0,0,0,0,0,0,0,0,0,0,0,0,0,0.0003488191*J2^5+0,0,0,0,0,0,0,0,0,0},
{0,0,0,0,0,0,0,0,0,0,0,0,0,0,0,0,0,0,0,0,0,0,0,0,0,0,0,0,0,0,0,0,0,0,0,0,0,0,0,0,0,0,0,0,0,0,0,0,0,0,0,0.0000757437*J2^5+0,0,0,0,0,0,0,0,0,0,0,0,0,0,0,0,0.0000389607*J2^5+0,0,0,0,0,0,0,0,0,0,0,0,0,0,0,0,0,0,0,0,0.0003488191*J2^5+0,0,0,0,0,0,0,0,0},
{0,0,0,0,0,0,0,0,0,0,0,0,0,0,0,0,0,0,0,0,0,0,0,0,0,0,0,0,0,0,0,0,0,0,0,0,0,0,0,0,0,0,0,0,0,0,0,0,0,0,-0.0000318113*J2^5+0,0,0,0,0,0,0,0,-0.0000755420*J2^5+0,0,0,0,0,0,0,0,-0.0000843385*J2^5+0,0,0,0,0,0,0,0,0,0,0,0,0,0,0,0,0.0003488191*J2^5+0,0,0,0,-0.0004027816*J2^5+0,0,0,0,0,0,0,0,0,0},
{0,0,0,0,0,0,0,0,0,0,0,0,0,0,0,0,0,0,0,0,0,0,0,0,0,0,0,0,0,0,0,0,0,0,0,0,0,0,0,0,0,0,0,0,0,0,0,0,0,0,0,-0.0000318113*J2^5+0,0,0,0,0,0,0,0,-0.0000755420*J2^5+0,0,0,0,0,0,0,0,-0.0000843385*J2^5+0,0,0,0,0,0,0,0,0,0,0,0,0,0,0,0,0.0003488191*J2^5+0,0,0,0,-0.0004027816*J2^5+0,0,0,0,0,0,0,0,0},
{0,0,0,0,0,0,0,0,0,0,0,0,0,0,0,0,0,0,0,0,0,0,0,0,0,0,0,0,0,0,0,0,0,0,0,0,0,0,0,0,0,0,0,0,0,0,0,0,0,0,0,0,0,0,0.0000757437*J2^5+0,0,0,0,0,0,0,0,0,0,0,0,0,0,0,0,0.0000389607*J2^5+0,0,0,0,0,0,0,0,-0.0002013908*J2^5+0,0,0,0,0,0,0,0,0,0,0,0,0,0,0,0,0.0002848096*J2^5+0,0},
{0,0,0,0,0,0,0,0,0,0,0,0,0,0,0,0,0,0,0,0,0,0,0,0,0,0,0,0,0,0,0,0,0,0,0,0,0,0,0,0,0,0,0,0,0,0,0,0,0,0,0,0,0,0,0,0.0000757437*J2^5+0,0,0,0,0,0,0,0,0,0,0,0,0,0,0,0,0.0000389607*J2^5+0,0,0,0,0,0,0,0,-0.0002013908*J2^5+0,0,0,0,0,0,0,0,0,0,0,0,0,0,0,0,0.0002848096*J2^5+0},
{0,0,0,0,0,0,0,0,0,0,0,0,0,0,0,0,0,0,0,0,0,0,0,0,0,0,0,0,0,0,0,0,0,0,0,0,0,0,0,0,0,0,0,0,0,0,0,0,0,0,0,0,0,0,-0.0000318113*J2^5+0,0,0,0,0,0,0,0,-0.0000755420*J2^5+0,0,0,0,0,0,0,0,-0.0000843385*J2^5+0,0,0,0,-0.0002013908*J2^5+0,0,0,0,0.0002325461*J2^5+0,0,0,0,0,0,0,0,0,0,0,0,0.0002848096*J2^5+0,0,0,0,-0.0003288698*J2^5+0,0},
{0,0,0,0,0,0,0,0,0,0,0,0,0,0,0,0,0,0,0,0,0,0,0,0,0,0,0,0,0,0,0,0,0,0,0,0,0,0,0,0,0,0,0,0,0,0,0,0,0,0,0,0,0,0,0,-0.0000318113*J2^5+0,0,0,0,0,0,0,0,-0.0000755420*J2^5+0,0,0,0,0,0,0,0,-0.0000843385*J2^5+0,0,0,0,-0.0002013908*J2^5+0,0,0,0,0.0002325461*J2^5+0,0,0,0,0,0,0,0,0,0,0,0,0.0002848096*J2^5+0,0,0,0,-0.0003288698*J2^5+0},
{-0.0007399571*J2^5+0,0,0.0007709002*J2^5+0,0,0,0,0,0,0,0,0,0,0,0,0,0,0,0,0,0,0,0,0,0,0.0001602487*J2^5+0,0,-0.0001424048*J2^5+0,0,0,0,0,0,0,0,0,0,0,0,0,0,0,0,0,0,0,0,0,0,0,0,0,0,0,0,0,0,0,0,0,0,0,0,0,0,0,0,0,0,0,0,0,0,0,0,0,0,0,0,0,0,0,0,0,0,0,0,0,0,0,0,0,0,0,0,0,0},
{0,0,0,0,0,0,0,0,0.0004272144*J2^5+0,0,-0.0004450794*J2^5+0,0,0,0,0,0,-0.0006041724*J2^5+0,0,0.0006294373*J2^5+0,0,0,0,0,0,0,0.0001602487*J2^5+0,0,-0.0001424048*J2^5+0,0,0,0,0,0,0,0,0,0,0,0,0,0,0,0,0,0,0,0,0,0,0,0,0,0,0,0,0,0,0,0,0,0,0,0,0,0,0,0,0,0,0,0,0,0,0,0,0,0,0,0,0,0,0,0,0,0,0,0,0,0,0,0,0,0,0,0,0},
{0,0.0002466524*J2^5+0,0,-0.0002569667*J2^5+0,0,0,0,0,0,0,0,0,0,0,0,0,0,0,0,0,0,0,0,0,0,0,0,0,0,0,0,0,-0.0000145982*J2^5+0,0,0.0000096562*J2^5+0,0,0,0,0,0,0.0000757437*J2^5+0,0,-0.0000649645*J2^5+0,0,0,0,0,0,0,0,0,0,0,0,0,0,0,0,0,0,0,0,0,0,0,0,0,0,0,0,0,0,0,0,0,0,0,0,0,0,0,0,0,0,0,0,0,0,0,0,0,0,0,0,0,0},
{0,0,0,0,0,0,0,0,0,-0.0001424048*J2^5+0,0,0.0001483598*J2^5+0,0,0,0,0,0,0.0002013908*J2^5+0,0,-0.0002098124*J2^5+0,0,0,0,0,0,0,0,0,0,0,0,0,0,-0.0000145982*J2^5+0,0,0.0000096562*J2^5+0,0,0,0,0,0,0.0000757437*J2^5+0,0,-0.0000649645*J2^5+0,0,0,0,0,0,0,0,0,0,0,0,0,0,0,0,0,0,0,0,0,0,0,0,0,0,0,0,0,0,0,0,0,0,0,0,0,0,0,0,0,0,0,0,0,0,0,0,0,0,0,0,0},
{0,0,0,0,-0.0007399571*J2^5+0,0,0.0007709002*J2^5+0,0,0,0,0,0,0,0,0,0,0,0,0,0,0,0,0,0,0,0,0,0,0.0001602487*J2^5+0,0,-0.0001424048*J2^5+0,0,0,0,0,0,0,0,0,0,0,0,0,0,0,0,0,0,0,0,0,0,0,0,0,0,0,0,0,0,0,0,0,0,0,0,0,0,0,0,0,0,0,0,0,0,0,0,0,0,0,0,0,0,0,0,0,0,0,0,0,0,0,0,0,0},
{0,0,0,0,0,0,0,0,0,0,0,0,0.0004272144*J2^5+0,0,-0.0004450794*J2^5+0,0,0,0,0,0,-0.0006041724*J2^5+0,0,0.0006294373*J2^5+0,0,0,0,0,0,0,0.0001602487*J2^5+0,0,-0.0001424048*J2^5+0,0,0,0,0,0,0,0,0,0,0,0,0,0,0,0,0,0,0,0,0,0,0,0,0,0,0,0,0,0,0,0,0,0,0,0,0,0,0,0,0,0,0,0,0,0,0,0,0,0,0,0,0,0,0,0,0,0,0,0,0,0,0,0,0},
{0,0,0,0,0,0.0002466524*J2^5+0,0,-0.0002569667*J2^5+0,0,0,0,0,0,0,0,0,0,0,0,0,0,0,0,0,0,0,0,0,0,0,0,0,0,0,0,0,-0.0000145982*J2^5+0,0,0.0000096562*J2^5+0,0,0,0,0,0,0.0000757437*J2^5+0,0,-0.0000649645*J2^5+0,0,0,0,0,0,0,0,0,0,0,0,0,0,0,0,0,0,0,0,0,0,0,0,0,0,0,0,0,0,0,0,0,0,0,0,0,0,0,0,0,0,0,0,0,0,0,0,0,0},
{0,0,0,0,0,0,0,0,0,0,0,0,0,-0.0001424048*J2^5+0,0,0.0001483598*J2^5+0,0,0,0,0,0,0.0002013908*J2^5+0,0,-0.0002098124*J2^5+0,0,0,0,0,0,0,0,0,0,0,0,0,0,-0.0000145982*J2^5+0,0,0.0000096562*J2^5+0,0,0,0,0,0,0.0000757437*J2^5+0,0,-0.0000649645*J2^5+0,0,0,0,0,0,0,0,0,0,0,0,0,0,0,0,0,0,0,0,0,0,0,0,0,0,0,0,0,0,0,0,0,0,0,0,0,0,0,0,0,0,0,0,0,0,0,0,0},
{0,0,0.0011981146*J2^5+0,0,0,0,0,0,0,0,0,0,0,0,0,0,0,0,0,0,0,0,0,0,0,0,-0.0002349244*J2^5+0,0,0,0,0,0,0,0,0,0,0,0,0,0,0,0,0,0,0,0,0,0,0,0,0,0,0,0,0,0,0,0,0,0,0,0,0,0,0,0,0,0,0,0,0,0,0,0,0,0,0,0,0,0,0,0,0,0,0,0,0,0,0,0,0,0,0,0,0,0},
{0,0,0,0,0,0,0,0,0,0,-0.0006917318*J2^5+0,0,0,0,0,0,0,0,0.0009782565*J2^5+0,0,0,0,0,0,0,0,0,-0.0002349244*J2^5+0,0,0,0,0,0,0,0,0,0,0,0,0,0,0,0,0,0,0,0,0,0,0,0,0,0,0,0,0,0,0,0,0,0,0,0,0,0,0,0,0,0,0,0,0,0,0,0,0,0,0,0,0,0,0,0,0,0,0,0,0,0,0,0,0,0,0,0,0},
{0,0,0,-0.0003993715*J2^5+0,0,0,0,0,0,0,0,0,0,0,0,0,0,0,0,0,0,0,0,0,0,0,0,0,0,0,0,0,0,0,0.0000180845*J2^5+0,0,0,0,0,0,0,0,-0.0001086952*J2^5+0,0,0,0,0,0,0,0,0,0,0,0,0,0,0,0,0,0,0,0,0,0,0,0,0,0,0,0,0,0,0,0,0,0,0,0,0,0,0,0,0,0,0,0,0,0,0,0,0,0,0,0,0,0},
{0,0,0,0,0,0,0,0,0,0,0,0.0002305773*J2^5+0,0,0,0,0,0,0,0,-0.0003260855*J2^5+0,0,0,0,0,0,0,0,0,0,0,0,0,0,0,0,0.0000180845*J2^5+0,0,0,0,0,0,0,0,-0.0001086952*J2^5+0,0,0,0,0,0,0,0,0,0,0,0,0,0,0,0,0,0,0,0,0,0,0,0,0,0,0,0,0,0,0,0,0,0,0,0,0,0,0,0,0,0,0,0,0,0,0,0,0,0,0,0,0},
{0,0,0,0,0,0,0.0011981146*J2^5+0,0,0,0,0,0,0,0,0,0,0,0,0,0,0,0,0,0,0,0,0,0,0,0,-0.0002349244*J2^5+0,0,0,0,0,0,0,0,0,0,0,0,0,0,0,0,0,0,0,0,0,0,0,0,0,0,0,0,0,0,0,0,0,0,0,0,0,0,0,0,0,0,0,0,0,0,0,0,0,0,0,0,0,0,0,0,0,0,0,0,0,0,0,0,0,0},
{0,0,0,0,0,0,0,0,0,0,0,0,0,0,-0.0006917318*J2^5+0,0,0,0,0,0,0,0,0.0009782565*J2^5+0,0,0,0,0,0,0,0,0,-0.0002349244*J2^5+0,0,0,0,0,0,0,0,0,0,0,0,0,0,0,0,0,0,0,0,0,0,0,0,0,0,0,0,0,0,0,0,0,0,0,0,0,0,0,0,0,0,0,0,0,0,0,0,0,0,0,0,0,0,0,0,0,0,0,0,0,0,0,0,0},
{0,0,0,0,0,0,0,-0.0003993715*J2^5+0,0,0,0,0,0,0,0,0,0,0,0,0,0,0,0,0,0,0,0,0,0,0,0,0,0,0,0,0,0,0,0.0000180845*J2^5+0,0,0,0,0,0,0,0,-0.0001086952*J2^5+0,0,0,0,0,0,0,0,0,0,0,0,0,0,0,0,0,0,0,0,0,0,0,0,0,0,0,0,0,0,0,0,0,0,0,0,0,0,0,0,0,0,0,0,0,0,0,0,0,0},
{0,0,0,0,0,0,0,0,0,0,0,0,0,0,0,0.0002305773*J2^5+0,0,0,0,0,0,0,0,-0.0003260855*J2^5+0,0,0,0,0,0,0,0,0,0,0,0,0,0,0,0,0.0000180845*J2^5+0,0,0,0,0,0,0,0,-0.0001086952*J2^5+0,0,0,0,0,0,0,0,0,0,0,0,0,0,0,0,0,0,0,0,0,0,0,0,0,0,0,0,0,0,0,0,0,0,0,0,0,0,0,0,0,0,0,0,0,0,0,0,0},
{-0.0009441560*J2^5+0,0,0.0011492812*J2^5+0,0,0,0,0,0,0,0,0,0,0,0,0,0,0,0,0,0,0,0,0,0,0.0001744096*J2^5+0,0,-0.0002315379*J2^5+0,0,0,0,0,0,0,0,0,0,0,0,0,0,0,0,0,0,0,0,0,0,0,0,0,0,0,0,0,0,0,0,0,0,0,0,0,0,0,0,0,0,0,0,0,0,0,0,0,0,0,0,0,0,0,0,0,0,0,0,0,0,0,0,0,0,0,0,0,0},
{0,0,0,0,0,0,0,0,0.0005451087*J2^5+0,0,-0.0006635378*J2^5+0,0,0,0,0,0,-0.0007709002*J2^5+0,0,0.0009383841*J2^5+0,0,0,0,0,0,0,0.0001744096*J2^5+0,0,-0.0002315379*J2^5+0,0,0,0,0,0,0,0,0,0,0,0,0,0,0,0,0,0,0,0,0,0,0,0,0,0,0,0,0,0,0,0,0,0,0,0,0,0,0,0,0,0,0,0,0,0,0,0,0,0,0,0,0,0,0,0,0,0,0,0,0,0,0,0,0,0,0,0,0},
{0,0.0003147187*J2^5+0,0,-0.0003830937*J2^5+0,0,0,0,0,0,0,0,0,0,0,0,0,0,0,0,0,0,0,0,0,0,0,0,0,0,0,0,0,-0.0000118264*J2^5+0,0,0.0000187473*J2^5+0,0,0,0,0,0,0.0000795649*J2^5+0,0,-0.0001077813*J2^5+0,0,0,0,0,0,0,0,0,0,0,0,0,0,0,0,0,0,0,0,0,0,0,0,0,0,0,0,0,0,0,0,0,0,0,0,0,0,0,0,0,0,0,0,0,0,0,0,0,0,0,0,0,0},
{0,0,0,0,0,0,0,0,0,-0.0001817029*J2^5+0,0,0.0002211793*J2^5+0,0,0,0,0,0,0.0002569667*J2^5+0,0,-0.0003127947*J2^5+0,0,0,0,0,0,0,0,0,0,0,0,0,0,-0.0000118264*J2^5+0,0,0.0000187473*J2^5+0,0,0,0,0,0,0.0000795649*J2^5+0,0,-0.0001077813*J2^5+0,0,0,0,0,0,0,0,0,0,0,0,0,0,0,0,0,0,0,0,0,0,0,0,0,0,0,0,0,0,0,0,0,0,0,0,0,0,0,0,0,0,0,0,0,0,0,0,0,0,0,0,0},
{0,0,0,0,-0.0009441560*J2^5+0,0,0.0011492812*J2^5+0,0,0,0,0,0,0,0,0,0,0,0,0,0,0,0,0,0,0,0,0,0,0.0001744096*J2^5+0,0,-0.0002315379*J2^5+0,0,0,0,0,0,0,0,0,0,0,0,0,0,0,0,0,0,0,0,0,0,0,0,0,0,0,0,0,0,0,0,0,0,0,0,0,0,0,0,0,0,0,0,0,0,0,0,0,0,0,0,0,0,0,0,0,0,0,0,0,0,0,0,0,0},
{0,0,0,0,0,0,0,0,0,0,0,0,0.0005451087*J2^5+0,0,-0.0006635378*J2^5+0,0,0,0,0,0,-0.0007709002*J2^5+0,0,0.0009383841*J2^5+0,0,0,0,0,0,0,0.0001744096*J2^5+0,0,-0.0002315379*J2^5+0,0,0,0,0,0,0,0,0,0,0,0,0,0,0,0,0,0,0,0,0,0,0,0,0,0,0,0,0,0,0,0,0,0,0,0,0,0,0,0,0,0,0,0,0,0,0,0,0,0,0,0,0,0,0,0,0,0,0,0,0,0,0,0,0},
{0,0,0,0,0,0.0003147187*J2^5+0,0,-0.0003830937*J2^5+0,0,0,0,0,0,0,0,0,0,0,0,0,0,0,0,0,0,0,0,0,0,0,0,0,0,0,0,0,-0.0000118264*J2^5+0,0,0.0000187473*J2^5+0,0,0,0,0,0,0.0000795649*J2^5+0,0,-0.0001077813*J2^5+0,0,0,0,0,0,0,0,0,0,0,0,0,0,0,0,0,0,0,0,0,0,0,0,0,0,0,0,0,0,0,0,0,0,0,0,0,0,0,0,0,0,0,0,0,0,0,0,0,0},
{0,0,0,0,0,0,0,0,0,0,0,0,0,-0.0001817029*J2^5+0,0,0.0002211793*J2^5+0,0,0,0,0,0,0.0002569667*J2^5+0,0,-0.0003127947*J2^5+0,0,0,0,0,0,0,0,0,0,0,0,0,0,-0.0000118264*J2^5+0,0,0.0000187473*J2^5+0,0,0,0,0,0,0.0000795649*J2^5+0,0,-0.0001077813*J2^5+0,0,0,0,0,0,0,0,0,0,0,0,0,0,0,0,0,0,0,0,0,0,0,0,0,0,0,0,0,0,0,0,0,0,0,0,0,0,0,0,0,0,0,0,0,0,0,0,0},
{0,0,0,0,0,0,-0.0010579427*J2^5+0,0,0,0,0,0,0,0,0,0,0,0,0,0,0,0,0,0,0,0,0,0,0,0,0.0001356337*J2^5+0,0,0,0,0,0,0,0,0,0,0,0,0,0,0,0,0,0,0,0,0,0,0,0,0,0,0,0,0,0,0,0,0,0,0,0,0,0,0,0,0,0,0,0,0,0,0,0,0,0,0,0,0,0,0,0,0,0,0,0,0,0,0,0,0,0},
{0,0,0,0,0,0,0,0,0,0,0,0,0,0,0.0006108035*J2^5+0,0,0,0,0,0,0,0,-0.0008638066*J2^5+0,0,0,0,0,0,0,0,0,0.0001356337*J2^5+0,0,0,0,0,0,0,0,0,0,0,0,0,0,0,0,0,0,0,0,0,0,0,0,0,0,0,0,0,0,0,0,0,0,0,0,0,0,0,0,0,0,0,0,0,0,0,0,0,0,0,0,0,0,0,0,0,0,0,0,0,0,0,0,0},
{0,0,0,0,0,0,0,0.0003526476*J2^5+0,0,0,0,0,0,0,0,0,0,0,0,0,0,0,0,0,0,0,0,0,0,0,0,0,0,0,0,0,0,0,-0.0000261027*J2^5+0,0,0,0,0,0,0,0,0.0000738296*J2^5+0,0,0,0,0,0,0,0,0,0,0,0,0,0,0,0,0,0,0,0,0,0,0,0,0,0,0,0,0,0,0,0,0,0,0,0,0,0,0,0,0,0,0,0,0,0,0,0,0,0},
{0,0,0,0,0,0,0,0,0,0,0,0,0,0,0,-0.0002036012*J2^5+0,0,0,0,0,0,0,0,0.0002879355*J2^5+0,0,0,0,0,0,0,0,0,0,0,0,0,0,0,0,-0.0000261027*J2^5+0,0,0,0,0,0,0,0,0.0000738296*J2^5+0,0,0,0,0,0,0,0,0,0,0,0,0,0,0,0,0,0,0,0,0,0,0,0,0,0,0,0,0,0,0,0,0,0,0,0,0,0,0,0,0,0,0,0,0,0,0,0,0},
{0,0,0,0,-0.0010579427*J2^5+0,0,0.0012216070*J2^5+0,0,0,0,0,0,0,0,0,0,0,0,0,0,0,0,0,0,0,0,0,0,0.0001356337*J2^5+0,0,-0.0001566163*J2^5+0,0,0,0,0,0,0,0,0,0,0,0,0,0,0,0,0,0,0,0,0,0,0,0,0,0,0,0,0,0,0,0,0,0,0,0,0,0,0,0,0,0,0,0,0,0,0,0,0,0,0,0,0,0,0,0,0,0,0,0,0,0,0,0,0,0},
{0,0,0,0,0,0,0,0,0,0,0,0,0.0006108035*J2^5+0,0,-0.0007052951*J2^5+0,0,0,0,0,0,-0.0008638066*J2^5+0,0,0.0009974380*J2^5+0,0,0,0,0,0,0,0.0001356337*J2^5+0,0,-0.0001566163*J2^5+0,0,0,0,0,0,0,0,0,0,0,0,0,0,0,0,0,0,0,0,0,0,0,0,0,0,0,0,0,0,0,0,0,0,0,0,0,0,0,0,0,0,0,0,0,0,0,0,0,0,0,0,0,0,0,0,0,0,0,0,0,0,0,0,0},
{0,0,0,0,0,0.0003526476*J2^5+0,0,-0.0004072023*J2^5+0,0,0,0,0,0,0,0,0,0,0,0,0,0,0,0,0,0,0,0,0,0,0,0,0,0,0,0,0,-0.0000261027*J2^5+0,0,0.0000301408*J2^5+0,0,0,0,0,0,0.0000738296*J2^5+0,0,-0.0000852511*J2^5+0,0,0,0,0,0,0,0,0,0,0,0,0,0,0,0,0,0,0,0,0,0,0,0,0,0,0,0,0,0,0,0,0,0,0,0,0,0,0,0,0,0,0,0,0,0,0,0,0,0},
{0,0,0,0,0,0,0,0,0,0,0,0,0,-0.0002036012*J2^5+0,0,0.0002350984*J2^5+0,0,0,0,0,0,0.0002879355*J2^5+0,0,-0.0003324793*J2^5+0,0,0,0,0,0,0,0,0,0,0,0,0,0,-0.0000261027*J2^5+0,0,0.0000301408*J2^5+0,0,0,0,0,0,0.0000738296*J2^5+0,0,-0.0000852511*J2^5+0,0,0,0,0,0,0,0,0,0,0,0,0,0,0,0,0,0,0,0,0,0,0,0,0,0,0,0,0,0,0,0,0,0,0,0,0,0,0,0,0,0,0,0,0,0,0,0,0},
{0,0,0.0018324105*J2^5+0,0,0,0,0,0,0,0,0,0,0,0,0,0,0,0,0,0,0,0,0,0,0,0,-0.0002349244*J2^5+0,0,0,0,0,0,0,0,0,0,0,0,0,0,0,0,0,0,0,0,0,0,0,0,0,0,0,0,0,0,0,0,0,0,0,0,0,0,0,0,0,0,0,0,0,0,0,0,0,0,0,0,0,0,0,0,0,0,0,0,0,0,0,0,0,0,0,0,0,0},
{0,0,0,0,0,0,0,0,0,0,-0.0010579427*J2^5+0,0,0,0,0,0,0,0,0.0014961569*J2^5+0,0,0,0,0,0,0,0,0,-0.0002349244*J2^5+0,0,0,0,0,0,0,0,0,0,0,0,0,0,0,0,0,0,0,0,0,0,0,0,0,0,0,0,0,0,0,0,0,0,0,0,0,0,0,0,0,0,0,0,0,0,0,0,0,0,0,0,0,0,0,0,0,0,0,0,0,0,0,0,0,0,0,0,0},
{0,0,0,-0.0006108035*J2^5+0,0,0,0,0,0,0,0,0,0,0,0,0,0,0,0,0,0,0,0,0,0,0,0,0,0,0,0,0,0,0,0.0000452112*J2^5+0,0,0,0,0,0,0,0,-0.0001278767*J2^5+0,0,0,0,0,0,0,0,0,0,0,0,0,0,0,0,0,0,0,0,0,0,0,0,0,0,0,0,0,0,0,0,0,0,0,0,0,0,0,0,0,0,0,0,0,0,0,0,0,0,0,0,0,0},
{0,0,0,0,0,0,0,0,0,0,0,0.0003526476*J2^5+0,0,0,0,0,0,0,0,-0.0004987190*J2^5+0,0,0,0,0,0,0,0,0,0,0,0,0,0,0,0,0.0000452112*J2^5+0,0,0,0,0,0,0,0,-0.0001278767*J2^5+0,0,0,0,0,0,0,0,0,0,0,0,0,0,0,0,0,0,0,0,0,0,0,0,0,0,0,0,0,0,0,0,0,0,0,0,0,0,0,0,0,0,0,0,0,0,0,0,0,0,0,0,0},
{0.0018324105*J2^5+0,0,-0.0021158854*J2^5+0,0,0,0,0,0,0,0,0,0,0,0,0,0,0,0,0,0,0,0,0,0,-0.0002349244*J2^5+0,0,0.0002712674*J2^5+0,0,0,0,0,0,0,0,0,0,0,0,0,0,0,0,0,0,0,0,0,0,0,0,0,0,0,0,0,0,0,0,0,0,0,0,0,0,0,0,0,0,0,0,0,0,0,0,0,0,0,0,0,0,0,0,0,0,0,0,0,0,0,0,0,0,0,0,0,0},
{0,0,0,0,0,0,0,0,-0.0010579427*J2^5+0,0,0.0012216070*J2^5+0,0,0,0,0,0,0.0014961569*J2^5+0,0,-0.0017276132*J2^5+0,0,0,0,0,0,0,-0.0002349244*J2^5+0,0,0.0002712674*J2^5+0,0,0,0,0,0,0,0,0,0,0,0,0,0,0,0,0,0,0,0,0,0,0,0,0,0,0,0,0,0,0,0,0,0,0,0,0,0,0,0,0,0,0,0,0,0,0,0,0,0,0,0,0,0,0,0,0,0,0,0,0,0,0,0,0,0,0,0,0},
{0,-0.0006108035*J2^5+0,0,0.0007052951*J2^5+0,0,0,0,0,0,0,0,0,0,0,0,0,0,0,0,0,0,0,0,0,0,0,0,0,0,0,0,0,0.0000452112*J2^5+0,0,-0.0000522054*J2^5+0,0,0,0,0,0,-0.0001278767*J2^5+0,0,0.0001476592*J2^5+0,0,0,0,0,0,0,0,0,0,0,0,0,0,0,0,0,0,0,0,0,0,0,0,0,0,0,0,0,0,0,0,0,0,0,0,0,0,0,0,0,0,0,0,0,0,0,0,0,0,0,0,0,0},
{0,0,0,0,0,0,0,0,0,0.0003526476*J2^5+0,0,-0.0004072023*J2^5+0,0,0,0,0,0,-0.0004987190*J2^5+0,0,0.0005758711*J2^5+0,0,0,0,0,0,0,0,0,0,0,0,0,0,0.0000452112*J2^5+0,0,-0.0000522054*J2^5+0,0,0,0,0,0,-0.0001278767*J2^5+0,0,0.0001476592*J2^5+0,0,0,0,0,0,0,0,0,0,0,0,0,0,0,0,0,0,0,0,0,0,0,0,0,0,0,0,0,0,0,0,0,0,0,0,0,0,0,0,0,0,0,0,0,0,0,0,0,0,0,0,0},
{0,0,0,0,0,0,0.0014961569*J2^5+0,0,0,0,0,0,0,0,0,0,0,0,0,0,0,0,0,0,0,0,0,0,0,0,-0.0001918150*J2^5+0,0,0,0,0,0,0,0,0,0,0,0,0,0,0,0,0,0,0,0,0,0,0,0,0,0,0,0,0,0,0,0,0,0,0,0,0,0,0,0,0,0,0,0,0,0,0,0,0,0,0,0,0,0,0,0,0,0,0,0,0,0,0,0,0,0},
{0,0,0,0,0,0,0,0,0,0,0,0,0,0,-0.0008638066*J2^5+0,0,0,0,0,0,0,0,0.0012216070*J2^5+0,0,0,0,0,0,0,0,0,-0.0001918150*J2^5+0,0,0,0,0,0,0,0,0,0,0,0,0,0,0,0,0,0,0,0,0,0,0,0,0,0,0,0,0,0,0,0,0,0,0,0,0,0,0,0,0,0,0,0,0,0,0,0,0,0,0,0,0,0,0,0,0,0,0,0,0,0,0,0,0},
{0,0,0,0,0,0,0,-0.0004987190*J2^5+0,0,0,0,0,0,0,0,0,0,0,0,0,0,0,0,0,0,0,0,0,0,0,0,0,0,0,0,0,0,0,0.0000369148*J2^5+0,0,0,0,0,0,0,0,-0.0001044109*J2^5+0,0,0,0,0,0,0,0,0,0,0,0,0,0,0,0,0,0,0,0,0,0,0,0,0,0,0,0,0,0,0,0,0,0,0,0,0,0,0,0,0,0,0,0,0,0,0,0,0,0},
{0,0,0,0,0,0,0,0,0,0,0,0,0,0,0,0.0002879355*J2^5+0,0,0,0,0,0,0,0,-0.0004072023*J2^5+0,0,0,0,0,0,0,0,0,0,0,0,0,0,0,0,0.0000369148*J2^5+0,0,0,0,0,0,0,0,-0.0001044109*J2^5+0,0,0,0,0,0,0,0,0,0,0,0,0,0,0,0,0,0,0,0,0,0,0,0,0,0,0,0,0,0,0,0,0,0,0,0,0,0,0,0,0,0,0,0,0,0,0,0,0},
{0,0,0,0,0.0014961569*J2^5+0,0,-0.0017276132*J2^5+0,0,0,0,0,0,0,0,0,0,0,0,0,0,0,0,0,0,0,0,0,0,-0.0001918150*J2^5+0,0,0.0002214889*J2^5+0,0,0,0,0,0,0,0,0,0,0,0,0,0,0,0,0,0,0,0,0,0,0,0,0,0,0,0,0,0,0,0,0,0,0,0,0,0,0,0,0,0,0,0,0,0,0,0,0,0,0,0,0,0,0,0,0,0,0,0,0,0,0,0,0,0},
{0,0,0,0,0,0,0,0,0,0,0,0,-0.0008638066*J2^5+0,0,0.0009974380*J2^5+0,0,0,0,0,0,0.0012216070*J2^5+0,0,-0.0014105903*J2^5+0,0,0,0,0,0,0,-0.0001918150*J2^5+0,0,0.0002214889*J2^5+0,0,0,0,0,0,0,0,0,0,0,0,0,0,0,0,0,0,0,0,0,0,0,0,0,0,0,0,0,0,0,0,0,0,0,0,0,0,0,0,0,0,0,0,0,0,0,0,0,0,0,0,0,0,0,0,0,0,0,0,0,0,0,0,0},
{0,0,0,0,0,-0.0004987190*J2^5+0,0,0.0005758711*J2^5+0,0,0,0,0,0,0,0,0,0,0,0,0,0,0,0,0,0,0,0,0,0,0,0,0,0,0,0,0,0.0000369148*J2^5+0,0,-0.0000426256*J2^5+0,0,0,0,0,0,-0.0001044109*J2^5+0,0,0.0001205633*J2^5+0,0,0,0,0,0,0,0,0,0,0,0,0,0,0,0,0,0,0,0,0,0,0,0,0,0,0,0,0,0,0,0,0,0,0,0,0,0,0,0,0,0,0,0,0,0,0,0,0,0},
{0,0,0,0,0,0,0,0,0,0,0,0,0,0.0002879355*J2^5+0,0,-0.0003324793*J2^5+0,0,0,0,0,0,-0.0004072023*J2^5+0,0,0.0004701968*J2^5+0,0,0,0,0,0,0,0,0,0,0,0,0,0,0.0000369148*J2^5+0,0,-0.0000426256*J2^5+0,0,0,0,0,0,-0.0001044109*J2^5+0,0,0.0001205633*J2^5+0,0,0,0,0,0,0,0,0,0,0,0,0,0,0,0,0,0,0,0,0,0,0,0,0,0,0,0,0,0,0,0,0,0,0,0,0,0,0,0,0,0,0,0,0,0,0,0,0}
}