96
{{0,0,0,0,0,0,0,0,0,0,0,0,0,0,0,0,0,0,0,0,0,0,0,0,0,0,0,0,0,0,0,0,0,0,0,0,0,0,0,0,0,0,0,0,0,0,0,0,0,0.0002819093*J1^1*J2^4+0,0,0.0000904225*J2^5+0,0,0,0,0,0,0.0012685919*J2^5+0,0,-0.0004611545*J1^1*J2^4+0,0,0,0,0,0,0.0000996700*J1^1*J2^4+0,0,0.0000319692*J2^5+0,0,0,0,0,0,0,0,0,0,0,0,0,0,0.0040876850*J2^5+0,0,0.0007324219*J1^1*J2^4+0,0,0.0013834635*J1^1*J2^4+0,0,0.0006108035*J2^5+0,0,0,0,0,0,0,0,0},
{0,0,0,0,0,0,0,0,0,0,0,0,0,0,0,0,0,0,0,0,0,0,0,0,0,0,0,0,0,0,0,0,0,0,0,0,0,0,0,0,0,0,0,0,0,0,0,0,0,0.0000904225*J2^5+0,0,0.0002819093*J1^1*J2^4+-0.0001044109*J2^5+0,0,0,0,0,0,-0.0004611545*J1^1*J2^4+0,0,0.0005324954*J1^1*J2^4+0.0012685919*J2^5+0,0,0,0,0,0,0.0000319692*J2^5+0,0,0.0000996700*J1^1*J2^4+-0.0000369148*J2^5+0,0,0,0,0,0,0,0,0,0,0,0,0,0,0.0007324219*J1^1*J2^4+0,0,-0.0008457279*J1^1*J2^4+0.0040876850*J2^5+0,0,0.0006108035*J2^5+0,0,0.0013834635*J1^1*J2^4+-0.0007052951*J2^5+0,0,0,0,0,0,0,0,0},
{0,0,0,0,0,0,0,0,0,0,0,0,0,0,0,0,0,0,0,0,0,0,0,0,0,0,0,0,0,0,0,0,0,0,0,0,0,0,0,0,0,0,0,0,0,0,0,0,0,-0.0000813802*J1^1*J2^4+-0.0007324219*J2^5+0,0,0.0002662477*J1^1*J2^4+-0.0000261027*J2^5+0,0,0,0,0,0,-0.0002441406*J1^1*J2^4+0,0,-0.0000783081*J2^5+0,0,0,0,0,0,-0.0002877225*J1^1*J2^4+-0.0010358009*J2^5+0,0,0.0003765311*J1^1*J2^4+-0.0000922870*J2^5+0,0,0,0,0,0,0,0,0,0,0,0,0,0,0.0013834635*J1^1*J2^4+0,0,0.0006108035*J2^5+0,0,-0.0015974861*J1^1*J2^4+0.0040876850*J2^5+0,0,0.0007324219*J1^1*J2^4+-0.0007052951*J2^5+0,0,0,0,0,0,0,0,0},
{0,0,0,0,0,0,0,0,0,0,0,0,0,0,0,0,0,0,0,0,0,0,0,0,0,0,0,0,0,0,0,0,0,0,0,0,0,0,0,0,0,0,0,0,0,0,0,0,0,0.0002662477*J1^1*J2^4+-0.0000261027*J2^5+0,0,-0.0003888166*J1^1*J2^4+-0.0007022811*J2^5+0,0,0,0,0,0,-0.0000783081*J2^5+0,0,-0.0002441406*J1^1*J2^4+0.0000904225*J2^5+0,0,0,0,0,0,0.0003765311*J1^1*J2^4+-0.0000922870*J2^5+0,0,-0.0007225031*J1^1*J2^4+-0.0009292371*J2^5+0,0,0,0,0,0,0,0,0,0,0,0,0,0,0.0006108035*J2^5+0,0,0.0013834635*J1^1*J2^4+-0.0007052951*J2^5+0,0,0.0007324219*J1^1*J2^4+-0.0007052951*J2^5+0,0,-0.0024432140*J1^1*J2^4+0.0049020897*J2^5+0,0,0,0,0,0,0,0,0},
{0,0,0,0,0,0,0,0,0,0,0,0,0,0,0,0,0,0,0,0,0,0,0,0,0,0,0,0,0,0,0,0,0,0,0,0,0,0,0,0,0,0,0,0,0,0,0,0,0,0,0,0,0,0.0002819093*J1^1*J2^4+0,0,0.0000904225*J2^5+0,0,0,0,0,0,0.0012685919*J2^5+0,0,-0.0004611545*J1^1*J2^4+0,0,0,0,0,0,0.0000996700*J1^1*J2^4+0,0,0.0000319692*J2^5+0,0,-0.0023600260*J2^5+0,0,-0.0004228640*J1^1*J2^4+0,0,-0.0007987430*J1^1*J2^4+0,0,-0.0003526476*J2^5+0,0,0,0,0,0,0,0,0,0,0.0033375808*J2^5+0,0,0.0005980200*J1^1*J2^4+0,0,0.0011295933*J1^1*J2^4+0,0,0.0004987190*J2^5+0},
{0,0,0,0,0,0,0,0,0,0,0,0,0,0,0,0,0,0,0,0,0,0,0,0,0,0,0,0,0,0,0,0,0,0,0,0,0,0,0,0,0,0,0,0,0,0,0,0,0,0,0,0,0,0.0000904225*J2^5+0,0,0.0002819093*J1^1*J2^4+-0.0001044109*J2^5+0,0,0,0,0,0,-0.0004611545*J1^1*J2^4+0,0,0.0005324954*J1^1*J2^4+0.0012685919*J2^5+0,0,0,0,0,0,0.0000319692*J2^5+0,0,0.0000996700*J1^1*J2^4+-0.0000369148*J2^5+0,0,-0.0004228640*J1^1*J2^4+0,0,0.0004882813*J1^1*J2^4+-0.0023600260*J2^5+0,0,-0.0003526476*J2^5+0,0,-0.0007987430*J1^1*J2^4+0.0004072023*J2^5+0,0,0,0,0,0,0,0,0,0,0.0005980200*J1^1*J2^4+0,0,-0.0006905340*J1^1*J2^4+0.0033375808*J2^5+0,0,0.0004987190*J2^5+0,0,0.0011295933*J1^1*J2^4+-0.0005758711*J2^5+0},
{0,0,0,0,0,0,0,0,0,0,0,0,0,0,0,0,0,0,0,0,0,0,0,0,0,0,0,0,0,0,0,0,0,0,0,0,0,0,0,0,0,0,0,0,0,0,0,0,0,0,0,0,0,-0.0000813802*J1^1*J2^4+-0.0007324219*J2^5+0,0,0.0002662477*J1^1*J2^4+-0.0000261027*J2^5+0,0,0,0,0,0,-0.0002441406*J1^1*J2^4+0,0,-0.0000783081*J2^5+0,0,0,0,0,0,-0.0002877225*J1^1*J2^4+-0.0010358009*J2^5+0,0,0.0003765311*J1^1*J2^4+-0.0000922870*J2^5+0,0,-0.0007987430*J1^1*J2^4+0,0,-0.0003526476*J2^5+0,0,0.0009223090*J1^1*J2^4+-0.0023600260*J2^5+0,0,-0.0004228640*J1^1*J2^4+0.0004072023*J2^5+0,0,0,0,0,0,0,0,0,0,0.0011295933*J1^1*J2^4+0,0,0.0004987190*J2^5+0,0,-0.0013043419*J1^1*J2^4+0.0033375808*J2^5+0,0,0.0005980200*J1^1*J2^4+-0.0005758711*J2^5+0},
{0,0,0,0,0,0,0,0,0,0,0,0,0,0,0,0,0,0,0,0,0,0,0,0,0,0,0,0,0,0,0,0,0,0,0,0,0,0,0,0,0,0,0,0,0,0,0,0,0,0,0,0,0,0.0002662477*J1^1*J2^4+-0.0000261027*J2^5+0,0,-0.0003888166*J1^1*J2^4+-0.0007022811*J2^5+0,0,0,0,0,0,-0.0000783081*J2^5+0,0,-0.0002441406*J1^1*J2^4+0.0000904225*J2^5+0,0,0,0,0,0,0.0003765311*J1^1*J2^4+-0.0000922870*J2^5+0,0,-0.0007225031*J1^1*J2^4+-0.0009292371*J2^5+0,0,-0.0003526476*J2^5+0,0,-0.0007987430*J1^1*J2^4+0.0004072023*J2^5+0,0,-0.0004228640*J1^1*J2^4+0.0004072023*J2^5+0,0,0.0014105903*J1^1*J2^4+-0.0028302228*J2^5+0,0,0,0,0,0,0,0,0,0,0.0004987190*J2^5+0,0,0.0011295933*J1^1*J2^4+-0.0005758711*J2^5+0,0,0.0005980200*J1^1*J2^4+-0.0005758711*J2^5+0,0,-0.0019948759*J1^1*J2^4+0.0040025395*J2^5+0},
{0,0,0,0,0,0,0,0,0,0,0,0,0,0,0,0,0,0,0,0,0,0,0,0,0,0,0,0,0,0,0,0,0,0,0,0,0,0,0,0,0,0,0,0,0,0,0,0,-0.0004882813*J1^1*J2^4+0,0,-0.0001566163*J2^5+0,0,0,0,0,0,-0.0021972656*J2^5+0,0,0.0007987430*J1^1*J2^4+0,0,0,0,0,0,-0.0001726335*J1^1*J2^4+0,0,-0.0000553722*J2^5+0,0,0,0,0,0,0,0,0,0,0,0,0,0,-0.0070800781*J2^5+0,0,-0.0012685919*J1^1*J2^4+0,0,-0.0023962291*J1^1*J2^4+0,0,-0.0010579427*J2^5+0,0,0,0,0,0,0,0,0,0},
{0,0,0,0,0,0,0,0,0,0,0,0,0,0,0,0,0,0,0,0,0,0,0,0,0,0,0,0,0,0,0,0,0,0,0,0,0,0,0,0,0,0,0,0,0,0,0,0,-0.0001566163*J2^5+0,0,-0.0004882813*J1^1*J2^4+0.0001808449*J2^5+0,0,0,0,0,0,0.0007987430*J1^1*J2^4+0,0,-0.0009223090*J1^1*J2^4+-0.0021972656*J2^5+0,0,0,0,0,0,-0.0000553722*J2^5+0,0,-0.0001726335*J1^1*J2^4+0.0000639383*J2^5+0,0,0,0,0,0,0,0,0,0,0,0,0,0,-0.0012685919*J1^1*J2^4+0,0,0.0014648437*J1^1*J2^4+-0.0070800781*J2^5+0,0,-0.0010579427*J2^5+0,0,-0.0023962291*J1^1*J2^4+0.0012216070*J2^5+0,0,0,0,0,0,0,0,0,0},
{0,0,0,0,0,0,0,0,0,0,0,0,0,0,0,0,0,0,0,0,0,0,0,0,0,0,0,0,0,0,0,0,0,0,0,0,0,0,0,0,0,0,0,0,0,0,0,0,0.0001409547*J1^1*J2^4+0.0012685919*J2^5+0,0,-0.0004611545*J1^1*J2^4+0.0000452112*J2^5+0,0,0,0,0,0,0.0004228640*J1^1*J2^4+0,0,0.0001356337*J2^5+0,0,0,0,0,0,0.0004983500*J1^1*J2^4+0.0017940599*J2^5+0,0,-0.0006521710*J1^1*J2^4+0.0001598458*J2^5+0,0,0,0,0,0,0,0,0,0,0,0,0,0,-0.0023962291*J1^1*J2^4+0,0,-0.0010579427*J2^5+0,0,0.0027669271*J1^1*J2^4+-0.0070800781*J2^5+0,0,-0.0012685919*J1^1*J2^4+0.0012216070*J2^5+0,0,0,0,0,0,0,0,0,0},
{0,0,0,0,0,0,0,0,0,0,0,0,0,0,0,0,0,0,0,0,0,0,0,0,0,0,0,0,0,0,0,0,0,0,0,0,0,0,0,0,0,0,0,0,0,0,0,0,-0.0004611545*J1^1*J2^4+0.0000452112*J2^5+0,0,0.0006734500*J1^1*J2^4+0.0012163865*J2^5+0,0,0,0,0,0,0.0001356337*J2^5+0,0,0.0004228640*J1^1*J2^4+-0.0001566163*J2^5+0,0,0,0,0,0,-0.0006521710*J1^1*J2^4+0.0001598458*J2^5+0,0,0.0012514121*J1^1*J2^4+0.0016094858*J2^5+0,0,0,0,0,0,0,0,0,0,0,0,0,0,-0.0010579427*J2^5+0,0,-0.0023962291*J1^1*J2^4+0.0012216070*J2^5+0,0,-0.0012685919*J1^1*J2^4+0.0012216070*J2^5+0,0,0.0042317708*J1^1*J2^4+-0.0084906684*J2^5+0,0,0,0,0,0,0,0,0,0},
{0,0,0,0,0,0,0,0,0,0,0,0,0,0,0,0,0,0,0,0,0,0,0,0,0,0,0,0,0,0,0,0,0,0,0,0,0,0,0,0,0,0,0,0,0,0,0,0,0,0,0,0,-0.0004882812*J1^1*J2^4+0,0,-0.0001566163*J2^5+0,0,0,0,0,0,-0.0021972656*J2^5+0,0,0.0007987430*J1^1*J2^4+0,0,0,0,0,0,-0.0001726335*J1^1*J2^4+0,0,-0.0000553722*J2^5+0,0,0.0040876850*J2^5+0,0,0.0007324219*J1^1*J2^4+0,0,0.0013834635*J1^1*J2^4+0,0,0.0006108035*J2^5+0,0,0,0,0,0,0,0,0,0,-0.0057808596*J2^5+0,0,-0.0010358009*J1^1*J2^4+0,0,-0.0019565129*J1^1*J2^4+0,0,-0.0008638066*J2^5+0,0},
{0,0,0,0,0,0,0,0,0,0,0,0,0,0,0,0,0,0,0,0,0,0,0,0,0,0,0,0,0,0,0,0,0,0,0,0,0,0,0,0,0,0,0,0,0,0,0,0,0,0,0,0,-0.0001566163*J2^5+0,0,-0.0004882813*J1^1*J2^4+0.0001808449*J2^5+0,0,0,0,0,0,0.0007987430*J1^1*J2^4+0,0,-0.0009223090*J1^1*J2^4+-0.0021972656*J2^5+0,0,0,0,0,0,-0.0000553722*J2^5+0,0,-0.0001726335*J1^1*J2^4+0.0000639383*J2^5+0,0,0.0007324219*J1^1*J2^4+0,0,-0.0008457279*J1^1*J2^4+0.0040876850*J2^5+0,0,0.0006108035*J2^5+0,0,0.0013834635*J1^1*J2^4+-0.0007052951*J2^5+0,0,0,0,0,0,0,0,0,0,-0.0010358009*J1^1*J2^4+0,0,0.0011960399*J1^1*J2^4+-0.0057808596*J2^5+0,0,-0.0008638066*J2^5+0,0,-0.0019565129*J1^1*J2^4+0.0009974380*J2^5+0,0},
{0,0,0,0,0,0,0,0,0,0,0,0,0,0,0,0,0,0,0,0,0,0,0,0,0,0,0,0,0,0,0,0,0,0,0,0,0,0,0,0,0,0,0,0,0,0,0,0,0,0,0,0,0.0001409547*J1^1*J2^4+0.0012685919*J2^5+0,0,-0.0004611545*J1^1*J2^4+0.0000452112*J2^5+0,0,0,0,0,0,0.0004228640*J1^1*J2^4+0,0,0.0001356337*J2^5+0,0,0,0,0,0,0.0004983500*J1^1*J2^4+0.0017940599*J2^5+0,0,-0.0006521710*J1^1*J2^4+0.0001598458*J2^5+0,0,0.0013834635*J1^1*J2^4+0,0,0.0006108035*J2^5+0,0,-0.0015974861*J1^1*J2^4+0.0040876850*J2^5+0,0,0.0007324219*J1^1*J2^4+-0.0007052951*J2^5+0,0,0,0,0,0,0,0,0,0,-0.0019565129*J1^1*J2^4+0,0,-0.0008638066*J2^5+0,0,0.0022591865*J1^1*J2^4+-0.0057808596*J2^5+0,0,-0.0010358009*J1^1*J2^4+0.0009974380*J2^5+0,0},
{0,0,0,0,0,0,0,0,0,0,0,0,0,0,0,0,0,0,0,0,0,0,0,0,0,0,0,0,0,0,0,0,0,0,0,0,0,0,0,0,0,0,0,0,0,0,0,0,0,0,0,0,-0.0004611545*J1^1*J2^4+0.0000452112*J2^5+0,0,0.0006734500*J1^1*J2^4+0.0012163865*J2^5+0,0,0,0,0,0,0.0001356337*J2^5+0,0,0.0004228640*J1^1*J2^4+-0.0001566163*J2^5+0,0,0,0,0,0,-0.0006521710*J1^1*J2^4+0.0001598458*J2^5+0,0,0.0012514121*J1^1*J2^4+0.0016094858*J2^5+0,0,0.0006108035*J2^5+0,0,0.0013834635*J1^1*J2^4+-0.0007052951*J2^5+0,0,0.0007324219*J1^1*J2^4+-0.0007052951*J2^5+0,0,-0.0024432140*J1^1*J2^4+0.0049020897*J2^5+0,0,0,0,0,0,0,0,0,0,-0.0008638066*J2^5+0,0,-0.0019565129*J1^1*J2^4+0.0009974380*J2^5+0,0,-0.0010358009*J1^1*J2^4+0.0009974380*J2^5+0,0,0.0034552264*J1^1*J2^4+-0.0069326017*J2^5+0,0},
{0,0,0,0,0,0,0,0,0,0,0,0,0,0,0,0,0,0,0,0,0,0,0,0,0,0,0,0,0,0,0,0,0,0,0,0,0,0,0,0,0,0,0,0,0,0,0,0,0,0.0003986800*J1^1*J2^4+0,0,0.0001278767*J2^5+0,0,0,0,0,0,0.0017940599*J2^5+0,0,-0.0006521710*J1^1*J2^4+0,0,0,0,0,0,0.0001409547*J1^1*J2^4+0,0,0.0000452112*J2^5+0,0,0,0,0,0,0,0,0,0,0,0,0,0,0.0057808596*J2^5+0,0,0.0010358009*J1^1*J2^4+0,0,0.0019565129*J1^1*J2^4+0,0,0.0008638066*J2^5+0,0,0,0,0,0,0,0,0},
{0,0,0,0,0,0,0,0,0,0,0,0,0,0,0,0,0,0,0,0,0,0,0,0,0,0,0,0,0,0,0,0,0,0,0,0,0,0,0,0,0,0,0,0,0,0,0,0,0,0.0001278767*J2^5+0,0,0.0003986800*J1^1*J2^4+-0.0001476592*J2^5+0,0,0,0,0,0,-0.0006521710*J1^1*J2^4+0,0,0.0007530622*J1^1*J2^4+0.0017940599*J2^5+0,0,0,0,0,0,0.0000452112*J2^5+0,0,0.0001409547*J1^1*J2^4+-0.0000522054*J2^5+0,0,0,0,0,0,0,0,0,0,0,0,0,0,0.0010358009*J1^1*J2^4+0,0,-0.0011960399*J1^1*J2^4+0.0057808596*J2^5+0,0,0.0008638066*J2^5+0,0,0.0019565129*J1^1*J2^4+-0.0009974380*J2^5+0,0,0,0,0,0,0,0,0},
{0,0,0,0,0,0,0,0,0,0,0,0,0,0,0,0,0,0,0,0,0,0,0,0,0,0,0,0,0,0,0,0,0,0,0,0,0,0,0,0,0,0,0,0,0,0,0,0,0,-0.0001150890*J1^1*J2^4+-0.0010358009*J2^5+0,0,0.0003765311*J1^1*J2^4+-0.0000369148*J2^5+0,0,0,0,0,0,-0.0003452670*J1^1*J2^4+0,0,-0.0001107444*J2^5+0,0,0,0,0,0,-0.0004069010*J1^1*J2^4+-0.0014648437*J2^5+0,0,0.0005324954*J1^1*J2^4+-0.0001305136*J2^5+0,0,0,0,0,0,0,0,0,0,0,0,0,0,0.0019565129*J1^1*J2^4+0,0,0.0008638066*J2^5+0,0,-0.0022591865*J1^1*J2^4+0.0057808596*J2^5+0,0,0.0010358009*J1^1*J2^4+-0.0009974380*J2^5+0,0,0,0,0,0,0,0,0},
{0,0,0,0,0,0,0,0,0,0,0,0,0,0,0,0,0,0,0,0,0,0,0,0,0,0,0,0,0,0,0,0,0,0,0,0,0,0,0,0,0,0,0,0,0,0,0,0,0,0.0003765311*J1^1*J2^4+-0.0000369148*J2^5+0,0,-0.0005498696*J1^1*J2^4+-0.0009931754*J2^5+0,0,0,0,0,0,-0.0001107444*J2^5+0,0,-0.0003452670*J1^1*J2^4+0.0001278767*J2^5+0,0,0,0,0,0,0.0005324954*J1^1*J2^4+-0.0001305136*J2^5+0,0,-0.0010217737*J1^1*J2^4+-0.0013141397*J2^5+0,0,0,0,0,0,0,0,0,0,0,0,0,0,0.0008638066*J2^5+0,0,0.0019565129*J1^1*J2^4+-0.0009974380*J2^5+0,0,0.0010358009*J1^1*J2^4+-0.0009974380*J2^5+0,0,-0.0034552264*J1^1*J2^4+0.0069326017*J2^5+0,0,0,0,0,0,0,0,0},
{0,0,0,0,0,0,0,0,0,0,0,0,0,0,0,0,0,0,0,0,0,0,0,0,0,0,0,0,0,0,0,0,0,0,0,0,0,0,0,0,0,0,0,0,0,0,0,0,0,0,0,0,0,0.0003986800*J1^1*J2^4+0,0,0.0001278767*J2^5+0,0,0,0,0,0,0.0017940599*J2^5+0,0,-0.0006521710*J1^1*J2^4+0,0,0,0,0,0,0.0001409547*J1^1*J2^4+0,0,0.0000452112*J2^5+0,0,-0.0033375808*J2^5+0,0,-0.0005980200*J1^1*J2^4+0,0,-0.0011295933*J1^1*J2^4+0,0,-0.0004987190*J2^5+0,0,0,0,0,0,0,0,0,0,0.0047200521*J2^5+0,0,0.0008457279*J1^1*J2^4+0,0,0.0015974861*J1^1*J2^4+0,0,0.0007052951*J2^5+0},
{0,0,0,0,0,0,0,0,0,0,0,0,0,0,0,0,0,0,0,0,0,0,0,0,0,0,0,0,0,0,0,0,0,0,0,0,0,0,0,0,0,0,0,0,0,0,0,0,0,0,0,0,0,0.0001278767*J2^5+0,0,0.0003986800*J1^1*J2^4+-0.0001476592*J2^5+0,0,0,0,0,0,-0.0006521710*J1^1*J2^4+0,0,0.0007530622*J1^1*J2^4+0.0017940599*J2^5+0,0,0,0,0,0,0.0000452112*J2^5+0,0,0.0001409547*J1^1*J2^4+-0.0000522054*J2^5+0,0,-0.0005980200*J1^1*J2^4+0,0,0.0006905340*J1^1*J2^4+-0.0033375808*J2^5+0,0,-0.0004987190*J2^5+0,0,-0.0011295933*J1^1*J2^4+0.0005758711*J2^5+0,0,0,0,0,0,0,0,0,0,0.0008457279*J1^1*J2^4+0,0,-0.0009765625*J1^1*J2^4+0.0047200521*J2^5+0,0,0.0007052951*J2^5+0,0,0.0015974861*J1^1*J2^4+-0.0008144047*J2^5+0},
{0,0,0,0,0,0,0,0,0,0,0,0,0,0,0,0,0,0,0,0,0,0,0,0,0,0,0,0,0,0,0,0,0,0,0,0,0,0,0,0,0,0,0,0,0,0,0,0,0,0,0,0,0,-0.0001150890*J1^1*J2^4+-0.0010358009*J2^5+0,0,0.0003765311*J1^1*J2^4+-0.0000369148*J2^5+0,0,0,0,0,0,-0.0003452670*J1^1*J2^4+0,0,-0.0001107444*J2^5+0,0,0,0,0,0,-0.0004069010*J1^1*J2^4+-0.0014648437*J2^5+0,0,0.0005324954*J1^1*J2^4+-0.0001305136*J2^5+0,0,-0.0011295933*J1^1*J2^4+0,0,-0.0004987190*J2^5+0,0,0.0013043419*J1^1*J2^4+-0.0033375808*J2^5+0,0,-0.0005980200*J1^1*J2^4+0.0005758711*J2^5+0,0,0,0,0,0,0,0,0,0,0.0015974861*J1^1*J2^4+0,0,0.0007052951*J2^5+0,0,-0.0018446181*J1^1*J2^4+0.0047200521*J2^5+0,0,0.0008457279*J1^1*J2^4+-0.0008144047*J2^5+0},
{0,0,0,0,0,0,0,0,0,0,0,0,0,0,0,0,0,0,0,0,0,0,0,0,0,0,0,0,0,0,0,0,0,0,0,0,0,0,0,0,0,0,0,0,0,0,0,0,0,0,0,0,0,0.0003765311*J1^1*J2^4+-0.0000369148*J2^5+0,0,-0.0005498696*J1^1*J2^4+-0.0009931754*J2^5+0,0,0,0,0,0,-0.0001107444*J2^5+0,0,-0.0003452670*J1^1*J2^4+0.0001278767*J2^5+0,0,0,0,0,0,0.0005324954*J1^1*J2^4+-0.0001305136*J2^5+0,0,-0.0010217737*J1^1*J2^4+-0.0013141397*J2^5+0,0,-0.0004987190*J2^5+0,0,-0.0011295933*J1^1*J2^4+0.0005758711*J2^5+0,0,-0.0005980200*J1^1*J2^4+0.0005758711*J2^5+0,0,0.0019948759*J1^1*J2^4+-0.0040025395*J2^5+0,0,0,0,0,0,0,0,0,0,0.0007052951*J2^5+0,0,0.0015974861*J1^1*J2^4+-0.0008144047*J2^5+0,0,0.0008457279*J1^1*J2^4+-0.0008144047*J2^5+0,0,-0.0028211806*J1^1*J2^4+0.0056604456*J2^5+0},
{0,0,0,0,0,0,0,0,0,0,0,0,0,0,0,0,0,0,0,0,0,0,0,0,0,0,0,0,0,0,0,0,0,0,0,0,0,0,0,0,0,0,0,0,0,0,0,0,0.0000927667*J2^5+0,0,0.0002584169*J1^1*J2^4+-0.0000795649*J2^5+0,0,0,0,0,0,0.0002556946*J1^1*J2^4+0,0,0.0001006405*J1^1*J2^4+0.0021143198*J2^5+0,0,0,0,0,0,0.0000477169*J2^5+0,0,0.0001162817*J1^1*J2^4+-0.0000444345*J2^5+0,0,0,0,0,0,0,0,0,0,0,0,0,0,0.0011559004*J1^1*J2^4+0,0,-0.0008126645*J1^1*J2^4+0.0042991170*J2^5+0,0,0.0004272144*J2^5+0,0,0.0010172526*J1^1*J2^4+-0.0004450794*J2^5+0,0,0,0,0,0,0,0,0,0},
{0,0,0,0,0,0,0,0,0,0,0,0,0,0,0,0,0,0,0,0,0,0,0,0,0,0,0,0,0,0,0,0,0,0,0,0,0,0,0,0,0,0,0,0,0,0,0,0,0,0.0000927667*J2^5+0,0,0.0002584169*J1^1*J2^4+-0.0000795649*J2^5+0,0,0,0,0,0,0.0002556946*J1^1*J2^4+0,0,0.0001006405*J1^1*J2^4+0.0021143198*J2^5+0,0,0,0,0,0,0.0000477169*J2^5+0,0,0.0001162817*J1^1*J2^4+-0.0000444345*J2^5+0,0,0,0,0,0,0,0,0,0,0,0,0,0,0.0011559004*J1^1*J2^4+0,0,-0.0008126645*J1^1*J2^4+0.0042991170*J2^5+0,0,0.0004272144*J2^5+0,0,0.0010172526*J1^1*J2^4+-0.0004450794*J2^5+0,0,0,0,0,0,0,0,0},
{0,0,0,0,0,0,0,0,0,0,0,0,0,0,0,0,0,0,0,0,0,0,0,0,0,0,0,0,0,0,0,0,0,0,0,0,0,0,0,0,0,0,0,0,0,0,0,0,-0.0001476253*J1^1*J2^4+-0.0000389607*J2^5+0,0,-0.0001530484*J1^1*J2^4+-0.0011844225*J2^5+0,0,0,0,0,0,-0.0000925196*J2^5+0,0,-0.0002441406*J1^1*J2^4+0.0000822175*J2^5+0,0,0,0,0,0,-0.0002087738*J1^1*J2^4+-0.0001032931*J2^5+0,0,-0.0003603043*J1^1*J2^4+-0.0016357161*J2^5+0,0,0,0,0,0,0,0,0,0,0,0,0,0,0.0004272144*J2^5+0,0,0.0010172526*J1^1*J2^4+-0.0004450794*J2^5+0,0,0.0011559004*J1^1*J2^4+-0.0004933047*J2^5+0,0,-0.0019872866*J1^1*J2^4+0.0048130504*J2^5+0,0,0,0,0,0,0,0,0,0},
{0,0,0,0,0,0,0,0,0,0,0,0,0,0,0,0,0,0,0,0,0,0,0,0,0,0,0,0,0,0,0,0,0,0,0,0,0,0,0,0,0,0,0,0,0,0,0,0,0,-0.0001476253*J1^1*J2^4+-0.0000389607*J2^5+0,0,-0.0001530484*J1^1*J2^4+-0.0011844225*J2^5+0,0,0,0,0,0,-0.0000925196*J2^5+0,0,-0.0002441406*J1^1*J2^4+0.0000822175*J2^5+0,0,0,0,0,0,-0.0002087738*J1^1*J2^4+-0.0001032931*J2^5+0,0,-0.0003603043*J1^1*J2^4+-0.0016357161*J2^5+0,0,0,0,0,0,0,0,0,0,0,0,0,0,0.0004272144*J2^5+0,0,0.0010172526*J1^1*J2^4+-0.0004450794*J2^5+0,0,0.0011559004*J1^1*J2^4+-0.0004933047*J2^5+0,0,-0.0019872866*J1^1*J2^4+0.0048130504*J2^5+0,0,0,0,0,0,0,0,0},
{0,0,0,0,0,0,0,0,0,0,0,0,0,0,0,0,0,0,0,0,0,0,0,0,0,0,0,0,0,0,0,0,0,0,0,0,0,0,0,0,0,0,0,0,0,0,0,0,0,0,0,0,0.0000927667*J2^5+0,0,0.0002584169*J1^1*J2^4+-0.0000795649*J2^5+0,0,0,0,0,0,0.0002556946*J1^1*J2^4+0,0,0.0001006405*J1^1*J2^4+0.0021143198*J2^5+0,0,0,0,0,0,0.0000477169*J2^5+0,0,0.0001162817*J1^1*J2^4+-0.0000444345*J2^5+0,0,-0.0006673594*J1^1*J2^4+0,0,0.0004691921*J1^1*J2^4+-0.0024820964*J2^5+0,0,-0.0002466524*J2^5+0,0,-0.0005873111*J1^1*J2^4+0.0002569667*J2^5+0,0,0,0,0,0,0,0,0,0,0.0009437887*J1^1*J2^4+0,0,-0.0006635378*J1^1*J2^4+0.0035102143*J2^5+0,0,0.0003488191*J2^5+0,0,0.0008305833*J1^1*J2^4+-0.0003634058*J2^5+0,0},
{0,0,0,0,0,0,0,0,0,0,0,0,0,0,0,0,0,0,0,0,0,0,0,0,0,0,0,0,0,0,0,0,0,0,0,0,0,0,0,0,0,0,0,0,0,0,0,0,0,0,0,0,0,0.0000927667*J2^5+0,0,0.0002584169*J1^1*J2^4+-0.0000795649*J2^5+0,0,0,0,0,0,0.0002556946*J1^1*J2^4+0,0,0.0001006405*J1^1*J2^4+0.0021143198*J2^5+0,0,0,0,0,0,0.0000477169*J2^5+0,0,0.0001162817*J1^1*J2^4+-0.0000444345*J2^5+0,0,-0.0006673594*J1^1*J2^4+0,0,0.0004691921*J1^1*J2^4+-0.0024820964*J2^5+0,0,-0.0002466524*J2^5+0,0,-0.0005873111*J1^1*J2^4+0.0002569667*J2^5+0,0,0,0,0,0,0,0,0,0,0.0009437887*J1^1*J2^4+0,0,-0.0006635378*J1^1*J2^4+0.0035102143*J2^5+0,0,0.0003488191*J2^5+0,0,0.0008305833*J1^1*J2^4+-0.0003634058*J2^5+0},
{0,0,0,0,0,0,0,0,0,0,0,0,0,0,0,0,0,0,0,0,0,0,0,0,0,0,0,0,0,0,0,0,0,0,0,0,0,0,0,0,0,0,0,0,0,0,0,0,0,0,0,0,-0.0001476253*J1^1*J2^4+-0.0000389607*J2^5+0,0,-0.0001530484*J1^1*J2^4+-0.0011844225*J2^5+0,0,0,0,0,0,-0.0000925196*J2^5+0,0,-0.0002441406*J1^1*J2^4+0.0000822175*J2^5+0,0,0,0,0,0,-0.0002087738*J1^1*J2^4+-0.0001032931*J2^5+0,0,-0.0003603043*J1^1*J2^4+-0.0016357161*J2^5+0,0,-0.0002466524*J2^5+0,0,-0.0005873111*J1^1*J2^4+0.0002569667*J2^5+0,0,-0.0006673594*J1^1*J2^4+0.0002848096*J2^5+0,0,0.0011473605*J1^1*J2^4+-0.0027788160*J2^5+0,0,0,0,0,0,0,0,0,0,0.0003488191*J2^5+0,0,0.0008305833*J1^1*J2^4+-0.0003634058*J2^5+0,0,0.0009437887*J1^1*J2^4+-0.0004027816*J2^5+0,0,-0.0016226127*J1^1*J2^4+0.0039298392*J2^5+0,0},
{0,0,0,0,0,0,0,0,0,0,0,0,0,0,0,0,0,0,0,0,0,0,0,0,0,0,0,0,0,0,0,0,0,0,0,0,0,0,0,0,0,0,0,0,0,0,0,0,0,0,0,0,0,-0.0001476253*J1^1*J2^4+-0.0000389607*J2^5+0,0,-0.0001530484*J1^1*J2^4+-0.0011844225*J2^5+0,0,0,0,0,0,-0.0000925196*J2^5+0,0,-0.0002441406*J1^1*J2^4+0.0000822175*J2^5+0,0,0,0,0,0,-0.0002087738*J1^1*J2^4+-0.0001032931*J2^5+0,0,-0.0003603043*J1^1*J2^4+-0.0016357161*J2^5+0,0,-0.0002466524*J2^5+0,0,-0.0005873111*J1^1*J2^4+0.0002569667*J2^5+0,0,-0.0006673594*J1^1*J2^4+0.0002848096*J2^5+0,0,0.0011473605*J1^1*J2^4+-0.0027788160*J2^5+0,0,0,0,0,0,0,0,0,0,0.0003488191*J2^5+0,0,0.0008305833*J1^1*J2^4+-0.0003634058*J2^5+0,0,0.0009437887*J1^1*J2^4+-0.0004027816*J2^5+0,0,-0.0016226127*J1^1*J2^4+0.0039298392*J2^5+0},
{0,0,0,0,0,0,0,0,0,0,0,0,0,0,0,0,0,0,0,0,0,0,0,0,0,0,0,0,0,0,0,0,0,0,0,0,0,0,0,0,0,0,0,0,0,0,0,0,-0.0004475911*J1^1*J2^4+0,0,-0.0001331238*J2^5+0,0,0,0,0,0,-0.0036621094*J2^5+0,0,-0.0000469849*J1^1*J2^4+0,0,0,0,0,0,-0.0002014057*J1^1*J2^4+0,0,-0.0000719839*J2^5+0,0,0,0,0,0,0,0,0,0,0,0,0,0,-0.0074462891*J2^5+0,0,-0.0014800239*J1^1*J2^4+0,0,-0.0017619332*J1^1*J2^4+0,0,-0.0006917318*J2^5+0,0,0,0,0,0,0,0,0,0},
{0,0,0,0,0,0,0,0,0,0,0,0,0,0,0,0,0,0,0,0,0,0,0,0,0,0,0,0,0,0,0,0,0,0,0,0,0,0,0,0,0,0,0,0,0,0,0,0,0,-0.0004475911*J1^1*J2^4+0,0,-0.0001331238*J2^5+0,0,0,0,0,0,-0.0036621094*J2^5+0,0,-0.0000469849*J1^1*J2^4+0,0,0,0,0,0,-0.0002014057*J1^1*J2^4+0,0,-0.0000719839*J2^5+0,0,0,0,0,0,0,0,0,0,0,0,0,0,-0.0074462891*J2^5+0,0,-0.0014800239*J1^1*J2^4+0,0,-0.0017619332*J1^1*J2^4+0,0,-0.0006917318*J2^5+0,0,0,0,0,0,0,0,0},
{0,0,0,0,0,0,0,0,0,0,0,0,0,0,0,0,0,0,0,0,0,0,0,0,0,0,0,0,0,0,0,0,0,0,0,0,0,0,0,0,0,0,0,0,0,0,0,0,0.0001644471*J1^1*J2^4+0.0021143198*J2^5+0,0,0.0000271267*J1^1*J2^4+0.0000587746*J2^5+0,0,0,0,0,0,0.0004228640*J1^1*J2^4+0,0,0.0001356337*J2^5+0,0,0,0,0,0,0.0004817383*J1^1*J2^4+0.0029900998*J2^5+0,0,0.0000383630*J1^1*J2^4+0.0001502551*J2^5+0,0,0,0,0,0,0,0,0,0,0,0,0,0,-0.0017619332*J1^1*J2^4+0,0,-0.0006917318*J2^5+0,0,0.0020345052*J1^1*J2^4+-0.0074462891*J2^5+0,0,-0.0014800239*J1^1*J2^4+0.0007987430*J2^5+0,0,0,0,0,0,0,0,0,0},
{0,0,0,0,0,0,0,0,0,0,0,0,0,0,0,0,0,0,0,0,0,0,0,0,0,0,0,0,0,0,0,0,0,0,0,0,0,0,0,0,0,0,0,0,0,0,0,0,0,0.0001644471*J1^1*J2^4+0.0021143198*J2^5+0,0,0.0000271267*J1^1*J2^4+0.0000587746*J2^5+0,0,0,0,0,0,0.0004228640*J1^1*J2^4+0,0,0.0001356337*J2^5+0,0,0,0,0,0,0.0004817383*J1^1*J2^4+0.0029900998*J2^5+0,0,0.0000383630*J1^1*J2^4+0.0001502551*J2^5+0,0,0,0,0,0,0,0,0,0,0,0,0,0,-0.0017619332*J1^1*J2^4+0,0,-0.0006917318*J2^5+0,0,0.0020345052*J1^1*J2^4+-0.0074462891*J2^5+0,0,-0.0014800239*J1^1*J2^4+0.0007987430*J2^5+0,0,0,0,0,0,0,0,0},
{0,0,0,0,0,0,0,0,0,0,0,0,0,0,0,0,0,0,0,0,0,0,0,0,0,0,0,0,0,0,0,0,0,0,0,0,0,0,0,0,0,0,0,0,0,0,0,0,0,0,0,0,-0.0004475911*J1^1*J2^4+0,0,-0.0001331238*J2^5+0,0,0,0,0,0,-0.0036621094*J2^5+0,0,-0.0000469849*J1^1*J2^4+0,0,0,0,0,0,-0.0002014057*J1^1*J2^4+0,0,-0.0000719839*J2^5+0,0,0.0042991170*J2^5+0,0,0.0008544922*J1^1*J2^4+0,0,0.0010172526*J1^1*J2^4+0,0,0.0003993715*J2^5+0,0,0,0,0,0,0,0,0,0,-0.0060798696*J2^5+0,0,-0.0012084344*J1^1*J2^4+0,0,-0.0014386124*J1^1*J2^4+0,0,-0.0005647966*J2^5+0,0},
{0,0,0,0,0,0,0,0,0,0,0,0,0,0,0,0,0,0,0,0,0,0,0,0,0,0,0,0,0,0,0,0,0,0,0,0,0,0,0,0,0,0,0,0,0,0,0,0,0,0,0,0,0,-0.0004475911*J1^1*J2^4+0,0,-0.0001331238*J2^5+0,0,0,0,0,0,-0.0036621094*J2^5+0,0,-0.0000469849*J1^1*J2^4+0,0,0,0,0,0,-0.0002014057*J1^1*J2^4+0,0,-0.0000719839*J2^5+0,0,0.0042991170*J2^5+0,0,0.0008544922*J1^1*J2^4+0,0,0.0010172526*J1^1*J2^4+0,0,0.0003993715*J2^5+0,0,0,0,0,0,0,0,0,0,-0.0060798696*J2^5+0,0,-0.0012084344*J1^1*J2^4+0,0,-0.0014386124*J1^1*J2^4+0,0,-0.0005647966*J2^5+0},
{0,0,0,0,0,0,0,0,0,0,0,0,0,0,0,0,0,0,0,0,0,0,0,0,0,0,0,0,0,0,0,0,0,0,0,0,0,0,0,0,0,0,0,0,0,0,0,0,0,0,0,0,0.0001644471*J1^1*J2^4+0.0021143198*J2^5+0,0,0.0000271267*J1^1*J2^4+0.0000587746*J2^5+0,0,0,0,0,0,0.0004228640*J1^1*J2^4+0,0,0.0001356337*J2^5+0,0,0,0,0,0,0.0004817383*J1^1*J2^4+0.0029900998*J2^5+0,0,0.0000383630*J1^1*J2^4+0.0001502551*J2^5+0,0,0.0010172526*J1^1*J2^4+0,0,0.0003993715*J2^5+0,0,-0.0011746221*J1^1*J2^4+0.0042991170*J2^5+0,0,0.0008544922*J1^1*J2^4+-0.0004611545*J2^5+0,0,0,0,0,0,0,0,0,0,-0.0014386124*J1^1*J2^4+0,0,-0.0005647966*J2^5+0,0,0.0016611665*J1^1*J2^4+-0.0060798696*J2^5+0,0,-0.0012084344*J1^1*J2^4+0.0006521710*J2^5+0,0},
{0,0,0,0,0,0,0,0,0,0,0,0,0,0,0,0,0,0,0,0,0,0,0,0,0,0,0,0,0,0,0,0,0,0,0,0,0,0,0,0,0,0,0,0,0,0,0,0,0,0,0,0,0,0.0001644471*J1^1*J2^4+0.0021143198*J2^5+0,0,0.0000271267*J1^1*J2^4+0.0000587746*J2^5+0,0,0,0,0,0,0.0004228640*J1^1*J2^4+0,0,0.0001356337*J2^5+0,0,0,0,0,0,0.0004817383*J1^1*J2^4+0.0029900998*J2^5+0,0,0.0000383630*J1^1*J2^4+0.0001502551*J2^5+0,0,0.0010172526*J1^1*J2^4+0,0,0.0003993715*J2^5+0,0,-0.0011746221*J1^1*J2^4+0.0042991170*J2^5+0,0,0.0008544922*J1^1*J2^4+-0.0004611545*J2^5+0,0,0,0,0,0,0,0,0,0,-0.0014386124*J1^1*J2^4+0,0,-0.0005647966*J2^5+0,0,0.0016611665*J1^1*J2^4+-0.0060798696*J2^5+0,0,-0.0012084344*J1^1*J2^4+0.0006521710*J2^5+0},
{0,0,0,0,0,0,0,0,0,0,0,0,0,0,0,0,0,0,0,0,0,0,0,0,0,0,0,0,0,0,0,0,0,0,0,0,0,0,0,0,0,0,0,0,0,0,0,0,-0.0000974468*J2^5+0,0,-0.0003654566*J1^1*J2^4+0.0001320046*J2^5+0,0,0,0,0,0,0.0001232589*J1^1*J2^4+0,0,0.0001376102*J1^1*J2^4+-0.0029900998*J2^5+0,0,0,0,0,0,-0.0000544209*J2^5+0,0,-0.0001644471*J1^1*J2^4+0.0000703807*J2^5+0,0,0,0,0,0,0,0,0,0,0,0,0,0,-0.0009953067*J1^1*J2^4+0,0,0.0015184293*J1^1*J2^4+-0.0060798696*J2^5+0,0,-0.0005451087*J2^5+0,0,-0.0014386124*J1^1*J2^4+0.0006635378*J2^5+0,0,0,0,0,0,0,0,0,0},
{0,0,0,0,0,0,0,0,0,0,0,0,0,0,0,0,0,0,0,0,0,0,0,0,0,0,0,0,0,0,0,0,0,0,0,0,0,0,0,0,0,0,0,0,0,0,0,0,0,-0.0000974468*J2^5+0,0,-0.0003654566*J1^1*J2^4+0.0001320046*J2^5+0,0,0,0,0,0,0.0001232589*J1^1*J2^4+0,0,0.0001376102*J1^1*J2^4+-0.0029900998*J2^5+0,0,0,0,0,0,-0.0000544209*J2^5+0,0,-0.0001644471*J1^1*J2^4+0.0000703807*J2^5+0,0,0,0,0,0,0,0,0,0,0,0,0,0,-0.0009953067*J1^1*J2^4+0,0,0.0015184293*J1^1*J2^4+-0.0060798696*J2^5+0,0,-0.0005451087*J2^5+0,0,-0.0014386124*J1^1*J2^4+0.0006635378*J2^5+0,0,0,0,0,0,0,0,0},
{0,0,0,0,0,0,0,0,0,0,0,0,0,0,0,0,0,0,0,0,0,0,0,0,0,0,0,0,0,0,0,0,0,0,0,0,0,0,0,0,0,0,0,0,0,0,0,0,-0.0000711636*J1^1*J2^4+0.0000444345*J2^5+0,0,0.0000548212*J1^1*J2^4+0.0016688694*J2^5+0,0,0,0,0,0,0.0001006954*J2^5+0,0,0.0003452670*J1^1*J2^4+-0.0001336785*J2^5+0,0,0,0,0,0,-0.0001006405*J1^1*J2^4+0.0001109849*J2^5+0,0,0.0002809794*J1^1*J2^4+0.0022929906*J2^5+0,0,0,0,0,0,0,0,0,0,0,0,0,0,-0.0005451087*J2^5+0,0,-0.0014386124*J1^1*J2^4+0.0006635378*J2^5+0,0,-0.0009953067*J1^1*J2^4+0.0006294373*J2^5+0,0,0.0031795958*J1^1*J2^4+-0.0068460570*J2^5+0,0,0,0,0,0,0,0,0,0},
{0,0,0,0,0,0,0,0,0,0,0,0,0,0,0,0,0,0,0,0,0,0,0,0,0,0,0,0,0,0,0,0,0,0,0,0,0,0,0,0,0,0,0,0,0,0,0,0,0,-0.0000711636*J1^1*J2^4+0.0000444345*J2^5+0,0,0.0000548212*J1^1*J2^4+0.0016688694*J2^5+0,0,0,0,0,0,0.0001006954*J2^5+0,0,0.0003452670*J1^1*J2^4+-0.0001336785*J2^5+0,0,0,0,0,0,-0.0001006405*J1^1*J2^4+0.0001109849*J2^5+0,0,0.0002809794*J1^1*J2^4+0.0022929906*J2^5+0,0,0,0,0,0,0,0,0,0,0,0,0,0,-0.0005451087*J2^5+0,0,-0.0014386124*J1^1*J2^4+0.0006635378*J2^5+0,0,-0.0009953067*J1^1*J2^4+0.0006294373*J2^5+0,0,0.0031795958*J1^1*J2^4+-0.0068460570*J2^5+0,0,0,0,0,0,0,0,0},
{0,0,0,0,0,0,0,0,0,0,0,0,0,0,0,0,0,0,0,0,0,0,0,0,0,0,0,0,0,0,0,0,0,0,0,0,0,0,0,0,0,0,0,0,0,0,0,0,0,0,0,0,-0.0000974468*J2^5+0,0,-0.0003654566*J1^1*J2^4+0.0001320046*J2^5+0,0,0,0,0,0,0.0001232589*J1^1*J2^4+0,0,0.0001376102*J1^1*J2^4+-0.0029900998*J2^5+0,0,0,0,0,0,-0.0000544209*J2^5+0,0,-0.0001644471*J1^1*J2^4+0.0000703807*J2^5+0,0,0.0005746406*J1^1*J2^4+0,0,-0.0008766655*J1^1*J2^4+0.0035102143*J2^5+0,0,0.0003147187*J2^5+0,0,0.0008305833*J1^1*J2^4+-0.0003830937*J2^5+0,0,0,0,0,0,0,0,0,0,-0.0008126645*J1^1*J2^4+0,0,0.0012397923*J1^1*J2^4+-0.0049641927*J2^5+0,0,-0.0004450794*J2^5+0,0,-0.0011746221*J1^1*J2^4+0.0005417763*J2^5+0,0},
{0,0,0,0,0,0,0,0,0,0,0,0,0,0,0,0,0,0,0,0,0,0,0,0,0,0,0,0,0,0,0,0,0,0,0,0,0,0,0,0,0,0,0,0,0,0,0,0,0,0,0,0,0,-0.0000974468*J2^5+0,0,-0.0003654566*J1^1*J2^4+0.0001320046*J2^5+0,0,0,0,0,0,0.0001232589*J1^1*J2^4+0,0,0.0001376102*J1^1*J2^4+-0.0029900998*J2^5+0,0,0,0,0,0,-0.0000544209*J2^5+0,0,-0.0001644471*J1^1*J2^4+0.0000703807*J2^5+0,0,0.0005746406*J1^1*J2^4+0,0,-0.0008766655*J1^1*J2^4+0.0035102143*J2^5+0,0,0.0003147187*J2^5+0,0,0.0008305833*J1^1*J2^4+-0.0003830937*J2^5+0,0,0,0,0,0,0,0,0,0,-0.0008126645*J1^1*J2^4+0,0,0.0012397923*J1^1*J2^4+-0.0049641927*J2^5+0,0,-0.0004450794*J2^5+0,0,-0.0011746221*J1^1*J2^4+0.0005417763*J2^5+0},
{0,0,0,0,0,0,0,0,0,0,0,0,0,0,0,0,0,0,0,0,0,0,0,0,0,0,0,0,0,0,0,0,0,0,0,0,0,0,0,0,0,0,0,0,0,0,0,0,0,0,0,0,-0.0000711636*J1^1*J2^4+0.0000444345*J2^5+0,0,0.0000548212*J1^1*J2^4+0.0016688694*J2^5+0,0,0,0,0,0,0.0001006954*J2^5+0,0,0.0003452670*J1^1*J2^4+-0.0001336785*J2^5+0,0,0,0,0,0,-0.0001006405*J1^1*J2^4+0.0001109849*J2^5+0,0,0.0002809794*J1^1*J2^4+0.0022929906*J2^5+0,0,0.0003147187*J2^5+0,0,0.0008305833*J1^1*J2^4+-0.0003830937*J2^5+0,0,0.0005746406*J1^1*J2^4+-0.0003634058*J2^5+0,0,-0.0018357405*J1^1*J2^4+0.0039525728*J2^5+0,0,0,0,0,0,0,0,0,0,-0.0004450794*J2^5+0,0,-0.0011746221*J1^1*J2^4+0.0005417763*J2^5+0,0,-0.0008126645*J1^1*J2^4+0.0005139334*J2^5+0,0,0.0025961291*J1^1*J2^4+-0.0055897821*J2^5+0,0},
{0,0,0,0,0,0,0,0,0,0,0,0,0,0,0,0,0,0,0,0,0,0,0,0,0,0,0,0,0,0,0,0,0,0,0,0,0,0,0,0,0,0,0,0,0,0,0,0,0,0,0,0,0,-0.0000711636*J1^1*J2^4+0.0000444345*J2^5+0,0,0.0000548212*J1^1*J2^4+0.0016688694*J2^5+0,0,0,0,0,0,0.0001006954*J2^5+0,0,0.0003452670*J1^1*J2^4+-0.0001336785*J2^5+0,0,0,0,0,0,-0.0001006405*J1^1*J2^4+0.0001109849*J2^5+0,0,0.0002809794*J1^1*J2^4+0.0022929906*J2^5+0,0,0.0003147187*J2^5+0,0,0.0008305833*J1^1*J2^4+-0.0003830937*J2^5+0,0,0.0005746406*J1^1*J2^4+-0.0003634058*J2^5+0,0,-0.0018357405*J1^1*J2^4+0.0039525728*J2^5+0,0,0,0,0,0,0,0,0,0,-0.0004450794*J2^5+0,0,-0.0011746221*J1^1*J2^4+0.0005417763*J2^5+0,0,-0.0008126645*J1^1*J2^4+0.0005139334*J2^5+0,0,0.0025961291*J1^1*J2^4+-0.0055897821*J2^5+0},
{0,0,0,0,0,0,0,0,0.0011559004*J1^1*J2^4+0,0.0004272144*J2^5+0,-0.0008126645*J1^1*J2^4+0.0042991170*J2^5+0,0.0010172526*J1^1*J2^4+-0.0004450794*J2^5+0,0,0,0,0,0,0,0,0,0,0,0,0,0.0000927667*J2^5+0,0,0.0002584169*J1^1*J2^4+-0.0000795649*J2^5+0,0,0,0,0,0,0.0002556946*J1^1*J2^4+0,0,0.0001006405*J1^1*J2^4+0.0021143198*J2^5+0,0,0,0,0,0,-0.0000477169*J2^5+0,0,-0.0001162817*J1^1*J2^4+0.0000444345*J2^5+0,0,0,0,0,0,0,0,0,0,0,0,0,0,0,0,0,0,0,0,0,0,0,0,0,0,0,0,0,0,0,0,0,0,0,0,0,0,0,0,0,0,0,0,0,0,0,0,0,0,0,0,0,0},
{-0.0006673594*J1^1*J2^4+0,-0.0002466524*J2^5+0,0.0004691921*J1^1*J2^4+-0.0024820964*J2^5+0,-0.0005873111*J1^1*J2^4+0.0002569667*J2^5+0,0,0,0,0,0,0,0,0,0,0,0,0,-0.0009437887*J1^1*J2^4+0,-0.0003488191*J2^5+0,0.0006635378*J1^1*J2^4+-0.0035102143*J2^5+0,-0.0008305833*J1^1*J2^4+0.0003634058*J2^5+0,0,0,0,0,0,0.0000927667*J2^5+0,0,0.0002584169*J1^1*J2^4+-0.0000795649*J2^5+0,0,0,0,0,0,0.0002556946*J1^1*J2^4+0,0,0.0001006405*J1^1*J2^4+0.0021143198*J2^5+0,0,0,0,0,0,-0.0000477169*J2^5+0,0,-0.0001162817*J1^1*J2^4+0.0000444345*J2^5+0,0,0,0,0,0,0,0,0,0,0,0,0,0,0,0,0,0,0,0,0,0,0,0,0,0,0,0,0,0,0,0,0,0,0,0,0,0,0,0,0,0,0,0,0,0,0,0,0,0,0,0,0},
{0,0,0,0,0,0,0,0,0.0004272144*J2^5+0,0.0011559004*J1^1*J2^4+-0.0004933047*J2^5+0,0.0010172526*J1^1*J2^4+-0.0004450794*J2^5+0,-0.0019872866*J1^1*J2^4+0.0048130504*J2^5+0,0,0,0,0,0,0,0,0,0,0,0,0,-0.0001476253*J1^1*J2^4+-0.0000389607*J2^5+0,0,-0.0001530484*J1^1*J2^4+-0.0011844225*J2^5+0,0,0,0,0,0,-0.0000925196*J2^5+0,0,-0.0002441406*J1^1*J2^4+0.0000822175*J2^5+0,0,0,0,0,0,0.0002087738*J1^1*J2^4+0.0001032931*J2^5+0,0,0.0003603043*J1^1*J2^4+0.0016357161*J2^5+0,0,0,0,0,0,0,0,0,0,0,0,0,0,0,0,0,0,0,0,0,0,0,0,0,0,0,0,0,0,0,0,0,0,0,0,0,0,0,0,0,0,0,0,0,0,0,0,0,0,0,0,0,0},
{-0.0002466524*J2^5+0,-0.0006673594*J1^1*J2^4+0.0002848096*J2^5+0,-0.0005873111*J1^1*J2^4+0.0002569667*J2^5+0,0.0011473605*J1^1*J2^4+-0.0027788160*J2^5+0,0,0,0,0,0,0,0,0,0,0,0,0,-0.0003488191*J2^5+0,-0.0009437887*J1^1*J2^4+0.0004027816*J2^5+0,-0.0008305833*J1^1*J2^4+0.0003634058*J2^5+0,0.0016226127*J1^1*J2^4+-0.0039298392*J2^5+0,0,0,0,0,0,-0.0001476253*J1^1*J2^4+-0.0000389607*J2^5+0,0,-0.0001530484*J1^1*J2^4+-0.0011844225*J2^5+0,0,0,0,0,0,-0.0000925196*J2^5+0,0,-0.0002441406*J1^1*J2^4+0.0000822175*J2^5+0,0,0,0,0,0,0.0002087738*J1^1*J2^4+0.0001032931*J2^5+0,0,0.0003603043*J1^1*J2^4+0.0016357161*J2^5+0,0,0,0,0,0,0,0,0,0,0,0,0,0,0,0,0,0,0,0,0,0,0,0,0,0,0,0,0,0,0,0,0,0,0,0,0,0,0,0,0,0,0,0,0,0,0,0,0,0,0,0,0},
{0,0,0,0,0,0,0,0,0,0,0,0,0.0011559004*J1^1*J2^4+0,0.0004272144*J2^5+0,-0.0008126645*J1^1*J2^4+0.0042991170*J2^5+0,0.0010172526*J1^1*J2^4+-0.0004450794*J2^5+0,0,0,0,0,0,0,0,0,0,0,0,0,0.0000927667*J2^5+0,0,0.0002584169*J1^1*J2^4+-0.0000795649*J2^5+0,0,0,0,0,0,0.0002556946*J1^1*J2^4+0,0,0.0001006405*J1^1*J2^4+0.0021143198*J2^5+0,0,0,0,0,0,-0.0000477169*J2^5+0,0,-0.0001162817*J1^1*J2^4+0.0000444345*J2^5+0,0,0,0,0,0,0,0,0,0,0,0,0,0,0,0,0,0,0,0,0,0,0,0,0,0,0,0,0,0,0,0,0,0,0,0,0,0,0,0,0,0,0,0,0,0,0,0,0,0},
{0,0,0,0,-0.0006673594*J1^1*J2^4+0,-0.0002466524*J2^5+0,0.0004691921*J1^1*J2^4+-0.0024820964*J2^5+0,-0.0005873111*J1^1*J2^4+0.0002569667*J2^5+0,0,0,0,0,0,0,0,0,0,0,0,0,-0.0009437887*J1^1*J2^4+0,-0.0003488191*J2^5+0,0.0006635378*J1^1*J2^4+-0.0035102143*J2^5+0,-0.0008305833*J1^1*J2^4+0.0003634058*J2^5+0,0,0,0,0,0,0.0000927667*J2^5+0,0,0.0002584169*J1^1*J2^4+-0.0000795649*J2^5+0,0,0,0,0,0,0.0002556946*J1^1*J2^4+0,0,0.0001006405*J1^1*J2^4+0.0021143198*J2^5+0,0,0,0,0,0,-0.0000477169*J2^5+0,0,-0.0001162817*J1^1*J2^4+0.0000444345*J2^5+0,0,0,0,0,0,0,0,0,0,0,0,0,0,0,0,0,0,0,0,0,0,0,0,0,0,0,0,0,0,0,0,0,0,0,0,0,0,0,0,0,0,0,0,0,0,0,0,0},
{0,0,0,0,0,0,0,0,0,0,0,0,0.0004272144*J2^5+0,0.0011559004*J1^1*J2^4+-0.0004933047*J2^5+0,0.0010172526*J1^1*J2^4+-0.0004450794*J2^5+0,-0.0019872866*J1^1*J2^4+0.0048130504*J2^5+0,0,0,0,0,0,0,0,0,0,0,0,0,-0.0001476253*J1^1*J2^4+-0.0000389607*J2^5+0,0,-0.0001530484*J1^1*J2^4+-0.0011844225*J2^5+0,0,0,0,0,0,-0.0000925196*J2^5+0,0,-0.0002441406*J1^1*J2^4+0.0000822175*J2^5+0,0,0,0,0,0,0.0002087738*J1^1*J2^4+0.0001032931*J2^5+0,0,0.0003603043*J1^1*J2^4+0.0016357161*J2^5+0,0,0,0,0,0,0,0,0,0,0,0,0,0,0,0,0,0,0,0,0,0,0,0,0,0,0,0,0,0,0,0,0,0,0,0,0,0,0,0,0,0,0,0,0,0,0,0,0,0},
{0,0,0,0,-0.0002466524*J2^5+0,-0.0006673594*J1^1*J2^4+0.0002848096*J2^5+0,-0.0005873111*J1^1*J2^4+0.0002569667*J2^5+0,0.0011473605*J1^1*J2^4+-0.0027788160*J2^5+0,0,0,0,0,0,0,0,0,0,0,0,0,-0.0003488191*J2^5+0,-0.0009437887*J1^1*J2^4+0.0004027816*J2^5+0,-0.0008305833*J1^1*J2^4+0.0003634058*J2^5+0,0.0016226127*J1^1*J2^4+-0.0039298392*J2^5+0,0,0,0,0,0,-0.0001476253*J1^1*J2^4+-0.0000389607*J2^5+0,0,-0.0001530484*J1^1*J2^4+-0.0011844225*J2^5+0,0,0,0,0,0,-0.0000925196*J2^5+0,0,-0.0002441406*J1^1*J2^4+0.0000822175*J2^5+0,0,0,0,0,0,0.0002087738*J1^1*J2^4+0.0001032931*J2^5+0,0,0.0003603043*J1^1*J2^4+0.0016357161*J2^5+0,0,0,0,0,0,0,0,0,0,0,0,0,0,0,0,0,0,0,0,0,0,0,0,0,0,0,0,0,0,0,0,0,0,0,0,0,0,0,0,0,0,0,0,0,0,0,0,0},
{0,0,0,0,0,0,0,0,-0.0074462891*J2^5+0,-0.0017619332*J1^1*J2^4+0,-0.0014800239*J1^1*J2^4+0,-0.0006917318*J2^5+0,0,0,0,0,0,0,0,0,0,0,0,0,-0.0004475911*J1^1*J2^4+0,0,-0.0001331238*J2^5+0,0,0,0,0,0,-0.0036621094*J2^5+0,0,-0.0000469849*J1^1*J2^4+0,0,0,0,0,0,0.0002014057*J1^1*J2^4+0,0,0.0000719839*J2^5+0,0,0,0,0,0,0,0,0,0,0,0,0,0,0,0,0,0,0,0,0,0,0,0,0,0,0,0,0,0,0,0,0,0,0,0,0,0,0,0,0,0,0,0,0,0,0,0,0,0,0,0,0,0},
{0.0042991170*J2^5+0,0.0010172526*J1^1*J2^4+0,0.0008544922*J1^1*J2^4+0,0.0003993715*J2^5+0,0,0,0,0,0,0,0,0,0,0,0,0,0.0060798696*J2^5+0,0.0014386124*J1^1*J2^4+0,0.0012084344*J1^1*J2^4+0,0.0005647966*J2^5+0,0,0,0,0,0,-0.0004475911*J1^1*J2^4+0,0,-0.0001331238*J2^5+0,0,0,0,0,0,-0.0036621094*J2^5+0,0,-0.0000469849*J1^1*J2^4+0,0,0,0,0,0,0.0002014057*J1^1*J2^4+0,0,0.0000719839*J2^5+0,0,0,0,0,0,0,0,0,0,0,0,0,0,0,0,0,0,0,0,0,0,0,0,0,0,0,0,0,0,0,0,0,0,0,0,0,0,0,0,0,0,0,0,0,0,0,0,0,0,0,0,0},
{0,0,0,0,0,0,0,0,-0.0017619332*J1^1*J2^4+0,0.0020345052*J1^1*J2^4+-0.0074462891*J2^5+0,-0.0006917318*J2^5+0,-0.0014800239*J1^1*J2^4+0.0007987430*J2^5+0,0,0,0,0,0,0,0,0,0,0,0,0,0.0001644471*J1^1*J2^4+0.0021143198*J2^5+0,0,0.0000271267*J1^1*J2^4+0.0000587746*J2^5+0,0,0,0,0,0,0.0004228640*J1^1*J2^4+0,0,0.0001356337*J2^5+0,0,0,0,0,0,-0.0004817383*J1^1*J2^4+-0.0029900998*J2^5+0,0,-0.0000383630*J1^1*J2^4+-0.0001502551*J2^5+0,0,0,0,0,0,0,0,0,0,0,0,0,0,0,0,0,0,0,0,0,0,0,0,0,0,0,0,0,0,0,0,0,0,0,0,0,0,0,0,0,0,0,0,0,0,0,0,0,0,0,0,0,0},
{0.0010172526*J1^1*J2^4+0,-0.0011746221*J1^1*J2^4+0.0042991170*J2^5+0,0.0003993715*J2^5+0,0.0008544922*J1^1*J2^4+-0.0004611545*J2^5+0,0,0,0,0,0,0,0,0,0,0,0,0,0.0014386124*J1^1*J2^4+0,-0.0016611665*J1^1*J2^4+0.0060798696*J2^5+0,0.0005647966*J2^5+0,0.0012084344*J1^1*J2^4+-0.0006521710*J2^5+0,0,0,0,0,0,0.0001644471*J1^1*J2^4+0.0021143198*J2^5+0,0,0.0000271267*J1^1*J2^4+0.0000587746*J2^5+0,0,0,0,0,0,0.0004228640*J1^1*J2^4+0,0,0.0001356337*J2^5+0,0,0,0,0,0,-0.0004817383*J1^1*J2^4+-0.0029900998*J2^5+0,0,-0.0000383630*J1^1*J2^4+-0.0001502551*J2^5+0,0,0,0,0,0,0,0,0,0,0,0,0,0,0,0,0,0,0,0,0,0,0,0,0,0,0,0,0,0,0,0,0,0,0,0,0,0,0,0,0,0,0,0,0,0,0,0,0,0,0,0,0},
{0,0,0,0,0,0,0,0,0,0,0,0,-0.0074462891*J2^5+0,-0.0017619332*J1^1*J2^4+0,-0.0014800239*J1^1*J2^4+0,-0.0006917318*J2^5+0,0,0,0,0,0,0,0,0,0,0,0,0,-0.0004475911*J1^1*J2^4+0,0,-0.0001331238*J2^5+0,0,0,0,0,0,-0.0036621094*J2^5+0,0,-0.0000469849*J1^1*J2^4+0,0,0,0,0,0,0.0002014057*J1^1*J2^4+0,0,0.0000719839*J2^5+0,0,0,0,0,0,0,0,0,0,0,0,0,0,0,0,0,0,0,0,0,0,0,0,0,0,0,0,0,0,0,0,0,0,0,0,0,0,0,0,0,0,0,0,0,0,0,0,0,0},
{0,0,0,0,0.0042991170*J2^5+0,0.0010172526*J1^1*J2^4+0,0.0008544922*J1^1*J2^4+0,0.0003993715*J2^5+0,0,0,0,0,0,0,0,0,0,0,0,0,0.0060798696*J2^5+0,0.0014386124*J1^1*J2^4+0,0.0012084344*J1^1*J2^4+0,0.0005647966*J2^5+0,0,0,0,0,0,-0.0004475911*J1^1*J2^4+0,0,-0.0001331238*J2^5+0,0,0,0,0,0,-0.0036621094*J2^5+0,0,-0.0000469849*J1^1*J2^4+0,0,0,0,0,0,0.0002014057*J1^1*J2^4+0,0,0.0000719839*J2^5+0,0,0,0,0,0,0,0,0,0,0,0,0,0,0,0,0,0,0,0,0,0,0,0,0,0,0,0,0,0,0,0,0,0,0,0,0,0,0,0,0,0,0,0,0,0,0,0,0},
{0,0,0,0,0,0,0,0,0,0,0,0,-0.0017619332*J1^1*J2^4+0,0.0020345052*J1^1*J2^4+-0.0074462891*J2^5+0,-0.0006917318*J2^5+0,-0.0014800239*J1^1*J2^4+0.0007987430*J2^5+0,0,0,0,0,0,0,0,0,0,0,0,0,0.0001644471*J1^1*J2^4+0.0021143198*J2^5+0,0,0.0000271267*J1^1*J2^4+0.0000587746*J2^5+0,0,0,0,0,0,0.0004228640*J1^1*J2^4+0,0,0.0001356337*J2^5+0,0,0,0,0,0,-0.0004817383*J1^1*J2^4+-0.0029900998*J2^5+0,0,-0.0000383630*J1^1*J2^4+-0.0001502551*J2^5+0,0,0,0,0,0,0,0,0,0,0,0,0,0,0,0,0,0,0,0,0,0,0,0,0,0,0,0,0,0,0,0,0,0,0,0,0,0,0,0,0,0,0,0,0,0,0,0,0,0},
{0,0,0,0,0.0010172526*J1^1*J2^4+0,-0.0011746221*J1^1*J2^4+0.0042991170*J2^5+0,0.0003993715*J2^5+0,0.0008544922*J1^1*J2^4+-0.0004611545*J2^5+0,0,0,0,0,0,0,0,0,0,0,0,0,0.0014386124*J1^1*J2^4+0,-0.0016611665*J1^1*J2^4+0.0060798696*J2^5+0,0.0005647966*J2^5+0,0.0012084344*J1^1*J2^4+-0.0006521710*J2^5+0,0,0,0,0,0,0.0001644471*J1^1*J2^4+0.0021143198*J2^5+0,0,0.0000271267*J1^1*J2^4+0.0000587746*J2^5+0,0,0,0,0,0,0.0004228640*J1^1*J2^4+0,0,0.0001356337*J2^5+0,0,0,0,0,0,-0.0004817383*J1^1*J2^4+-0.0029900998*J2^5+0,0,-0.0000383630*J1^1*J2^4+-0.0001502551*J2^5+0,0,0,0,0,0,0,0,0,0,0,0,0,0,0,0,0,0,0,0,0,0,0,0,0,0,0,0,0,0,0,0,0,0,0,0,0,0,0,0,0,0,0,0,0,0,0,0,0},
{0,0,0,0,0,0,0,0,0.0009953067*J1^1*J2^4+0,0.0005451087*J2^5+0,-0.0015184293*J1^1*J2^4+0.0060798696*J2^5+0,0.0014386124*J1^1*J2^4+-0.0006635378*J2^5+0,0,0,0,0,0,0,0,0,0,0,0,0,0.0000974468*J2^5+0,0,0.0003654566*J1^1*J2^4+-0.0001320046*J2^5+0,0,0,0,0,0,-0.0001232589*J1^1*J2^4+0,0,-0.0001376102*J1^1*J2^4+0.0029900998*J2^5+0,0,0,0,0,0,-0.0000544209*J2^5+0,0,-0.0001644471*J1^1*J2^4+0.0000703807*J2^5+0,0,0,0,0,0,0,0,0,0,0,0,0,0,0,0,0,0,0,0,0,0,0,0,0,0,0,0,0,0,0,0,0,0,0,0,0,0,0,0,0,0,0,0,0,0,0,0,0,0,0,0,0,0},
{-0.0005746406*J1^1*J2^4+0,-0.0003147187*J2^5+0,0.0008766655*J1^1*J2^4+-0.0035102143*J2^5+0,-0.0008305833*J1^1*J2^4+0.0003830937*J2^5+0,0,0,0,0,0,0,0,0,0,0,0,0,-0.0008126645*J1^1*J2^4+0,-0.0004450794*J2^5+0,0.0012397923*J1^1*J2^4+-0.0049641927*J2^5+0,-0.0011746221*J1^1*J2^4+0.0005417763*J2^5+0,0,0,0,0,0,0.0000974468*J2^5+0,0,0.0003654566*J1^1*J2^4+-0.0001320046*J2^5+0,0,0,0,0,0,-0.0001232589*J1^1*J2^4+0,0,-0.0001376102*J1^1*J2^4+0.0029900998*J2^5+0,0,0,0,0,0,-0.0000544209*J2^5+0,0,-0.0001644471*J1^1*J2^4+0.0000703807*J2^5+0,0,0,0,0,0,0,0,0,0,0,0,0,0,0,0,0,0,0,0,0,0,0,0,0,0,0,0,0,0,0,0,0,0,0,0,0,0,0,0,0,0,0,0,0,0,0,0,0,0,0,0,0},
{0,0,0,0,0,0,0,0,0.0005451087*J2^5+0,0.0009953067*J1^1*J2^4+-0.0006294373*J2^5+0,0.0014386124*J1^1*J2^4+-0.0006635378*J2^5+0,-0.0031795958*J1^1*J2^4+0.0068460570*J2^5+0,0,0,0,0,0,0,0,0,0,0,0,0,0.0000711636*J1^1*J2^4+-0.0000444345*J2^5+0,0,-0.0000548212*J1^1*J2^4+-0.0016688694*J2^5+0,0,0,0,0,0,-0.0001006954*J2^5+0,0,-0.0003452670*J1^1*J2^4+0.0001336785*J2^5+0,0,0,0,0,0,-0.0001006405*J1^1*J2^4+0.0001109849*J2^5+0,0,0.0002809794*J1^1*J2^4+0.0022929906*J2^5+0,0,0,0,0,0,0,0,0,0,0,0,0,0,0,0,0,0,0,0,0,0,0,0,0,0,0,0,0,0,0,0,0,0,0,0,0,0,0,0,0,0,0,0,0,0,0,0,0,0,0,0,0,0},
{-0.0003147187*J2^5+0,-0.0005746406*J1^1*J2^4+0.0003634058*J2^5+0,-0.0008305833*J1^1*J2^4+0.0003830937*J2^5+0,0.0018357405*J1^1*J2^4+-0.0039525728*J2^5+0,0,0,0,0,0,0,0,0,0,0,0,0,-0.0004450794*J2^5+0,-0.0008126645*J1^1*J2^4+0.0005139334*J2^5+0,-0.0011746221*J1^1*J2^4+0.0005417763*J2^5+0,0.0025961291*J1^1*J2^4+-0.0055897821*J2^5+0,0,0,0,0,0,0.0000711636*J1^1*J2^4+-0.0000444345*J2^5+0,0,-0.0000548212*J1^1*J2^4+-0.0016688694*J2^5+0,0,0,0,0,0,-0.0001006954*J2^5+0,0,-0.0003452670*J1^1*J2^4+0.0001336785*J2^5+0,0,0,0,0,0,-0.0001006405*J1^1*J2^4+0.0001109849*J2^5+0,0,0.0002809794*J1^1*J2^4+0.0022929906*J2^5+0,0,0,0,0,0,0,0,0,0,0,0,0,0,0,0,0,0,0,0,0,0,0,0,0,0,0,0,0,0,0,0,0,0,0,0,0,0,0,0,0,0,0,0,0,0,0,0,0,0,0,0,0},
{0,0,0,0,0,0,0,0,0,0,0,0,0.0009953067*J1^1*J2^4+0,0.0005451087*J2^5+0,-0.0015184293*J1^1*J2^4+0.0060798696*J2^5+0,0.0014386124*J1^1*J2^4+-0.0006635378*J2^5+0,0,0,0,0,0,0,0,0,0,0,0,0,0.0000974468*J2^5+0,0,0.0003654566*J1^1*J2^4+-0.0001320046*J2^5+0,0,0,0,0,0,-0.0001232589*J1^1*J2^4+0,0,-0.0001376102*J1^1*J2^4+0.0029900998*J2^5+0,0,0,0,0,0,-0.0000544209*J2^5+0,0,-0.0001644471*J1^1*J2^4+0.0000703807*J2^5+0,0,0,0,0,0,0,0,0,0,0,0,0,0,0,0,0,0,0,0,0,0,0,0,0,0,0,0,0,0,0,0,0,0,0,0,0,0,0,0,0,0,0,0,0,0,0,0,0,0},
{0,0,0,0,-0.0005746406*J1^1*J2^4+0,-0.0003147187*J2^5+0,0.0008766655*J1^1*J2^4+-0.0035102143*J2^5+0,-0.0008305833*J1^1*J2^4+0.0003830937*J2^5+0,0,0,0,0,0,0,0,0,0,0,0,0,-0.0008126645*J1^1*J2^4+0,-0.0004450794*J2^5+0,0.0012397923*J1^1*J2^4+-0.0049641927*J2^5+0,-0.0011746221*J1^1*J2^4+0.0005417763*J2^5+0,0,0,0,0,0,0.0000974468*J2^5+0,0,0.0003654566*J1^1*J2^4+-0.0001320046*J2^5+0,0,0,0,0,0,-0.0001232589*J1^1*J2^4+0,0,-0.0001376102*J1^1*J2^4+0.0029900998*J2^5+0,0,0,0,0,0,-0.0000544209*J2^5+0,0,-0.0001644471*J1^1*J2^4+0.0000703807*J2^5+0,0,0,0,0,0,0,0,0,0,0,0,0,0,0,0,0,0,0,0,0,0,0,0,0,0,0,0,0,0,0,0,0,0,0,0,0,0,0,0,0,0,0,0,0,0,0,0,0},
{0,0,0,0,0,0,0,0,0,0,0,0,0.0005451087*J2^5+0,0.0009953067*J1^1*J2^4+-0.0006294373*J2^5+0,0.0014386124*J1^1*J2^4+-0.0006635378*J2^5+0,-0.0031795958*J1^1*J2^4+0.0068460570*J2^5+0,0,0,0,0,0,0,0,0,0,0,0,0,0.0000711636*J1^1*J2^4+-0.0000444345*J2^5+0,0,-0.0000548212*J1^1*J2^4+-0.0016688694*J2^5+0,0,0,0,0,0,-0.0001006954*J2^5+0,0,-0.0003452670*J1^1*J2^4+0.0001336785*J2^5+0,0,0,0,0,0,-0.0001006405*J1^1*J2^4+0.0001109849*J2^5+0,0,0.0002809794*J1^1*J2^4+0.0022929906*J2^5+0,0,0,0,0,0,0,0,0,0,0,0,0,0,0,0,0,0,0,0,0,0,0,0,0,0,0,0,0,0,0,0,0,0,0,0,0,0,0,0,0,0,0,0,0,0,0,0,0,0},
{0,0,0,0,-0.0003147187*J2^5+0,-0.0005746406*J1^1*J2^4+0.0003634058*J2^5+0,-0.0008305833*J1^1*J2^4+0.0003830937*J2^5+0,0.0018357405*J1^1*J2^4+-0.0039525728*J2^5+0,0,0,0,0,0,0,0,0,0,0,0,0,-0.0004450794*J2^5+0,-0.0008126645*J1^1*J2^4+0.0005139334*J2^5+0,-0.0011746221*J1^1*J2^4+0.0005417763*J2^5+0,0.0025961291*J1^1*J2^4+-0.0055897821*J2^5+0,0,0,0,0,0,0.0000711636*J1^1*J2^4+-0.0000444345*J2^5+0,0,-0.0000548212*J1^1*J2^4+-0.0016688694*J2^5+0,0,0,0,0,0,-0.0001006954*J2^5+0,0,-0.0003452670*J1^1*J2^4+0.0001336785*J2^5+0,0,0,0,0,0,-0.0001006405*J1^1*J2^4+0.0001109849*J2^5+0,0,0.0002809794*J1^1*J2^4+0.0022929906*J2^5+0,0,0,0,0,0,0,0,0,0,0,0,0,0,0,0,0,0,0,0,0,0,0,0,0,0,0,0,0,0,0,0,0,0,0,0,0,0,0,0,0,0,0,0,0,0,0,0,0},
{0,0,0,0,0,0,0,0,0,0,0,0,0.0040876850*J2^5+0,0.0013834635*J1^1*J2^4+0,0.0007324219*J1^1*J2^4+0,0.0006108035*J2^5+0,0,0,0,0,0,0,0,0,0,0,0,0,0.0002819093*J1^1*J2^4+0,0,0.0000904225*J2^5+0,0,0,0,0,0,0.0012685919*J2^5+0,0,-0.0004611545*J1^1*J2^4+0,0,0,0,0,0,-0.0000996700*J1^1*J2^4+0,0,-0.0000319692*J2^5+0,0,0,0,0,0,0,0,0,0,0,0,0,0,0,0,0,0,0,0,0,0,0,0,0,0,0,0,0,0,0,0,0,0,0,0,0,0,0,0,0,0,0,0,0,0,0,0,0,0},
{0,0,0,0,-0.0023600260*J2^5+0,-0.0007987430*J1^1*J2^4+0,-0.0004228640*J1^1*J2^4+0,-0.0003526476*J2^5+0,0,0,0,0,0,0,0,0,0,0,0,0,-0.0033375808*J2^5+0,-0.0011295933*J1^1*J2^4+0,-0.0005980200*J1^1*J2^4+0,-0.0004987190*J2^5+0,0,0,0,0,0,0.0002819093*J1^1*J2^4+0,0,0.0000904225*J2^5+0,0,0,0,0,0,0.0012685919*J2^5+0,0,-0.0004611545*J1^1*J2^4+0,0,0,0,0,0,-0.0000996700*J1^1*J2^4+0,0,-0.0000319692*J2^5+0,0,0,0,0,0,0,0,0,0,0,0,0,0,0,0,0,0,0,0,0,0,0,0,0,0,0,0,0,0,0,0,0,0,0,0,0,0,0,0,0,0,0,0,0,0,0,0,0},
{0,0,0,0,0,0,0,0,0,0,0,0,0.0013834635*J1^1*J2^4+0,-0.0015974861*J1^1*J2^4+0.0040876850*J2^5+0,0.0006108035*J2^5+0,0.0007324219*J1^1*J2^4+-0.0007052951*J2^5+0,0,0,0,0,0,0,0,0,0,0,0,0,-0.0000813802*J1^1*J2^4+-0.0007324219*J2^5+0,0,0.0002662477*J1^1*J2^4+-0.0000261027*J2^5+0,0,0,0,0,0,-0.0002441406*J1^1*J2^4+0,0,-0.0000783081*J2^5+0,0,0,0,0,0,0.0002877225*J1^1*J2^4+0.0010358009*J2^5+0,0,-0.0003765311*J1^1*J2^4+0.0000922870*J2^5+0,0,0,0,0,0,0,0,0,0,0,0,0,0,0,0,0,0,0,0,0,0,0,0,0,0,0,0,0,0,0,0,0,0,0,0,0,0,0,0,0,0,0,0,0,0,0,0,0,0},
{0,0,0,0,-0.0007987430*J1^1*J2^4+0,0.0009223090*J1^1*J2^4+-0.0023600260*J2^5+0,-0.0003526476*J2^5+0,-0.0004228640*J1^1*J2^4+0.0004072023*J2^5+0,0,0,0,0,0,0,0,0,0,0,0,0,-0.0011295933*J1^1*J2^4+0,0.0013043419*J1^1*J2^4+-0.0033375808*J2^5+0,-0.0004987190*J2^5+0,-0.0005980200*J1^1*J2^4+0.0005758711*J2^5+0,0,0,0,0,0,-0.0000813802*J1^1*J2^4+-0.0007324219*J2^5+0,0,0.0002662477*J1^1*J2^4+-0.0000261027*J2^5+0,0,0,0,0,0,-0.0002441406*J1^1*J2^4+0,0,-0.0000783081*J2^5+0,0,0,0,0,0,0.0002877225*J1^1*J2^4+0.0010358009*J2^5+0,0,-0.0003765311*J1^1*J2^4+0.0000922870*J2^5+0,0,0,0,0,0,0,0,0,0,0,0,0,0,0,0,0,0,0,0,0,0,0,0,0,0,0,0,0,0,0,0,0,0,0,0,0,0,0,0,0,0,0,0,0,0,0,0,0},
{0,0,0,0,0,0,0,0,0,0,0,0,0.0007324219*J1^1*J2^4+0,0.0006108035*J2^5+0,-0.0008457279*J1^1*J2^4+0.0040876850*J2^5+0,0.0013834635*J1^1*J2^4+-0.0007052951*J2^5+0,0,0,0,0,0,0,0,0,0,0,0,0,0.0000904225*J2^5+0,0,0.0002819093*J1^1*J2^4+-0.0001044109*J2^5+0,0,0,0,0,0,-0.0004611545*J1^1*J2^4+0,0,0.0005324954*J1^1*J2^4+0.0012685919*J2^5+0,0,0,0,0,0,-0.0000319692*J2^5+0,0,-0.0000996700*J1^1*J2^4+0.0000369148*J2^5+0,0,0,0,0,0,0,0,0,0,0,0,0,0,0,0,0,0,0,0,0,0,0,0,0,0,0,0,0,0,0,0,0,0,0,0,0,0,0,0,0,0,0,0,0,0,0,0,0,0},
{0,0,0,0,-0.0004228640*J1^1*J2^4+0,-0.0003526476*J2^5+0,0.0004882813*J1^1*J2^4+-0.0023600260*J2^5+0,-0.0007987430*J1^1*J2^4+0.0004072023*J2^5+0,0,0,0,0,0,0,0,0,0,0,0,0,-0.0005980200*J1^1*J2^4+0,-0.0004987190*J2^5+0,0.0006905340*J1^1*J2^4+-0.0033375808*J2^5+0,-0.0011295933*J1^1*J2^4+0.0005758711*J2^5+0,0,0,0,0,0,0.0000904225*J2^5+0,0,0.0002819093*J1^1*J2^4+-0.0001044109*J2^5+0,0,0,0,0,0,-0.0004611545*J1^1*J2^4+0,0,0.0005324954*J1^1*J2^4+0.0012685919*J2^5+0,0,0,0,0,0,-0.0000319692*J2^5+0,0,-0.0000996700*J1^1*J2^4+0.0000369148*J2^5+0,0,0,0,0,0,0,0,0,0,0,0,0,0,0,0,0,0,0,0,0,0,0,0,0,0,0,0,0,0,0,0,0,0,0,0,0,0,0,0,0,0,0,0,0,0,0,0,0},
{0,0,0,0,0,0,0,0,0,0,0,0,0.0006108035*J2^5+0,0.0007324219*J1^1*J2^4+-0.0007052951*J2^5+0,0.0013834635*J1^1*J2^4+-0.0007052951*J2^5+0,-0.0024432140*J1^1*J2^4+0.0049020897*J2^5+0,0,0,0,0,0,0,0,0,0,0,0,0,0.0002662477*J1^1*J2^4+-0.0000261027*J2^5+0,0,-0.0003888166*J1^1*J2^4+-0.0007022811*J2^5+0,0,0,0,0,0,-0.0000783081*J2^5+0,0,-0.0002441406*J1^1*J2^4+0.0000904225*J2^5+0,0,0,0,0,0,-0.0003765311*J1^1*J2^4+0.0000922870*J2^5+0,0,0.0007225031*J1^1*J2^4+0.0009292371*J2^5+0,0,0,0,0,0,0,0,0,0,0,0,0,0,0,0,0,0,0,0,0,0,0,0,0,0,0,0,0,0,0,0,0,0,0,0,0,0,0,0,0,0,0,0,0,0,0,0,0,0},
{0,0,0,0,-0.0003526476*J2^5+0,-0.0004228640*J1^1*J2^4+0.0004072023*J2^5+0,-0.0007987430*J1^1*J2^4+0.0004072023*J2^5+0,0.0014105903*J1^1*J2^4+-0.0028302228*J2^5+0,0,0,0,0,0,0,0,0,0,0,0,0,-0.0004987190*J2^5+0,-0.0005980200*J1^1*J2^4+0.0005758711*J2^5+0,-0.0011295933*J1^1*J2^4+0.0005758711*J2^5+0,0.0019948759*J1^1*J2^4+-0.0040025395*J2^5+0,0,0,0,0,0,0.0002662477*J1^1*J2^4+-0.0000261027*J2^5+0,0,-0.0003888166*J1^1*J2^4+-0.0007022811*J2^5+0,0,0,0,0,0,-0.0000783081*J2^5+0,0,-0.0002441406*J1^1*J2^4+0.0000904225*J2^5+0,0,0,0,0,0,-0.0003765311*J1^1*J2^4+0.0000922870*J2^5+0,0,0.0007225031*J1^1*J2^4+0.0009292371*J2^5+0,0,0,0,0,0,0,0,0,0,0,0,0,0,0,0,0,0,0,0,0,0,0,0,0,0,0,0,0,0,0,0,0,0,0,0,0,0,0,0,0,0,0,0,0,0,0,0,0},
{0,0,0,0,0,0,0,0,-0.0070800781*J2^5+0,-0.0023962291*J1^1*J2^4+0,-0.0012685919*J1^1*J2^4+0,-0.0010579427*J2^5+0,0,0,0,0,0,0,0,0,0,0,0,0,-0.0004882812*J1^1*J2^4+0,0,-0.0001566163*J2^5+0,0,0,0,0,0,-0.0021972656*J2^5+0,0,0.0007987430*J1^1*J2^4+0,0,0,0,0,0,0.0001726335*J1^1*J2^4+0,0,0.0000553722*J2^5+0,0,0,0,0,0,0,0,0,0,0,0,0,0,0,0,0,0,0,0,0,0,0,0,0,0,0,0,0,0,0,0,0,0,0,0,0,0,0,0,0,0,0,0,0,0,0,0,0,0,0,0,0,0},
{0.0040876850*J2^5+0,0.0013834635*J1^1*J2^4+0,0.0007324219*J1^1*J2^4+0,0.0006108035*J2^5+0,0,0,0,0,0,0,0,0,0,0,0,0,0.0057808596*J2^5+0,0.0019565129*J1^1*J2^4+0,0.0010358009*J1^1*J2^4+0,0.0008638066*J2^5+0,0,0,0,0,0,-0.0004882812*J1^1*J2^4+0,0,-0.0001566163*J2^5+0,0,0,0,0,0,-0.0021972656*J2^5+0,0,0.0007987430*J1^1*J2^4+0,0,0,0,0,0,0.0001726335*J1^1*J2^4+0,0,0.0000553722*J2^5+0,0,0,0,0,0,0,0,0,0,0,0,0,0,0,0,0,0,0,0,0,0,0,0,0,0,0,0,0,0,0,0,0,0,0,0,0,0,0,0,0,0,0,0,0,0,0,0,0,0,0,0,0},
{0,0,0,0,0,0,0,0,-0.0023962291*J1^1*J2^4+0,0.0027669271*J1^1*J2^4+-0.0070800781*J2^5+0,-0.0010579427*J2^5+0,-0.0012685919*J1^1*J2^4+0.0012216070*J2^5+0,0,0,0,0,0,0,0,0,0,0,0,0,0.0001409547*J1^1*J2^4+0.0012685919*J2^5+0,0,-0.0004611545*J1^1*J2^4+0.0000452112*J2^5+0,0,0,0,0,0,0.0004228640*J1^1*J2^4+0,0,0.0001356337*J2^5+0,0,0,0,0,0,-0.0004983500*J1^1*J2^4+-0.0017940599*J2^5+0,0,0.0006521710*J1^1*J2^4+-0.0001598458*J2^5+0,0,0,0,0,0,0,0,0,0,0,0,0,0,0,0,0,0,0,0,0,0,0,0,0,0,0,0,0,0,0,0,0,0,0,0,0,0,0,0,0,0,0,0,0,0,0,0,0,0,0,0,0,0},
{0.0013834635*J1^1*J2^4+0,-0.0015974861*J1^1*J2^4+0.0040876850*J2^5+0,0.0006108035*J2^5+0,0.0007324219*J1^1*J2^4+-0.0007052951*J2^5+0,0,0,0,0,0,0,0,0,0,0,0,0,0.0019565129*J1^1*J2^4+0,-0.0022591865*J1^1*J2^4+0.0057808596*J2^5+0,0.0008638066*J2^5+0,0.0010358009*J1^1*J2^4+-0.0009974380*J2^5+0,0,0,0,0,0,0.0001409547*J1^1*J2^4+0.0012685919*J2^5+0,0,-0.0004611545*J1^1*J2^4+0.0000452112*J2^5+0,0,0,0,0,0,0.0004228640*J1^1*J2^4+0,0,0.0001356337*J2^5+0,0,0,0,0,0,-0.0004983500*J1^1*J2^4+-0.0017940599*J2^5+0,0,0.0006521710*J1^1*J2^4+-0.0001598458*J2^5+0,0,0,0,0,0,0,0,0,0,0,0,0,0,0,0,0,0,0,0,0,0,0,0,0,0,0,0,0,0,0,0,0,0,0,0,0,0,0,0,0,0,0,0,0,0,0,0,0,0,0,0,0},
{0,0,0,0,0,0,0,0,-0.0012685919*J1^1*J2^4+0,-0.0010579427*J2^5+0,0.0014648437*J1^1*J2^4+-0.0070800781*J2^5+0,-0.0023962291*J1^1*J2^4+0.0012216070*J2^5+0,0,0,0,0,0,0,0,0,0,0,0,0,-0.0001566163*J2^5+0,0,-0.0004882812*J1^1*J2^4+0.0001808449*J2^5+0,0,0,0,0,0,0.0007987430*J1^1*J2^4+0,0,-0.0009223090*J1^1*J2^4+-0.0021972656*J2^5+0,0,0,0,0,0,0.0000553722*J2^5+0,0,0.0001726335*J1^1*J2^4+-0.0000639383*J2^5+0,0,0,0,0,0,0,0,0,0,0,0,0,0,0,0,0,0,0,0,0,0,0,0,0,0,0,0,0,0,0,0,0,0,0,0,0,0,0,0,0,0,0,0,0,0,0,0,0,0,0,0,0,0},
{0.0007324219*J1^1*J2^4+0,0.0006108035*J2^5+0,-0.0008457279*J1^1*J2^4+0.0040876850*J2^5+0,0.0013834635*J1^1*J2^4+-0.0007052951*J2^5+0,0,0,0,0,0,0,0,0,0,0,0,0,0.0010358009*J1^1*J2^4+0,0.0008638066*J2^5+0,-0.0011960399*J1^1*J2^4+0.0057808596*J2^5+0,0.0019565129*J1^1*J2^4+-0.0009974380*J2^5+0,0,0,0,0,0,-0.0001566163*J2^5+0,0,-0.0004882812*J1^1*J2^4+0.0001808449*J2^5+0,0,0,0,0,0,0.0007987430*J1^1*J2^4+0,0,-0.0009223090*J1^1*J2^4+-0.0021972656*J2^5+0,0,0,0,0,0,0.0000553722*J2^5+0,0,0.0001726335*J1^1*J2^4+-0.0000639383*J2^5+0,0,0,0,0,0,0,0,0,0,0,0,0,0,0,0,0,0,0,0,0,0,0,0,0,0,0,0,0,0,0,0,0,0,0,0,0,0,0,0,0,0,0,0,0,0,0,0,0,0,0,0,0},
{0,0,0,0,0,0,0,0,-0.0010579427*J2^5+0,-0.0012685919*J1^1*J2^4+0.0012216070*J2^5+0,-0.0023962291*J1^1*J2^4+0.0012216070*J2^5+0,0.0042317708*J1^1*J2^4+-0.0084906684*J2^5+0,0,0,0,0,0,0,0,0,0,0,0,0,-0.0004611545*J1^1*J2^4+0.0000452112*J2^5+0,0,0.0006734500*J1^1*J2^4+0.0012163865*J2^5+0,0,0,0,0,0,0.0001356337*J2^5+0,0,0.0004228640*J1^1*J2^4+-0.0001566163*J2^5+0,0,0,0,0,0,0.0006521710*J1^1*J2^4+-0.0001598458*J2^5+0,0,-0.0012514121*J1^1*J2^4+-0.0016094858*J2^5+0,0,0,0,0,0,0,0,0,0,0,0,0,0,0,0,0,0,0,0,0,0,0,0,0,0,0,0,0,0,0,0,0,0,0,0,0,0,0,0,0,0,0,0,0,0,0,0,0,0,0,0,0,0},
{0.0006108035*J2^5+0,0.0007324219*J1^1*J2^4+-0.0007052951*J2^5+0,0.0013834635*J1^1*J2^4+-0.0007052951*J2^5+0,-0.0024432140*J1^1*J2^4+0.0049020897*J2^5+0,0,0,0,0,0,0,0,0,0,0,0,0,0.0008638066*J2^5+0,0.0010358009*J1^1*J2^4+-0.0009974380*J2^5+0,0.0019565129*J1^1*J2^4+-0.0009974380*J2^5+0,-0.0034552264*J1^1*J2^4+0.0069326017*J2^5+0,0,0,0,0,0,-0.0004611545*J1^1*J2^4+0.0000452112*J2^5+0,0,0.0006734500*J1^1*J2^4+0.0012163865*J2^5+0,0,0,0,0,0,0.0001356337*J2^5+0,0,0.0004228640*J1^1*J2^4+-0.0001566163*J2^5+0,0,0,0,0,0,0.0006521710*J1^1*J2^4+-0.0001598458*J2^5+0,0,-0.0012514121*J1^1*J2^4+-0.0016094858*J2^5+0,0,0,0,0,0,0,0,0,0,0,0,0,0,0,0,0,0,0,0,0,0,0,0,0,0,0,0,0,0,0,0,0,0,0,0,0,0,0,0,0,0,0,0,0,0,0,0,0,0,0,0,0},
{0,0,0,0,0,0,0,0,0,0,0,0,-0.0057808596*J2^5+0,-0.0019565129*J1^1*J2^4+0,-0.0010358009*J1^1*J2^4+0,-0.0008638066*J2^5+0,0,0,0,0,0,0,0,0,0,0,0,0,-0.0003986800*J1^1*J2^4+0,0,-0.0001278767*J2^5+0,0,0,0,0,0,-0.0017940599*J2^5+0,0,0.0006521710*J1^1*J2^4+0,0,0,0,0,0,0.0001409547*J1^1*J2^4+0,0,0.0000452112*J2^5+0,0,0,0,0,0,0,0,0,0,0,0,0,0,0,0,0,0,0,0,0,0,0,0,0,0,0,0,0,0,0,0,0,0,0,0,0,0,0,0,0,0,0,0,0,0,0,0,0,0},
{0,0,0,0,0.0033375808*J2^5+0,0.0011295933*J1^1*J2^4+0,0.0005980200*J1^1*J2^4+0,0.0004987190*J2^5+0,0,0,0,0,0,0,0,0,0,0,0,0,0.0047200521*J2^5+0,0.0015974861*J1^1*J2^4+0,0.0008457279*J1^1*J2^4+0,0.0007052951*J2^5+0,0,0,0,0,0,-0.0003986800*J1^1*J2^4+0,0,-0.0001278767*J2^5+0,0,0,0,0,0,-0.0017940599*J2^5+0,0,0.0006521710*J1^1*J2^4+0,0,0,0,0,0,0.0001409547*J1^1*J2^4+0,0,0.0000452112*J2^5+0,0,0,0,0,0,0,0,0,0,0,0,0,0,0,0,0,0,0,0,0,0,0,0,0,0,0,0,0,0,0,0,0,0,0,0,0,0,0,0,0,0,0,0,0,0,0,0,0},
{0,0,0,0,0,0,0,0,0,0,0,0,-0.0019565129*J1^1*J2^4+0,0.0022591865*J1^1*J2^4+-0.0057808596*J2^5+0,-0.0008638066*J2^5+0,-0.0010358009*J1^1*J2^4+0.0009974380*J2^5+0,0,0,0,0,0,0,0,0,0,0,0,0,0.0001150890*J1^1*J2^4+0.0010358009*J2^5+0,0,-0.0003765311*J1^1*J2^4+0.0000369148*J2^5+0,0,0,0,0,0,0.0003452670*J1^1*J2^4+0,0,0.0001107444*J2^5+0,0,0,0,0,0,-0.0004069010*J1^1*J2^4+-0.0014648437*J2^5+0,0,0.0005324954*J1^1*J2^4+-0.0001305136*J2^5+0,0,0,0,0,0,0,0,0,0,0,0,0,0,0,0,0,0,0,0,0,0,0,0,0,0,0,0,0,0,0,0,0,0,0,0,0,0,0,0,0,0,0,0,0,0,0,0,0,0},
{0,0,0,0,0.0011295933*J1^1*J2^4+0,-0.0013043419*J1^1*J2^4+0.0033375808*J2^5+0,0.0004987190*J2^5+0,0.0005980200*J1^1*J2^4+-0.0005758711*J2^5+0,0,0,0,0,0,0,0,0,0,0,0,0,0.0015974861*J1^1*J2^4+0,-0.0018446181*J1^1*J2^4+0.0047200521*J2^5+0,0.0007052951*J2^5+0,0.0008457279*J1^1*J2^4+-0.0008144047*J2^5+0,0,0,0,0,0,0.0001150890*J1^1*J2^4+0.0010358009*J2^5+0,0,-0.0003765311*J1^1*J2^4+0.0000369148*J2^5+0,0,0,0,0,0,0.0003452670*J1^1*J2^4+0,0,0.0001107444*J2^5+0,0,0,0,0,0,-0.0004069010*J1^1*J2^4+-0.0014648437*J2^5+0,0,0.0005324954*J1^1*J2^4+-0.0001305136*J2^5+0,0,0,0,0,0,0,0,0,0,0,0,0,0,0,0,0,0,0,0,0,0,0,0,0,0,0,0,0,0,0,0,0,0,0,0,0,0,0,0,0,0,0,0,0,0,0,0,0},
{0,0,0,0,0,0,0,0,0,0,0,0,-0.0010358009*J1^1*J2^4+0,-0.0008638066*J2^5+0,0.0011960399*J1^1*J2^4+-0.0057808596*J2^5+0,-0.0019565129*J1^1*J2^4+0.0009974380*J2^5+0,0,0,0,0,0,0,0,0,0,0,0,0,-0.0001278767*J2^5+0,0,-0.0003986800*J1^1*J2^4+0.0001476592*J2^5+0,0,0,0,0,0,0.0006521710*J1^1*J2^4+0,0,-0.0007530622*J1^1*J2^4+-0.0017940599*J2^5+0,0,0,0,0,0,0.0000452112*J2^5+0,0,0.0001409547*J1^1*J2^4+-0.0000522054*J2^5+0,0,0,0,0,0,0,0,0,0,0,0,0,0,0,0,0,0,0,0,0,0,0,0,0,0,0,0,0,0,0,0,0,0,0,0,0,0,0,0,0,0,0,0,0,0,0,0,0,0},
{0,0,0,0,0.0005980200*J1^1*J2^4+0,0.0004987190*J2^5+0,-0.0006905340*J1^1*J2^4+0.0033375808*J2^5+0,0.0011295933*J1^1*J2^4+-0.0005758711*J2^5+0,0,0,0,0,0,0,0,0,0,0,0,0,0.0008457279*J1^1*J2^4+0,0.0007052951*J2^5+0,-0.0009765625*J1^1*J2^4+0.0047200521*J2^5+0,0.0015974861*J1^1*J2^4+-0.0008144047*J2^5+0,0,0,0,0,0,-0.0001278767*J2^5+0,0,-0.0003986800*J1^1*J2^4+0.0001476592*J2^5+0,0,0,0,0,0,0.0006521710*J1^1*J2^4+0,0,-0.0007530622*J1^1*J2^4+-0.0017940599*J2^5+0,0,0,0,0,0,0.0000452112*J2^5+0,0,0.0001409547*J1^1*J2^4+-0.0000522054*J2^5+0,0,0,0,0,0,0,0,0,0,0,0,0,0,0,0,0,0,0,0,0,0,0,0,0,0,0,0,0,0,0,0,0,0,0,0,0,0,0,0,0,0,0,0,0,0,0,0,0},
{0,0,0,0,0,0,0,0,0,0,0,0,-0.0008638066*J2^5+0,-0.0010358009*J1^1*J2^4+0.0009974380*J2^5+0,-0.0019565129*J1^1*J2^4+0.0009974380*J2^5+0,0.0034552264*J1^1*J2^4+-0.0069326017*J2^5+0,0,0,0,0,0,0,0,0,0,0,0,0,-0.0003765311*J1^1*J2^4+0.0000369148*J2^5+0,0,0.0005498696*J1^1*J2^4+0.0009931754*J2^5+0,0,0,0,0,0,0.0001107444*J2^5+0,0,0.0003452670*J1^1*J2^4+-0.0001278767*J2^5+0,0,0,0,0,0,0.0005324954*J1^1*J2^4+-0.0001305136*J2^5+0,0,-0.0010217737*J1^1*J2^4+-0.0013141397*J2^5+0,0,0,0,0,0,0,0,0,0,0,0,0,0,0,0,0,0,0,0,0,0,0,0,0,0,0,0,0,0,0,0,0,0,0,0,0,0,0,0,0,0,0,0,0,0,0,0,0,0},
{0,0,0,0,0.0004987190*J2^5+0,0.0005980200*J1^1*J2^4+-0.0005758711*J2^5+0,0.0011295933*J1^1*J2^4+-0.0005758711*J2^5+0,-0.0019948759*J1^1*J2^4+0.0040025395*J2^5+0,0,0,0,0,0,0,0,0,0,0,0,0,0.0007052951*J2^5+0,0.0008457279*J1^1*J2^4+-0.0008144047*J2^5+0,0.0015974861*J1^1*J2^4+-0.0008144047*J2^5+0,-0.0028211806*J1^1*J2^4+0.0056604456*J2^5+0,0,0,0,0,0,-0.0003765311*J1^1*J2^4+0.0000369148*J2^5+0,0,0.0005498696*J1^1*J2^4+0.0009931754*J2^5+0,0,0,0,0,0,0.0001107444*J2^5+0,0,0.0003452670*J1^1*J2^4+-0.0001278767*J2^5+0,0,0,0,0,0,0.0005324954*J1^1*J2^4+-0.0001305136*J2^5+0,0,-0.0010217737*J1^1*J2^4+-0.0013141397*J2^5+0,0,0,0,0,0,0,0,0,0,0,0,0,0,0,0,0,0,0,0,0,0,0,0,0,0,0,0,0,0,0,0,0,0,0,0,0,0,0,0,0,0,0,0,0,0,0,0,0}
}