96
{{0,0,0,0,0,0,0,0,0,0,0,0,0,0,0,0,0,0,0,0,0,0,0,0,0,0,0,0,0,0,0,0,0,0,0,0,0,0,0,0,0,0,0,0,0,0,0,0,0,0,0,0,0,0,0,0,0,-0.0002349244*J2^5+0,0,0,0,0,0,0,0,0,0,0,0,0,0,0,0,0,0,0,0,0,0,0,0,0.0018324105*J2^5+0,0,0,0,0,0,0,0,0,0,0,0,0,0,0},
{0,0,0,0,0,0,0,0,0,0,0,0,0,0,0,0,0,0,0,0,0,0,0,0,0,0,0,0,0,0,0,0,0,0,0,0,0,0,0,0,0,0,0,0,0,0,0,0,0,0,0,0,0,0,0,0,0,0,0,0.0000783081*J2^5+0,0,0,0,0,0,0,0,0,0,0,0,0,0,0,0,0,0,0,0,0,0,0,0,-0.0006108035*J2^5+0,0,0,0,0,0,0,0,0,0,0,0,0},
{0,0,0,0,0,0,0,0,0,0,0,0,0,0,0,0,0,0,0,0,0,0,0,0,0,0,0,0,0,0,0,0,0,0,0,0,0,0,0,0,0,0,0,0,0,0,0,0,0,0.0000452112*J2^5+0,0,0,0,0,0,0,0,0,0,0,0,0,0,0,0,-0.0001278767*J2^5+0,0,0,0,0,0,0,0,0,0,0,0,0,0,0,0,0,0,0,0,-0.0006108035*J2^5+0,0,0,0,0,0,0,0,0,0,0},
{0,0,0,0,0,0,0,0,0,0,0,0,0,0,0,0,0,0,0,0,0,0,0,0,0,0,0,0,0,0,0,0,0,0,0,0,0,0,0,0,0,0,0,0,0,0,0,0,0,0,0,-0.0000150704*J2^5+0,0,0,0,0,0,0,0,0,0,0,0,0,0,0,0,0.0000426256*J2^5+0,0,0,0,0,0,0,0,0,0,0,0,0,0,0,0,0,0,0,0,0.0002036012*J2^5+0,0,0,0,0,0,0,0,0},
{0,0,0,0,0,0,0,0,0,0,0,0,0,0,0,0,0,0,0,0,0,0,0,0,0,0,0,0,0,0,0,0,0,0,0,0,0,0,0,0,0,0,0,0,0,0,0,0,0,0,0,0,0,0,0,0,0,0,0,0,0,-0.0002349244*J2^5+0,0,0,0,0,0,0,0,0,0,0,0,-0.0010579427*J2^5+0,0,0,0,0,0,0,0,0,0,0,0,0,0,0,0,0.0014961569*J2^5+0,0,0,0,0,0,0},
{0,0,0,0,0,0,0,0,0,0,0,0,0,0,0,0,0,0,0,0,0,0,0,0,0,0,0,0,0,0,0,0,0,0,0,0,0,0,0,0,0,0,0,0,0,0,0,0,0,0,0,0,0,0,0,0,0,0,0,0,0,0,0,0.0000783081*J2^5+0,0,0,0,0,0,0,0,0,0,0,0,0.0003526476*J2^5+0,0,0,0,0,0,0,0,0,0,0,0,0,0,0,0,-0.0004987190*J2^5+0,0,0,0,0},
{0,0,0,0,0,0,0,0,0,0,0,0,0,0,0,0,0,0,0,0,0,0,0,0,0,0,0,0,0,0,0,0,0,0,0,0,0,0,0,0,0,0,0,0,0,0,0,0,0,0,0,0,0,0.0000452112*J2^5+0,0,0,0,0,0,0,0,0,0,0,0,0,0,0,0,-0.0001278767*J2^5+0,0,0,0,0,0,0,0,0.0003526476*J2^5+0,0,0,0,0,0,0,0,0,0,0,0,0,0,0,0,-0.0004987190*J2^5+0,0,0},
{0,0,0,0,0,0,0,0,0,0,0,0,0,0,0,0,0,0,0,0,0,0,0,0,0,0,0,0,0,0,0,0,0,0,0,0,0,0,0,0,0,0,0,0,0,0,0,0,0,0,0,0,0,0,0,-0.0000150704*J2^5+0,0,0,0,0,0,0,0,0,0,0,0,0,0,0,0,0.0000426256*J2^5+0,0,0,0,0,0,0,0,-0.0001175492*J2^5+0,0,0,0,0,0,0,0,0,0,0,0,0,0,0,0,0.0001662397*J2^5+0},
{0,0,0,0,0,0,0,0,0,0,0,0,0,0,0,0,0,0,0,0,0,0,0,0,0,0,0,0,0,0,0,0,0,0,0,0,0,0,0,0,0,0,0,0,0,0,0,0,0,0,0,0,0,0,0,0,0.0004069010*J2^5+0,0,0,0,0,0,0,0,0,0,0,0,0,0,0,0,0,0,0,0,0,0,0,0,-0.0031738281*J2^5+0,0,0,0,0,0,0,0,0,0,0,0,0,0,0,0},
{0,0,0,0,0,0,0,0,0,0,0,0,0,0,0,0,0,0,0,0,0,0,0,0,0,0,0,0,0,0,0,0,0,0,0,0,0,0,0,0,0,0,0,0,0,0,0,0,0,0,0,0,0,0,0,0,0,0,-0.0001356337*J2^5+0,0,0,0,0,0,0,0,0,0,0,0,0,0,0,0,0,0,0,0,0,0,0,0,0.0010579427*J2^5+0,0,0,0,0,0,0,0,0,0,0,0,0,0},
{0,0,0,0,0,0,0,0,0,0,0,0,0,0,0,0,0,0,0,0,0,0,0,0,0,0,0,0,0,0,0,0,0,0,0,0,0,0,0,0,0,0,0,0,0,0,0,0,-0.0000783081*J2^5+0,0,0,0,0,0,0,0,0,0,0,0,0,0,0,0,0.0002214889*J2^5+0,0,0,0,0,0,0,0,0,0,0,0,0,0,0,0,0,0,0,0,0.0010579427*J2^5+0,0,0,0,0,0,0,0,0,0,0,0},
{0,0,0,0,0,0,0,0,0,0,0,0,0,0,0,0,0,0,0,0,0,0,0,0,0,0,0,0,0,0,0,0,0,0,0,0,0,0,0,0,0,0,0,0,0,0,0,0,0,0,0.0000261027*J2^5+0,0,0,0,0,0,0,0,0,0,0,0,0,0,0,0,-0.0000738296*J2^5+0,0,0,0,0,0,0,0,0,0,0,0,0,0,0,0,0,0,0,0,-0.0003526476*J2^5+0,0,0,0,0,0,0,0,0,0},
{0,0,0,0,0,0,0,0,0,0,0,0,0,0,0,0,0,0,0,0,0,0,0,0,0,0,0,0,0,0,0,0,0,0,0,0,0,0,0,0,0,0,0,0,0,0,0,0,0,0,0,0,0,0,0,0,0,0,0,0,0.0004069010*J2^5+0,0,0,0,0,0,0,0,0,0,0,0,0.0018324105*J2^5+0,0,0,0,0,0,0,0,0,0,0,0,0,0,0,0,-0.0025914198*J2^5+0,0,0,0,0,0,0,0},
{0,0,0,0,0,0,0,0,0,0,0,0,0,0,0,0,0,0,0,0,0,0,0,0,0,0,0,0,0,0,0,0,0,0,0,0,0,0,0,0,0,0,0,0,0,0,0,0,0,0,0,0,0,0,0,0,0,0,0,0,0,0,-0.0001356337*J2^5+0,0,0,0,0,0,0,0,0,0,0,0,-0.0006108035*J2^5+0,0,0,0,0,0,0,0,0,0,0,0,0,0,0,0,0.0008638066*J2^5+0,0,0,0,0,0},
{0,0,0,0,0,0,0,0,0,0,0,0,0,0,0,0,0,0,0,0,0,0,0,0,0,0,0,0,0,0,0,0,0,0,0,0,0,0,0,0,0,0,0,0,0,0,0,0,0,0,0,0,-0.0000783081*J2^5+0,0,0,0,0,0,0,0,0,0,0,0,0,0,0,0,0.0002214889*J2^5+0,0,0,0,0,0,0,0,-0.0006108035*J2^5+0,0,0,0,0,0,0,0,0,0,0,0,0,0,0,0,0.0008638066*J2^5+0,0,0,0},
{0,0,0,0,0,0,0,0,0,0,0,0,0,0,0,0,0,0,0,0,0,0,0,0,0,0,0,0,0,0,0,0,0,0,0,0,0,0,0,0,0,0,0,0,0,0,0,0,0,0,0,0,0,0,0.0000261027*J2^5+0,0,0,0,0,0,0,0,0,0,0,0,0,0,0,0,-0.0000738296*J2^5+0,0,0,0,0,0,0,0,0.0002036012*J2^5+0,0,0,0,0,0,0,0,0,0,0,0,0,0,0,0,-0.0002879355*J2^5+0,0},
{0,0,0,0,0,0,0,0,0,0,0,0,0,0,0,0,0,0,0,0,0,0,0,0,0,0,0,0,0,0,0,0,0,0,0,0,0,0,0,0,0,0,0,0,0,0,0,0,0,0,0,0,0,0,0,0,0,-0.0003322333*J2^5+0,0,0,0,0,0,0,0,0,0,0,0,0,0,0,0,0,0,0,0,0,0,0,0,0.0025914198*J2^5+0,0,0,0,0,0,0,0,0,0,0,0,0,0,0},
{0,0,0,0,0,0,0,0,0,0,0,0,0,0,0,0,0,0,0,0,0,0,0,0,0,0,0,0,0,0,0,0,0,0,0,0,0,0,0,0,0,0,0,0,0,0,0,0,0,0,0,0,0,0,0,0,0,0,0,0.0001107444*J2^5+0,0,0,0,0,0,0,0,0,0,0,0,0,0,0,0,0,0,0,0,0,0,0,0,-0.0008638066*J2^5+0,0,0,0,0,0,0,0,0,0,0,0,0},
{0,0,0,0,0,0,0,0,0,0,0,0,0,0,0,0,0,0,0,0,0,0,0,0,0,0,0,0,0,0,0,0,0,0,0,0,0,0,0,0,0,0,0,0,0,0,0,0,0,0.0000639383*J2^5+0,0,0,0,0,0,0,0,0,0,0,0,0,0,0,0,-0.0001808449*J2^5+0,0,0,0,0,0,0,0,0,0,0,0,0,0,0,0,0,0,0,0,-0.0008638066*J2^5+0,0,0,0,0,0,0,0,0,0,0},
{0,0,0,0,0,0,0,0,0,0,0,0,0,0,0,0,0,0,0,0,0,0,0,0,0,0,0,0,0,0,0,0,0,0,0,0,0,0,0,0,0,0,0,0,0,0,0,0,0,0,0,-0.0000213128*J2^5+0,0,0,0,0,0,0,0,0,0,0,0,0,0,0,0,0.0000602816*J2^5+0,0,0,0,0,0,0,0,0,0,0,0,0,0,0,0,0,0,0,0,0.0002879355*J2^5+0,0,0,0,0,0,0,0,0},
{0,0,0,0,0,0,0,0,0,0,0,0,0,0,0,0,0,0,0,0,0,0,0,0,0,0,0,0,0,0,0,0,0,0,0,0,0,0,0,0,0,0,0,0,0,0,0,0,0,0,0,0,0,0,0,0,0,0,0,0,0,-0.0003322333*J2^5+0,0,0,0,0,0,0,0,0,0,0,0,-0.0014961569*J2^5+0,0,0,0,0,0,0,0,0,0,0,0,0,0,0,0,0.0021158854*J2^5+0,0,0,0,0,0,0},
{0,0,0,0,0,0,0,0,0,0,0,0,0,0,0,0,0,0,0,0,0,0,0,0,0,0,0,0,0,0,0,0,0,0,0,0,0,0,0,0,0,0,0,0,0,0,0,0,0,0,0,0,0,0,0,0,0,0,0,0,0,0,0,0.0001107444*J2^5+0,0,0,0,0,0,0,0,0,0,0,0,0.0004987190*J2^5+0,0,0,0,0,0,0,0,0,0,0,0,0,0,0,0,-0.0007052951*J2^5+0,0,0,0,0},
{0,0,0,0,0,0,0,0,0,0,0,0,0,0,0,0,0,0,0,0,0,0,0,0,0,0,0,0,0,0,0,0,0,0,0,0,0,0,0,0,0,0,0,0,0,0,0,0,0,0,0,0,0,0.0000639383*J2^5+0,0,0,0,0,0,0,0,0,0,0,0,0,0,0,0,-0.0001808449*J2^5+0,0,0,0,0,0,0,0,0.0004987190*J2^5+0,0,0,0,0,0,0,0,0,0,0,0,0,0,0,0,-0.0007052951*J2^5+0,0,0},
{0,0,0,0,0,0,0,0,0,0,0,0,0,0,0,0,0,0,0,0,0,0,0,0,0,0,0,0,0,0,0,0,0,0,0,0,0,0,0,0,0,0,0,0,0,0,0,0,0,0,0,0,0,0,0,-0.0000213128*J2^5+0,0,0,0,0,0,0,0,0,0,0,0,0,0,0,0,0.0000602816*J2^5+0,0,0,0,0,0,0,0,-0.0001662397*J2^5+0,0,0,0,0,0,0,0,0,0,0,0,0,0,0,0,0.0002350984*J2^5+0},
{0,0,0,0,0,0,0,0,0,0,0,0,0,0,0,0,0,0,0,0,0,0,0,0,0,0,0,0,0,0,0,0,0,0,0,0,0,0,0,0,0,0,0,0,0,0,0,0,0,0,0,0,0,0,0,0,0,0,0.0000498852*J2^5+0,0,0,0,0,0,0,0,0,0,0,0,0,0,0,0,0,0,0,0,0,0,0,0,-0.0003436857*J2^5+0,0,0,0,0,0,0,0,0,0,0,0,0,0},
{0,0,0,0,0,0,0,0,0,0,0,0,0,0,0,0,0,0,0,0,0,0,0,0,0,0,0,0,0,0,0,0,0,0,0,0,0,0,0,0,0,0,0,0,0,0,0,0,0,0,0,0,0,0,0,0,0,0,0,0.0000498852*J2^5+0,0,0,0,0,0,0,0,0,0,0,0,0,0,0,0,0,0,0,0,0,0,0,0,-0.0003436857*J2^5+0,0,0,0,0,0,0,0,0,0,0,0,0},
{0,0,0,0,0,0,0,0,0,0,0,0,0,0,0,0,0,0,0,0,0,0,0,0,0,0,0,0,0,0,0,0,0,0,0,0,0,0,0,0,0,0,0,0,0,0,0,0,0,0,-0.0000012280*J2^5+0,0,0,0,0,0,0,0,0,0,0,0,0,0,0,0,0.0000212338*J2^5+0,0,0,0,0,0,0,0,0,0,0,0,0,0,0,0,0,0,0,0,0.0001145619*J2^5+0,0,0,0,0,0,0,0,0,0},
{0,0,0,0,0,0,0,0,0,0,0,0,0,0,0,0,0,0,0,0,0,0,0,0,0,0,0,0,0,0,0,0,0,0,0,0,0,0,0,0,0,0,0,0,0,0,0,0,0,0,0,-0.0000012280*J2^5+0,0,0,0,0,0,0,0,0,0,0,0,0,0,0,0,0.0000212338*J2^5+0,0,0,0,0,0,0,0,0,0,0,0,0,0,0,0,0,0,0,0,0.0001145619*J2^5+0,0,0,0,0,0,0,0,0},
{0,0,0,0,0,0,0,0,0,0,0,0,0,0,0,0,0,0,0,0,0,0,0,0,0,0,0,0,0,0,0,0,0,0,0,0,0,0,0,0,0,0,0,0,0,0,0,0,0,0,0,0,0,0,0,0,0,0,0,0,0,0,0.0000498852*J2^5+0,0,0,0,0,0,0,0,0,0,0,0,0.0001984271*J2^5+0,0,0,0,0,0,0,0,0,0,0,0,0,0,0,0,-0.0002806182*J2^5+0,0,0,0,0,0},
{0,0,0,0,0,0,0,0,0,0,0,0,0,0,0,0,0,0,0,0,0,0,0,0,0,0,0,0,0,0,0,0,0,0,0,0,0,0,0,0,0,0,0,0,0,0,0,0,0,0,0,0,0,0,0,0,0,0,0,0,0,0,0,0.0000498852*J2^5+0,0,0,0,0,0,0,0,0,0,0,0,0.0001984271*J2^5+0,0,0,0,0,0,0,0,0,0,0,0,0,0,0,0,-0.0002806182*J2^5+0,0,0,0,0},
{0,0,0,0,0,0,0,0,0,0,0,0,0,0,0,0,0,0,0,0,0,0,0,0,0,0,0,0,0,0,0,0,0,0,0,0,0,0,0,0,0,0,0,0,0,0,0,0,0,0,0,0,0,0,-0.0000012280*J2^5+0,0,0,0,0,0,0,0,0,0,0,0,0,0,0,0,0.0000212338*J2^5+0,0,0,0,0,0,0,0,-0.0000661424*J2^5+0,0,0,0,0,0,0,0,0,0,0,0,0,0,0,0,0.0000935394*J2^5+0,0},
{0,0,0,0,0,0,0,0,0,0,0,0,0,0,0,0,0,0,0,0,0,0,0,0,0,0,0,0,0,0,0,0,0,0,0,0,0,0,0,0,0,0,0,0,0,0,0,0,0,0,0,0,0,0,0,-0.0000012280*J2^5+0,0,0,0,0,0,0,0,0,0,0,0,0,0,0,0,0.0000212338*J2^5+0,0,0,0,0,0,0,0,-0.0000661424*J2^5+0,0,0,0,0,0,0,0,0,0,0,0,0,0,0,0,0.0000935394*J2^5+0},
{0,0,0,0,0,0,0,0,0,0,0,0,0,0,0,0,0,0,0,0,0,0,0,0,0,0,0,0,0,0,0,0,0,0,0,0,0,0,0,0,0,0,0,0,0,0,0,0,0,0,0,0,0,0,0,0,0.0004069010*J2^5+0,0,0,0,0,0,0,0,0,0,0,0,0,0,0,0,0,0,0,0,0,0,0,0,-0.0020751953*J2^5+0,0,0,0,0,0,0,0,0,0,0,0,0,0,0,0},
{0,0,0,0,0,0,0,0,0,0,0,0,0,0,0,0,0,0,0,0,0,0,0,0,0,0,0,0,0,0,0,0,0,0,0,0,0,0,0,0,0,0,0,0,0,0,0,0,0,0,0,0,0,0,0,0,0,0.0004069010*J2^5+0,0,0,0,0,0,0,0,0,0,0,0,0,0,0,0,0,0,0,0,0,0,0,0,-0.0020751953*J2^5+0,0,0,0,0,0,0,0,0,0,0,0,0,0,0},
{0,0,0,0,0,0,0,0,0,0,0,0,0,0,0,0,0,0,0,0,0,0,0,0,0,0,0,0,0,0,0,0,0,0,0,0,0,0,0,0,0,0,0,0,0,0,0,0,-0.0000313233*J2^5+0,0,0,0,0,0,0,0,0,0,0,0,0,0,0,0,0.0001882655*J2^5+0,0,0,0,0,0,0,0,0,0,0,0,0,0,0,0,0,0,0,0,0.0006917318*J2^5+0,0,0,0,0,0,0,0,0,0,0,0},
{0,0,0,0,0,0,0,0,0,0,0,0,0,0,0,0,0,0,0,0,0,0,0,0,0,0,0,0,0,0,0,0,0,0,0,0,0,0,0,0,0,0,0,0,0,0,0,0,0,-0.0000313233*J2^5+0,0,0,0,0,0,0,0,0,0,0,0,0,0,0,0,0.0001882655*J2^5+0,0,0,0,0,0,0,0,0,0,0,0,0,0,0,0,0,0,0,0,0.0006917318*J2^5+0,0,0,0,0,0,0,0,0,0,0},
{0,0,0,0,0,0,0,0,0,0,0,0,0,0,0,0,0,0,0,0,0,0,0,0,0,0,0,0,0,0,0,0,0,0,0,0,0,0,0,0,0,0,0,0,0,0,0,0,0,0,0,0,0,0,0,0,0,0,0,0,0.0004069010*J2^5+0,0,0,0,0,0,0,0,0,0,0,0,0.0011981146*J2^5+0,0,0,0,0,0,0,0,0,0,0,0,0,0,0,0,-0.0016943899*J2^5+0,0,0,0,0,0,0,0},
{0,0,0,0,0,0,0,0,0,0,0,0,0,0,0,0,0,0,0,0,0,0,0,0,0,0,0,0,0,0,0,0,0,0,0,0,0,0,0,0,0,0,0,0,0,0,0,0,0,0,0,0,0,0,0,0,0,0,0,0,0,0.0004069010*J2^5+0,0,0,0,0,0,0,0,0,0,0,0,0.0011981146*J2^5+0,0,0,0,0,0,0,0,0,0,0,0,0,0,0,0,-0.0016943899*J2^5+0,0,0,0,0,0,0},
{0,0,0,0,0,0,0,0,0,0,0,0,0,0,0,0,0,0,0,0,0,0,0,0,0,0,0,0,0,0,0,0,0,0,0,0,0,0,0,0,0,0,0,0,0,0,0,0,0,0,0,0,-0.0000313233*J2^5+0,0,0,0,0,0,0,0,0,0,0,0,0,0,0,0,0.0001882655*J2^5+0,0,0,0,0,0,0,0,-0.0003993715*J2^5+0,0,0,0,0,0,0,0,0,0,0,0,0,0,0,0,0.0005647966*J2^5+0,0,0,0},
{0,0,0,0,0,0,0,0,0,0,0,0,0,0,0,0,0,0,0,0,0,0,0,0,0,0,0,0,0,0,0,0,0,0,0,0,0,0,0,0,0,0,0,0,0,0,0,0,0,0,0,0,0,-0.0000313233*J2^5+0,0,0,0,0,0,0,0,0,0,0,0,0,0,0,0,0.0001882655*J2^5+0,0,0,0,0,0,0,0,-0.0003993715*J2^5+0,0,0,0,0,0,0,0,0,0,0,0,0,0,0,0,0.0005647966*J2^5+0,0,0},
{0,0,0,0,0,0,0,0,0,0,0,0,0,0,0,0,0,0,0,0,0,0,0,0,0,0,0,0,0,0,0,0,0,0,0,0,0,0,0,0,0,0,0,0,0,0,0,0,0,0,0,0,0,0,0,0,0,0,-0.0001308425*J2^5+0,0,0,0,0,0,0,0,0,0,0,0,0,0,0,0,0,0,0,0,0,0,0,0,0.0006041724*J2^5+0,0,0,0,0,0,0,0,0,0,0,0,0,0},
{0,0,0,0,0,0,0,0,0,0,0,0,0,0,0,0,0,0,0,0,0,0,0,0,0,0,0,0,0,0,0,0,0,0,0,0,0,0,0,0,0,0,0,0,0,0,0,0,0,0,0,0,0,0,0,0,0,0,0,-0.0001308425*J2^5+0,0,0,0,0,0,0,0,0,0,0,0,0,0,0,0,0,0,0,0,0,0,0,0,0.0006041724*J2^5+0,0,0,0,0,0,0,0,0,0,0,0,0},
{0,0,0,0,0,0,0,0,0,0,0,0,0,0,0,0,0,0,0,0,0,0,0,0,0,0,0,0,0,0,0,0,0,0,0,0,0,0,0,0,0,0,0,0,0,0,0,0,0,0,0.0000119194*J2^5+0,0,0,0,0,0,0,0,0,0,0,0,0,0,0,0,-0.0000618445*J2^5+0,0,0,0,0,0,0,0,0,0,0,0,0,0,0,0,0,0,0,0,-0.0002013908*J2^5+0,0,0,0,0,0,0,0,0,0},
{0,0,0,0,0,0,0,0,0,0,0,0,0,0,0,0,0,0,0,0,0,0,0,0,0,0,0,0,0,0,0,0,0,0,0,0,0,0,0,0,0,0,0,0,0,0,0,0,0,0,0,0.0000119194*J2^5+0,0,0,0,0,0,0,0,0,0,0,0,0,0,0,0,-0.0000618445*J2^5+0,0,0,0,0,0,0,0,0,0,0,0,0,0,0,0,0,0,0,0,-0.0002013908*J2^5+0,0,0,0,0,0,0,0,0},
{0,0,0,0,0,0,0,0,0,0,0,0,0,0,0,0,0,0,0,0,0,0,0,0,0,0,0,0,0,0,0,0,0,0,0,0,0,0,0,0,0,0,0,0,0,0,0,0,0,0,0,0,0,0,0,0,0,0,0,0,0,0,-0.0001308425*J2^5+0,0,0,0,0,0,0,0,0,0,0,0,-0.0003488191*J2^5+0,0,0,0,0,0,0,0,0,0,0,0,0,0,0,0,0.0004933047*J2^5+0,0,0,0,0,0},
{0,0,0,0,0,0,0,0,0,0,0,0,0,0,0,0,0,0,0,0,0,0,0,0,0,0,0,0,0,0,0,0,0,0,0,0,0,0,0,0,0,0,0,0,0,0,0,0,0,0,0,0,0,0,0,0,0,0,0,0,0,0,0,-0.0001308425*J2^5+0,0,0,0,0,0,0,0,0,0,0,0,-0.0003488191*J2^5+0,0,0,0,0,0,0,0,0,0,0,0,0,0,0,0,0.0004933047*J2^5+0,0,0,0,0},
{0,0,0,0,0,0,0,0,0,0,0,0,0,0,0,0,0,0,0,0,0,0,0,0,0,0,0,0,0,0,0,0,0,0,0,0,0,0,0,0,0,0,0,0,0,0,0,0,0,0,0,0,0,0,0.0000119194*J2^5+0,0,0,0,0,0,0,0,0,0,0,0,0,0,0,0,-0.0000618445*J2^5+0,0,0,0,0,0,0,0,0.0001162730*J2^5+0,0,0,0,0,0,0,0,0,0,0,0,0,0,0,0,-0.0001644349*J2^5+0,0},
{0,0,0,0,0,0,0,0,0,0,0,0,0,0,0,0,0,0,0,0,0,0,0,0,0,0,0,0,0,0,0,0,0,0,0,0,0,0,0,0,0,0,0,0,0,0,0,0,0,0,0,0,0,0,0,0.0000119194*J2^5+0,0,0,0,0,0,0,0,0,0,0,0,0,0,0,0,-0.0000618445*J2^5+0,0,0,0,0,0,0,0,0.0001162730*J2^5+0,0,0,0,0,0,0,0,0,0,0,0,0,0,0,0,-0.0001644349*J2^5+0},
{0,0,0,0,0,0,0,0,0,0,-0.0003436857*J2^5+0,0,0,0,0,0,0,0,0,0,0,0,0,0,0,0,0,0,0,0,0,0,0,0,0.0000498852*J2^5+0,0,0,0,0,0,0,0,0,0,0,0,0,0,0,0,0,0,0,0,0,0,0,0,0,0,0,0,0,0,0,0,0,0,0,0,0,0,0,0,0,0,0,0,0,0,0,0,0,0,0,0,0,0,0,0,0,0,0,0,0,0},
{0,0,0.0001984271*J2^5+0,0,0,0,0,0,0,0,0,0,0,0,0,0,0,0,0.0002806182*J2^5+0,0,0,0,0,0,0,0,0,0,0,0,0,0,0,0,0,0.0000498852*J2^5+0,0,0,0,0,0,0,0,0,0,0,0,0,0,0,0,0,0,0,0,0,0,0,0,0,0,0,0,0,0,0,0,0,0,0,0,0,0,0,0,0,0,0,0,0,0,0,0,0,0,0,0,0,0,0,0,0,0,0,0,0},
{0,0,0,0,0,0,0,0,0,0,0,0.0001145619*J2^5+0,0,0,0,0,0,0,0,0,0,0,0,0,0,0,-0.0000012280*J2^5+0,0,0,0,0,0,0,0,0,0,0,0,0,0,0,0,-0.0000212338*J2^5+0,0,0,0,0,0,0,0,0,0,0,0,0,0,0,0,0,0,0,0,0,0,0,0,0,0,0,0,0,0,0,0,0,0,0,0,0,0,0,0,0,0,0,0,0,0,0,0,0,0,0,0,0,0},
{0,0,0,-0.0000661424*J2^5+0,0,0,0,0,0,0,0,0,0,0,0,0,0,0,0,-0.0000935394*J2^5+0,0,0,0,0,0,0,0,-0.0000012280*J2^5+0,0,0,0,0,0,0,0,0,0,0,0,0,0,0,0,-0.0000212338*J2^5+0,0,0,0,0,0,0,0,0,0,0,0,0,0,0,0,0,0,0,0,0,0,0,0,0,0,0,0,0,0,0,0,0,0,0,0,0,0,0,0,0,0,0,0,0,0,0,0,0,0,0,0,0},
{0,0,0,0,0,0,0,0,0,0,0,0,0,0,-0.0003436857*J2^5+0,0,0,0,0,0,0,0,0,0,0,0,0,0,0,0,0,0,0,0,0,0,0,0,0.0000498852*J2^5+0,0,0,0,0,0,0,0,0,0,0,0,0,0,0,0,0,0,0,0,0,0,0,0,0,0,0,0,0,0,0,0,0,0,0,0,0,0,0,0,0,0,0,0,0,0,0,0,0,0,0,0,0,0,0,0,0,0},
{0,0,0,0,0,0,0.0001984271*J2^5+0,0,0,0,0,0,0,0,0,0,0,0,0,0,0,0,0.0002806182*J2^5+0,0,0,0,0,0,0,0,0,0,0,0,0,0,0,0,0,0.0000498852*J2^5+0,0,0,0,0,0,0,0,0,0,0,0,0,0,0,0,0,0,0,0,0,0,0,0,0,0,0,0,0,0,0,0,0,0,0,0,0,0,0,0,0,0,0,0,0,0,0,0,0,0,0,0,0,0,0,0,0},
{0,0,0,0,0,0,0,0,0,0,0,0,0,0,0,0.0001145619*J2^5+0,0,0,0,0,0,0,0,0,0,0,0,0,0,0,-0.0000012280*J2^5+0,0,0,0,0,0,0,0,0,0,0,0,0,0,0,0,-0.0000212338*J2^5+0,0,0,0,0,0,0,0,0,0,0,0,0,0,0,0,0,0,0,0,0,0,0,0,0,0,0,0,0,0,0,0,0,0,0,0,0,0,0,0,0,0,0,0,0,0,0,0,0,0},
{0,0,0,0,0,0,0,-0.0000661424*J2^5+0,0,0,0,0,0,0,0,0,0,0,0,0,0,0,0,-0.0000935394*J2^5+0,0,0,0,0,0,0,0,-0.0000012280*J2^5+0,0,0,0,0,0,0,0,0,0,0,0,0,0,0,0,-0.0000212338*J2^5+0,0,0,0,0,0,0,0,0,0,0,0,0,0,0,0,0,0,0,0,0,0,0,0,0,0,0,0,0,0,0,0,0,0,0,0,0,0,0,0,0,0,0,0,0,0,0,0,0},
{0,0,0,0,0,0,0,0,-0.0020751953*J2^5+0,0,0,0,0,0,0,0,0,0,0,0,0,0,0,0,0,0,0,0,0,0,0,0,0.0004069010*J2^5+0,0,0,0,0,0,0,0,0,0,0,0,0,0,0,0,0,0,0,0,0,0,0,0,0,0,0,0,0,0,0,0,0,0,0,0,0,0,0,0,0,0,0,0,0,0,0,0,0,0,0,0,0,0,0,0,0,0,0,0,0,0,0,0},
{0.0011981146*J2^5+0,0,0,0,0,0,0,0,0,0,0,0,0,0,0,0,0.0016943899*J2^5+0,0,0,0,0,0,0,0,0,0,0,0,0,0,0,0,0,0.0004069010*J2^5+0,0,0,0,0,0,0,0,0,0,0,0,0,0,0,0,0,0,0,0,0,0,0,0,0,0,0,0,0,0,0,0,0,0,0,0,0,0,0,0,0,0,0,0,0,0,0,0,0,0,0,0,0,0,0,0,0,0,0,0,0,0,0},
{0,0,0,0,0,0,0,0,0,0.0006917318*J2^5+0,0,0,0,0,0,0,0,0,0,0,0,0,0,0,-0.0000313233*J2^5+0,0,0,0,0,0,0,0,0,0,0,0,0,0,0,0,-0.0001882655*J2^5+0,0,0,0,0,0,0,0,0,0,0,0,0,0,0,0,0,0,0,0,0,0,0,0,0,0,0,0,0,0,0,0,0,0,0,0,0,0,0,0,0,0,0,0,0,0,0,0,0,0,0,0,0,0,0,0},
{0,-0.0003993715*J2^5+0,0,0,0,0,0,0,0,0,0,0,0,0,0,0,0,-0.0005647966*J2^5+0,0,0,0,0,0,0,0,-0.0000313233*J2^5+0,0,0,0,0,0,0,0,0,0,0,0,0,0,0,0,-0.0001882655*J2^5+0,0,0,0,0,0,0,0,0,0,0,0,0,0,0,0,0,0,0,0,0,0,0,0,0,0,0,0,0,0,0,0,0,0,0,0,0,0,0,0,0,0,0,0,0,0,0,0,0,0,0,0,0,0,0},
{0,0,0,0,0,0,0,0,0,0,0,0,-0.0020751953*J2^5+0,0,0,0,0,0,0,0,0,0,0,0,0,0,0,0,0,0,0,0,0,0,0,0,0.0004069010*J2^5+0,0,0,0,0,0,0,0,0,0,0,0,0,0,0,0,0,0,0,0,0,0,0,0,0,0,0,0,0,0,0,0,0,0,0,0,0,0,0,0,0,0,0,0,0,0,0,0,0,0,0,0,0,0,0,0,0,0,0,0},
{0,0,0,0,0.0011981146*J2^5+0,0,0,0,0,0,0,0,0,0,0,0,0,0,0,0,0.0016943899*J2^5+0,0,0,0,0,0,0,0,0,0,0,0,0,0,0,0,0,0.0004069010*J2^5+0,0,0,0,0,0,0,0,0,0,0,0,0,0,0,0,0,0,0,0,0,0,0,0,0,0,0,0,0,0,0,0,0,0,0,0,0,0,0,0,0,0,0,0,0,0,0,0,0,0,0,0,0,0,0,0,0,0,0},
{0,0,0,0,0,0,0,0,0,0,0,0,0,0.0006917318*J2^5+0,0,0,0,0,0,0,0,0,0,0,0,0,0,0,-0.0000313233*J2^5+0,0,0,0,0,0,0,0,0,0,0,0,0,0,0,0,-0.0001882655*J2^5+0,0,0,0,0,0,0,0,0,0,0,0,0,0,0,0,0,0,0,0,0,0,0,0,0,0,0,0,0,0,0,0,0,0,0,0,0,0,0,0,0,0,0,0,0,0,0,0,0,0,0,0},
{0,0,0,0,0,-0.0003993715*J2^5+0,0,0,0,0,0,0,0,0,0,0,0,0,0,0,0,-0.0005647966*J2^5+0,0,0,0,0,0,0,0,-0.0000313233*J2^5+0,0,0,0,0,0,0,0,0,0,0,0,0,0,0,0,-0.0001882655*J2^5+0,0,0,0,0,0,0,0,0,0,0,0,0,0,0,0,0,0,0,0,0,0,0,0,0,0,0,0,0,0,0,0,0,0,0,0,0,0,0,0,0,0,0,0,0,0,0,0,0,0,0},
{0,0,0,0,0,0,0,0,0,0,-0.0006041724*J2^5+0,0,0,0,0,0,0,0,0,0,0,0,0,0,0,0,0,0,0,0,0,0,0,0,0.0001308425*J2^5+0,0,0,0,0,0,0,0,0,0,0,0,0,0,0,0,0,0,0,0,0,0,0,0,0,0,0,0,0,0,0,0,0,0,0,0,0,0,0,0,0,0,0,0,0,0,0,0,0,0,0,0,0,0,0,0,0,0,0,0,0,0},
{0,0,0.0003488191*J2^5+0,0,0,0,0,0,0,0,0,0,0,0,0,0,0,0,0.0004933047*J2^5+0,0,0,0,0,0,0,0,0,0,0,0,0,0,0,0,0,0.0001308425*J2^5+0,0,0,0,0,0,0,0,0,0,0,0,0,0,0,0,0,0,0,0,0,0,0,0,0,0,0,0,0,0,0,0,0,0,0,0,0,0,0,0,0,0,0,0,0,0,0,0,0,0,0,0,0,0,0,0,0,0,0,0,0},
{0,0,0,0,0,0,0,0,0,0,0,0.0002013908*J2^5+0,0,0,0,0,0,0,0,0,0,0,0,0,0,0,-0.0000119194*J2^5+0,0,0,0,0,0,0,0,0,0,0,0,0,0,0,0,-0.0000618445*J2^5+0,0,0,0,0,0,0,0,0,0,0,0,0,0,0,0,0,0,0,0,0,0,0,0,0,0,0,0,0,0,0,0,0,0,0,0,0,0,0,0,0,0,0,0,0,0,0,0,0,0,0,0,0,0},
{0,0,0,-0.0001162730*J2^5+0,0,0,0,0,0,0,0,0,0,0,0,0,0,0,0,-0.0001644349*J2^5+0,0,0,0,0,0,0,0,-0.0000119194*J2^5+0,0,0,0,0,0,0,0,0,0,0,0,0,0,0,0,-0.0000618445*J2^5+0,0,0,0,0,0,0,0,0,0,0,0,0,0,0,0,0,0,0,0,0,0,0,0,0,0,0,0,0,0,0,0,0,0,0,0,0,0,0,0,0,0,0,0,0,0,0,0,0,0,0,0,0},
{0,0,0,0,0,0,0,0,0,0,0,0,0,0,-0.0006041724*J2^5+0,0,0,0,0,0,0,0,0,0,0,0,0,0,0,0,0,0,0,0,0,0,0,0,0.0001308425*J2^5+0,0,0,0,0,0,0,0,0,0,0,0,0,0,0,0,0,0,0,0,0,0,0,0,0,0,0,0,0,0,0,0,0,0,0,0,0,0,0,0,0,0,0,0,0,0,0,0,0,0,0,0,0,0,0,0,0,0},
{0,0,0,0,0,0,0.0003488191*J2^5+0,0,0,0,0,0,0,0,0,0,0,0,0,0,0,0,0.0004933047*J2^5+0,0,0,0,0,0,0,0,0,0,0,0,0,0,0,0,0,0.0001308425*J2^5+0,0,0,0,0,0,0,0,0,0,0,0,0,0,0,0,0,0,0,0,0,0,0,0,0,0,0,0,0,0,0,0,0,0,0,0,0,0,0,0,0,0,0,0,0,0,0,0,0,0,0,0,0,0,0,0,0},
{0,0,0,0,0,0,0,0,0,0,0,0,0,0,0,0.0002013908*J2^5+0,0,0,0,0,0,0,0,0,0,0,0,0,0,0,-0.0000119194*J2^5+0,0,0,0,0,0,0,0,0,0,0,0,0,0,0,0,-0.0000618445*J2^5+0,0,0,0,0,0,0,0,0,0,0,0,0,0,0,0,0,0,0,0,0,0,0,0,0,0,0,0,0,0,0,0,0,0,0,0,0,0,0,0,0,0,0,0,0,0,0,0,0,0},
{0,0,0,0,0,0,0,-0.0001162730*J2^5+0,0,0,0,0,0,0,0,0,0,0,0,0,0,0,0,-0.0001644349*J2^5+0,0,0,0,0,0,0,0,-0.0000119194*J2^5+0,0,0,0,0,0,0,0,0,0,0,0,0,0,0,0,-0.0000618445*J2^5+0,0,0,0,0,0,0,0,0,0,0,0,0,0,0,0,0,0,0,0,0,0,0,0,0,0,0,0,0,0,0,0,0,0,0,0,0,0,0,0,0,0,0,0,0,0,0,0,0},
{0,0,0,0,0,0,0,0,0,0,0,0,0.0018324105*J2^5+0,0,0,0,0,0,0,0,0,0,0,0,0,0,0,0,0,0,0,0,0,0,0,0,-0.0002349244*J2^5+0,0,0,0,0,0,0,0,0,0,0,0,0,0,0,0,0,0,0,0,0,0,0,0,0,0,0,0,0,0,0,0,0,0,0,0,0,0,0,0,0,0,0,0,0,0,0,0,0,0,0,0,0,0,0,0,0,0,0,0},
{0,0,0,0,-0.0010579427*J2^5+0,0,0,0,0,0,0,0,0,0,0,0,0,0,0,0,-0.0014961569*J2^5+0,0,0,0,0,0,0,0,0,0,0,0,0,0,0,0,0,-0.0002349244*J2^5+0,0,0,0,0,0,0,0,0,0,0,0,0,0,0,0,0,0,0,0,0,0,0,0,0,0,0,0,0,0,0,0,0,0,0,0,0,0,0,0,0,0,0,0,0,0,0,0,0,0,0,0,0,0,0,0,0,0,0},
{0,0,0,0,0,0,0,0,0,0,0,0,0,-0.0006108035*J2^5+0,0,0,0,0,0,0,0,0,0,0,0,0,0,0,0.0000452112*J2^5+0,0,0,0,0,0,0,0,0,0,0,0,0,0,0,0,0.0001278767*J2^5+0,0,0,0,0,0,0,0,0,0,0,0,0,0,0,0,0,0,0,0,0,0,0,0,0,0,0,0,0,0,0,0,0,0,0,0,0,0,0,0,0,0,0,0,0,0,0,0,0,0,0,0},
{0,0,0,0,0,0.0003526476*J2^5+0,0,0,0,0,0,0,0,0,0,0,0,0,0,0,0,0.0004987190*J2^5+0,0,0,0,0,0,0,0,0.0000452112*J2^5+0,0,0,0,0,0,0,0,0,0,0,0,0,0,0,0,0.0001278767*J2^5+0,0,0,0,0,0,0,0,0,0,0,0,0,0,0,0,0,0,0,0,0,0,0,0,0,0,0,0,0,0,0,0,0,0,0,0,0,0,0,0,0,0,0,0,0,0,0,0,0,0,0},
{0,0,0,0,0,0,0,0,0,0,0,0,0,0,-0.0006108035*J2^5+0,0,0,0,0,0,0,0,0,0,0,0,0,0,0,0,0,0,0,0,0,0,0,0,0.0000783081*J2^5+0,0,0,0,0,0,0,0,0,0,0,0,0,0,0,0,0,0,0,0,0,0,0,0,0,0,0,0,0,0,0,0,0,0,0,0,0,0,0,0,0,0,0,0,0,0,0,0,0,0,0,0,0,0,0,0,0,0},
{0,0,0,0,0,0,0.0003526476*J2^5+0,0,0,0,0,0,0,0,0,0,0,0,0,0,0,0,0.0004987190*J2^5+0,0,0,0,0,0,0,0,0,0,0,0,0,0,0,0,0,0.0000783081*J2^5+0,0,0,0,0,0,0,0,0,0,0,0,0,0,0,0,0,0,0,0,0,0,0,0,0,0,0,0,0,0,0,0,0,0,0,0,0,0,0,0,0,0,0,0,0,0,0,0,0,0,0,0,0,0,0,0,0},
{0,0,0,0,0,0,0,0,0,0,0,0,0,0,0,0.0002036012*J2^5+0,0,0,0,0,0,0,0,0,0,0,0,0,0,0,-0.0000150704*J2^5+0,0,0,0,0,0,0,0,0,0,0,0,0,0,0,0,-0.0000426256*J2^5+0,0,0,0,0,0,0,0,0,0,0,0,0,0,0,0,0,0,0,0,0,0,0,0,0,0,0,0,0,0,0,0,0,0,0,0,0,0,0,0,0,0,0,0,0,0,0,0,0,0},
{0,0,0,0,0,0,0,-0.0001175492*J2^5+0,0,0,0,0,0,0,0,0,0,0,0,0,0,0,0,-0.0001662397*J2^5+0,0,0,0,0,0,0,0,-0.0000150704*J2^5+0,0,0,0,0,0,0,0,0,0,0,0,0,0,0,0,-0.0000426256*J2^5+0,0,0,0,0,0,0,0,0,0,0,0,0,0,0,0,0,0,0,0,0,0,0,0,0,0,0,0,0,0,0,0,0,0,0,0,0,0,0,0,0,0,0,0,0,0,0,0,0},
{0,0,0,0,0,0,0,0,-0.0031738281*J2^5+0,0,0,0,0,0,0,0,0,0,0,0,0,0,0,0,0,0,0,0,0,0,0,0,0.0004069010*J2^5+0,0,0,0,0,0,0,0,0,0,0,0,0,0,0,0,0,0,0,0,0,0,0,0,0,0,0,0,0,0,0,0,0,0,0,0,0,0,0,0,0,0,0,0,0,0,0,0,0,0,0,0,0,0,0,0,0,0,0,0,0,0,0,0},
{0.0018324105*J2^5+0,0,0,0,0,0,0,0,0,0,0,0,0,0,0,0,0.0025914198*J2^5+0,0,0,0,0,0,0,0,0,0,0,0,0,0,0,0,0,0.0004069010*J2^5+0,0,0,0,0,0,0,0,0,0,0,0,0,0,0,0,0,0,0,0,0,0,0,0,0,0,0,0,0,0,0,0,0,0,0,0,0,0,0,0,0,0,0,0,0,0,0,0,0,0,0,0,0,0,0,0,0,0,0,0,0,0,0},
{0,0,0,0,0,0,0,0,0,0.0010579427*J2^5+0,0,0,0,0,0,0,0,0,0,0,0,0,0,0,-0.0000783081*J2^5+0,0,0,0,0,0,0,0,0,0,0,0,0,0,0,0,-0.0002214889*J2^5+0,0,0,0,0,0,0,0,0,0,0,0,0,0,0,0,0,0,0,0,0,0,0,0,0,0,0,0,0,0,0,0,0,0,0,0,0,0,0,0,0,0,0,0,0,0,0,0,0,0,0,0,0,0,0,0},
{0,-0.0006108035*J2^5+0,0,0,0,0,0,0,0,0,0,0,0,0,0,0,0,-0.0008638066*J2^5+0,0,0,0,0,0,0,0,-0.0000783081*J2^5+0,0,0,0,0,0,0,0,0,0,0,0,0,0,0,0,-0.0002214889*J2^5+0,0,0,0,0,0,0,0,0,0,0,0,0,0,0,0,0,0,0,0,0,0,0,0,0,0,0,0,0,0,0,0,0,0,0,0,0,0,0,0,0,0,0,0,0,0,0,0,0,0,0,0,0,0,0},
{0,0,0,0,0,0,0,0,0,0,0.0010579427*J2^5+0,0,0,0,0,0,0,0,0,0,0,0,0,0,0,0,0,0,0,0,0,0,0,0,-0.0001356337*J2^5+0,0,0,0,0,0,0,0,0,0,0,0,0,0,0,0,0,0,0,0,0,0,0,0,0,0,0,0,0,0,0,0,0,0,0,0,0,0,0,0,0,0,0,0,0,0,0,0,0,0,0,0,0,0,0,0,0,0,0,0,0,0},
{0,0,-0.0006108035*J2^5+0,0,0,0,0,0,0,0,0,0,0,0,0,0,0,0,-0.0008638066*J2^5+0,0,0,0,0,0,0,0,0,0,0,0,0,0,0,0,0,-0.0001356337*J2^5+0,0,0,0,0,0,0,0,0,0,0,0,0,0,0,0,0,0,0,0,0,0,0,0,0,0,0,0,0,0,0,0,0,0,0,0,0,0,0,0,0,0,0,0,0,0,0,0,0,0,0,0,0,0,0,0,0,0,0,0,0},
{0,0,0,0,0,0,0,0,0,0,0,-0.0003526476*J2^5+0,0,0,0,0,0,0,0,0,0,0,0,0,0,0,0.0000261027*J2^5+0,0,0,0,0,0,0,0,0,0,0,0,0,0,0,0,0.0000738296*J2^5+0,0,0,0,0,0,0,0,0,0,0,0,0,0,0,0,0,0,0,0,0,0,0,0,0,0,0,0,0,0,0,0,0,0,0,0,0,0,0,0,0,0,0,0,0,0,0,0,0,0,0,0,0,0},
{0,0,0,0.0002036012*J2^5+0,0,0,0,0,0,0,0,0,0,0,0,0,0,0,0,0.0002879355*J2^5+0,0,0,0,0,0,0,0,0.0000261027*J2^5+0,0,0,0,0,0,0,0,0,0,0,0,0,0,0,0,0.0000738296*J2^5+0,0,0,0,0,0,0,0,0,0,0,0,0,0,0,0,0,0,0,0,0,0,0,0,0,0,0,0,0,0,0,0,0,0,0,0,0,0,0,0,0,0,0,0,0,0,0,0,0,0,0,0,0},
{0,0,0,0,0,0,0,0,0,0,0,0,-0.0025914198*J2^5+0,0,0,0,0,0,0,0,0,0,0,0,0,0,0,0,0,0,0,0,0,0,0,0,0.0003322333*J2^5+0,0,0,0,0,0,0,0,0,0,0,0,0,0,0,0,0,0,0,0,0,0,0,0,0,0,0,0,0,0,0,0,0,0,0,0,0,0,0,0,0,0,0,0,0,0,0,0,0,0,0,0,0,0,0,0,0,0,0,0},
{0,0,0,0,0.0014961569*J2^5+0,0,0,0,0,0,0,0,0,0,0,0,0,0,0,0,0.0021158854*J2^5+0,0,0,0,0,0,0,0,0,0,0,0,0,0,0,0,0,0.0003322333*J2^5+0,0,0,0,0,0,0,0,0,0,0,0,0,0,0,0,0,0,0,0,0,0,0,0,0,0,0,0,0,0,0,0,0,0,0,0,0,0,0,0,0,0,0,0,0,0,0,0,0,0,0,0,0,0,0,0,0,0,0},
{0,0,0,0,0,0,0,0,0,0,0,0,0,0.0008638066*J2^5+0,0,0,0,0,0,0,0,0,0,0,0,0,0,0,-0.0000639383*J2^5+0,0,0,0,0,0,0,0,0,0,0,0,0,0,0,0,-0.0001808449*J2^5+0,0,0,0,0,0,0,0,0,0,0,0,0,0,0,0,0,0,0,0,0,0,0,0,0,0,0,0,0,0,0,0,0,0,0,0,0,0,0,0,0,0,0,0,0,0,0,0,0,0,0,0},
{0,0,0,0,0,-0.0004987190*J2^5+0,0,0,0,0,0,0,0,0,0,0,0,0,0,0,0,-0.0007052951*J2^5+0,0,0,0,0,0,0,0,-0.0000639383*J2^5+0,0,0,0,0,0,0,0,0,0,0,0,0,0,0,0,-0.0001808449*J2^5+0,0,0,0,0,0,0,0,0,0,0,0,0,0,0,0,0,0,0,0,0,0,0,0,0,0,0,0,0,0,0,0,0,0,0,0,0,0,0,0,0,0,0,0,0,0,0,0,0,0,0},
{0,0,0,0,0,0,0,0,0,0,0,0,0,0,0.0008638066*J2^5+0,0,0,0,0,0,0,0,0,0,0,0,0,0,0,0,0,0,0,0,0,0,0,0,-0.0001107444*J2^5+0,0,0,0,0,0,0,0,0,0,0,0,0,0,0,0,0,0,0,0,0,0,0,0,0,0,0,0,0,0,0,0,0,0,0,0,0,0,0,0,0,0,0,0,0,0,0,0,0,0,0,0,0,0,0,0,0,0},
{0,0,0,0,0,0,-0.0004987190*J2^5+0,0,0,0,0,0,0,0,0,0,0,0,0,0,0,0,-0.0007052951*J2^5+0,0,0,0,0,0,0,0,0,0,0,0,0,0,0,0,0,-0.0001107444*J2^5+0,0,0,0,0,0,0,0,0,0,0,0,0,0,0,0,0,0,0,0,0,0,0,0,0,0,0,0,0,0,0,0,0,0,0,0,0,0,0,0,0,0,0,0,0,0,0,0,0,0,0,0,0,0,0,0,0},
{0,0,0,0,0,0,0,0,0,0,0,0,0,0,0,-0.0002879355*J2^5+0,0,0,0,0,0,0,0,0,0,0,0,0,0,0,0.0000213128*J2^5+0,0,0,0,0,0,0,0,0,0,0,0,0,0,0,0,0.0000602816*J2^5+0,0,0,0,0,0,0,0,0,0,0,0,0,0,0,0,0,0,0,0,0,0,0,0,0,0,0,0,0,0,0,0,0,0,0,0,0,0,0,0,0,0,0,0,0,0,0,0,0,0},
{0,0,0,0,0,0,0,0.0001662397*J2^5+0,0,0,0,0,0,0,0,0,0,0,0,0,0,0,0,0.0002350984*J2^5+0,0,0,0,0,0,0,0,0.0000213128*J2^5+0,0,0,0,0,0,0,0,0,0,0,0,0,0,0,0,0.0000602816*J2^5+0,0,0,0,0,0,0,0,0,0,0,0,0,0,0,0,0,0,0,0,0,0,0,0,0,0,0,0,0,0,0,0,0,0,0,0,0,0,0,0,0,0,0,0,0,0,0,0,0}
}