96
{{0,0,0,0,0,0,0,0,0,0,0,0,0,0,0,0,0,0,0,0,0,0,0,0,0,0,0,0,0,0,0,0,0,0,0,0,0,0,0,0,0,0,0,0,0,0,0,0,0,0,0,0,0,0,0,0,0,0,0,0,0,0,0,0,0,0,0,0,0,0,0,0,0,0,0,0,0,0,0,0,0,-0.0096701419*J1^2*J2^3+-0.0096701419*J2^5+0,0,0.0001459569*J1^2*J2^3+-0.0073549624*J1^1*J2^4+0.0001459569*J2^5+0,0,0.0111661181*J1^1*J2^4+0,0,0.0021231948*J1^2*J2^3+-0.0001685365*J1^1*J2^4+0.0021231948*J2^5+0,0,0,0,0,0,0,0,0},
{0,0,0,0,0,0,0,0,0,0,0,0,0,0,0,0,0,0,0,0,0,0,0,0,0,0,0,0,0,0,0,0,0,0,0,0,0,0,0,0,0,0,0,0,0,0,0,0,0,0,0,0,0,0,0,0,0,0,0,0,0,0,0,0,0,0,0,0,0,0,0,0,0,0,0,0,0,0,0,0,0,0.0028334629*J1^2*J2^3+0.0091160904*J1^1*J2^4+0.0028334629*J2^5+0,0,-0.0001778030*J1^2*J2^3+0.0023452418*J1^1*J2^4+-0.0001778030*J2^5+0,0,-0.0026315886*J1^2*J2^3+-0.0032718012*J1^1*J2^4+-0.0026315886*J2^5+0,0,-0.0006770130*J1^2*J2^3+0.0002053092*J1^1*J2^4+-0.0006770130*J2^5+0,0,0,0,0,0,0,0,0},
{0,0,0,0,0,0,0,0,0,0,0,0,0,0,0,0,0,0,0,0,0,0,0,0,0,0,0,0,0,0,0,0,0,0,0,0,0,0,0,0,0,0,0,0,0,0,0,0,0,0,0,0,0,0,0,0,0,0,0,0,0,0,0,0,0,0,0,0,0,0,0,0,0,0,0,0,0,0,0,0,0,0.0111661181*J1^1*J2^4+0,0,0.0021231948*J1^2*J2^3+-0.0001685365*J1^1*J2^4+0.0021231948*J2^5+0,0,-0.0096701419*J1^2*J2^3+0.0128935226*J1^1*J2^4+-0.0096701419*J2^5+0,0,0.0025976110*J1^2*J2^3+-0.0075495716*J1^1*J2^4+0.0025976110*J2^5+0,0,0,0,0,0,0,0,0},
{0,0,0,0,0,0,0,0,0,0,0,0,0,0,0,0,0,0,0,0,0,0,0,0,0,0,0,0,0,0,0,0,0,0,0,0,0,0,0,0,0,0,0,0,0,0,0,0,0,0,0,0,0,0,0,0,0,0,0,0,0,0,0,0,0,0,0,0,0,0,0,0,0,0,0,0,0,0,0,0,0,-0.0026315886*J1^2*J2^3+-0.0032718012*J1^1*J2^4+-0.0026315886*J2^5+0,0,-0.0006770130*J1^2*J2^3+0.0002053092*J1^1*J2^4+-0.0006770130*J2^5+0,0,-0.0002052339*J1^2*J2^3+0.0053381398*J1^1*J2^4+-0.0002052339*J2^5+0,0,-0.0009595503*J1^2*J2^3+0.0025823125*J1^1*J2^4+-0.0009595503*J2^5+0,0,0,0,0,0,0,0,0},
{0,0,0,0,0,0,0,0,0,0,0,0,0,0,0,0,0,0,0,0,0,0,0,0,0,0,0,0,0,0,0,0,0,0,0,0,0,0,0,0,0,0,0,0,0,0,0,0,0,0,0,0,0,0,0,0,0,0,0,0,0,0,0,0,0,0,0,0,0,0,0,0,0,0.0055830591*J1^2*J2^3+0.0055830591*J2^5+0,0,-0.0000842683*J1^2*J2^3+0.0042463895*J1^1*J2^4+-0.0000842683*J2^5+0,0,-0.0064467613*J1^1*J2^4+0,0,-0.0012258271*J1^2*J2^3+0.0000973046*J1^1*J2^4+-0.0012258271*J2^5+0,0,0,0,0,0,0,0,0,0,-0.0078956378*J1^2*J2^3+-0.0078956378*J2^5+0,0,0.0001191733*J1^2*J2^3+-0.0060053016*J1^1*J2^4+0.0001191733*J2^5+0,0,0.0091170973*J1^1*J2^4+0,0,0.0017335813*J1^2*J2^3+-0.0001376095*J1^1*J2^4+0.0017335813*J2^5+0},
{0,0,0,0,0,0,0,0,0,0,0,0,0,0,0,0,0,0,0,0,0,0,0,0,0,0,0,0,0,0,0,0,0,0,0,0,0,0,0,0,0,0,0,0,0,0,0,0,0,0,0,0,0,0,0,0,0,0,0,0,0,0,0,0,0,0,0,0,0,0,0,0,0,-0.0016359006*J1^2*J2^3+-0.0052631772*J1^1*J2^4+-0.0016359006*J2^5+0,0,0.0001026546*J1^2*J2^3+-0.0013540260*J1^1*J2^4+0.0001026546*J2^5+0,0,0.0015193484*J1^2*J2^3+0.0018889753*J1^1*J2^4+0.0015193484*J2^5+0,0,0.0003908736*J1^2*J2^3+-0.0001185353*J1^1*J2^4+0.0003908736*J2^5+0,0,0,0,0,0,0,0,0,0,0.0023135128*J1^2*J2^3+0.0074432566*J1^1*J2^4+0.0023135128*J2^5+0,0,-0.0001451755*J1^2*J2^3+0.0019148819*J1^1*J2^4+-0.0001451755*J2^5+0,0,-0.0021486831*J1^2*J2^3+-0.0026714145*J1^1*J2^4+-0.0021486831*J2^5+0,0,-0.0005527788*J1^2*J2^3+0.0001676343*J1^1*J2^4+-0.0005527788*J2^5+0},
{0,0,0,0,0,0,0,0,0,0,0,0,0,0,0,0,0,0,0,0,0,0,0,0,0,0,0,0,0,0,0,0,0,0,0,0,0,0,0,0,0,0,0,0,0,0,0,0,0,0,0,0,0,0,0,0,0,0,0,0,0,0,0,0,0,0,0,0,0,0,0,0,0,-0.0064467613*J1^1*J2^4+0,0,-0.0012258271*J1^2*J2^3+0.0000973046*J1^1*J2^4+-0.0012258271*J2^5+0,0,0.0055830591*J1^2*J2^3+-0.0074440787*J1^1*J2^4+0.0055830591*J2^5+0,0,-0.0014997314*J1^2*J2^3+0.0043587472*J1^1*J2^4+-0.0014997314*J2^5+0,0,0,0,0,0,0,0,0,0,0.0091170973*J1^1*J2^4+0,0,0.0017335813*J1^2*J2^3+-0.0001376095*J1^1*J2^4+0.0017335813*J2^5+0,0,-0.0078956378*J1^2*J2^3+0.0105275171*J1^1*J2^4+-0.0078956378*J2^5+0,0,0.0021209405*J1^2*J2^3+-0.0061641994*J1^1*J2^4+0.0021209405*J2^5+0},
{0,0,0,0,0,0,0,0,0,0,0,0,0,0,0,0,0,0,0,0,0,0,0,0,0,0,0,0,0,0,0,0,0,0,0,0,0,0,0,0,0,0,0,0,0,0,0,0,0,0,0,0,0,0,0,0,0,0,0,0,0,0,0,0,0,0,0,0,0,0,0,0,0,0.0015193484*J1^2*J2^3+0.0018889753*J1^1*J2^4+0.0015193484*J2^5+0,0,0.0003908736*J1^2*J2^3+-0.0001185353*J1^1*J2^4+0.0003908736*J2^5+0,0,0.0001184918*J1^2*J2^3+-0.0030819764*J1^1*J2^4+0.0001184918*J2^5+0,0,0.0005539966*J1^2*J2^3+-0.0014908988*J1^1*J2^4+0.0005539966*J2^5+0,0,0,0,0,0,0,0,0,0,-0.0021486831*J1^2*J2^3+-0.0026714145*J1^1*J2^4+-0.0021486831*J2^5+0,0,-0.0005527788*J1^2*J2^3+0.0001676343*J1^1*J2^4+-0.0005527788*J2^5+0,0,-0.0001675727*J1^2*J2^3+0.0043585729*J1^1*J2^4+-0.0001675727*J2^5+0,0,-0.0007834695*J1^2*J2^3+0.0021084493*J1^1*J2^4+-0.0007834695*J2^5+0},
{0,0,0,0,0,0,0,0,0,0,0,0,0,0,0,0,0,0,0,0,0,0,0,0,0,0,0,0,0,0,0,0,0,0,0,0,0,0,0,0,0,0,0,0,0,0,0,0,0,0,0,0,0,0,0,0,0,0,0,0,0,0,0,0,0,0,0,0,0,0,0,0,0,0,0,0,0,0,0,0,0.0167491772*J1^2*J2^3+0.0167491772*J2^5+0,0,-0.0002528048*J1^2*J2^3+0.0127391685*J1^1*J2^4+-0.0002528048*J2^5+0,0,-0.0193402839*J1^1*J2^4+0,0,-0.0036774812*J1^2*J2^3+0.0002919138*J1^1*J2^4+-0.0036774812*J2^5+0,0,0,0,0,0,0,0,0,0},
{0,0,0,0,0,0,0,0,0,0,0,0,0,0,0,0,0,0,0,0,0,0,0,0,0,0,0,0,0,0,0,0,0,0,0,0,0,0,0,0,0,0,0,0,0,0,0,0,0,0,0,0,0,0,0,0,0,0,0,0,0,0,0,0,0,0,0,0,0,0,0,0,0,0,0,0,0,0,0,0,-0.0049077018*J1^2*J2^3+-0.0157895317*J1^1*J2^4+-0.0049077018*J2^5+0,0,0.0003079638*J1^2*J2^3+-0.0040620780*J1^1*J2^4+0.0003079638*J2^5+0,0,0.0045580452*J1^2*J2^3+0.0056669259*J1^1*J2^4+0.0045580452*J2^5+0,0,0.0011726209*J1^2*J2^3+-0.0003556060*J1^1*J2^4+0.0011726209*J2^5+0,0,0,0,0,0,0,0,0,0},
{0,0,0,0,0,0,0,0,0,0,0,0,0,0,0,0,0,0,0,0,0,0,0,0,0,0,0,0,0,0,0,0,0,0,0,0,0,0,0,0,0,0,0,0,0,0,0,0,0,0,0,0,0,0,0,0,0,0,0,0,0,0,0,0,0,0,0,0,0,0,0,0,0,0,0,0,0,0,0,0,-0.0193402839*J1^1*J2^4+0,0,-0.0036774812*J1^2*J2^3+0.0002919138*J1^1*J2^4+-0.0036774812*J2^5+0,0,0.0167491772*J1^2*J2^3+-0.0223322362*J1^1*J2^4+0.0167491772*J2^5+0,0,-0.0044991943*J1^2*J2^3+0.0130762416*J1^1*J2^4+-0.0044991943*J2^5+0,0,0,0,0,0,0,0,0,0},
{0,0,0,0,0,0,0,0,0,0,0,0,0,0,0,0,0,0,0,0,0,0,0,0,0,0,0,0,0,0,0,0,0,0,0,0,0,0,0,0,0,0,0,0,0,0,0,0,0,0,0,0,0,0,0,0,0,0,0,0,0,0,0,0,0,0,0,0,0,0,0,0,0,0,0,0,0,0,0,0,0.0045580452*J1^2*J2^3+0.0056669259*J1^1*J2^4+0.0045580452*J2^5+0,0,0.0011726209*J1^2*J2^3+-0.0003556060*J1^1*J2^4+0.0011726209*J2^5+0,0,0.0003554755*J1^2*J2^3+-0.0092459293*J1^1*J2^4+0.0003554755*J2^5+0,0,0.0016619898*J1^2*J2^3+-0.0044726964*J1^1*J2^4+0.0016619898*J2^5+0,0,0,0,0,0,0,0,0,0},
{0,0,0,0,0,0,0,0,0,0,0,0,0,0,0,0,0,0,0,0,0,0,0,0,0,0,0,0,0,0,0,0,0,0,0,0,0,0,0,0,0,0,0,0,0,0,0,0,0,0,0,0,0,0,0,0,0,0,0,0,0,0,0,0,0,0,0,0,0,0,0,0,-0.0096701419*J1^2*J2^3+-0.0096701419*J2^5+0,0,0.0001459569*J1^2*J2^3+-0.0073549624*J1^1*J2^4+0.0001459569*J2^5+0,0,0.0111661181*J1^1*J2^4+0,0,0.0021231948*J1^2*J2^3+-0.0001685365*J1^1*J2^4+0.0021231948*J2^5+0,0,0,0,0,0,0,0,0,0,0.0136756459*J1^2*J2^3+0.0136756459*J2^5+0,0,-0.0002064142*J1^2*J2^3+0.0104014876*J1^1*J2^4+-0.0002064142*J2^5+0,0,-0.0157912757*J1^1*J2^4+0,0,-0.0030026508*J1^2*J2^3+0.0002383466*J1^1*J2^4+-0.0030026508*J2^5+0,0},
{0,0,0,0,0,0,0,0,0,0,0,0,0,0,0,0,0,0,0,0,0,0,0,0,0,0,0,0,0,0,0,0,0,0,0,0,0,0,0,0,0,0,0,0,0,0,0,0,0,0,0,0,0,0,0,0,0,0,0,0,0,0,0,0,0,0,0,0,0,0,0,0,0.0028334629*J1^2*J2^3+0.0091160904*J1^1*J2^4+0.0028334629*J2^5+0,0,-0.0001778030*J1^2*J2^3+0.0023452418*J1^1*J2^4+-0.0001778030*J2^5+0,0,-0.0026315886*J1^2*J2^3+-0.0032718012*J1^1*J2^4+-0.0026315886*J2^5+0,0,-0.0006770130*J1^2*J2^3+0.0002053092*J1^1*J2^4+-0.0006770130*J2^5+0,0,0,0,0,0,0,0,0,0,-0.0040071217*J1^2*J2^3+-0.0128920986*J1^1*J2^4+-0.0040071217*J2^5+0,0,0.0002514514*J1^2*J2^3+-0.0033166728*J1^1*J2^4+0.0002514514*J2^5+0,0,0.0037216283*J1^2*J2^3+0.0046270256*J1^1*J2^4+0.0037216283*J2^5+0,0,0.0009574410*J1^2*J2^3+-0.0002903511*J1^1*J2^4+0.0009574410*J2^5+0,0},
{0,0,0,0,0,0,0,0,0,0,0,0,0,0,0,0,0,0,0,0,0,0,0,0,0,0,0,0,0,0,0,0,0,0,0,0,0,0,0,0,0,0,0,0,0,0,0,0,0,0,0,0,0,0,0,0,0,0,0,0,0,0,0,0,0,0,0,0,0,0,0,0,0.0111661181*J1^1*J2^4+0,0,0.0021231948*J1^2*J2^3+-0.0001685365*J1^1*J2^4+0.0021231948*J2^5+0,0,-0.0096701419*J1^2*J2^3+0.0128935226*J1^1*J2^4+-0.0096701419*J2^5+0,0,0.0025976110*J1^2*J2^3+-0.0075495716*J1^1*J2^4+0.0025976110*J2^5+0,0,0,0,0,0,0,0,0,0,-0.0157912757*J1^1*J2^4+0,0,-0.0030026508*J1^2*J2^3+0.0002383466*J1^1*J2^4+-0.0030026508*J2^5+0,0,0.0136756459*J1^2*J2^3+-0.0182341945*J1^1*J2^4+0.0136756459*J2^5+0,0,-0.0036735768*J1^2*J2^3+0.0106767065*J1^1*J2^4+-0.0036735768*J2^5+0,0},
{0,0,0,0,0,0,0,0,0,0,0,0,0,0,0,0,0,0,0,0,0,0,0,0,0,0,0,0,0,0,0,0,0,0,0,0,0,0,0,0,0,0,0,0,0,0,0,0,0,0,0,0,0,0,0,0,0,0,0,0,0,0,0,0,0,0,0,0,0,0,0,0,-0.0026315886*J1^2*J2^3+-0.0032718012*J1^1*J2^4+-0.0026315886*J2^5+0,0,-0.0006770130*J1^2*J2^3+0.0002053092*J1^1*J2^4+-0.0006770130*J2^5+0,0,-0.0002052339*J1^2*J2^3+0.0053381398*J1^1*J2^4+-0.0002052339*J2^5+0,0,-0.0009595503*J1^2*J2^3+0.0025823125*J1^1*J2^4+-0.0009595503*J2^5+0,0,0,0,0,0,0,0,0,0,0.0037216283*J1^2*J2^3+0.0046270256*J1^1*J2^4+0.0037216283*J2^5+0,0,0.0009574410*J1^2*J2^3+-0.0002903511*J1^1*J2^4+0.0009574410*J2^5+0,0,0.0002902445*J1^2*J2^3+-0.0075492697*J1^1*J2^4+0.0002902445*J2^5+0,0,0.0013570090*J1^2*J2^3+-0.0036519413*J1^1*J2^4+0.0013570090*J2^5+0,0},
{0,0,0,0,0,0,0,0,0,0,0,0,0,0,0,0,0,0,0,0,0,0,0,0,0,0,0,0,0,0,0,0,0,0,0,0,0,0,0,0,0,0,0,0,0,0,0,0,0,0,0,0,0,0,0,0,0,0,0,0,0,0,0,0,0,0,0,0,0,0,0,0,0,0,0,0,0,0,0,0,0,-0.0136756459*J1^2*J2^3+-0.0136756459*J2^5+0,0,0.0002064142*J1^2*J2^3+-0.0104014876*J1^1*J2^4+0.0002064142*J2^5+0,0,0.0157912757*J1^1*J2^4+0,0,0.0030026508*J1^2*J2^3+-0.0002383466*J1^1*J2^4+0.0030026508*J2^5+0,0,0,0,0,0,0,0,0},
{0,0,0,0,0,0,0,0,0,0,0,0,0,0,0,0,0,0,0,0,0,0,0,0,0,0,0,0,0,0,0,0,0,0,0,0,0,0,0,0,0,0,0,0,0,0,0,0,0,0,0,0,0,0,0,0,0,0,0,0,0,0,0,0,0,0,0,0,0,0,0,0,0,0,0,0,0,0,0,0,0,0.0040071217*J1^2*J2^3+0.0128920986*J1^1*J2^4+0.0040071217*J2^5+0,0,-0.0002514514*J1^2*J2^3+0.0033166728*J1^1*J2^4+-0.0002514514*J2^5+0,0,-0.0037216283*J1^2*J2^3+-0.0046270256*J1^1*J2^4+-0.0037216283*J2^5+0,0,-0.0009574410*J1^2*J2^3+0.0002903511*J1^1*J2^4+-0.0009574410*J2^5+0,0,0,0,0,0,0,0,0},
{0,0,0,0,0,0,0,0,0,0,0,0,0,0,0,0,0,0,0,0,0,0,0,0,0,0,0,0,0,0,0,0,0,0,0,0,0,0,0,0,0,0,0,0,0,0,0,0,0,0,0,0,0,0,0,0,0,0,0,0,0,0,0,0,0,0,0,0,0,0,0,0,0,0,0,0,0,0,0,0,0,0.0157912757*J1^1*J2^4+0,0,0.0030026508*J1^2*J2^3+-0.0002383466*J1^1*J2^4+0.0030026508*J2^5+0,0,-0.0136756459*J1^2*J2^3+0.0182341945*J1^1*J2^4+-0.0136756459*J2^5+0,0,0.0036735768*J1^2*J2^3+-0.0106767065*J1^1*J2^4+0.0036735768*J2^5+0,0,0,0,0,0,0,0,0},
{0,0,0,0,0,0,0,0,0,0,0,0,0,0,0,0,0,0,0,0,0,0,0,0,0,0,0,0,0,0,0,0,0,0,0,0,0,0,0,0,0,0,0,0,0,0,0,0,0,0,0,0,0,0,0,0,0,0,0,0,0,0,0,0,0,0,0,0,0,0,0,0,0,0,0,0,0,0,0,0,0,-0.0037216283*J1^2*J2^3+-0.0046270256*J1^1*J2^4+-0.0037216283*J2^5+0,0,-0.0009574410*J1^2*J2^3+0.0002903511*J1^1*J2^4+-0.0009574410*J2^5+0,0,-0.0002902445*J1^2*J2^3+0.0075492697*J1^1*J2^4+-0.0002902445*J2^5+0,0,-0.0013570090*J1^2*J2^3+0.0036519413*J1^1*J2^4+-0.0013570090*J2^5+0,0,0,0,0,0,0,0,0},
{0,0,0,0,0,0,0,0,0,0,0,0,0,0,0,0,0,0,0,0,0,0,0,0,0,0,0,0,0,0,0,0,0,0,0,0,0,0,0,0,0,0,0,0,0,0,0,0,0,0,0,0,0,0,0,0,0,0,0,0,0,0,0,0,0,0,0,0,0,0,0,0,0,0.0078956378*J1^2*J2^3+0.0078956378*J2^5+0,0,-0.0001191733*J1^2*J2^3+0.0060053016*J1^1*J2^4+-0.0001191733*J2^5+0,0,-0.0091170973*J1^1*J2^4+0,0,-0.0017335813*J1^2*J2^3+0.0001376095*J1^1*J2^4+-0.0017335813*J2^5+0,0,0,0,0,0,0,0,0,0,-0.0111661181*J1^2*J2^3+-0.0111661181*J2^5+0,0,0.0001685365*J1^2*J2^3+-0.0084927790*J1^1*J2^4+0.0001685365*J2^5+0,0,0.0128935226*J1^1*J2^4+0,0,0.0024516541*J1^2*J2^3+-0.0001946092*J1^1*J2^4+0.0024516541*J2^5+0},
{0,0,0,0,0,0,0,0,0,0,0,0,0,0,0,0,0,0,0,0,0,0,0,0,0,0,0,0,0,0,0,0,0,0,0,0,0,0,0,0,0,0,0,0,0,0,0,0,0,0,0,0,0,0,0,0,0,0,0,0,0,0,0,0,0,0,0,0,0,0,0,0,0,-0.0023135128*J1^2*J2^3+-0.0074432566*J1^1*J2^4+-0.0023135128*J2^5+0,0,0.0001451755*J1^2*J2^3+-0.0019148819*J1^1*J2^4+0.0001451755*J2^5+0,0,0.0021486831*J1^2*J2^3+0.0026714145*J1^1*J2^4+0.0021486831*J2^5+0,0,0.0005527788*J1^2*J2^3+-0.0001676343*J1^1*J2^4+0.0005527788*J2^5+0,0,0,0,0,0,0,0,0,0,0.0032718012*J1^2*J2^3+0.0105263545*J1^1*J2^4+0.0032718012*J2^5+0,0,-0.0002053092*J1^2*J2^3+0.0027080520*J1^1*J2^4+-0.0002053092*J2^5+0,0,-0.0030386968*J1^2*J2^3+-0.0037779506*J1^1*J2^4+-0.0030386968*J2^5+0,0,-0.0007817473*J1^2*J2^3+0.0002370706*J1^1*J2^4+-0.0007817473*J2^5+0},
{0,0,0,0,0,0,0,0,0,0,0,0,0,0,0,0,0,0,0,0,0,0,0,0,0,0,0,0,0,0,0,0,0,0,0,0,0,0,0,0,0,0,0,0,0,0,0,0,0,0,0,0,0,0,0,0,0,0,0,0,0,0,0,0,0,0,0,0,0,0,0,0,0,-0.0091170973*J1^1*J2^4+0,0,-0.0017335813*J1^2*J2^3+0.0001376095*J1^1*J2^4+-0.0017335813*J2^5+0,0,0.0078956378*J1^2*J2^3+-0.0105275171*J1^1*J2^4+0.0078956378*J2^5+0,0,-0.0021209405*J1^2*J2^3+0.0061641994*J1^1*J2^4+-0.0021209405*J2^5+0,0,0,0,0,0,0,0,0,0,0.0128935226*J1^1*J2^4+0,0,0.0024516541*J1^2*J2^3+-0.0001946092*J1^1*J2^4+0.0024516541*J2^5+0,0,-0.0111661181*J1^2*J2^3+0.0148881575*J1^1*J2^4+-0.0111661181*J2^5+0,0,0.0029994629*J1^2*J2^3+-0.0087174944*J1^1*J2^4+0.0029994629*J2^5+0},
{0,0,0,0,0,0,0,0,0,0,0,0,0,0,0,0,0,0,0,0,0,0,0,0,0,0,0,0,0,0,0,0,0,0,0,0,0,0,0,0,0,0,0,0,0,0,0,0,0,0,0,0,0,0,0,0,0,0,0,0,0,0,0,0,0,0,0,0,0,0,0,0,0,0.0021486831*J1^2*J2^3+0.0026714145*J1^1*J2^4+0.0021486831*J2^5+0,0,0.0005527788*J1^2*J2^3+-0.0001676343*J1^1*J2^4+0.0005527788*J2^5+0,0,0.0001675727*J1^2*J2^3+-0.0043585729*J1^1*J2^4+0.0001675727*J2^5+0,0,0.0007834695*J1^2*J2^3+-0.0021084493*J1^1*J2^4+0.0007834695*J2^5+0,0,0,0,0,0,0,0,0,0,-0.0030386968*J1^2*J2^3+-0.0037779506*J1^1*J2^4+-0.0030386968*J2^5+0,0,-0.0007817473*J1^2*J2^3+0.0002370706*J1^1*J2^4+-0.0007817473*J2^5+0,0,-0.0002369836*J1^2*J2^3+0.0061639529*J1^1*J2^4+-0.0002369836*J2^5+0,0,-0.0011079932*J1^2*J2^3+0.0029817976*J1^1*J2^4+-0.0011079932*J2^5+0},
{0,0,0,0,0,0,0,0,0,0,0,0,0,0,0,0,0,0,0,0,0,0,0,0,0,0,0,0,0,0,0,0,0,0,0,0,0,0,0,0,0,0,0,0,0,0,0,0,0,0,0,0,0,0,0,0,0,0,0,0,0,0,0,0,0,0,0,0,0,0,0,0,0,0,0,0,0,0,0,0,0.0059922458*J1^2*J2^3+-0.0057232390*J1^1*J2^4+0.0059922458*J2^5+0,0,-0.0043172439*J1^2*J2^3+0.0083316963*J1^1*J2^4+-0.0043172439*J2^5+0,0,0.0016521568*J1^2*J2^3+-0.0069192494*J1^1*J2^4+0.0016521568*J2^5+0,0,-0.0024051535*J1^2*J2^3+0.0049851238*J1^1*J2^4+-0.0024051535*J2^5+0,0,0,0,0,0,0,0,0,0},
{0,0,0,0,0,0,0,0,0,0,0,0,0,0,0,0,0,0,0,0,0,0,0,0,0,0,0,0,0,0,0,0,0,0,0,0,0,0,0,0,0,0,0,0,0,0,0,0,0,0,0,0,0,0,0,0,0,0,0,0,0,0,0,0,0,0,0,0,0,0,0,0,0,0,0,0,0,0,0,0,0,0.0059922458*J1^2*J2^3+-0.0057232390*J1^1*J2^4+0.0059922458*J2^5+0,0,-0.0043172439*J1^2*J2^3+0.0083316963*J1^1*J2^4+-0.0043172439*J2^5+0,0,0.0016521568*J1^2*J2^3+-0.0069192494*J1^1*J2^4+0.0016521568*J2^5+0,0,-0.0024051535*J1^2*J2^3+0.0049851238*J1^1*J2^4+-0.0024051535*J2^5+0,0,0,0,0,0,0,0,0},
{0,0,0,0,0,0,0,0,0,0,0,0,0,0,0,0,0,0,0,0,0,0,0,0,0,0,0,0,0,0,0,0,0,0,0,0,0,0,0,0,0,0,0,0,0,0,0,0,0,0,0,0,0,0,0,0,0,0,0,0,0,0,0,0,0,0,0,0,0,0,0,0,0,0,0,0,0,0,0,0,0.0016521568*J1^2*J2^3+-0.0069192494*J1^1*J2^4+0.0016521568*J2^5+0,0,-0.0024051535*J1^2*J2^3+0.0049851238*J1^1*J2^4+-0.0024051535*J2^5+0,0,0.0078999921*J1^2*J2^3+-0.0137129000*J1^1*J2^4+0.0078999921*J2^5+0,0,-0.0070944760*J1^2*J2^3+0.0140880214*J1^1*J2^4+-0.0070944760*J2^5+0,0,0,0,0,0,0,0,0,0},
{0,0,0,0,0,0,0,0,0,0,0,0,0,0,0,0,0,0,0,0,0,0,0,0,0,0,0,0,0,0,0,0,0,0,0,0,0,0,0,0,0,0,0,0,0,0,0,0,0,0,0,0,0,0,0,0,0,0,0,0,0,0,0,0,0,0,0,0,0,0,0,0,0,0,0,0,0,0,0,0,0,0.0016521568*J1^2*J2^3+-0.0069192494*J1^1*J2^4+0.0016521568*J2^5+0,0,-0.0024051535*J1^2*J2^3+0.0049851238*J1^1*J2^4+-0.0024051535*J2^5+0,0,0.0078999921*J1^2*J2^3+-0.0137129000*J1^1*J2^4+0.0078999921*J2^5+0,0,-0.0070944760*J1^2*J2^3+0.0140880214*J1^1*J2^4+-0.0070944760*J2^5+0,0,0,0,0,0,0,0,0},
{0,0,0,0,0,0,0,0,0,0,0,0,0,0,0,0,0,0,0,0,0,0,0,0,0,0,0,0,0,0,0,0,0,0,0,0,0,0,0,0,0,0,0,0,0,0,0,0,0,0,0,0,0,0,0,0,0,0,0,0,0,0,0,0,0,0,0,0,0,0,0,0,-0.0034596247*J1^2*J2^3+0.0033043136*J1^1*J2^4+-0.0034596247*J2^5+0,0,0.0024925619*J1^2*J2^3+-0.0048103071*J1^1*J2^4+0.0024925619*J2^5+0,0,-0.0009538732*J1^2*J2^3+0.0039948305*J1^1*J2^4+-0.0009538732*J2^5+0,0,0.0013886160*J1^2*J2^3+-0.0028781626*J1^1*J2^4+0.0013886160*J2^5+0,0,0,0,0,0,0,0,0,0,0.0048926482*J1^2*J2^3+-0.0046730051*J1^1*J2^4+0.0048926482*J2^5+0,0,-0.0035250149*J1^2*J2^3+0.0068028015*J1^1*J2^4+-0.0035250149*J2^5+0,0,0.0013489804*J1^2*J2^3+-0.0056495435*J1^1*J2^4+0.0013489804*J2^5+0,0,-0.0019637996*J1^2*J2^3+0.0040703366*J1^1*J2^4+-0.0019637996*J2^5+0,0},
{0,0,0,0,0,0,0,0,0,0,0,0,0,0,0,0,0,0,0,0,0,0,0,0,0,0,0,0,0,0,0,0,0,0,0,0,0,0,0,0,0,0,0,0,0,0,0,0,0,0,0,0,0,0,0,0,0,0,0,0,0,0,0,0,0,0,0,0,0,0,0,0,0,-0.0034596247*J1^2*J2^3+0.0033043136*J1^1*J2^4+-0.0034596247*J2^5+0,0,0.0024925619*J1^2*J2^3+-0.0048103071*J1^1*J2^4+0.0024925619*J2^5+0,0,-0.0009538732*J1^2*J2^3+0.0039948305*J1^1*J2^4+-0.0009538732*J2^5+0,0,0.0013886160*J1^2*J2^3+-0.0028781626*J1^1*J2^4+0.0013886160*J2^5+0,0,0,0,0,0,0,0,0,0,0.0048926482*J1^2*J2^3+-0.0046730051*J1^1*J2^4+0.0048926482*J2^5+0,0,-0.0035250149*J1^2*J2^3+0.0068028015*J1^1*J2^4+-0.0035250149*J2^5+0,0,0.0013489804*J1^2*J2^3+-0.0056495435*J1^1*J2^4+0.0013489804*J2^5+0,0,-0.0019637996*J1^2*J2^3+0.0040703366*J1^1*J2^4+-0.0019637996*J2^5+0},
{0,0,0,0,0,0,0,0,0,0,0,0,0,0,0,0,0,0,0,0,0,0,0,0,0,0,0,0,0,0,0,0,0,0,0,0,0,0,0,0,0,0,0,0,0,0,0,0,0,0,0,0,0,0,0,0,0,0,0,0,0,0,0,0,0,0,0,0,0,0,0,0,-0.0009538732*J1^2*J2^3+0.0039948305*J1^1*J2^4+-0.0009538732*J2^5+0,0,0.0013886160*J1^2*J2^3+-0.0028781626*J1^1*J2^4+0.0013886160*J2^5+0,0,-0.0045610626*J1^2*J2^3+0.0079171465*J1^1*J2^4+-0.0045610626*J2^5+0,0,0.0040959976*J1^2*J2^3+-0.0081337230*J1^1*J2^4+0.0040959976*J2^5+0,0,0,0,0,0,0,0,0,0,0.0013489804*J1^2*J2^3+-0.0056495435*J1^1*J2^4+0.0013489804*J2^5+0,0,-0.0019637996*J1^2*J2^3+0.0040703366*J1^1*J2^4+-0.0019637996*J2^5+0,0,0.0064503165*J1^2*J2^3+-0.0111965360*J1^1*J2^4+0.0064503165*J2^5+0,0,-0.0057926154*J1^2*J2^3+0.0115028213*J1^1*J2^4+-0.0057926154*J2^5+0,0},
{0,0,0,0,0,0,0,0,0,0,0,0,0,0,0,0,0,0,0,0,0,0,0,0,0,0,0,0,0,0,0,0,0,0,0,0,0,0,0,0,0,0,0,0,0,0,0,0,0,0,0,0,0,0,0,0,0,0,0,0,0,0,0,0,0,0,0,0,0,0,0,0,0,-0.0009538732*J1^2*J2^3+0.0039948305*J1^1*J2^4+-0.0009538732*J2^5+0,0,0.0013886160*J1^2*J2^3+-0.0028781626*J1^1*J2^4+0.0013886160*J2^5+0,0,-0.0045610626*J1^2*J2^3+0.0079171465*J1^1*J2^4+-0.0045610626*J2^5+0,0,0.0040959976*J1^2*J2^3+-0.0081337230*J1^1*J2^4+0.0040959976*J2^5+0,0,0,0,0,0,0,0,0,0,0.0013489804*J1^2*J2^3+-0.0056495435*J1^1*J2^4+0.0013489804*J2^5+0,0,-0.0019637996*J1^2*J2^3+0.0040703366*J1^1*J2^4+-0.0019637996*J2^5+0,0,0.0064503165*J1^2*J2^3+-0.0111965360*J1^1*J2^4+0.0064503165*J2^5+0,0,-0.0057926154*J1^2*J2^3+0.0115028213*J1^1*J2^4+-0.0057926154*J2^5+0},
{0,0,0,0,0,0,0,0,0,0,0,0,0,0,0,0,0,0,0,0,0,0,0,0,0,0,0,0,0,0,0,0,0,0,0,0,0,0,0,0,0,0,0,0,0,0,0,0,0,0,0,0,0,0,0,0,0,0,0,0,0,0,0,0,0,0,0,0,0,0,0,0,0,0,0,0,0,0,0,0,0.0224765103*J1^2*J2^3+0.0224765103*J2^5+0,0,-0.0008202053*J1^2*J2^3+0.0165868246*J1^1*J2^4+-0.0008202053*J2^5+0,0,-0.0259536385*J1^1*J2^4+0,0,-0.0047882038*J1^2*J2^3+0.0009470915*J1^1*J2^4+-0.0047882038*J2^5+0,0,0,0,0,0,0,0,0,0},
{0,0,0,0,0,0,0,0,0,0,0,0,0,0,0,0,0,0,0,0,0,0,0,0,0,0,0,0,0,0,0,0,0,0,0,0,0,0,0,0,0,0,0,0,0,0,0,0,0,0,0,0,0,0,0,0,0,0,0,0,0,0,0,0,0,0,0,0,0,0,0,0,0,0,0,0,0,0,0,0,0,0.0224765103*J1^2*J2^3+0.0224765103*J2^5+0,0,-0.0008202053*J1^2*J2^3+0.0165868246*J1^1*J2^4+-0.0008202053*J2^5+0,0,-0.0259536385*J1^1*J2^4+0,0,-0.0047882038*J1^2*J2^3+0.0009470915*J1^1*J2^4+-0.0047882038*J2^5+0,0,0,0,0,0,0,0,0},
{0,0,0,0,0,0,0,0,0,0,0,0,0,0,0,0,0,0,0,0,0,0,0,0,0,0,0,0,0,0,0,0,0,0,0,0,0,0,0,0,0,0,0,0,0,0,0,0,0,0,0,0,0,0,0,0,0,0,0,0,0,0,0,0,0,0,0,0,0,0,0,0,0,0,0,0,0,0,0,0,-0.0259536385*J1^1*J2^4+0,0,-0.0047882038*J1^2*J2^3+0.0009470915*J1^1*J2^4+-0.0047882038*J2^5+0,0,0.0224765103*J1^2*J2^3+-0.0299686803*J1^1*J2^4+0.0224765103*J2^5+0,0,-0.0063491468*J1^2*J2^3+0.0176804316*J1^1*J2^4+-0.0063491468*J2^5+0,0,0,0,0,0,0,0,0,0},
{0,0,0,0,0,0,0,0,0,0,0,0,0,0,0,0,0,0,0,0,0,0,0,0,0,0,0,0,0,0,0,0,0,0,0,0,0,0,0,0,0,0,0,0,0,0,0,0,0,0,0,0,0,0,0,0,0,0,0,0,0,0,0,0,0,0,0,0,0,0,0,0,0,0,0,0,0,0,0,0,0,-0.0259536385*J1^1*J2^4+0,0,-0.0047882038*J1^2*J2^3+0.0009470915*J1^1*J2^4+-0.0047882038*J2^5+0,0,0.0224765103*J1^2*J2^3+-0.0299686803*J1^1*J2^4+0.0224765103*J2^5+0,0,-0.0063491468*J1^2*J2^3+0.0176804316*J1^1*J2^4+-0.0063491468*J2^5+0,0,0,0,0,0,0,0,0},
{0,0,0,0,0,0,0,0,0,0,0,0,0,0,0,0,0,0,0,0,0,0,0,0,0,0,0,0,0,0,0,0,0,0,0,0,0,0,0,0,0,0,0,0,0,0,0,0,0,0,0,0,0,0,0,0,0,0,0,0,0,0,0,0,0,0,0,0,0,0,0,0,-0.0129768192*J1^2*J2^3+-0.0129768192*J2^5+0,0,0.0004735457*J1^2*J2^3+-0.0095764076*J1^1*J2^4+0.0004735457*J2^5+0,0,0.0149843402*J1^1*J2^4+0,0,0.0027644708*J1^2*J2^3+-0.0005468035*J1^1*J2^4+0.0027644708*J2^5+0,0,0,0,0,0,0,0,0,0,0.0183519938*J1^2*J2^3+0.0183519938*J2^5+0,0,-0.0006696948*J1^2*J2^3+0.0135430856*J1^1*J2^4+-0.0006696948*J2^5+0,0,-0.0211910571*J1^1*J2^4+0,0,-0.0039095520*J1^2*J2^3+0.0007732970*J1^1*J2^4+-0.0039095520*J2^5+0,0},
{0,0,0,0,0,0,0,0,0,0,0,0,0,0,0,0,0,0,0,0,0,0,0,0,0,0,0,0,0,0,0,0,0,0,0,0,0,0,0,0,0,0,0,0,0,0,0,0,0,0,0,0,0,0,0,0,0,0,0,0,0,0,0,0,0,0,0,0,0,0,0,0,0,-0.0129768192*J1^2*J2^3+-0.0129768192*J2^5+0,0,0.0004735457*J1^2*J2^3+-0.0095764076*J1^1*J2^4+0.0004735457*J2^5+0,0,0.0149843402*J1^1*J2^4+0,0,0.0027644708*J1^2*J2^3+-0.0005468035*J1^1*J2^4+0.0027644708*J2^5+0,0,0,0,0,0,0,0,0,0,0.0183519938*J1^2*J2^3+0.0183519938*J2^5+0,0,-0.0006696948*J1^2*J2^3+0.0135430856*J1^1*J2^4+-0.0006696948*J2^5+0,0,-0.0211910571*J1^1*J2^4+0,0,-0.0039095520*J1^2*J2^3+0.0007732970*J1^1*J2^4+-0.0039095520*J2^5+0},
{0,0,0,0,0,0,0,0,0,0,0,0,0,0,0,0,0,0,0,0,0,0,0,0,0,0,0,0,0,0,0,0,0,0,0,0,0,0,0,0,0,0,0,0,0,0,0,0,0,0,0,0,0,0,0,0,0,0,0,0,0,0,0,0,0,0,0,0,0,0,0,0,0.0149843402*J1^1*J2^4+0,0,0.0027644708*J1^2*J2^3+-0.0005468035*J1^1*J2^4+0.0027644708*J2^5+0,0,-0.0129768192*J1^2*J2^3+0.0173024257*J1^1*J2^4+-0.0129768192*J2^5+0,0,0.0036656816*J1^2*J2^3+-0.0102078020*J1^1*J2^4+0.0036656816*J2^5+0,0,0,0,0,0,0,0,0,0,-0.0211910571*J1^1*J2^4+0,0,-0.0039095520*J1^2*J2^3+0.0007732970*J1^1*J2^4+-0.0039095520*J2^5+0,0,0.0183519938*J1^2*J2^3+-0.0244693250*J1^1*J2^4+0.0183519938*J2^5+0,0,-0.0051840567*J1^2*J2^3+0.0144360120*J1^1*J2^4+-0.0051840567*J2^5+0,0},
{0,0,0,0,0,0,0,0,0,0,0,0,0,0,0,0,0,0,0,0,0,0,0,0,0,0,0,0,0,0,0,0,0,0,0,0,0,0,0,0,0,0,0,0,0,0,0,0,0,0,0,0,0,0,0,0,0,0,0,0,0,0,0,0,0,0,0,0,0,0,0,0,0,0.0149843402*J1^1*J2^4+0,0,0.0027644708*J1^2*J2^3+-0.0005468035*J1^1*J2^4+0.0027644708*J2^5+0,0,-0.0129768192*J1^2*J2^3+0.0173024257*J1^1*J2^4+-0.0129768192*J2^5+0,0,0.0036656816*J1^2*J2^3+-0.0102078020*J1^1*J2^4+0.0036656816*J2^5+0,0,0,0,0,0,0,0,0,0,-0.0211910571*J1^1*J2^4+0,0,-0.0039095520*J1^2*J2^3+0.0007732970*J1^1*J2^4+-0.0039095520*J2^5+0,0,0.0183519938*J1^2*J2^3+-0.0244693250*J1^1*J2^4+0.0183519938*J2^5+0,0,-0.0051840567*J1^2*J2^3+0.0144360120*J1^1*J2^4+-0.0051840567*J2^5+0},
{0,0,0,0,0,0,0,0,0,0,0,0,0,0,0,0,0,0,0,0,0,0,0,0,0,0,0,0,0,0,0,0,0,0,0,0,0,0,0,0,0,0,0,0,0,0,0,0,0,0,0,0,0,0,0,0,0,0,0,0,0,0,0,0,0,0,0,0,0,0,0,0,0,0,0,0,0,0,0,0,-0.0032326154*J1^2*J2^3+-0.0273389643*J1^1*J2^4+-0.0032326154*J2^5+0,0,-0.0024338141*J1^2*J2^3+-0.0021941754*J1^1*J2^4+-0.0024338141*J2^5+0,0,0.0078920792*J1^2*J2^3+0.0037327028*J1^1*J2^4+0.0078920792*J2^5+0,0,0.0006334039*J1^2*J2^3+0.0028103264*J1^1*J2^4+0.0006334039*J2^5+0,0,0,0,0,0,0,0,0,0},
{0,0,0,0,0,0,0,0,0,0,0,0,0,0,0,0,0,0,0,0,0,0,0,0,0,0,0,0,0,0,0,0,0,0,0,0,0,0,0,0,0,0,0,0,0,0,0,0,0,0,0,0,0,0,0,0,0,0,0,0,0,0,0,0,0,0,0,0,0,0,0,0,0,0,0,0,0,0,0,0,0,-0.0032326154*J1^2*J2^3+-0.0273389643*J1^1*J2^4+-0.0032326154*J2^5+0,0,-0.0024338141*J1^2*J2^3+-0.0021941754*J1^1*J2^4+-0.0024338141*J2^5+0,0,0.0078920792*J1^2*J2^3+0.0037327028*J1^1*J2^4+0.0078920792*J2^5+0,0,0.0006334039*J1^2*J2^3+0.0028103264*J1^1*J2^4+0.0006334039*J2^5+0,0,0,0,0,0,0,0,0},
{0,0,0,0,0,0,0,0,0,0,0,0,0,0,0,0,0,0,0,0,0,0,0,0,0,0,0,0,0,0,0,0,0,0,0,0,0,0,0,0,0,0,0,0,0,0,0,0,0,0,0,0,0,0,0,0,0,0,0,0,0,0,0,0,0,0,0,0,0,0,0,0,0,0,0,0,0,0,0,0,0.0078920792*J1^2*J2^3+0.0037327028*J1^1*J2^4+0.0078920792*J2^5+0,0,0.0006334039*J1^2*J2^3+0.0028103264*J1^1*J2^4+0.0006334039*J2^5+0,0,0.0058803727*J1^2*J2^3+-0.0230288105*J1^1*J2^4+0.0058803727*J2^5+0,0,-0.0017024223*J1^2*J2^3+0.0010509100*J1^1*J2^4+-0.0017024223*J2^5+0,0,0,0,0,0,0,0,0,0},
{0,0,0,0,0,0,0,0,0,0,0,0,0,0,0,0,0,0,0,0,0,0,0,0,0,0,0,0,0,0,0,0,0,0,0,0,0,0,0,0,0,0,0,0,0,0,0,0,0,0,0,0,0,0,0,0,0,0,0,0,0,0,0,0,0,0,0,0,0,0,0,0,0,0,0,0,0,0,0,0,0,0.0078920792*J1^2*J2^3+0.0037327028*J1^1*J2^4+0.0078920792*J2^5+0,0,0.0006334039*J1^2*J2^3+0.0028103264*J1^1*J2^4+0.0006334039*J2^5+0,0,0.0058803727*J1^2*J2^3+-0.0230288105*J1^1*J2^4+0.0058803727*J2^5+0,0,-0.0017024223*J1^2*J2^3+0.0010509100*J1^1*J2^4+-0.0017024223*J2^5+0,0,0,0,0,0,0,0,0},
{0,0,0,0,0,0,0,0,0,0,0,0,0,0,0,0,0,0,0,0,0,0,0,0,0,0,0,0,0,0,0,0,0,0,0,0,0,0,0,0,0,0,0,0,0,0,0,0,0,0,0,0,0,0,0,0,0,0,0,0,0,0,0,0,0,0,0,0,0,0,0,0,0.0018663514*J1^2*J2^3+0.0157841584*J1^1*J2^4+0.0018663514*J2^5+0,0,0.0014051632*J1^2*J2^3+0.0012668078*J1^1*J2^4+0.0014051632*J2^5+0,0,-0.0045564941*J1^2*J2^3+-0.0021550769*J1^1*J2^4+-0.0045564941*J2^5+0,0,-0.0003656959*J1^2*J2^3+-0.0016225427*J1^1*J2^4+-0.0003656959*J2^5+0,0,0,0,0,0,0,0,0,0,-0.0026394194*J1^2*J2^3+-0.0223221709*J1^1*J2^4+-0.0026394194*J2^5+0,0,-0.0019872009*J1^2*J2^3+-0.0017915367*J1^1*J2^4+-0.0019872009*J2^5+0,0,0.0064438557*J1^2*J2^3+0.0030477390*J1^1*J2^4+0.0064438557*J2^5+0,0,0.0005171721*J1^2*J2^3+0.0022946219*J1^1*J2^4+0.0005171721*J2^5+0,0},
{0,0,0,0,0,0,0,0,0,0,0,0,0,0,0,0,0,0,0,0,0,0,0,0,0,0,0,0,0,0,0,0,0,0,0,0,0,0,0,0,0,0,0,0,0,0,0,0,0,0,0,0,0,0,0,0,0,0,0,0,0,0,0,0,0,0,0,0,0,0,0,0,0,0.0018663514*J1^2*J2^3+0.0157841584*J1^1*J2^4+0.0018663514*J2^5+0,0,0.0014051632*J1^2*J2^3+0.0012668078*J1^1*J2^4+0.0014051632*J2^5+0,0,-0.0045564941*J1^2*J2^3+-0.0021550769*J1^1*J2^4+-0.0045564941*J2^5+0,0,-0.0003656959*J1^2*J2^3+-0.0016225427*J1^1*J2^4+-0.0003656959*J2^5+0,0,0,0,0,0,0,0,0,0,-0.0026394194*J1^2*J2^3+-0.0223221709*J1^1*J2^4+-0.0026394194*J2^5+0,0,-0.0019872009*J1^2*J2^3+-0.0017915367*J1^1*J2^4+-0.0019872009*J2^5+0,0,0.0064438557*J1^2*J2^3+0.0030477390*J1^1*J2^4+0.0064438557*J2^5+0,0,0.0005171721*J1^2*J2^3+0.0022946219*J1^1*J2^4+0.0005171721*J2^5+0},
{0,0,0,0,0,0,0,0,0,0,0,0,0,0,0,0,0,0,0,0,0,0,0,0,0,0,0,0,0,0,0,0,0,0,0,0,0,0,0,0,0,0,0,0,0,0,0,0,0,0,0,0,0,0,0,0,0,0,0,0,0,0,0,0,0,0,0,0,0,0,0,0,-0.0045564941*J1^2*J2^3+-0.0021550769*J1^1*J2^4+-0.0045564941*J2^5+0,0,-0.0003656959*J1^2*J2^3+-0.0016225427*J1^1*J2^4+-0.0003656959*J2^5+0,0,-0.0033950348*J1^2*J2^3+0.0132956899*J1^1*J2^4+-0.0033950348*J2^5+0,0,0.0009828940*J1^2*J2^3+-0.0006067432*J1^1*J2^4+0.0009828940*J2^5+0,0,0,0,0,0,0,0,0,0,0.0064438557*J1^2*J2^3+0.0030477390*J1^1*J2^4+0.0064438557*J2^5+0,0,0.0005171721*J1^2*J2^3+0.0022946219*J1^1*J2^4+0.0005171721*J2^5+0,0,0.0048013042*J1^2*J2^3+-0.0188029450*J1^1*J2^4+0.0048013042*J2^5+0,0,-0.0013900220*J1^2*J2^3+0.0008580644*J1^1*J2^4+-0.0013900220*J2^5+0,0},
{0,0,0,0,0,0,0,0,0,0,0,0,0,0,0,0,0,0,0,0,0,0,0,0,0,0,0,0,0,0,0,0,0,0,0,0,0,0,0,0,0,0,0,0,0,0,0,0,0,0,0,0,0,0,0,0,0,0,0,0,0,0,0,0,0,0,0,0,0,0,0,0,0,-0.0045564941*J1^2*J2^3+-0.0021550769*J1^1*J2^4+-0.0045564941*J2^5+0,0,-0.0003656959*J1^2*J2^3+-0.0016225427*J1^1*J2^4+-0.0003656959*J2^5+0,0,-0.0033950348*J1^2*J2^3+0.0132956899*J1^1*J2^4+-0.0033950348*J2^5+0,0,0.0009828940*J1^2*J2^3+-0.0006067432*J1^1*J2^4+0.0009828940*J2^5+0,0,0,0,0,0,0,0,0,0,0.0064438557*J1^2*J2^3+0.0030477390*J1^1*J2^4+0.0064438557*J2^5+0,0,0.0005171721*J1^2*J2^3+0.0022946219*J1^1*J2^4+0.0005171721*J2^5+0,0,0.0048013042*J1^2*J2^3+-0.0188029450*J1^1*J2^4+0.0048013042*J2^5+0,0,-0.0013900220*J1^2*J2^3+0.0008580644*J1^1*J2^4+-0.0013900220*J2^5+0},
{0,0,0,0,0,0,0,0,0,0,0,0,0,0,0,0,0,0,0,0,0,0,0,0,0,0,0,0,0,0,0,0,0,0,0,0,0,0,0,0,0,0,0,0,0,0,0,0,0,0,0,0,0,0,0,0,0,0,0,0,0,0,0,0,0,0,0,0,0,0,0,0,0,0,0,0,0,0,0,0,0.0159776476*J1^2*J2^3+0.0044691298*J2^5+0,0,0.0106381611*J1^1*J2^4+0.0007856917*J2^5+0,0,-0.0025802533*J1^2*J2^3+-0.0092246991*J2^5+0,0,-0.0019734701*J1^2*J2^3+-0.0061419452*J1^1*J2^4+0.0015198507*J2^5+0,0,0,0,0,0,0,0,0,0},
{0,0,0,0,0,0,0,0,0,0,0,0,0,0,0,0,0,0,0,0,0,0,0,0,0,0,0,0,0,0,0,0,0,0,0,0,0,0,0,0,0,0,0,0,0,0,0,0,0,0,0,0,0,0,0,0,0,0,0,0,0,0,0,0,0,0,0,0,0,0,0,0,0,0,0,0,0,0,0,0,0,0.0159776476*J1^2*J2^3+0.0044691298*J2^5+0,0,0.0106381611*J1^1*J2^4+0.0007856917*J2^5+0,0,-0.0025802533*J1^2*J2^3+-0.0092246991*J2^5+0,0,-0.0019734701*J1^2*J2^3+-0.0061419452*J1^1*J2^4+0.0015198507*J2^5+0,0,0,0,0,0,0,0,0},
{0,0,0,0,0,0,0,0,0,0,0,0,0,0,0,0,0,0,0,0,0,0,0,0,0,0,0,0,0,0,0,0,0,0,0,0,0,0,0,0,0,0,0,0,0,0,0,0,0,0,0,0,0,0,0,0,0,0,0,0,0,0,0,0,0,0,0,0,0,0,0,0,0,0,0,0,0,0,0,0,-0.0091510895*J1^1*J2^4+-0.0038692053*J2^5+0,0,0.0004047912*J1^2*J2^3+-0.0030287001*J1^1*J2^4+-0.0032699773*J2^5+0,0,-0.0040929724*J1^2*J2^3+0.0052833840*J1^1*J2^4+0.0063268591*J2^5+0,0,0.0004608869*J1^2*J2^3+0.0017486208*J1^1*J2^4+0.0011933291*J2^5+0,0,0,0,0,0,0,0,0,0},
{0,0,0,0,0,0,0,0,0,0,0,0,0,0,0,0,0,0,0,0,0,0,0,0,0,0,0,0,0,0,0,0,0,0,0,0,0,0,0,0,0,0,0,0,0,0,0,0,0,0,0,0,0,0,0,0,0,0,0,0,0,0,0,0,0,0,0,0,0,0,0,0,0,0,0,0,0,0,0,0,0,-0.0091510895*J1^1*J2^4+-0.0038692053*J2^5+0,0,0.0004047912*J1^2*J2^3+-0.0030287001*J1^1*J2^4+-0.0032699773*J2^5+0,0,-0.0040929724*J1^2*J2^3+0.0052833840*J1^1*J2^4+0.0063268591*J2^5+0,0,0.0004608869*J1^2*J2^3+0.0017486208*J1^1*J2^4+0.0011933291*J2^5+0,0,0,0,0,0,0,0,0},
{0,0,0,0,0,0,0,0,0,0,0,0,0,0,0,0,0,0,0,0,0,0,0,0,0,0,0,0,0,0,0,0,0,0,0,0,0,0,0,0,0,0,0,0,0,0,0,0,0,0,0,0,0,0,0,0,0,0,0,0,0,0,0,0,0,0,0,0,0,0,0,0,-0.0092246991*J1^2*J2^3+-0.0025802533*J2^5+0,0,-0.0061419452*J1^1*J2^4+-0.0004536193*J2^5+0,0,0.0014897099*J1^2*J2^3+0.0053258825*J2^5+0,0,0.0011393835*J1^2*J2^3+0.0035460537*J1^1*J2^4+-0.0008774862*J2^5+0,0,0,0,0,0,0,0,0,0,0.0130456946*J1^2*J2^3+0.0036490292*J2^5+0,0,0.0086860222*J1^1*J2^4+0.0006415146*J2^5+0,0,-0.0021067680*J1^2*J2^3+-0.0075319353*J2^5+0,0,-0.0016113316*J1^2*J2^3+-0.0050148772*J1^1*J2^4+0.0012409529*J2^5+0,0},
{0,0,0,0,0,0,0,0,0,0,0,0,0,0,0,0,0,0,0,0,0,0,0,0,0,0,0,0,0,0,0,0,0,0,0,0,0,0,0,0,0,0,0,0,0,0,0,0,0,0,0,0,0,0,0,0,0,0,0,0,0,0,0,0,0,0,0,0,0,0,0,0,0,-0.0092246991*J1^2*J2^3+-0.0025802533*J2^5+0,0,-0.0061419452*J1^1*J2^4+-0.0004536193*J2^5+0,0,0.0014897099*J1^2*J2^3+0.0053258825*J2^5+0,0,0.0011393835*J1^2*J2^3+0.0035460537*J1^1*J2^4+-0.0008774862*J2^5+0,0,0,0,0,0,0,0,0,0,0.0130456946*J1^2*J2^3+0.0036490292*J2^5+0,0,0.0086860222*J1^1*J2^4+0.0006415146*J2^5+0,0,-0.0021067680*J1^2*J2^3+-0.0075319353*J2^5+0,0,-0.0016113316*J1^2*J2^3+-0.0050148772*J1^1*J2^4+0.0012409529*J2^5+0},
{0,0,0,0,0,0,0,0,0,0,0,0,0,0,0,0,0,0,0,0,0,0,0,0,0,0,0,0,0,0,0,0,0,0,0,0,0,0,0,0,0,0,0,0,0,0,0,0,0,0,0,0,0,0,0,0,0,0,0,0,0,0,0,0,0,0,0,0,0,0,0,0,0.0052833840*J1^1*J2^4+0.0022338867*J2^5+0,0,-0.0002337063*J1^2*J2^3+0.0017486208*J1^1*J2^4+0.0018879223*J2^5+0,0,0.0023630787*J1^2*J2^3+-0.0030503632*J1^1*J2^4+-0.0036528138*J2^5+0,0,-0.0002660932*J1^2*J2^3+-0.0010095667*J1^1*J2^4+-0.0006889689*J2^5+0,0,0,0,0,0,0,0,0,0,-0.0074718333*J1^1*J2^4+-0.0031591929*J2^5+0,0,0.0003305106*J1^2*J2^3+-0.0024729233*J1^1*J2^4+-0.0026699253*J2^5+0,0,-0.0033418979*J1^2*J2^3+0.0043138649*J1^1*J2^4+0.0051658588*J2^5+0,0,0.0003763126*J1^2*J2^3+0.0014277429*J1^1*J2^4+0.0009743491*J2^5+0,0},
{0,0,0,0,0,0,0,0,0,0,0,0,0,0,0,0,0,0,0,0,0,0,0,0,0,0,0,0,0,0,0,0,0,0,0,0,0,0,0,0,0,0,0,0,0,0,0,0,0,0,0,0,0,0,0,0,0,0,0,0,0,0,0,0,0,0,0,0,0,0,0,0,0,0.0052833840*J1^1*J2^4+0.0022338867*J2^5+0,0,-0.0002337063*J1^2*J2^3+0.0017486208*J1^1*J2^4+0.0018879223*J2^5+0,0,0.0023630787*J1^2*J2^3+-0.0030503632*J1^1*J2^4+-0.0036528138*J2^5+0,0,-0.0002660932*J1^2*J2^3+-0.0010095667*J1^1*J2^4+-0.0006889689*J2^5+0,0,0,0,0,0,0,0,0,0,-0.0074718333*J1^1*J2^4+-0.0031591929*J2^5+0,0,0.0003305106*J1^2*J2^3+-0.0024729233*J1^1*J2^4+-0.0026699253*J2^5+0,0,-0.0033418979*J1^2*J2^3+0.0043138649*J1^1*J2^4+0.0051658588*J2^5+0,0,0.0003763126*J1^2*J2^3+0.0014277429*J1^1*J2^4+0.0009743491*J2^5+0},
{0,0,0,0,0,0,0,0,0,0,0,0,0,0,0,0,0,0,0,0,0,0,0,0,0,0,0,0,0,0,0,0,0,0,0,0,0,0,0,0,0,0,0,0,0,0,0,0,0,0,0,0,0,0,0,0,0,0,0,0,0,0,0,0,0,0,0,0,0,0,0,0,0,0,0,0,0,0,0,0,0.0044691298*J1^2*J2^3+0.0159776476*J2^5+0,0,0.0007856917*J1^2*J2^3+0.0106381611*J1^1*J2^4+0,0,-0.0092246991*J1^2*J2^3+-0.0025802533*J2^5+0,0,0.0015198507*J1^2*J2^3+-0.0061419452*J1^1*J2^4+-0.0019734701*J2^5+0,0,0,0,0,0,0,0,0,0},
{0,0,0,0,0,0,0,0,0,0,0,0,0,0,0,0,0,0,0,0,0,0,0,0,0,0,0,0,0,0,0,0,0,0,0,0,0,0,0,0,0,0,0,0,0,0,0,0,0,0,0,0,0,0,0,0,0,0,0,0,0,0,0,0,0,0,0,0,0,0,0,0,0,0,0,0,0,0,0,0,0,0.0044691298*J1^2*J2^3+0.0159776476*J2^5+0,0,0.0007856917*J1^2*J2^3+0.0106381611*J1^1*J2^4+0,0,-0.0092246991*J1^2*J2^3+-0.0025802533*J2^5+0,0,0.0015198507*J1^2*J2^3+-0.0061419452*J1^1*J2^4+-0.0019734701*J2^5+0,0,0,0,0,0,0,0,0},
{0,0,0,0,0,0,0,0,0,0,0,0,0,0,0,0,0,0,0,0,0,0,0,0,0,0,0,0,0,0,0,0,0,0,0,0,0,0,0,0,0,0,0,0,0,0,0,0,0,0,0,0,0,0,0,0,0,0,0,0,0,0,0,0,0,0,0,0,0,0,0,0,0,0,0,0,0,0,0,0,-0.0038692053*J1^2*J2^3+-0.0091510895*J1^1*J2^4+0,0,-0.0032699773*J1^2*J2^3+-0.0030287001*J1^1*J2^4+0.0004047912*J2^5+0,0,0.0063268591*J1^2*J2^3+0.0052833840*J1^1*J2^4+-0.0040929724*J2^5+0,0,0.0011933291*J1^2*J2^3+0.0017486208*J1^1*J2^4+0.0004608869*J2^5+0,0,0,0,0,0,0,0,0,0},
{0,0,0,0,0,0,0,0,0,0,0,0,0,0,0,0,0,0,0,0,0,0,0,0,0,0,0,0,0,0,0,0,0,0,0,0,0,0,0,0,0,0,0,0,0,0,0,0,0,0,0,0,0,0,0,0,0,0,0,0,0,0,0,0,0,0,0,0,0,0,0,0,0,0,0,0,0,0,0,0,0,-0.0038692053*J1^2*J2^3+-0.0091510895*J1^1*J2^4+0,0,-0.0032699773*J1^2*J2^3+-0.0030287001*J1^1*J2^4+0.0004047912*J2^5+0,0,0.0063268591*J1^2*J2^3+0.0052833840*J1^1*J2^4+-0.0040929724*J2^5+0,0,0.0011933291*J1^2*J2^3+0.0017486208*J1^1*J2^4+0.0004608869*J2^5+0,0,0,0,0,0,0,0,0},
{0,0,0,0,0,0,0,0,0,0,0,0,0,0,0,0,0,0,0,0,0,0,0,0,0,0,0,0,0,0,0,0,0,0,0,0,0,0,0,0,0,0,0,0,0,0,0,0,0,0,0,0,0,0,0,0,0,0,0,0,0,0,0,0,0,0,0,0,0,0,0,0,-0.0025802533*J1^2*J2^3+-0.0092246991*J2^5+0,0,-0.0004536193*J1^2*J2^3+-0.0061419452*J1^1*J2^4+0,0,0.0053258825*J1^2*J2^3+0.0014897099*J2^5+0,0,-0.0008774862*J1^2*J2^3+0.0035460537*J1^1*J2^4+0.0011393835*J2^5+0,0,0,0,0,0,0,0,0,0,0.0036490292*J1^2*J2^3+0.0130456946*J2^5+0,0,0.0006415146*J1^2*J2^3+0.0086860222*J1^1*J2^4+0,0,-0.0075319353*J1^2*J2^3+-0.0021067680*J2^5+0,0,0.0012409529*J1^2*J2^3+-0.0050148772*J1^1*J2^4+-0.0016113316*J2^5+0,0},
{0,0,0,0,0,0,0,0,0,0,0,0,0,0,0,0,0,0,0,0,0,0,0,0,0,0,0,0,0,0,0,0,0,0,0,0,0,0,0,0,0,0,0,0,0,0,0,0,0,0,0,0,0,0,0,0,0,0,0,0,0,0,0,0,0,0,0,0,0,0,0,0,0,-0.0025802533*J1^2*J2^3+-0.0092246991*J2^5+0,0,-0.0004536193*J1^2*J2^3+-0.0061419452*J1^1*J2^4+0,0,0.0053258825*J1^2*J2^3+0.0014897099*J2^5+0,0,-0.0008774862*J1^2*J2^3+0.0035460537*J1^1*J2^4+0.0011393835*J2^5+0,0,0,0,0,0,0,0,0,0,0.0036490292*J1^2*J2^3+0.0130456946*J2^5+0,0,0.0006415146*J1^2*J2^3+0.0086860222*J1^1*J2^4+0,0,-0.0075319353*J1^2*J2^3+-0.0021067680*J2^5+0,0,0.0012409529*J1^2*J2^3+-0.0050148772*J1^1*J2^4+-0.0016113316*J2^5+0},
{0,0,0,0,0,0,0,0,0,0,0,0,0,0,0,0,0,0,0,0,0,0,0,0,0,0,0,0,0,0,0,0,0,0,0,0,0,0,0,0,0,0,0,0,0,0,0,0,0,0,0,0,0,0,0,0,0,0,0,0,0,0,0,0,0,0,0,0,0,0,0,0,0.0022338867*J1^2*J2^3+0.0052833840*J1^1*J2^4+0,0,0.0018879223*J1^2*J2^3+0.0017486208*J1^1*J2^4+-0.0002337063*J2^5+0,0,-0.0036528138*J1^2*J2^3+-0.0030503632*J1^1*J2^4+0.0023630787*J2^5+0,0,-0.0006889689*J1^2*J2^3+-0.0010095667*J1^1*J2^4+-0.0002660932*J2^5+0,0,0,0,0,0,0,0,0,0,-0.0031591929*J1^2*J2^3+-0.0074718333*J1^1*J2^4+0,0,-0.0026699253*J1^2*J2^3+-0.0024729233*J1^1*J2^4+0.0003305106*J2^5+0,0,0.0051658588*J1^2*J2^3+0.0043138649*J1^1*J2^4+-0.0033418979*J2^5+0,0,0.0009743491*J1^2*J2^3+0.0014277429*J1^1*J2^4+0.0003763126*J2^5+0,0},
{0,0,0,0,0,0,0,0,0,0,0,0,0,0,0,0,0,0,0,0,0,0,0,0,0,0,0,0,0,0,0,0,0,0,0,0,0,0,0,0,0,0,0,0,0,0,0,0,0,0,0,0,0,0,0,0,0,0,0,0,0,0,0,0,0,0,0,0,0,0,0,0,0,0.0022338867*J1^2*J2^3+0.0052833840*J1^1*J2^4+0,0,0.0018879223*J1^2*J2^3+0.0017486208*J1^1*J2^4+-0.0002337063*J2^5+0,0,-0.0036528138*J1^2*J2^3+-0.0030503632*J1^1*J2^4+0.0023630787*J2^5+0,0,-0.0006889689*J1^2*J2^3+-0.0010095667*J1^1*J2^4+-0.0002660932*J2^5+0,0,0,0,0,0,0,0,0,0,-0.0031591929*J1^2*J2^3+-0.0074718333*J1^1*J2^4+0,0,-0.0026699253*J1^2*J2^3+-0.0024729233*J1^1*J2^4+0.0003305106*J2^5+0,0,0.0051658588*J1^2*J2^3+0.0043138649*J1^1*J2^4+-0.0033418979*J2^5+0,0,0.0009743491*J1^2*J2^3+0.0014277429*J1^1*J2^4+0.0003763126*J2^5+0},
{0,0,0,0,0,0,0,0,0,0,0,0,0,0,0,0,0,0,0,0,0,0,0,0,0,0,0,0,0,0,0,0,0,0,0,0,0,0,0,0,0,0,0,0,0,0,0,0,0,0,0,0,0,0,0,0,0,0,0,0,0,0,0,0,0,0,0,0,0,0,0,0,0,0,0,0,0,0,0,0,0,0,0.0018614294*J1^2*J2^3+-0.0018614294*J2^5+0,0,-0.0093966654*J1^2*J2^3+0.0093966654*J2^5+0,0,0.0017162113*J1^2*J2^3+-0.0017162113*J2^5+0,0,0,0,0,0,0,0,0,0},
{0,0,0,0,0,0,0,0,0,0,0,0,0,0,0,0,0,0,0,0,0,0,0,0,0,0,0,0,0,0,0,0,0,0,0,0,0,0,0,0,0,0,0,0,0,0,0,0,0,0,0,0,0,0,0,0,0,0,0,0,0,0,0,0,0,0,0,0,0,0,0,0,0,0,0,0,0,0,0,0,0,0,0,0.0018614294*J1^2*J2^3+-0.0018614294*J2^5+0,0,-0.0093966654*J1^2*J2^3+0.0093966654*J2^5+0,0,0.0017162113*J1^2*J2^3+-0.0017162113*J2^5+0,0,0,0,0,0,0,0,0},
{0,0,0,0,0,0,0,0,0,0,0,0,0,0,0,0,0,0,0,0,0,0,0,0,0,0,0,0,0,0,0,0,0,0,0,0,0,0,0,0,0,0,0,0,0,0,0,0,0,0,0,0,0,0,0,0,0,0,0,0,0,0,0,0,0,0,0,0,0,0,0,0,0,0,0,0,0,0,0,0,0.0077487882*J1^2*J2^3+-0.0077487882*J2^5+0,0,0.0017477543*J1^2*J2^3+-0.0017477543*J2^5+0,0,0.0013145721*J1^2*J2^3+-0.0013145721*J2^5+0,0,-0.0019913695*J1^2*J2^3+0.0019913695*J2^5+0,0,0,0,0,0,0,0,0,0},
{0,0,0,0,0,0,0,0,0,0,0,0,0,0,0,0,0,0,0,0,0,0,0,0,0,0,0,0,0,0,0,0,0,0,0,0,0,0,0,0,0,0,0,0,0,0,0,0,0,0,0,0,0,0,0,0,0,0,0,0,0,0,0,0,0,0,0,0,0,0,0,0,0,0,0,0,0,0,0,0,0,0.0077487882*J1^2*J2^3+-0.0077487882*J2^5+0,0,0.0017477543*J1^2*J2^3+-0.0017477543*J2^5+0,0,0.0013145721*J1^2*J2^3+-0.0013145721*J2^5+0,0,-0.0019913695*J1^2*J2^3+0.0019913695*J2^5+0,0,0,0,0,0,0,0,0},
{0,0,0,0,0,0,0,0,0,0,0,0,0,0,0,0,0,0,0,0,0,0,0,0,0,0,0,0,0,0,0,0,0,0,0,0,0,0,0,0,0,0,0,0,0,0,0,0,0,0,0,0,0,0,0,0,0,0,0,0,0,0,0,0,0,0,0,0,0,0,0,0,0,0,-0.0010746968*J1^2*J2^3+0.0010746968*J2^5+0,0,0.0054251673*J1^2*J2^3+-0.0054251673*J2^5+0,0,-0.0009908551*J1^2*J2^3+0.0009908551*J2^5+0,0,0,0,0,0,0,0,0,0,0,0,0.0015198507*J1^2*J2^3+-0.0015198507*J2^5+0,0,-0.0076723452*J1^2*J2^3+0.0076723452*J2^5+0,0,0.0014012807*J1^2*J2^3+-0.0014012807*J2^5+0,0},
{0,0,0,0,0,0,0,0,0,0,0,0,0,0,0,0,0,0,0,0,0,0,0,0,0,0,0,0,0,0,0,0,0,0,0,0,0,0,0,0,0,0,0,0,0,0,0,0,0,0,0,0,0,0,0,0,0,0,0,0,0,0,0,0,0,0,0,0,0,0,0,0,0,0,0,-0.0010746968*J1^2*J2^3+0.0010746968*J2^5+0,0,0.0054251673*J1^2*J2^3+-0.0054251673*J2^5+0,0,-0.0009908551*J1^2*J2^3+0.0009908551*J2^5+0,0,0,0,0,0,0,0,0,0,0,0,0.0015198507*J1^2*J2^3+-0.0015198507*J2^5+0,0,-0.0076723452*J1^2*J2^3+0.0076723452*J2^5+0,0,0.0014012807*J1^2*J2^3+-0.0014012807*J2^5+0},
{0,0,0,0,0,0,0,0,0,0,0,0,0,0,0,0,0,0,0,0,0,0,0,0,0,0,0,0,0,0,0,0,0,0,0,0,0,0,0,0,0,0,0,0,0,0,0,0,0,0,0,0,0,0,0,0,0,0,0,0,0,0,0,0,0,0,0,0,0,0,0,0,-0.0044737650*J1^2*J2^3+0.0044737650*J2^5+0,0,-0.0010090664*J1^2*J2^3+0.0010090664*J2^5+0,0,-0.0007589685*J1^2*J2^3+0.0007589685*J2^5+0,0,0.0011497177*J1^2*J2^3+-0.0011497177*J2^5+0,0,0,0,0,0,0,0,0,0,0.0063268591*J1^2*J2^3+-0.0063268591*J2^5+0,0,0.0014270354*J1^2*J2^3+-0.0014270354*J2^5+0,0,0.0010733436*J1^2*J2^3+-0.0010733436*J2^5+0,0,-0.0016259464*J1^2*J2^3+0.0016259464*J2^5+0,0},
{0,0,0,0,0,0,0,0,0,0,0,0,0,0,0,0,0,0,0,0,0,0,0,0,0,0,0,0,0,0,0,0,0,0,0,0,0,0,0,0,0,0,0,0,0,0,0,0,0,0,0,0,0,0,0,0,0,0,0,0,0,0,0,0,0,0,0,0,0,0,0,0,0,-0.0044737650*J1^2*J2^3+0.0044737650*J2^5+0,0,-0.0010090664*J1^2*J2^3+0.0010090664*J2^5+0,0,-0.0007589685*J1^2*J2^3+0.0007589685*J2^5+0,0,0.0011497177*J1^2*J2^3+-0.0011497177*J2^5+0,0,0,0,0,0,0,0,0,0,0.0063268591*J1^2*J2^3+-0.0063268591*J2^5+0,0,0.0014270354*J1^2*J2^3+-0.0014270354*J2^5+0,0,0.0010733436*J1^2*J2^3+-0.0010733436*J2^5+0,0,-0.0016259464*J1^2*J2^3+0.0016259464*J2^5+0},
{0,0,0,0,0,0,0,0,0,0,0,0,0.0012479708*J1^2*J2^3+0.0012479708*J2^5+0,-0.0004658263*J1^2*J2^3+0.0024564767*J1^1*J2^4+-0.0004658263*J2^5+0,-0.0014410325*J1^1*J2^4+0,-0.0007091237*J1^2*J2^3+0.0005378899*J1^1*J2^4+-0.0007091237*J2^5+0,0,0,0,0,0,0,0,0,0,0,0,0,0.0011741581*J1^2*J2^3+0.0000182139*J1^1*J2^4+0.0011741581*J2^5+0,0,-0.0000052579*J1^2*J2^3+-0.0013558010*J1^1*J2^4+-0.0000052579*J2^5+0,0,0,0,0,0,-0.0019147211*J1^2*J2^3+-0.0019147211*J2^5+0,0,0.0022109295*J1^1*J2^4+0,0,0,0,0,0,-0.0011305366*J1^2*J2^3+0.0038160892*J1^1*J2^4+-0.0011305366*J2^5+0,0,-0.0011016101*J1^2*J2^3+0.0013054313*J1^1*J2^4+-0.0011016101*J2^5+0,0,0,0,0,0,-0.0014721931*J1^2*J2^3+0.0011198064*J2^5+0,0,0.0010109230*J1^1*J2^4+-0.0001057943*J2^5+0,0,0,0,0,0,0.0011198064*J1^2*J2^3+-0.0014721931*J2^5+0,0,-0.0001057943*J1^2*J2^3+0.0010109230*J1^1*J2^4+0,0,0,0,0,0,0,0,-0.0011649564*J1^2*J2^3+0.0011649564*J2^5+0,0,0,0,0,0,0,0,0,0,0,0,0,0,0,0,0,0,0,0,0,0,0,0,0,0},
{0,0,0,0,-0.0007205163*J1^2*J2^3+-0.0007205163*J2^5+0,0.0002689450*J1^2*J2^3+-0.0014182475*J1^1*J2^4+0.0002689450*J2^5+0,0.0008319805*J1^1*J2^4+0,0.0004094128*J1^2*J2^3+-0.0003105509*J1^1*J2^4+0.0004094128*J2^5+0,0,0,0,0,0,0,0,0,0,0,0,0,-0.0010189639*J1^2*J2^3+-0.0010189639*J2^5+0,0.0003803456*J1^2*J2^3+-0.0020057048*J1^1*J2^4+0.0003803456*J2^5+0,0.0011765981*J1^1*J2^4+0,0.0005789971*J1^2*J2^3+-0.0004391853*J1^1*J2^4+0.0005789971*J2^5+0,0,0,0,0,0,0.0011741581*J1^2*J2^3+0.0000182139*J1^1*J2^4+0.0011741581*J2^5+0,0,-0.0000052579*J1^2*J2^3+-0.0013558010*J1^1*J2^4+-0.0000052579*J2^5+0,0,0,0,0,0,-0.0019147211*J1^2*J2^3+-0.0019147211*J2^5+0,0,0.0022109295*J1^1*J2^4+0,0,0,0,0,0,-0.0011305366*J1^2*J2^3+0.0038160892*J1^1*J2^4+-0.0011305366*J2^5+0,0,-0.0011016101*J1^2*J2^3+0.0013054313*J1^1*J2^4+-0.0011016101*J2^5+0,0,0,0,0,0,-0.0014721931*J1^2*J2^3+0.0011198064*J2^5+0,0,0.0010109230*J1^1*J2^4+-0.0001057943*J2^5+0,0,0,0,0,0,0.0011198064*J1^2*J2^3+-0.0014721931*J2^5+0,0,-0.0001057943*J1^2*J2^3+0.0010109230*J1^1*J2^4+0,0,0,0,0,0,0,0,-0.0011649564*J1^2*J2^3+0.0011649564*J2^5+0,0,0,0,0,0,0,0,0,0,0,0,0,0,0,0,0,0,0,0,0,0,0,0,0},
{0,0,0,0,0,0,0,0,0,0,0,0,-0.0008272147*J1^2*J2^3+-0.0006004051*J1^1*J2^4+-0.0008272147*J2^5+0,-0.0013504674*J1^2*J2^3+0.0022904261*J1^1*J2^4+-0.0013504674*J2^5+0,0.0001733220*J1^2*J2^3+0.0009551853*J1^1*J2^4+0.0001733220*J2^5+0,-0.0006611891*J1^2*J2^3+0.0015593854*J1^1*J2^4+-0.0006611891*J2^5+0,0,0,0,0,0,0,0,0,0,0,0,0,0.0006255224*J1^2*J2^3+-0.0008799109*J1^1*J2^4+0.0006255224*J2^5+0,0,0.0002540084*J1^2*J2^3+-0.0007222911*J1^1*J2^4+0.0002540084*J2^5+0,0,0,0,0,0,0.0002451788*J1^2*J2^3+0.0046395426*J1^1*J2^4+0.0002451788*J2^5+0,0,-0.0013393206*J1^2*J2^3+-0.0002831081*J1^1*J2^4+-0.0013393206*J2^5+0,0,0,0,0,0,-0.0009818323*J1^2*J2^3+0.0002304148*J1^1*J2^4+-0.0009818323*J2^5+0,0,-0.0000665150*J1^2*J2^3+0.0011337222*J1^1*J2^4+-0.0000665150*J2^5+0,0,0,0,0,0,0.0012161820*J1^1*J2^4+-0.0004671827*J2^5+0,0,-0.0001005825*J1^2*J2^3+-0.0000328894*J1^1*J2^4+-0.0007040772*J2^5+0,0,0,0,0,0,-0.0004671827*J1^2*J2^3+0.0012161820*J1^1*J2^4+0,0,-0.0007040772*J1^2*J2^3+-0.0000328894*J1^1*J2^4+-0.0001005825*J2^5+0,0,0,0,0,0,0.0005892983*J1^2*J2^3+-0.0005892983*J2^5+0,0,-0.0000372840*J1^2*J2^3+0.0000372840*J2^5+0,0,0,0,0,0,0,0,0,0,0,0,0,0,0,0,0,0,0,0,0,0,0,0,0,0},
{0,0,0,0,0.0004775927*J1^2*J2^3+0.0003466440*J1^1*J2^4+0.0004775927*J2^5+0,0.0007796927*J1^2*J2^3+-0.0013223782*J1^1*J2^4+0.0007796927*J2^5+0,-0.0001000675*J1^2*J2^3+-0.0005514765*J1^1*J2^4+-0.0001000675*J2^5+0,0.0003817377*J1^2*J2^3+-0.0009003116*J1^1*J2^4+0.0003817377*J2^5+0,0,0,0,0,0,0,0,0,0,0,0,0,0.0006754180*J1^2*J2^3+0.0004902287*J1^1*J2^4+0.0006754180*J2^5+0,0.0011026520*J1^2*J2^3+-0.0018701251*J1^1*J2^4+0.0011026520*J2^5+0,-0.0001415168*J1^2*J2^3+-0.0007799055*J1^1*J2^4+-0.0001415168*J2^5+0,0.0005398586*J1^2*J2^3+-0.0012732329*J1^1*J2^4+0.0005398586*J2^5+0,0,0,0,0,0,0.0006255224*J1^2*J2^3+-0.0008799109*J1^1*J2^4+0.0006255224*J2^5+0,0,0.0002540084*J1^2*J2^3+-0.0007222911*J1^1*J2^4+0.0002540084*J2^5+0,0,0,0,0,0,0.0002451788*J1^2*J2^3+0.0046395426*J1^1*J2^4+0.0002451788*J2^5+0,0,-0.0013393206*J1^2*J2^3+-0.0002831081*J1^1*J2^4+-0.0013393206*J2^5+0,0,0,0,0,0,-0.0009818323*J1^2*J2^3+0.0002304148*J1^1*J2^4+-0.0009818323*J2^5+0,0,-0.0000665150*J1^2*J2^3+0.0011337222*J1^1*J2^4+-0.0000665150*J2^5+0,0,0,0,0,0,0.0012161820*J1^1*J2^4+-0.0004671827*J2^5+0,0,-0.0001005825*J1^2*J2^3+-0.0000328894*J1^1*J2^4+-0.0007040772*J2^5+0,0,0,0,0,0,-0.0004671827*J1^2*J2^3+0.0012161820*J1^1*J2^4+0,0,-0.0007040772*J1^2*J2^3+-0.0000328894*J1^1*J2^4+-0.0001005825*J2^5+0,0,0,0,0,0,0.0005892983*J1^2*J2^3+-0.0005892983*J2^5+0,0,-0.0000372840*J1^2*J2^3+0.0000372840*J2^5+0,0,0,0,0,0,0,0,0,0,0,0,0,0,0,0,0,0,0,0,0,0,0,0,0},
{0,0,0,0,0,0,0,0,0,0,0,0,-0.0014410325*J1^1*J2^4+0,-0.0007091237*J1^2*J2^3+0.0005378899*J1^1*J2^4+-0.0007091237*J2^5+0,0.0012479708*J1^2*J2^3+-0.0016639610*J1^1*J2^4+0.0012479708*J2^5+0,-0.0012846519*J1^2*J2^3+0.0030775784*J1^1*J2^4+-0.0012846519*J2^5+0,0,0,0,0,0,0,0,0,0,0,0,0,-0.0000052579*J1^2*J2^3+-0.0013558010*J1^1*J2^4+-0.0000052579*J2^5+0,0,0.0011680868*J1^2*J2^3+-0.0015473302*J1^1*J2^4+0.0011680868*J2^5+0,0,0,0,0,0,0.0022109295*J1^1*J2^4+0,0,-0.0019147211*J1^2*J2^3+0.0025529614*J1^1*J2^4+-0.0019147211*J2^5+0,0,0,0,0,0,-0.0011016101*J1^2*J2^3+0.0013054313*J1^1*J2^4+-0.0011016101*J2^5+0,0,-0.0024025664*J1^2*J2^3+0.0053234714*J1^1*J2^4+-0.0024025664*J2^5+0,0,0,0,0,0,-0.0006465205*J1^2*J2^3+0.0008499711*J2^5+0,0,0.0010122632*J1^2*J2^3+-0.0005836567*J1^1*J2^4+-0.0009511829*J2^5+0,0,0,0,0,0,0.0008499711*J1^2*J2^3+-0.0006465205*J2^5+0,0,-0.0009511829*J1^2*J2^3+-0.0005836567*J1^1*J2^4+0.0010122632*J2^5+0,0,0,0,0,0,0.0021163587*J1^2*J2^3+-0.0021163587*J2^5+0,0,-0.0007589685*J1^2*J2^3+0.0007589685*J2^5+0,0,0,0,0,0,0,0,0,0,0,0,0,0,0,0,0,0,0,0,0,0,0,0,0,0},
{0,0,0,0,0.0008319805*J1^1*J2^4+0,0.0004094128*J1^2*J2^3+-0.0003105509*J1^1*J2^4+0.0004094128*J2^5+0,-0.0007205163*J1^2*J2^3+0.0009606883*J1^1*J2^4+-0.0007205163*J2^5+0,0.0007416941*J1^2*J2^3+-0.0017768407*J1^1*J2^4+0.0007416941*J2^5+0,0,0,0,0,0,0,0,0,0,0,0,0,0.0011765981*J1^1*J2^4+0,0.0005789971*J1^2*J2^3+-0.0004391853*J1^1*J2^4+0.0005789971*J2^5+0,-0.0010189639*J1^2*J2^3+0.0013586185*J1^1*J2^4+-0.0010189639*J2^5+0,0.0010489139*J1^2*J2^3+-0.0025128323*J1^1*J2^4+0.0010489139*J2^5+0,0,0,0,0,0,-0.0000052579*J1^2*J2^3+-0.0013558010*J1^1*J2^4+-0.0000052579*J2^5+0,0,0.0011680868*J1^2*J2^3+-0.0015473302*J1^1*J2^4+0.0011680868*J2^5+0,0,0,0,0,0,0.0022109295*J1^1*J2^4+0,0,-0.0019147211*J1^2*J2^3+0.0025529614*J1^1*J2^4+-0.0019147211*J2^5+0,0,0,0,0,0,-0.0011016101*J1^2*J2^3+0.0013054313*J1^1*J2^4+-0.0011016101*J2^5+0,0,-0.0024025664*J1^2*J2^3+0.0053234714*J1^1*J2^4+-0.0024025664*J2^5+0,0,0,0,0,0,-0.0006465205*J1^2*J2^3+0.0008499711*J2^5+0,0,0.0010122632*J1^2*J2^3+-0.0005836567*J1^1*J2^4+-0.0009511829*J2^5+0,0,0,0,0,0,0.0008499711*J1^2*J2^3+-0.0006465205*J2^5+0,0,-0.0009511829*J1^2*J2^3+-0.0005836567*J1^1*J2^4+0.0010122632*J2^5+0,0,0,0,0,0,0.0021163587*J1^2*J2^3+-0.0021163587*J2^5+0,0,-0.0007589685*J1^2*J2^3+0.0007589685*J2^5+0,0,0,0,0,0,0,0,0,0,0,0,0,0,0,0,0,0,0,0,0,0,0,0,0},
{0,0,0,0,0,0,0,0,0,0,0,0,0.0001733220*J1^2*J2^3+0.0009551853*J1^1*J2^4+0.0001733220*J2^5+0,-0.0006611891*J1^2*J2^3+0.0015593854*J1^1*J2^4+-0.0006611891*J2^5+0,-0.0006270797*J1^2*J2^3+0.0005025479*J1^1*J2^4+-0.0006270797*J2^5+0,-0.0021139428*J1^2*J2^3+0.0040910494*J1^1*J2^4+-0.0021139428*J2^5+0,0,0,0,0,0,0,0,0,0,0,0,0,0.0002540084*J1^2*J2^3+-0.0007222911*J1^1*J2^4+0.0002540084*J2^5+0,0,0.0009188261*J1^2*J2^3+-0.0017139409*J1^1*J2^4+0.0009188261*J2^5+0,0,0,0,0,0,-0.0013393206*J1^2*J2^3+-0.0002831081*J1^1*J2^4+-0.0013393206*J2^5+0,0,-0.0013013354*J1^2*J2^3+0.0043126375*J1^1*J2^4+-0.0013013354*J2^5+0,0,0,0,0,0,-0.0000665150*J1^2*J2^3+0.0011337222*J1^1*J2^4+-0.0000665150*J2^5+0,0,-0.0010586372*J1^2*J2^3+0.0015395245*J1^1*J2^4+-0.0010586372*J2^5+0,0,0,0,0,0,-0.0002114320*J1^2*J2^3+-0.0007021630*J1^1*J2^4+0.0004811600*J2^5+0,0,0.0004369414*J1^2*J2^3+0.0000189887*J1^1*J2^4+0.0000276291*J2^5+0,0,0,0,0,0,0.0004811600*J1^2*J2^3+-0.0007021630*J1^1*J2^4+-0.0002114320*J2^5+0,0,0.0000276291*J1^2*J2^3+0.0000189887*J1^1*J2^4+0.0004369414*J2^5+0,0,0,0,0,0,-0.0000412215*J1^2*J2^3+0.0000412215*J2^5+0,0,-0.0005142773*J1^2*J2^3+0.0005142773*J2^5+0,0,0,0,0,0,0,0,0,0,0,0,0,0,0,0,0,0,0,0,0,0,0,0,0,0},
{0,0,0,0,-0.0001000675*J1^2*J2^3+-0.0005514765*J1^1*J2^4+-0.0001000675*J2^5+0,0.0003817377*J1^2*J2^3+-0.0009003116*J1^1*J2^4+0.0003817377*J2^5+0,0.0003620446*J1^2*J2^3+-0.0002901462*J1^1*J2^4+0.0003620446*J2^5+0,0.0012204854*J1^2*J2^3+-0.0023619684*J1^1*J2^4+0.0012204854*J2^5+0,0,0,0,0,0,0,0,0,0,0,0,0,-0.0001415168*J1^2*J2^3+-0.0007799055*J1^1*J2^4+-0.0001415168*J2^5+0,0.0005398586*J1^2*J2^3+-0.0012732329*J1^1*J2^4+0.0005398586*J2^5+0,0.0005120084*J1^2*J2^3+-0.0004103286*J1^1*J2^4+0.0005120084*J2^5+0,0.0017260271*J1^2*J2^3+-0.0033403278*J1^1*J2^4+0.0017260271*J2^5+0,0,0,0,0,0,0.0002540084*J1^2*J2^3+-0.0007222911*J1^1*J2^4+0.0002540084*J2^5+0,0,0.0009188261*J1^2*J2^3+-0.0017139409*J1^1*J2^4+0.0009188261*J2^5+0,0,0,0,0,0,-0.0013393206*J1^2*J2^3+-0.0002831081*J1^1*J2^4+-0.0013393206*J2^5+0,0,-0.0013013354*J1^2*J2^3+0.0043126375*J1^1*J2^4+-0.0013013354*J2^5+0,0,0,0,0,0,-0.0000665150*J1^2*J2^3+0.0011337222*J1^1*J2^4+-0.0000665150*J2^5+0,0,-0.0010586372*J1^2*J2^3+0.0015395245*J1^1*J2^4+-0.0010586372*J2^5+0,0,0,0,0,0,-0.0002114320*J1^2*J2^3+-0.0007021630*J1^1*J2^4+0.0004811600*J2^5+0,0,0.0004369414*J1^2*J2^3+0.0000189887*J1^1*J2^4+0.0000276291*J2^5+0,0,0,0,0,0,0.0004811600*J1^2*J2^3+-0.0007021630*J1^1*J2^4+-0.0002114320*J2^5+0,0,0.0000276291*J1^2*J2^3+0.0000189887*J1^1*J2^4+0.0004369414*J2^5+0,0,0,0,0,0,-0.0000412215*J1^2*J2^3+0.0000412215*J2^5+0,0,-0.0005142773*J1^2*J2^3+0.0005142773*J2^5+0,0,0,0,0,0,0,0,0,0,0,0,0,0,0,0,0,0,0,0,0,0,0,0,0},
{0,0,0,0,0,0,0,0,-0.0021615488*J1^2*J2^3+-0.0021615488*J2^5+0,0.0008068349*J1^2*J2^3+-0.0042547424*J1^1*J2^4+0.0008068349*J2^5+0,0.0024959415*J1^1*J2^4+0,0.0012282383*J1^2*J2^3+-0.0009316527*J1^1*J2^4+0.0012282383*J2^5+0,0,0,0,0,0,0,0,0,0,0,0,0,-0.0020337015*J1^2*J2^3+-0.0000315474*J1^1*J2^4+-0.0020337015*J2^5+0,0,0.0000091069*J1^2*J2^3+0.0023483162*J1^1*J2^4+0.0000091069*J2^5+0,0,0,0,0,0,0.0033163942*J1^2*J2^3+0.0033163942*J2^5+0,0,-0.0038294422*J1^1*J2^4+0,0,0,0,0,0,0.0019581469*J1^2*J2^3+-0.0066096604*J1^1*J2^4+0.0019581469*J2^5+0,0,0.0019080446*J1^2*J2^3+-0.0022610733*J1^1*J2^4+0.0019080446*J2^5+0,0,0,0,0,0,0.0025499132*J1^2*J2^3+-0.0019395616*J2^5+0,0,-0.0017509701*J1^1*J2^4+0.0001832411*J2^5+0,0,0,0,0,0,-0.0019395616*J1^2*J2^3+0.0025499132*J2^5+0,0,0.0001832411*J1^2*J2^3+-0.0017509701*J1^1*J2^4+0,0,0,0,0,0,0,0,0.0020177636*J1^2*J2^3+-0.0020177636*J2^5+0,0,0,0,0,0,0,0,0,0,0,0,0,0,0,0,0,0,0,0,0,0,0,0,0,0,0,0,0,0},
{0.0012479708*J1^2*J2^3+0.0012479708*J2^5+0,-0.0004658263*J1^2*J2^3+0.0024564767*J1^1*J2^4+-0.0004658263*J2^5+0,-0.0014410325*J1^1*J2^4+0,-0.0007091237*J1^2*J2^3+0.0005378899*J1^1*J2^4+-0.0007091237*J2^5+0,0,0,0,0,0,0,0,0,0,0,0,0,0.0017648972*J1^2*J2^3+0.0017648972*J2^5+0,-0.0006587779*J1^2*J2^3+0.0034739826*J1^1*J2^4+-0.0006587779*J2^5+0,-0.0020379277*J1^1*J2^4+0,-0.0010028524*J1^2*J2^3+0.0007606912*J1^1*J2^4+-0.0010028524*J2^5+0,0,0,0,0,0,-0.0020337015*J1^2*J2^3+-0.0000315474*J1^1*J2^4+-0.0020337015*J2^5+0,0,0.0000091069*J1^2*J2^3+0.0023483162*J1^1*J2^4+0.0000091069*J2^5+0,0,0,0,0,0,0.0033163942*J1^2*J2^3+0.0033163942*J2^5+0,0,-0.0038294422*J1^1*J2^4+0,0,0,0,0,0,0.0019581469*J1^2*J2^3+-0.0066096604*J1^1*J2^4+0.0019581469*J2^5+0,0,0.0019080446*J1^2*J2^3+-0.0022610733*J1^1*J2^4+0.0019080446*J2^5+0,0,0,0,0,0,0.0025499132*J1^2*J2^3+-0.0019395616*J2^5+0,0,-0.0017509701*J1^1*J2^4+0.0001832411*J2^5+0,0,0,0,0,0,-0.0019395616*J1^2*J2^3+0.0025499132*J2^5+0,0,0.0001832411*J1^2*J2^3+-0.0017509701*J1^1*J2^4+0,0,0,0,0,0,0,0,0.0020177636*J1^2*J2^3+-0.0020177636*J2^5+0,0,0,0,0,0,0,0,0,0,0,0,0,0,0,0,0,0,0,0,0,0,0,0,0,0,0,0,0},
{0,0,0,0,0,0,0,0,0.0014327780*J1^2*J2^3+0.0010399321*J1^1*J2^4+0.0014327780*J2^5+0,0.0023390782*J1^2*J2^3+-0.0039671345*J1^1*J2^4+0.0023390782*J2^5+0,-0.0003002025*J1^2*J2^3+-0.0016544295*J1^1*J2^4+-0.0003002025*J2^5+0,0.0011452131*J1^2*J2^3+-0.0027009348*J1^1*J2^4+0.0011452131*J2^5+0,0,0,0,0,0,0,0,0,0,0,0,0,-0.0010834366*J1^2*J2^3+0.0015240505*J1^1*J2^4+-0.0010834366*J2^5+0,0,-0.0004399555*J1^2*J2^3+0.0012510449*J1^1*J2^4+-0.0004399555*J2^5+0,0,0,0,0,0,-0.0004246622*J1^2*J2^3+-0.0080359235*J1^1*J2^4+-0.0004246622*J2^5+0,0,0.0023197713*J1^2*J2^3+0.0004903576*J1^1*J2^4+0.0023197713*J2^5+0,0,0,0,0,0,0.0017005834*J1^2*J2^3+-0.0003990901*J1^1*J2^4+0.0017005834*J2^5+0,0,0.0001152074*J1^2*J2^3+-0.0019636645*J1^1*J2^4+0.0001152074*J2^5+0,0,0,0,0,0,-0.0021064890*J1^1*J2^4+0.0008091841*J2^5+0,0,0.0001742139*J1^2*J2^3+0.0000569661*J1^1*J2^4+0.0012194975*J2^5+0,0,0,0,0,0,0.0008091841*J1^2*J2^3+-0.0021064890*J1^1*J2^4+0,0,0.0012194975*J1^2*J2^3+0.0000569661*J1^1*J2^4+0.0001742139*J2^5+0,0,0,0,0,0,-0.0010206946*J1^2*J2^3+0.0010206946*J2^5+0,0,0.0000645777*J1^2*J2^3+-0.0000645777*J2^5+0,0,0,0,0,0,0,0,0,0,0,0,0,0,0,0,0,0,0,0,0,0,0,0,0,0,0,0,0,0},
{-0.0008272147*J1^2*J2^3+-0.0006004051*J1^1*J2^4+-0.0008272147*J2^5+0,-0.0013504674*J1^2*J2^3+0.0022904261*J1^1*J2^4+-0.0013504674*J2^5+0,0.0001733220*J1^2*J2^3+0.0009551853*J1^1*J2^4+0.0001733220*J2^5+0,-0.0006611891*J1^2*J2^3+0.0015593854*J1^1*J2^4+-0.0006611891*J2^5+0,0,0,0,0,0,0,0,0,0,0,0,0,-0.0011698583*J1^2*J2^3+-0.0008491010*J1^1*J2^4+-0.0011698583*J2^5+0,-0.0019098493*J1^2*J2^3+0.0032391517*J1^1*J2^4+-0.0019098493*J2^5+0,0.0002451144*J1^2*J2^3+0.0013508360*J1^1*J2^4+0.0002451144*J2^5+0,-0.0009350626*J1^2*J2^3+0.0022053041*J1^1*J2^4+-0.0009350626*J2^5+0,0,0,0,0,0,-0.0010834366*J1^2*J2^3+0.0015240505*J1^1*J2^4+-0.0010834366*J2^5+0,0,-0.0004399555*J1^2*J2^3+0.0012510449*J1^1*J2^4+-0.0004399555*J2^5+0,0,0,0,0,0,-0.0004246622*J1^2*J2^3+-0.0080359235*J1^1*J2^4+-0.0004246622*J2^5+0,0,0.0023197713*J1^2*J2^3+0.0004903576*J1^1*J2^4+0.0023197713*J2^5+0,0,0,0,0,0,0.0017005834*J1^2*J2^3+-0.0003990901*J1^1*J2^4+0.0017005834*J2^5+0,0,0.0001152074*J1^2*J2^3+-0.0019636645*J1^1*J2^4+0.0001152074*J2^5+0,0,0,0,0,0,-0.0021064890*J1^1*J2^4+0.0008091841*J2^5+0,0,0.0001742139*J1^2*J2^3+0.0000569661*J1^1*J2^4+0.0012194975*J2^5+0,0,0,0,0,0,0.0008091841*J1^2*J2^3+-0.0021064890*J1^1*J2^4+0,0,0.0012194975*J1^2*J2^3+0.0000569661*J1^1*J2^4+0.0001742139*J2^5+0,0,0,0,0,0,-0.0010206946*J1^2*J2^3+0.0010206946*J2^5+0,0,0.0000645777*J1^2*J2^3+-0.0000645777*J2^5+0,0,0,0,0,0,0,0,0,0,0,0,0,0,0,0,0,0,0,0,0,0,0,0,0,0,0,0,0},
{0,0,0,0,0,0,0,0,0.0024959415*J1^1*J2^4+0,0.0012282383*J1^2*J2^3+-0.0009316527*J1^1*J2^4+0.0012282383*J2^5+0,-0.0021615488*J1^2*J2^3+0.0028820650*J1^1*J2^4+-0.0021615488*J2^5+0,0.0022250823*J1^2*J2^3+-0.0053305222*J1^1*J2^4+0.0022250823*J2^5+0,0,0,0,0,0,0,0,0,0,0,0,0,0.0000091069*J1^2*J2^3+0.0023483162*J1^1*J2^4+0.0000091069*J2^5+0,0,-0.0020231857*J1^2*J2^3+0.0026800545*J1^1*J2^4+-0.0020231857*J2^5+0,0,0,0,0,0,-0.0038294422*J1^1*J2^4+0,0,0.0033163942*J1^2*J2^3+-0.0044218589*J1^1*J2^4+0.0033163942*J2^5+0,0,0,0,0,0,0.0019080446*J1^2*J2^3+-0.0022610733*J1^1*J2^4+0.0019080446*J2^5+0,0,0.0041613670*J1^2*J2^3+-0.0092205229*J1^1*J2^4+0.0041613670*J2^5+0,0,0,0,0,0,0.0011198064*J1^2*J2^3+-0.0014721931*J2^5+0,0,-0.0017532914*J1^2*J2^3+0.0010109230*J1^1*J2^4+0.0016474971*J2^5+0,0,0,0,0,0,-0.0014721931*J1^2*J2^3+0.0011198064*J2^5+0,0,0.0016474971*J1^2*J2^3+0.0010109230*J1^1*J2^4+-0.0017532914*J2^5+0,0,0,0,0,0,-0.0036656408*J1^2*J2^3+0.0036656408*J2^5+0,0,0.0013145721*J1^2*J2^3+-0.0013145721*J2^5+0,0,0,0,0,0,0,0,0,0,0,0,0,0,0,0,0,0,0,0,0,0,0,0,0,0,0,0,0,0},
{-0.0014410325*J1^1*J2^4+0,-0.0007091237*J1^2*J2^3+0.0005378899*J1^1*J2^4+-0.0007091237*J2^5+0,0.0012479708*J1^2*J2^3+-0.0016639610*J1^1*J2^4+0.0012479708*J2^5+0,-0.0012846519*J1^2*J2^3+0.0030775784*J1^1*J2^4+-0.0012846519*J2^5+0,0,0,0,0,0,0,0,0,0,0,0,0,-0.0020379277*J1^1*J2^4+0,-0.0010028524*J1^2*J2^3+0.0007606912*J1^1*J2^4+-0.0010028524*J2^5+0,0.0017648972*J1^2*J2^3+-0.0023531962*J1^1*J2^4+0.0017648972*J2^5+0,-0.0018167721*J1^2*J2^3+0.0043523532*J1^1*J2^4+-0.0018167721*J2^5+0,0,0,0,0,0,0.0000091069*J1^2*J2^3+0.0023483162*J1^1*J2^4+0.0000091069*J2^5+0,0,-0.0020231857*J1^2*J2^3+0.0026800545*J1^1*J2^4+-0.0020231857*J2^5+0,0,0,0,0,0,-0.0038294422*J1^1*J2^4+0,0,0.0033163942*J1^2*J2^3+-0.0044218589*J1^1*J2^4+0.0033163942*J2^5+0,0,0,0,0,0,0.0019080446*J1^2*J2^3+-0.0022610733*J1^1*J2^4+0.0019080446*J2^5+0,0,0.0041613670*J1^2*J2^3+-0.0092205229*J1^1*J2^4+0.0041613670*J2^5+0,0,0,0,0,0,0.0011198064*J1^2*J2^3+-0.0014721931*J2^5+0,0,-0.0017532914*J1^2*J2^3+0.0010109230*J1^1*J2^4+0.0016474971*J2^5+0,0,0,0,0,0,-0.0014721931*J1^2*J2^3+0.0011198064*J2^5+0,0,0.0016474971*J1^2*J2^3+0.0010109230*J1^1*J2^4+-0.0017532914*J2^5+0,0,0,0,0,0,-0.0036656408*J1^2*J2^3+0.0036656408*J2^5+0,0,0.0013145721*J1^2*J2^3+-0.0013145721*J2^5+0,0,0,0,0,0,0,0,0,0,0,0,0,0,0,0,0,0,0,0,0,0,0,0,0,0,0,0,0},
{0,0,0,0,0,0,0,0,-0.0003002025*J1^2*J2^3+-0.0016544295*J1^1*J2^4+-0.0003002025*J2^5+0,0.0011452131*J1^2*J2^3+-0.0027009348*J1^1*J2^4+0.0011452131*J2^5+0,0.0010861339*J1^2*J2^3+-0.0008704385*J1^1*J2^4+0.0010861339*J2^5+0,0.0036614563*J1^2*J2^3+-0.0070859053*J1^1*J2^4+0.0036614563*J2^5+0,0,0,0,0,0,0,0,0,0,0,0,0,-0.0004399555*J1^2*J2^3+0.0012510449*J1^1*J2^4+-0.0004399555*J2^5+0,0,-0.0015914535*J1^2*J2^3+0.0029686327*J1^1*J2^4+-0.0015914535*J2^5+0,0,0,0,0,0,0.0023197713*J1^2*J2^3+0.0004903576*J1^1*J2^4+0.0023197713*J2^5+0,0,0.0022539790*J1^2*J2^3+-0.0074697073*J1^1*J2^4+0.0022539790*J2^5+0,0,0,0,0,0,0.0001152074*J1^2*J2^3+-0.0019636645*J1^1*J2^4+0.0001152074*J2^5+0,0,0.0018336134*J1^2*J2^3+-0.0026665346*J1^1*J2^4+0.0018336134*J2^5+0,0,0,0,0,0,0.0003662109*J1^2*J2^3+0.0012161820*J1^1*J2^4+-0.0008333936*J2^5+0,0,-0.0007568047*J1^2*J2^3+-0.0000328894*J1^1*J2^4+-0.0000478550*J2^5+0,0,0,0,0,0,-0.0008333936*J1^2*J2^3+0.0012161820*J1^1*J2^4+0.0003662109*J2^5+0,0,-0.0000478550*J1^2*J2^3+-0.0000328894*J1^1*J2^4+-0.0007568047*J2^5+0,0,0,0,0,0,0.0000713978*J1^2*J2^3+-0.0000713978*J2^5+0,0,0.0008907544*J1^2*J2^3+-0.0008907544*J2^5+0,0,0,0,0,0,0,0,0,0,0,0,0,0,0,0,0,0,0,0,0,0,0,0,0,0,0,0,0,0},
{0.0001733220*J1^2*J2^3+0.0009551853*J1^1*J2^4+0.0001733220*J2^5+0,-0.0006611891*J1^2*J2^3+0.0015593854*J1^1*J2^4+-0.0006611891*J2^5+0,-0.0006270797*J1^2*J2^3+0.0005025479*J1^1*J2^4+-0.0006270797*J2^5+0,-0.0021139428*J1^2*J2^3+0.0040910494*J1^1*J2^4+-0.0021139428*J2^5+0,0,0,0,0,0,0,0,0,0,0,0,0,0.0002451144*J1^2*J2^3+0.0013508360*J1^1*J2^4+0.0002451144*J2^5+0,-0.0009350626*J1^2*J2^3+0.0022053041*J1^1*J2^4+-0.0009350626*J2^5+0,-0.0008868246*J1^2*J2^3+0.0007107101*J1^1*J2^4+-0.0008868246*J2^5+0,-0.0029895666*J1^2*J2^3+0.0057856175*J1^1*J2^4+-0.0029895666*J2^5+0,0,0,0,0,0,-0.0004399555*J1^2*J2^3+0.0012510449*J1^1*J2^4+-0.0004399555*J2^5+0,0,-0.0015914535*J1^2*J2^3+0.0029686327*J1^1*J2^4+-0.0015914535*J2^5+0,0,0,0,0,0,0.0023197713*J1^2*J2^3+0.0004903576*J1^1*J2^4+0.0023197713*J2^5+0,0,0.0022539790*J1^2*J2^3+-0.0074697073*J1^1*J2^4+0.0022539790*J2^5+0,0,0,0,0,0,0.0001152074*J1^2*J2^3+-0.0019636645*J1^1*J2^4+0.0001152074*J2^5+0,0,0.0018336134*J1^2*J2^3+-0.0026665346*J1^1*J2^4+0.0018336134*J2^5+0,0,0,0,0,0,0.0003662109*J1^2*J2^3+0.0012161820*J1^1*J2^4+-0.0008333936*J2^5+0,0,-0.0007568047*J1^2*J2^3+-0.0000328894*J1^1*J2^4+-0.0000478550*J2^5+0,0,0,0,0,0,-0.0008333936*J1^2*J2^3+0.0012161820*J1^1*J2^4+0.0003662109*J2^5+0,0,-0.0000478550*J1^2*J2^3+-0.0000328894*J1^1*J2^4+-0.0007568047*J2^5+0,0,0,0,0,0,0.0000713978*J1^2*J2^3+-0.0000713978*J2^5+0,0,0.0008907544*J1^2*J2^3+-0.0008907544*J2^5+0,0,0,0,0,0,0,0,0,0,0,0,0,0,0,0,0,0,0,0,0,0,0,0,0,0,0,0,0},
{0,0,0,0,0,0,0,0,0,0,0,0,-0.0017648972*J1^2*J2^3+-0.0017648972*J2^5+0,0.0006587779*J1^2*J2^3+-0.0034739826*J1^1*J2^4+0.0006587779*J2^5+0,0.0020379277*J1^1*J2^4+0,0.0010028524*J1^2*J2^3+-0.0007606912*J1^1*J2^4+0.0010028524*J2^5+0,0,0,0,0,0,0,0,0,0,0,0,0,-0.0016605103*J1^2*J2^3+-0.0000257583*J1^1*J2^4+-0.0016605103*J2^5+0,0,0.0000074358*J1^2*J2^3+0.0019173921*J1^1*J2^4+0.0000074358*J2^5+0,0,0,0,0,0,0.0027078245*J1^2*J2^3+0.0027078245*J2^5+0,0,-0.0031267264*J1^1*J2^4+0,0,0,0,0,0,0.0015988202*J1^2*J2^3+-0.0053967651*J1^1*J2^4+0.0015988202*J2^5+0,0,0.0015579119*J1^2*J2^3+-0.0018461586*J1^1*J2^4+0.0015579119*J2^5+0,0,0,0,0,0,0.0020819954*J1^2*J2^3+-0.0015836454*J2^5+0,0,-0.0014296611*J1^1*J2^4+0.0001496157*J2^5+0,0,0,0,0,0,-0.0015836454*J1^2*J2^3+0.0020819954*J2^5+0,0,0.0001496157*J1^2*J2^3+-0.0014296611*J1^1*J2^4+0,0,0,0,0,0,0,0,0.0016474971*J1^2*J2^3+-0.0016474971*J2^5+0,0,0,0,0,0,0,0,0,0,0,0,0,0,0,0,0,0,0,0,0,0,0,0,0,0},
{0,0,0,0,0.0010189639*J1^2*J2^3+0.0010189639*J2^5+0,-0.0003803456*J1^2*J2^3+0.0020057048*J1^1*J2^4+-0.0003803456*J2^5+0,-0.0011765981*J1^1*J2^4+0,-0.0005789971*J1^2*J2^3+0.0004391853*J1^1*J2^4+-0.0005789971*J2^5+0,0,0,0,0,0,0,0,0,0,0,0,0,0.0014410325*J1^2*J2^3+0.0014410325*J2^5+0,-0.0005378899*J1^2*J2^3+0.0028364949*J1^1*J2^4+-0.0005378899*J2^5+0,-0.0016639610*J1^1*J2^4+0,-0.0008188256*J1^2*J2^3+0.0006211018*J1^1*J2^4+-0.0008188256*J2^5+0,0,0,0,0,0,-0.0016605103*J1^2*J2^3+-0.0000257583*J1^1*J2^4+-0.0016605103*J2^5+0,0,0.0000074358*J1^2*J2^3+0.0019173921*J1^1*J2^4+0.0000074358*J2^5+0,0,0,0,0,0,0.0027078245*J1^2*J2^3+0.0027078245*J2^5+0,0,-0.0031267264*J1^1*J2^4+0,0,0,0,0,0,0.0015988202*J1^2*J2^3+-0.0053967651*J1^1*J2^4+0.0015988202*J2^5+0,0,0.0015579119*J1^2*J2^3+-0.0018461586*J1^1*J2^4+0.0015579119*J2^5+0,0,0,0,0,0,0.0020819954*J1^2*J2^3+-0.0015836454*J2^5+0,0,-0.0014296611*J1^1*J2^4+0.0001496157*J2^5+0,0,0,0,0,0,-0.0015836454*J1^2*J2^3+0.0020819954*J2^5+0,0,0.0001496157*J1^2*J2^3+-0.0014296611*J1^1*J2^4+0,0,0,0,0,0,0,0,0.0016474971*J1^2*J2^3+-0.0016474971*J2^5+0,0,0,0,0,0,0,0,0,0,0,0,0,0,0,0,0,0,0,0,0,0,0,0,0},
{0,0,0,0,0,0,0,0,0,0,0,0,0.0011698583*J1^2*J2^3+0.0008491010*J1^1*J2^4+0.0011698583*J2^5+0,0.0019098493*J1^2*J2^3+-0.0032391517*J1^1*J2^4+0.0019098493*J2^5+0,-0.0002451144*J1^2*J2^3+-0.0013508360*J1^1*J2^4+-0.0002451144*J2^5+0,0.0009350626*J1^2*J2^3+-0.0022053041*J1^1*J2^4+0.0009350626*J2^5+0,0,0,0,0,0,0,0,0,0,0,0,0,-0.0008846223*J1^2*J2^3+0.0012443820*J1^1*J2^4+-0.0008846223*J2^5+0,0,-0.0003592221*J1^2*J2^3+0.0010214739*J1^1*J2^4+-0.0003592221*J2^5+0,0,0,0,0,0,-0.0003467352*J1^2*J2^3+-0.0065613041*J1^1*J2^4+-0.0003467352*J2^5+0,0,0.0018940853*J1^2*J2^3+0.0004003753*J1^1*J2^4+0.0018940853*J2^5+0,0,0,0,0,0,0.0013885205*J1^2*J2^3+-0.0003258557*J1^1*J2^4+0.0013885205*J2^5+0,0,0.0000940664*J1^2*J2^3+-0.0016033254*J1^1*J2^4+0.0000940664*J2^5+0,0,0,0,0,0,-0.0017199411*J1^1*J2^4+0.0006606961*J2^5+0,0,0.0001422451*J1^2*J2^3+0.0000465127*J1^1*J2^4+0.0009957155*J2^5+0,0,0,0,0,0,0.0006606961*J1^2*J2^3+-0.0017199411*J1^1*J2^4+0,0,0.0009957155*J1^2*J2^3+0.0000465127*J1^1*J2^4+0.0001422451*J2^5+0,0,0,0,0,0,-0.0008333936*J1^2*J2^3+0.0008333936*J2^5+0,0,0.0000527275*J1^2*J2^3+-0.0000527275*J2^5+0,0,0,0,0,0,0,0,0,0,0,0,0,0,0,0,0,0,0,0,0,0,0,0,0,0},
{0,0,0,0,-0.0006754180*J1^2*J2^3+-0.0004902287*J1^1*J2^4+-0.0006754180*J2^5+0,-0.0011026520*J1^2*J2^3+0.0018701251*J1^1*J2^4+-0.0011026520*J2^5+0,0.0001415168*J1^2*J2^3+0.0007799055*J1^1*J2^4+0.0001415168*J2^5+0,-0.0005398586*J1^2*J2^3+0.0012732329*J1^1*J2^4+-0.0005398586*J2^5+0,0,0,0,0,0,0,0,0,0,0,0,0,-0.0009551853*J1^2*J2^3+-0.0006932881*J1^1*J2^4+-0.0009551853*J2^5+0,-0.0015593854*J1^2*J2^3+0.0026447563*J1^1*J2^4+-0.0015593854*J2^5+0,0.0002001350*J1^2*J2^3+0.0011029530*J1^1*J2^4+0.0002001350*J2^5+0,-0.0007634754*J1^2*J2^3+0.0018006232*J1^1*J2^4+-0.0007634754*J2^5+0,0,0,0,0,0,-0.0008846223*J1^2*J2^3+0.0012443820*J1^1*J2^4+-0.0008846223*J2^5+0,0,-0.0003592221*J1^2*J2^3+0.0010214739*J1^1*J2^4+-0.0003592221*J2^5+0,0,0,0,0,0,-0.0003467352*J1^2*J2^3+-0.0065613041*J1^1*J2^4+-0.0003467352*J2^5+0,0,0.0018940853*J1^2*J2^3+0.0004003753*J1^1*J2^4+0.0018940853*J2^5+0,0,0,0,0,0,0.0013885205*J1^2*J2^3+-0.0003258557*J1^1*J2^4+0.0013885205*J2^5+0,0,0.0000940664*J1^2*J2^3+-0.0016033254*J1^1*J2^4+0.0000940664*J2^5+0,0,0,0,0,0,-0.0017199411*J1^1*J2^4+0.0006606961*J2^5+0,0,0.0001422451*J1^2*J2^3+0.0000465127*J1^1*J2^4+0.0009957155*J2^5+0,0,0,0,0,0,0.0006606961*J1^2*J2^3+-0.0017199411*J1^1*J2^4+0,0,0.0009957155*J1^2*J2^3+0.0000465127*J1^1*J2^4+0.0001422451*J2^5+0,0,0,0,0,0,-0.0008333936*J1^2*J2^3+0.0008333936*J2^5+0,0,0.0000527275*J1^2*J2^3+-0.0000527275*J2^5+0,0,0,0,0,0,0,0,0,0,0,0,0,0,0,0,0,0,0,0,0,0,0,0,0},
{0,0,0,0,0,0,0,0,0,0,0,0,0.0020379277*J1^1*J2^4+0,0.0010028524*J1^2*J2^3+-0.0007606912*J1^1*J2^4+0.0010028524*J2^5+0,-0.0017648972*J1^2*J2^3+0.0023531962*J1^1*J2^4+-0.0017648972*J2^5+0,0.0018167721*J1^2*J2^3+-0.0043523532*J1^1*J2^4+0.0018167721*J2^5+0,0,0,0,0,0,0,0,0,0,0,0,0,0.0000074358*J1^2*J2^3+0.0019173921*J1^1*J2^4+0.0000074358*J2^5+0,0,-0.0016519242*J1^2*J2^3+0.0021882554*J1^1*J2^4+-0.0016519242*J2^5+0,0,0,0,0,0,-0.0031267264*J1^1*J2^4+0,0,0.0027078245*J1^2*J2^3+-0.0036104327*J1^1*J2^4+0.0027078245*J2^5+0,0,0,0,0,0,0.0015579119*J1^2*J2^3+-0.0018461586*J1^1*J2^4+0.0015579119*J2^5+0,0,0.0033977419*J1^2*J2^3+-0.0075285254*J1^1*J2^4+0.0033977419*J2^5+0,0,0,0,0,0,0.0009143181*J1^2*J2^3+-0.0012020406*J2^5+0,0,-0.0014315564*J1^2*J2^3+0.0008254152*J1^1*J2^4+0.0013451758*J2^5+0,0,0,0,0,0,-0.0012020406*J1^2*J2^3+0.0009143181*J2^5+0,0,0.0013451758*J1^2*J2^3+0.0008254152*J1^1*J2^4+-0.0014315564*J2^5+0,0,0,0,0,0,-0.0029929832*J1^2*J2^3+0.0029929832*J2^5+0,0,0.0010733436*J1^2*J2^3+-0.0010733436*J2^5+0,0,0,0,0,0,0,0,0,0,0,0,0,0,0,0,0,0,0,0,0,0,0,0,0,0},
{0,0,0,0,-0.0011765981*J1^1*J2^4+0,-0.0005789971*J1^2*J2^3+0.0004391853*J1^1*J2^4+-0.0005789971*J2^5+0,0.0010189639*J1^2*J2^3+-0.0013586185*J1^1*J2^4+0.0010189639*J2^5+0,-0.0010489139*J1^2*J2^3+0.0025128323*J1^1*J2^4+-0.0010489139*J2^5+0,0,0,0,0,0,0,0,0,0,0,0,0,-0.0016639610*J1^1*J2^4+0,-0.0008188256*J1^2*J2^3+0.0006211018*J1^1*J2^4+-0.0008188256*J2^5+0,0.0014410325*J1^2*J2^3+-0.0019213767*J1^1*J2^4+0.0014410325*J2^5+0,-0.0014833882*J1^2*J2^3+0.0035536815*J1^1*J2^4+-0.0014833882*J2^5+0,0,0,0,0,0,0.0000074358*J1^2*J2^3+0.0019173921*J1^1*J2^4+0.0000074358*J2^5+0,0,-0.0016519242*J1^2*J2^3+0.0021882554*J1^1*J2^4+-0.0016519242*J2^5+0,0,0,0,0,0,-0.0031267264*J1^1*J2^4+0,0,0.0027078245*J1^2*J2^3+-0.0036104327*J1^1*J2^4+0.0027078245*J2^5+0,0,0,0,0,0,0.0015579119*J1^2*J2^3+-0.0018461586*J1^1*J2^4+0.0015579119*J2^5+0,0,0.0033977419*J1^2*J2^3+-0.0075285254*J1^1*J2^4+0.0033977419*J2^5+0,0,0,0,0,0,0.0009143181*J1^2*J2^3+-0.0012020406*J2^5+0,0,-0.0014315564*J1^2*J2^3+0.0008254152*J1^1*J2^4+0.0013451758*J2^5+0,0,0,0,0,0,-0.0012020406*J1^2*J2^3+0.0009143181*J2^5+0,0,0.0013451758*J1^2*J2^3+0.0008254152*J1^1*J2^4+-0.0014315564*J2^5+0,0,0,0,0,0,-0.0029929832*J1^2*J2^3+0.0029929832*J2^5+0,0,0.0010733436*J1^2*J2^3+-0.0010733436*J2^5+0,0,0,0,0,0,0,0,0,0,0,0,0,0,0,0,0,0,0,0,0,0,0,0,0},
{0,0,0,0,0,0,0,0,0,0,0,0,-0.0002451144*J1^2*J2^3+-0.0013508360*J1^1*J2^4+-0.0002451144*J2^5+0,0.0009350626*J1^2*J2^3+-0.0022053041*J1^1*J2^4+0.0009350626*J2^5+0,0.0008868246*J1^2*J2^3+-0.0007107101*J1^1*J2^4+0.0008868246*J2^5+0,0.0029895666*J1^2*J2^3+-0.0057856175*J1^1*J2^4+0.0029895666*J2^5+0,0,0,0,0,0,0,0,0,0,0,0,0,-0.0003592221*J1^2*J2^3+0.0010214739*J1^1*J2^4+-0.0003592221*J2^5+0,0,-0.0012994163*J1^2*J2^3+0.0024238784*J1^1*J2^4+-0.0012994163*J2^5+0,0,0,0,0,0,0.0018940853*J1^2*J2^3+0.0004003753*J1^1*J2^4+0.0018940853*J2^5+0,0,0.0018403662*J1^2*J2^3+-0.0060989905*J1^1*J2^4+0.0018403662*J2^5+0,0,0,0,0,0,0.0000940664*J1^2*J2^3+-0.0016033254*J1^1*J2^4+0.0000940664*J2^5+0,0,0.0014971391*J1^2*J2^3+-0.0021772164*J1^1*J2^4+0.0014971391*J2^5+0,0,0,0,0,0,0.0002990100*J1^2*J2^3+0.0009930084*J1^1*J2^4+-0.0006804630*J2^5+0,0,-0.0006179284*J1^2*J2^3+-0.0000268541*J1^1*J2^4+-0.0000390734*J2^5+0,0,0,0,0,0,-0.0006804630*J1^2*J2^3+0.0009930084*J1^1*J2^4+0.0002990100*J2^5+0,0,-0.0000390734*J1^2*J2^3+-0.0000268541*J1^1*J2^4+-0.0006179284*J2^5+0,0,0,0,0,0,0.0000582961*J1^2*J2^3+-0.0000582961*J2^5+0,0,0.0007272979*J1^2*J2^3+-0.0007272979*J2^5+0,0,0,0,0,0,0,0,0,0,0,0,0,0,0,0,0,0,0,0,0,0,0,0,0,0},
{0,0,0,0,0.0001415168*J1^2*J2^3+0.0007799055*J1^1*J2^4+0.0001415168*J2^5+0,-0.0005398586*J1^2*J2^3+0.0012732329*J1^1*J2^4+-0.0005398586*J2^5+0,-0.0005120084*J1^2*J2^3+0.0004103286*J1^1*J2^4+-0.0005120084*J2^5+0,-0.0017260271*J1^2*J2^3+0.0033403278*J1^1*J2^4+-0.0017260271*J2^5+0,0,0,0,0,0,0,0,0,0,0,0,0,0.0002001350*J1^2*J2^3+0.0011029530*J1^1*J2^4+0.0002001350*J2^5+0,-0.0007634754*J1^2*J2^3+0.0018006232*J1^1*J2^4+-0.0007634754*J2^5+0,-0.0007240893*J1^2*J2^3+0.0005802923*J1^1*J2^4+-0.0007240893*J2^5+0,-0.0024409709*J1^2*J2^3+0.0047239369*J1^1*J2^4+-0.0024409709*J2^5+0,0,0,0,0,0,-0.0003592221*J1^2*J2^3+0.0010214739*J1^1*J2^4+-0.0003592221*J2^5+0,0,-0.0012994163*J1^2*J2^3+0.0024238784*J1^1*J2^4+-0.0012994163*J2^5+0,0,0,0,0,0,0.0018940853*J1^2*J2^3+0.0004003753*J1^1*J2^4+0.0018940853*J2^5+0,0,0.0018403662*J1^2*J2^3+-0.0060989905*J1^1*J2^4+0.0018403662*J2^5+0,0,0,0,0,0,0.0000940664*J1^2*J2^3+-0.0016033254*J1^1*J2^4+0.0000940664*J2^5+0,0,0.0014971391*J1^2*J2^3+-0.0021772164*J1^1*J2^4+0.0014971391*J2^5+0,0,0,0,0,0,0.0002990100*J1^2*J2^3+0.0009930084*J1^1*J2^4+-0.0006804630*J2^5+0,0,-0.0006179284*J1^2*J2^3+-0.0000268541*J1^1*J2^4+-0.0000390734*J2^5+0,0,0,0,0,0,-0.0006804630*J1^2*J2^3+0.0009930084*J1^1*J2^4+0.0002990100*J2^5+0,0,-0.0000390734*J1^2*J2^3+-0.0000268541*J1^1*J2^4+-0.0006179284*J2^5+0,0,0,0,0,0,0.0000582961*J1^2*J2^3+-0.0000582961*J2^5+0,0,0.0007272979*J1^2*J2^3+-0.0007272979*J2^5+0,0,0,0,0,0,0,0,0,0,0,0,0,0,0,0,0,0,0,0,0,0,0,0,0}
}