96
{{0,0,0,0,0,0,0,0,0,0,0,0,0,0,0,0,0,0,0,0,0,0,0,0,-0.0012137707*J2^5+0,0,0,0,0,0,0,0,0.0020337015*J2^5+0,0,0,0,0,0,0,0,-0.0019581469*J2^5+0,0,0,0,0,0,0,0,-0.0008594654*J2^5+0,0,-0.0008068349*J2^5+0,0,0,0,0,0,0,0,0,0,0,0,0,0,0,0,0,0,0,0,0,0,0,0,0,0,0,0,0,0,0.0019395616*J2^5+0,0,0.0001832411*J2^5+0,0,0,0,0,0,0,0,0,0,0,0,0,0},
{0,0,0,0,0,0,0,0,0,0,0,0,0,0,0,0,0,0,0,0,0,0,0,0,0.0004246622*J2^5+0,0,0,0,0,0,0,0,-0.0008980494*J2^5+0,0,0,0,0,0,0,0,0.0015210133*J2^5+0,0,0,0,0,0,0,0,-0.0014327780*J2^5+0,0,0.0015795296*J2^5+0,0,0,0,0,0,0,0,0,0,0,0,0,0,0,0,0,0,0,0,0,0,0,0,0,0,0,0,0,0,0.0008091841*J2^5+0,0,-0.0012194975*J2^5+0,0,0,0,0,0,0,0,0,0,0,0,0,0},
{0,0,0,0,0,0,0,0,0,0,0,0,0,0,0,0,0,0,0,0,0,0,0,0,0,0,-0.0012137707*J2^5+0,0,0,0,0,0,0,0,0.0020337015*J2^5+0,0,0,0,0,0,0,0,-0.0019581469*J2^5+0,0,0,0,0,0,0,0,0,0,0,0,0,0,0.0004962126*J2^5+0,0,0.0004658263*J2^5+0,0,0,0,0,0,0.0007017506*J2^5+0,0,0.0006587779*J2^5+0,0,0,0,0,0,0,0,0,0,0,0,0,0,0,0,0,0,0.0019395616*J2^5+0,0,0.0001832411*J2^5+0,0,0,0,0,0,0,0,0,0},
{0,0,0,0,0,0,0,0,0,0,0,0,0,0,0,0,0,0,0,0,0,0,0,0,0,0,0.0004246622*J2^5+0,0,0,0,0,0,0,0,-0.0008980494*J2^5+0,0,0,0,0,0,0,0,0.0015210133*J2^5+0,0,0,0,0,0,0,0,0,0,0,0,0,0,0.0008272147*J2^5+0,0,-0.0009119418*J2^5+0,0,0,0,0,0,0.0011698583*J2^5+0,0,-0.0012896805*J2^5+0,0,0,0,0,0,0,0,0,0,0,0,0,0,0,0,0,0,0.0008091841*J2^5+0,0,-0.0012194975*J2^5+0,0,0,0,0,0,0,0,0,0},
{0,0,0,0,0,0,0,0,0,0,0,0,0,0,0,0,0,0,0,0,0,0,0,0,0,0,0,0,-0.0012137707*J2^5+0,0,0,0,0,0,0,0,0.0020337015*J2^5+0,0,0,0,0,0,0,0,-0.0019581469*J2^5+0,0,0,0,0,0,0,0,-0.0008594654*J2^5+0,0,-0.0008068349*J2^5+0,0,0,0,0,0,0,0,0,0,0,0,0,0,0,0,0,0,-0.0011198064*J2^5+0,0,-0.0001057943*J2^5+0,0,0,0,0,0,0,0,0,0,0,0,0,0,0.0015836454*J2^5+0,0,0.0001496157*J2^5+0,0,0,0,0,0},
{0,0,0,0,0,0,0,0,0,0,0,0,0,0,0,0,0,0,0,0,0,0,0,0,0,0,0,0,0.0004246622*J2^5+0,0,0,0,0,0,0,0,-0.0008980494*J2^5+0,0,0,0,0,0,0,0,0.0015210133*J2^5+0,0,0,0,0,0,0,0,-0.0014327780*J2^5+0,0,0.0015795296*J2^5+0,0,0,0,0,0,0,0,0,0,0,0,0,0,0,0,0,0,-0.0004671827*J2^5+0,0,0.0007040772*J2^5+0,0,0,0,0,0,0,0,0,0,0,0,0,0,0.0006606961*J2^5+0,0,-0.0009957155*J2^5+0,0,0,0,0,0},
{0,0,0,0,0,0,0,0,0,0,0,0,0,0,0,0,0,0,0,0,0,0,0,0,0,0,0,0,0,0,-0.0012137707*J2^5+0,0,0,0,0,0,0,0,0.0020337015*J2^5+0,0,0,0,0,0,0,0,-0.0019581469*J2^5+0,0,0,0,0,0,0,0,0,0,0,0,0,0,0.0004962126*J2^5+0,0,0.0004658263*J2^5+0,0,0,0,0,0,0.0007017506*J2^5+0,0,0.0006587779*J2^5+0,0,0,0,0,0,-0.0011198064*J2^5+0,0,-0.0001057943*J2^5+0,0,0,0,0,0,0,0,0,0,0,0,0,0,0.0015836454*J2^5+0,0,0.0001496157*J2^5+0,0},
{0,0,0,0,0,0,0,0,0,0,0,0,0,0,0,0,0,0,0,0,0,0,0,0,0,0,0,0,0,0,0.0004246622*J2^5+0,0,0,0,0,0,0,0,-0.0008980494*J2^5+0,0,0,0,0,0,0,0,0.0015210133*J2^5+0,0,0,0,0,0,0,0,0,0,0,0,0,0,0.0008272147*J2^5+0,0,-0.0009119418*J2^5+0,0,0,0,0,0,0.0011698583*J2^5+0,0,-0.0012896805*J2^5+0,0,0,0,0,0,-0.0004671827*J2^5+0,0,0.0007040772*J2^5+0,0,0,0,0,0,0,0,0,0,0,0,0,0,0.0006606961*J2^5+0,0,-0.0009957155*J2^5+0,0},
{0,0,0,0,0,0,0,0,0,0,0,0,0,0,0,0,0,0,0,0,0,0,0,0,0,0.0007007709*J2^5+0,0,0,0,0,0,0,0,-0.0011741581*J2^5+0,0,0,0,0,0,0,0,0.0011305366*J2^5+0,0,0,0,0,0,0,0,0.0004962126*J2^5+0,0,0.0004658263*J2^5+0,0,0,0,0,0,0,0,0,0,0,0,0,0,0,0,0,0,0,0,0,0,0,0,0,0,0,0,0,0,-0.0011198064*J2^5+0,0,-0.0001057943*J2^5+0,0,0,0,0,0,0,0,0,0,0,0,0},
{0,0,0,0,0,0,0,0,0,0,0,0,0,0,0,0,0,0,0,0,0,0,0,0,0,-0.0002451788*J2^5+0,0,0,0,0,0,0,0,0.0005184890*J2^5+0,0,0,0,0,0,0,0,-0.0008781574*J2^5+0,0,0,0,0,0,0,0,0.0008272147*J2^5+0,0,-0.0009119418*J2^5+0,0,0,0,0,0,0,0,0,0,0,0,0,0,0,0,0,0,0,0,0,0,0,0,0,0,0,0,0,0,-0.0004671827*J2^5+0,0,0.0007040772*J2^5+0,0,0,0,0,0,0,0,0,0,0,0,0},
{0,0,0,0,0,0,0,0,0,0,0,0,0,0,0,0,0,0,0,0,0,0,0,0,0,0,0,0.0007007709*J2^5+0,0,0,0,0,0,0,0,-0.0011741581*J2^5+0,0,0,0,0,0,0,0,0.0011305366*J2^5+0,0,0,0,0,0,0,0,0,0,0,0,0,0,-0.0002864885*J2^5+0,0,-0.0002689450*J2^5+0,0,0,0,0,0,-0.0004051559*J2^5+0,0,-0.0003803456*J2^5+0,0,0,0,0,0,0,0,0,0,0,0,0,0,0,0,0,0,-0.0011198064*J2^5+0,0,-0.0001057943*J2^5+0,0,0,0,0,0,0,0,0},
{0,0,0,0,0,0,0,0,0,0,0,0,0,0,0,0,0,0,0,0,0,0,0,0,0,0,0,-0.0002451788*J2^5+0,0,0,0,0,0,0,0,0.0005184890*J2^5+0,0,0,0,0,0,0,0,-0.0008781574*J2^5+0,0,0,0,0,0,0,0,0,0,0,0,0,0,-0.0004775927*J2^5+0,0,0.0005265099*J2^5+0,0,0,0,0,0,-0.0006754180*J2^5+0,0,0.0007445974*J2^5+0,0,0,0,0,0,0,0,0,0,0,0,0,0,0,0,0,0,-0.0004671827*J2^5+0,0,0.0007040772*J2^5+0,0,0,0,0,0,0,0,0},
{0,0,0,0,0,0,0,0,0,0,0,0,0,0,0,0,0,0,0,0,0,0,0,0,0,0,0,0,0,0.0007007709*J2^5+0,0,0,0,0,0,0,0,-0.0011741581*J2^5+0,0,0,0,0,0,0,0,0.0011305366*J2^5+0,0,0,0,0,0,0,0,0.0004962126*J2^5+0,0,0.0004658263*J2^5+0,0,0,0,0,0,0,0,0,0,0,0,0,0,0,0,0,0,0.0006465205*J2^5+0,0,0.0000610804*J2^5+0,0,0,0,0,0,0,0,0,0,0,0,0,0,-0.0009143181*J2^5+0,0,-0.0000863807*J2^5+0,0,0,0,0},
{0,0,0,0,0,0,0,0,0,0,0,0,0,0,0,0,0,0,0,0,0,0,0,0,0,0,0,0,0,-0.0002451788*J2^5+0,0,0,0,0,0,0,0,0.0005184890*J2^5+0,0,0,0,0,0,0,0,-0.0008781574*J2^5+0,0,0,0,0,0,0,0,0.0008272147*J2^5+0,0,-0.0009119418*J2^5+0,0,0,0,0,0,0,0,0,0,0,0,0,0,0,0,0,0,0.0002697280*J2^5+0,0,-0.0004064992*J2^5+0,0,0,0,0,0,0,0,0,0,0,0,0,0,-0.0003814531*J2^5+0,0,0.0005748766*J2^5+0,0,0,0,0},
{0,0,0,0,0,0,0,0,0,0,0,0,0,0,0,0,0,0,0,0,0,0,0,0,0,0,0,0,0,0,0,0.0007007709*J2^5+0,0,0,0,0,0,0,0,-0.0011741581*J2^5+0,0,0,0,0,0,0,0,0.0011305366*J2^5+0,0,0,0,0,0,0,0,0,0,0,0,0,0,-0.0002864885*J2^5+0,0,-0.0002689450*J2^5+0,0,0,0,0,0,-0.0004051559*J2^5+0,0,-0.0003803456*J2^5+0,0,0,0,0,0,0.0006465205*J2^5+0,0,0.0000610804*J2^5+0,0,0,0,0,0,0,0,0,0,0,0,0,0,-0.0009143181*J2^5+0,0,-0.0000863807*J2^5+0},
{0,0,0,0,0,0,0,0,0,0,0,0,0,0,0,0,0,0,0,0,0,0,0,0,0,0,0,0,0,0,0,-0.0002451788*J2^5+0,0,0,0,0,0,0,0,0.0005184890*J2^5+0,0,0,0,0,0,0,0,-0.0008781574*J2^5+0,0,0,0,0,0,0,0,0,0,0,0,0,0,-0.0004775927*J2^5+0,0,0.0005265099*J2^5+0,0,0,0,0,0,-0.0006754180*J2^5+0,0,0.0007445974*J2^5+0,0,0,0,0,0,0.0002697280*J2^5+0,0,-0.0004064992*J2^5+0,0,0,0,0,0,0,0,0,0,0,0,0,0,-0.0003814531*J2^5+0,0,0.0005748766*J2^5+0},
{0,0,0,0,0,0,0,0,0,0,0,0,0,0,0,0,0,0,0,0,0,0,0,0,0,-0.0009910397*J2^5+0,0,0,0,0,0,0,0,0.0016605103*J2^5+0,0,0,0,0,0,0,0,-0.0015988202*J2^5+0,0,0,0,0,0,0,0,-0.0007017506*J2^5+0,0,-0.0006587779*J2^5+0,0,0,0,0,0,0,0,0,0,0,0,0,0,0,0,0,0,0,0,0,0,0,0,0,0,0,0,0,0,0.0015836454*J2^5+0,0,0.0001496157*J2^5+0,0,0,0,0,0,0,0,0,0,0,0,0},
{0,0,0,0,0,0,0,0,0,0,0,0,0,0,0,0,0,0,0,0,0,0,0,0,0,0.0003467352*J2^5+0,0,0,0,0,0,0,0,-0.0007332542*J2^5+0,0,0,0,0,0,0,0,0.0012419022*J2^5+0,0,0,0,0,0,0,0,-0.0011698583*J2^5+0,0,0.0012896805*J2^5+0,0,0,0,0,0,0,0,0,0,0,0,0,0,0,0,0,0,0,0,0,0,0,0,0,0,0,0,0,0,0.0006606961*J2^5+0,0,-0.0009957155*J2^5+0,0,0,0,0,0,0,0,0,0,0,0,0},
{0,0,0,0,0,0,0,0,0,0,0,0,0,0,0,0,0,0,0,0,0,0,0,0,0,0,0,-0.0009910397*J2^5+0,0,0,0,0,0,0,0,0.0016605103*J2^5+0,0,0,0,0,0,0,0,-0.0015988202*J2^5+0,0,0,0,0,0,0,0,0,0,0,0,0,0,0.0004051559*J2^5+0,0,0.0003803456*J2^5+0,0,0,0,0,0,0.0005729769*J2^5+0,0,0.0005378899*J2^5+0,0,0,0,0,0,0,0,0,0,0,0,0,0,0,0,0,0,0.0015836454*J2^5+0,0,0.0001496157*J2^5+0,0,0,0,0,0,0,0,0},
{0,0,0,0,0,0,0,0,0,0,0,0,0,0,0,0,0,0,0,0,0,0,0,0,0,0,0,0.0003467352*J2^5+0,0,0,0,0,0,0,0,-0.0007332542*J2^5+0,0,0,0,0,0,0,0,0.0012419022*J2^5+0,0,0,0,0,0,0,0,0,0,0,0,0,0,0.0006754180*J2^5+0,0,-0.0007445974*J2^5+0,0,0,0,0,0,0.0009551853*J2^5+0,0,-0.0010530197*J2^5+0,0,0,0,0,0,0,0,0,0,0,0,0,0,0,0,0,0,0.0006606961*J2^5+0,0,-0.0009957155*J2^5+0,0,0,0,0,0,0,0,0},
{0,0,0,0,0,0,0,0,0,0,0,0,0,0,0,0,0,0,0,0,0,0,0,0,0,0,0,0,0,-0.0009910397*J2^5+0,0,0,0,0,0,0,0,0.0016605103*J2^5+0,0,0,0,0,0,0,0,-0.0015988202*J2^5+0,0,0,0,0,0,0,0,-0.0007017506*J2^5+0,0,-0.0006587779*J2^5+0,0,0,0,0,0,0,0,0,0,0,0,0,0,0,0,0,0,-0.0009143181*J2^5+0,0,-0.0000863807*J2^5+0,0,0,0,0,0,0,0,0,0,0,0,0,0,0.0012930411*J2^5+0,0,0.0001221607*J2^5+0,0,0,0,0},
{0,0,0,0,0,0,0,0,0,0,0,0,0,0,0,0,0,0,0,0,0,0,0,0,0,0,0,0,0,0.0003467352*J2^5+0,0,0,0,0,0,0,0,-0.0007332542*J2^5+0,0,0,0,0,0,0,0,0.0012419022*J2^5+0,0,0,0,0,0,0,0,-0.0011698583*J2^5+0,0,0.0012896805*J2^5+0,0,0,0,0,0,0,0,0,0,0,0,0,0,0,0,0,0,-0.0003814531*J2^5+0,0,0.0005748766*J2^5+0,0,0,0,0,0,0,0,0,0,0,0,0,0,0.0005394561*J2^5+0,0,-0.0008129983*J2^5+0,0,0,0,0},
{0,0,0,0,0,0,0,0,0,0,0,0,0,0,0,0,0,0,0,0,0,0,0,0,0,0,0,0,0,0,0,-0.0009910397*J2^5+0,0,0,0,0,0,0,0,0.0016605103*J2^5+0,0,0,0,0,0,0,0,-0.0015988202*J2^5+0,0,0,0,0,0,0,0,0,0,0,0,0,0,0.0004051559*J2^5+0,0,0.0003803456*J2^5+0,0,0,0,0,0,0.0005729769*J2^5+0,0,0.0005378899*J2^5+0,0,0,0,0,0,-0.0009143181*J2^5+0,0,-0.0000863807*J2^5+0,0,0,0,0,0,0,0,0,0,0,0,0,0,0.0012930411*J2^5+0,0,0.0001221607*J2^5+0},
{0,0,0,0,0,0,0,0,0,0,0,0,0,0,0,0,0,0,0,0,0,0,0,0,0,0,0,0,0,0,0,0.0003467352*J2^5+0,0,0,0,0,0,0,0,-0.0007332542*J2^5+0,0,0,0,0,0,0,0,0.0012419022*J2^5+0,0,0,0,0,0,0,0,0,0,0,0,0,0,0.0006754180*J2^5+0,0,-0.0007445974*J2^5+0,0,0,0,0,0,0.0009551853*J2^5+0,0,-0.0010530197*J2^5+0,0,0,0,0,0,-0.0003814531*J2^5+0,0,0.0005748766*J2^5+0,0,0,0,0,0,0,0,0,0,0,0,0,0,0.0005394561*J2^5+0,0,-0.0008129983*J2^5+0},
{0.0035963019*J2^5+0,0.0008202053*J2^5+0,0,0,0,0,0,0,0,0,0,0,0,0,0,0,0,0,0,0,0,0,0,0,0,0,0,0,0,0,0,0,0,0,0,0,0,0,0,0,0,0,0,0,0,0,0,0,0,0,0,0,0,0,0,0,0,0,0,0,0,0,0,0,0,0,0,0,0,0,0,0,0,0,0,0,0,0,0,0,0,0,0,0,0,0,0,0,0,0,0,0,0,0,0,0},
{0,0,0,0,0,0,0,0,-0.0020763259*J2^5+0,-0.0004735457*J2^5+0,0,0,0,0,0,0,0.0029363682*J2^5+0,0.0006696948*J2^5+0,0,0,0,0,0,0,0,0,0,0,0,0,0,0,0,0,0,0,0,0,0,0,0,0,0,0,0,0,0,0,0,0,0,0,0,0,0,0,0,0,0,0,0,0,0,0,0,0,0,0,0,0,0,0,0,0,0,0,0,0,0,0,0,0,0,0,0,0,0,0,0,0,0,0,0,0,0,0},
{0,0,0.0035963019*J2^5+0,0.0008202053*J2^5+0,0,0,0,0,0,0,0,0,0,0,0,0,0,0,0,0,0,0,0,0,0,0,0,0,0,0,0,0,0,0,0,0,0,0,0,0,0,0,0,0,0,0,0,0,0,0,0,0,0,0,0,0,0,0,0,0,0,0,0,0,0,0,0,0,0,0,0,0,0,0,0,0,0,0,0,0,0,0,0,0,0,0,0,0,0,0,0,0,0,0,0,0},
{0,0,0,0,0,0,0,0,0,0,-0.0020763259*J2^5+0,-0.0004735457*J2^5+0,0,0,0,0,0,0,0.0029363682*J2^5+0,0.0006696948*J2^5+0,0,0,0,0,0,0,0,0,0,0,0,0,0,0,0,0,0,0,0,0,0,0,0,0,0,0,0,0,0,0,0,0,0,0,0,0,0,0,0,0,0,0,0,0,0,0,0,0,0,0,0,0,0,0,0,0,0,0,0,0,0,0,0,0,0,0,0,0,0,0,0,0,0,0,0,0},
{0,0,0,0,0.0035963019*J2^5+0,0.0008202053*J2^5+0,0,0,0,0,0,0,0,0,0,0,0,0,0,0,0,0,0,0,0,0,0,0,0,0,0,0,0,0,0,0,0,0,0,0,0,0,0,0,0,0,0,0,0,0,0,0,0,0,0,0,0,0,0,0,0,0,0,0,0,0,0,0,0,0,0,0,0,0,0,0,0,0,0,0,0,0,0,0,0,0,0,0,0,0,0,0,0,0,0,0},
{0,0,0,0,0,0,0,0,0,0,0,0,-0.0020763259*J2^5+0,-0.0004735457*J2^5+0,0,0,0,0,0,0,0.0029363682*J2^5+0,0.0006696948*J2^5+0,0,0,0,0,0,0,0,0,0,0,0,0,0,0,0,0,0,0,0,0,0,0,0,0,0,0,0,0,0,0,0,0,0,0,0,0,0,0,0,0,0,0,0,0,0,0,0,0,0,0,0,0,0,0,0,0,0,0,0,0,0,0,0,0,0,0,0,0,0,0,0,0,0,0},
{0,0,0,0,0,0,0.0035963019*J2^5+0,0.0008202053*J2^5+0,0,0,0,0,0,0,0,0,0,0,0,0,0,0,0,0,0,0,0,0,0,0,0,0,0,0,0,0,0,0,0,0,0,0,0,0,0,0,0,0,0,0,0,0,0,0,0,0,0,0,0,0,0,0,0,0,0,0,0,0,0,0,0,0,0,0,0,0,0,0,0,0,0,0,0,0,0,0,0,0,0,0,0,0,0,0,0,0},
{0,0,0,0,0,0,0,0,0,0,0,0,0,0,-0.0020763259*J2^5+0,-0.0004735457*J2^5+0,0,0,0,0,0,0,0.0029363682*J2^5+0,0.0006696948*J2^5+0,0,0,0,0,0,0,0,0,0,0,0,0,0,0,0,0,0,0,0,0,0,0,0,0,0,0,0,0,0,0,0,0,0,0,0,0,0,0,0,0,0,0,0,0,0,0,0,0,0,0,0,0,0,0,0,0,0,0,0,0,0,0,0,0,0,0,0,0,0,0,0,0},
{-0.0059922458*J2^5+0,0.0005630935*J2^5+0,0,0,0,0,0,0,0,0,0,0,0,0,0,0,0,0,0,0,0,0,0,0,0,0,0,0,0,0,0,0,0,0,0,0,0,0,0,0,0,0,0,0,0,0,0,0,0,0,0,0,0,0,0,0,0,0,0,0,0,0,0,0,0,0,0,0,0,0,0,0,0,0,0,0,0,0,0,0,0,0,0,0,0,0,0,0,0,0,0,0,0,0,0,0},
{0,0,0,0,0,0,0,0,0.0034596247*J2^5+0,-0.0003251022*J2^5+0,0,0,0,0,0,0,-0.0048926482*J2^5+0,0.0004597640*J2^5+0,0,0,0,0,0,0,0,0,0,0,0,0,0,0,0,0,0,0,0,0,0,0,0,0,0,0,0,0,0,0,0,0,0,0,0,0,0,0,0,0,0,0,0,0,0,0,0,0,0,0,0,0,0,0,0,0,0,0,0,0,0,0,0,0,0,0,0,0,0,0,0,0,0,0,0,0,0,0},
{0,0,-0.0059922458*J2^5+0,0.0005630935*J2^5+0,0,0,0,0,0,0,0,0,0,0,0,0,0,0,0,0,0,0,0,0,0,0,0,0,0,0,0,0,0,0,0,0,0,0,0,0,0,0,0,0,0,0,0,0,0,0,0,0,0,0,0,0,0,0,0,0,0,0,0,0,0,0,0,0,0,0,0,0,0,0,0,0,0,0,0,0,0,0,0,0,0,0,0,0,0,0,0,0,0,0,0,0},
{0,0,0,0,0,0,0,0,0,0,0.0034596247*J2^5+0,-0.0003251022*J2^5+0,0,0,0,0,0,0,-0.0048926482*J2^5+0,0.0004597640*J2^5+0,0,0,0,0,0,0,0,0,0,0,0,0,0,0,0,0,0,0,0,0,0,0,0,0,0,0,0,0,0,0,0,0,0,0,0,0,0,0,0,0,0,0,0,0,0,0,0,0,0,0,0,0,0,0,0,0,0,0,0,0,0,0,0,0,0,0,0,0,0,0,0,0,0,0,0,0},
{0,0,0,0,-0.0059922458*J2^5+0,0.0005630935*J2^5+0,0,0,0,0,0,0,0,0,0,0,0,0,0,0,0,0,0,0,0,0,0,0,0,0,0,0,0,0,0,0,0,0,0,0,0,0,0,0,0,0,0,0,0,0,0,0,0,0,0,0,0,0,0,0,0,0,0,0,0,0,0,0,0,0,0,0,0,0,0,0,0,0,0,0,0,0,0,0,0,0,0,0,0,0,0,0,0,0,0,0},
{0,0,0,0,0,0,0,0,0,0,0,0,0.0034596247*J2^5+0,-0.0003251022*J2^5+0,0,0,0,0,0,0,-0.0048926482*J2^5+0,0.0004597640*J2^5+0,0,0,0,0,0,0,0,0,0,0,0,0,0,0,0,0,0,0,0,0,0,0,0,0,0,0,0,0,0,0,0,0,0,0,0,0,0,0,0,0,0,0,0,0,0,0,0,0,0,0,0,0,0,0,0,0,0,0,0,0,0,0,0,0,0,0,0,0,0,0,0,0,0,0},
{0,0,0,0,0,0,-0.0059922458*J2^5+0,0.0005630935*J2^5+0,0,0,0,0,0,0,0,0,0,0,0,0,0,0,0,0,0,0,0,0,0,0,0,0,0,0,0,0,0,0,0,0,0,0,0,0,0,0,0,0,0,0,0,0,0,0,0,0,0,0,0,0,0,0,0,0,0,0,0,0,0,0,0,0,0,0,0,0,0,0,0,0,0,0,0,0,0,0,0,0,0,0,0,0,0,0,0,0},
{0,0,0,0,0,0,0,0,0,0,0,0,0,0,0.0034596247*J2^5+0,-0.0003251022*J2^5+0,0,0,0,0,0,0,-0.0048926482*J2^5+0,0.0004597640*J2^5+0,0,0,0,0,0,0,0,0,0,0,0,0,0,0,0,0,0,0,0,0,0,0,0,0,0,0,0,0,0,0,0,0,0,0,0,0,0,0,0,0,0,0,0,0,0,0,0,0,0,0,0,0,0,0,0,0,0,0,0,0,0,0,0,0,0,0,0,0,0,0,0,0},
{0.0032326154*J2^5+0,-0.0059626650*J2^5+0,0,0,0,0,0,0,0,0,0,0,0,0,0,0,0,0,0,0,0,0,0,0,0,0,0,0,0,0,0,0,0,0,0,0,0,0,0,0,0,0,0,0,0,0,0,0,0,0,0,0,0,0,0,0,0,0,0,0,0,0,0,0,0,0,0,0,0,0,0,0,0,0,0,0,0,0,0,0,0,0,0,0,0,0,0,0,0,0,0,0,0,0,0,0},
{0,0,0,0,0,0,0,0,-0.0018663514*J2^5+0,0.0034425463*J2^5+0,0,0,0,0,0,0,0.0026394194*J2^5+0,-0.0048684956*J2^5+0,0,0,0,0,0,0,0,0,0,0,0,0,0,0,0,0,0,0,0,0,0,0,0,0,0,0,0,0,0,0,0,0,0,0,0,0,0,0,0,0,0,0,0,0,0,0,0,0,0,0,0,0,0,0,0,0,0,0,0,0,0,0,0,0,0,0,0,0,0,0,0,0,0,0,0,0,0,0},
{0,0,0.0032326154*J2^5+0,-0.0059626650*J2^5+0,0,0,0,0,0,0,0,0,0,0,0,0,0,0,0,0,0,0,0,0,0,0,0,0,0,0,0,0,0,0,0,0,0,0,0,0,0,0,0,0,0,0,0,0,0,0,0,0,0,0,0,0,0,0,0,0,0,0,0,0,0,0,0,0,0,0,0,0,0,0,0,0,0,0,0,0,0,0,0,0,0,0,0,0,0,0,0,0,0,0,0,0},
{0,0,0,0,0,0,0,0,0,0,-0.0018663514*J2^5+0,0.0034425463*J2^5+0,0,0,0,0,0,0,0.0026394194*J2^5+0,-0.0048684956*J2^5+0,0,0,0,0,0,0,0,0,0,0,0,0,0,0,0,0,0,0,0,0,0,0,0,0,0,0,0,0,0,0,0,0,0,0,0,0,0,0,0,0,0,0,0,0,0,0,0,0,0,0,0,0,0,0,0,0,0,0,0,0,0,0,0,0,0,0,0,0,0,0,0,0,0,0,0,0},
{0,0,0,0,0.0032326154*J2^5+0,-0.0059626650*J2^5+0,0,0,0,0,0,0,0,0,0,0,0,0,0,0,0,0,0,0,0,0,0,0,0,0,0,0,0,0,0,0,0,0,0,0,0,0,0,0,0,0,0,0,0,0,0,0,0,0,0,0,0,0,0,0,0,0,0,0,0,0,0,0,0,0,0,0,0,0,0,0,0,0,0,0,0,0,0,0,0,0,0,0,0,0,0,0,0,0,0,0},
{0,0,0,0,0,0,0,0,0,0,0,0,-0.0018663514*J2^5+0,0.0034425463*J2^5+0,0,0,0,0,0,0,0.0026394194*J2^5+0,-0.0048684956*J2^5+0,0,0,0,0,0,0,0,0,0,0,0,0,0,0,0,0,0,0,0,0,0,0,0,0,0,0,0,0,0,0,0,0,0,0,0,0,0,0,0,0,0,0,0,0,0,0,0,0,0,0,0,0,0,0,0,0,0,0,0,0,0,0,0,0,0,0,0,0,0,0,0,0,0,0},
{0,0,0,0,0,0,0.0032326154*J2^5+0,-0.0059626650*J2^5+0,0,0,0,0,0,0,0,0,0,0,0,0,0,0,0,0,0,0,0,0,0,0,0,0,0,0,0,0,0,0,0,0,0,0,0,0,0,0,0,0,0,0,0,0,0,0,0,0,0,0,0,0,0,0,0,0,0,0,0,0,0,0,0,0,0,0,0,0,0,0,0,0,0,0,0,0,0,0,0,0,0,0,0,0,0,0,0,0},
{0,0,0,0,0,0,0,0,0,0,0,0,0,0,-0.0018663514*J2^5+0,0.0034425463*J2^5+0,0,0,0,0,0,0,0.0026394194*J2^5+0,-0.0048684956*J2^5+0,0,0,0,0,0,0,0,0,0,0,0,0,0,0,0,0,0,0,0,0,0,0,0,0,0,0,0,0,0,0,0,0,0,0,0,0,0,0,0,0,0,0,0,0,0,0,0,0,0,0,0,0,0,0,0,0,0,0,0,0,0,0,0,0,0,0,0,0,0,0,0,0},
{0.0026704011*J2^5+0,0.0002528048*J2^5+0,0,0,0,0,0,0,0,0,0,0,0,0,0,0,0,0,0,0,0,0,0,0,0,0,0,0,0,0,0,0,0,0,0,0,0,0,0,0,0,0,0,0,0,0,0,0,0,0,0,0,0,0,0,0,0,0,0,0,0,0,0,0,0,0,0,0,0,0,0,0,0,0,0,0,0,0,0,0,0,0,0,0,0,0,0,0,0,0,0,0,0,0,0,0},
{0,0,0,0,0,0,0,0,-0.0015417568*J2^5+0,-0.0001459569*J2^5+0,0,0,0,0,0,0,0.0021803734*J2^5+0,0.0002064142*J2^5+0,0,0,0,0,0,0,0,0,0,0,0,0,0,0,0,0,0,0,0,0,0,0,0,0,0,0,0,0,0,0,0,0,0,0,0,0,0,0,0,0,0,0,0,0,0,0,0,0,0,0,0,0,0,0,0,0,0,0,0,0,0,0,0,0,0,0,0,0,0,0,0,0,0,0,0,0,0,0},
{0.0049077018*J2^5+0,-0.0038695536*J2^5+0,0,0,0,0,0,0,0,0,0,0,0,0,0,0,0,0,0,0,0,0,0,0,0,0,0,0,0,0,0,0,0,0,0,0,0,0,0,0,0,0,0,0,0,0,0,0,0,0,0,0,0,0,0,0,0,0,0,0,0,0,0,0,0,0,0,0,0,0,0,0,0,0,0,0,0,0,0,0,0,0,0,0,0,0,0,0,0,0,0,0,0,0,0,0},
{0,0,0,0,0,0,0,0,-0.0028334629*J2^5+0,0.0022340878*J2^5+0,0,0,0,0,0,0,0.0040071217*J2^5+0,-0.0031594772*J2^5+0,0,0,0,0,0,0,0,0,0,0,0,0,0,0,0,0,0,0,0,0,0,0,0,0,0,0,0,0,0,0,0,0,0,0,0,0,0,0,0,0,0,0,0,0,0,0,0,0,0,0,0,0,0,0,0,0,0,0,0,0,0,0,0,0,0,0,0,0,0,0,0,0,0,0,0,0,0,0},
{0,0,0,0,0.0026704011*J2^5+0,0.0002528048*J2^5+0,0,0,0,0,0,0,0,0,0,0,0,0,0,0,0,0,0,0,0,0,0,0,0,0,0,0,0,0,0,0,0,0,0,0,0,0,0,0,0,0,0,0,0,0,0,0,0,0,0,0,0,0,0,0,0,0,0,0,0,0,0,0,0,0,0,0,0,0,0,0,0,0,0,0,0,0,0,0,0,0,0,0,0,0,0,0,0,0,0,0},
{0,0,0,0,0,0,0,0,0,0,0,0,-0.0015417568*J2^5+0,-0.0001459569*J2^5+0,0,0,0,0,0,0,0.0021803734*J2^5+0,0.0002064142*J2^5+0,0,0,0,0,0,0,0,0,0,0,0,0,0,0,0,0,0,0,0,0,0,0,0,0,0,0,0,0,0,0,0,0,0,0,0,0,0,0,0,0,0,0,0,0,0,0,0,0,0,0,0,0,0,0,0,0,0,0,0,0,0,0,0,0,0,0,0,0,0,0,0,0,0,0},
{0,0,0,0,0.0049077018*J2^5+0,-0.0038695536*J2^5+0,0,0,0,0,0,0,0,0,0,0,0,0,0,0,0,0,0,0,0,0,0,0,0,0,0,0,0,0,0,0,0,0,0,0,0,0,0,0,0,0,0,0,0,0,0,0,0,0,0,0,0,0,0,0,0,0,0,0,0,0,0,0,0,0,0,0,0,0,0,0,0,0,0,0,0,0,0,0,0,0,0,0,0,0,0,0,0,0,0,0},
{0,0,0,0,0,0,0,0,0,0,0,0,-0.0028334629*J2^5+0,0.0022340878*J2^5+0,0,0,0,0,0,0,0.0040071217*J2^5+0,-0.0031594772*J2^5+0,0,0,0,0,0,0,0,0,0,0,0,0,0,0,0,0,0,0,0,0,0,0,0,0,0,0,0,0,0,0,0,0,0,0,0,0,0,0,0,0,0,0,0,0,0,0,0,0,0,0,0,0,0,0,0,0,0,0,0,0,0,0,0,0,0,0,0,0,0,0,0,0,0,0},
{0,0,-0.0015417568*J2^5+0,-0.0001459569*J2^5+0,0,0,0,0,0,0,0,0,0,0,0,0,0,0,0,0,0,0,0,0,0,0,0,0,0,0,0,0,0,0,0,0,0,0,0,0,0,0,0,0,0,0,0,0,0,0,0,0,0,0,0,0,0,0,0,0,0,0,0,0,0,0,0,0,0,0,0,0,0,0,0,0,0,0,0,0,0,0,0,0,0,0,0,0,0,0,0,0,0,0,0,0},
{0,0,0,0,0,0,0,0,0,0,0.0008901337*J2^5+0,0.0000842683*J2^5+0,0,0,0,0,0,0,-0.0012588392*J2^5+0,-0.0001191733*J2^5+0,0,0,0,0,0,0,0,0,0,0,0,0,0,0,0,0,0,0,0,0,0,0,0,0,0,0,0,0,0,0,0,0,0,0,0,0,0,0,0,0,0,0,0,0,0,0,0,0,0,0,0,0,0,0,0,0,0,0,0,0,0,0,0,0,0,0,0,0,0,0,0,0,0,0,0,0},
{0,0,-0.0028334629*J2^5+0,0.0022340878*J2^5+0,0,0,0,0,0,0,0,0,0,0,0,0,0,0,0,0,0,0,0,0,0,0,0,0,0,0,0,0,0,0,0,0,0,0,0,0,0,0,0,0,0,0,0,0,0,0,0,0,0,0,0,0,0,0,0,0,0,0,0,0,0,0,0,0,0,0,0,0,0,0,0,0,0,0,0,0,0,0,0,0,0,0,0,0,0,0,0,0,0,0,0,0},
{0,0,0,0,0,0,0,0,0,0,0.0016359006*J2^5+0,-0.0012898512*J2^5+0,0,0,0,0,0,0,-0.0023135128*J2^5+0,0.0018241250*J2^5+0,0,0,0,0,0,0,0,0,0,0,0,0,0,0,0,0,0,0,0,0,0,0,0,0,0,0,0,0,0,0,0,0,0,0,0,0,0,0,0,0,0,0,0,0,0,0,0,0,0,0,0,0,0,0,0,0,0,0,0,0,0,0,0,0,0,0,0,0,0,0,0,0,0,0,0,0},
{0,0,0,0,0,0,-0.0015417568*J2^5+0,-0.0001459569*J2^5+0,0,0,0,0,0,0,0,0,0,0,0,0,0,0,0,0,0,0,0,0,0,0,0,0,0,0,0,0,0,0,0,0,0,0,0,0,0,0,0,0,0,0,0,0,0,0,0,0,0,0,0,0,0,0,0,0,0,0,0,0,0,0,0,0,0,0,0,0,0,0,0,0,0,0,0,0,0,0,0,0,0,0,0,0,0,0,0,0},
{0,0,0,0,0,0,0,0,0,0,0,0,0,0,0.0008901337*J2^5+0,0.0000842683*J2^5+0,0,0,0,0,0,0,-0.0012588392*J2^5+0,-0.0001191733*J2^5+0,0,0,0,0,0,0,0,0,0,0,0,0,0,0,0,0,0,0,0,0,0,0,0,0,0,0,0,0,0,0,0,0,0,0,0,0,0,0,0,0,0,0,0,0,0,0,0,0,0,0,0,0,0,0,0,0,0,0,0,0,0,0,0,0,0,0,0,0,0,0,0,0},
{0,0,0,0,0,0,-0.0028334629*J2^5+0,0.0022340878*J2^5+0,0,0,0,0,0,0,0,0,0,0,0,0,0,0,0,0,0,0,0,0,0,0,0,0,0,0,0,0,0,0,0,0,0,0,0,0,0,0,0,0,0,0,0,0,0,0,0,0,0,0,0,0,0,0,0,0,0,0,0,0,0,0,0,0,0,0,0,0,0,0,0,0,0,0,0,0,0,0,0,0,0,0,0,0,0,0,0,0},
{0,0,0,0,0,0,0,0,0,0,0,0,0,0,0.0016359006*J2^5+0,-0.0012898512*J2^5+0,0,0,0,0,0,0,-0.0023135128*J2^5+0,0.0018241250*J2^5+0,0,0,0,0,0,0,0,0,0,0,0,0,0,0,0,0,0,0,0,0,0,0,0,0,0,0,0,0,0,0,0,0,0,0,0,0,0,0,0,0,0,0,0,0,0,0,0,0,0,0,0,0,0,0,0,0,0,0,0,0,0,0,0,0,0,0,0,0,0,0,0,0},
{0,0,-0.0021803734*J2^5+0,-0.0002064142*J2^5+0,0,0,0,0,0,0,0,0,0,0,0,0,0,0,0,0,0,0,0,0,0,0,0,0,0,0,0,0,0,0,0,0,0,0,0,0,0,0,0,0,0,0,0,0,0,0,0,0,0,0,0,0,0,0,0,0,0,0,0,0,0,0,0,0,0,0,0,0,0,0,0,0,0,0,0,0,0,0,0,0,0,0,0,0,0,0,0,0,0,0,0,0},
{0,0,0,0,0,0,0,0,0,0,0.0012588392*J2^5+0,0.0001191733*J2^5+0,0,0,0,0,0,0,-0.0017802674*J2^5+0,-0.0001685365*J2^5+0,0,0,0,0,0,0,0,0,0,0,0,0,0,0,0,0,0,0,0,0,0,0,0,0,0,0,0,0,0,0,0,0,0,0,0,0,0,0,0,0,0,0,0,0,0,0,0,0,0,0,0,0,0,0,0,0,0,0,0,0,0,0,0,0,0,0,0,0,0,0,0,0,0,0,0,0},
{0,0,-0.0040071217*J2^5+0,0.0031594772*J2^5+0,0,0,0,0,0,0,0,0,0,0,0,0,0,0,0,0,0,0,0,0,0,0,0,0,0,0,0,0,0,0,0,0,0,0,0,0,0,0,0,0,0,0,0,0,0,0,0,0,0,0,0,0,0,0,0,0,0,0,0,0,0,0,0,0,0,0,0,0,0,0,0,0,0,0,0,0,0,0,0,0,0,0,0,0,0,0,0,0,0,0,0,0},
{0,0,0,0,0,0,0,0,0,0,0.0023135128*J2^5+0,-0.0018241250*J2^5+0,0,0,0,0,0,0,-0.0032718012*J2^5+0,0.0025797024*J2^5+0,0,0,0,0,0,0,0,0,0,0,0,0,0,0,0,0,0,0,0,0,0,0,0,0,0,0,0,0,0,0,0,0,0,0,0,0,0,0,0,0,0,0,0,0,0,0,0,0,0,0,0,0,0,0,0,0,0,0,0,0,0,0,0,0,0,0,0,0,0,0,0,0,0,0,0,0},
{0,0,0,0,0,0,-0.0021803734*J2^5+0,-0.0002064142*J2^5+0,0,0,0,0,0,0,0,0,0,0,0,0,0,0,0,0,0,0,0,0,0,0,0,0,0,0,0,0,0,0,0,0,0,0,0,0,0,0,0,0,0,0,0,0,0,0,0,0,0,0,0,0,0,0,0,0,0,0,0,0,0,0,0,0,0,0,0,0,0,0,0,0,0,0,0,0,0,0,0,0,0,0,0,0,0,0,0,0},
{0,0,0,0,0,0,0,0,0,0,0,0,0,0,0.0012588392*J2^5+0,0.0001191733*J2^5+0,0,0,0,0,0,0,-0.0017802674*J2^5+0,-0.0001685365*J2^5+0,0,0,0,0,0,0,0,0,0,0,0,0,0,0,0,0,0,0,0,0,0,0,0,0,0,0,0,0,0,0,0,0,0,0,0,0,0,0,0,0,0,0,0,0,0,0,0,0,0,0,0,0,0,0,0,0,0,0,0,0,0,0,0,0,0,0,0,0,0,0,0,0},
{0,0,0,0,0,0,-0.0040071217*J2^5+0,0.0031594772*J2^5+0,0,0,0,0,0,0,0,0,0,0,0,0,0,0,0,0,0,0,0,0,0,0,0,0,0,0,0,0,0,0,0,0,0,0,0,0,0,0,0,0,0,0,0,0,0,0,0,0,0,0,0,0,0,0,0,0,0,0,0,0,0,0,0,0,0,0,0,0,0,0,0,0,0,0,0,0,0,0,0,0,0,0,0,0,0,0,0,0},
{0,0,0,0,0,0,0,0,0,0,0,0,0,0,0.0023135128*J2^5+0,-0.0018241250*J2^5+0,0,0,0,0,0,0,-0.0032718012*J2^5+0,0.0025797024*J2^5+0,0,0,0,0,0,0,0,0,0,0,0,0,0,0,0,0,0,0,0,0,0,0,0,0,0,0,0,0,0,0,0,0,0,0,0,0,0,0,0,0,0,0,0,0,0,0,0,0,0,0,0,0,0,0,0,0,0,0,0,0,0,0,0,0,0,0,0,0,0,0,0,0},
{0,0,0,0,0.0025802533*J2^5+0,-0.0004536193*J2^5+0,0,0,0,0,0,0,0,0,0,0,0,0,0,0,0,0,0,0,0,0,0,0,0,0,0,0,0,0,0,0,0,0,0,0,0,0,0,0,0,0,0,0,0,0,0,0,0,0,0,0,0,0,0,0,0,0,0,0,0,0,0,0,0,0,0,0,0,0,0,0,0,0,0,0,0,0,0,0,0,0,0,0,0,0,0,0,0,0,0,0},
{0,0,0,0,0,0,0,0,0,0,0,0,-0.0014897099*J2^5+0,0.0002618972*J2^5+0,0,0,0,0,0,0,0.0021067680*J2^5+0,-0.0003703786*J2^5+0,0,0,0,0,0,0,0,0,0,0,0,0,0,0,0,0,0,0,0,0,0,0,0,0,0,0,0,0,0,0,0,0,0,0,0,0,0,0,0,0,0,0,0,0,0,0,0,0,0,0,0,0,0,0,0,0,0,0,0,0,0,0,0,0,0,0,0,0,0,0,0,0,0,0},
{0,0,0,0,0.0022338867*J2^5+0,-0.0018879223*J2^5+0,0,0,0,0,0,0,0,0,0,0,0,0,0,0,0,0,0,0,0,0,0,0,0,0,0,0,0,0,0,0,0,0,0,0,0,0,0,0,0,0,0,0,0,0,0,0,0,0,0,0,0,0,0,0,0,0,0,0,0,0,0,0,0,0,0,0,0,0,0,0,0,0,0,0,0,0,0,0,0,0,0,0,0,0,0,0,0,0,0,0},
{0,0,0,0,0,0,0,0,0,0,0,0,-0.0012897351*J2^5+0,0.0010899924*J2^5+0,0,0,0,0,0,0,0.0018239609*J2^5+0,-0.0015414821*J2^5+0,0,0,0,0,0,0,0,0,0,0,0,0,0,0,0,0,0,0,0,0,0,0,0,0,0,0,0,0,0,0,0,0,0,0,0,0,0,0,0,0,0,0,0,0,0,0,0,0,0,0,0,0,0,0,0,0,0,0,0,0,0,0,0,0,0,0,0,0,0,0,0,0,0,0},
{0,0,0,0,0,0,0.0025802533*J2^5+0,-0.0004536193*J2^5+0,0,0,0,0,0,0,0,0,0,0,0,0,0,0,0,0,0,0,0,0,0,0,0,0,0,0,0,0,0,0,0,0,0,0,0,0,0,0,0,0,0,0,0,0,0,0,0,0,0,0,0,0,0,0,0,0,0,0,0,0,0,0,0,0,0,0,0,0,0,0,0,0,0,0,0,0,0,0,0,0,0,0,0,0,0,0,0,0},
{0,0,0,0,0,0,0,0,0,0,0,0,0,0,-0.0014897099*J2^5+0,0.0002618972*J2^5+0,0,0,0,0,0,0,0.0021067680*J2^5+0,-0.0003703786*J2^5+0,0,0,0,0,0,0,0,0,0,0,0,0,0,0,0,0,0,0,0,0,0,0,0,0,0,0,0,0,0,0,0,0,0,0,0,0,0,0,0,0,0,0,0,0,0,0,0,0,0,0,0,0,0,0,0,0,0,0,0,0,0,0,0,0,0,0,0,0,0,0,0,0},
{0,0,0,0,0,0,0.0022338867*J2^5+0,-0.0018879223*J2^5+0,0,0,0,0,0,0,0,0,0,0,0,0,0,0,0,0,0,0,0,0,0,0,0,0,0,0,0,0,0,0,0,0,0,0,0,0,0,0,0,0,0,0,0,0,0,0,0,0,0,0,0,0,0,0,0,0,0,0,0,0,0,0,0,0,0,0,0,0,0,0,0,0,0,0,0,0,0,0,0,0,0,0,0,0,0,0,0,0},
{0,0,0,0,0,0,0,0,0,0,0,0,0,0,-0.0012897351*J2^5+0,0.0010899924*J2^5+0,0,0,0,0,0,0,0.0018239609*J2^5+0,-0.0015414821*J2^5+0,0,0,0,0,0,0,0,0,0,0,0,0,0,0,0,0,0,0,0,0,0,0,0,0,0,0,0,0,0,0,0,0,0,0,0,0,0,0,0,0,0,0,0,0,0,0,0,0,0,0,0,0,0,0,0,0,0,0,0,0,0,0,0,0,0,0,0,0,0,0,0,0},
{-0.0044691298*J2^5+0,0.0007856917*J2^5+0,0,0,0,0,0,0,0,0,0,0,0,0,0,0,0,0,0,0,0,0,0,0,0,0,0,0,0,0,0,0,0,0,0,0,0,0,0,0,0,0,0,0,0,0,0,0,0,0,0,0,0,0,0,0,0,0,0,0,0,0,0,0,0,0,0,0,0,0,0,0,0,0,0,0,0,0,0,0,0,0,0,0,0,0,0,0,0,0,0,0,0,0,0,0},
{0,0,0,0,0,0,0,0,0.0025802533*J2^5+0,-0.0004536193*J2^5+0,0,0,0,0,0,0,-0.0036490292*J2^5+0,0.0006415146*J2^5+0,0,0,0,0,0,0,0,0,0,0,0,0,0,0,0,0,0,0,0,0,0,0,0,0,0,0,0,0,0,0,0,0,0,0,0,0,0,0,0,0,0,0,0,0,0,0,0,0,0,0,0,0,0,0,0,0,0,0,0,0,0,0,0,0,0,0,0,0,0,0,0,0,0,0,0,0,0,0},
{-0.0038692053*J2^5+0,0.0032699773*J2^5+0,0,0,0,0,0,0,0,0,0,0,0,0,0,0,0,0,0,0,0,0,0,0,0,0,0,0,0,0,0,0,0,0,0,0,0,0,0,0,0,0,0,0,0,0,0,0,0,0,0,0,0,0,0,0,0,0,0,0,0,0,0,0,0,0,0,0,0,0,0,0,0,0,0,0,0,0,0,0,0,0,0,0,0,0,0,0,0,0,0,0,0,0,0,0},
{0,0,0,0,0,0,0,0,0.0022338867*J2^5+0,-0.0018879223*J2^5+0,0,0,0,0,0,0,-0.0031591929*J2^5+0,0.0026699253*J2^5+0,0,0,0,0,0,0,0,0,0,0,0,0,0,0,0,0,0,0,0,0,0,0,0,0,0,0,0,0,0,0,0,0,0,0,0,0,0,0,0,0,0,0,0,0,0,0,0,0,0,0,0,0,0,0,0,0,0,0,0,0,0,0,0,0,0,0,0,0,0,0,0,0,0,0,0,0,0,0},
{0,0,-0.0044691298*J2^5+0,0.0007856917*J2^5+0,0,0,0,0,0,0,0,0,0,0,0,0,0,0,0,0,0,0,0,0,0,0,0,0,0,0,0,0,0,0,0,0,0,0,0,0,0,0,0,0,0,0,0,0,0,0,0,0,0,0,0,0,0,0,0,0,0,0,0,0,0,0,0,0,0,0,0,0,0,0,0,0,0,0,0,0,0,0,0,0,0,0,0,0,0,0,0,0,0,0,0,0},
{0,0,0,0,0,0,0,0,0,0,0.0025802533*J2^5+0,-0.0004536193*J2^5+0,0,0,0,0,0,0,-0.0036490292*J2^5+0,0.0006415146*J2^5+0,0,0,0,0,0,0,0,0,0,0,0,0,0,0,0,0,0,0,0,0,0,0,0,0,0,0,0,0,0,0,0,0,0,0,0,0,0,0,0,0,0,0,0,0,0,0,0,0,0,0,0,0,0,0,0,0,0,0,0,0,0,0,0,0,0,0,0,0,0,0,0,0,0,0,0,0},
{0,0,-0.0038692053*J2^5+0,0.0032699773*J2^5+0,0,0,0,0,0,0,0,0,0,0,0,0,0,0,0,0,0,0,0,0,0,0,0,0,0,0,0,0,0,0,0,0,0,0,0,0,0,0,0,0,0,0,0,0,0,0,0,0,0,0,0,0,0,0,0,0,0,0,0,0,0,0,0,0,0,0,0,0,0,0,0,0,0,0,0,0,0,0,0,0,0,0,0,0,0,0,0,0,0,0,0,0},
{0,0,0,0,0,0,0,0,0,0,0.0022338867*J2^5+0,-0.0018879223*J2^5+0,0,0,0,0,0,0,-0.0031591929*J2^5+0,0.0026699253*J2^5+0,0,0,0,0,0,0,0,0,0,0,0,0,0,0,0,0,0,0,0,0,0,0,0,0,0,0,0,0,0,0,0,0,0,0,0,0,0,0,0,0,0,0,0,0,0,0,0,0,0,0,0,0,0,0,0,0,0,0,0,0,0,0,0,0,0,0,0,0,0,0,0,0,0,0,0,0},
{0,0,0,0,-0.0036490292*J2^5+0,0.0006415146*J2^5+0,0,0,0,0,0,0,0,0,0,0,0,0,0,0,0,0,0,0,0,0,0,0,0,0,0,0,0,0,0,0,0,0,0,0,0,0,0,0,0,0,0,0,0,0,0,0,0,0,0,0,0,0,0,0,0,0,0,0,0,0,0,0,0,0,0,0,0,0,0,0,0,0,0,0,0,0,0,0,0,0,0,0,0,0,0,0,0,0,0,0},
{0,0,0,0,0,0,0,0,0,0,0,0,0.0021067680*J2^5+0,-0.0003703786*J2^5+0,0,0,0,0,0,0,-0.0029794198*J2^5+0,0.0005237945*J2^5+0,0,0,0,0,0,0,0,0,0,0,0,0,0,0,0,0,0,0,0,0,0,0,0,0,0,0,0,0,0,0,0,0,0,0,0,0,0,0,0,0,0,0,0,0,0,0,0,0,0,0,0,0,0,0,0,0,0,0,0,0,0,0,0,0,0,0,0,0,0,0,0,0,0,0},
{0,0,0,0,-0.0031591929*J2^5+0,0.0026699253*J2^5+0,0,0,0,0,0,0,0,0,0,0,0,0,0,0,0,0,0,0,0,0,0,0,0,0,0,0,0,0,0,0,0,0,0,0,0,0,0,0,0,0,0,0,0,0,0,0,0,0,0,0,0,0,0,0,0,0,0,0,0,0,0,0,0,0,0,0,0,0,0,0,0,0,0,0,0,0,0,0,0,0,0,0,0,0,0,0,0,0,0,0},
{0,0,0,0,0,0,0,0,0,0,0,0,0.0018239609*J2^5+0,-0.0015414821*J2^5+0,0,0,0,0,0,0,-0.0025794702*J2^5+0,0.0021799849*J2^5+0,0,0,0,0,0,0,0,0,0,0,0,0,0,0,0,0,0,0,0,0,0,0,0,0,0,0,0,0,0,0,0,0,0,0,0,0,0,0,0,0,0,0,0,0,0,0,0,0,0,0,0,0,0,0,0,0,0,0,0,0,0,0,0,0,0,0,0,0,0,0,0,0,0,0},
{0,0,0,0,0,0,-0.0036490292*J2^5+0,0.0006415146*J2^5+0,0,0,0,0,0,0,0,0,0,0,0,0,0,0,0,0,0,0,0,0,0,0,0,0,0,0,0,0,0,0,0,0,0,0,0,0,0,0,0,0,0,0,0,0,0,0,0,0,0,0,0,0,0,0,0,0,0,0,0,0,0,0,0,0,0,0,0,0,0,0,0,0,0,0,0,0,0,0,0,0,0,0,0,0,0,0,0,0},
{0,0,0,0,0,0,0,0,0,0,0,0,0,0,0.0021067680*J2^5+0,-0.0003703786*J2^5+0,0,0,0,0,0,0,-0.0029794198*J2^5+0,0.0005237945*J2^5+0,0,0,0,0,0,0,0,0,0,0,0,0,0,0,0,0,0,0,0,0,0,0,0,0,0,0,0,0,0,0,0,0,0,0,0,0,0,0,0,0,0,0,0,0,0,0,0,0,0,0,0,0,0,0,0,0,0,0,0,0,0,0,0,0,0,0,0,0,0,0,0,0},
{0,0,0,0,0,0,-0.0031591929*J2^5+0,0.0026699253*J2^5+0,0,0,0,0,0,0,0,0,0,0,0,0,0,0,0,0,0,0,0,0,0,0,0,0,0,0,0,0,0,0,0,0,0,0,0,0,0,0,0,0,0,0,0,0,0,0,0,0,0,0,0,0,0,0,0,0,0,0,0,0,0,0,0,0,0,0,0,0,0,0,0,0,0,0,0,0,0,0,0,0,0,0,0,0,0,0,0,0},
{0,0,0,0,0,0,0,0,0,0,0,0,0,0,0.0018239609*J2^5+0,-0.0015414821*J2^5+0,0,0,0,0,0,0,-0.0025794702*J2^5+0,0.0021799849*J2^5+0,0,0,0,0,0,0,0,0,0,0,0,0,0,0,0,0,0,0,0,0,0,0,0,0,0,0,0,0,0,0,0,0,0,0,0,0,0,0,0,0,0,0,0,0,0,0,0,0,0,0,0,0,0,0,0,0,0,0,0,0,0,0,0,0,0,0,0,0,0,0,0,0}
}