96
{{0,0,0,0,0,0,0,0,0,0,0,0,0,0,0,0,0,0,0,0,0,0,0,0,0,0,0,0,0,0,0,0,0,0,0,0,0,0,0,0,0,0,0,0,0,0,0,0,-0.0089942712*J1^1*J2^4+0.0046723291*J2^5+0,-0.0057076484*J1^1*J2^4+0.0082029229*J2^5+0,0,0,0,0,0,0,0.0046723291*J1^1*J2^4+-0.0089942712*J2^5+0,0.0082029229*J1^1*J2^4+-0.0057076484*J2^5+0,0,0,0,0,0,0,0,0,0,0,0,0,0,0,0,0,0,0,0,0,0,0,0,0,0,0,0,0,0,0,0,0,0,0,0,0,0,0},
{0,0,0,0,0,0,0,0,0,0,0,0,0,0,0,0,0,0,0,0,0,0,0,0,0,0,0,0,0,0,0,0,0,0,0,0,0,0,0,0,0,0,0,0,0,0,0,0,0,0,-0.0089942712*J1^1*J2^4+0.0046723291*J2^5+0,-0.0057076484*J1^1*J2^4+0.0082029229*J2^5+0,0,0,0,0,0,0,0.0046723291*J1^1*J2^4+-0.0089942712*J2^5+0,0.0082029229*J1^1*J2^4+-0.0057076484*J2^5+0,0,0,0,0,0,0,0,0,0,0,0,0,0,0,0,0,0,0,0,0,0,0,0,0,0,0,0,0,0,0,0,0,0,0,0,0},
{0,0,0,0,0,0,0,0,0,0,0,0,0,0,0,0,0,0,0,0,0,0,0,0,0,0,0,0,0,0,0,0,0,0,0,0,0,0,0,0,0,0,0,0,0,0,0,0,-0.0026975705*J1^1*J2^4+0.0051928449*J2^5+0,-0.0047359597*J1^1*J2^4+0.0032953124*J2^5+0,0,0,0,0,0,0,0.0051928449*J1^1*J2^4+-0.0026975705*J2^5+0,0.0032953124*J1^1*J2^4+-0.0047359597*J2^5+0,0,0,0,0,0,0,0.0111587325*J1^1*J2^4+-0.0111587325*J2^5+0,0.0113579339*J1^1*J2^4+-0.0113579339*J2^5+0,0,0,0,0,0,0,0,0,0,0,0,0,0,0,0,0,0,0,0,0,0,0,0,0,0,0,0,0,0,0},
{0,0,0,0,0,0,0,0,0,0,0,0,0,0,0,0,0,0,0,0,0,0,0,0,0,0,0,0,0,0,0,0,0,0,0,0,0,0,0,0,0,0,0,0,0,0,0,0,0,0,-0.0026975705*J1^1*J2^4+0.0051928449*J2^5+0,-0.0047359597*J1^1*J2^4+0.0032953124*J2^5+0,0,0,0,0,0,0,0.0051928449*J1^1*J2^4+-0.0026975705*J2^5+0,0.0032953124*J1^1*J2^4+-0.0047359597*J2^5+0,0,0,0,0,0,0,0.0111587325*J1^1*J2^4+-0.0111587325*J2^5+0,0.0113579339*J1^1*J2^4+-0.0113579339*J2^5+0,0,0,0,0,0,0,0,0,0,0,0,0,0,0,0,0,0,0,0,0,0,0,0,0,0,0,0,0},
{0,0,0,0,0,0,0,0,0,0,0,0,0,0,0,0,0,0,0,0,0,0,0,0,0,0,0,0,0,0,0,0,0,0,0,0,0,0,0,0,0,0,0,0,0,0,0,0,0,0,0,0,-0.0089942712*J1^1*J2^4+0.0046723291*J2^5+0,-0.0057076484*J1^1*J2^4+0.0082029229*J2^5+0,0,0,0,0,0,0,0.0046723291*J1^1*J2^4+-0.0089942712*J2^5+0,0.0082029229*J1^1*J2^4+-0.0057076484*J2^5+0,0,0,0,0,0,0,0,0,0,0,0,0,0,0,0,0,0,0,0,0,0,0,0,0,0,0,0,0,0,0,0,0,0,0},
{0,0,0,0,0,0,0,0,0,0,0,0,0,0,0,0,0,0,0,0,0,0,0,0,0,0,0,0,0,0,0,0,0,0,0,0,0,0,0,0,0,0,0,0,0,0,0,0,0,0,0,0,0,0,-0.0089942712*J1^1*J2^4+0.0046723291*J2^5+0,-0.0057076484*J1^1*J2^4+0.0082029229*J2^5+0,0,0,0,0,0,0,0.0046723291*J1^1*J2^4+-0.0089942712*J2^5+0,0.0082029229*J1^1*J2^4+-0.0057076484*J2^5+0,0,0,0,0,0,0,0,0,0,0,0,0,0,0,0,0,0,0,0,0,0,0,0,0,0,0,0,0,0,0,0,0},
{0,0,0,0,0,0,0,0,0,0,0,0,0,0,0,0,0,0,0,0,0,0,0,0,0,0,0,0,0,0,0,0,0,0,0,0,0,0,0,0,0,0,0,0,0,0,0,0,0,0,0,0,-0.0026975705*J1^1*J2^4+0.0051928449*J2^5+0,-0.0047359597*J1^1*J2^4+0.0032953124*J2^5+0,0,0,0,0,0,0,0.0051928449*J1^1*J2^4+-0.0026975705*J2^5+0,0.0032953124*J1^1*J2^4+-0.0047359597*J2^5+0,0,0,0,0,0,0,0.0111587325*J1^1*J2^4+-0.0111587325*J2^5+0,0.0113579339*J1^1*J2^4+-0.0113579339*J2^5+0,0,0,0,0,0,0,0,0,0,0,0,0,0,0,0,0,0,0,0,0,0,0,0,0,0,0},
{0,0,0,0,0,0,0,0,0,0,0,0,0,0,0,0,0,0,0,0,0,0,0,0,0,0,0,0,0,0,0,0,0,0,0,0,0,0,0,0,0,0,0,0,0,0,0,0,0,0,0,0,0,0,-0.0026975705*J1^1*J2^4+0.0051928449*J2^5+0,-0.0047359597*J1^1*J2^4+0.0032953124*J2^5+0,0,0,0,0,0,0,0.0051928449*J1^1*J2^4+-0.0026975705*J2^5+0,0.0032953124*J1^1*J2^4+-0.0047359597*J2^5+0,0,0,0,0,0,0,0.0111587325*J1^1*J2^4+-0.0111587325*J2^5+0,0.0113579339*J1^1*J2^4+-0.0113579339*J2^5+0,0,0,0,0,0,0,0,0,0,0,0,0,0,0,0,0,0,0,0,0,0,0,0,0},
{0,0,0,0,0,0,0,0,0,0,0,0,0,0,0,0,0,0,0,0,0,0,0,0,0,0,0,0,0,0,0,0,0,0,0,0,0,0,0,0,0,0,0,0,0,0,0,0,0.0046723291*J1^1*J2^4+-0.0089942712*J2^5+0,0.0082029229*J1^1*J2^4+-0.0057076484*J2^5+0,0,0,0,0,0,0,-0.0089942712*J1^1*J2^4+0.0046723291*J2^5+0,-0.0057076484*J1^1*J2^4+0.0082029229*J2^5+0,0,0,0,0,0,0,0,0,0,0,0,0,0,0,0,0,0,0,0,0,0,0,0,0,0,0,0,0,0,0,0,0,0,0,0,0,0,0},
{0,0,0,0,0,0,0,0,0,0,0,0,0,0,0,0,0,0,0,0,0,0,0,0,0,0,0,0,0,0,0,0,0,0,0,0,0,0,0,0,0,0,0,0,0,0,0,0,0,0,0.0046723291*J1^1*J2^4+-0.0089942712*J2^5+0,0.0082029229*J1^1*J2^4+-0.0057076484*J2^5+0,0,0,0,0,0,0,-0.0089942712*J1^1*J2^4+0.0046723291*J2^5+0,-0.0057076484*J1^1*J2^4+0.0082029229*J2^5+0,0,0,0,0,0,0,0,0,0,0,0,0,0,0,0,0,0,0,0,0,0,0,0,0,0,0,0,0,0,0,0,0,0,0,0,0},
{0,0,0,0,0,0,0,0,0,0,0,0,0,0,0,0,0,0,0,0,0,0,0,0,0,0,0,0,0,0,0,0,0,0,0,0,0,0,0,0,0,0,0,0,0,0,0,0,0.0051928449*J1^1*J2^4+-0.0026975705*J2^5+0,0.0032953124*J1^1*J2^4+-0.0047359597*J2^5+0,0,0,0,0,0,0,-0.0026975705*J1^1*J2^4+0.0051928449*J2^5+0,-0.0047359597*J1^1*J2^4+0.0032953124*J2^5+0,0,0,0,0,0,0,-0.0111587325*J1^1*J2^4+0.0111587325*J2^5+0,-0.0113579339*J1^1*J2^4+0.0113579339*J2^5+0,0,0,0,0,0,0,0,0,0,0,0,0,0,0,0,0,0,0,0,0,0,0,0,0,0,0,0,0,0,0},
{0,0,0,0,0,0,0,0,0,0,0,0,0,0,0,0,0,0,0,0,0,0,0,0,0,0,0,0,0,0,0,0,0,0,0,0,0,0,0,0,0,0,0,0,0,0,0,0,0,0,0.0051928449*J1^1*J2^4+-0.0026975705*J2^5+0,0.0032953124*J1^1*J2^4+-0.0047359597*J2^5+0,0,0,0,0,0,0,-0.0026975705*J1^1*J2^4+0.0051928449*J2^5+0,-0.0047359597*J1^1*J2^4+0.0032953124*J2^5+0,0,0,0,0,0,0,-0.0111587325*J1^1*J2^4+0.0111587325*J2^5+0,-0.0113579339*J1^1*J2^4+0.0113579339*J2^5+0,0,0,0,0,0,0,0,0,0,0,0,0,0,0,0,0,0,0,0,0,0,0,0,0,0,0,0,0},
{0,0,0,0,0,0,0,0,0,0,0,0,0,0,0,0,0,0,0,0,0,0,0,0,0,0,0,0,0,0,0,0,0,0,0,0,0,0,0,0,0,0,0,0,0,0,0,0,0,0,0,0,0.0046723291*J1^1*J2^4+-0.0089942712*J2^5+0,0.0082029229*J1^1*J2^4+-0.0057076484*J2^5+0,0,0,0,0,0,0,-0.0089942712*J1^1*J2^4+0.0046723291*J2^5+0,-0.0057076484*J1^1*J2^4+0.0082029229*J2^5+0,0,0,0,0,0,0,0,0,0,0,0,0,0,0,0,0,0,0,0,0,0,0,0,0,0,0,0,0,0,0,0,0,0,0},
{0,0,0,0,0,0,0,0,0,0,0,0,0,0,0,0,0,0,0,0,0,0,0,0,0,0,0,0,0,0,0,0,0,0,0,0,0,0,0,0,0,0,0,0,0,0,0,0,0,0,0,0,0,0,0.0046723291*J1^1*J2^4+-0.0089942712*J2^5+0,0.0082029229*J1^1*J2^4+-0.0057076484*J2^5+0,0,0,0,0,0,0,-0.0089942712*J1^1*J2^4+0.0046723291*J2^5+0,-0.0057076484*J1^1*J2^4+0.0082029229*J2^5+0,0,0,0,0,0,0,0,0,0,0,0,0,0,0,0,0,0,0,0,0,0,0,0,0,0,0,0,0,0,0,0,0},
{0,0,0,0,0,0,0,0,0,0,0,0,0,0,0,0,0,0,0,0,0,0,0,0,0,0,0,0,0,0,0,0,0,0,0,0,0,0,0,0,0,0,0,0,0,0,0,0,0,0,0,0,0.0051928449*J1^1*J2^4+-0.0026975705*J2^5+0,0.0032953124*J1^1*J2^4+-0.0047359597*J2^5+0,0,0,0,0,0,0,-0.0026975705*J1^1*J2^4+0.0051928449*J2^5+0,-0.0047359597*J1^1*J2^4+0.0032953124*J2^5+0,0,0,0,0,0,0,-0.0111587325*J1^1*J2^4+0.0111587325*J2^5+0,-0.0113579339*J1^1*J2^4+0.0113579339*J2^5+0,0,0,0,0,0,0,0,0,0,0,0,0,0,0,0,0,0,0,0,0,0,0,0,0,0,0},
{0,0,0,0,0,0,0,0,0,0,0,0,0,0,0,0,0,0,0,0,0,0,0,0,0,0,0,0,0,0,0,0,0,0,0,0,0,0,0,0,0,0,0,0,0,0,0,0,0,0,0,0,0,0,0.0051928449*J1^1*J2^4+-0.0026975705*J2^5+0,0.0032953124*J1^1*J2^4+-0.0047359597*J2^5+0,0,0,0,0,0,0,-0.0026975705*J1^1*J2^4+0.0051928449*J2^5+0,-0.0047359597*J1^1*J2^4+0.0032953124*J2^5+0,0,0,0,0,0,0,-0.0111587325*J1^1*J2^4+0.0111587325*J2^5+0,-0.0113579339*J1^1*J2^4+0.0113579339*J2^5+0,0,0,0,0,0,0,0,0,0,0,0,0,0,0,0,0,0,0,0,0,0,0,0,0},
{0,0,0,0,0,0,0,0,0,0,0,0,0,0,0,0,0,0,0,0,0,0,0,0,0,0,0,0,0,0,0,0,0,0,0,0,0,0,0,0,0,0,0,0,0,0,0,0,-0.0036865776*J1^1*J2^4+0.0036865776*J2^5+0,-0.0132871790*J1^1*J2^4+0.0132871790*J2^5+0,0,0,0,0,0,0,0.0036865776*J1^1*J2^4+-0.0036865776*J2^5+0,0.0132871790*J1^1*J2^4+-0.0132871790*J2^5+0,0,0,0,0,0,0,0,0,0,0,0,0,0,0,0,0,0,0,0,0,0,0,0,0,0,0,0,0,0,0,0,0,0,0,0,0,0,0},
{0,0,0,0,0,0,0,0,0,0,0,0,0,0,0,0,0,0,0,0,0,0,0,0,0,0,0,0,0,0,0,0,0,0,0,0,0,0,0,0,0,0,0,0,0,0,0,0,0,0,-0.0036865776*J1^1*J2^4+0.0036865776*J2^5+0,-0.0132871790*J1^1*J2^4+0.0132871790*J2^5+0,0,0,0,0,0,0,0.0036865776*J1^1*J2^4+-0.0036865776*J2^5+0,0.0132871790*J1^1*J2^4+-0.0132871790*J2^5+0,0,0,0,0,0,0,0,0,0,0,0,0,0,0,0,0,0,0,0,0,0,0,0,0,0,0,0,0,0,0,0,0,0,0,0,0},
{0,0,0,0,0,0,0,0,0,0,0,0,0,0,0,0,0,0,0,0,0,0,0,0,0,0,0,0,0,0,0,0,0,0,0,0,0,0,0,0,0,0,0,0,0,0,0,0,-0.0021284465*J1^1*J2^4+0.0021284465*J2^5+0,-0.0076713564*J1^1*J2^4+0.0076713564*J2^5+0,0,0,0,0,0,0,0.0021284465*J1^1*J2^4+-0.0021284465*J2^5+0,0.0076713564*J1^1*J2^4+-0.0076713564*J2^5+0,0,0,0,0,0,0,0.0060201559*J1^1*J2^4+-0.0060201559*J2^5+0,0.0216978725*J1^1*J2^4+-0.0216978725*J2^5+0,0,0,0,0,0,0,0,0,0,0,0,0,0,0,0,0,0,0,0,0,0,0,0,0,0,0,0,0,0,0},
{0,0,0,0,0,0,0,0,0,0,0,0,0,0,0,0,0,0,0,0,0,0,0,0,0,0,0,0,0,0,0,0,0,0,0,0,0,0,0,0,0,0,0,0,0,0,0,0,0,0,-0.0021284465*J1^1*J2^4+0.0021284465*J2^5+0,-0.0076713564*J1^1*J2^4+0.0076713564*J2^5+0,0,0,0,0,0,0,0.0021284465*J1^1*J2^4+-0.0021284465*J2^5+0,0.0076713564*J1^1*J2^4+-0.0076713564*J2^5+0,0,0,0,0,0,0,0.0060201559*J1^1*J2^4+-0.0060201559*J2^5+0,0.0216978725*J1^1*J2^4+-0.0216978725*J2^5+0,0,0,0,0,0,0,0,0,0,0,0,0,0,0,0,0,0,0,0,0,0,0,0,0,0,0,0,0},
{0,0,0,0,0,0,0,0,0,0,0,0,0,0,0,0,0,0,0,0,0,0,0,0,0,0,0,0,0,0,0,0,0,0,0,0,0,0,0,0,0,0,0,0,0,0,0,0,0,0,0,0,-0.0036865776*J1^1*J2^4+0.0036865776*J2^5+0,-0.0132871790*J1^1*J2^4+0.0132871790*J2^5+0,0,0,0,0,0,0,0.0036865776*J1^1*J2^4+-0.0036865776*J2^5+0,0.0132871790*J1^1*J2^4+-0.0132871790*J2^5+0,0,0,0,0,0,0,0,0,0,0,0,0,0,0,0,0,0,0,0,0,0,0,0,0,0,0,0,0,0,0,0,0,0,0},
{0,0,0,0,0,0,0,0,0,0,0,0,0,0,0,0,0,0,0,0,0,0,0,0,0,0,0,0,0,0,0,0,0,0,0,0,0,0,0,0,0,0,0,0,0,0,0,0,0,0,0,0,0,0,-0.0036865776*J1^1*J2^4+0.0036865776*J2^5+0,-0.0132871790*J1^1*J2^4+0.0132871790*J2^5+0,0,0,0,0,0,0,0.0036865776*J1^1*J2^4+-0.0036865776*J2^5+0,0.0132871790*J1^1*J2^4+-0.0132871790*J2^5+0,0,0,0,0,0,0,0,0,0,0,0,0,0,0,0,0,0,0,0,0,0,0,0,0,0,0,0,0,0,0,0,0},
{0,0,0,0,0,0,0,0,0,0,0,0,0,0,0,0,0,0,0,0,0,0,0,0,0,0,0,0,0,0,0,0,0,0,0,0,0,0,0,0,0,0,0,0,0,0,0,0,0,0,0,0,-0.0021284465*J1^1*J2^4+0.0021284465*J2^5+0,-0.0076713564*J1^1*J2^4+0.0076713564*J2^5+0,0,0,0,0,0,0,0.0021284465*J1^1*J2^4+-0.0021284465*J2^5+0,0.0076713564*J1^1*J2^4+-0.0076713564*J2^5+0,0,0,0,0,0,0,0.0060201559*J1^1*J2^4+-0.0060201559*J2^5+0,0.0216978725*J1^1*J2^4+-0.0216978725*J2^5+0,0,0,0,0,0,0,0,0,0,0,0,0,0,0,0,0,0,0,0,0,0,0,0,0,0,0},
{0,0,0,0,0,0,0,0,0,0,0,0,0,0,0,0,0,0,0,0,0,0,0,0,0,0,0,0,0,0,0,0,0,0,0,0,0,0,0,0,0,0,0,0,0,0,0,0,0,0,0,0,0,0,-0.0021284465*J1^1*J2^4+0.0021284465*J2^5+0,-0.0076713564*J1^1*J2^4+0.0076713564*J2^5+0,0,0,0,0,0,0,0.0021284465*J1^1*J2^4+-0.0021284465*J2^5+0,0.0076713564*J1^1*J2^4+-0.0076713564*J2^5+0,0,0,0,0,0,0,0.0060201559*J1^1*J2^4+-0.0060201559*J2^5+0,0.0216978725*J1^1*J2^4+-0.0216978725*J2^5+0,0,0,0,0,0,0,0,0,0,0,0,0,0,0,0,0,0,0,0,0,0,0,0,0},
{0,0,0,0,0,0,0,0,0,0,0,0,0,0,0,0,0,0,0,0,0,0,0,0,0,0,0,0,0,0,0,0,0,0,0,0,0,0,0,0,0,0,0,0,0,0,0,0,-0.0066528320*J1^1*J2^4+0.0042980053*J2^5+0,-0.0042873708*J1^1*J2^4+0.0067432446*J2^5+0,0,0,0,0,0,0,0.0042980053*J1^1*J2^4+-0.0066528320*J2^5+0,0.0067432446*J1^1*J2^4+-0.0042873708*J2^5+0,0,0,0,0,0,0,0,0,0,0,0,0,0,0,0,0,0,0,0,0,0,0,0,0,0,0,0,0,0,0,0,0,0,0,0,0,0,0},
{0,0,0,0,0,0,0,0,0,0,0,0,0,0,0,0,0,0,0,0,0,0,0,0,0,0,0,0,0,0,0,0,0,0,0,0,0,0,0,0,0,0,0,0,0,0,0,0,-0.0042873708*J1^1*J2^4+0.0067432446*J2^5+0,-0.0116034614*J1^1*J2^4+0.0120844335*J2^5+0,0,0,0,0,0,0,0.0067432446*J1^1*J2^4+-0.0042873708*J2^5+0,0.0120844335*J1^1*J2^4+-0.0116034614*J2^5+0,0,0,0,0,0,0,0,0,0,0,0,0,0,0,0,0,0,0,0,0,0,0,0,0,0,0,0,0,0,0,0,0,0,0,0,0,0,0},
{0,0,0,0,0,0,0,0,0,0,0,0,0,0,0,0,0,0,0,0,0,0,0,0,0,0,0,0,0,0,0,0,0,0,0,0,0,0,0,0,0,0,0,0,0,0,0,0,-0.0024814545*J1^1*J2^4+0.0038410144*J2^5+0,-0.0038932141*J1^1*J2^4+0.0024753147*J2^5+0,0,0,0,0,0,0,0.0038410144*J1^1*J2^4+-0.0024814545*J2^5+0,0.0024753147*J1^1*J2^4+-0.0038932141*J2^5+0,0,0,0,0,0,0,0.0089413212*J1^1*J2^4+-0.0089413212*J2^5+0,0.0090064598*J1^1*J2^4+-0.0090064598*J2^5+0,0,0,0,0,0,0,0,0,0,0,0,0,0,0,0,0,0,0,0,0,0,0,0,0,0,0,0,0,0,0},
{0,0,0,0,0,0,0,0,0,0,0,0,0,0,0,0,0,0,0,0,0,0,0,0,0,0,0,0,0,0,0,0,0,0,0,0,0,0,0,0,0,0,0,0,0,0,0,0,-0.0038932141*J1^1*J2^4+0.0024753147*J2^5+0,-0.0069769509*J1^1*J2^4+0.0066992615*J2^5+0,0,0,0,0,0,0,0.0024753147*J1^1*J2^4+-0.0038932141*J2^5+0,0.0066992615*J1^1*J2^4+-0.0069769509*J2^5+0,0,0,0,0,0,0,0.0090064598*J1^1*J2^4+-0.0090064598*J2^5+0,0.0193410852*J1^1*J2^4+-0.0193410852*J2^5+0,0,0,0,0,0,0,0,0,0,0,0,0,0,0,0,0,0,0,0,0,0,0,0,0,0,0,0,0,0,0},
{0,0,0,0,0,0,0,0,0,0,0,0,0,0,0,0,0,0,0,0,0,0,0,0,0,0,0,0,0,0,0,0,0,0,0,0,0,0,0,0,0,0,0,0,0,0,0,0,0,0,0,0,-0.0066528320*J1^1*J2^4+0.0042980053*J2^5+0,-0.0042873708*J1^1*J2^4+0.0067432446*J2^5+0,0,0,0,0,0,0,0.0042980053*J1^1*J2^4+-0.0066528320*J2^5+0,0.0067432446*J1^1*J2^4+-0.0042873708*J2^5+0,0,0,0,0,0,0,0,0,0,0,0,0,0,0,0,0,0,0,0,0,0,0,0,0,0,0,0,0,0,0,0,0,0,0},
{0,0,0,0,0,0,0,0,0,0,0,0,0,0,0,0,0,0,0,0,0,0,0,0,0,0,0,0,0,0,0,0,0,0,0,0,0,0,0,0,0,0,0,0,0,0,0,0,0,0,0,0,-0.0042873708*J1^1*J2^4+0.0067432446*J2^5+0,-0.0116034614*J1^1*J2^4+0.0120844335*J2^5+0,0,0,0,0,0,0,0.0067432446*J1^1*J2^4+-0.0042873708*J2^5+0,0.0120844335*J1^1*J2^4+-0.0116034614*J2^5+0,0,0,0,0,0,0,0,0,0,0,0,0,0,0,0,0,0,0,0,0,0,0,0,0,0,0,0,0,0,0,0,0,0,0},
{0,0,0,0,0,0,0,0,0,0,0,0,0,0,0,0,0,0,0,0,0,0,0,0,0,0,0,0,0,0,0,0,0,0,0,0,0,0,0,0,0,0,0,0,0,0,0,0,0,0,0,0,-0.0024814545*J1^1*J2^4+0.0038410144*J2^5+0,-0.0038932141*J1^1*J2^4+0.0024753147*J2^5+0,0,0,0,0,0,0,0.0038410144*J1^1*J2^4+-0.0024814545*J2^5+0,0.0024753147*J1^1*J2^4+-0.0038932141*J2^5+0,0,0,0,0,0,0,0.0089413212*J1^1*J2^4+-0.0089413212*J2^5+0,0.0090064598*J1^1*J2^4+-0.0090064598*J2^5+0,0,0,0,0,0,0,0,0,0,0,0,0,0,0,0,0,0,0,0,0,0,0,0,0,0,0},
{0,0,0,0,0,0,0,0,0,0,0,0,0,0,0,0,0,0,0,0,0,0,0,0,0,0,0,0,0,0,0,0,0,0,0,0,0,0,0,0,0,0,0,0,0,0,0,0,0,0,0,0,-0.0038932141*J1^1*J2^4+0.0024753147*J2^5+0,-0.0069769509*J1^1*J2^4+0.0066992615*J2^5+0,0,0,0,0,0,0,0.0024753147*J1^1*J2^4+-0.0038932141*J2^5+0,0.0066992615*J1^1*J2^4+-0.0069769509*J2^5+0,0,0,0,0,0,0,0.0090064598*J1^1*J2^4+-0.0090064598*J2^5+0,0.0193410852*J1^1*J2^4+-0.0193410852*J2^5+0,0,0,0,0,0,0,0,0,0,0,0,0,0,0,0,0,0,0,0,0,0,0,0,0,0,0},
{0,0,0,0,0,0,0,0,0,0,0,0,0,0,0,0,0,0,0,0,0,0,0,0,0,0,0,0,0,0,0,0,0,0,0,0,0,0,0,0,0,0,0,0,0,0,0,0,0,0,0.0038410144*J1^1*J2^4+-0.0024814545*J2^5+0,0.0024753147*J1^1*J2^4+-0.0038932141*J2^5+0,0,0,0,0,0,0,-0.0024814545*J1^1*J2^4+0.0038410144*J2^5+0,-0.0038932141*J1^1*J2^4+0.0024753147*J2^5+0,0,0,0,0,0,0,0,0,0,0,0,0,0,0,0,0,0,0,0,0,0,0,0,0,0,0,0,0,0,0,0,0,0,0,0,0},
{0,0,0,0,0,0,0,0,0,0,0,0,0,0,0,0,0,0,0,0,0,0,0,0,0,0,0,0,0,0,0,0,0,0,0,0,0,0,0,0,0,0,0,0,0,0,0,0,0,0,0.0024753147*J1^1*J2^4+-0.0038932141*J2^5+0,0.0066992615*J1^1*J2^4+-0.0069769509*J2^5+0,0,0,0,0,0,0,-0.0038932141*J1^1*J2^4+0.0024753147*J2^5+0,-0.0069769509*J1^1*J2^4+0.0066992615*J2^5+0,0,0,0,0,0,0,0,0,0,0,0,0,0,0,0,0,0,0,0,0,0,0,0,0,0,0,0,0,0,0,0,0,0,0,0,0},
{0,0,0,0,0,0,0,0,0,0,0,0,0,0,0,0,0,0,0,0,0,0,0,0,0,0,0,0,0,0,0,0,0,0,0,0,0,0,0,0,0,0,0,0,0,0,0,0,0,0,0.0014326684*J1^1*J2^4+-0.0022176107*J2^5+0,0.0022477482*J1^1*J2^4+-0.0014291236*J2^5+0,0,0,0,0,0,0,-0.0022176107*J1^1*J2^4+0.0014326684*J2^5+0,-0.0014291236*J1^1*J2^4+0.0022477482*J2^5+0,0,0,0,0,0,0,-0.0051622742*J1^1*J2^4+0.0051622742*J2^5+0,-0.0051998820*J1^1*J2^4+0.0051998820*J2^5+0,0,0,0,0,0,0,0,0,0,0,0,0,0,0,0,0,0,0,0,0,0,0,0,0,0,0,0,0},
{0,0,0,0,0,0,0,0,0,0,0,0,0,0,0,0,0,0,0,0,0,0,0,0,0,0,0,0,0,0,0,0,0,0,0,0,0,0,0,0,0,0,0,0,0,0,0,0,0,0,0.0022477482*J1^1*J2^4+-0.0014291236*J2^5+0,0.0040281445*J1^1*J2^4+-0.0038678205*J2^5+0,0,0,0,0,0,0,-0.0014291236*J1^1*J2^4+0.0022477482*J2^5+0,-0.0038678205*J1^1*J2^4+0.0040281445*J2^5+0,0,0,0,0,0,0,-0.0051998820*J1^1*J2^4+0.0051998820*J2^5+0,-0.0111665807*J1^1*J2^4+0.0111665807*J2^5+0,0,0,0,0,0,0,0,0,0,0,0,0,0,0,0,0,0,0,0,0,0,0,0,0,0,0,0,0},
{0,0,0,0,0,0,0,0,0,0,0,0,0,0,0,0,0,0,0,0,0,0,0,0,0,0,0,0,0,0,0,0,0,0,0,0,0,0,0,0,0,0,0,0,0,0,0,0,0,0,0,0,0,0,0.0038410144*J1^1*J2^4+-0.0024814545*J2^5+0,0.0024753147*J1^1*J2^4+-0.0038932141*J2^5+0,0,0,0,0,0,0,-0.0024814545*J1^1*J2^4+0.0038410144*J2^5+0,-0.0038932141*J1^1*J2^4+0.0024753147*J2^5+0,0,0,0,0,0,0,0,0,0,0,0,0,0,0,0,0,0,0,0,0,0,0,0,0,0,0,0,0,0,0,0,0},
{0,0,0,0,0,0,0,0,0,0,0,0,0,0,0,0,0,0,0,0,0,0,0,0,0,0,0,0,0,0,0,0,0,0,0,0,0,0,0,0,0,0,0,0,0,0,0,0,0,0,0,0,0,0,0.0024753147*J1^1*J2^4+-0.0038932141*J2^5+0,0.0066992615*J1^1*J2^4+-0.0069769509*J2^5+0,0,0,0,0,0,0,-0.0038932141*J1^1*J2^4+0.0024753147*J2^5+0,-0.0069769509*J1^1*J2^4+0.0066992615*J2^5+0,0,0,0,0,0,0,0,0,0,0,0,0,0,0,0,0,0,0,0,0,0,0,0,0,0,0,0,0,0,0,0,0},
{0,0,0,0,0,0,0,0,0,0,0,0,0,0,0,0,0,0,0,0,0,0,0,0,0,0,0,0,0,0,0,0,0,0,0,0,0,0,0,0,0,0,0,0,0,0,0,0,0,0,0,0,0,0,0.0014326684*J1^1*J2^4+-0.0022176107*J2^5+0,0.0022477482*J1^1*J2^4+-0.0014291236*J2^5+0,0,0,0,0,0,0,-0.0022176107*J1^1*J2^4+0.0014326684*J2^5+0,-0.0014291236*J1^1*J2^4+0.0022477482*J2^5+0,0,0,0,0,0,0,-0.0051622742*J1^1*J2^4+0.0051622742*J2^5+0,-0.0051998820*J1^1*J2^4+0.0051998820*J2^5+0,0,0,0,0,0,0,0,0,0,0,0,0,0,0,0,0,0,0,0,0,0,0,0,0},
{0,0,0,0,0,0,0,0,0,0,0,0,0,0,0,0,0,0,0,0,0,0,0,0,0,0,0,0,0,0,0,0,0,0,0,0,0,0,0,0,0,0,0,0,0,0,0,0,0,0,0,0,0,0,0.0022477482*J1^1*J2^4+-0.0014291236*J2^5+0,0.0040281445*J1^1*J2^4+-0.0038678205*J2^5+0,0,0,0,0,0,0,-0.0014291236*J1^1*J2^4+0.0022477482*J2^5+0,-0.0038678205*J1^1*J2^4+0.0040281445*J2^5+0,0,0,0,0,0,0,-0.0051998820*J1^1*J2^4+0.0051998820*J2^5+0,-0.0111665807*J1^1*J2^4+0.0111665807*J2^5+0,0,0,0,0,0,0,0,0,0,0,0,0,0,0,0,0,0,0,0,0,0,0,0,0},
{0,0,0,0,0,0,0,0,0,0,0,0,0,0,0,0,0,0,0,0,0,0,0,0,0,0,0,0,0,0,0,0,0,0,0,0,0,0,0,0,0,0,0,0,0,0,0,0,0,0,0.0054320146*J1^1*J2^4+-0.0035093066*J2^5+0,0.0035006236*J1^1*J2^4+-0.0055058362*J2^5+0,0,0,0,0,0,0,-0.0035093066*J1^1*J2^4+0.0054320146*J2^5+0,-0.0055058362*J1^1*J2^4+0.0035006236*J2^5+0,0,0,0,0,0,0,0,0,0,0,0,0,0,0,0,0,0,0,0,0,0,0,0,0,0,0,0,0,0,0,0,0,0,0,0,0},
{0,0,0,0,0,0,0,0,0,0,0,0,0,0,0,0,0,0,0,0,0,0,0,0,0,0,0,0,0,0,0,0,0,0,0,0,0,0,0,0,0,0,0,0,0,0,0,0,0,0,0.0035006236*J1^1*J2^4+-0.0055058362*J2^5+0,0.0094741865*J1^1*J2^4+-0.0098668986*J2^5+0,0,0,0,0,0,0,-0.0055058362*J1^1*J2^4+0.0035006236*J2^5+0,-0.0098668986*J1^1*J2^4+0.0094741865*J2^5+0,0,0,0,0,0,0,0,0,0,0,0,0,0,0,0,0,0,0,0,0,0,0,0,0,0,0,0,0,0,0,0,0,0,0,0,0},
{0,0,0,0,0,0,0,0,0,0,0,0,0,0,0,0,0,0,0,0,0,0,0,0,0,0,0,0,0,0,0,0,0,0,0,0,0,0,0,0,0,0,0,0,0,0,0,0,0,0,0.0020260991*J1^1*J2^4+-0.0031361751*J2^5+0,0.0031787960*J1^1*J2^4+-0.0020210860*J2^5+0,0,0,0,0,0,0,-0.0031361751*J1^1*J2^4+0.0020260991*J2^5+0,-0.0020210860*J1^1*J2^4+0.0031787960*J2^5+0,0,0,0,0,0,0,-0.0073005582*J1^1*J2^4+0.0073005582*J2^5+0,-0.0073537436*J1^1*J2^4+0.0073537436*J2^5+0,0,0,0,0,0,0,0,0,0,0,0,0,0,0,0,0,0,0,0,0,0,0,0,0,0,0,0,0},
{0,0,0,0,0,0,0,0,0,0,0,0,0,0,0,0,0,0,0,0,0,0,0,0,0,0,0,0,0,0,0,0,0,0,0,0,0,0,0,0,0,0,0,0,0,0,0,0,0,0,0.0031787960*J1^1*J2^4+-0.0020210860*J2^5+0,0.0056966566*J1^1*J2^4+-0.0054699241*J2^5+0,0,0,0,0,0,0,-0.0020210860*J1^1*J2^4+0.0031787960*J2^5+0,-0.0054699241*J1^1*J2^4+0.0056966566*J2^5+0,0,0,0,0,0,0,-0.0073537436*J1^1*J2^4+0.0073537436*J2^5+0,-0.0157919299*J1^1*J2^4+0.0157919299*J2^5+0,0,0,0,0,0,0,0,0,0,0,0,0,0,0,0,0,0,0,0,0,0,0,0,0,0,0,0,0},
{0,0,0,0,0,0,0,0,0,0,0,0,0,0,0,0,0,0,0,0,0,0,0,0,0,0,0,0,0,0,0,0,0,0,0,0,0,0,0,0,0,0,0,0,0,0,0,0,0,0,0,0,0,0,0.0054320146*J1^1*J2^4+-0.0035093066*J2^5+0,0.0035006236*J1^1*J2^4+-0.0055058362*J2^5+0,0,0,0,0,0,0,-0.0035093066*J1^1*J2^4+0.0054320146*J2^5+0,-0.0055058362*J1^1*J2^4+0.0035006236*J2^5+0,0,0,0,0,0,0,0,0,0,0,0,0,0,0,0,0,0,0,0,0,0,0,0,0,0,0,0,0,0,0,0,0},
{0,0,0,0,0,0,0,0,0,0,0,0,0,0,0,0,0,0,0,0,0,0,0,0,0,0,0,0,0,0,0,0,0,0,0,0,0,0,0,0,0,0,0,0,0,0,0,0,0,0,0,0,0,0,0.0035006236*J1^1*J2^4+-0.0055058362*J2^5+0,0.0094741865*J1^1*J2^4+-0.0098668986*J2^5+0,0,0,0,0,0,0,-0.0055058362*J1^1*J2^4+0.0035006236*J2^5+0,-0.0098668986*J1^1*J2^4+0.0094741865*J2^5+0,0,0,0,0,0,0,0,0,0,0,0,0,0,0,0,0,0,0,0,0,0,0,0,0,0,0,0,0,0,0,0,0},
{0,0,0,0,0,0,0,0,0,0,0,0,0,0,0,0,0,0,0,0,0,0,0,0,0,0,0,0,0,0,0,0,0,0,0,0,0,0,0,0,0,0,0,0,0,0,0,0,0,0,0,0,0,0,0.0020260991*J1^1*J2^4+-0.0031361751*J2^5+0,0.0031787960*J1^1*J2^4+-0.0020210860*J2^5+0,0,0,0,0,0,0,-0.0031361751*J1^1*J2^4+0.0020260991*J2^5+0,-0.0020210860*J1^1*J2^4+0.0031787960*J2^5+0,0,0,0,0,0,0,-0.0073005582*J1^1*J2^4+0.0073005582*J2^5+0,-0.0073537436*J1^1*J2^4+0.0073537436*J2^5+0,0,0,0,0,0,0,0,0,0,0,0,0,0,0,0,0,0,0,0,0,0,0,0,0},
{0,0,0,0,0,0,0,0,0,0,0,0,0,0,0,0,0,0,0,0,0,0,0,0,0,0,0,0,0,0,0,0,0,0,0,0,0,0,0,0,0,0,0,0,0,0,0,0,0,0,0,0,0,0,0.0031787960*J1^1*J2^4+-0.0020210860*J2^5+0,0.0056966566*J1^1*J2^4+-0.0054699241*J2^5+0,0,0,0,0,0,0,-0.0020210860*J1^1*J2^4+0.0031787960*J2^5+0,-0.0054699241*J1^1*J2^4+0.0056966566*J2^5+0,0,0,0,0,0,0,-0.0073537436*J1^1*J2^4+0.0073537436*J2^5+0,-0.0157919299*J1^1*J2^4+0.0157919299*J2^5+0,0,0,0,0,0,0,0,0,0,0,0,0,0,0,0,0,0,0,0,0,0,0,0,0},
{-0.0013227800*J1^1*J2^4+0.0011028525*J2^5+0,0,-0.0006367322*J1^1*J2^4+0.0007637074*J2^5+0,0,0,0,0,0,0.0011028525*J1^1*J2^4+-0.0013227800*J2^5+0,0,0.0007637074*J1^1*J2^4+-0.0006367322*J2^5+0,0,0,0,0,0,-0.0014881291*J1^1*J2^4+0.0014881291*J2^5+0,0,-0.0008591717*J1^1*J2^4+0.0008591717*J2^5+0,0,0,0,0,0,-0.0002441406*J1^1*J2^4+0.0007681387*J2^5+0,0.0008927128*J1^1*J2^4+0.0010287080*J2^5+0,-0.0004434851*J1^1*J2^4+0.0001409547*J2^5+0,-0.0005939248*J1^1*J2^4+-0.0005154080*J2^5+0,0,0,0,0,0,0,0,0,0,0,0,0,0,0,0,0,0,0,0,0,0,0,0,0,0,0,0,0,0,0,0,0,0,0,0,0,0,0,0,0,0,0,0,0,0,0,0,0,0,0,0,0,0.0007681387*J1^1*J2^4+-0.0002441406*J2^5+0,0.0010287080*J1^1*J2^4+0.0008927128*J2^5+0,0,0,0.0001409547*J1^1*J2^4+-0.0004434851*J2^5+0,-0.0005154080*J1^1*J2^4+-0.0005939248*J2^5+0,0,0,0,0,0,0,0,0,0,0},
{-0.0018517845*J1^1*J2^4+0.0019787597*J2^5+0,0,-0.0011424375*J1^1*J2^4+0.0010691283*J2^5+0,0,0,0,0,0,0.0019787597*J1^1*J2^4+-0.0018517845*J2^5+0,0,0.0010691283*J1^1*J2^4+-0.0011424375*J2^5+0,0,0,0,0,0,-0.0028396924*J1^1*J2^4+0.0028396924*J2^5+0,0,-0.0016394972*J1^1*J2^4+0.0016394972*J2^5+0,0,0,0,0,0,0.0008927128*J1^1*J2^4+0.0010287080*J2^5+0,0.0007866753*J1^1*J2^4+0.0019559884*J2^5+0,-0.0005939248*J1^1*J2^4+-0.0005154080*J2^5+0,-0.0011292904*J1^1*J2^4+-0.0004541872*J2^5+0,0,0,0,0,0,0,0,0,0,0,0,0,0,0,0,0,0,0,0,0,0,0,0,0,0,0,0,0,0,0,0,0,0,0,0,0,0,0,0,0,0,0,0,0,0,0,0,0,0,0,0,0,0.0010287080*J1^1*J2^4+0.0008927128*J2^5+0,0.0019559884*J1^1*J2^4+0.0007866753*J2^5+0,0,0,-0.0005154080*J1^1*J2^4+-0.0005939248*J2^5+0,-0.0004541872*J1^1*J2^4+-0.0011292904*J2^5+0,0,0,0,0,0,0,0,0,0,0},
{0,-0.0013227800*J1^1*J2^4+0.0011028525*J2^5+0,0,-0.0006367322*J1^1*J2^4+0.0007637074*J2^5+0,0,0,0,0,0,0.0011028525*J1^1*J2^4+-0.0013227800*J2^5+0,0,0.0007637074*J1^1*J2^4+-0.0006367322*J2^5+0,0,0,0,0,0,-0.0014881291*J1^1*J2^4+0.0014881291*J2^5+0,0,-0.0008591717*J1^1*J2^4+0.0008591717*J2^5+0,0,0,0,0,0,0,0,0,0,0,0,0,0.0001409547*J1^1*J2^4+-0.0004434851*J2^5+0,-0.0005154080*J1^1*J2^4+-0.0005939248*J2^5+0,0.0002560462*J1^1*J2^4+-0.0000813802*J2^5+0,0.0003429027*J1^1*J2^4+0.0002975709*J2^5+0,0,0,0,0,0.0001993400*J1^1*J2^4+-0.0006271827*J2^5+0,-0.0007288970*J1^1*J2^4+-0.0008399365*J2^5+0,0.0003621041*J1^1*J2^4+-0.0001150890*J2^5+0,0.0004849376*J1^1*J2^4+0.0004208289*J2^5+0,0,0,0,0,0,0,0,0,0,0,0,0,0,0,0,0,0,0,0,0,0,0,0,0,0,0,0,0,0,0,0,0,0,0,0,0,0,0,0.0007681387*J1^1*J2^4+-0.0002441406*J2^5+0,0.0010287080*J1^1*J2^4+0.0008927128*J2^5+0,0,0,0.0001409547*J1^1*J2^4+-0.0004434851*J2^5+0,-0.0005154080*J1^1*J2^4+-0.0005939248*J2^5+0,0,0,0,0,0,0,0,0},
{0,-0.0018517845*J1^1*J2^4+0.0019787597*J2^5+0,0,-0.0011424375*J1^1*J2^4+0.0010691283*J2^5+0,0,0,0,0,0,0.0019787597*J1^1*J2^4+-0.0018517845*J2^5+0,0,0.0010691283*J1^1*J2^4+-0.0011424375*J2^5+0,0,0,0,0,0,-0.0028396924*J1^1*J2^4+0.0028396924*J2^5+0,0,-0.0016394972*J1^1*J2^4+0.0016394972*J2^5+0,0,0,0,0,0,0,0,0,0,0,0,0,-0.0005154080*J1^1*J2^4+-0.0005939248*J2^5+0,-0.0004541872*J1^1*J2^4+-0.0011292904*J2^5+0,0.0003429027*J1^1*J2^4+0.0002975709*J2^5+0,0.0006519961*J1^1*J2^4+0.0002622251*J2^5+0,0,0,0,0,-0.0007288970*J1^1*J2^4+-0.0008399365*J2^5+0,-0.0006423177*J1^1*J2^4+-0.0015970578*J2^5+0,0.0004849376*J1^1*J2^4+0.0004208289*J2^5+0,0.0009220618*J1^1*J2^4+0.0003708423*J2^5+0,0,0,0,0,0,0,0,0,0,0,0,0,0,0,0,0,0,0,0,0,0,0,0,0,0,0,0,0,0,0,0,0,0,0,0,0,0,0,0.0010287080*J1^1*J2^4+0.0008927128*J2^5+0,0.0019559884*J1^1*J2^4+0.0007866753*J2^5+0,0,0,-0.0005154080*J1^1*J2^4+-0.0005939248*J2^5+0,-0.0004541872*J1^1*J2^4+-0.0011292904*J2^5+0,0,0,0,0,0,0,0,0},
{0,0,0,0,-0.0013227800*J1^1*J2^4+0.0011028525*J2^5+0,0,-0.0006367322*J1^1*J2^4+0.0007637074*J2^5+0,0,0,0,0,0,0.0011028525*J1^1*J2^4+-0.0013227800*J2^5+0,0,0.0007637074*J1^1*J2^4+-0.0006367322*J2^5+0,0,0,0,0,0,-0.0014881291*J1^1*J2^4+0.0014881291*J2^5+0,0,-0.0008591717*J1^1*J2^4+0.0008591717*J2^5+0,0,0,0,0,0,-0.0002441406*J1^1*J2^4+0.0007681387*J2^5+0,0.0008927128*J1^1*J2^4+0.0010287080*J2^5+0,-0.0004434851*J1^1*J2^4+0.0001409547*J2^5+0,-0.0005939248*J1^1*J2^4+-0.0005154080*J2^5+0,0,0,0,0,0,0,0,0,0,0,0,0,0,0,0,0,0,0,0,0,0,0,0,0,0,0,0,0,0,0,0,0,0,0,0,0,0,0,0,0,-0.0004434851*J1^1*J2^4+0.0001409547*J2^5+0,-0.0005939248*J1^1*J2^4+-0.0005154080*J2^5+0,0,0,-0.0000813802*J1^1*J2^4+0.0002560462*J2^5+0,0.0002975709*J1^1*J2^4+0.0003429027*J2^5+0,0,0,0,0,0,0,0,0,0,0,0.0006271827*J1^1*J2^4+-0.0001993400*J2^5+0,0.0008399365*J1^1*J2^4+0.0007288970*J2^5+0,0,0,0.0001150890*J1^1*J2^4+-0.0003621041*J2^5+0,-0.0004208289*J1^1*J2^4+-0.0004849376*J2^5+0,0,0},
{0,0,0,0,-0.0018517845*J1^1*J2^4+0.0019787597*J2^5+0,0,-0.0011424375*J1^1*J2^4+0.0010691283*J2^5+0,0,0,0,0,0,0.0019787597*J1^1*J2^4+-0.0018517845*J2^5+0,0,0.0010691283*J1^1*J2^4+-0.0011424375*J2^5+0,0,0,0,0,0,-0.0028396924*J1^1*J2^4+0.0028396924*J2^5+0,0,-0.0016394972*J1^1*J2^4+0.0016394972*J2^5+0,0,0,0,0,0,0.0008927128*J1^1*J2^4+0.0010287080*J2^5+0,0.0007866753*J1^1*J2^4+0.0019559884*J2^5+0,-0.0005939248*J1^1*J2^4+-0.0005154080*J2^5+0,-0.0011292904*J1^1*J2^4+-0.0004541872*J2^5+0,0,0,0,0,0,0,0,0,0,0,0,0,0,0,0,0,0,0,0,0,0,0,0,0,0,0,0,0,0,0,0,0,0,0,0,0,0,0,0,0,-0.0005939248*J1^1*J2^4+-0.0005154080*J2^5+0,-0.0011292904*J1^1*J2^4+-0.0004541872*J2^5+0,0,0,0.0002975709*J1^1*J2^4+0.0003429027*J2^5+0,0.0002622251*J1^1*J2^4+0.0006519961*J2^5+0,0,0,0,0,0,0,0,0,0,0,0.0008399365*J1^1*J2^4+0.0007288970*J2^5+0,0.0015970578*J1^1*J2^4+0.0006423177*J2^5+0,0,0,-0.0004208289*J1^1*J2^4+-0.0004849376*J2^5+0,-0.0003708423*J1^1*J2^4+-0.0009220618*J2^5+0,0,0},
{0,0,0,0,0,-0.0013227800*J1^1*J2^4+0.0011028525*J2^5+0,0,-0.0006367322*J1^1*J2^4+0.0007637074*J2^5+0,0,0,0,0,0,0.0011028525*J1^1*J2^4+-0.0013227800*J2^5+0,0,0.0007637074*J1^1*J2^4+-0.0006367322*J2^5+0,0,0,0,0,0,-0.0014881291*J1^1*J2^4+0.0014881291*J2^5+0,0,-0.0008591717*J1^1*J2^4+0.0008591717*J2^5+0,0,0,0,0,0,0,0,0,0,0,0,0,0.0001409547*J1^1*J2^4+-0.0004434851*J2^5+0,-0.0005154080*J1^1*J2^4+-0.0005939248*J2^5+0,0.0002560462*J1^1*J2^4+-0.0000813802*J2^5+0,0.0003429027*J1^1*J2^4+0.0002975709*J2^5+0,0,0,0,0,0.0001993400*J1^1*J2^4+-0.0006271827*J2^5+0,-0.0007288970*J1^1*J2^4+-0.0008399365*J2^5+0,0.0003621041*J1^1*J2^4+-0.0001150890*J2^5+0,0.0004849376*J1^1*J2^4+0.0004208289*J2^5+0,0,0,0,0,0,0,0,0,0,0,0,0,0,0,0,0,0,0,0,0,0,0,0,0,0,0,-0.0004434851*J1^1*J2^4+0.0001409547*J2^5+0,-0.0005939248*J1^1*J2^4+-0.0005154080*J2^5+0,0,0,-0.0000813802*J1^1*J2^4+0.0002560462*J2^5+0,0.0002975709*J1^1*J2^4+0.0003429027*J2^5+0,0,0,0,0,0,0,0,0,0,0,0.0006271827*J1^1*J2^4+-0.0001993400*J2^5+0,0.0008399365*J1^1*J2^4+0.0007288970*J2^5+0,0,0,0.0001150890*J1^1*J2^4+-0.0003621041*J2^5+0,-0.0004208289*J1^1*J2^4+-0.0004849376*J2^5+0},
{0,0,0,0,0,-0.0018517845*J1^1*J2^4+0.0019787597*J2^5+0,0,-0.0011424375*J1^1*J2^4+0.0010691283*J2^5+0,0,0,0,0,0,0.0019787597*J1^1*J2^4+-0.0018517845*J2^5+0,0,0.0010691283*J1^1*J2^4+-0.0011424375*J2^5+0,0,0,0,0,0,-0.0028396924*J1^1*J2^4+0.0028396924*J2^5+0,0,-0.0016394972*J1^1*J2^4+0.0016394972*J2^5+0,0,0,0,0,0,0,0,0,0,0,0,0,-0.0005154080*J1^1*J2^4+-0.0005939248*J2^5+0,-0.0004541872*J1^1*J2^4+-0.0011292904*J2^5+0,0.0003429027*J1^1*J2^4+0.0002975709*J2^5+0,0.0006519961*J1^1*J2^4+0.0002622251*J2^5+0,0,0,0,0,-0.0007288970*J1^1*J2^4+-0.0008399365*J2^5+0,-0.0006423177*J1^1*J2^4+-0.0015970578*J2^5+0,0.0004849376*J1^1*J2^4+0.0004208289*J2^5+0,0.0009220618*J1^1*J2^4+0.0003708423*J2^5+0,0,0,0,0,0,0,0,0,0,0,0,0,0,0,0,0,0,0,0,0,0,0,0,0,0,0,-0.0005939248*J1^1*J2^4+-0.0005154080*J2^5+0,-0.0011292904*J1^1*J2^4+-0.0004541872*J2^5+0,0,0,0.0002975709*J1^1*J2^4+0.0003429027*J2^5+0,0.0002622251*J1^1*J2^4+0.0006519961*J2^5+0,0,0,0,0,0,0,0,0,0,0,0.0008399365*J1^1*J2^4+0.0007288970*J2^5+0,0.0015970578*J1^1*J2^4+0.0006423177*J2^5+0,0,0,-0.0004208289*J1^1*J2^4+-0.0004849376*J2^5+0,-0.0003708423*J1^1*J2^4+-0.0009220618*J2^5+0},
{0.0011028525*J1^1*J2^4+-0.0013227800*J2^5+0,0,0.0007637074*J1^1*J2^4+-0.0006367322*J2^5+0,0,0,0,0,0,-0.0013227800*J1^1*J2^4+0.0011028525*J2^5+0,0,-0.0006367322*J1^1*J2^4+0.0007637074*J2^5+0,0,0,0,0,0,0.0014881291*J1^1*J2^4+-0.0014881291*J2^5+0,0,0.0008591717*J1^1*J2^4+-0.0008591717*J2^5+0,0,0,0,0,0,0.0007681387*J1^1*J2^4+-0.0002441406*J2^5+0,0.0010287080*J1^1*J2^4+0.0008927128*J2^5+0,0.0001409547*J1^1*J2^4+-0.0004434851*J2^5+0,-0.0005154080*J1^1*J2^4+-0.0005939248*J2^5+0,0,0,0,0,0,0,0,0,0,0,0,0,0,0,0,0,0,0,0,0,0,0,0,0,0,0,0,0,0,0,0,0,0,0,0,0,0,0,0,0,0,0,0,0,0,0,0,0,0,0,0,0,-0.0002441406*J1^1*J2^4+0.0007681387*J2^5+0,0.0008927128*J1^1*J2^4+0.0010287080*J2^5+0,0,0,-0.0004434851*J1^1*J2^4+0.0001409547*J2^5+0,-0.0005939248*J1^1*J2^4+-0.0005154080*J2^5+0,0,0,0,0,0,0,0,0,0,0},
{0.0019787597*J1^1*J2^4+-0.0018517845*J2^5+0,0,0.0010691283*J1^1*J2^4+-0.0011424375*J2^5+0,0,0,0,0,0,-0.0018517845*J1^1*J2^4+0.0019787597*J2^5+0,0,-0.0011424375*J1^1*J2^4+0.0010691283*J2^5+0,0,0,0,0,0,0.0028396924*J1^1*J2^4+-0.0028396924*J2^5+0,0,0.0016394972*J1^1*J2^4+-0.0016394972*J2^5+0,0,0,0,0,0,0.0010287080*J1^1*J2^4+0.0008927128*J2^5+0,0.0019559884*J1^1*J2^4+0.0007866753*J2^5+0,-0.0005154080*J1^1*J2^4+-0.0005939248*J2^5+0,-0.0004541872*J1^1*J2^4+-0.0011292904*J2^5+0,0,0,0,0,0,0,0,0,0,0,0,0,0,0,0,0,0,0,0,0,0,0,0,0,0,0,0,0,0,0,0,0,0,0,0,0,0,0,0,0,0,0,0,0,0,0,0,0,0,0,0,0,0.0008927128*J1^1*J2^4+0.0010287080*J2^5+0,0.0007866753*J1^1*J2^4+0.0019559884*J2^5+0,0,0,-0.0005939248*J1^1*J2^4+-0.0005154080*J2^5+0,-0.0011292904*J1^1*J2^4+-0.0004541872*J2^5+0,0,0,0,0,0,0,0,0,0,0},
{0,0.0011028525*J1^1*J2^4+-0.0013227800*J2^5+0,0,0.0007637074*J1^1*J2^4+-0.0006367322*J2^5+0,0,0,0,0,0,-0.0013227800*J1^1*J2^4+0.0011028525*J2^5+0,0,-0.0006367322*J1^1*J2^4+0.0007637074*J2^5+0,0,0,0,0,0,0.0014881291*J1^1*J2^4+-0.0014881291*J2^5+0,0,0.0008591717*J1^1*J2^4+-0.0008591717*J2^5+0,0,0,0,0,0,0,0,0,0,0,0,0,-0.0004434851*J1^1*J2^4+0.0001409547*J2^5+0,-0.0005939248*J1^1*J2^4+-0.0005154080*J2^5+0,-0.0000813802*J1^1*J2^4+0.0002560462*J2^5+0,0.0002975709*J1^1*J2^4+0.0003429027*J2^5+0,0,0,0,0,-0.0006271827*J1^1*J2^4+0.0001993400*J2^5+0,-0.0008399365*J1^1*J2^4+-0.0007288970*J2^5+0,-0.0001150890*J1^1*J2^4+0.0003621041*J2^5+0,0.0004208289*J1^1*J2^4+0.0004849376*J2^5+0,0,0,0,0,0,0,0,0,0,0,0,0,0,0,0,0,0,0,0,0,0,0,0,0,0,0,0,0,0,0,0,0,0,0,0,0,0,0,-0.0002441406*J1^1*J2^4+0.0007681387*J2^5+0,0.0008927128*J1^1*J2^4+0.0010287080*J2^5+0,0,0,-0.0004434851*J1^1*J2^4+0.0001409547*J2^5+0,-0.0005939248*J1^1*J2^4+-0.0005154080*J2^5+0,0,0,0,0,0,0,0,0},
{0,0.0019787597*J1^1*J2^4+-0.0018517845*J2^5+0,0,0.0010691283*J1^1*J2^4+-0.0011424375*J2^5+0,0,0,0,0,0,-0.0018517845*J1^1*J2^4+0.0019787597*J2^5+0,0,-0.0011424375*J1^1*J2^4+0.0010691283*J2^5+0,0,0,0,0,0,0.0028396924*J1^1*J2^4+-0.0028396924*J2^5+0,0,0.0016394972*J1^1*J2^4+-0.0016394972*J2^5+0,0,0,0,0,0,0,0,0,0,0,0,0,-0.0005939248*J1^1*J2^4+-0.0005154080*J2^5+0,-0.0011292904*J1^1*J2^4+-0.0004541872*J2^5+0,0.0002975709*J1^1*J2^4+0.0003429027*J2^5+0,0.0002622251*J1^1*J2^4+0.0006519961*J2^5+0,0,0,0,0,-0.0008399365*J1^1*J2^4+-0.0007288970*J2^5+0,-0.0015970578*J1^1*J2^4+-0.0006423177*J2^5+0,0.0004208289*J1^1*J2^4+0.0004849376*J2^5+0,0.0003708423*J1^1*J2^4+0.0009220618*J2^5+0,0,0,0,0,0,0,0,0,0,0,0,0,0,0,0,0,0,0,0,0,0,0,0,0,0,0,0,0,0,0,0,0,0,0,0,0,0,0,0.0008927128*J1^1*J2^4+0.0010287080*J2^5+0,0.0007866753*J1^1*J2^4+0.0019559884*J2^5+0,0,0,-0.0005939248*J1^1*J2^4+-0.0005154080*J2^5+0,-0.0011292904*J1^1*J2^4+-0.0004541872*J2^5+0,0,0,0,0,0,0,0,0},
{0,0,0,0,0.0011028525*J1^1*J2^4+-0.0013227800*J2^5+0,0,0.0007637074*J1^1*J2^4+-0.0006367322*J2^5+0,0,0,0,0,0,-0.0013227800*J1^1*J2^4+0.0011028525*J2^5+0,0,-0.0006367322*J1^1*J2^4+0.0007637074*J2^5+0,0,0,0,0,0,0.0014881291*J1^1*J2^4+-0.0014881291*J2^5+0,0,0.0008591717*J1^1*J2^4+-0.0008591717*J2^5+0,0,0,0,0,0,0.0007681387*J1^1*J2^4+-0.0002441406*J2^5+0,0.0010287080*J1^1*J2^4+0.0008927128*J2^5+0,0.0001409547*J1^1*J2^4+-0.0004434851*J2^5+0,-0.0005154080*J1^1*J2^4+-0.0005939248*J2^5+0,0,0,0,0,0,0,0,0,0,0,0,0,0,0,0,0,0,0,0,0,0,0,0,0,0,0,0,0,0,0,0,0,0,0,0,0,0,0,0,0,0.0001409547*J1^1*J2^4+-0.0004434851*J2^5+0,-0.0005154080*J1^1*J2^4+-0.0005939248*J2^5+0,0,0,0.0002560462*J1^1*J2^4+-0.0000813802*J2^5+0,0.0003429027*J1^1*J2^4+0.0002975709*J2^5+0,0,0,0,0,0,0,0,0,0,0,-0.0001993400*J1^1*J2^4+0.0006271827*J2^5+0,0.0007288970*J1^1*J2^4+0.0008399365*J2^5+0,0,0,-0.0003621041*J1^1*J2^4+0.0001150890*J2^5+0,-0.0004849376*J1^1*J2^4+-0.0004208289*J2^5+0,0,0},
{0,0,0,0,0.0019787597*J1^1*J2^4+-0.0018517845*J2^5+0,0,0.0010691283*J1^1*J2^4+-0.0011424375*J2^5+0,0,0,0,0,0,-0.0018517845*J1^1*J2^4+0.0019787597*J2^5+0,0,-0.0011424375*J1^1*J2^4+0.0010691283*J2^5+0,0,0,0,0,0,0.0028396924*J1^1*J2^4+-0.0028396924*J2^5+0,0,0.0016394972*J1^1*J2^4+-0.0016394972*J2^5+0,0,0,0,0,0,0.0010287080*J1^1*J2^4+0.0008927128*J2^5+0,0.0019559884*J1^1*J2^4+0.0007866753*J2^5+0,-0.0005154080*J1^1*J2^4+-0.0005939248*J2^5+0,-0.0004541872*J1^1*J2^4+-0.0011292904*J2^5+0,0,0,0,0,0,0,0,0,0,0,0,0,0,0,0,0,0,0,0,0,0,0,0,0,0,0,0,0,0,0,0,0,0,0,0,0,0,0,0,0,-0.0005154080*J1^1*J2^4+-0.0005939248*J2^5+0,-0.0004541872*J1^1*J2^4+-0.0011292904*J2^5+0,0,0,0.0003429027*J1^1*J2^4+0.0002975709*J2^5+0,0.0006519961*J1^1*J2^4+0.0002622251*J2^5+0,0,0,0,0,0,0,0,0,0,0,0.0007288970*J1^1*J2^4+0.0008399365*J2^5+0,0.0006423177*J1^1*J2^4+0.0015970578*J2^5+0,0,0,-0.0004849376*J1^1*J2^4+-0.0004208289*J2^5+0,-0.0009220618*J1^1*J2^4+-0.0003708423*J2^5+0,0,0},
{0,0,0,0,0,0.0011028525*J1^1*J2^4+-0.0013227800*J2^5+0,0,0.0007637074*J1^1*J2^4+-0.0006367322*J2^5+0,0,0,0,0,0,-0.0013227800*J1^1*J2^4+0.0011028525*J2^5+0,0,-0.0006367322*J1^1*J2^4+0.0007637074*J2^5+0,0,0,0,0,0,0.0014881291*J1^1*J2^4+-0.0014881291*J2^5+0,0,0.0008591717*J1^1*J2^4+-0.0008591717*J2^5+0,0,0,0,0,0,0,0,0,0,0,0,0,-0.0004434851*J1^1*J2^4+0.0001409547*J2^5+0,-0.0005939248*J1^1*J2^4+-0.0005154080*J2^5+0,-0.0000813802*J1^1*J2^4+0.0002560462*J2^5+0,0.0002975709*J1^1*J2^4+0.0003429027*J2^5+0,0,0,0,0,-0.0006271827*J1^1*J2^4+0.0001993400*J2^5+0,-0.0008399365*J1^1*J2^4+-0.0007288970*J2^5+0,-0.0001150890*J1^1*J2^4+0.0003621041*J2^5+0,0.0004208289*J1^1*J2^4+0.0004849376*J2^5+0,0,0,0,0,0,0,0,0,0,0,0,0,0,0,0,0,0,0,0,0,0,0,0,0,0,0,0.0001409547*J1^1*J2^4+-0.0004434851*J2^5+0,-0.0005154080*J1^1*J2^4+-0.0005939248*J2^5+0,0,0,0.0002560462*J1^1*J2^4+-0.0000813802*J2^5+0,0.0003429027*J1^1*J2^4+0.0002975709*J2^5+0,0,0,0,0,0,0,0,0,0,0,-0.0001993400*J1^1*J2^4+0.0006271827*J2^5+0,0.0007288970*J1^1*J2^4+0.0008399365*J2^5+0,0,0,-0.0003621041*J1^1*J2^4+0.0001150890*J2^5+0,-0.0004849376*J1^1*J2^4+-0.0004208289*J2^5+0},
{0,0,0,0,0,0.0019787597*J1^1*J2^4+-0.0018517845*J2^5+0,0,0.0010691283*J1^1*J2^4+-0.0011424375*J2^5+0,0,0,0,0,0,-0.0018517845*J1^1*J2^4+0.0019787597*J2^5+0,0,-0.0011424375*J1^1*J2^4+0.0010691283*J2^5+0,0,0,0,0,0,0.0028396924*J1^1*J2^4+-0.0028396924*J2^5+0,0,0.0016394972*J1^1*J2^4+-0.0016394972*J2^5+0,0,0,0,0,0,0,0,0,0,0,0,0,-0.0005939248*J1^1*J2^4+-0.0005154080*J2^5+0,-0.0011292904*J1^1*J2^4+-0.0004541872*J2^5+0,0.0002975709*J1^1*J2^4+0.0003429027*J2^5+0,0.0002622251*J1^1*J2^4+0.0006519961*J2^5+0,0,0,0,0,-0.0008399365*J1^1*J2^4+-0.0007288970*J2^5+0,-0.0015970578*J1^1*J2^4+-0.0006423177*J2^5+0,0.0004208289*J1^1*J2^4+0.0004849376*J2^5+0,0.0003708423*J1^1*J2^4+0.0009220618*J2^5+0,0,0,0,0,0,0,0,0,0,0,0,0,0,0,0,0,0,0,0,0,0,0,0,0,0,0,-0.0005154080*J1^1*J2^4+-0.0005939248*J2^5+0,-0.0004541872*J1^1*J2^4+-0.0011292904*J2^5+0,0,0,0.0003429027*J1^1*J2^4+0.0002975709*J2^5+0,0.0006519961*J1^1*J2^4+0.0002622251*J2^5+0,0,0,0,0,0,0,0,0,0,0,0.0007288970*J1^1*J2^4+0.0008399365*J2^5+0,0.0006423177*J1^1*J2^4+0.0015970578*J2^5+0,0,0,-0.0004849376*J1^1*J2^4+-0.0004208289*J2^5+0,-0.0009220618*J1^1*J2^4+-0.0003708423*J2^5+0},
{0,0,0.0019805207*J1^1*J2^4+-0.0019805207*J2^5+0,0,0,0,0,0,0,0,-0.0019805207*J1^1*J2^4+0.0019805207*J2^5+0,0,0,0,0,0,0,0,0.0024301047*J1^1*J2^4+-0.0024301047*J2^5+0,0,0,0,0,0,0,0,0.0008265226*J1^1*J2^4+-0.0008265226*J2^5+0,0.0001110396*J1^1*J2^4+-0.0001110396*J2^5+0,0,0,0,0,0,0,0,0,0,0,0,0,0,0,0,0,0,0,0,0,0,0,0,0,0,0,0,0,0,0,0,0,0,0,0,0,0,0,0,0,0,0,0,0,0,0,0,0,0,0,0,0,0,0,0,0,-0.0008265226*J1^1*J2^4+0.0008265226*J2^5+0,-0.0001110396*J1^1*J2^4+0.0001110396*J2^5+0,0,0,0,0,0,0,0,0,0,0},
{0,0,0.0031276263*J1^1*J2^4+-0.0031276263*J2^5+0,0,0,0,0,0,0,0,-0.0031276263*J1^1*J2^4+0.0031276263*J2^5+0,0,0,0,0,0,0,0,0.0046371983*J1^1*J2^4+-0.0046371983*J2^5+0,0,0,0,0,0,0,0,0.0001110396*J1^1*J2^4+-0.0001110396*J2^5+0,0.0009547401*J1^1*J2^4+-0.0009547401*J2^5+0,0,0,0,0,0,0,0,0,0,0,0,0,0,0,0,0,0,0,0,0,0,0,0,0,0,0,0,0,0,0,0,0,0,0,0,0,0,0,0,0,0,0,0,0,0,0,0,0,0,0,0,0,0,0,0,0,-0.0001110396*J1^1*J2^4+0.0001110396*J2^5+0,-0.0009547401*J1^1*J2^4+0.0009547401*J2^5+0,0,0,0,0,0,0,0,0,0,0},
{0,0,0,0.0019805207*J1^1*J2^4+-0.0019805207*J2^5+0,0,0,0,0,0,0,0,-0.0019805207*J1^1*J2^4+0.0019805207*J2^5+0,0,0,0,0,0,0,0,0.0024301047*J1^1*J2^4+-0.0024301047*J2^5+0,0,0,0,0,0,0,0,0,0,0,0,0,0,0,-0.0004771931*J1^1*J2^4+0.0004771931*J2^5+0,-0.0000641087*J1^1*J2^4+0.0000641087*J2^5+0,0,0,0,0,0,0,-0.0006748529*J1^1*J2^4+0.0006748529*J2^5+0,-0.0000906634*J1^1*J2^4+0.0000906634*J2^5+0,0,0,0,0,0,0,0,0,0,0,0,0,0,0,0,0,0,0,0,0,0,0,0,0,0,0,0,0,0,0,0,0,0,0,0,0,0,0,0,0,0,0,-0.0008265226*J1^1*J2^4+0.0008265226*J2^5+0,-0.0001110396*J1^1*J2^4+0.0001110396*J2^5+0,0,0,0,0,0,0,0,0},
{0,0,0,0.0031276263*J1^1*J2^4+-0.0031276263*J2^5+0,0,0,0,0,0,0,0,-0.0031276263*J1^1*J2^4+0.0031276263*J2^5+0,0,0,0,0,0,0,0,0.0046371983*J1^1*J2^4+-0.0046371983*J2^5+0,0,0,0,0,0,0,0,0,0,0,0,0,0,0,-0.0000641087*J1^1*J2^4+0.0000641087*J2^5+0,-0.0005512194*J1^1*J2^4+0.0005512194*J2^5+0,0,0,0,0,0,0,-0.0000906634*J1^1*J2^4+0.0000906634*J2^5+0,-0.0007795420*J1^1*J2^4+0.0007795420*J2^5+0,0,0,0,0,0,0,0,0,0,0,0,0,0,0,0,0,0,0,0,0,0,0,0,0,0,0,0,0,0,0,0,0,0,0,0,0,0,0,0,0,0,0,-0.0001110396*J1^1*J2^4+0.0001110396*J2^5+0,-0.0009547401*J1^1*J2^4+0.0009547401*J2^5+0,0,0,0,0,0,0,0,0},
{0,0,0,0,0,0,0.0019805207*J1^1*J2^4+-0.0019805207*J2^5+0,0,0,0,0,0,0,0,-0.0019805207*J1^1*J2^4+0.0019805207*J2^5+0,0,0,0,0,0,0,0,0.0024301047*J1^1*J2^4+-0.0024301047*J2^5+0,0,0,0,0,0,0,0,0.0008265226*J1^1*J2^4+-0.0008265226*J2^5+0,0.0001110396*J1^1*J2^4+-0.0001110396*J2^5+0,0,0,0,0,0,0,0,0,0,0,0,0,0,0,0,0,0,0,0,0,0,0,0,0,0,0,0,0,0,0,0,0,0,0,0,0,0,0,0,0,0,0,0,0,0.0004771931*J1^1*J2^4+-0.0004771931*J2^5+0,0.0000641087*J1^1*J2^4+-0.0000641087*J2^5+0,0,0,0,0,0,0,0,0,0,0,0,0,0,0,-0.0006748529*J1^1*J2^4+0.0006748529*J2^5+0,-0.0000906634*J1^1*J2^4+0.0000906634*J2^5+0,0,0},
{0,0,0,0,0,0,0.0031276263*J1^1*J2^4+-0.0031276263*J2^5+0,0,0,0,0,0,0,0,-0.0031276263*J1^1*J2^4+0.0031276263*J2^5+0,0,0,0,0,0,0,0,0.0046371983*J1^1*J2^4+-0.0046371983*J2^5+0,0,0,0,0,0,0,0,0.0001110396*J1^1*J2^4+-0.0001110396*J2^5+0,0.0009547401*J1^1*J2^4+-0.0009547401*J2^5+0,0,0,0,0,0,0,0,0,0,0,0,0,0,0,0,0,0,0,0,0,0,0,0,0,0,0,0,0,0,0,0,0,0,0,0,0,0,0,0,0,0,0,0,0,0.0000641087*J1^1*J2^4+-0.0000641087*J2^5+0,0.0005512194*J1^1*J2^4+-0.0005512194*J2^5+0,0,0,0,0,0,0,0,0,0,0,0,0,0,0,-0.0000906634*J1^1*J2^4+0.0000906634*J2^5+0,-0.0007795420*J1^1*J2^4+0.0007795420*J2^5+0,0,0},
{0,0,0,0,0,0,0,0.0019805207*J1^1*J2^4+-0.0019805207*J2^5+0,0,0,0,0,0,0,0,-0.0019805207*J1^1*J2^4+0.0019805207*J2^5+0,0,0,0,0,0,0,0,0.0024301047*J1^1*J2^4+-0.0024301047*J2^5+0,0,0,0,0,0,0,0,0,0,0,0,0,0,0,-0.0004771931*J1^1*J2^4+0.0004771931*J2^5+0,-0.0000641087*J1^1*J2^4+0.0000641087*J2^5+0,0,0,0,0,0,0,-0.0006748529*J1^1*J2^4+0.0006748529*J2^5+0,-0.0000906634*J1^1*J2^4+0.0000906634*J2^5+0,0,0,0,0,0,0,0,0,0,0,0,0,0,0,0,0,0,0,0,0,0,0,0,0,0,0,0,0,0,0,0.0004771931*J1^1*J2^4+-0.0004771931*J2^5+0,0.0000641087*J1^1*J2^4+-0.0000641087*J2^5+0,0,0,0,0,0,0,0,0,0,0,0,0,0,0,-0.0006748529*J1^1*J2^4+0.0006748529*J2^5+0,-0.0000906634*J1^1*J2^4+0.0000906634*J2^5+0},
{0,0,0,0,0,0,0,0.0031276263*J1^1*J2^4+-0.0031276263*J2^5+0,0,0,0,0,0,0,0,-0.0031276263*J1^1*J2^4+0.0031276263*J2^5+0,0,0,0,0,0,0,0,0.0046371983*J1^1*J2^4+-0.0046371983*J2^5+0,0,0,0,0,0,0,0,0,0,0,0,0,0,0,-0.0000641087*J1^1*J2^4+0.0000641087*J2^5+0,-0.0005512194*J1^1*J2^4+0.0005512194*J2^5+0,0,0,0,0,0,0,-0.0000906634*J1^1*J2^4+0.0000906634*J2^5+0,-0.0007795420*J1^1*J2^4+0.0007795420*J2^5+0,0,0,0,0,0,0,0,0,0,0,0,0,0,0,0,0,0,0,0,0,0,0,0,0,0,0,0,0,0,0,0.0000641087*J1^1*J2^4+-0.0000641087*J2^5+0,0.0005512194*J1^1*J2^4+-0.0005512194*J2^5+0,0,0,0,0,0,0,0,0,0,0,0,0,0,0,-0.0000906634*J1^1*J2^4+0.0000906634*J2^5+0,-0.0007795420*J1^1*J2^4+0.0007795420*J2^5+0},
{0,0,0,0,0,0,0,0,0,0,0,0,0,0,0,0,0,0,0,0,0,0,0,0,0,0,0,0,0,0,0,0,0,0,0,0,0,0,0,0,0,0,0,0,0,0,0,0,0,0,0,0,-0.0024814545*J1^1*J2^4+0.0038410144*J2^5+0,-0.0038932141*J1^1*J2^4+0.0024753147*J2^5+0,0,0,0,0,0,0,0.0038410144*J1^1*J2^4+-0.0024814545*J2^5+0,0.0024753147*J1^1*J2^4+-0.0038932141*J2^5+0,0,0,0,0,0,0,0,0,0,0,0,0,0,0,0,0,0,0,0,0,0,0,0,0,0,0,0,0,0,0,0,0,0,0},
{0,0,0,0,0,0,0,0,0,0,0,0,0,0,0,0,0,0,0,0,0,0,0,0,0,0,0,0,0,0,0,0,0,0,0,0,0,0,0,0,0,0,0,0,0,0,0,0,0,0,0,0,-0.0038932141*J1^1*J2^4+0.0024753147*J2^5+0,-0.0069769509*J1^1*J2^4+0.0066992615*J2^5+0,0,0,0,0,0,0,0.0024753147*J1^1*J2^4+-0.0038932141*J2^5+0,0.0066992615*J1^1*J2^4+-0.0069769509*J2^5+0,0,0,0,0,0,0,0,0,0,0,0,0,0,0,0,0,0,0,0,0,0,0,0,0,0,0,0,0,0,0,0,0,0,0},
{0,0,0,0,0,0,0,0,0,0,0,0,0,0,0,0,0,0,0,0,0,0,0,0,0,0,0,0,0,0,0,0,0,0,0,0,0,0,0,0,0,0,0,0,0,0,0,0,0,0,0,0,0,0,-0.0024814545*J1^1*J2^4+0.0038410144*J2^5+0,-0.0038932141*J1^1*J2^4+0.0024753147*J2^5+0,0,0,0,0,0,0,0.0038410144*J1^1*J2^4+-0.0024814545*J2^5+0,0.0024753147*J1^1*J2^4+-0.0038932141*J2^5+0,0,0,0,0,0,0,0,0,0,0,0,0,0,0,0,0,0,0,0,0,0,0,0,0,0,0,0,0,0,0,0,0},
{0,0,0,0,0,0,0,0,0,0,0,0,0,0,0,0,0,0,0,0,0,0,0,0,0,0,0,0,0,0,0,0,0,0,0,0,0,0,0,0,0,0,0,0,0,0,0,0,0,0,0,0,0,0,-0.0038932141*J1^1*J2^4+0.0024753147*J2^5+0,-0.0069769509*J1^1*J2^4+0.0066992615*J2^5+0,0,0,0,0,0,0,0.0024753147*J1^1*J2^4+-0.0038932141*J2^5+0,0.0066992615*J1^1*J2^4+-0.0069769509*J2^5+0,0,0,0,0,0,0,0,0,0,0,0,0,0,0,0,0,0,0,0,0,0,0,0,0,0,0,0,0,0,0,0,0},
{0,0,0,0,0,0,0,0,0,0,0,0,0,0,0,0,0,0,0,0,0,0,0,0,0,0,0,0,0,0,0,0,0,0,0,0,0,0,0,0,0,0,0,0,0,0,0,0,0,0,0,0,-0.0022176107*J1^1*J2^4+0.0014326684*J2^5+0,-0.0014291236*J1^1*J2^4+0.0022477482*J2^5+0,0,0,0,0,0,0,0.0014326684*J1^1*J2^4+-0.0022176107*J2^5+0,0.0022477482*J1^1*J2^4+-0.0014291236*J2^5+0,0,0,0,0,0,0,0.0051622742*J1^1*J2^4+-0.0051622742*J2^5+0,0.0051998820*J1^1*J2^4+-0.0051998820*J2^5+0,0,0,0,0,0,0,0,0,0,0,0,0,0,0,0,0,0,0,0,0,0,0,0,0,0,0},
{0,0,0,0,0,0,0,0,0,0,0,0,0,0,0,0,0,0,0,0,0,0,0,0,0,0,0,0,0,0,0,0,0,0,0,0,0,0,0,0,0,0,0,0,0,0,0,0,0,0,0,0,-0.0014291236*J1^1*J2^4+0.0022477482*J2^5+0,-0.0038678205*J1^1*J2^4+0.0040281445*J2^5+0,0,0,0,0,0,0,0.0022477482*J1^1*J2^4+-0.0014291236*J2^5+0,0.0040281445*J1^1*J2^4+-0.0038678205*J2^5+0,0,0,0,0,0,0,0.0051998820*J1^1*J2^4+-0.0051998820*J2^5+0,0.0111665807*J1^1*J2^4+-0.0111665807*J2^5+0,0,0,0,0,0,0,0,0,0,0,0,0,0,0,0,0,0,0,0,0,0,0,0,0,0,0},
{0,0,0,0,0,0,0,0,0,0,0,0,0,0,0,0,0,0,0,0,0,0,0,0,0,0,0,0,0,0,0,0,0,0,0,0,0,0,0,0,0,0,0,0,0,0,0,0,0,0,0,0,0,0,-0.0022176107*J1^1*J2^4+0.0014326684*J2^5+0,-0.0014291236*J1^1*J2^4+0.0022477482*J2^5+0,0,0,0,0,0,0,0.0014326684*J1^1*J2^4+-0.0022176107*J2^5+0,0.0022477482*J1^1*J2^4+-0.0014291236*J2^5+0,0,0,0,0,0,0,0.0051622742*J1^1*J2^4+-0.0051622742*J2^5+0,0.0051998820*J1^1*J2^4+-0.0051998820*J2^5+0,0,0,0,0,0,0,0,0,0,0,0,0,0,0,0,0,0,0,0,0,0,0,0,0},
{0,0,0,0,0,0,0,0,0,0,0,0,0,0,0,0,0,0,0,0,0,0,0,0,0,0,0,0,0,0,0,0,0,0,0,0,0,0,0,0,0,0,0,0,0,0,0,0,0,0,0,0,0,0,-0.0014291236*J1^1*J2^4+0.0022477482*J2^5+0,-0.0038678205*J1^1*J2^4+0.0040281445*J2^5+0,0,0,0,0,0,0,0.0022477482*J1^1*J2^4+-0.0014291236*J2^5+0,0.0040281445*J1^1*J2^4+-0.0038678205*J2^5+0,0,0,0,0,0,0,0.0051998820*J1^1*J2^4+-0.0051998820*J2^5+0,0.0111665807*J1^1*J2^4+-0.0111665807*J2^5+0,0,0,0,0,0,0,0,0,0,0,0,0,0,0,0,0,0,0,0,0,0,0,0,0},
{0,0,0,0,0,0,0,0,0,0,0,0,0,0,0,0,0,0,0,0,0,0,0,0,0,0,0,0,0,0,0,0,0,0,0,0,0,0,0,0,0,0,0,0,0,0,0,0,0.0042980053*J1^1*J2^4+-0.0066528320*J2^5+0,0.0067432446*J1^1*J2^4+-0.0042873708*J2^5+0,0,0,0,0,0,0,-0.0066528320*J1^1*J2^4+0.0042980053*J2^5+0,-0.0042873708*J1^1*J2^4+0.0067432446*J2^5+0,0,0,0,0,0,0,0,0,0,0,0,0,0,0,0,0,0,0,0,0,0,0,0,0,0,0,0,0,0,0,0,0,0,0,0,0,0,0},
{0,0,0,0,0,0,0,0,0,0,0,0,0,0,0,0,0,0,0,0,0,0,0,0,0,0,0,0,0,0,0,0,0,0,0,0,0,0,0,0,0,0,0,0,0,0,0,0,0.0067432446*J1^1*J2^4+-0.0042873708*J2^5+0,0.0120844335*J1^1*J2^4+-0.0116034614*J2^5+0,0,0,0,0,0,0,-0.0042873708*J1^1*J2^4+0.0067432446*J2^5+0,-0.0116034614*J1^1*J2^4+0.0120844335*J2^5+0,0,0,0,0,0,0,0,0,0,0,0,0,0,0,0,0,0,0,0,0,0,0,0,0,0,0,0,0,0,0,0,0,0,0,0,0,0,0},
{0,0,0,0,0,0,0,0,0,0,0,0,0,0,0,0,0,0,0,0,0,0,0,0,0,0,0,0,0,0,0,0,0,0,0,0,0,0,0,0,0,0,0,0,0,0,0,0,0,0,0.0042980053*J1^1*J2^4+-0.0066528320*J2^5+0,0.0067432446*J1^1*J2^4+-0.0042873708*J2^5+0,0,0,0,0,0,0,-0.0066528320*J1^1*J2^4+0.0042980053*J2^5+0,-0.0042873708*J1^1*J2^4+0.0067432446*J2^5+0,0,0,0,0,0,0,0,0,0,0,0,0,0,0,0,0,0,0,0,0,0,0,0,0,0,0,0,0,0,0,0,0,0,0,0,0},
{0,0,0,0,0,0,0,0,0,0,0,0,0,0,0,0,0,0,0,0,0,0,0,0,0,0,0,0,0,0,0,0,0,0,0,0,0,0,0,0,0,0,0,0,0,0,0,0,0,0,0.0067432446*J1^1*J2^4+-0.0042873708*J2^5+0,0.0120844335*J1^1*J2^4+-0.0116034614*J2^5+0,0,0,0,0,0,0,-0.0042873708*J1^1*J2^4+0.0067432446*J2^5+0,-0.0116034614*J1^1*J2^4+0.0120844335*J2^5+0,0,0,0,0,0,0,0,0,0,0,0,0,0,0,0,0,0,0,0,0,0,0,0,0,0,0,0,0,0,0,0,0,0,0,0,0},
{0,0,0,0,0,0,0,0,0,0,0,0,0,0,0,0,0,0,0,0,0,0,0,0,0,0,0,0,0,0,0,0,0,0,0,0,0,0,0,0,0,0,0,0,0,0,0,0,0.0038410144*J1^1*J2^4+-0.0024814545*J2^5+0,0.0024753147*J1^1*J2^4+-0.0038932141*J2^5+0,0,0,0,0,0,0,-0.0024814545*J1^1*J2^4+0.0038410144*J2^5+0,-0.0038932141*J1^1*J2^4+0.0024753147*J2^5+0,0,0,0,0,0,0,-0.0089413212*J1^1*J2^4+0.0089413212*J2^5+0,-0.0090064598*J1^1*J2^4+0.0090064598*J2^5+0,0,0,0,0,0,0,0,0,0,0,0,0,0,0,0,0,0,0,0,0,0,0,0,0,0,0,0,0,0,0},
{0,0,0,0,0,0,0,0,0,0,0,0,0,0,0,0,0,0,0,0,0,0,0,0,0,0,0,0,0,0,0,0,0,0,0,0,0,0,0,0,0,0,0,0,0,0,0,0,0.0024753147*J1^1*J2^4+-0.0038932141*J2^5+0,0.0066992615*J1^1*J2^4+-0.0069769509*J2^5+0,0,0,0,0,0,0,-0.0038932141*J1^1*J2^4+0.0024753147*J2^5+0,-0.0069769509*J1^1*J2^4+0.0066992615*J2^5+0,0,0,0,0,0,0,-0.0090064598*J1^1*J2^4+0.0090064598*J2^5+0,-0.0193410852*J1^1*J2^4+0.0193410852*J2^5+0,0,0,0,0,0,0,0,0,0,0,0,0,0,0,0,0,0,0,0,0,0,0,0,0,0,0,0,0,0,0},
{0,0,0,0,0,0,0,0,0,0,0,0,0,0,0,0,0,0,0,0,0,0,0,0,0,0,0,0,0,0,0,0,0,0,0,0,0,0,0,0,0,0,0,0,0,0,0,0,0,0,0.0038410144*J1^1*J2^4+-0.0024814545*J2^5+0,0.0024753147*J1^1*J2^4+-0.0038932141*J2^5+0,0,0,0,0,0,0,-0.0024814545*J1^1*J2^4+0.0038410144*J2^5+0,-0.0038932141*J1^1*J2^4+0.0024753147*J2^5+0,0,0,0,0,0,0,-0.0089413212*J1^1*J2^4+0.0089413212*J2^5+0,-0.0090064598*J1^1*J2^4+0.0090064598*J2^5+0,0,0,0,0,0,0,0,0,0,0,0,0,0,0,0,0,0,0,0,0,0,0,0,0,0,0,0,0},
{0,0,0,0,0,0,0,0,0,0,0,0,0,0,0,0,0,0,0,0,0,0,0,0,0,0,0,0,0,0,0,0,0,0,0,0,0,0,0,0,0,0,0,0,0,0,0,0,0,0,0.0024753147*J1^1*J2^4+-0.0038932141*J2^5+0,0.0066992615*J1^1*J2^4+-0.0069769509*J2^5+0,0,0,0,0,0,0,-0.0038932141*J1^1*J2^4+0.0024753147*J2^5+0,-0.0069769509*J1^1*J2^4+0.0066992615*J2^5+0,0,0,0,0,0,0,-0.0090064598*J1^1*J2^4+0.0090064598*J2^5+0,-0.0193410852*J1^1*J2^4+0.0193410852*J2^5+0,0,0,0,0,0,0,0,0,0,0,0,0,0,0,0,0,0,0,0,0,0,0,0,0,0,0,0,0},
{0,0,0,0,0,0,0,0,0,0,0,0,0,0,0,0,0,0,0,0,0,0,0,0,0,0,0,0,0,0,0,0,0,0,0,0,0,0,0,0,0,0,0,0,0,0,0,0,0,0,0,0,0.0035093066*J1^1*J2^4+-0.0054320146*J2^5+0,0.0055058362*J1^1*J2^4+-0.0035006236*J2^5+0,0,0,0,0,0,0,-0.0054320146*J1^1*J2^4+0.0035093066*J2^5+0,-0.0035006236*J1^1*J2^4+0.0055058362*J2^5+0,0,0,0,0,0,0,0,0,0,0,0,0,0,0,0,0,0,0,0,0,0,0,0,0,0,0,0,0,0,0,0,0,0,0},
{0,0,0,0,0,0,0,0,0,0,0,0,0,0,0,0,0,0,0,0,0,0,0,0,0,0,0,0,0,0,0,0,0,0,0,0,0,0,0,0,0,0,0,0,0,0,0,0,0,0,0,0,0.0055058362*J1^1*J2^4+-0.0035006236*J2^5+0,0.0098668986*J1^1*J2^4+-0.0094741865*J2^5+0,0,0,0,0,0,0,-0.0035006236*J1^1*J2^4+0.0055058362*J2^5+0,-0.0094741865*J1^1*J2^4+0.0098668986*J2^5+0,0,0,0,0,0,0,0,0,0,0,0,0,0,0,0,0,0,0,0,0,0,0,0,0,0,0,0,0,0,0,0,0,0,0},
{0,0,0,0,0,0,0,0,0,0,0,0,0,0,0,0,0,0,0,0,0,0,0,0,0,0,0,0,0,0,0,0,0,0,0,0,0,0,0,0,0,0,0,0,0,0,0,0,0,0,0,0,0,0,0.0035093066*J1^1*J2^4+-0.0054320146*J2^5+0,0.0055058362*J1^1*J2^4+-0.0035006236*J2^5+0,0,0,0,0,0,0,-0.0054320146*J1^1*J2^4+0.0035093066*J2^5+0,-0.0035006236*J1^1*J2^4+0.0055058362*J2^5+0,0,0,0,0,0,0,0,0,0,0,0,0,0,0,0,0,0,0,0,0,0,0,0,0,0,0,0,0,0,0,0,0},
{0,0,0,0,0,0,0,0,0,0,0,0,0,0,0,0,0,0,0,0,0,0,0,0,0,0,0,0,0,0,0,0,0,0,0,0,0,0,0,0,0,0,0,0,0,0,0,0,0,0,0,0,0,0,0.0055058362*J1^1*J2^4+-0.0035006236*J2^5+0,0.0098668986*J1^1*J2^4+-0.0094741865*J2^5+0,0,0,0,0,0,0,-0.0035006236*J1^1*J2^4+0.0055058362*J2^5+0,-0.0094741865*J1^1*J2^4+0.0098668986*J2^5+0,0,0,0,0,0,0,0,0,0,0,0,0,0,0,0,0,0,0,0,0,0,0,0,0,0,0,0,0,0,0,0,0},
{0,0,0,0,0,0,0,0,0,0,0,0,0,0,0,0,0,0,0,0,0,0,0,0,0,0,0,0,0,0,0,0,0,0,0,0,0,0,0,0,0,0,0,0,0,0,0,0,0,0,0,0,0.0031361751*J1^1*J2^4+-0.0020260991*J2^5+0,0.0020210860*J1^1*J2^4+-0.0031787960*J2^5+0,0,0,0,0,0,0,-0.0020260991*J1^1*J2^4+0.0031361751*J2^5+0,-0.0031787960*J1^1*J2^4+0.0020210860*J2^5+0,0,0,0,0,0,0,-0.0073005582*J1^1*J2^4+0.0073005582*J2^5+0,-0.0073537436*J1^1*J2^4+0.0073537436*J2^5+0,0,0,0,0,0,0,0,0,0,0,0,0,0,0,0,0,0,0,0,0,0,0,0,0,0,0},
{0,0,0,0,0,0,0,0,0,0,0,0,0,0,0,0,0,0,0,0,0,0,0,0,0,0,0,0,0,0,0,0,0,0,0,0,0,0,0,0,0,0,0,0,0,0,0,0,0,0,0,0,0.0020210860*J1^1*J2^4+-0.0031787960*J2^5+0,0.0054699241*J1^1*J2^4+-0.0056966566*J2^5+0,0,0,0,0,0,0,-0.0031787960*J1^1*J2^4+0.0020210860*J2^5+0,-0.0056966566*J1^1*J2^4+0.0054699241*J2^5+0,0,0,0,0,0,0,-0.0073537436*J1^1*J2^4+0.0073537436*J2^5+0,-0.0157919299*J1^1*J2^4+0.0157919299*J2^5+0,0,0,0,0,0,0,0,0,0,0,0,0,0,0,0,0,0,0,0,0,0,0,0,0,0,0},
{0,0,0,0,0,0,0,0,0,0,0,0,0,0,0,0,0,0,0,0,0,0,0,0,0,0,0,0,0,0,0,0,0,0,0,0,0,0,0,0,0,0,0,0,0,0,0,0,0,0,0,0,0,0,0.0031361751*J1^1*J2^4+-0.0020260991*J2^5+0,0.0020210860*J1^1*J2^4+-0.0031787960*J2^5+0,0,0,0,0,0,0,-0.0020260991*J1^1*J2^4+0.0031361751*J2^5+0,-0.0031787960*J1^1*J2^4+0.0020210860*J2^5+0,0,0,0,0,0,0,-0.0073005582*J1^1*J2^4+0.0073005582*J2^5+0,-0.0073537436*J1^1*J2^4+0.0073537436*J2^5+0,0,0,0,0,0,0,0,0,0,0,0,0,0,0,0,0,0,0,0,0,0,0,0,0},
{0,0,0,0,0,0,0,0,0,0,0,0,0,0,0,0,0,0,0,0,0,0,0,0,0,0,0,0,0,0,0,0,0,0,0,0,0,0,0,0,0,0,0,0,0,0,0,0,0,0,0,0,0,0,0.0020210860*J1^1*J2^4+-0.0031787960*J2^5+0,0.0054699241*J1^1*J2^4+-0.0056966566*J2^5+0,0,0,0,0,0,0,-0.0031787960*J1^1*J2^4+0.0020210860*J2^5+0,-0.0056966566*J1^1*J2^4+0.0054699241*J2^5+0,0,0,0,0,0,0,-0.0073537436*J1^1*J2^4+0.0073537436*J2^5+0,-0.0157919299*J1^1*J2^4+0.0157919299*J2^5+0,0,0,0,0,0,0,0,0,0,0,0,0,0,0,0,0,0,0,0,0,0,0,0,0}
}