96
{{0,0,0,0,0,0,0,0,0,0,0,0,0,0,0,0,0,0,0,0,0,0,0,0,0,0,0,0,0,0,0,0,0,0,0,0,0,0,0,0,0,0,0,0,0,0,0,0,0,-0.0081283851*J1^1*J2^4+0,0,0.0037235966*J2^5+0,0,0,0,0,0,-0.0081283851*J2^5+0,0,0.0037235966*J1^1*J2^4+0,0,0,0,0,0,0,0,0,0,0,0,0,0,0,0,0,0,0,0,0,0,0,0,0,0,0,0,0,0,0,0,0,0,0,0,0},
{0,0,0,0,0,0,0,0,0,0,0,0,0,0,0,0,0,0,0,0,0,0,0,0,0,0,0,0,0,0,0,0,0,0,0,0,0,0,0,0,0,0,0,0,0,0,0,0,0,0.0010360906*J2^5+0,0,-0.0024118908*J1^1*J2^4+0.0006923310*J2^5+0,0,0,0,0,0,0.0010360906*J1^1*J2^4+0,0,0.0006923310*J1^1*J2^4+-0.0024118908*J2^5+0,0,0,0,0,0,0,0,0,0,0,0,0,0,0,0,0,0,0,0,0,0,0,0,0,0,0,0,0,0,0,0,0,0,0,0,0},
{0,0,0,0,0,0,0,0,0,0,0,0,0,0,0,0,0,0,0,0,0,0,0,0,0,0,0,0,0,0,0,0,0,0,0,0,0,0,0,0,0,0,0,0,0,0,0,0,0,0.0046929253*J2^5+0,0,-0.0021498195*J1^1*J2^4+0,0,0,0,0,0,0.0046929253*J1^1*J2^4+0,0,-0.0021498195*J2^5+0,0,0,0,0,0,0.0066367987*J1^1*J2^4+-0.0066367987*J2^5+0,0,0.0030403039*J1^1*J2^4+-0.0030403039*J2^5+0,0,0,0,0,0,0,0,0,0,0,0,0,0,0,0,0,0,0,0,0,0,0,0,0,0,0,0,0},
{0,0,0,0,0,0,0,0,0,0,0,0,0,0,0,0,0,0,0,0,0,0,0,0,0,0,0,0,0,0,0,0,0,0,0,0,0,0,0,0,0,0,0,0,0,0,0,0,0,-0.0005981872*J1^1*J2^4+0,0,-0.0003997175*J1^1*J2^4+0.0013925058*J2^5+0,0,0,0,0,0,-0.0005981872*J2^5+0,0,0.0013925058*J1^1*J2^4+-0.0003997175*J2^5+0,0,0,0,0,0,0.0008459644*J1^1*J2^4+-0.0008459644*J2^5+0,0,0.0025345865*J1^1*J2^4+-0.0025345865*J2^5+0,0,0,0,0,0,0,0,0,0,0,0,0,0,0,0,0,0,0,0,0,0,0,0,0,0,0,0,0},
{0,0,0,0,0,0,0,0,0,0,0,0,0,0,0,0,0,0,0,0,0,0,0,0,0,0,0,0,0,0,0,0,0,0,0,0,0,0,0,0,0,0,0,0,0,0,0,0,0,0,0,0,0,-0.0081283851*J1^1*J2^4+0,0,0.0037235966*J2^5+0,0,0,0,0,0,-0.0081283851*J2^5+0,0,0.0037235966*J1^1*J2^4+0,0,0,0,0,0,0,0,0,0,0,0,0,0,0,0,0,0,0,0,0,0,0,0,0,0,0,0,0,0,0,0,0},
{0,0,0,0,0,0,0,0,0,0,0,0,0,0,0,0,0,0,0,0,0,0,0,0,0,0,0,0,0,0,0,0,0,0,0,0,0,0,0,0,0,0,0,0,0,0,0,0,0,0,0,0,0,0.0010360906*J2^5+0,0,-0.0024118908*J1^1*J2^4+0.0006923310*J2^5+0,0,0,0,0,0,0.0010360906*J1^1*J2^4+0,0,0.0006923310*J1^1*J2^4+-0.0024118908*J2^5+0,0,0,0,0,0,0,0,0,0,0,0,0,0,0,0,0,0,0,0,0,0,0,0,0,0,0,0,0,0,0,0,0},
{0,0,0,0,0,0,0,0,0,0,0,0,0,0,0,0,0,0,0,0,0,0,0,0,0,0,0,0,0,0,0,0,0,0,0,0,0,0,0,0,0,0,0,0,0,0,0,0,0,0,0,0,0,0.0046929253*J2^5+0,0,-0.0021498195*J1^1*J2^4+0,0,0,0,0,0,0.0046929253*J1^1*J2^4+0,0,-0.0021498195*J2^5+0,0,0,0,0,0,0.0066367987*J1^1*J2^4+-0.0066367987*J2^5+0,0,0.0030403039*J1^1*J2^4+-0.0030403039*J2^5+0,0,0,0,0,0,0,0,0,0,0,0,0,0,0,0,0,0,0,0,0,0,0,0,0},
{0,0,0,0,0,0,0,0,0,0,0,0,0,0,0,0,0,0,0,0,0,0,0,0,0,0,0,0,0,0,0,0,0,0,0,0,0,0,0,0,0,0,0,0,0,0,0,0,0,0,0,0,0,-0.0005981872*J1^1*J2^4+0,0,-0.0003997175*J1^1*J2^4+0.0013925058*J2^5+0,0,0,0,0,0,-0.0005981872*J2^5+0,0,0.0013925058*J1^1*J2^4+-0.0003997175*J2^5+0,0,0,0,0,0,0.0008459644*J1^1*J2^4+-0.0008459644*J2^5+0,0,0.0025345865*J1^1*J2^4+-0.0025345865*J2^5+0,0,0,0,0,0,0,0,0,0,0,0,0,0,0,0,0,0,0,0,0,0,0,0,0},
{0,0,0,0,0,0,0,0,0,0,0,0,0,0,0,0,0,0,0,0,0,0,0,0,0,0,0,0,0,0,0,0,0,0,0,0,0,0,0,0,0,0,0,0,0,0,0,0,0.0140787760*J1^1*J2^4+0,0,-0.0064494586*J2^5+0,0,0,0,0,0,0.0140787760*J2^5+0,0,-0.0064494586*J1^1*J2^4+0,0,0,0,0,0,0,0,0,0,0,0,0,0,0,0,0,0,0,0,0,0,0,0,0,0,0,0,0,0,0,0,0,0,0,0,0,0},
{0,0,0,0,0,0,0,0,0,0,0,0,0,0,0,0,0,0,0,0,0,0,0,0,0,0,0,0,0,0,0,0,0,0,0,0,0,0,0,0,0,0,0,0,0,0,0,0,-0.0017945616*J2^5+0,0,0.0041775174*J1^1*J2^4+-0.0011991524*J2^5+0,0,0,0,0,0,-0.0017945616*J1^1*J2^4+0,0,-0.0011991524*J1^1*J2^4+0.0041775174*J2^5+0,0,0,0,0,0,0,0,0,0,0,0,0,0,0,0,0,0,0,0,0,0,0,0,0,0,0,0,0,0,0,0,0,0,0,0,0,0},
{0,0,0,0,0,0,0,0,0,0,0,0,0,0,0,0,0,0,0,0,0,0,0,0,0,0,0,0,0,0,0,0,0,0,0,0,0,0,0,0,0,0,0,0,0,0,0,0,-0.0081283851*J2^5+0,0,0.0037235966*J1^1*J2^4+0,0,0,0,0,0,-0.0081283851*J1^1*J2^4+0,0,0.0037235966*J2^5+0,0,0,0,0,0,-0.0114952725*J1^1*J2^4+0.0114952725*J2^5+0,0,-0.0052659609*J1^1*J2^4+0.0052659609*J2^5+0,0,0,0,0,0,0,0,0,0,0,0,0,0,0,0,0,0,0,0,0,0,0,0,0,0,0,0,0,0},
{0,0,0,0,0,0,0,0,0,0,0,0,0,0,0,0,0,0,0,0,0,0,0,0,0,0,0,0,0,0,0,0,0,0,0,0,0,0,0,0,0,0,0,0,0,0,0,0,0.0010360906*J1^1*J2^4+0,0,0.0006923310*J1^1*J2^4+-0.0024118908*J2^5+0,0,0,0,0,0,0.0010360906*J2^5+0,0,-0.0024118908*J1^1*J2^4+0.0006923310*J2^5+0,0,0,0,0,0,-0.0014652534*J1^1*J2^4+0.0014652534*J2^5+0,0,-0.0043900325*J1^1*J2^4+0.0043900325*J2^5+0,0,0,0,0,0,0,0,0,0,0,0,0,0,0,0,0,0,0,0,0,0,0,0,0,0,0,0,0,0},
{0,0,0,0,0,0,0,0,0,0,0,0,0,0,0,0,0,0,0,0,0,0,0,0,0,0,0,0,0,0,0,0,0,0,0,0,0,0,0,0,0,0,0,0,0,0,0,0,0,0,0,0,0.0140787760*J1^1*J2^4+0,0,-0.0064494586*J2^5+0,0,0,0,0,0,0.0140787760*J2^5+0,0,-0.0064494586*J1^1*J2^4+0,0,0,0,0,0,0,0,0,0,0,0,0,0,0,0,0,0,0,0,0,0,0,0,0,0,0,0,0,0,0,0,0,0},
{0,0,0,0,0,0,0,0,0,0,0,0,0,0,0,0,0,0,0,0,0,0,0,0,0,0,0,0,0,0,0,0,0,0,0,0,0,0,0,0,0,0,0,0,0,0,0,0,0,0,0,0,-0.0017945616*J2^5+0,0,0.0041775174*J1^1*J2^4+-0.0011991524*J2^5+0,0,0,0,0,0,-0.0017945616*J1^1*J2^4+0,0,-0.0011991524*J1^1*J2^4+0.0041775174*J2^5+0,0,0,0,0,0,0,0,0,0,0,0,0,0,0,0,0,0,0,0,0,0,0,0,0,0,0,0,0,0,0,0,0,0},
{0,0,0,0,0,0,0,0,0,0,0,0,0,0,0,0,0,0,0,0,0,0,0,0,0,0,0,0,0,0,0,0,0,0,0,0,0,0,0,0,0,0,0,0,0,0,0,0,0,0,0,0,-0.0081283851*J2^5+0,0,0.0037235966*J1^1*J2^4+0,0,0,0,0,0,-0.0081283851*J1^1*J2^4+0,0,0.0037235966*J2^5+0,0,0,0,0,0,-0.0114952725*J1^1*J2^4+0.0114952725*J2^5+0,0,-0.0052659609*J1^1*J2^4+0.0052659609*J2^5+0,0,0,0,0,0,0,0,0,0,0,0,0,0,0,0,0,0,0,0,0,0,0,0,0,0},
{0,0,0,0,0,0,0,0,0,0,0,0,0,0,0,0,0,0,0,0,0,0,0,0,0,0,0,0,0,0,0,0,0,0,0,0,0,0,0,0,0,0,0,0,0,0,0,0,0,0,0,0,0.0010360906*J1^1*J2^4+0,0,0.0006923310*J1^1*J2^4+-0.0024118908*J2^5+0,0,0,0,0,0,0.0010360906*J2^5+0,0,-0.0024118908*J1^1*J2^4+0.0006923310*J2^5+0,0,0,0,0,0,-0.0014652534*J1^1*J2^4+0.0014652534*J2^5+0,0,-0.0043900325*J1^1*J2^4+0.0043900325*J2^5+0,0,0,0,0,0,0,0,0,0,0,0,0,0,0,0,0,0,0,0,0,0,0,0,0,0},
{0,0,0,0,0,0,0,0,0,0,0,0,0,0,0,0,0,0,0,0,0,0,0,0,0,0,0,0,0,0,0,0,0,0,0,0,0,0,0,0,0,0,0,0,0,0,0,0,0,-0.0114952725*J1^1*J2^4+0,0,0.0052659609*J2^5+0,0,0,0,0,0,-0.0114952725*J2^5+0,0,0.0052659609*J1^1*J2^4+0,0,0,0,0,0,0,0,0,0,0,0,0,0,0,0,0,0,0,0,0,0,0,0,0,0,0,0,0,0,0,0,0,0,0,0,0},
{0,0,0,0,0,0,0,0,0,0,0,0,0,0,0,0,0,0,0,0,0,0,0,0,0,0,0,0,0,0,0,0,0,0,0,0,0,0,0,0,0,0,0,0,0,0,0,0,0,0.0014652534*J2^5+0,0,-0.0034109286*J1^1*J2^4+0.0009791039*J2^5+0,0,0,0,0,0,0.0014652534*J1^1*J2^4+0,0,0.0009791039*J1^1*J2^4+-0.0034109286*J2^5+0,0,0,0,0,0,0,0,0,0,0,0,0,0,0,0,0,0,0,0,0,0,0,0,0,0,0,0,0,0,0,0,0,0,0,0,0},
{0,0,0,0,0,0,0,0,0,0,0,0,0,0,0,0,0,0,0,0,0,0,0,0,0,0,0,0,0,0,0,0,0,0,0,0,0,0,0,0,0,0,0,0,0,0,0,0,0,0.0066367987*J2^5+0,0,-0.0030403039*J1^1*J2^4+0,0,0,0,0,0,0.0066367987*J1^1*J2^4+0,0,-0.0030403039*J2^5+0,0,0,0,0,0,0.0093858507*J1^1*J2^4+-0.0093858507*J2^5+0,0,0.0042996390*J1^1*J2^4+-0.0042996390*J2^5+0,0,0,0,0,0,0,0,0,0,0,0,0,0,0,0,0,0,0,0,0,0,0,0,0,0,0,0,0},
{0,0,0,0,0,0,0,0,0,0,0,0,0,0,0,0,0,0,0,0,0,0,0,0,0,0,0,0,0,0,0,0,0,0,0,0,0,0,0,0,0,0,0,0,0,0,0,0,0,-0.0008459644*J1^1*J2^4+0,0,-0.0005652859*J1^1*J2^4+0.0019693006*J2^5+0,0,0,0,0,0,-0.0008459644*J2^5+0,0,0.0019693006*J1^1*J2^4+-0.0005652859*J2^5+0,0,0,0,0,0,0.0011963744*J1^1*J2^4+-0.0011963744*J2^5+0,0,0.0035844465*J1^1*J2^4+-0.0035844465*J2^5+0,0,0,0,0,0,0,0,0,0,0,0,0,0,0,0,0,0,0,0,0,0,0,0,0,0,0,0,0},
{0,0,0,0,0,0,0,0,0,0,0,0,0,0,0,0,0,0,0,0,0,0,0,0,0,0,0,0,0,0,0,0,0,0,0,0,0,0,0,0,0,0,0,0,0,0,0,0,0,0,0,0,0,-0.0114952725*J1^1*J2^4+0,0,0.0052659609*J2^5+0,0,0,0,0,0,-0.0114952725*J2^5+0,0,0.0052659609*J1^1*J2^4+0,0,0,0,0,0,0,0,0,0,0,0,0,0,0,0,0,0,0,0,0,0,0,0,0,0,0,0,0,0,0,0,0},
{0,0,0,0,0,0,0,0,0,0,0,0,0,0,0,0,0,0,0,0,0,0,0,0,0,0,0,0,0,0,0,0,0,0,0,0,0,0,0,0,0,0,0,0,0,0,0,0,0,0,0,0,0,0.0014652534*J2^5+0,0,-0.0034109286*J1^1*J2^4+0.0009791039*J2^5+0,0,0,0,0,0,0.0014652534*J1^1*J2^4+0,0,0.0009791039*J1^1*J2^4+-0.0034109286*J2^5+0,0,0,0,0,0,0,0,0,0,0,0,0,0,0,0,0,0,0,0,0,0,0,0,0,0,0,0,0,0,0,0,0},
{0,0,0,0,0,0,0,0,0,0,0,0,0,0,0,0,0,0,0,0,0,0,0,0,0,0,0,0,0,0,0,0,0,0,0,0,0,0,0,0,0,0,0,0,0,0,0,0,0,0,0,0,0,0.0066367987*J2^5+0,0,-0.0030403039*J1^1*J2^4+0,0,0,0,0,0,0.0066367987*J1^1*J2^4+0,0,-0.0030403039*J2^5+0,0,0,0,0,0,0.0093858507*J1^1*J2^4+-0.0093858507*J2^5+0,0,0.0042996390*J1^1*J2^4+-0.0042996390*J2^5+0,0,0,0,0,0,0,0,0,0,0,0,0,0,0,0,0,0,0,0,0,0,0,0,0},
{0,0,0,0,0,0,0,0,0,0,0,0,0,0,0,0,0,0,0,0,0,0,0,0,0,0,0,0,0,0,0,0,0,0,0,0,0,0,0,0,0,0,0,0,0,0,0,0,0,0,0,0,0,-0.0008459644*J1^1*J2^4+0,0,-0.0005652859*J1^1*J2^4+0.0019693006*J2^5+0,0,0,0,0,0,-0.0008459644*J2^5+0,0,0.0019693006*J1^1*J2^4+-0.0005652859*J2^5+0,0,0,0,0,0,0.0011963744*J1^1*J2^4+-0.0011963744*J2^5+0,0,0.0035844465*J1^1*J2^4+-0.0035844465*J2^5+0,0,0,0,0,0,0,0,0,0,0,0,0,0,0,0,0,0,0,0,0,0,0,0,0},
{0,0,0,0,0,0,0,0,0,0,0,0,0,0,0,0,0,0,0,0,0,0,0,0,0,0,0,0,0,0,0,0,0,0,0,0,0,0,0,0,0,0,0,0,0,0,0,0,0.0050169391*J2^5+0,0,-0.0048803374*J1^1*J2^4+0,0,0,0,0,0,0.0050169391*J1^1*J2^4+0,0,-0.0048803374*J2^5+0,0,0,0,0,0,0,0,0,0,0,0,0,0,0,0,0,0,0,0,0,0,0,0,0,0,0,0,0,0,0,0,0,0,0,0,0,0},
{0,0,0,0,0,0,0,0,0,0,0,0,0,0,0,0,0,0,0,0,0,0,0,0,0,0,0,0,0,0,0,0,0,0,0,0,0,0,0,0,0,0,0,0,0,0,0,0,0,0.0050169391*J2^5+0,0,-0.0048803374*J1^1*J2^4+0,0,0,0,0,0,0.0050169391*J1^1*J2^4+0,0,-0.0048803374*J2^5+0,0,0,0,0,0,0,0,0,0,0,0,0,0,0,0,0,0,0,0,0,0,0,0,0,0,0,0,0,0,0,0,0,0,0,0,0},
{0,0,0,0,0,0,0,0,0,0,0,0,0,0,0,0,0,0,0,0,0,0,0,0,0,0,0,0,0,0,0,0,0,0,0,0,0,0,0,0,0,0,0,0,0,0,0,0,-0.0028965312*J1^1*J2^4+0,0,0.0028176641*J2^5+0,0,0,0,0,0,-0.0028965312*J2^5+0,0,0.0028176641*J1^1*J2^4+0,0,0,0,0,0,0.0040963137*J1^1*J2^4+-0.0040963137*J2^5+0,0,0.0039847788*J1^1*J2^4+-0.0039847788*J2^5+0,0,0,0,0,0,0,0,0,0,0,0,0,0,0,0,0,0,0,0,0,0,0,0,0,0,0,0,0,0},
{0,0,0,0,0,0,0,0,0,0,0,0,0,0,0,0,0,0,0,0,0,0,0,0,0,0,0,0,0,0,0,0,0,0,0,0,0,0,0,0,0,0,0,0,0,0,0,0,0,-0.0028965312*J1^1*J2^4+0,0,0.0028176641*J2^5+0,0,0,0,0,0,-0.0028965312*J2^5+0,0,0.0028176641*J1^1*J2^4+0,0,0,0,0,0,0.0040963137*J1^1*J2^4+-0.0040963137*J2^5+0,0,0.0039847788*J1^1*J2^4+-0.0039847788*J2^5+0,0,0,0,0,0,0,0,0,0,0,0,0,0,0,0,0,0,0,0,0,0,0,0,0,0,0,0,0},
{0,0,0,0,0,0,0,0,0,0,0,0,0,0,0,0,0,0,0,0,0,0,0,0,0,0,0,0,0,0,0,0,0,0,0,0,0,0,0,0,0,0,0,0,0,0,0,0,0,0,0,0,0.0050169391*J2^5+0,0,-0.0048803374*J1^1*J2^4+0,0,0,0,0,0,0.0050169391*J1^1*J2^4+0,0,-0.0048803374*J2^5+0,0,0,0,0,0,0,0,0,0,0,0,0,0,0,0,0,0,0,0,0,0,0,0,0,0,0,0,0,0,0,0,0,0},
{0,0,0,0,0,0,0,0,0,0,0,0,0,0,0,0,0,0,0,0,0,0,0,0,0,0,0,0,0,0,0,0,0,0,0,0,0,0,0,0,0,0,0,0,0,0,0,0,0,0,0,0,0,0.0050169391*J2^5+0,0,-0.0048803374*J1^1*J2^4+0,0,0,0,0,0,0.0050169391*J1^1*J2^4+0,0,-0.0048803374*J2^5+0,0,0,0,0,0,0,0,0,0,0,0,0,0,0,0,0,0,0,0,0,0,0,0,0,0,0,0,0,0,0,0,0},
{0,0,0,0,0,0,0,0,0,0,0,0,0,0,0,0,0,0,0,0,0,0,0,0,0,0,0,0,0,0,0,0,0,0,0,0,0,0,0,0,0,0,0,0,0,0,0,0,0,0,0,0,-0.0028965312*J1^1*J2^4+0,0,0.0028176641*J2^5+0,0,0,0,0,0,-0.0028965312*J2^5+0,0,0.0028176641*J1^1*J2^4+0,0,0,0,0,0,0.0040963137*J1^1*J2^4+-0.0040963137*J2^5+0,0,0.0039847788*J1^1*J2^4+-0.0039847788*J2^5+0,0,0,0,0,0,0,0,0,0,0,0,0,0,0,0,0,0,0,0,0,0,0,0,0,0},
{0,0,0,0,0,0,0,0,0,0,0,0,0,0,0,0,0,0,0,0,0,0,0,0,0,0,0,0,0,0,0,0,0,0,0,0,0,0,0,0,0,0,0,0,0,0,0,0,0,0,0,0,0,-0.0028965312*J1^1*J2^4+0,0,0.0028176641*J2^5+0,0,0,0,0,0,-0.0028965312*J2^5+0,0,0.0028176641*J1^1*J2^4+0,0,0,0,0,0,0.0040963137*J1^1*J2^4+-0.0040963137*J2^5+0,0,0.0039847788*J1^1*J2^4+-0.0039847788*J2^5+0,0,0,0,0,0,0,0,0,0,0,0,0,0,0,0,0,0,0,0,0,0,0,0,0},
{0,0,0,0,0,0,0,0,0,0,0,0,0,0,0,0,0,0,0,0,0,0,0,0,0,0,0,0,0,0,0,0,0,0,0,0,0,0,0,0,0,0,0,0,0,0,0,0,0.0188802083*J1^1*J2^4+0,0,-0.0081753700*J2^5+0,0,0,0,0,0,0.0188802083*J2^5+0,0,-0.0081753700*J1^1*J2^4+0,0,0,0,0,0,0,0,0,0,0,0,0,0,0,0,0,0,0,0,0,0,0,0,0,0,0,0,0,0,0,0,0,0,0,0,0,0},
{0,0,0,0,0,0,0,0,0,0,0,0,0,0,0,0,0,0,0,0,0,0,0,0,0,0,0,0,0,0,0,0,0,0,0,0,0,0,0,0,0,0,0,0,0,0,0,0,0,0.0188802083*J1^1*J2^4+0,0,-0.0081753700*J2^5+0,0,0,0,0,0,0.0188802083*J2^5+0,0,-0.0081753700*J1^1*J2^4+0,0,0,0,0,0,0,0,0,0,0,0,0,0,0,0,0,0,0,0,0,0,0,0,0,0,0,0,0,0,0,0,0,0,0,0,0},
{0,0,0,0,0,0,0,0,0,0,0,0,0,0,0,0,0,0,0,0,0,0,0,0,0,0,0,0,0,0,0,0,0,0,0,0,0,0,0,0,0,0,0,0,0,0,0,0,-0.0109004934*J2^5+0,0,0.0047200521*J1^1*J2^4+0,0,0,0,0,0,-0.0109004934*J1^1*J2^4+0,0,0.0047200521*J2^5+0,0,0,0,0,0,-0.0154156256*J1^1*J2^4+0.0154156256*J2^5+0,0,-0.0066751617*J1^1*J2^4+0.0066751617*J2^5+0,0,0,0,0,0,0,0,0,0,0,0,0,0,0,0,0,0,0,0,0,0,0,0,0,0,0,0,0,0},
{0,0,0,0,0,0,0,0,0,0,0,0,0,0,0,0,0,0,0,0,0,0,0,0,0,0,0,0,0,0,0,0,0,0,0,0,0,0,0,0,0,0,0,0,0,0,0,0,0,-0.0109004934*J2^5+0,0,0.0047200521*J1^1*J2^4+0,0,0,0,0,0,-0.0109004934*J1^1*J2^4+0,0,0.0047200521*J2^5+0,0,0,0,0,0,-0.0154156256*J1^1*J2^4+0.0154156256*J2^5+0,0,-0.0066751617*J1^1*J2^4+0.0066751617*J2^5+0,0,0,0,0,0,0,0,0,0,0,0,0,0,0,0,0,0,0,0,0,0,0,0,0,0,0,0,0},
{0,0,0,0,0,0,0,0,0,0,0,0,0,0,0,0,0,0,0,0,0,0,0,0,0,0,0,0,0,0,0,0,0,0,0,0,0,0,0,0,0,0,0,0,0,0,0,0,0,0,0,0,0.0188802083*J1^1*J2^4+0,0,-0.0081753700*J2^5+0,0,0,0,0,0,0.0188802083*J2^5+0,0,-0.0081753700*J1^1*J2^4+0,0,0,0,0,0,0,0,0,0,0,0,0,0,0,0,0,0,0,0,0,0,0,0,0,0,0,0,0,0,0,0,0,0},
{0,0,0,0,0,0,0,0,0,0,0,0,0,0,0,0,0,0,0,0,0,0,0,0,0,0,0,0,0,0,0,0,0,0,0,0,0,0,0,0,0,0,0,0,0,0,0,0,0,0,0,0,0,0.0188802083*J1^1*J2^4+0,0,-0.0081753700*J2^5+0,0,0,0,0,0,0.0188802083*J2^5+0,0,-0.0081753700*J1^1*J2^4+0,0,0,0,0,0,0,0,0,0,0,0,0,0,0,0,0,0,0,0,0,0,0,0,0,0,0,0,0,0,0,0,0},
{0,0,0,0,0,0,0,0,0,0,0,0,0,0,0,0,0,0,0,0,0,0,0,0,0,0,0,0,0,0,0,0,0,0,0,0,0,0,0,0,0,0,0,0,0,0,0,0,0,0,0,0,-0.0109004934*J2^5+0,0,0.0047200521*J1^1*J2^4+0,0,0,0,0,0,-0.0109004934*J1^1*J2^4+0,0,0.0047200521*J2^5+0,0,0,0,0,0,-0.0154156256*J1^1*J2^4+0.0154156256*J2^5+0,0,-0.0066751617*J1^1*J2^4+0.0066751617*J2^5+0,0,0,0,0,0,0,0,0,0,0,0,0,0,0,0,0,0,0,0,0,0,0,0,0,0},
{0,0,0,0,0,0,0,0,0,0,0,0,0,0,0,0,0,0,0,0,0,0,0,0,0,0,0,0,0,0,0,0,0,0,0,0,0,0,0,0,0,0,0,0,0,0,0,0,0,0,0,0,0,-0.0109004934*J2^5+0,0,0.0047200521*J1^1*J2^4+0,0,0,0,0,0,-0.0109004934*J1^1*J2^4+0,0,0.0047200521*J2^5+0,0,0,0,0,0,-0.0154156256*J1^1*J2^4+0.0154156256*J2^5+0,0,-0.0066751617*J1^1*J2^4+0.0066751617*J2^5+0,0,0,0,0,0,0,0,0,0,0,0,0,0,0,0,0,0,0,0,0,0,0,0,0},
{0,0,0,0,0,0,0,0,0,0,0,0,0,0,0,0,0,0,0,0,0,0,0,0,0,0,0,0,0,0,0,0,0,0,0,0,0,0,0,0,0,0,0,0,0,0,0,0,0,0,0.0035288510*J1^1*J2^4+-0.0019562800*J2^5+0,0,0,0,0,0,0,0,-0.0019562800*J1^1*J2^4+0.0035288510*J2^5+0,0,0,0,0,0,0,0,0,0,0,0,0,0,0,0,0,0,0,0,0,0,0,0,0,0,0,0,0,0,0,0,0,0,0,0,0,0},
{0,0,0,0,0,0,0,0,0,0,0,0,0,0,0,0,0,0,0,0,0,0,0,0,0,0,0,0,0,0,0,0,0,0,0,0,0,0,0,0,0,0,0,0,0,0,0,0,0,0,0,0.0035288510*J1^1*J2^4+-0.0019562800*J2^5+0,0,0,0,0,0,0,0,-0.0019562800*J1^1*J2^4+0.0035288510*J2^5+0,0,0,0,0,0,0,0,0,0,0,0,0,0,0,0,0,0,0,0,0,0,0,0,0,0,0,0,0,0,0,0,0,0,0,0,0},
{0,0,0,0,0,0,0,0,0,0,0,0,0,0,0,0,0,0,0,0,0,0,0,0,0,0,0,0,0,0,0,0,0,0,0,0,0,0,0,0,0,0,0,0,0,0,0,0,0,0,0.0011294588*J1^1*J2^4+-0.0020373831*J2^5+0,0,0,0,0,0,0,0,-0.0020373831*J1^1*J2^4+0.0011294588*J2^5+0,0,0,0,0,0,0,0,-0.0044785906*J1^1*J2^4+0.0044785906*J2^5+0,0,0,0,0,0,0,0,0,0,0,0,0,0,0,0,0,0,0,0,0,0,0,0,0,0,0,0,0,0},
{0,0,0,0,0,0,0,0,0,0,0,0,0,0,0,0,0,0,0,0,0,0,0,0,0,0,0,0,0,0,0,0,0,0,0,0,0,0,0,0,0,0,0,0,0,0,0,0,0,0,0,0.0011294588*J1^1*J2^4+-0.0020373831*J2^5+0,0,0,0,0,0,0,0,-0.0020373831*J1^1*J2^4+0.0011294588*J2^5+0,0,0,0,0,0,0,0,-0.0044785906*J1^1*J2^4+0.0044785906*J2^5+0,0,0,0,0,0,0,0,0,0,0,0,0,0,0,0,0,0,0,0,0,0,0,0,0,0,0,0,0},
{0,0,0,0,0,0,0,0,0,0,0,0,0,0,0,0,0,0,0,0,0,0,0,0,0,0,0,0,0,0,0,0,0,0,0,0,0,0,0,0,0,0,0,0,0,0,0,0,0,0,0,0,0,0,0.0035288510*J1^1*J2^4+-0.0019562800*J2^5+0,0,0,0,0,0,0,0,-0.0019562800*J1^1*J2^4+0.0035288510*J2^5+0,0,0,0,0,0,0,0,0,0,0,0,0,0,0,0,0,0,0,0,0,0,0,0,0,0,0,0,0,0,0,0,0,0},
{0,0,0,0,0,0,0,0,0,0,0,0,0,0,0,0,0,0,0,0,0,0,0,0,0,0,0,0,0,0,0,0,0,0,0,0,0,0,0,0,0,0,0,0,0,0,0,0,0,0,0,0,0,0,0,0.0035288510*J1^1*J2^4+-0.0019562800*J2^5+0,0,0,0,0,0,0,0,-0.0019562800*J1^1*J2^4+0.0035288510*J2^5+0,0,0,0,0,0,0,0,0,0,0,0,0,0,0,0,0,0,0,0,0,0,0,0,0,0,0,0,0,0,0,0,0},
{0,0,0,0,0,0,0,0,0,0,0,0,0,0,0,0,0,0,0,0,0,0,0,0,0,0,0,0,0,0,0,0,0,0,0,0,0,0,0,0,0,0,0,0,0,0,0,0,0,0,0,0,0,0,0.0011294588*J1^1*J2^4+-0.0020373831*J2^5+0,0,0,0,0,0,0,0,-0.0020373831*J1^1*J2^4+0.0011294588*J2^5+0,0,0,0,0,0,0,0,-0.0044785906*J1^1*J2^4+0.0044785906*J2^5+0,0,0,0,0,0,0,0,0,0,0,0,0,0,0,0,0,0,0,0,0,0,0,0,0,0},
{0,0,0,0,0,0,0,0,0,0,0,0,0,0,0,0,0,0,0,0,0,0,0,0,0,0,0,0,0,0,0,0,0,0,0,0,0,0,0,0,0,0,0,0,0,0,0,0,0,0,0,0,0,0,0,0.0011294588*J1^1*J2^4+-0.0020373831*J2^5+0,0,0,0,0,0,0,0,-0.0020373831*J1^1*J2^4+0.0011294588*J2^5+0,0,0,0,0,0,0,0,-0.0044785906*J1^1*J2^4+0.0044785906*J2^5+0,0,0,0,0,0,0,0,0,0,0,0,0,0,0,0,0,0,0,0,0,0,0,0,0},
{0,0,0,0,0,0,0,0,-0.0013020833*J1^1*J2^4+0,0.0019289906*J2^5+0,0.0007517582*J2^5+0,-0.0011137032*J1^1*J2^4+0,0,0,0,0,0,0,0,0,0,0,0,0,-0.0004782343*J2^5+0,0,0.0002761087*J1^1*J2^4+0,0,0,0,0,0,0.0045301649*J1^1*J2^4+0,0,-0.0026154919*J2^5+0,0,0,0,0,0,0,0,0,0,0,0,0,0,0,0,0,0,0,0,0,0,0,0,0,0,0,0,0,0,0,0,0,0,0,0,0,0,0,0,0,0,0,0,0,0,0.0025499132*J1^1*J2^4+0,0,0.0019289906*J2^5+0,0,-0.0014721931*J2^5+0,0,-0.0011137032*J1^1*J2^4+0,0,0,0,0,0,0,0,0,0},
{0.0007517582*J1^1*J2^4+0,-0.0011137032*J2^5+0,-0.0004340278*J2^5+0,0.0006429969*J1^1*J2^4+0,0,0,0,0,0,0,0,0,0,0,0,0,0.0010631466*J1^1*J2^4+0,-0.0015750142*J2^5+0,-0.0006138080*J2^5+0,0.0009093349*J1^1*J2^4+0,0,0,0,0,0,-0.0004782343*J2^5+0,0,0.0002761087*J1^1*J2^4+0,0,0,0,0,0,0.0045301649*J1^1*J2^4+0,0,-0.0026154919*J2^5+0,0,0,0,0,0,0,0,0,0,0,0,0,0,0,0,0,0,0,0,0,0,0,0,0,0,0,0,0,0,0,0,0,0,0,0,0,0,0,0,0,0,0,0,0,0,0.0025499132*J1^1*J2^4+0,0,0.0019289906*J2^5+0,0,-0.0014721931*J2^5+0,0,-0.0011137032*J1^1*J2^4+0,0,0,0,0,0,0,0,0},
{0,0,0,0,0,0,0,0,0.0013030475*J2^5+0,0.0007595486*J1^1*J2^4+0.0007200641*J2^5+0,-0.0007523148*J1^1*J2^4+0,-0.0004157292*J1^1*J2^4+-0.0004385256*J2^5+0,0,0,0,0,0,0,0,0,0,0,0,0,-0.0001853873*J1^1*J2^4+0,0,0.0001070334*J2^5+0,0,0,0,0,0,0.0034737492*J2^5+0,0,-0.0020055700*J1^1*J2^4+0,0,0,0,0,0,0.0001795701*J1^1*J2^4+0.0006694706*J2^5+0,0,-0.0003865190*J1^1*J2^4+-0.0001036748*J2^5+0,0,0,0,0,0,0,0,0,0,0,0,0,0,0,0,0,0,0,0,0,0,0,0,0,0,0,0,0,0,0,0,0,0,0,0,0,0,0.0013030475*J2^5+0,0,0.0001742139*J1^1*J2^4+-0.0007200641*J2^5+0,0,-0.0007523148*J1^1*J2^4+0,0,0.0004157292*J1^1*J2^4+-0.0001005825*J2^5+0,0,0,0,0,0,0,0,0,0},
{-0.0007523148*J2^5+0,-0.0004385256*J1^1*J2^4+-0.0004157292*J2^5+0,0.0004343492*J1^1*J2^4+0,0.0002400214*J1^1*J2^4+0.0002531829*J2^5+0,0,0,0,0,0,0,0,0,0,0,0,0,-0.0010639338*J2^5+0,-0.0006201688*J1^1*J2^4+-0.0005879299*J2^5+0,0.0006142625*J1^1*J2^4+0,0.0003394415*J1^1*J2^4+0.0003580546*J2^5+0,0,0,0,0,0,-0.0001853873*J1^1*J2^4+0,0,0.0001070334*J2^5+0,0,0,0,0,0,0.0034737492*J2^5+0,0,-0.0020055700*J1^1*J2^4+0,0,0,0,0,0,0.0001795701*J1^1*J2^4+0.0006694706*J2^5+0,0,-0.0003865190*J1^1*J2^4+-0.0001036748*J2^5+0,0,0,0,0,0,0,0,0,0,0,0,0,0,0,0,0,0,0,0,0,0,0,0,0,0,0,0,0,0,0,0,0,0,0,0,0,0,0.0013030475*J2^5+0,0,0.0001742139*J1^1*J2^4+-0.0007200641*J2^5+0,0,-0.0007523148*J1^1*J2^4+0,0,0.0004157292*J1^1*J2^4+-0.0001005825*J2^5+0,0,0,0,0,0,0,0,0},
{0,0,0,0,0,0,0,0,0,0,0,0,-0.0013020833*J1^1*J2^4+0,0.0019289906*J2^5+0,0.0007517582*J2^5+0,-0.0011137032*J1^1*J2^4+0,0,0,0,0,0,0,0,0,0,0,0,0,-0.0004782343*J2^5+0,0,0.0002761087*J1^1*J2^4+0,0,0,0,0,0,0.0045301649*J1^1*J2^4+0,0,-0.0026154919*J2^5+0,0,0,0,0,0,0,0,0,0,0,0,0,0,0,0,0,0,0,0,0,0,0,0,0,0,0,0,0,0,0,0,0,0,-0.0014721931*J1^1*J2^4+0,0,-0.0011137032*J2^5+0,0,0.0008499711*J2^5+0,0,0.0006429969*J1^1*J2^4+0,0,0,0,0,0,0,0,0,0,0.0020819954*J1^1*J2^4+0,0,0.0015750142*J2^5+0,0,-0.0012020406*J2^5+0,0,-0.0009093349*J1^1*J2^4+0,0},
{0,0,0,0,0.0007517582*J1^1*J2^4+0,-0.0011137032*J2^5+0,-0.0004340278*J2^5+0,0.0006429969*J1^1*J2^4+0,0,0,0,0,0,0,0,0,0,0,0,0,0.0010631466*J1^1*J2^4+0,-0.0015750142*J2^5+0,-0.0006138080*J2^5+0,0.0009093349*J1^1*J2^4+0,0,0,0,0,0,-0.0004782343*J2^5+0,0,0.0002761087*J1^1*J2^4+0,0,0,0,0,0,0.0045301649*J1^1*J2^4+0,0,-0.0026154919*J2^5+0,0,0,0,0,0,0,0,0,0,0,0,0,0,0,0,0,0,0,0,0,0,0,0,0,0,0,0,0,0,0,0,0,0,-0.0014721931*J1^1*J2^4+0,0,-0.0011137032*J2^5+0,0,0.0008499711*J2^5+0,0,0.0006429969*J1^1*J2^4+0,0,0,0,0,0,0,0,0,0,0.0020819954*J1^1*J2^4+0,0,0.0015750142*J2^5+0,0,-0.0012020406*J2^5+0,0,-0.0009093349*J1^1*J2^4+0},
{0,0,0,0,0,0,0,0,0,0,0,0,0.0013030475*J2^5+0,0.0007595486*J1^1*J2^4+0.0007200641*J2^5+0,-0.0007523148*J1^1*J2^4+0,-0.0004157292*J1^1*J2^4+-0.0004385256*J2^5+0,0,0,0,0,0,0,0,0,0,0,0,0,-0.0001853873*J1^1*J2^4+0,0,0.0001070334*J2^5+0,0,0,0,0,0,0.0034737492*J2^5+0,0,-0.0020055700*J1^1*J2^4+0,0,0,0,0,0,0.0001795701*J1^1*J2^4+0.0006694706*J2^5+0,0,-0.0003865190*J1^1*J2^4+-0.0001036748*J2^5+0,0,0,0,0,0,0,0,0,0,0,0,0,0,0,0,0,0,0,0,0,0,0,0,0,0,-0.0007523148*J2^5+0,0,-0.0001005825*J1^1*J2^4+0.0004157292*J2^5+0,0,0.0004343492*J1^1*J2^4+0,0,-0.0002400214*J1^1*J2^4+0.0000580713*J2^5+0,0,0,0,0,0,0,0,0,0,0.0010639338*J2^5+0,0,0.0001422451*J1^1*J2^4+-0.0005879299*J2^5+0,0,-0.0006142625*J1^1*J2^4+0,0,0.0003394415*J1^1*J2^4+-0.0000821252*J2^5+0,0},
{0,0,0,0,-0.0007523148*J2^5+0,-0.0004385256*J1^1*J2^4+-0.0004157292*J2^5+0,0.0004343492*J1^1*J2^4+0,0.0002400214*J1^1*J2^4+0.0002531829*J2^5+0,0,0,0,0,0,0,0,0,0,0,0,0,-0.0010639338*J2^5+0,-0.0006201688*J1^1*J2^4+-0.0005879299*J2^5+0,0.0006142625*J1^1*J2^4+0,0.0003394415*J1^1*J2^4+0.0003580546*J2^5+0,0,0,0,0,0,-0.0001853873*J1^1*J2^4+0,0,0.0001070334*J2^5+0,0,0,0,0,0,0.0034737492*J2^5+0,0,-0.0020055700*J1^1*J2^4+0,0,0,0,0,0,0.0001795701*J1^1*J2^4+0.0006694706*J2^5+0,0,-0.0003865190*J1^1*J2^4+-0.0001036748*J2^5+0,0,0,0,0,0,0,0,0,0,0,0,0,0,0,0,0,0,0,0,0,0,0,0,0,0,-0.0007523148*J2^5+0,0,-0.0001005825*J1^1*J2^4+0.0004157292*J2^5+0,0,0.0004343492*J1^1*J2^4+0,0,-0.0002400214*J1^1*J2^4+0.0000580713*J2^5+0,0,0,0,0,0,0,0,0,0,0.0010639338*J2^5+0,0,0.0001422451*J1^1*J2^4+-0.0005879299*J2^5+0,0,-0.0006142625*J1^1*J2^4+0,0,0.0003394415*J1^1*J2^4+-0.0000821252*J2^5+0},
{0,0,0,0,0,0,0,0,-0.0013020833*J2^5+0,0.0019289906*J1^1*J2^4+0,0.0007517582*J1^1*J2^4+0,-0.0011137032*J2^5+0,0,0,0,0,0,0,0,0,0,0,0,0,-0.0004782343*J1^1*J2^4+0,0,0.0002761087*J2^5+0,0,0,0,0,0,0.0045301649*J2^5+0,0,-0.0026154919*J1^1*J2^4+0,0,0,0,0,0,0,0,0,0,0,0,0,0,0,0,0,0,0,0,0,0,0,0,0,0,0,0,0,0,0,0,0,0,0,0,0,0,0,0,0,0,0,0,0,0,0.0025499132*J2^5+0,0,0.0019289906*J1^1*J2^4+0,0,-0.0014721931*J1^1*J2^4+0,0,-0.0011137032*J2^5+0,0,0,0,0,0,0,0,0,0},
{0.0007517582*J2^5+0,-0.0011137032*J1^1*J2^4+0,-0.0004340278*J1^1*J2^4+0,0.0006429969*J2^5+0,0,0,0,0,0,0,0,0,0,0,0,0,0.0010631466*J2^5+0,-0.0015750142*J1^1*J2^4+0,-0.0006138080*J1^1*J2^4+0,0.0009093349*J2^5+0,0,0,0,0,0,-0.0004782343*J1^1*J2^4+0,0,0.0002761087*J2^5+0,0,0,0,0,0,0.0045301649*J2^5+0,0,-0.0026154919*J1^1*J2^4+0,0,0,0,0,0,0,0,0,0,0,0,0,0,0,0,0,0,0,0,0,0,0,0,0,0,0,0,0,0,0,0,0,0,0,0,0,0,0,0,0,0,0,0,0,0,0.0025499132*J2^5+0,0,0.0019289906*J1^1*J2^4+0,0,-0.0014721931*J1^1*J2^4+0,0,-0.0011137032*J2^5+0,0,0,0,0,0,0,0,0},
{0,0,0,0,0,0,0,0,0.0013030475*J1^1*J2^4+0,0.0007200641*J1^1*J2^4+0.0007595486*J2^5+0,-0.0007523148*J2^5+0,-0.0004385256*J1^1*J2^4+-0.0004157292*J2^5+0,0,0,0,0,0,0,0,0,0,0,0,0,-0.0001853873*J2^5+0,0,0.0001070334*J1^1*J2^4+0,0,0,0,0,0,0.0034737492*J1^1*J2^4+0,0,-0.0020055700*J2^5+0,0,0,0,0,0,0.0006694706*J1^1*J2^4+0.0001795701*J2^5+0,0,-0.0001036748*J1^1*J2^4+-0.0003865190*J2^5+0,0,0,0,0,0,0,0,0,0,0,0,0,0,0,0,0,0,0,0,0,0,0,0,0,0,0,0,0,0,0,0,0,0,0,0,0,0,0.0013030475*J1^1*J2^4+0,0,-0.0007200641*J1^1*J2^4+0.0001742139*J2^5+0,0,-0.0007523148*J2^5+0,0,-0.0001005825*J1^1*J2^4+0.0004157292*J2^5+0,0,0,0,0,0,0,0,0,0},
{-0.0007523148*J1^1*J2^4+0,-0.0004157292*J1^1*J2^4+-0.0004385256*J2^5+0,0.0004343492*J2^5+0,0.0002531829*J1^1*J2^4+0.0002400214*J2^5+0,0,0,0,0,0,0,0,0,0,0,0,0,-0.0010639338*J1^1*J2^4+0,-0.0005879299*J1^1*J2^4+-0.0006201688*J2^5+0,0.0006142625*J2^5+0,0.0003580546*J1^1*J2^4+0.0003394415*J2^5+0,0,0,0,0,0,-0.0001853873*J2^5+0,0,0.0001070334*J1^1*J2^4+0,0,0,0,0,0,0.0034737492*J1^1*J2^4+0,0,-0.0020055700*J2^5+0,0,0,0,0,0,0.0006694706*J1^1*J2^4+0.0001795701*J2^5+0,0,-0.0001036748*J1^1*J2^4+-0.0003865190*J2^5+0,0,0,0,0,0,0,0,0,0,0,0,0,0,0,0,0,0,0,0,0,0,0,0,0,0,0,0,0,0,0,0,0,0,0,0,0,0,0.0013030475*J1^1*J2^4+0,0,-0.0007200641*J1^1*J2^4+0.0001742139*J2^5+0,0,-0.0007523148*J2^5+0,0,-0.0001005825*J1^1*J2^4+0.0004157292*J2^5+0,0,0,0,0,0,0,0,0},
{0,0,0,0,0,0,0,0,0,0,0,0,-0.0013020833*J2^5+0,0.0019289906*J1^1*J2^4+0,0.0007517582*J1^1*J2^4+0,-0.0011137032*J2^5+0,0,0,0,0,0,0,0,0,0,0,0,0,-0.0004782343*J1^1*J2^4+0,0,0.0002761087*J2^5+0,0,0,0,0,0,0.0045301649*J2^5+0,0,-0.0026154919*J1^1*J2^4+0,0,0,0,0,0,0,0,0,0,0,0,0,0,0,0,0,0,0,0,0,0,0,0,0,0,0,0,0,0,0,0,0,0,-0.0014721931*J2^5+0,0,-0.0011137032*J1^1*J2^4+0,0,0.0008499711*J1^1*J2^4+0,0,0.0006429969*J2^5+0,0,0,0,0,0,0,0,0,0,0.0020819954*J2^5+0,0,0.0015750142*J1^1*J2^4+0,0,-0.0012020406*J1^1*J2^4+0,0,-0.0009093349*J2^5+0,0},
{0,0,0,0,0.0007517582*J2^5+0,-0.0011137032*J1^1*J2^4+0,-0.0004340278*J1^1*J2^4+0,0.0006429969*J2^5+0,0,0,0,0,0,0,0,0,0,0,0,0,0.0010631466*J2^5+0,-0.0015750142*J1^1*J2^4+0,-0.0006138080*J1^1*J2^4+0,0.0009093349*J2^5+0,0,0,0,0,0,-0.0004782343*J1^1*J2^4+0,0,0.0002761087*J2^5+0,0,0,0,0,0,0.0045301649*J2^5+0,0,-0.0026154919*J1^1*J2^4+0,0,0,0,0,0,0,0,0,0,0,0,0,0,0,0,0,0,0,0,0,0,0,0,0,0,0,0,0,0,0,0,0,0,-0.0014721931*J2^5+0,0,-0.0011137032*J1^1*J2^4+0,0,0.0008499711*J1^1*J2^4+0,0,0.0006429969*J2^5+0,0,0,0,0,0,0,0,0,0,0.0020819954*J2^5+0,0,0.0015750142*J1^1*J2^4+0,0,-0.0012020406*J1^1*J2^4+0,0,-0.0009093349*J2^5+0},
{0,0,0,0,0,0,0,0,0,0,0,0,0.0013030475*J1^1*J2^4+0,0.0007200641*J1^1*J2^4+0.0007595486*J2^5+0,-0.0007523148*J2^5+0,-0.0004385256*J1^1*J2^4+-0.0004157292*J2^5+0,0,0,0,0,0,0,0,0,0,0,0,0,-0.0001853873*J2^5+0,0,0.0001070334*J1^1*J2^4+0,0,0,0,0,0,0.0034737492*J1^1*J2^4+0,0,-0.0020055700*J2^5+0,0,0,0,0,0,0.0006694706*J1^1*J2^4+0.0001795701*J2^5+0,0,-0.0001036748*J1^1*J2^4+-0.0003865190*J2^5+0,0,0,0,0,0,0,0,0,0,0,0,0,0,0,0,0,0,0,0,0,0,0,0,0,0,-0.0007523148*J1^1*J2^4+0,0,0.0004157292*J1^1*J2^4+-0.0001005825*J2^5+0,0,0.0004343492*J2^5+0,0,0.0000580713*J1^1*J2^4+-0.0002400214*J2^5+0,0,0,0,0,0,0,0,0,0,0.0010639338*J1^1*J2^4+0,0,-0.0005879299*J1^1*J2^4+0.0001422451*J2^5+0,0,-0.0006142625*J2^5+0,0,-0.0000821252*J1^1*J2^4+0.0003394415*J2^5+0,0},
{0,0,0,0,-0.0007523148*J1^1*J2^4+0,-0.0004157292*J1^1*J2^4+-0.0004385256*J2^5+0,0.0004343492*J2^5+0,0.0002531829*J1^1*J2^4+0.0002400214*J2^5+0,0,0,0,0,0,0,0,0,0,0,0,0,-0.0010639338*J1^1*J2^4+0,-0.0005879299*J1^1*J2^4+-0.0006201688*J2^5+0,0.0006142625*J2^5+0,0.0003580546*J1^1*J2^4+0.0003394415*J2^5+0,0,0,0,0,0,-0.0001853873*J2^5+0,0,0.0001070334*J1^1*J2^4+0,0,0,0,0,0,0.0034737492*J1^1*J2^4+0,0,-0.0020055700*J2^5+0,0,0,0,0,0,0.0006694706*J1^1*J2^4+0.0001795701*J2^5+0,0,-0.0001036748*J1^1*J2^4+-0.0003865190*J2^5+0,0,0,0,0,0,0,0,0,0,0,0,0,0,0,0,0,0,0,0,0,0,0,0,0,0,-0.0007523148*J1^1*J2^4+0,0,0.0004157292*J1^1*J2^4+-0.0001005825*J2^5+0,0,0.0004343492*J2^5+0,0,0.0000580713*J1^1*J2^4+-0.0002400214*J2^5+0,0,0,0,0,0,0,0,0,0,0.0010639338*J1^1*J2^4+0,0,-0.0005879299*J1^1*J2^4+0.0001422451*J2^5+0,0,-0.0006142625*J2^5+0,0,-0.0000821252*J1^1*J2^4+0.0003394415*J2^5+0},
{0,0,0,0,0,0,0,0,0,0,0.0010631466*J1^1*J2^4+-0.0010631466*J2^5+0,0.0015750142*J1^1*J2^4+-0.0015750142*J2^5+0,0,0,0,0,0,0,0,0,0,0,0,0,0,0,-0.0003904767*J1^1*J2^4+0.0003904767*J2^5+0,0,0,0,0,0,0,0,-0.0036988642*J1^1*J2^4+0.0036988642*J2^5+0,0,0,0,0,0,0,0,0,0,0,0,0,0,0,0,0,0,0,0,0,0,0,0,0,0,0,0,0,0,0,0,0,0,0,0,0,0,0,0,0,0,0,0,0,0,0,0,0,0,-0.0020819954*J1^1*J2^4+0.0020819954*J2^5+0,0,0.0015750142*J1^1*J2^4+-0.0015750142*J2^5+0,0,0,0,0,0,0,0,0,0},
{0,0,-0.0006138080*J1^1*J2^4+0.0006138080*J2^5+0,-0.0009093349*J1^1*J2^4+0.0009093349*J2^5+0,0,0,0,0,0,0,0,0,0,0,0,0,0,0,-0.0008680556*J1^1*J2^4+0.0008680556*J2^5+0,-0.0012859937*J1^1*J2^4+0.0012859937*J2^5+0,0,0,0,0,0,0,0,-0.0003904767*J1^1*J2^4+0.0003904767*J2^5+0,0,0,0,0,0,0,0,-0.0036988642*J1^1*J2^4+0.0036988642*J2^5+0,0,0,0,0,0,0,0,0,0,0,0,0,0,0,0,0,0,0,0,0,0,0,0,0,0,0,0,0,0,0,0,0,0,0,0,0,0,0,0,0,0,0,0,0,0,0,0,0,0,-0.0020819954*J1^1*J2^4+0.0020819954*J2^5+0,0,0.0015750142*J1^1*J2^4+-0.0015750142*J2^5+0,0,0,0,0,0,0,0,0},
{0,0,0,0,0,0,0,0,0,0,0.0010639338*J1^1*J2^4+-0.0010639338*J2^5+0,-0.0000322389*J1^1*J2^4+0.0000322389*J2^5+0,0,0,0,0,0,0,0,0,0,0,0,0,0,0,0.0001513681*J1^1*J2^4+-0.0001513681*J2^5+0,0,0,0,0,0,0,0,0.0028363043*J1^1*J2^4+-0.0028363043*J2^5+0,0,0,0,0,0,0,0,0.0004000021*J1^1*J2^4+-0.0004000021*J2^5+0,0,0,0,0,0,0,0,0,0,0,0,0,0,0,0,0,0,0,0,0,0,0,0,0,0,0,0,0,0,0,0,0,0,0,0,0,0,0,0,0,0,0.0010639338*J1^1*J2^4+-0.0010639338*J2^5+0,0,-0.0007301750*J1^1*J2^4+0.0007301750*J2^5+0,0,0,0,0,0,0,0,0,0},
{0,0,-0.0006142625*J1^1*J2^4+0.0006142625*J2^5+0,0.0000186132*J1^1*J2^4+-0.0000186132*J2^5+0,0,0,0,0,0,0,0,0,0,0,0,0,0,0,-0.0008686983*J1^1*J2^4+0.0008686983*J2^5+0,0.0000263230*J1^1*J2^4+-0.0000263230*J2^5+0,0,0,0,0,0,0,0,0.0001513681*J1^1*J2^4+-0.0001513681*J2^5+0,0,0,0,0,0,0,0,0.0028363043*J1^1*J2^4+-0.0028363043*J2^5+0,0,0,0,0,0,0,0,0.0004000021*J1^1*J2^4+-0.0004000021*J2^5+0,0,0,0,0,0,0,0,0,0,0,0,0,0,0,0,0,0,0,0,0,0,0,0,0,0,0,0,0,0,0,0,0,0,0,0,0,0,0,0,0,0,0.0010639338*J1^1*J2^4+-0.0010639338*J2^5+0,0,-0.0007301750*J1^1*J2^4+0.0007301750*J2^5+0,0,0,0,0,0,0,0,0},
{0,0,0,0,0,0,0,0,0,0,0,0,0,0,0.0010631466*J1^1*J2^4+-0.0010631466*J2^5+0,0.0015750142*J1^1*J2^4+-0.0015750142*J2^5+0,0,0,0,0,0,0,0,0,0,0,0,0,0,0,-0.0003904767*J1^1*J2^4+0.0003904767*J2^5+0,0,0,0,0,0,0,0,-0.0036988642*J1^1*J2^4+0.0036988642*J2^5+0,0,0,0,0,0,0,0,0,0,0,0,0,0,0,0,0,0,0,0,0,0,0,0,0,0,0,0,0,0,0,0,0,0,0,0,0,0,0.0012020406*J1^1*J2^4+-0.0012020406*J2^5+0,0,-0.0009093349*J1^1*J2^4+0.0009093349*J2^5+0,0,0,0,0,0,0,0,0,0,0,0,0,0,-0.0016999421*J1^1*J2^4+0.0016999421*J2^5+0,0,0.0012859937*J1^1*J2^4+-0.0012859937*J2^5+0,0},
{0,0,0,0,0,0,-0.0006138080*J1^1*J2^4+0.0006138080*J2^5+0,-0.0009093349*J1^1*J2^4+0.0009093349*J2^5+0,0,0,0,0,0,0,0,0,0,0,0,0,0,0,-0.0008680556*J1^1*J2^4+0.0008680556*J2^5+0,-0.0012859937*J1^1*J2^4+0.0012859937*J2^5+0,0,0,0,0,0,0,0,-0.0003904767*J1^1*J2^4+0.0003904767*J2^5+0,0,0,0,0,0,0,0,-0.0036988642*J1^1*J2^4+0.0036988642*J2^5+0,0,0,0,0,0,0,0,0,0,0,0,0,0,0,0,0,0,0,0,0,0,0,0,0,0,0,0,0,0,0,0,0,0,0,0,0,0,0.0012020406*J1^1*J2^4+-0.0012020406*J2^5+0,0,-0.0009093349*J1^1*J2^4+0.0009093349*J2^5+0,0,0,0,0,0,0,0,0,0,0,0,0,0,-0.0016999421*J1^1*J2^4+0.0016999421*J2^5+0,0,0.0012859937*J1^1*J2^4+-0.0012859937*J2^5+0},
{0,0,0,0,0,0,0,0,0,0,0,0,0,0,0.0010639338*J1^1*J2^4+-0.0010639338*J2^5+0,-0.0000322389*J1^1*J2^4+0.0000322389*J2^5+0,0,0,0,0,0,0,0,0,0,0,0,0,0,0,0.0001513681*J1^1*J2^4+-0.0001513681*J2^5+0,0,0,0,0,0,0,0,0.0028363043*J1^1*J2^4+-0.0028363043*J2^5+0,0,0,0,0,0,0,0,0.0004000021*J1^1*J2^4+-0.0004000021*J2^5+0,0,0,0,0,0,0,0,0,0,0,0,0,0,0,0,0,0,0,0,0,0,0,0,0,0,0,0,0,0,-0.0006142625*J1^1*J2^4+0.0006142625*J2^5+0,0,0.0004215667*J1^1*J2^4+-0.0004215667*J2^5+0,0,0,0,0,0,0,0,0,0,0,0,0,0,0.0008686983*J1^1*J2^4+-0.0008686983*J2^5+0,0,-0.0005961854*J1^1*J2^4+0.0005961854*J2^5+0,0},
{0,0,0,0,0,0,-0.0006142625*J1^1*J2^4+0.0006142625*J2^5+0,0.0000186132*J1^1*J2^4+-0.0000186132*J2^5+0,0,0,0,0,0,0,0,0,0,0,0,0,0,0,-0.0008686983*J1^1*J2^4+0.0008686983*J2^5+0,0.0000263230*J1^1*J2^4+-0.0000263230*J2^5+0,0,0,0,0,0,0,0,0.0001513681*J1^1*J2^4+-0.0001513681*J2^5+0,0,0,0,0,0,0,0,0.0028363043*J1^1*J2^4+-0.0028363043*J2^5+0,0,0,0,0,0,0,0,0.0004000021*J1^1*J2^4+-0.0004000021*J2^5+0,0,0,0,0,0,0,0,0,0,0,0,0,0,0,0,0,0,0,0,0,0,0,0,0,0,0,0,0,0,-0.0006142625*J1^1*J2^4+0.0006142625*J2^5+0,0,0.0004215667*J1^1*J2^4+-0.0004215667*J2^5+0,0,0,0,0,0,0,0,0,0,0,0,0,0,0.0008686983*J1^1*J2^4+-0.0008686983*J2^5+0,0,-0.0005961854*J1^1*J2^4+0.0005961854*J2^5+0},
{0,0,0,0,0,0,0,0,0,0,0,0,0,0,0,0,0,0,0,0,0,0,0,0,0,0,0,0,0,0,0,0,0,0,0,0,0,0,0,0,0,0,0,0,0,0,0,0,0,0,0,0,-0.0092246991*J1^1*J2^4+0,0,0.0037235966*J2^5+0,0,0,0,0,0,-0.0092246991*J2^5+0,0,0.0037235966*J1^1*J2^4+0,0,0,0,0,0,0,0,0,0,0,0,0,0,0,0,0,0,0,0,0,0,0,0,0,0,0,0,0,0,0,0,0,0},
{0,0,0,0,0,0,0,0,0,0,0,0,0,0,0,0,0,0,0,0,0,0,0,0,0,0,0,0,0,0,0,0,0,0,0,0,0,0,0,0,0,0,0,0,0,0,0,0,0,0,0,0,0,-0.0092246991*J1^1*J2^4+0,0,0.0037235966*J2^5+0,0,0,0,0,0,-0.0092246991*J2^5+0,0,0.0037235966*J1^1*J2^4+0,0,0,0,0,0,0,0,0,0,0,0,0,0,0,0,0,0,0,0,0,0,0,0,0,0,0,0,0,0,0,0,0},
{0,0,0,0,0,0,0,0,0,0,0,0,0,0,0,0,0,0,0,0,0,0,0,0,0,0,0,0,0,0,0,0,0,0,0,0,0,0,0,0,0,0,0,0,0,0,0,0,0,0,0,0,0.0010360906*J2^5+0,0,-0.0002337063*J1^1*J2^4+-0.0006923310*J2^5+0,0,0,0,0,0,0.0010360906*J1^1*J2^4+0,0,-0.0006923310*J1^1*J2^4+-0.0002337063*J2^5+0,0,0,0,0,0,0,0,0,0,0,0,0,0,0,0,0,0,0,0,0,0,0,0,0,0,0,0,0,0,0,0,0,0},
{0,0,0,0,0,0,0,0,0,0,0,0,0,0,0,0,0,0,0,0,0,0,0,0,0,0,0,0,0,0,0,0,0,0,0,0,0,0,0,0,0,0,0,0,0,0,0,0,0,0,0,0,0,0.0010360906*J2^5+0,0,-0.0002337063*J1^1*J2^4+-0.0006923310*J2^5+0,0,0,0,0,0,0.0010360906*J1^1*J2^4+0,0,-0.0006923310*J1^1*J2^4+-0.0002337063*J2^5+0,0,0,0,0,0,0,0,0,0,0,0,0,0,0,0,0,0,0,0,0,0,0,0,0,0,0,0,0,0,0,0,0},
{0,0,0,0,0,0,0,0,0,0,0,0,0,0,0,0,0,0,0,0,0,0,0,0,0,0,0,0,0,0,0,0,0,0,0,0,0,0,0,0,0,0,0,0,0,0,0,0,0,0,0,0,0.0053258825*J2^5+0,0,-0.0021498195*J1^1*J2^4+0,0,0,0,0,0,0.0053258825*J1^1*J2^4+0,0,-0.0021498195*J2^5+0,0,0,0,0,0,0.0075319353*J1^1*J2^4+-0.0075319353*J2^5+0,0,0.0030403039*J1^1*J2^4+-0.0030403039*J2^5+0,0,0,0,0,0,0,0,0,0,0,0,0,0,0,0,0,0,0,0,0,0,0,0,0,0},
{0,0,0,0,0,0,0,0,0,0,0,0,0,0,0,0,0,0,0,0,0,0,0,0,0,0,0,0,0,0,0,0,0,0,0,0,0,0,0,0,0,0,0,0,0,0,0,0,0,0,0,0,0,0.0053258825*J2^5+0,0,-0.0021498195*J1^1*J2^4+0,0,0,0,0,0,0.0053258825*J1^1*J2^4+0,0,-0.0021498195*J2^5+0,0,0,0,0,0,0.0075319353*J1^1*J2^4+-0.0075319353*J2^5+0,0,0.0030403039*J1^1*J2^4+-0.0030403039*J2^5+0,0,0,0,0,0,0,0,0,0,0,0,0,0,0,0,0,0,0,0,0,0,0,0,0},
{0,0,0,0,0,0,0,0,0,0,0,0,0,0,0,0,0,0,0,0,0,0,0,0,0,0,0,0,0,0,0,0,0,0,0,0,0,0,0,0,0,0,0,0,0,0,0,0,0,0,0,0,-0.0005981872*J1^1*J2^4+0,0,0.0003997175*J1^1*J2^4+0.0001349304*J2^5+0,0,0,0,0,0,-0.0005981872*J2^5+0,0,0.0001349304*J1^1*J2^4+0.0003997175*J2^5+0,0,0,0,0,0,0.0008459644*J1^1*J2^4+-0.0008459644*J2^5+0,0,-0.0003744655*J1^1*J2^4+0.0003744655*J2^5+0,0,0,0,0,0,0,0,0,0,0,0,0,0,0,0,0,0,0,0,0,0,0,0,0,0},
{0,0,0,0,0,0,0,0,0,0,0,0,0,0,0,0,0,0,0,0,0,0,0,0,0,0,0,0,0,0,0,0,0,0,0,0,0,0,0,0,0,0,0,0,0,0,0,0,0,0,0,0,0,-0.0005981872*J1^1*J2^4+0,0,0.0003997175*J1^1*J2^4+0.0001349304*J2^5+0,0,0,0,0,0,-0.0005981872*J2^5+0,0,0.0001349304*J1^1*J2^4+0.0003997175*J2^5+0,0,0,0,0,0,0.0008459644*J1^1*J2^4+-0.0008459644*J2^5+0,0,-0.0003744655*J1^1*J2^4+0.0003744655*J2^5+0,0,0,0,0,0,0,0,0,0,0,0,0,0,0,0,0,0,0,0,0,0,0,0,0},
{0,0,0,0,0,0,0,0,0,0,0,0,0,0,0,0,0,0,0,0,0,0,0,0,0,0,0,0,0,0,0,0,0,0,0,0,0,0,0,0,0,0,0,0,0,0,0,0,0.0159776476*J1^1*J2^4+0,0,-0.0064494586*J2^5+0,0,0,0,0,0,0.0159776476*J2^5+0,0,-0.0064494586*J1^1*J2^4+0,0,0,0,0,0,0,0,0,0,0,0,0,0,0,0,0,0,0,0,0,0,0,0,0,0,0,0,0,0,0,0,0,0,0,0,0,0},
{0,0,0,0,0,0,0,0,0,0,0,0,0,0,0,0,0,0,0,0,0,0,0,0,0,0,0,0,0,0,0,0,0,0,0,0,0,0,0,0,0,0,0,0,0,0,0,0,0,0.0159776476*J1^1*J2^4+0,0,-0.0064494586*J2^5+0,0,0,0,0,0,0.0159776476*J2^5+0,0,-0.0064494586*J1^1*J2^4+0,0,0,0,0,0,0,0,0,0,0,0,0,0,0,0,0,0,0,0,0,0,0,0,0,0,0,0,0,0,0,0,0,0,0,0,0},
{0,0,0,0,0,0,0,0,0,0,0,0,0,0,0,0,0,0,0,0,0,0,0,0,0,0,0,0,0,0,0,0,0,0,0,0,0,0,0,0,0,0,0,0,0,0,0,0,-0.0017945616*J2^5+0,0,0.0004047912*J1^1*J2^4+0.0011991524*J2^5+0,0,0,0,0,0,-0.0017945616*J1^1*J2^4+0,0,0.0011991524*J1^1*J2^4+0.0004047912*J2^5+0,0,0,0,0,0,0,0,0,0,0,0,0,0,0,0,0,0,0,0,0,0,0,0,0,0,0,0,0,0,0,0,0,0,0,0,0,0},
{0,0,0,0,0,0,0,0,0,0,0,0,0,0,0,0,0,0,0,0,0,0,0,0,0,0,0,0,0,0,0,0,0,0,0,0,0,0,0,0,0,0,0,0,0,0,0,0,0,-0.0017945616*J2^5+0,0,0.0004047912*J1^1*J2^4+0.0011991524*J2^5+0,0,0,0,0,0,-0.0017945616*J1^1*J2^4+0,0,0.0011991524*J1^1*J2^4+0.0004047912*J2^5+0,0,0,0,0,0,0,0,0,0,0,0,0,0,0,0,0,0,0,0,0,0,0,0,0,0,0,0,0,0,0,0,0,0,0,0,0},
{0,0,0,0,0,0,0,0,0,0,0,0,0,0,0,0,0,0,0,0,0,0,0,0,0,0,0,0,0,0,0,0,0,0,0,0,0,0,0,0,0,0,0,0,0,0,0,0,-0.0092246991*J2^5+0,0,0.0037235966*J1^1*J2^4+0,0,0,0,0,0,-0.0092246991*J1^1*J2^4+0,0,0.0037235966*J2^5+0,0,0,0,0,0,-0.0130456946*J1^1*J2^4+0.0130456946*J2^5+0,0,-0.0052659609*J1^1*J2^4+0.0052659609*J2^5+0,0,0,0,0,0,0,0,0,0,0,0,0,0,0,0,0,0,0,0,0,0,0,0,0,0,0,0,0,0},
{0,0,0,0,0,0,0,0,0,0,0,0,0,0,0,0,0,0,0,0,0,0,0,0,0,0,0,0,0,0,0,0,0,0,0,0,0,0,0,0,0,0,0,0,0,0,0,0,0,-0.0092246991*J2^5+0,0,0.0037235966*J1^1*J2^4+0,0,0,0,0,0,-0.0092246991*J1^1*J2^4+0,0,0.0037235966*J2^5+0,0,0,0,0,0,-0.0130456946*J1^1*J2^4+0.0130456946*J2^5+0,0,-0.0052659609*J1^1*J2^4+0.0052659609*J2^5+0,0,0,0,0,0,0,0,0,0,0,0,0,0,0,0,0,0,0,0,0,0,0,0,0,0,0,0,0},
{0,0,0,0,0,0,0,0,0,0,0,0,0,0,0,0,0,0,0,0,0,0,0,0,0,0,0,0,0,0,0,0,0,0,0,0,0,0,0,0,0,0,0,0,0,0,0,0,0.0010360906*J1^1*J2^4+0,0,-0.0006923310*J1^1*J2^4+-0.0002337063*J2^5+0,0,0,0,0,0,0.0010360906*J2^5+0,0,-0.0002337063*J1^1*J2^4+-0.0006923310*J2^5+0,0,0,0,0,0,-0.0014652534*J1^1*J2^4+0.0014652534*J2^5+0,0,0.0006485932*J1^1*J2^4+-0.0006485932*J2^5+0,0,0,0,0,0,0,0,0,0,0,0,0,0,0,0,0,0,0,0,0,0,0,0,0,0,0,0,0,0},
{0,0,0,0,0,0,0,0,0,0,0,0,0,0,0,0,0,0,0,0,0,0,0,0,0,0,0,0,0,0,0,0,0,0,0,0,0,0,0,0,0,0,0,0,0,0,0,0,0,0.0010360906*J1^1*J2^4+0,0,-0.0006923310*J1^1*J2^4+-0.0002337063*J2^5+0,0,0,0,0,0,0.0010360906*J2^5+0,0,-0.0002337063*J1^1*J2^4+-0.0006923310*J2^5+0,0,0,0,0,0,-0.0014652534*J1^1*J2^4+0.0014652534*J2^5+0,0,0.0006485932*J1^1*J2^4+-0.0006485932*J2^5+0,0,0,0,0,0,0,0,0,0,0,0,0,0,0,0,0,0,0,0,0,0,0,0,0,0,0,0,0},
{0,0,0,0,0,0,0,0,0,0,0,0,0,0,0,0,0,0,0,0,0,0,0,0,0,0,0,0,0,0,0,0,0,0,0,0,0,0,0,0,0,0,0,0,0,0,0,0,0,0,0,0,0.0130456946*J1^1*J2^4+0,0,-0.0052659609*J2^5+0,0,0,0,0,0,0.0130456946*J2^5+0,0,-0.0052659609*J1^1*J2^4+0,0,0,0,0,0,0,0,0,0,0,0,0,0,0,0,0,0,0,0,0,0,0,0,0,0,0,0,0,0,0,0,0,0},
{0,0,0,0,0,0,0,0,0,0,0,0,0,0,0,0,0,0,0,0,0,0,0,0,0,0,0,0,0,0,0,0,0,0,0,0,0,0,0,0,0,0,0,0,0,0,0,0,0,0,0,0,0,0.0130456946*J1^1*J2^4+0,0,-0.0052659609*J2^5+0,0,0,0,0,0,0.0130456946*J2^5+0,0,-0.0052659609*J1^1*J2^4+0,0,0,0,0,0,0,0,0,0,0,0,0,0,0,0,0,0,0,0,0,0,0,0,0,0,0,0,0,0,0,0,0},
{0,0,0,0,0,0,0,0,0,0,0,0,0,0,0,0,0,0,0,0,0,0,0,0,0,0,0,0,0,0,0,0,0,0,0,0,0,0,0,0,0,0,0,0,0,0,0,0,0,0,0,0,-0.0014652534*J2^5+0,0,0.0003305106*J1^1*J2^4+0.0009791039*J2^5+0,0,0,0,0,0,-0.0014652534*J1^1*J2^4+0,0,0.0009791039*J1^1*J2^4+0.0003305106*J2^5+0,0,0,0,0,0,0,0,0,0,0,0,0,0,0,0,0,0,0,0,0,0,0,0,0,0,0,0,0,0,0,0,0,0},
{0,0,0,0,0,0,0,0,0,0,0,0,0,0,0,0,0,0,0,0,0,0,0,0,0,0,0,0,0,0,0,0,0,0,0,0,0,0,0,0,0,0,0,0,0,0,0,0,0,0,0,0,0,-0.0014652534*J2^5+0,0,0.0003305106*J1^1*J2^4+0.0009791039*J2^5+0,0,0,0,0,0,-0.0014652534*J1^1*J2^4+0,0,0.0009791039*J1^1*J2^4+0.0003305106*J2^5+0,0,0,0,0,0,0,0,0,0,0,0,0,0,0,0,0,0,0,0,0,0,0,0,0,0,0,0,0,0,0,0,0},
{0,0,0,0,0,0,0,0,0,0,0,0,0,0,0,0,0,0,0,0,0,0,0,0,0,0,0,0,0,0,0,0,0,0,0,0,0,0,0,0,0,0,0,0,0,0,0,0,0,0,0,0,-0.0075319353*J2^5+0,0,0.0030403039*J1^1*J2^4+0,0,0,0,0,0,-0.0075319353*J1^1*J2^4+0,0,0.0030403039*J2^5+0,0,0,0,0,0,-0.0106517650*J1^1*J2^4+0.0106517650*J2^5+0,0,-0.0042996390*J1^1*J2^4+0.0042996390*J2^5+0,0,0,0,0,0,0,0,0,0,0,0,0,0,0,0,0,0,0,0,0,0,0,0,0,0},
{0,0,0,0,0,0,0,0,0,0,0,0,0,0,0,0,0,0,0,0,0,0,0,0,0,0,0,0,0,0,0,0,0,0,0,0,0,0,0,0,0,0,0,0,0,0,0,0,0,0,0,0,0,-0.0075319353*J2^5+0,0,0.0030403039*J1^1*J2^4+0,0,0,0,0,0,-0.0075319353*J1^1*J2^4+0,0,0.0030403039*J2^5+0,0,0,0,0,0,-0.0106517650*J1^1*J2^4+0.0106517650*J2^5+0,0,-0.0042996390*J1^1*J2^4+0.0042996390*J2^5+0,0,0,0,0,0,0,0,0,0,0,0,0,0,0,0,0,0,0,0,0,0,0,0,0},
{0,0,0,0,0,0,0,0,0,0,0,0,0,0,0,0,0,0,0,0,0,0,0,0,0,0,0,0,0,0,0,0,0,0,0,0,0,0,0,0,0,0,0,0,0,0,0,0,0,0,0,0,0.0008459644*J1^1*J2^4+0,0,-0.0005652859*J1^1*J2^4+-0.0001908204*J2^5+0,0,0,0,0,0,0.0008459644*J2^5+0,0,-0.0001908204*J1^1*J2^4+-0.0005652859*J2^5+0,0,0,0,0,0,-0.0011963744*J1^1*J2^4+0.0011963744*J2^5+0,0,0.0005295742*J1^1*J2^4+-0.0005295742*J2^5+0,0,0,0,0,0,0,0,0,0,0,0,0,0,0,0,0,0,0,0,0,0,0,0,0,0},
{0,0,0,0,0,0,0,0,0,0,0,0,0,0,0,0,0,0,0,0,0,0,0,0,0,0,0,0,0,0,0,0,0,0,0,0,0,0,0,0,0,0,0,0,0,0,0,0,0,0,0,0,0,0.0008459644*J1^1*J2^4+0,0,-0.0005652859*J1^1*J2^4+-0.0001908204*J2^5+0,0,0,0,0,0,0.0008459644*J2^5+0,0,-0.0001908204*J1^1*J2^4+-0.0005652859*J2^5+0,0,0,0,0,0,-0.0011963744*J1^1*J2^4+0.0011963744*J2^5+0,0,0.0005295742*J1^1*J2^4+-0.0005295742*J2^5+0,0,0,0,0,0,0,0,0,0,0,0,0,0,0,0,0,0,0,0,0,0,0,0,0}
}