96
{{0,0,0,0,0,0,0,0,0,0,0,0,0,0,0,0,0,0,0,0,0,0,0,0,0,0,0,0,0,0,0,0,0,0,0,0,0,0,0,0,0,0,0,0,0,0,0,0,0,0,0,0,0,0,0,0,0,0,0,0,0,0,0,0,0,0,0,0,0,0,0,0,0,0,0,0,0,0,0,0,0.0066528320*J1^2*J2^3+-0.0017257125*J1^1*J2^4+0.0066528320*J2^5+0,0,-0.0107368293*J1^2*J2^3+-0.0167858723*J1^1*J2^4+-0.0107368293*J2^5+0,0,0.0004981703*J1^2*J2^3+-0.0076820287*J1^1*J2^4+0.0004981703*J2^5+0,0,0.0048456639*J1^2*J2^3+0.0123978226*J1^1*J2^4+0.0048456639*J2^5+0,0,0,0,0,0,0,0,0,0},
{0,0,0,0,0,0,0,0,0,0,0,0,0,0,0,0,0,0,0,0,0,0,0,0,0,0,0,0,0,0,0,0,0,0,0,0,0,0,0,0,0,0,0,0,0,0,0,0,0,0,0,0,0,0,0,0,0,0,0,0,0,0,0,0,0,0,0,0,0,0,0,0,0,0,0,0,0,0,0,0,-0.0060819324*J1^2*J2^3+0.0117428279*J1^1*J2^4+-0.0060819324*J2^5+0,0,0.0104043089*J1^2*J2^3+-0.0023363655*J1^1*J2^4+0.0104043089*J2^5+0,0,-0.0033898624*J1^2*J2^3+0.0070228106*J1^1*J2^4+-0.0033898624*J2^5+0,0,0.0006744506*J1^2*J2^3+-0.0120138611*J1^1*J2^4+0.0006744506*J2^5+0,0,0,0,0,0,0,0,0,0},
{0,0,0,0,0,0,0,0,0,0,0,0,0,0,0,0,0,0,0,0,0,0,0,0,0,0,0,0,0,0,0,0,0,0,0,0,0,0,0,0,0,0,0,0,0,0,0,0,0,0,0,0,0,0,0,0,0,0,0,0,0,0,0,0,0,0,0,0,0,0,0,0,0,0,0,0,0,0,0,0,0.0004981703*J1^2*J2^3+-0.0076820287*J1^1*J2^4+0.0004981703*J2^5+0,0,0.0048456639*J1^2*J2^3+0.0123978226*J1^1*J2^4+0.0048456639*J2^5+0,0,0.0072280695*J1^2*J2^3+-0.0105961552*J1^1*J2^4+0.0072280695*J2^5+0,0,-0.0051415386*J1^2*J2^3+-0.0024700998*J1^1*J2^4+-0.0051415386*J2^5+0,0,0,0,0,0,0,0,0,0},
{0,0,0,0,0,0,0,0,0,0,0,0,0,0,0,0,0,0,0,0,0,0,0,0,0,0,0,0,0,0,0,0,0,0,0,0,0,0,0,0,0,0,0,0,0,0,0,0,0,0,0,0,0,0,0,0,0,0,0,0,0,0,0,0,0,0,0,0,0,0,0,0,0,0,0,0,0,0,0,0,-0.0033898624*J1^2*J2^3+0.0070228106*J1^1*J2^4+-0.0033898624*J2^5+0,0,0.0006744506*J1^2*J2^3+-0.0120138611*J1^1*J2^4+0.0006744506*J2^5+0,0,-0.0099962083*J1^2*J2^3+0.0198520711*J1^1*J2^4+-0.0099962083*J2^5+0,0,0.0111830974*J1^2*J2^3+-0.0162087774*J1^1*J2^4+0.0111830974*J2^5+0,0,0,0,0,0,0,0,0,0},
{0,0,0,0,0,0,0,0,0,0,0,0,0,0,0,0,0,0,0,0,0,0,0,0,0,0,0,0,0,0,0,0,0,0,0,0,0,0,0,0,0,0,0,0,0,0,0,0,0,0,0,0,0,0,0,0,0,0,0,0,0,0,0,0,0,0,0,0,0,0,0,0,-0.0038410144*J1^2*J2^3+0.0009963406*J1^1*J2^4+-0.0038410144*J2^5+0,0,0.0061989113*J1^2*J2^3+0.0096913279*J1^1*J2^4+0.0061989113*J2^5+0,0,-0.0002876188*J1^2*J2^3+0.0044352214*J1^1*J2^4+-0.0002876188*J2^5+0,0,-0.0027976454*J1^2*J2^3+-0.0071578862*J1^1*J2^4+-0.0027976454*J2^5+0,0,0,0,0,0,0,0,0,0,0.0054320146*J1^2*J2^3+-0.0014090384*J1^1*J2^4+0.0054320146*J2^5+0,0,-0.0087665845*J1^2*J2^3+-0.0137056073*J1^1*J2^4+-0.0087665845*J2^5+0,0,0.0004067543*J1^2*J2^3+-0.0062723502*J1^1*J2^4+0.0004067543*J2^5+0,0,0.0039564680*J1^2*J2^3+0.0101227798*J1^1*J2^4+0.0039564680*J2^5+0,0},
{0,0,0,0,0,0,0,0,0,0,0,0,0,0,0,0,0,0,0,0,0,0,0,0,0,0,0,0,0,0,0,0,0,0,0,0,0,0,0,0,0,0,0,0,0,0,0,0,0,0,0,0,0,0,0,0,0,0,0,0,0,0,0,0,0,0,0,0,0,0,0,0,0.0035114053*J1^2*J2^3+-0.0067797249*J1^1*J2^4+0.0035114053*J2^5+0,0,-0.0060069306*J1^2*J2^3+0.0013489013*J1^1*J2^4+-0.0060069306*J2^5+0,0,0.0019571380*J1^2*J2^3+-0.0040546216*J1^1*J2^4+0.0019571380*J2^5+0,0,-0.0003893942*J1^2*J2^3+0.0069362060*J1^1*J2^4+-0.0003893942*J2^5+0,0,0,0,0,0,0,0,0,0,-0.0049658770*J1^2*J2^3+0.0095879789*J1^1*J2^4+-0.0049658770*J2^5+0,0,0.0084950827*J1^2*J2^3+-0.0019076344*J1^1*J2^4+0.0084950827*J2^5+0,0,-0.0027678111*J1^2*J2^3+0.0057341008*J1^1*J2^4+-0.0027678111*J2^5+0,0,0.0005506866*J1^2*J2^3+-0.0098092765*J1^1*J2^4+0.0005506866*J2^5+0,0},
{0,0,0,0,0,0,0,0,0,0,0,0,0,0,0,0,0,0,0,0,0,0,0,0,0,0,0,0,0,0,0,0,0,0,0,0,0,0,0,0,0,0,0,0,0,0,0,0,0,0,0,0,0,0,0,0,0,0,0,0,0,0,0,0,0,0,0,0,0,0,0,0,-0.0002876188*J1^2*J2^3+0.0044352214*J1^1*J2^4+-0.0002876188*J2^5+0,0,-0.0027976454*J1^2*J2^3+-0.0071578862*J1^1*J2^4+-0.0027976454*J2^5+0,0,-0.0041731279*J1^2*J2^3+0.0061176931*J1^1*J2^4+-0.0041731279*J2^5+0,0,0.0029684687*J1^2*J2^3+0.0014261128*J1^1*J2^4+0.0029684687*J2^5+0,0,0,0,0,0,0,0,0,0,0.0004067543*J1^2*J2^3+-0.0062723502*J1^1*J2^4+0.0004067543*J2^5+0,0,0.0039564680*J1^2*J2^3+0.0101227798*J1^1*J2^4+0.0039564680*J2^5+0,0,0.0059016941*J1^2*J2^3+-0.0086517245*J1^1*J2^4+0.0059016941*J2^5+0,0,-0.0041980487*J1^2*J2^3+-0.0020168281*J1^1*J2^4+-0.0041980487*J2^5+0,0},
{0,0,0,0,0,0,0,0,0,0,0,0,0,0,0,0,0,0,0,0,0,0,0,0,0,0,0,0,0,0,0,0,0,0,0,0,0,0,0,0,0,0,0,0,0,0,0,0,0,0,0,0,0,0,0,0,0,0,0,0,0,0,0,0,0,0,0,0,0,0,0,0,0.0019571380*J1^2*J2^3+-0.0040546216*J1^1*J2^4+0.0019571380*J2^5+0,0,-0.0003893942*J1^2*J2^3+0.0069362060*J1^1*J2^4+-0.0003893942*J2^5+0,0,0.0057713136*J1^2*J2^3+-0.0114615986*J1^1*J2^4+0.0057713136*J2^5+0,0,-0.0064565643*J1^2*J2^3+0.0093581420*J1^1*J2^4+-0.0064565643*J2^5+0,0,0,0,0,0,0,0,0,0,-0.0027678111*J1^2*J2^3+0.0057341008*J1^1*J2^4+-0.0027678111*J2^5+0,0,0.0005506866*J1^2*J2^3+-0.0098092765*J1^1*J2^4+0.0005506866*J2^5+0,0,-0.0081618699*J1^2*J2^3+0.0162091482*J1^1*J2^4+-0.0081618699*J2^5+0,0,0.0091309608*J1^2*J2^3+-0.0132344113*J1^1*J2^4+0.0091309608*J2^5+0,0},
{0,0,0,0,0,0,0,0,0,0,0,0,0,0,0,0,0,0,0,0,0,0,0,0,0,0,0,0,0,0,0,0,0,0,0,0,0,0,0,0,0,0,0,0,0,0,0,0,0,0,0,0,0,0,0,0,0,0,0,0,0,0,0,0,0,0,0,0,0,0,0,0,0,0,0,0,0,0,0,0,0,-0.0038410144*J1^2*J2^3+0.0009963406*J1^1*J2^4+-0.0038410144*J2^5+0,0,0.0061989113*J1^2*J2^3+0.0096913279*J1^1*J2^4+0.0061989113*J2^5+0,0,-0.0002876188*J1^2*J2^3+0.0044352214*J1^1*J2^4+-0.0002876188*J2^5+0,0,-0.0027976454*J1^2*J2^3+-0.0071578862*J1^1*J2^4+-0.0027976454*J2^5+0,0,0,0,0,0,0,0,0},
{0,0,0,0,0,0,0,0,0,0,0,0,0,0,0,0,0,0,0,0,0,0,0,0,0,0,0,0,0,0,0,0,0,0,0,0,0,0,0,0,0,0,0,0,0,0,0,0,0,0,0,0,0,0,0,0,0,0,0,0,0,0,0,0,0,0,0,0,0,0,0,0,0,0,0,0,0,0,0,0,0,0.0035114053*J1^2*J2^3+-0.0067797249*J1^1*J2^4+0.0035114053*J2^5+0,0,-0.0060069306*J1^2*J2^3+0.0013489013*J1^1*J2^4+-0.0060069306*J2^5+0,0,0.0019571380*J1^2*J2^3+-0.0040546216*J1^1*J2^4+0.0019571380*J2^5+0,0,-0.0003893942*J1^2*J2^3+0.0069362060*J1^1*J2^4+-0.0003893942*J2^5+0,0,0,0,0,0,0,0,0},
{0,0,0,0,0,0,0,0,0,0,0,0,0,0,0,0,0,0,0,0,0,0,0,0,0,0,0,0,0,0,0,0,0,0,0,0,0,0,0,0,0,0,0,0,0,0,0,0,0,0,0,0,0,0,0,0,0,0,0,0,0,0,0,0,0,0,0,0,0,0,0,0,0,0,0,0,0,0,0,0,0,-0.0002876188*J1^2*J2^3+0.0044352214*J1^1*J2^4+-0.0002876188*J2^5+0,0,-0.0027976454*J1^2*J2^3+-0.0071578862*J1^1*J2^4+-0.0027976454*J2^5+0,0,-0.0041731279*J1^2*J2^3+0.0061176931*J1^1*J2^4+-0.0041731279*J2^5+0,0,0.0029684687*J1^2*J2^3+0.0014261128*J1^1*J2^4+0.0029684687*J2^5+0,0,0,0,0,0,0,0,0},
{0,0,0,0,0,0,0,0,0,0,0,0,0,0,0,0,0,0,0,0,0,0,0,0,0,0,0,0,0,0,0,0,0,0,0,0,0,0,0,0,0,0,0,0,0,0,0,0,0,0,0,0,0,0,0,0,0,0,0,0,0,0,0,0,0,0,0,0,0,0,0,0,0,0,0,0,0,0,0,0,0,0.0019571380*J1^2*J2^3+-0.0040546216*J1^1*J2^4+0.0019571380*J2^5+0,0,-0.0003893942*J1^2*J2^3+0.0069362060*J1^1*J2^4+-0.0003893942*J2^5+0,0,0.0057713136*J1^2*J2^3+-0.0114615986*J1^1*J2^4+0.0057713136*J2^5+0,0,-0.0064565643*J1^2*J2^3+0.0093581420*J1^1*J2^4+-0.0064565643*J2^5+0,0,0,0,0,0,0,0,0},
{0,0,0,0,0,0,0,0,0,0,0,0,0,0,0,0,0,0,0,0,0,0,0,0,0,0,0,0,0,0,0,0,0,0,0,0,0,0,0,0,0,0,0,0,0,0,0,0,0,0,0,0,0,0,0,0,0,0,0,0,0,0,0,0,0,0,0,0,0,0,0,0,0,0.0022176107*J1^2*J2^3+-0.0005752375*J1^1*J2^4+0.0022176107*J2^5+0,0,-0.0035789431*J1^2*J2^3+-0.0055952908*J1^1*J2^4+-0.0035789431*J2^5+0,0,0.0001660568*J1^2*J2^3+-0.0025606762*J1^1*J2^4+0.0001660568*J2^5+0,0,0.0016152213*J1^2*J2^3+0.0041326075*J1^1*J2^4+0.0016152213*J2^5+0,0,0,0,0,0,0,0,0,0,-0.0031361751*J1^2*J2^3+0.0008135087*J1^1*J2^4+-0.0031361751*J2^5+0,0,0.0050613899*J1^2*J2^3+0.0079129361*J1^1*J2^4+0.0050613899*J2^5+0,0,-0.0002348397*J1^2*J2^3+0.0036213431*J1^1*J2^4+-0.0002348397*J2^5+0,0,-0.0022842679*J1^2*J2^3+-0.0058443896*J1^1*J2^4+-0.0022842679*J2^5+0},
{0,0,0,0,0,0,0,0,0,0,0,0,0,0,0,0,0,0,0,0,0,0,0,0,0,0,0,0,0,0,0,0,0,0,0,0,0,0,0,0,0,0,0,0,0,0,0,0,0,0,0,0,0,0,0,0,0,0,0,0,0,0,0,0,0,0,0,0,0,0,0,0,0,-0.0020273108*J1^2*J2^3+0.0039142760*J1^1*J2^4+-0.0020273108*J2^5+0,0,0.0034681030*J1^2*J2^3+-0.0007787885*J1^1*J2^4+0.0034681030*J2^5+0,0,-0.0011299541*J1^2*J2^3+0.0023409369*J1^1*J2^4+-0.0011299541*J2^5+0,0,0.0002248169*J1^2*J2^3+-0.0040046204*J1^1*J2^4+0.0002248169*J2^5+0,0,0,0,0,0,0,0,0,0,0.0028670504*J1^2*J2^3+-0.0055356222*J1^1*J2^4+0.0028670504*J2^5+0,0,-0.0049046383*J1^2*J2^3+0.0011013733*J1^1*J2^4+-0.0049046383*J2^5+0,0,0.0015979965*J1^2*J2^3+-0.0033105847*J1^1*J2^4+0.0015979965*J2^5+0,0,-0.0003179391*J1^2*J2^3+0.0056633884*J1^1*J2^4+-0.0003179391*J2^5+0},
{0,0,0,0,0,0,0,0,0,0,0,0,0,0,0,0,0,0,0,0,0,0,0,0,0,0,0,0,0,0,0,0,0,0,0,0,0,0,0,0,0,0,0,0,0,0,0,0,0,0,0,0,0,0,0,0,0,0,0,0,0,0,0,0,0,0,0,0,0,0,0,0,0,0.0001660568*J1^2*J2^3+-0.0025606762*J1^1*J2^4+0.0001660568*J2^5+0,0,0.0016152213*J1^2*J2^3+0.0041326075*J1^1*J2^4+0.0016152213*J2^5+0,0,0.0024093565*J1^2*J2^3+-0.0035320517*J1^1*J2^4+0.0024093565*J2^5+0,0,-0.0017138462*J1^2*J2^3+-0.0008233666*J1^1*J2^4+-0.0017138462*J2^5+0,0,0,0,0,0,0,0,0,0,-0.0002348397*J1^2*J2^3+0.0036213431*J1^1*J2^4+-0.0002348397*J2^5+0,0,-0.0022842679*J1^2*J2^3+-0.0058443896*J1^1*J2^4+-0.0022842679*J2^5+0,0,-0.0034073447*J1^2*J2^3+0.0049950755*J1^1*J2^4+-0.0034073447*J2^5+0,0,0.0024237445*J1^2*J2^3+0.0011644162*J1^1*J2^4+0.0024237445*J2^5+0},
{0,0,0,0,0,0,0,0,0,0,0,0,0,0,0,0,0,0,0,0,0,0,0,0,0,0,0,0,0,0,0,0,0,0,0,0,0,0,0,0,0,0,0,0,0,0,0,0,0,0,0,0,0,0,0,0,0,0,0,0,0,0,0,0,0,0,0,0,0,0,0,0,0,-0.0011299541*J1^2*J2^3+0.0023409369*J1^1*J2^4+-0.0011299541*J2^5+0,0,0.0002248169*J1^2*J2^3+-0.0040046204*J1^1*J2^4+0.0002248169*J2^5+0,0,-0.0033320694*J1^2*J2^3+0.0066173570*J1^1*J2^4+-0.0033320694*J2^5+0,0,0.0037276991*J1^2*J2^3+-0.0054029258*J1^1*J2^4+0.0037276991*J2^5+0,0,0,0,0,0,0,0,0,0,0.0015979965*J1^2*J2^3+-0.0033105847*J1^1*J2^4+0.0015979965*J2^5+0,0,-0.0003179391*J1^2*J2^3+0.0056633884*J1^1*J2^4+-0.0003179391*J2^5+0,0,0.0047122578*J1^2*J2^3+-0.0093583561*J1^1*J2^4+0.0047122578*J2^5+0,0,-0.0052717627*J1^2*J2^3+0.0076408909*J1^1*J2^4+-0.0052717627*J2^5+0},
{0,0,0,0,0,0,0,0,0,0,0,0,0,0,0,0,0,0,0,0,0,0,0,0,0,0,0,0,0,0,0,0,0,0,0,0,0,0,0,0,0,0,0,0,0,0,0,0,0,0,0,0,0,0,0,0,0,0,0,0,0,0,0,0,0,0,0,0,0,0,0,0,0,0,0,0,0,0,0,0,0,0.0054320146*J1^2*J2^3+-0.0014090384*J1^1*J2^4+0.0054320146*J2^5+0,0,-0.0087665845*J1^2*J2^3+-0.0137056073*J1^1*J2^4+-0.0087665845*J2^5+0,0,0.0004067543*J1^2*J2^3+-0.0062723502*J1^1*J2^4+0.0004067543*J2^5+0,0,0.0039564680*J1^2*J2^3+0.0101227798*J1^1*J2^4+0.0039564680*J2^5+0,0,0,0,0,0,0,0,0},
{0,0,0,0,0,0,0,0,0,0,0,0,0,0,0,0,0,0,0,0,0,0,0,0,0,0,0,0,0,0,0,0,0,0,0,0,0,0,0,0,0,0,0,0,0,0,0,0,0,0,0,0,0,0,0,0,0,0,0,0,0,0,0,0,0,0,0,0,0,0,0,0,0,0,0,0,0,0,0,0,0,-0.0049658770*J1^2*J2^3+0.0095879789*J1^1*J2^4+-0.0049658770*J2^5+0,0,0.0084950827*J1^2*J2^3+-0.0019076344*J1^1*J2^4+0.0084950827*J2^5+0,0,-0.0027678111*J1^2*J2^3+0.0057341008*J1^1*J2^4+-0.0027678111*J2^5+0,0,0.0005506866*J1^2*J2^3+-0.0098092765*J1^1*J2^4+0.0005506866*J2^5+0,0,0,0,0,0,0,0,0},
{0,0,0,0,0,0,0,0,0,0,0,0,0,0,0,0,0,0,0,0,0,0,0,0,0,0,0,0,0,0,0,0,0,0,0,0,0,0,0,0,0,0,0,0,0,0,0,0,0,0,0,0,0,0,0,0,0,0,0,0,0,0,0,0,0,0,0,0,0,0,0,0,0,0,0,0,0,0,0,0,0,0.0004067543*J1^2*J2^3+-0.0062723502*J1^1*J2^4+0.0004067543*J2^5+0,0,0.0039564680*J1^2*J2^3+0.0101227798*J1^1*J2^4+0.0039564680*J2^5+0,0,0.0059016941*J1^2*J2^3+-0.0086517245*J1^1*J2^4+0.0059016941*J2^5+0,0,-0.0041980487*J1^2*J2^3+-0.0020168281*J1^1*J2^4+-0.0041980487*J2^5+0,0,0,0,0,0,0,0,0},
{0,0,0,0,0,0,0,0,0,0,0,0,0,0,0,0,0,0,0,0,0,0,0,0,0,0,0,0,0,0,0,0,0,0,0,0,0,0,0,0,0,0,0,0,0,0,0,0,0,0,0,0,0,0,0,0,0,0,0,0,0,0,0,0,0,0,0,0,0,0,0,0,0,0,0,0,0,0,0,0,0,-0.0027678111*J1^2*J2^3+0.0057341008*J1^1*J2^4+-0.0027678111*J2^5+0,0,0.0005506866*J1^2*J2^3+-0.0098092765*J1^1*J2^4+0.0005506866*J2^5+0,0,-0.0081618699*J1^2*J2^3+0.0162091482*J1^1*J2^4+-0.0081618699*J2^5+0,0,0.0091309608*J1^2*J2^3+-0.0132344113*J1^1*J2^4+0.0091309608*J2^5+0,0,0,0,0,0,0,0,0},
{0,0,0,0,0,0,0,0,0,0,0,0,0,0,0,0,0,0,0,0,0,0,0,0,0,0,0,0,0,0,0,0,0,0,0,0,0,0,0,0,0,0,0,0,0,0,0,0,0,0,0,0,0,0,0,0,0,0,0,0,0,0,0,0,0,0,0,0,0,0,0,0,0,-0.0031361751*J1^2*J2^3+0.0008135087*J1^1*J2^4+-0.0031361751*J2^5+0,0,0.0050613899*J1^2*J2^3+0.0079129361*J1^1*J2^4+0.0050613899*J2^5+0,0,-0.0002348397*J1^2*J2^3+0.0036213431*J1^1*J2^4+-0.0002348397*J2^5+0,0,-0.0022842679*J1^2*J2^3+-0.0058443896*J1^1*J2^4+-0.0022842679*J2^5+0,0,0,0,0,0,0,0,0,0,0.0044352214*J1^2*J2^3+-0.0011504750*J1^1*J2^4+0.0044352214*J2^5+0,0,-0.0071578862*J1^2*J2^3+-0.0111905815*J1^1*J2^4+-0.0071578862*J2^5+0,0,0.0003321135*J1^2*J2^3+-0.0051213525*J1^1*J2^4+0.0003321135*J2^5+0,0,0.0032304426*J1^2*J2^3+0.0082652151*J1^1*J2^4+0.0032304426*J2^5+0},
{0,0,0,0,0,0,0,0,0,0,0,0,0,0,0,0,0,0,0,0,0,0,0,0,0,0,0,0,0,0,0,0,0,0,0,0,0,0,0,0,0,0,0,0,0,0,0,0,0,0,0,0,0,0,0,0,0,0,0,0,0,0,0,0,0,0,0,0,0,0,0,0,0,0.0028670504*J1^2*J2^3+-0.0055356222*J1^1*J2^4+0.0028670504*J2^5+0,0,-0.0049046383*J1^2*J2^3+0.0011013733*J1^1*J2^4+-0.0049046383*J2^5+0,0,0.0015979965*J1^2*J2^3+-0.0033105847*J1^1*J2^4+0.0015979965*J2^5+0,0,-0.0003179391*J1^2*J2^3+0.0056633884*J1^1*J2^4+-0.0003179391*J2^5+0,0,0,0,0,0,0,0,0,0,-0.0040546216*J1^2*J2^3+0.0078285520*J1^1*J2^4+-0.0040546216*J2^5+0,0,0.0069362060*J1^2*J2^3+-0.0015575770*J1^1*J2^4+0.0069362060*J2^5+0,0,-0.0022599083*J1^2*J2^3+0.0046818737*J1^1*J2^4+-0.0022599083*J2^5+0,0,0.0004496338*J1^2*J2^3+-0.0080092407*J1^1*J2^4+0.0004496338*J2^5+0},
{0,0,0,0,0,0,0,0,0,0,0,0,0,0,0,0,0,0,0,0,0,0,0,0,0,0,0,0,0,0,0,0,0,0,0,0,0,0,0,0,0,0,0,0,0,0,0,0,0,0,0,0,0,0,0,0,0,0,0,0,0,0,0,0,0,0,0,0,0,0,0,0,0,-0.0002348397*J1^2*J2^3+0.0036213431*J1^1*J2^4+-0.0002348397*J2^5+0,0,-0.0022842679*J1^2*J2^3+-0.0058443896*J1^1*J2^4+-0.0022842679*J2^5+0,0,-0.0034073447*J1^2*J2^3+0.0049950755*J1^1*J2^4+-0.0034073447*J2^5+0,0,0.0024237445*J1^2*J2^3+0.0011644162*J1^1*J2^4+0.0024237445*J2^5+0,0,0,0,0,0,0,0,0,0,0.0003321135*J1^2*J2^3+-0.0051213525*J1^1*J2^4+0.0003321135*J2^5+0,0,0.0032304426*J1^2*J2^3+0.0082652151*J1^1*J2^4+0.0032304426*J2^5+0,0,0.0048187130*J1^2*J2^3+-0.0070641035*J1^1*J2^4+0.0048187130*J2^5+0,0,-0.0034276924*J1^2*J2^3+-0.0016467332*J1^1*J2^4+-0.0034276924*J2^5+0},
{0,0,0,0,0,0,0,0,0,0,0,0,0,0,0,0,0,0,0,0,0,0,0,0,0,0,0,0,0,0,0,0,0,0,0,0,0,0,0,0,0,0,0,0,0,0,0,0,0,0,0,0,0,0,0,0,0,0,0,0,0,0,0,0,0,0,0,0,0,0,0,0,0,0.0015979965*J1^2*J2^3+-0.0033105847*J1^1*J2^4+0.0015979965*J2^5+0,0,-0.0003179391*J1^2*J2^3+0.0056633884*J1^1*J2^4+-0.0003179391*J2^5+0,0,0.0047122578*J1^2*J2^3+-0.0093583561*J1^1*J2^4+0.0047122578*J2^5+0,0,-0.0052717627*J1^2*J2^3+0.0076408909*J1^1*J2^4+-0.0052717627*J2^5+0,0,0,0,0,0,0,0,0,0,-0.0022599083*J1^2*J2^3+0.0046818737*J1^1*J2^4+-0.0022599083*J2^5+0,0,0.0004496338*J1^2*J2^3+-0.0080092407*J1^1*J2^4+0.0004496338*J2^5+0,0,-0.0066641389*J1^2*J2^3+0.0132347141*J1^1*J2^4+-0.0066641389*J2^5+0,0,0.0074553983*J1^2*J2^3+-0.0108058516*J1^1*J2^4+0.0074553983*J2^5+0},
{0,0,0,0,0,0,0,0,0,0,0,0,0,0,0,0,0,0,0,0,0,0,0,0,0,0,0,0,0,0,0,0,0,0,0,0,0,0,0,0,0,0,0,0,0,0,0,0,0,0,0,0,0,0,0,0,0,0,0,0,0,0,0,0,0,0,0,0,0,0,0,0,0,0,0,0,0,0,0,0,0.0089942712*J1^2*J2^3+-0.0038987148*J1^1*J2^4+0.0089942712*J2^5+0,0,-0.0138830185*J1^2*J2^3+-0.0212687814*J1^1*J2^4+-0.0138830185*J2^5+0,0,0.0011254620*J1^2*J2^3+-0.0103856898*J1^1*J2^4+0.0011254620*J2^5+0,0,0.0061397683*J1^2*J2^3+0.0160307289*J1^1*J2^4+0.0061397683*J2^5+0,0,0,0,0,0,0,0,0,0},
{0,0,0,0,0,0,0,0,0,0,0,0,0,0,0,0,0,0,0,0,0,0,0,0,0,0,0,0,0,0,0,0,0,0,0,0,0,0,0,0,0,0,0,0,0,0,0,0,0,0,0,0,0,0,0,0,0,0,0,0,0,0,0,0,0,0,0,0,0,0,0,0,0,0,0,0,0,0,0,0,0,0.0089942712*J1^2*J2^3+-0.0038987148*J1^1*J2^4+0.0089942712*J2^5+0,0,-0.0138830185*J1^2*J2^3+-0.0212687814*J1^1*J2^4+-0.0138830185*J2^5+0,0,0.0011254620*J1^2*J2^3+-0.0103856898*J1^1*J2^4+0.0011254620*J2^5+0,0,0.0061397683*J1^2*J2^3+0.0160307289*J1^1*J2^4+0.0061397683*J2^5+0,0,0,0,0,0,0,0,0},
{0,0,0,0,0,0,0,0,0,0,0,0,0,0,0,0,0,0,0,0,0,0,0,0,0,0,0,0,0,0,0,0,0,0,0,0,0,0,0,0,0,0,0,0,0,0,0,0,0,0,0,0,0,0,0,0,0,0,0,0,0,0,0,0,0,0,0,0,0,0,0,0,0,0,0,0,0,0,0,0,0.0011254620*J1^2*J2^3+-0.0103856898*J1^1*J2^4+0.0011254620*J2^5+0,0,0.0061397683*J1^2*J2^3+0.0160307289*J1^1*J2^4+0.0061397683*J2^5+0,0,0.0102938428*J1^2*J2^3+-0.0158910764*J1^1*J2^4+0.0102938428*J2^5+0,0,-0.0067934247*J1^2*J2^3+-0.0027580901*J1^1*J2^4+-0.0067934247*J2^5+0,0,0,0,0,0,0,0,0,0},
{0,0,0,0,0,0,0,0,0,0,0,0,0,0,0,0,0,0,0,0,0,0,0,0,0,0,0,0,0,0,0,0,0,0,0,0,0,0,0,0,0,0,0,0,0,0,0,0,0,0,0,0,0,0,0,0,0,0,0,0,0,0,0,0,0,0,0,0,0,0,0,0,0,0,0,0,0,0,0,0,0,0.0011254620*J1^2*J2^3+-0.0103856898*J1^1*J2^4+0.0011254620*J2^5+0,0,0.0061397683*J1^2*J2^3+0.0160307289*J1^1*J2^4+0.0061397683*J2^5+0,0,0.0102938428*J1^2*J2^3+-0.0158910764*J1^1*J2^4+0.0102938428*J2^5+0,0,-0.0067934247*J1^2*J2^3+-0.0027580901*J1^1*J2^4+-0.0067934247*J2^5+0,0,0,0,0,0,0,0,0},
{0,0,0,0,0,0,0,0,0,0,0,0,0,0,0,0,0,0,0,0,0,0,0,0,0,0,0,0,0,0,0,0,0,0,0,0,0,0,0,0,0,0,0,0,0,0,0,0,0,0,0,0,0,0,0,0,0,0,0,0,0,0,0,0,0,0,0,0,0,0,0,0,-0.0051928449*J1^2*J2^3+0.0022509240*J1^1*J2^4+-0.0051928449*J2^5+0,0,0.0080153644*J1^2*J2^3+0.0122795367*J1^1*J2^4+0.0080153644*J2^5+0,0,-0.0006497858*J1^2*J2^3+0.0059961808*J1^1*J2^4+-0.0006497858*J2^5+0,0,-0.0035447969*J1^2*J2^3+-0.0092553456*J1^1*J2^4+-0.0035447969*J2^5+0,0,0,0,0,0,0,0,0,0,0.0073437917*J1^2*J2^3+-0.0031832873*J1^1*J2^4+0.0073437917*J2^5+0,0,-0.0113354371*J1^2*J2^3+-0.0173658873*J1^1*J2^4+-0.0113354371*J2^5+0,0,0.0009189359*J1^2*J2^3+-0.0084798802*J1^1*J2^4+0.0009189359*J2^5+0,0,0.0050130998*J1^2*J2^3+0.0130890353*J1^1*J2^4+0.0050130998*J2^5+0,0},
{0,0,0,0,0,0,0,0,0,0,0,0,0,0,0,0,0,0,0,0,0,0,0,0,0,0,0,0,0,0,0,0,0,0,0,0,0,0,0,0,0,0,0,0,0,0,0,0,0,0,0,0,0,0,0,0,0,0,0,0,0,0,0,0,0,0,0,0,0,0,0,0,0,-0.0051928449*J1^2*J2^3+0.0022509240*J1^1*J2^4+-0.0051928449*J2^5+0,0,0.0080153644*J1^2*J2^3+0.0122795367*J1^1*J2^4+0.0080153644*J2^5+0,0,-0.0006497858*J1^2*J2^3+0.0059961808*J1^1*J2^4+-0.0006497858*J2^5+0,0,-0.0035447969*J1^2*J2^3+-0.0092553456*J1^1*J2^4+-0.0035447969*J2^5+0,0,0,0,0,0,0,0,0,0,0.0073437917*J1^2*J2^3+-0.0031832873*J1^1*J2^4+0.0073437917*J2^5+0,0,-0.0113354371*J1^2*J2^3+-0.0173658873*J1^1*J2^4+-0.0113354371*J2^5+0,0,0.0009189359*J1^2*J2^3+-0.0084798802*J1^1*J2^4+0.0009189359*J2^5+0,0,0.0050130998*J1^2*J2^3+0.0130890353*J1^1*J2^4+0.0050130998*J2^5+0},
{0,0,0,0,0,0,0,0,0,0,0,0,0,0,0,0,0,0,0,0,0,0,0,0,0,0,0,0,0,0,0,0,0,0,0,0,0,0,0,0,0,0,0,0,0,0,0,0,0,0,0,0,0,0,0,0,0,0,0,0,0,0,0,0,0,0,0,0,0,0,0,0,-0.0006497858*J1^2*J2^3+0.0059961808*J1^1*J2^4+-0.0006497858*J2^5+0,0,-0.0035447969*J1^2*J2^3+-0.0092553456*J1^1*J2^4+-0.0035447969*J2^5+0,0,-0.0059431529*J1^2*J2^3+0.0091747173*J1^1*J2^4+-0.0059431529*J2^5+0,0,0.0039221856*J1^2*J2^3+0.0015923841*J1^1*J2^4+0.0039221856*J2^5+0,0,0,0,0,0,0,0,0,0,0.0009189359*J1^2*J2^3+-0.0084798802*J1^1*J2^4+0.0009189359*J2^5+0,0,0.0050130998*J1^2*J2^3+0.0130890353*J1^1*J2^4+0.0050130998*J2^5+0,0,0.0084048875*J1^2*J2^3+-0.0129750096*J1^1*J2^4+0.0084048875*J2^5+0,0,-0.0055468080*J1^2*J2^3+-0.0022519711*J1^1*J2^4+-0.0055468080*J2^5+0,0},
{0,0,0,0,0,0,0,0,0,0,0,0,0,0,0,0,0,0,0,0,0,0,0,0,0,0,0,0,0,0,0,0,0,0,0,0,0,0,0,0,0,0,0,0,0,0,0,0,0,0,0,0,0,0,0,0,0,0,0,0,0,0,0,0,0,0,0,0,0,0,0,0,0,-0.0006497858*J1^2*J2^3+0.0059961808*J1^1*J2^4+-0.0006497858*J2^5+0,0,-0.0035447969*J1^2*J2^3+-0.0092553456*J1^1*J2^4+-0.0035447969*J2^5+0,0,-0.0059431529*J1^2*J2^3+0.0091747173*J1^1*J2^4+-0.0059431529*J2^5+0,0,0.0039221856*J1^2*J2^3+0.0015923841*J1^1*J2^4+0.0039221856*J2^5+0,0,0,0,0,0,0,0,0,0,0.0009189359*J1^2*J2^3+-0.0084798802*J1^1*J2^4+0.0009189359*J2^5+0,0,0.0050130998*J1^2*J2^3+0.0130890353*J1^1*J2^4+0.0050130998*J2^5+0,0,0.0084048875*J1^2*J2^3+-0.0129750096*J1^1*J2^4+0.0084048875*J2^5+0,0,-0.0055468080*J1^2*J2^3+-0.0022519711*J1^1*J2^4+-0.0055468080*J2^5+0},
{0,0,0,0,0,0,0,0,0,0,0,0,0,0,0,0,0,0,0,0,0,0,0,0,0,0,0,0,0,0,0,0,0,0,0,0,0,0,0,0,0,0,0,0,0,0,0,0,0,0,0,0,0,0,0,0,0,0,0,0,0,0,0,0,0,0,0,0,0,0,0,0,0,0,0,0,0,0,0,0,0.0096892683*J1^2*J2^3+-0.0205429768*J1^1*J2^4+0.0096892683*J2^5+0,0,-0.0082029229*J1^2*J2^3+0.0137659913*J1^1*J2^4+-0.0082029229*J2^5+0,0,0.0059302466*J1^2*J2^3+-0.0111882033*J1^1*J2^4+0.0059302466*J2^5+0,0,-0.0039738994*J1^2*J2^3+0.0094719195*J1^1*J2^4+-0.0039738994*J2^5+0,0,0,0,0,0,0,0,0,0},
{0,0,0,0,0,0,0,0,0,0,0,0,0,0,0,0,0,0,0,0,0,0,0,0,0,0,0,0,0,0,0,0,0,0,0,0,0,0,0,0,0,0,0,0,0,0,0,0,0,0,0,0,0,0,0,0,0,0,0,0,0,0,0,0,0,0,0,0,0,0,0,0,0,0,0,0,0,0,0,0,0,0.0096892683*J1^2*J2^3+-0.0205429768*J1^1*J2^4+0.0096892683*J2^5+0,0,-0.0082029229*J1^2*J2^3+0.0137659913*J1^1*J2^4+-0.0082029229*J2^5+0,0,0.0059302466*J1^2*J2^3+-0.0111882033*J1^1*J2^4+0.0059302466*J2^5+0,0,-0.0039738994*J1^2*J2^3+0.0094719195*J1^1*J2^4+-0.0039738994*J2^5+0,0,0,0,0,0,0,0,0},
{0,0,0,0,0,0,0,0,0,0,0,0,0,0,0,0,0,0,0,0,0,0,0,0,0,0,0,0,0,0,0,0,0,0,0,0,0,0,0,0,0,0,0,0,0,0,0,0,0,0,0,0,0,0,0,0,0,0,0,0,0,0,0,0,0,0,0,0,0,0,0,0,0,0,0,0,0,0,0,0,0.0059302466*J1^2*J2^3+-0.0111882033*J1^1*J2^4+0.0059302466*J2^5+0,0,-0.0039738994*J1^2*J2^3+0.0094719195*J1^1*J2^4+-0.0039738994*J2^5+0,0,0.0165369272*J1^2*J2^3+-0.0334620011*J1^1*J2^4+0.0165369272*J2^5+0,0,-0.0127915867*J1^2*J2^3+0.0247032218*J1^1*J2^4+-0.0127915867*J2^5+0,0,0,0,0,0,0,0,0,0},
{0,0,0,0,0,0,0,0,0,0,0,0,0,0,0,0,0,0,0,0,0,0,0,0,0,0,0,0,0,0,0,0,0,0,0,0,0,0,0,0,0,0,0,0,0,0,0,0,0,0,0,0,0,0,0,0,0,0,0,0,0,0,0,0,0,0,0,0,0,0,0,0,0,0,0,0,0,0,0,0,0,0.0059302466*J1^2*J2^3+-0.0111882033*J1^1*J2^4+0.0059302466*J2^5+0,0,-0.0039738994*J1^2*J2^3+0.0094719195*J1^1*J2^4+-0.0039738994*J2^5+0,0,0.0165369272*J1^2*J2^3+-0.0334620011*J1^1*J2^4+0.0165369272*J2^5+0,0,-0.0127915867*J1^2*J2^3+0.0247032218*J1^1*J2^4+-0.0127915867*J2^5+0,0,0,0,0,0,0,0,0},
{0,0,0,0,0,0,0,0,0,0,0,0,0,0,0,0,0,0,0,0,0,0,0,0,0,0,0,0,0,0,0,0,0,0,0,0,0,0,0,0,0,0,0,0,0,0,0,0,0,0,0,0,0,0,0,0,0,0,0,0,0,0,0,0,0,0,0,0,0,0,0,0,-0.0055941016*J1^2*J2^3+0.0118604932*J1^1*J2^4+-0.0055941016*J2^5+0,0,0.0047359597*J1^2*J2^3+-0.0079477988*J1^1*J2^4+0.0047359597*J2^5+0,0,-0.0034238295*J1^2*J2^3+0.0064595122*J1^1*J2^4+-0.0034238295*J2^5+0,0,0.0022943319*J1^2*J2^3+-0.0054686153*J1^1*J2^4+0.0022943319*J2^5+0,0,0,0,0,0,0,0,0,0,0.0079112544*J1^2*J2^3+-0.0167732703*J1^1*J2^4+0.0079112544*J2^5+0,0,-0.0066976585*J1^2*J2^3+0.0112398848*J1^1*J2^4+-0.0066976585*J2^5+0,0,0.0048420261*J1^2*J2^3+-0.0091351297*J1^1*J2^4+0.0048420261*J2^5+0,0,-0.0032446753*J1^2*J2^3+0.0077337899*J1^1*J2^4+-0.0032446753*J2^5+0,0},
{0,0,0,0,0,0,0,0,0,0,0,0,0,0,0,0,0,0,0,0,0,0,0,0,0,0,0,0,0,0,0,0,0,0,0,0,0,0,0,0,0,0,0,0,0,0,0,0,0,0,0,0,0,0,0,0,0,0,0,0,0,0,0,0,0,0,0,0,0,0,0,0,0,-0.0055941016*J1^2*J2^3+0.0118604932*J1^1*J2^4+-0.0055941016*J2^5+0,0,0.0047359597*J1^2*J2^3+-0.0079477988*J1^1*J2^4+0.0047359597*J2^5+0,0,-0.0034238295*J1^2*J2^3+0.0064595122*J1^1*J2^4+-0.0034238295*J2^5+0,0,0.0022943319*J1^2*J2^3+-0.0054686153*J1^1*J2^4+0.0022943319*J2^5+0,0,0,0,0,0,0,0,0,0,0.0079112544*J1^2*J2^3+-0.0167732703*J1^1*J2^4+0.0079112544*J2^5+0,0,-0.0066976585*J1^2*J2^3+0.0112398848*J1^1*J2^4+-0.0066976585*J2^5+0,0,0.0048420261*J1^2*J2^3+-0.0091351297*J1^1*J2^4+0.0048420261*J2^5+0,0,-0.0032446753*J1^2*J2^3+0.0077337899*J1^1*J2^4+-0.0032446753*J2^5+0},
{0,0,0,0,0,0,0,0,0,0,0,0,0,0,0,0,0,0,0,0,0,0,0,0,0,0,0,0,0,0,0,0,0,0,0,0,0,0,0,0,0,0,0,0,0,0,0,0,0,0,0,0,0,0,0,0,0,0,0,0,0,0,0,0,0,0,0,0,0,0,0,0,-0.0034238295*J1^2*J2^3+0.0064595122*J1^1*J2^4+-0.0034238295*J2^5+0,0,0.0022943319*J1^2*J2^3+-0.0054686153*J1^1*J2^4+0.0022943319*J2^5+0,0,-0.0095475994*J1^2*J2^3+0.0193192954*J1^1*J2^4+-0.0095475994*J2^5+0,0,0.0073852260*J1^2*J2^3+-0.0142624118*J1^1*J2^4+0.0073852260*J2^5+0,0,0,0,0,0,0,0,0,0,0.0048420261*J1^2*J2^3+-0.0091351297*J1^1*J2^4+0.0048420261*J2^5+0,0,-0.0032446753*J1^2*J2^3+0.0077337899*J1^1*J2^4+-0.0032446753*J2^5+0,0,0.0135023445*J1^2*J2^3+-0.0273216095*J1^1*J2^4+0.0135023445*J2^5+0,0,-0.0104442868*J1^2*J2^3+0.0201700962*J1^1*J2^4+-0.0104442868*J2^5+0,0},
{0,0,0,0,0,0,0,0,0,0,0,0,0,0,0,0,0,0,0,0,0,0,0,0,0,0,0,0,0,0,0,0,0,0,0,0,0,0,0,0,0,0,0,0,0,0,0,0,0,0,0,0,0,0,0,0,0,0,0,0,0,0,0,0,0,0,0,0,0,0,0,0,0,-0.0034238295*J1^2*J2^3+0.0064595122*J1^1*J2^4+-0.0034238295*J2^5+0,0,0.0022943319*J1^2*J2^3+-0.0054686153*J1^1*J2^4+0.0022943319*J2^5+0,0,-0.0095475994*J1^2*J2^3+0.0193192954*J1^1*J2^4+-0.0095475994*J2^5+0,0,0.0073852260*J1^2*J2^3+-0.0142624118*J1^1*J2^4+0.0073852260*J2^5+0,0,0,0,0,0,0,0,0,0,0.0048420261*J1^2*J2^3+-0.0091351297*J1^1*J2^4+0.0048420261*J2^5+0,0,-0.0032446753*J1^2*J2^3+0.0077337899*J1^1*J2^4+-0.0032446753*J2^5+0,0,0.0135023445*J1^2*J2^3+-0.0273216095*J1^1*J2^4+0.0135023445*J2^5+0,0,-0.0104442868*J1^2*J2^3+0.0201700962*J1^1*J2^4+-0.0104442868*J2^5+0},
{0,0,0,0,0,0,0,0,0,0,0,0,0,0,0,0,0,0,0,0,0,0,0,0,0,0,0,0,0,0,0,0,0,0,0,0,0,0,0,0,0,0,0,0,0,0,0,0,0,0,0,0,0,0,0,0,0,0,0,0,0,0,0,0,0,0,0,0,0,0,0,0,0,0,0,0,0,0,0,0,0.0036865776*J1^2*J2^3+-0.0030317425*J1^1*J2^4+0.0036865776*J2^5+0,0,-0.0113308990*J1^2*J2^3+-0.0064233824*J1^1*J2^4+-0.0113308990*J2^5+0,0,0.0008751887*J1^2*J2^3+-0.0042568931*J1^1*J2^4+0.0008751887*J2^5+0,0,0.0018542708*J1^2*J2^3+0.0130837952*J1^1*J2^4+0.0018542708*J2^5+0,0,0,0,0,0,0,0,0,0},
{0,0,0,0,0,0,0,0,0,0,0,0,0,0,0,0,0,0,0,0,0,0,0,0,0,0,0,0,0,0,0,0,0,0,0,0,0,0,0,0,0,0,0,0,0,0,0,0,0,0,0,0,0,0,0,0,0,0,0,0,0,0,0,0,0,0,0,0,0,0,0,0,0,0,0,0,0,0,0,0,0,0.0036865776*J1^2*J2^3+-0.0030317425*J1^1*J2^4+0.0036865776*J2^5+0,0,-0.0113308990*J1^2*J2^3+-0.0064233824*J1^1*J2^4+-0.0113308990*J2^5+0,0,0.0008751887*J1^2*J2^3+-0.0042568931*J1^1*J2^4+0.0008751887*J2^5+0,0,0.0018542708*J1^2*J2^3+0.0130837952*J1^1*J2^4+0.0018542708*J2^5+0,0,0,0,0,0,0,0,0},
{0,0,0,0,0,0,0,0,0,0,0,0,0,0,0,0,0,0,0,0,0,0,0,0,0,0,0,0,0,0,0,0,0,0,0,0,0,0,0,0,0,0,0,0,0,0,0,0,0,0,0,0,0,0,0,0,0,0,0,0,0,0,0,0,0,0,0,0,0,0,0,0,0,0,0,0,0,0,0,0,0.0008751887*J1^2*J2^3+-0.0042568931*J1^1*J2^4+0.0008751887*J2^5+0,0,0.0018542708*J1^2*J2^3+0.0130837952*J1^1*J2^4+0.0018542708*J2^5+0,0,0.0046971584*J1^2*J2^3+-0.0079471792*J1^1*J2^4+0.0046971584*J2^5+0,0,-0.0091897716*J1^2*J2^3+0.0086844830*J1^1*J2^4+-0.0091897716*J2^5+0,0,0,0,0,0,0,0,0,0},
{0,0,0,0,0,0,0,0,0,0,0,0,0,0,0,0,0,0,0,0,0,0,0,0,0,0,0,0,0,0,0,0,0,0,0,0,0,0,0,0,0,0,0,0,0,0,0,0,0,0,0,0,0,0,0,0,0,0,0,0,0,0,0,0,0,0,0,0,0,0,0,0,0,0,0,0,0,0,0,0,0,0.0008751887*J1^2*J2^3+-0.0042568931*J1^1*J2^4+0.0008751887*J2^5+0,0,0.0018542708*J1^2*J2^3+0.0130837952*J1^1*J2^4+0.0018542708*J2^5+0,0,0.0046971584*J1^2*J2^3+-0.0079471792*J1^1*J2^4+0.0046971584*J2^5+0,0,-0.0091897716*J1^2*J2^3+0.0086844830*J1^1*J2^4+-0.0091897716*J2^5+0,0,0,0,0,0,0,0,0},
{0,0,0,0,0,0,0,0,0,0,0,0,0,0,0,0,0,0,0,0,0,0,0,0,0,0,0,0,0,0,0,0,0,0,0,0,0,0,0,0,0,0,0,0,0,0,0,0,0,0,0,0,0,0,0,0,0,0,0,0,0,0,0,0,0,0,0,0,0,0,0,0,-0.0021284465*J1^2*J2^3+0.0017503773*J1^1*J2^4+-0.0021284465*J2^5+0,0,0.0065418976*J1^2*J2^3+0.0037085416*J1^1*J2^4+0.0065418976*J2^5+0,0,-0.0005052904*J1^2*J2^3+0.0024577184*J1^1*J2^4+-0.0005052904*J2^5+0,0,-0.0010705637*J1^2*J2^3+-0.0075539327*J1^1*J2^4+-0.0010705637*J2^5+0,0,0,0,0,0,0,0,0,0,0.0030100780*J1^2*J2^3+-0.0024754074*J1^1*J2^4+0.0030100780*J2^5+0,0,-0.0092516403*J1^2*J2^3+-0.0052446698*J1^1*J2^4+-0.0092516403*J2^5+0,0,0.0007145886*J1^2*J2^3+-0.0034757387*J1^1*J2^4+0.0007145886*J2^5+0,0,0.0015140057*J1^2*J2^3+0.0106828741*J1^1*J2^4+0.0015140057*J2^5+0,0},
{0,0,0,0,0,0,0,0,0,0,0,0,0,0,0,0,0,0,0,0,0,0,0,0,0,0,0,0,0,0,0,0,0,0,0,0,0,0,0,0,0,0,0,0,0,0,0,0,0,0,0,0,0,0,0,0,0,0,0,0,0,0,0,0,0,0,0,0,0,0,0,0,0,-0.0021284465*J1^2*J2^3+0.0017503773*J1^1*J2^4+-0.0021284465*J2^5+0,0,0.0065418976*J1^2*J2^3+0.0037085416*J1^1*J2^4+0.0065418976*J2^5+0,0,-0.0005052904*J1^2*J2^3+0.0024577184*J1^1*J2^4+-0.0005052904*J2^5+0,0,-0.0010705637*J1^2*J2^3+-0.0075539327*J1^1*J2^4+-0.0010705637*J2^5+0,0,0,0,0,0,0,0,0,0,0.0030100780*J1^2*J2^3+-0.0024754074*J1^1*J2^4+0.0030100780*J2^5+0,0,-0.0092516403*J1^2*J2^3+-0.0052446698*J1^1*J2^4+-0.0092516403*J2^5+0,0,0.0007145886*J1^2*J2^3+-0.0034757387*J1^1*J2^4+0.0007145886*J2^5+0,0,0.0015140057*J1^2*J2^3+0.0106828741*J1^1*J2^4+0.0015140057*J2^5+0},
{0,0,0,0,0,0,0,0,0,0,0,0,0,0,0,0,0,0,0,0,0,0,0,0,0,0,0,0,0,0,0,0,0,0,0,0,0,0,0,0,0,0,0,0,0,0,0,0,0,0,0,0,0,0,0,0,0,0,0,0,0,0,0,0,0,0,0,0,0,0,0,0,-0.0005052904*J1^2*J2^3+0.0024577184*J1^1*J2^4+-0.0005052904*J2^5+0,0,-0.0010705637*J1^2*J2^3+-0.0075539327*J1^1*J2^4+-0.0010705637*J2^5+0,0,-0.0027119057*J1^2*J2^3+0.0045883061*J1^1*J2^4+-0.0027119057*J2^5+0,0,0.0053057171*J1^2*J2^3+-0.0050139886*J1^1*J2^4+0.0053057171*J2^5+0,0,0,0,0,0,0,0,0,0,0.0007145886*J1^2*J2^3+-0.0034757387*J1^1*J2^4+0.0007145886*J2^5+0,0,0.0015140057*J1^2*J2^3+0.0106828741*J1^1*J2^4+0.0015140057*J2^5+0,0,0.0038352138*J1^2*J2^3+-0.0064888447*J1^1*J2^4+0.0038352138*J2^5+0,0,-0.0075034171*J1^2*J2^3+0.0070908507*J1^1*J2^4+-0.0075034171*J2^5+0,0},
{0,0,0,0,0,0,0,0,0,0,0,0,0,0,0,0,0,0,0,0,0,0,0,0,0,0,0,0,0,0,0,0,0,0,0,0,0,0,0,0,0,0,0,0,0,0,0,0,0,0,0,0,0,0,0,0,0,0,0,0,0,0,0,0,0,0,0,0,0,0,0,0,0,-0.0005052904*J1^2*J2^3+0.0024577184*J1^1*J2^4+-0.0005052904*J2^5+0,0,-0.0010705637*J1^2*J2^3+-0.0075539327*J1^1*J2^4+-0.0010705637*J2^5+0,0,-0.0027119057*J1^2*J2^3+0.0045883061*J1^1*J2^4+-0.0027119057*J2^5+0,0,0.0053057171*J1^2*J2^3+-0.0050139886*J1^1*J2^4+0.0053057171*J2^5+0,0,0,0,0,0,0,0,0,0,0.0007145886*J1^2*J2^3+-0.0034757387*J1^1*J2^4+0.0007145886*J2^5+0,0,0.0015140057*J1^2*J2^3+0.0106828741*J1^1*J2^4+0.0015140057*J2^5+0,0,0.0038352138*J1^2*J2^3+-0.0064888447*J1^1*J2^4+0.0038352138*J2^5+0,0,-0.0075034171*J1^2*J2^3+0.0070908507*J1^1*J2^4+-0.0075034171*J2^5+0},
{0,0,0,0,0,0,0,0,0,0,0,0,0,0,0,0,0,0,0,0,0,0,0,0,0,0,0,0,0,0,0,0,0,0,0,0,0,0,0,0,0,0,0,0,0,0,0,0,0,0,0,0,0,0,0,0,0,0,0,0,0,0,0,0,0,0,0,0,0,0,0,0,0,0,0,0,0,0,0,0,0.0042980053*J1^2*J2^3+-0.0029154460*J1^1*J2^4+0,0,-0.0067432446*J1^2*J2^3+-0.0108343230*J1^1*J2^4+-0.0064494586*J2^5+0,0,0.0023274485*J1^2*J2^3+0.0016832335*J1^1*J2^4+-0.0048089030*J2^5+0,0,-0.0012595094*J1^2*J2^3+0.0062551993*J1^1*J2^4+0.0088763202*J2^5+0,0,0,0,0,0,0,0,0,0},
{0,0,0,0,0,0,0,0,0,0,0,0,0,0,0,0,0,0,0,0,0,0,0,0,0,0,0,0,0,0,0,0,0,0,0,0,0,0,0,0,0,0,0,0,0,0,0,0,0,0,0,0,0,0,0,0,0,0,0,0,0,0,0,0,0,0,0,0,0,0,0,0,0,0,0,0,0,0,0,0,0,0.0042980053*J1^2*J2^3+-0.0029154460*J1^1*J2^4+0,0,-0.0067432446*J1^2*J2^3+-0.0108343230*J1^1*J2^4+-0.0064494586*J2^5+0,0,0.0023274485*J1^2*J2^3+0.0016832335*J1^1*J2^4+-0.0048089030*J2^5+0,0,-0.0012595094*J1^2*J2^3+0.0062551993*J1^1*J2^4+0.0088763202*J2^5+0,0,0,0,0,0,0,0,0},
{0,0,0,0,0,0,0,0,0,0,0,0,0,0,0,0,0,0,0,0,0,0,0,0,0,0,0,0,0,0,0,0,0,0,0,0,0,0,0,0,0,0,0,0,0,0,0,0,0,0,0,0,0,0,0,0,0,0,0,0,0,0,0,0,0,0,0,0,0,0,0,0,0,0,0,0,0,0,0,0,-0.0067432446*J1^2*J2^3+0.0089549276*J1^1*J2^4+-0.0017945616*J2^5+0,0,0.0120844335*J1^2*J2^3+-0.0001132541*J1^1*J2^4+0.0011991524*J2^5+0,0,0.0008599929*J1^2*J2^3+-0.0051701298*J1^1*J2^4+0.0040693118*J2^5+0,0,-0.0044468149*J1^2*J2^3+0.0000653873*J1^1*J2^4+-0.0032224671*J2^5+0,0,0,0,0,0,0,0,0,0},
{0,0,0,0,0,0,0,0,0,0,0,0,0,0,0,0,0,0,0,0,0,0,0,0,0,0,0,0,0,0,0,0,0,0,0,0,0,0,0,0,0,0,0,0,0,0,0,0,0,0,0,0,0,0,0,0,0,0,0,0,0,0,0,0,0,0,0,0,0,0,0,0,0,0,0,0,0,0,0,0,0,-0.0067432446*J1^2*J2^3+0.0089549276*J1^1*J2^4+-0.0017945616*J2^5+0,0,0.0120844335*J1^2*J2^3+-0.0001132541*J1^1*J2^4+0.0011991524*J2^5+0,0,0.0008599929*J1^2*J2^3+-0.0051701298*J1^1*J2^4+0.0040693118*J2^5+0,0,-0.0044468149*J1^2*J2^3+0.0000653873*J1^1*J2^4+-0.0032224671*J2^5+0,0,0,0,0,0,0,0,0},
{0,0,0,0,0,0,0,0,0,0,0,0,0,0,0,0,0,0,0,0,0,0,0,0,0,0,0,0,0,0,0,0,0,0,0,0,0,0,0,0,0,0,0,0,0,0,0,0,0,0,0,0,0,0,0,0,0,0,0,0,0,0,0,0,0,0,0,0,0,0,0,0,-0.0024814545*J1^2*J2^3+0.0016832335*J1^1*J2^4+0,0,0.0038932141*J1^2*J2^3+0.0062551993*J1^1*J2^4+0.0037235966*J2^5+0,0,-0.0013437530*J1^2*J2^3+-0.0009718153*J1^1*J2^4+0.0027764214*J2^5+0,0,0.0007271781*J1^2*J2^3+-0.0036114410*J1^1*J2^4+-0.0051247458*J2^5+0,0,0,0,0,0,0,0,0,0,0.0035093066*J1^2*J2^3+-0.0023804517*J1^1*J2^4+0,0,-0.0055058362*J1^2*J2^3+-0.0088461877*J1^1*J2^4+-0.0052659609*J2^5+0,0,0.0019003537*J1^2*J2^3+0.0013743544*J1^1*J2^4+-0.0039264529*J2^5+0,0,-0.0010283851*J1^2*J2^3+0.0051073488*J1^1*J2^4+0.0072474851*J2^5+0,0},
{0,0,0,0,0,0,0,0,0,0,0,0,0,0,0,0,0,0,0,0,0,0,0,0,0,0,0,0,0,0,0,0,0,0,0,0,0,0,0,0,0,0,0,0,0,0,0,0,0,0,0,0,0,0,0,0,0,0,0,0,0,0,0,0,0,0,0,0,0,0,0,0,0,-0.0024814545*J1^2*J2^3+0.0016832335*J1^1*J2^4+0,0,0.0038932141*J1^2*J2^3+0.0062551993*J1^1*J2^4+0.0037235966*J2^5+0,0,-0.0013437530*J1^2*J2^3+-0.0009718153*J1^1*J2^4+0.0027764214*J2^5+0,0,0.0007271781*J1^2*J2^3+-0.0036114410*J1^1*J2^4+-0.0051247458*J2^5+0,0,0,0,0,0,0,0,0,0,0.0035093066*J1^2*J2^3+-0.0023804517*J1^1*J2^4+0,0,-0.0055058362*J1^2*J2^3+-0.0088461877*J1^1*J2^4+-0.0052659609*J2^5+0,0,0.0019003537*J1^2*J2^3+0.0013743544*J1^1*J2^4+-0.0039264529*J2^5+0,0,-0.0010283851*J1^2*J2^3+0.0051073488*J1^1*J2^4+0.0072474851*J2^5+0},
{0,0,0,0,0,0,0,0,0,0,0,0,0,0,0,0,0,0,0,0,0,0,0,0,0,0,0,0,0,0,0,0,0,0,0,0,0,0,0,0,0,0,0,0,0,0,0,0,0,0,0,0,0,0,0,0,0,0,0,0,0,0,0,0,0,0,0,0,0,0,0,0,0.0038932141*J1^2*J2^3+-0.0051701298*J1^1*J2^4+0.0010360906*J2^5+0,0,-0.0069769509*J1^2*J2^3+0.0000653873*J1^1*J2^4+-0.0006923310*J2^5+0,0,-0.0004965171*J1^2*J2^3+0.0029849759*J1^1*J2^4+-0.0023494183*J2^5+0,0,0.0025673698*J1^2*J2^3+-0.0000377514*J1^1*J2^4+0.0018604922*J2^5+0,0,0,0,0,0,0,0,0,0,-0.0055058362*J1^2*J2^3+0.0073116677*J1^1*J2^4+-0.0014652534*J2^5+0,0,0.0098668986*J1^2*J2^3+-0.0000924716*J1^1*J2^4+0.0009791039*J2^5+0,0,0.0007021813*J1^2*J2^3+-0.0042213933*J1^1*J2^4+0.0033225792*J2^5+0,0,-0.0036308091*J1^2*J2^3+0.0000533885*J1^1*J2^4+-0.0026311333*J2^5+0,0},
{0,0,0,0,0,0,0,0,0,0,0,0,0,0,0,0,0,0,0,0,0,0,0,0,0,0,0,0,0,0,0,0,0,0,0,0,0,0,0,0,0,0,0,0,0,0,0,0,0,0,0,0,0,0,0,0,0,0,0,0,0,0,0,0,0,0,0,0,0,0,0,0,0,0.0038932141*J1^2*J2^3+-0.0051701298*J1^1*J2^4+0.0010360906*J2^5+0,0,-0.0069769509*J1^2*J2^3+0.0000653873*J1^1*J2^4+-0.0006923310*J2^5+0,0,-0.0004965171*J1^2*J2^3+0.0029849759*J1^1*J2^4+-0.0023494183*J2^5+0,0,0.0025673698*J1^2*J2^3+-0.0000377514*J1^1*J2^4+0.0018604922*J2^5+0,0,0,0,0,0,0,0,0,0,-0.0055058362*J1^2*J2^3+0.0073116677*J1^1*J2^4+-0.0014652534*J2^5+0,0,0.0098668986*J1^2*J2^3+-0.0000924716*J1^1*J2^4+0.0009791039*J2^5+0,0,0.0007021813*J1^2*J2^3+-0.0042213933*J1^1*J2^4+0.0033225792*J2^5+0,0,-0.0036308091*J1^2*J2^3+0.0000533885*J1^1*J2^4+-0.0026311333*J2^5+0},
{0,0,0,0,0,0,0,0,0,0,0,0,0,0,0,0,0,0,0,0,0,0,0,0,0,0,0,0,0,0,0,0,0,0,0,0,0,0,0,0,0,0,0,0,0,0,0,0,0,0,0,0,0,0,0,0,0,0,0,0,0,0,0,0,0,0,0,0,0,0,0,0,0,0,0,0,0,0,0,0,-0.0029154460*J1^1*J2^4+0.0042980053*J2^5+0,0,-0.0064494586*J1^2*J2^3+-0.0108343230*J1^1*J2^4+-0.0067432446*J2^5+0,0,-0.0048089030*J1^2*J2^3+0.0016832335*J1^1*J2^4+0.0023274485*J2^5+0,0,0.0088763202*J1^2*J2^3+0.0062551993*J1^1*J2^4+-0.0012595094*J2^5+0,0,0,0,0,0,0,0,0,0},
{0,0,0,0,0,0,0,0,0,0,0,0,0,0,0,0,0,0,0,0,0,0,0,0,0,0,0,0,0,0,0,0,0,0,0,0,0,0,0,0,0,0,0,0,0,0,0,0,0,0,0,0,0,0,0,0,0,0,0,0,0,0,0,0,0,0,0,0,0,0,0,0,0,0,0,0,0,0,0,0,0,-0.0029154460*J1^1*J2^4+0.0042980053*J2^5+0,0,-0.0064494586*J1^2*J2^3+-0.0108343230*J1^1*J2^4+-0.0067432446*J2^5+0,0,-0.0048089030*J1^2*J2^3+0.0016832335*J1^1*J2^4+0.0023274485*J2^5+0,0,0.0088763202*J1^2*J2^3+0.0062551993*J1^1*J2^4+-0.0012595094*J2^5+0,0,0,0,0,0,0,0,0},
{0,0,0,0,0,0,0,0,0,0,0,0,0,0,0,0,0,0,0,0,0,0,0,0,0,0,0,0,0,0,0,0,0,0,0,0,0,0,0,0,0,0,0,0,0,0,0,0,0,0,0,0,0,0,0,0,0,0,0,0,0,0,0,0,0,0,0,0,0,0,0,0,0,0,0,0,0,0,0,0,-0.0017945616*J1^2*J2^3+0.0089549276*J1^1*J2^4+-0.0067432446*J2^5+0,0,0.0011991524*J1^2*J2^3+-0.0001132541*J1^1*J2^4+0.0120844335*J2^5+0,0,0.0040693118*J1^2*J2^3+-0.0051701298*J1^1*J2^4+0.0008599929*J2^5+0,0,-0.0032224671*J1^2*J2^3+0.0000653873*J1^1*J2^4+-0.0044468149*J2^5+0,0,0,0,0,0,0,0,0,0},
{0,0,0,0,0,0,0,0,0,0,0,0,0,0,0,0,0,0,0,0,0,0,0,0,0,0,0,0,0,0,0,0,0,0,0,0,0,0,0,0,0,0,0,0,0,0,0,0,0,0,0,0,0,0,0,0,0,0,0,0,0,0,0,0,0,0,0,0,0,0,0,0,0,0,0,0,0,0,0,0,0,-0.0017945616*J1^2*J2^3+0.0089549276*J1^1*J2^4+-0.0067432446*J2^5+0,0,0.0011991524*J1^2*J2^3+-0.0001132541*J1^1*J2^4+0.0120844335*J2^5+0,0,0.0040693118*J1^2*J2^3+-0.0051701298*J1^1*J2^4+0.0008599929*J2^5+0,0,-0.0032224671*J1^2*J2^3+0.0000653873*J1^1*J2^4+-0.0044468149*J2^5+0,0,0,0,0,0,0,0,0},
{0,0,0,0,0,0,0,0,0,0,0,0,0,0,0,0,0,0,0,0,0,0,0,0,0,0,0,0,0,0,0,0,0,0,0,0,0,0,0,0,0,0,0,0,0,0,0,0,0,0,0,0,0,0,0,0,0,0,0,0,0,0,0,0,0,0,0,0,0,0,0,0,0.0016832335*J1^1*J2^4+-0.0024814545*J2^5+0,0,0.0037235966*J1^2*J2^3+0.0062551993*J1^1*J2^4+0.0038932141*J2^5+0,0,0.0027764214*J1^2*J2^3+-0.0009718153*J1^1*J2^4+-0.0013437530*J2^5+0,0,-0.0051247458*J1^2*J2^3+-0.0036114410*J1^1*J2^4+0.0007271781*J2^5+0,0,0,0,0,0,0,0,0,0,-0.0023804517*J1^1*J2^4+0.0035093066*J2^5+0,0,-0.0052659609*J1^2*J2^3+-0.0088461877*J1^1*J2^4+-0.0055058362*J2^5+0,0,-0.0039264529*J1^2*J2^3+0.0013743544*J1^1*J2^4+0.0019003537*J2^5+0,0,0.0072474851*J1^2*J2^3+0.0051073488*J1^1*J2^4+-0.0010283851*J2^5+0,0},
{0,0,0,0,0,0,0,0,0,0,0,0,0,0,0,0,0,0,0,0,0,0,0,0,0,0,0,0,0,0,0,0,0,0,0,0,0,0,0,0,0,0,0,0,0,0,0,0,0,0,0,0,0,0,0,0,0,0,0,0,0,0,0,0,0,0,0,0,0,0,0,0,0,0.0016832335*J1^1*J2^4+-0.0024814545*J2^5+0,0,0.0037235966*J1^2*J2^3+0.0062551993*J1^1*J2^4+0.0038932141*J2^5+0,0,0.0027764214*J1^2*J2^3+-0.0009718153*J1^1*J2^4+-0.0013437530*J2^5+0,0,-0.0051247458*J1^2*J2^3+-0.0036114410*J1^1*J2^4+0.0007271781*J2^5+0,0,0,0,0,0,0,0,0,0,-0.0023804517*J1^1*J2^4+0.0035093066*J2^5+0,0,-0.0052659609*J1^2*J2^3+-0.0088461877*J1^1*J2^4+-0.0055058362*J2^5+0,0,-0.0039264529*J1^2*J2^3+0.0013743544*J1^1*J2^4+0.0019003537*J2^5+0,0,0.0072474851*J1^2*J2^3+0.0051073488*J1^1*J2^4+-0.0010283851*J2^5+0},
{0,0,0,0,0,0,0,0,0,0,0,0,0,0,0,0,0,0,0,0,0,0,0,0,0,0,0,0,0,0,0,0,0,0,0,0,0,0,0,0,0,0,0,0,0,0,0,0,0,0,0,0,0,0,0,0,0,0,0,0,0,0,0,0,0,0,0,0,0,0,0,0,0.0010360906*J1^2*J2^3+-0.0051701298*J1^1*J2^4+0.0038932141*J2^5+0,0,-0.0006923310*J1^2*J2^3+0.0000653873*J1^1*J2^4+-0.0069769509*J2^5+0,0,-0.0023494183*J1^2*J2^3+0.0029849759*J1^1*J2^4+-0.0004965171*J2^5+0,0,0.0018604922*J1^2*J2^3+-0.0000377514*J1^1*J2^4+0.0025673698*J2^5+0,0,0,0,0,0,0,0,0,0,-0.0014652534*J1^2*J2^3+0.0073116677*J1^1*J2^4+-0.0055058362*J2^5+0,0,0.0009791039*J1^2*J2^3+-0.0000924716*J1^1*J2^4+0.0098668986*J2^5+0,0,0.0033225792*J1^2*J2^3+-0.0042213933*J1^1*J2^4+0.0007021813*J2^5+0,0,-0.0026311333*J1^2*J2^3+0.0000533885*J1^1*J2^4+-0.0036308091*J2^5+0,0},
{0,0,0,0,0,0,0,0,0,0,0,0,0,0,0,0,0,0,0,0,0,0,0,0,0,0,0,0,0,0,0,0,0,0,0,0,0,0,0,0,0,0,0,0,0,0,0,0,0,0,0,0,0,0,0,0,0,0,0,0,0,0,0,0,0,0,0,0,0,0,0,0,0,0.0010360906*J1^2*J2^3+-0.0051701298*J1^1*J2^4+0.0038932141*J2^5+0,0,-0.0006923310*J1^2*J2^3+0.0000653873*J1^1*J2^4+-0.0069769509*J2^5+0,0,-0.0023494183*J1^2*J2^3+0.0029849759*J1^1*J2^4+-0.0004965171*J2^5+0,0,0.0018604922*J1^2*J2^3+-0.0000377514*J1^1*J2^4+0.0025673698*J2^5+0,0,0,0,0,0,0,0,0,0,-0.0014652534*J1^2*J2^3+0.0073116677*J1^1*J2^4+-0.0055058362*J2^5+0,0,0.0009791039*J1^2*J2^3+-0.0000924716*J1^1*J2^4+0.0098668986*J2^5+0,0,0.0033225792*J1^2*J2^3+-0.0042213933*J1^1*J2^4+0.0007021813*J2^5+0,0,-0.0026311333*J1^2*J2^3+0.0000533885*J1^1*J2^4+-0.0036308091*J2^5+0},
{0,0,0,0,0,0,0,0,0,0,0,0,0,0,0,0,0,0,0,0,0,0,0,0,0,0,0,0,0,0,0,0,0,0,0,0,0,0,0,0,0,0,0,0,0,0,0,0,0,0,0,0,0,0,0,0,0,0,0,0,0,0,0,0,0,0,0,0,0,0,0,0,0,0,0,0,0,0,0,0,-0.0028505306*J1^2*J2^3+0.0028505306*J2^5+0,0,0.0061030336*J1^2*J2^3+-0.0061030336*J2^5+0,0,-0.0051550612*J1^2*J2^3+0.0051550612*J2^5+0,0,0.0037634634*J1^2*J2^3+-0.0037634634*J2^5+0,0,0,0,0,0,0,0,0,0},
{0,0,0,0,0,0,0,0,0,0,0,0,0,0,0,0,0,0,0,0,0,0,0,0,0,0,0,0,0,0,0,0,0,0,0,0,0,0,0,0,0,0,0,0,0,0,0,0,0,0,0,0,0,0,0,0,0,0,0,0,0,0,0,0,0,0,0,0,0,0,0,0,0,0,0,0,0,0,0,0,0,-0.0028505306*J1^2*J2^3+0.0028505306*J2^5+0,0,0.0061030336*J1^2*J2^3+-0.0061030336*J2^5+0,0,-0.0051550612*J1^2*J2^3+0.0051550612*J2^5+0,0,0.0037634634*J1^2*J2^3+-0.0037634634*J2^5+0,0,0,0,0,0,0,0,0},
{0,0,0,0,0,0,0,0,0,0,0,0,0,0,0,0,0,0,0,0,0,0,0,0,0,0,0,0,0,0,0,0,0,0,0,0,0,0,0,0,0,0,0,0,0,0,0,0,0,0,0,0,0,0,0,0,0,0,0,0,0,0,0,0,0,0,0,0,0,0,0,0,0,0,0,0,0,0,0,0,0.0002156748*J1^2*J2^3+-0.0002156748*J2^5+0,0,0.0045982849*J1^2*J2^3+-0.0045982849*J2^5+0,0,0.0041651027*J1^2*J2^3+-0.0041651027*J2^5+0,0,-0.0062329737*J1^2*J2^3+0.0062329737*J2^5+0,0,0,0,0,0,0,0,0,0},
{0,0,0,0,0,0,0,0,0,0,0,0,0,0,0,0,0,0,0,0,0,0,0,0,0,0,0,0,0,0,0,0,0,0,0,0,0,0,0,0,0,0,0,0,0,0,0,0,0,0,0,0,0,0,0,0,0,0,0,0,0,0,0,0,0,0,0,0,0,0,0,0,0,0,0,0,0,0,0,0,0,0.0002156748*J1^2*J2^3+-0.0002156748*J2^5+0,0,0.0045982849*J1^2*J2^3+-0.0045982849*J2^5+0,0,0.0041651027*J1^2*J2^3+-0.0041651027*J2^5+0,0,-0.0062329737*J1^2*J2^3+0.0062329737*J2^5+0,0,0,0,0,0,0,0,0},
{0,0,0,0,0,0,0,0,0,0,0,0,0,0,0,0,0,0,0,0,0,0,0,0,0,0,0,0,0,0,0,0,0,0,0,0,0,0,0,0,0,0,0,0,0,0,0,0,0,0,0,0,0,0,0,0,0,0,0,0,0,0,0,0,0,0,0,0,0,0,0,0,0.0016457546*J1^2*J2^3+-0.0016457546*J2^5+0,0,-0.0035235881*J1^2*J2^3+0.0035235881*J2^5+0,0,0.0029762760*J1^2*J2^3+-0.0029762760*J2^5+0,0,-0.0021728366*J1^2*J2^3+0.0021728366*J2^5+0,0,0,0,0,0,0,0,0,0,-0.0023274485*J1^2*J2^3+0.0023274485*J2^5+0,0,0.0049831061*J1^2*J2^3+-0.0049831061*J2^5+0,0,-0.0042090899*J1^2*J2^3+0.0042090899*J2^5+0,0,0.0030728550*J1^2*J2^3+-0.0030728550*J2^5+0,0},
{0,0,0,0,0,0,0,0,0,0,0,0,0,0,0,0,0,0,0,0,0,0,0,0,0,0,0,0,0,0,0,0,0,0,0,0,0,0,0,0,0,0,0,0,0,0,0,0,0,0,0,0,0,0,0,0,0,0,0,0,0,0,0,0,0,0,0,0,0,0,0,0,0,0.0016457546*J1^2*J2^3+-0.0016457546*J2^5+0,0,-0.0035235881*J1^2*J2^3+0.0035235881*J2^5+0,0,0.0029762760*J1^2*J2^3+-0.0029762760*J2^5+0,0,-0.0021728366*J1^2*J2^3+0.0021728366*J2^5+0,0,0,0,0,0,0,0,0,0,-0.0023274485*J1^2*J2^3+0.0023274485*J2^5+0,0,0.0049831061*J1^2*J2^3+-0.0049831061*J2^5+0,0,-0.0042090899*J1^2*J2^3+0.0042090899*J2^5+0,0,0.0030728550*J1^2*J2^3+-0.0030728550*J2^5+0},
{0,0,0,0,0,0,0,0,0,0,0,0,0,0,0,0,0,0,0,0,0,0,0,0,0,0,0,0,0,0,0,0,0,0,0,0,0,0,0,0,0,0,0,0,0,0,0,0,0,0,0,0,0,0,0,0,0,0,0,0,0,0,0,0,0,0,0,0,0,0,0,0,-0.0001245199*J1^2*J2^3+0.0001245199*J2^5+0,0,-0.0026548210*J1^2*J2^3+0.0026548210*J2^5+0,0,-0.0024047232*J1^2*J2^3+0.0024047232*J2^5+0,0,0.0035986091*J1^2*J2^3+-0.0035986091*J2^5+0,0,0,0,0,0,0,0,0,0,0.0001760977*J1^2*J2^3+-0.0001760977*J2^5+0,0,0.0037544839*J1^2*J2^3+-0.0037544839*J2^5+0,0,0.0034007921*J1^2*J2^3+-0.0034007921*J2^5+0,0,-0.0050892018*J1^2*J2^3+0.0050892018*J2^5+0,0},
{0,0,0,0,0,0,0,0,0,0,0,0,0,0,0,0,0,0,0,0,0,0,0,0,0,0,0,0,0,0,0,0,0,0,0,0,0,0,0,0,0,0,0,0,0,0,0,0,0,0,0,0,0,0,0,0,0,0,0,0,0,0,0,0,0,0,0,0,0,0,0,0,0,-0.0001245199*J1^2*J2^3+0.0001245199*J2^5+0,0,-0.0026548210*J1^2*J2^3+0.0026548210*J2^5+0,0,-0.0024047232*J1^2*J2^3+0.0024047232*J2^5+0,0,0.0035986091*J1^2*J2^3+-0.0035986091*J2^5+0,0,0,0,0,0,0,0,0,0,0.0001760977*J1^2*J2^3+-0.0001760977*J2^5+0,0,0.0037544839*J1^2*J2^3+-0.0037544839*J2^5+0,0,0.0034007921*J1^2*J2^3+-0.0034007921*J2^5+0,0,-0.0050892018*J1^2*J2^3+0.0050892018*J2^5+0},
{0,0,0,0,-0.0001409547*J1^2*J2^3+0.0009141170*J1^1*J2^4+-0.0001409547*J2^5+0,-0.0016291112*J1^2*J2^3+-0.0000726394*J1^1*J2^4+-0.0016291112*J2^5+0,-0.0002638829*J1^2*J2^3+0.0001627604*J1^1*J2^4+-0.0002638829*J2^5+0,0.0000209692*J1^2*J2^3+0.0018811356*J1^1*J2^4+0.0000209692*J2^5+0,0,0,0,0,0,0,0,0,0,0,0,0,0,0,0,0,0,0,0,0,-0.0007637074*J1^2*J2^3+-0.0028315064*J1^1*J2^4+-0.0007637074*J2^5+0,0,0.0008173855*J1^2*J2^3+0.0008818534*J1^1*J2^4+0.0008173855*J2^5+0,0,0,0,0,0,-0.0003606235*J1^2*J2^3+-0.0004153232*J1^1*J2^4+-0.0003606235*J2^5+0,0,0.0001198935*J1^2*J2^3+0.0004164121*J1^1*J2^4+0.0001198935*J2^5+0,0,0,0,0,0,-0.0008591717*J1^2*J2^3+-0.0033864008*J1^1*J2^4+-0.0008591717*J2^5+0,0,0.0009775697*J1^2*J2^3+0.0009920861*J1^1*J2^4+0.0009775697*J2^5+0,0,0,0,0,0,-0.0004434851*J1^2*J2^3+-0.0009890318*J1^1*J2^4+0,0,0.0005939248*J1^2*J2^3+0.0006451642*J1^1*J2^4+-0.0011137032*J2^5+0,0,0,0,0,0,-0.0009890318*J1^1*J2^4+-0.0004434851*J2^5+0,0,-0.0011137032*J1^2*J2^3+0.0006451642*J1^1*J2^4+0.0005939248*J2^5+0,0,0,0,0,0,0.0002213043*J1^2*J2^3+-0.0002213043*J2^5+0,0,0.0007170684*J1^2*J2^3+-0.0007170684*J2^5+0,0,0,0,0,0,0,0,0,0,0,0,0,0,0,0,0,0,0,0,0,0,0,0,0,0},
{0,0,0,0,0,0,0,0,0,0,0,0,0.0000813802*J1^2*J2^3+-0.0005277657*J1^1*J2^4+0.0000813802*J2^5+0,0.0009405678*J1^2*J2^3+0.0000419384*J1^1*J2^4+0.0009405678*J2^5+0,0.0001523528*J1^2*J2^3+-0.0000939698*J1^1*J2^4+0.0001523528*J2^5+0,-0.0000121066*J1^2*J2^3+-0.0010860741*J1^1*J2^4+-0.0000121066*J2^5+0,0,0,0,0,-0.0001150890*J1^2*J2^3+0.0007463734*J1^1*J2^4+-0.0001150890*J2^5+0,-0.0013301637*J1^2*J2^3+-0.0000593098*J1^1*J2^4+-0.0013301637*J2^5+0,-0.0002154595*J1^2*J2^3+0.0001328933*J1^1*J2^4+-0.0002154595*J2^5+0,0.0000171213*J1^2*J2^3+0.0015359408*J1^1*J2^4+0.0000171213*J2^5+0,0,0,0,0,0,-0.0007637074*J1^2*J2^3+-0.0028315064*J1^1*J2^4+-0.0007637074*J2^5+0,0,0.0008173855*J1^2*J2^3+0.0008818534*J1^1*J2^4+0.0008173855*J2^5+0,0,0,0,0,0,-0.0003606235*J1^2*J2^3+-0.0004153232*J1^1*J2^4+-0.0003606235*J2^5+0,0,0.0001198935*J1^2*J2^3+0.0004164121*J1^1*J2^4+0.0001198935*J2^5+0,0,0,0,0,0,-0.0008591717*J1^2*J2^3+-0.0033864008*J1^1*J2^4+-0.0008591717*J2^5+0,0,0.0009775697*J1^2*J2^3+0.0009920861*J1^1*J2^4+0.0009775697*J2^5+0,0,0,0,0,0,-0.0004434851*J1^2*J2^3+-0.0009890318*J1^1*J2^4+0,0,0.0005939248*J1^2*J2^3+0.0006451642*J1^1*J2^4+-0.0011137032*J2^5+0,0,0,0,0,0,-0.0009890318*J1^1*J2^4+-0.0004434851*J2^5+0,0,-0.0011137032*J1^2*J2^3+0.0006451642*J1^1*J2^4+0.0005939248*J2^5+0,0,0,0,0,0,0.0002213043*J1^2*J2^3+-0.0002213043*J2^5+0,0,0.0007170684*J1^2*J2^3+-0.0007170684*J2^5+0,0,0,0,0,0,0,0,0,0,0,0,0,0,0,0,0,0,0,0,0,0,0,0,0},
{0,0,0,0,-0.0012677228*J1^2*J2^3+0.0029842424*J1^1*J2^4+-0.0012677228*J2^5+0,0.0000384580*J1^2*J2^3+0.0013763091*J1^1*J2^4+0.0000384580*J2^5+0,-0.0008614766*J1^2*J2^3+0.0014638402*J1^1*J2^4+-0.0008614766*J2^5+0,-0.0003973062*J1^2*J2^3+-0.0000444075*J1^1*J2^4+-0.0003973062*J2^5+0,0,0,0,0,0,0,0,0,0,0,0,0,0,0,0,0,0,0,0,0,-0.0009364417*J1^2*J2^3+0.0014705370*J1^1*J2^4+-0.0009364417*J2^5+0,0,-0.0004245075*J1^2*J2^3+0.0010813098*J1^1*J2^4+-0.0004245075*J2^5+0,0,0,0,0,0,0.0011424375*J1^2*J2^3+-0.0033661265*J1^1*J2^4+0.0011424375*J2^5+0,0,0.0009717170*J1^2*J2^3+-0.0013191732*J1^1*J2^4+0.0009717170*J2^5+0,0,0,0,0,0,0.0020260162*J1^2*J2^3+-0.0019402678*J1^1*J2^4+0.0020260162*J2^5+0,0,0.0005601071*J1^2*J2^3+-0.0023394420*J1^1*J2^4+0.0005601071*J2^5+0,0,0,0,0,0,0.0005939248*J1^2*J2^3+0.0004399052*J1^1*J2^4+-0.0007523148*J2^5+0,0,-0.0011292904*J1^2*J2^3+0.0009561424*J1^1*J2^4+0.0004157292*J2^5+0,0,0,0,0,0,-0.0007523148*J1^2*J2^3+0.0004399052*J1^1*J2^4+0.0005939248*J2^5+0,0,0.0004157292*J1^2*J2^3+0.0009561424*J1^1*J2^4+-0.0011292904*J2^5+0,0,0,0,0,0,-0.0010371863*J1^2*J2^3+0.0010371863*J2^5+0,0,-0.0002585883*J1^2*J2^3+0.0002585883*J2^5+0,0,0,0,0,0,0,0,0,0,0,0,0,0,0,0,0,0,0,0,0,0,0,0,0,0},
{0,0,0,0,0,0,0,0,0,0,0,0,0.0007319201*J1^2*J2^3+-0.0017229531*J1^1*J2^4+0.0007319201*J2^5+0,-0.0000222037*J1^2*J2^3+-0.0007946124*J1^1*J2^4+-0.0000222037*J2^5+0,0.0004973737*J1^2*J2^3+-0.0008451485*J1^1*J2^4+0.0004973737*J2^5+0,0.0002293848*J1^2*J2^3+0.0000256387*J1^1*J2^4+0.0002293848*J2^5+0,0,0,0,0,-0.0010350913*J1^2*J2^3+0.0024366237*J1^1*J2^4+-0.0010350913*J2^5+0,0.0000314008*J1^2*J2^3+0.0011237517*J1^1*J2^4+0.0000314008*J2^5+0,-0.0007033927*J1^2*J2^3+0.0011952205*J1^1*J2^4+-0.0007033927*J2^5+0,-0.0003243992*J1^2*J2^3+-0.0000362585*J1^1*J2^4+-0.0003243992*J2^5+0,0,0,0,0,0,-0.0009364417*J1^2*J2^3+0.0014705370*J1^1*J2^4+-0.0009364417*J2^5+0,0,-0.0004245075*J1^2*J2^3+0.0010813098*J1^1*J2^4+-0.0004245075*J2^5+0,0,0,0,0,0,0.0011424375*J1^2*J2^3+-0.0033661265*J1^1*J2^4+0.0011424375*J2^5+0,0,0.0009717170*J1^2*J2^3+-0.0013191732*J1^1*J2^4+0.0009717170*J2^5+0,0,0,0,0,0,0.0020260162*J1^2*J2^3+-0.0019402678*J1^1*J2^4+0.0020260162*J2^5+0,0,0.0005601071*J1^2*J2^3+-0.0023394420*J1^1*J2^4+0.0005601071*J2^5+0,0,0,0,0,0,0.0005939248*J1^2*J2^3+0.0004399052*J1^1*J2^4+-0.0007523148*J2^5+0,0,-0.0011292904*J1^2*J2^3+0.0009561424*J1^1*J2^4+0.0004157292*J2^5+0,0,0,0,0,0,-0.0007523148*J1^2*J2^3+0.0004399052*J1^1*J2^4+0.0005939248*J2^5+0,0,0.0004157292*J1^2*J2^3+0.0009561424*J1^1*J2^4+-0.0011292904*J2^5+0,0,0,0,0,0,-0.0010371863*J1^2*J2^3+0.0010371863*J2^5+0,0,-0.0002585883*J1^2*J2^3+0.0002585883*J2^5+0,0,0,0,0,0,0,0,0,0,0,0,0,0,0,0,0,0,0,0,0,0,0,0,0},
{0,0,0,0,-0.0002638829*J1^2*J2^3+0.0001627604*J1^1*J2^4+-0.0002638829*J2^5+0,0.0000209692*J1^2*J2^3+0.0018811356*J1^1*J2^4+0.0000209692*J2^5+0,-0.0004456603*J1^2*J2^3+0.0011020566*J1^1*J2^4+-0.0004456603*J2^5+0,-0.0016048981*J1^2*J2^3+0.0020995089*J1^1*J2^4+-0.0016048981*J2^5+0,0,0,0,0,0,0,0,0,0,0,0,0,0,0,0,0,0,0,0,0,0.0008173855*J1^2*J2^3+0.0008818534*J1^1*J2^4+0.0008173855*J2^5+0,0,0.0001801281*J1^2*J2^3+-0.0018132299*J1^1*J2^4+0.0001801281*J2^5+0,0,0,0,0,0,0.0001198935*J1^2*J2^3+0.0004164121*J1^1*J2^4+0.0001198935*J2^5+0,0,-0.0002221824*J1^2*J2^3+0.0000655081*J1^1*J2^4+-0.0002221824*J2^5+0,0,0,0,0,0,0.0009775697*J1^2*J2^3+0.0009920861*J1^1*J2^4+0.0009775697*J2^5+0,0,0.0002696285*J1^2*J2^3+-0.0022408385*J1^1*J2^4+0.0002696285*J2^5+0,0,0,0,0,0,-0.0001806942*J1^2*J2^3+0.0005710178*J1^1*J2^4+0.0004367405*J2^5+0,0,0.0000575130*J1^2*J2^3+-0.0003724857*J1^1*J2^4+0.0002425812*J2^5+0,0,0,0,0,0,0.0004367405*J1^2*J2^3+0.0005710178*J1^1*J2^4+-0.0001806942*J2^5+0,0,0.0002425812*J1^2*J2^3+-0.0003724857*J1^1*J2^4+0.0000575130*J2^5+0,0,0,0,0,0,0.0004898742*J1^2*J2^3+-0.0004898742*J2^5+0,0,-0.0009802728*J1^2*J2^3+0.0009802728*J2^5+0,0,0,0,0,0,0,0,0,0,0,0,0,0,0,0,0,0,0,0,0,0,0,0,0,0},
{0,0,0,0,0,0,0,0,0,0,0,0,0.0001523528*J1^2*J2^3+-0.0000939698*J1^1*J2^4+0.0001523528*J2^5+0,-0.0000121066*J1^2*J2^3+-0.0010860741*J1^1*J2^4+-0.0000121066*J2^5+0,0.0002573021*J1^2*J2^3+-0.0006362727*J1^1*J2^4+0.0002573021*J2^5+0,0.0009265883*J1^2*J2^3+-0.0012121520*J1^1*J2^4+0.0009265883*J2^5+0,0,0,0,0,-0.0002154595*J1^2*J2^3+0.0001328933*J1^1*J2^4+-0.0002154595*J2^5+0,0.0000171213*J1^2*J2^3+0.0015359408*J1^1*J2^4+0.0000171213*J2^5+0,-0.0003638801*J1^2*J2^3+0.0008998254*J1^1*J2^4+-0.0003638801*J2^5+0,-0.0013103938*J1^2*J2^3+0.0017142418*J1^1*J2^4+-0.0013103938*J2^5+0,0,0,0,0,0,0.0008173855*J1^2*J2^3+0.0008818534*J1^1*J2^4+0.0008173855*J2^5+0,0,0.0001801281*J1^2*J2^3+-0.0018132299*J1^1*J2^4+0.0001801281*J2^5+0,0,0,0,0,0,0.0001198935*J1^2*J2^3+0.0004164121*J1^1*J2^4+0.0001198935*J2^5+0,0,-0.0002221824*J1^2*J2^3+0.0000655081*J1^1*J2^4+-0.0002221824*J2^5+0,0,0,0,0,0,0.0009775697*J1^2*J2^3+0.0009920861*J1^1*J2^4+0.0009775697*J2^5+0,0,0.0002696285*J1^2*J2^3+-0.0022408385*J1^1*J2^4+0.0002696285*J2^5+0,0,0,0,0,0,-0.0001806942*J1^2*J2^3+0.0005710178*J1^1*J2^4+0.0004367405*J2^5+0,0,0.0000575130*J1^2*J2^3+-0.0003724857*J1^1*J2^4+0.0002425812*J2^5+0,0,0,0,0,0,0.0004367405*J1^2*J2^3+0.0005710178*J1^1*J2^4+-0.0001806942*J2^5+0,0,0.0002425812*J1^2*J2^3+-0.0003724857*J1^1*J2^4+0.0000575130*J2^5+0,0,0,0,0,0,0.0004898742*J1^2*J2^3+-0.0004898742*J2^5+0,0,-0.0009802728*J1^2*J2^3+0.0009802728*J2^5+0,0,0,0,0,0,0,0,0,0,0,0,0,0,0,0,0,0,0,0,0,0,0,0,0},
{0,0,0,0,-0.0008614766*J1^2*J2^3+0.0014638402*J1^1*J2^4+-0.0008614766*J2^5+0,-0.0003973062*J1^2*J2^3+-0.0000444075*J1^1*J2^4+-0.0003973062*J2^5+0,-0.0022624703*J1^2*J2^3+0.0046745394*J1^1*J2^4+-0.0022624703*J2^5+0,-0.0004203117*J1^2*J2^3+0.0013250318*J1^1*J2^4+-0.0004203117*J2^5+0,0,0,0,0,0,0,0,0,0,0,0,0,0,0,0,0,0,0,0,0,-0.0004245075*J1^2*J2^3+0.0010813098*J1^1*J2^4+-0.0004245075*J2^5+0,0,-0.0014266207*J1^2*J2^3+0.0027191260*J1^1*J2^4+-0.0014266207*J2^5+0,0,0,0,0,0,0.0009717170*J1^2*J2^3+-0.0013191732*J1^1*J2^4+0.0009717170*J2^5+0,0,0.0022644796*J1^2*J2^3+-0.0048893765*J1^1*J2^4+0.0022644796*J2^5+0,0,0,0,0,0,0.0005601071*J1^2*J2^3+-0.0023394420*J1^1*J2^4+0.0005601071*J2^5+0,0,0.0026727722*J1^2*J2^3+-0.0046416228*J1^1*J2^4+0.0026727722*J2^5+0,0,0,0,0,0,0.0012812082*J1^2*J2^3+-0.0002539794*J1^1*J2^4+-0.0011897617*J2^5+0,0,-0.0000288850*J1^2*J2^3+-0.0005520291*J1^1*J2^4+0.0004408597*J2^5+0,0,0,0,0,0,-0.0011897617*J1^2*J2^3+-0.0002539794*J1^1*J2^4+0.0012812082*J2^5+0,0,0.0004408597*J1^2*J2^3+-0.0005520291*J1^1*J2^4+-0.0000288850*J2^5+0,0,0,0,0,0,-0.0016980198*J1^2*J2^3+0.0016980198*J2^5+0,0,0.0011122073*J1^2*J2^3+-0.0011122073*J2^5+0,0,0,0,0,0,0,0,0,0,0,0,0,0,0,0,0,0,0,0,0,0,0,0,0,0},
{0,0,0,0,0,0,0,0,0,0,0,0,0.0004973737*J1^2*J2^3+-0.0008451485*J1^1*J2^4+0.0004973737*J2^5+0,0.0002293848*J1^2*J2^3+0.0000256387*J1^1*J2^4+0.0002293848*J2^5+0,0.0013062378*J1^2*J2^3+-0.0026988466*J1^1*J2^4+0.0013062378*J2^5+0,0.0002426671*J1^2*J2^3+-0.0007650074*J1^1*J2^4+0.0002426671*J2^5+0,0,0,0,0,-0.0007033927*J1^2*J2^3+0.0011952205*J1^1*J2^4+-0.0007033927*J2^5+0,-0.0003243992*J1^2*J2^3+-0.0000362585*J1^1*J2^4+-0.0003243992*J2^5+0,-0.0018472992*J1^2*J2^3+0.0038167455*J1^1*J2^4+-0.0018472992*J2^5+0,-0.0003431831*J1^2*J2^3+0.0010818839*J1^1*J2^4+-0.0003431831*J2^5+0,0,0,0,0,0,-0.0004245075*J1^2*J2^3+0.0010813098*J1^1*J2^4+-0.0004245075*J2^5+0,0,-0.0014266207*J1^2*J2^3+0.0027191260*J1^1*J2^4+-0.0014266207*J2^5+0,0,0,0,0,0,0.0009717170*J1^2*J2^3+-0.0013191732*J1^1*J2^4+0.0009717170*J2^5+0,0,0.0022644796*J1^2*J2^3+-0.0048893765*J1^1*J2^4+0.0022644796*J2^5+0,0,0,0,0,0,0.0005601071*J1^2*J2^3+-0.0023394420*J1^1*J2^4+0.0005601071*J2^5+0,0,0.0026727722*J1^2*J2^3+-0.0046416228*J1^1*J2^4+0.0026727722*J2^5+0,0,0,0,0,0,0.0012812082*J1^2*J2^3+-0.0002539794*J1^1*J2^4+-0.0011897617*J2^5+0,0,-0.0000288850*J1^2*J2^3+-0.0005520291*J1^1*J2^4+0.0004408597*J2^5+0,0,0,0,0,0,-0.0011897617*J1^2*J2^3+-0.0002539794*J1^1*J2^4+0.0012812082*J2^5+0,0,0.0004408597*J1^2*J2^3+-0.0005520291*J1^1*J2^4+-0.0000288850*J2^5+0,0,0,0,0,0,-0.0016980198*J1^2*J2^3+0.0016980198*J2^5+0,0,0.0011122073*J1^2*J2^3+-0.0011122073*J2^5+0,0,0,0,0,0,0,0,0,0,0,0,0,0,0,0,0,0,0,0,0,0,0,0,0},
{0.0002441406*J1^2*J2^3+-0.0015832972*J1^1*J2^4+0.0002441406*J2^5+0,0.0028217034*J1^2*J2^3+0.0001258151*J1^1*J2^4+0.0028217034*J2^5+0,0.0004570585*J1^2*J2^3+-0.0002819093*J1^1*J2^4+0.0004570585*J2^5+0,-0.0000363197*J1^2*J2^3+-0.0032582224*J1^1*J2^4+-0.0000363197*J2^5+0,0,0,0,0,0,0,0,0,0,0,0,0,0,0,0,0,0,0,0,0,0.0013227800*J1^2*J2^3+0.0049043130*J1^1*J2^4+0.0013227800*J2^5+0,0,-0.0014157532*J1^2*J2^3+-0.0015274148*J1^1*J2^4+-0.0014157532*J2^5+0,0,0,0,0,0,0.0006246182*J1^2*J2^3+0.0007193609*J1^1*J2^4+0.0006246182*J2^5+0,0,-0.0002076616*J1^2*J2^3+-0.0007212470*J1^1*J2^4+-0.0002076616*J2^5+0,0,0,0,0,0,0.0014881291*J1^2*J2^3+0.0058654182*J1^1*J2^4+0.0014881291*J2^5+0,0,-0.0016932004*J1^2*J2^3+-0.0017183435*J1^1*J2^4+-0.0016932004*J2^5+0,0,0,0,0,0,0.0007681387*J1^2*J2^3+0.0017130534*J1^1*J2^4+0,0,-0.0010287080*J1^2*J2^3+-0.0011174572*J1^1*J2^4+0.0019289906*J2^5+0,0,0,0,0,0,0.0017130534*J1^1*J2^4+0.0007681387*J2^5+0,0,0.0019289906*J1^2*J2^3+-0.0011174572*J1^1*J2^4+-0.0010287080*J2^5+0,0,0,0,0,0,-0.0003833103*J1^2*J2^3+0.0003833103*J2^5+0,0,-0.0012419989*J1^2*J2^3+0.0012419989*J2^5+0,0,0,0,0,0,0,0,0,0,0,0,0,0,0,0,0,0,0,0,0,0,0,0,0,0,0,0,0,0},
{0,0,0,0,0,0,0,0,-0.0001409547*J1^2*J2^3+0.0009141170*J1^1*J2^4+-0.0001409547*J2^5+0,-0.0016291112*J1^2*J2^3+-0.0000726394*J1^1*J2^4+-0.0016291112*J2^5+0,-0.0002638829*J1^2*J2^3+0.0001627604*J1^1*J2^4+-0.0002638829*J2^5+0,0.0000209692*J1^2*J2^3+0.0018811356*J1^1*J2^4+0.0000209692*J2^5+0,0,0,0,0,0.0001993400*J1^2*J2^3+-0.0012927567*J1^1*J2^4+0.0001993400*J2^5+0,0.0023039112*J1^2*J2^3+0.0001027276*J1^1*J2^4+0.0023039112*J2^5+0,0.0003731867*J1^2*J2^3+-0.0002301780*J1^1*J2^4+0.0003731867*J2^5+0,-0.0000296549*J1^2*J2^3+-0.0026603275*J1^1*J2^4+-0.0000296549*J2^5+0,0,0,0,0,0,0.0013227800*J1^2*J2^3+0.0049043130*J1^1*J2^4+0.0013227800*J2^5+0,0,-0.0014157532*J1^2*J2^3+-0.0015274148*J1^1*J2^4+-0.0014157532*J2^5+0,0,0,0,0,0,0.0006246182*J1^2*J2^3+0.0007193609*J1^1*J2^4+0.0006246182*J2^5+0,0,-0.0002076616*J1^2*J2^3+-0.0007212470*J1^1*J2^4+-0.0002076616*J2^5+0,0,0,0,0,0,0.0014881291*J1^2*J2^3+0.0058654182*J1^1*J2^4+0.0014881291*J2^5+0,0,-0.0016932004*J1^2*J2^3+-0.0017183435*J1^1*J2^4+-0.0016932004*J2^5+0,0,0,0,0,0,0.0007681387*J1^2*J2^3+0.0017130534*J1^1*J2^4+0,0,-0.0010287080*J1^2*J2^3+-0.0011174572*J1^1*J2^4+0.0019289906*J2^5+0,0,0,0,0,0,0.0017130534*J1^1*J2^4+0.0007681387*J2^5+0,0,0.0019289906*J1^2*J2^3+-0.0011174572*J1^1*J2^4+-0.0010287080*J2^5+0,0,0,0,0,0,-0.0003833103*J1^2*J2^3+0.0003833103*J2^5+0,0,-0.0012419989*J1^2*J2^3+0.0012419989*J2^5+0,0,0,0,0,0,0,0,0,0,0,0,0,0,0,0,0,0,0,0,0,0,0,0,0,0,0,0,0},
{0.0021957603*J1^2*J2^3+-0.0051688594*J1^1*J2^4+0.0021957603*J2^5+0,-0.0000666112*J1^2*J2^3+-0.0023838373*J1^1*J2^4+-0.0000666112*J2^5+0,0.0014921212*J1^2*J2^3+-0.0025354456*J1^1*J2^4+0.0014921212*J2^5+0,0.0006881545*J1^2*J2^3+0.0000769160*J1^1*J2^4+0.0006881545*J2^5+0,0,0,0,0,0,0,0,0,0,0,0,0,0,0,0,0,0,0,0,0,0.0016219646*J1^2*J2^3+-0.0025470448*J1^1*J2^4+0.0016219646*J2^5+0,0,0.0007352685*J1^2*J2^3+-0.0018728834*J1^1*J2^4+0.0007352685*J2^5+0,0,0,0,0,0,-0.0019787597*J1^2*J2^3+0.0058303022*J1^1*J2^4+-0.0019787597*J2^5+0,0,-0.0016830633*J1^2*J2^3+0.0022848749*J1^1*J2^4+-0.0016830633*J2^5+0,0,0,0,0,0,-0.0035091631*J1^2*J2^3+0.0033606425*J1^1*J2^4+-0.0035091631*J2^5+0,0,-0.0009701339*J1^2*J2^3+0.0040520325*J1^1*J2^4+-0.0009701339*J2^5+0,0,0,0,0,0,-0.0010287080*J1^2*J2^3+-0.0007619382*J1^1*J2^4+0.0013030475*J2^5+0,0,0.0019559884*J1^2*J2^3+-0.0016560872*J1^1*J2^4+-0.0007200641*J2^5+0,0,0,0,0,0,0.0013030475*J1^2*J2^3+-0.0007619382*J1^1*J2^4+-0.0010287080*J2^5+0,0,-0.0007200641*J1^2*J2^3+-0.0016560872*J1^1*J2^4+0.0019559884*J2^5+0,0,0,0,0,0,0.0017964593*J1^2*J2^3+-0.0017964593*J2^5+0,0,0.0004478880*J1^2*J2^3+-0.0004478880*J2^5+0,0,0,0,0,0,0,0,0,0,0,0,0,0,0,0,0,0,0,0,0,0,0,0,0,0,0,0,0,0},
{0,0,0,0,0,0,0,0,-0.0012677228*J1^2*J2^3+0.0029842424*J1^1*J2^4+-0.0012677228*J2^5+0,0.0000384580*J1^2*J2^3+0.0013763091*J1^1*J2^4+0.0000384580*J2^5+0,-0.0008614766*J1^2*J2^3+0.0014638402*J1^1*J2^4+-0.0008614766*J2^5+0,-0.0003973062*J1^2*J2^3+-0.0000444075*J1^1*J2^4+-0.0003973062*J2^5+0,0,0,0,0,0.0017928308*J1^2*J2^3+-0.0042203560*J1^1*J2^4+0.0017928308*J2^5+0,-0.0000543878*J1^2*J2^3+-0.0019463950*J1^1*J2^4+-0.0000543878*J2^5+0,0.0012183119*J1^2*J2^3+-0.0020701827*J1^1*J2^4+0.0012183119*J2^5+0,0.0005618758*J1^2*J2^3+0.0000628016*J1^1*J2^4+0.0005618758*J2^5+0,0,0,0,0,0,0.0016219646*J1^2*J2^3+-0.0025470448*J1^1*J2^4+0.0016219646*J2^5+0,0,0.0007352685*J1^2*J2^3+-0.0018728834*J1^1*J2^4+0.0007352685*J2^5+0,0,0,0,0,0,-0.0019787597*J1^2*J2^3+0.0058303022*J1^1*J2^4+-0.0019787597*J2^5+0,0,-0.0016830633*J1^2*J2^3+0.0022848749*J1^1*J2^4+-0.0016830633*J2^5+0,0,0,0,0,0,-0.0035091631*J1^2*J2^3+0.0033606425*J1^1*J2^4+-0.0035091631*J2^5+0,0,-0.0009701339*J1^2*J2^3+0.0040520325*J1^1*J2^4+-0.0009701339*J2^5+0,0,0,0,0,0,-0.0010287080*J1^2*J2^3+-0.0007619382*J1^1*J2^4+0.0013030475*J2^5+0,0,0.0019559884*J1^2*J2^3+-0.0016560872*J1^1*J2^4+-0.0007200641*J2^5+0,0,0,0,0,0,0.0013030475*J1^2*J2^3+-0.0007619382*J1^1*J2^4+-0.0010287080*J2^5+0,0,-0.0007200641*J1^2*J2^3+-0.0016560872*J1^1*J2^4+0.0019559884*J2^5+0,0,0,0,0,0,0.0017964593*J1^2*J2^3+-0.0017964593*J2^5+0,0,0.0004478880*J1^2*J2^3+-0.0004478880*J2^5+0,0,0,0,0,0,0,0,0,0,0,0,0,0,0,0,0,0,0,0,0,0,0,0,0,0,0,0,0},
{0.0004570585*J1^2*J2^3+-0.0002819093*J1^1*J2^4+0.0004570585*J2^5+0,-0.0000363197*J1^2*J2^3+-0.0032582224*J1^1*J2^4+-0.0000363197*J2^5+0,0.0007719063*J1^2*J2^3+-0.0019088180*J1^1*J2^4+0.0007719063*J2^5+0,0.0027797650*J1^2*J2^3+-0.0036364561*J1^1*J2^4+0.0027797650*J2^5+0,0,0,0,0,0,0,0,0,0,0,0,0,0,0,0,0,0,0,0,0,-0.0014157532*J1^2*J2^3+-0.0015274148*J1^1*J2^4+-0.0014157532*J2^5+0,0,-0.0003119910*J1^2*J2^3+0.0031406062*J1^1*J2^4+-0.0003119910*J2^5+0,0,0,0,0,0,-0.0002076616*J1^2*J2^3+-0.0007212470*J1^1*J2^4+-0.0002076616*J2^5+0,0,0.0003848313*J1^2*J2^3+-0.0001134634*J1^1*J2^4+0.0003848313*J2^5+0,0,0,0,0,0,-0.0016932004*J1^2*J2^3+-0.0017183435*J1^1*J2^4+-0.0016932004*J2^5+0,0,-0.0004670103*J1^2*J2^3+0.0038812461*J1^1*J2^4+-0.0004670103*J2^5+0,0,0,0,0,0,0.0003129715*J1^2*J2^3+-0.0009890318*J1^1*J2^4+-0.0007564567*J2^5+0,0,-0.0000996154*J1^2*J2^3+0.0006451642*J1^1*J2^4+-0.0004201630*J2^5+0,0,0,0,0,0,-0.0007564567*J1^2*J2^3+-0.0009890318*J1^1*J2^4+0.0003129715*J2^5+0,0,-0.0004201630*J1^2*J2^3+0.0006451642*J1^1*J2^4+-0.0000996154*J2^5+0,0,0,0,0,0,-0.0008484870*J1^2*J2^3+0.0008484870*J2^5+0,0,0.0016978824*J1^2*J2^3+-0.0016978824*J2^5+0,0,0,0,0,0,0,0,0,0,0,0,0,0,0,0,0,0,0,0,0,0,0,0,0,0,0,0,0,0},
{0,0,0,0,0,0,0,0,-0.0002638829*J1^2*J2^3+0.0001627604*J1^1*J2^4+-0.0002638829*J2^5+0,0.0000209692*J1^2*J2^3+0.0018811356*J1^1*J2^4+0.0000209692*J2^5+0,-0.0004456603*J1^2*J2^3+0.0011020566*J1^1*J2^4+-0.0004456603*J2^5+0,-0.0016048981*J1^2*J2^3+0.0020995089*J1^1*J2^4+-0.0016048981*J2^5+0,0,0,0,0,0.0003731867*J1^2*J2^3+-0.0002301780*J1^1*J2^4+0.0003731867*J2^5+0,-0.0000296549*J1^2*J2^3+-0.0026603275*J1^1*J2^4+-0.0000296549*J2^5+0,0.0006302589*J1^2*J2^3+-0.0015585434*J1^1*J2^4+0.0006302589*J2^5+0,0.0022696686*J1^2*J2^3+-0.0029691540*J1^1*J2^4+0.0022696686*J2^5+0,0,0,0,0,0,-0.0014157532*J1^2*J2^3+-0.0015274148*J1^1*J2^4+-0.0014157532*J2^5+0,0,-0.0003119910*J1^2*J2^3+0.0031406062*J1^1*J2^4+-0.0003119910*J2^5+0,0,0,0,0,0,-0.0002076616*J1^2*J2^3+-0.0007212470*J1^1*J2^4+-0.0002076616*J2^5+0,0,0.0003848313*J1^2*J2^3+-0.0001134634*J1^1*J2^4+0.0003848313*J2^5+0,0,0,0,0,0,-0.0016932004*J1^2*J2^3+-0.0017183435*J1^1*J2^4+-0.0016932004*J2^5+0,0,-0.0004670103*J1^2*J2^3+0.0038812461*J1^1*J2^4+-0.0004670103*J2^5+0,0,0,0,0,0,0.0003129715*J1^2*J2^3+-0.0009890318*J1^1*J2^4+-0.0007564567*J2^5+0,0,-0.0000996154*J1^2*J2^3+0.0006451642*J1^1*J2^4+-0.0004201630*J2^5+0,0,0,0,0,0,-0.0007564567*J1^2*J2^3+-0.0009890318*J1^1*J2^4+0.0003129715*J2^5+0,0,-0.0004201630*J1^2*J2^3+0.0006451642*J1^1*J2^4+-0.0000996154*J2^5+0,0,0,0,0,0,-0.0008484870*J1^2*J2^3+0.0008484870*J2^5+0,0,0.0016978824*J1^2*J2^3+-0.0016978824*J2^5+0,0,0,0,0,0,0,0,0,0,0,0,0,0,0,0,0,0,0,0,0,0,0,0,0,0,0,0,0},
{0.0014921212*J1^2*J2^3+-0.0025354456*J1^1*J2^4+0.0014921212*J2^5+0,0.0006881545*J1^2*J2^3+0.0000769160*J1^1*J2^4+0.0006881545*J2^5+0,0.0039187134*J1^2*J2^3+-0.0080965398*J1^1*J2^4+0.0039187134*J2^5+0,0.0007280012*J1^2*J2^3+-0.0022950223*J1^1*J2^4+0.0007280012*J2^5+0,0,0,0,0,0,0,0,0,0,0,0,0,0,0,0,0,0,0,0,0,0.0007352685*J1^2*J2^3+-0.0018728834*J1^1*J2^4+0.0007352685*J2^5+0,0,0.0024709796*J1^2*J2^3+-0.0047096643*J1^1*J2^4+0.0024709796*J2^5+0,0,0,0,0,0,-0.0016830633*J1^2*J2^3+0.0022848749*J1^1*J2^4+-0.0016830633*J2^5+0,0,-0.0039221938*J1^2*J2^3+0.0084686485*J1^1*J2^4+-0.0039221938*J2^5+0,0,0,0,0,0,-0.0009701339*J1^2*J2^3+0.0040520325*J1^1*J2^4+-0.0009701339*J2^5+0,0,-0.0046293772*J1^2*J2^3+0.0080395265*J1^1*J2^4+-0.0046293772*J2^5+0,0,0,0,0,0,-0.0022191177*J1^2*J2^3+0.0004399052*J1^1*J2^4+0.0020607277*J2^5+0,0,0.0000500302*J1^2*J2^3+0.0009561424*J1^1*J2^4+-0.0007635914*J2^5+0,0,0,0,0,0,0.0020607277*J1^2*J2^3+0.0004399052*J1^1*J2^4+-0.0022191177*J2^5+0,0,-0.0007635914*J1^2*J2^3+0.0009561424*J1^1*J2^4+0.0000500302*J2^5+0,0,0,0,0,0,0.0029410566*J1^2*J2^3+-0.0029410566*J2^5+0,0,-0.0019263995*J1^2*J2^3+0.0019263995*J2^5+0,0,0,0,0,0,0,0,0,0,0,0,0,0,0,0,0,0,0,0,0,0,0,0,0,0,0,0,0,0},
{0,0,0,0,0,0,0,0,-0.0008614766*J1^2*J2^3+0.0014638402*J1^1*J2^4+-0.0008614766*J2^5+0,-0.0003973062*J1^2*J2^3+-0.0000444075*J1^1*J2^4+-0.0003973062*J2^5+0,-0.0022624703*J1^2*J2^3+0.0046745394*J1^1*J2^4+-0.0022624703*J2^5+0,-0.0004203117*J1^2*J2^3+0.0013250318*J1^1*J2^4+-0.0004203117*J2^5+0,0,0,0,0,0.0012183119*J1^2*J2^3+-0.0020701827*J1^1*J2^4+0.0012183119*J2^5+0,0.0005618758*J1^2*J2^3+0.0000628016*J1^1*J2^4+0.0005618758*J2^5+0,0.0031996161*J1^2*J2^3+-0.0066107971*J1^1*J2^4+0.0031996161*J2^5+0,0.0005944105*J1^2*J2^3+-0.0018738779*J1^1*J2^4+0.0005944105*J2^5+0,0,0,0,0,0,0.0007352685*J1^2*J2^3+-0.0018728834*J1^1*J2^4+0.0007352685*J2^5+0,0,0.0024709796*J1^2*J2^3+-0.0047096643*J1^1*J2^4+0.0024709796*J2^5+0,0,0,0,0,0,-0.0016830633*J1^2*J2^3+0.0022848749*J1^1*J2^4+-0.0016830633*J2^5+0,0,-0.0039221938*J1^2*J2^3+0.0084686485*J1^1*J2^4+-0.0039221938*J2^5+0,0,0,0,0,0,-0.0009701339*J1^2*J2^3+0.0040520325*J1^1*J2^4+-0.0009701339*J2^5+0,0,-0.0046293772*J1^2*J2^3+0.0080395265*J1^1*J2^4+-0.0046293772*J2^5+0,0,0,0,0,0,-0.0022191177*J1^2*J2^3+0.0004399052*J1^1*J2^4+0.0020607277*J2^5+0,0,0.0000500302*J1^2*J2^3+0.0009561424*J1^1*J2^4+-0.0007635914*J2^5+0,0,0,0,0,0,0.0020607277*J1^2*J2^3+0.0004399052*J1^1*J2^4+-0.0022191177*J2^5+0,0,-0.0007635914*J1^2*J2^3+0.0009561424*J1^1*J2^4+0.0000500302*J2^5+0,0,0,0,0,0,0.0029410566*J1^2*J2^3+-0.0029410566*J2^5+0,0,-0.0019263995*J1^2*J2^3+0.0019263995*J2^5+0,0,0,0,0,0,0,0,0,0,0,0,0,0,0,0,0,0,0,0,0,0,0,0,0,0,0,0,0},
{0,0,0,0,0.0001993400*J1^2*J2^3+-0.0012927567*J1^1*J2^4+0.0001993400*J2^5+0,0.0023039112*J1^2*J2^3+0.0001027276*J1^1*J2^4+0.0023039112*J2^5+0,0.0003731867*J1^2*J2^3+-0.0002301780*J1^1*J2^4+0.0003731867*J2^5+0,-0.0000296549*J1^2*J2^3+-0.0026603275*J1^1*J2^4+-0.0000296549*J2^5+0,0,0,0,0,0,0,0,0,0,0,0,0,0,0,0,0,0,0,0,0,0.0010800454*J1^2*J2^3+0.0040043548*J1^1*J2^4+0.0010800454*J2^5+0,0,-0.0011559576*J1^2*J2^3+-0.0012471290*J1^1*J2^4+-0.0011559576*J2^5+0,0,0,0,0,0,0.0005099986*J1^2*J2^3+0.0005873557*J1^1*J2^4+0.0005099986*J2^5+0,0,-0.0001695550*J1^2*J2^3+-0.0005888957*J1^1*J2^4+-0.0001695550*J2^5+0,0,0,0,0,0,0.0012150523*J1^2*J2^3+0.0047890939*J1^1*J2^4+0.0012150523*J2^5+0,0,-0.0013824923*J1^2*J2^3+-0.0014030216*J1^1*J2^4+-0.0013824923*J2^5+0,0,0,0,0,0,0.0006271827*J1^2*J2^3+0.0013987022*J1^1*J2^4+0,0,-0.0008399365*J1^2*J2^3+-0.0009124000*J1^1*J2^4+0.0015750142*J2^5+0,0,0,0,0,0,0.0013987022*J1^1*J2^4+0.0006271827*J2^5+0,0,0.0015750142*J1^2*J2^3+-0.0009124000*J1^1*J2^4+-0.0008399365*J2^5+0,0,0,0,0,0,-0.0003129715*J1^2*J2^3+0.0003129715*J2^5+0,0,-0.0010140878*J1^2*J2^3+0.0010140878*J2^5+0,0,0,0,0,0,0,0,0,0,0,0,0,0,0,0,0,0,0,0,0,0,0,0,0,0},
{0,0,0,0,0,0,0,0,0,0,0,0,-0.0001150890*J1^2*J2^3+0.0007463734*J1^1*J2^4+-0.0001150890*J2^5+0,-0.0013301637*J1^2*J2^3+-0.0000593098*J1^1*J2^4+-0.0013301637*J2^5+0,-0.0002154595*J1^2*J2^3+0.0001328933*J1^1*J2^4+-0.0002154595*J2^5+0,0.0000171213*J1^2*J2^3+0.0015359408*J1^1*J2^4+0.0000171213*J2^5+0,0,0,0,0,0.0001627604*J1^2*J2^3+-0.0010555314*J1^1*J2^4+0.0001627604*J2^5+0,0.0018811356*J1^2*J2^3+0.0000838767*J1^1*J2^4+0.0018811356*J2^5+0,0.0003047057*J1^2*J2^3+-0.0001879395*J1^1*J2^4+0.0003047057*J2^5+0,-0.0000242131*J1^2*J2^3+-0.0021721483*J1^1*J2^4+-0.0000242131*J2^5+0,0,0,0,0,0,0.0010800454*J1^2*J2^3+0.0040043548*J1^1*J2^4+0.0010800454*J2^5+0,0,-0.0011559576*J1^2*J2^3+-0.0012471290*J1^1*J2^4+-0.0011559576*J2^5+0,0,0,0,0,0,0.0005099986*J1^2*J2^3+0.0005873557*J1^1*J2^4+0.0005099986*J2^5+0,0,-0.0001695550*J1^2*J2^3+-0.0005888957*J1^1*J2^4+-0.0001695550*J2^5+0,0,0,0,0,0,0.0012150523*J1^2*J2^3+0.0047890939*J1^1*J2^4+0.0012150523*J2^5+0,0,-0.0013824923*J1^2*J2^3+-0.0014030216*J1^1*J2^4+-0.0013824923*J2^5+0,0,0,0,0,0,0.0006271827*J1^2*J2^3+0.0013987022*J1^1*J2^4+0,0,-0.0008399365*J1^2*J2^3+-0.0009124000*J1^1*J2^4+0.0015750142*J2^5+0,0,0,0,0,0,0.0013987022*J1^1*J2^4+0.0006271827*J2^5+0,0,0.0015750142*J1^2*J2^3+-0.0009124000*J1^1*J2^4+-0.0008399365*J2^5+0,0,0,0,0,0,-0.0003129715*J1^2*J2^3+0.0003129715*J2^5+0,0,-0.0010140878*J1^2*J2^3+0.0010140878*J2^5+0,0,0,0,0,0,0,0,0,0,0,0,0,0,0,0,0,0,0,0,0,0,0,0,0},
{0,0,0,0,0.0017928308*J1^2*J2^3+-0.0042203560*J1^1*J2^4+0.0017928308*J2^5+0,-0.0000543878*J1^2*J2^3+-0.0019463950*J1^1*J2^4+-0.0000543878*J2^5+0,0.0012183119*J1^2*J2^3+-0.0020701827*J1^1*J2^4+0.0012183119*J2^5+0,0.0005618758*J1^2*J2^3+0.0000628016*J1^1*J2^4+0.0005618758*J2^5+0,0,0,0,0,0,0,0,0,0,0,0,0,0,0,0,0,0,0,0,0,0.0013243286*J1^2*J2^3+-0.0020796534*J1^1*J2^4+0.0013243286*J2^5+0,0,0.0006003442*J1^2*J2^3+-0.0015292029*J1^1*J2^4+0.0006003442*J2^5+0,0,0,0,0,0,-0.0016156506*J1^2*J2^3+0.0047604218*J1^1*J2^4+-0.0016156506*J2^5+0,0,-0.0013742154*J1^2*J2^3+0.0018655926*J1^1*J2^4+-0.0013742154*J2^5+0,0,0,0,0,0,-0.0028652196*J1^2*J2^3+0.0027439531*J1^1*J2^4+-0.0028652196*J2^5+0,0,-0.0007921110*J1^2*J2^3+0.0033084707*J1^1*J2^4+-0.0007921110*J2^5+0,0,0,0,0,0,-0.0008399365*J1^2*J2^3+-0.0006221200*J1^1*J2^4+0.0010639338*J2^5+0,0,0.0015970578*J1^2*J2^3+-0.0013521896*J1^1*J2^4+-0.0005879299*J2^5+0,0,0,0,0,0,0.0010639338*J1^2*J2^3+-0.0006221200*J1^1*J2^4+-0.0008399365*J2^5+0,0,-0.0005879299*J1^2*J2^3+-0.0013521896*J1^1*J2^4+0.0015970578*J2^5+0,0,0,0,0,0,0.0014668029*J1^2*J2^3+-0.0014668029*J2^5+0,0,0.0003656990*J1^2*J2^3+-0.0003656990*J2^5+0,0,0,0,0,0,0,0,0,0,0,0,0,0,0,0,0,0,0,0,0,0,0,0,0,0},
{0,0,0,0,0,0,0,0,0,0,0,0,-0.0010350913*J1^2*J2^3+0.0024366237*J1^1*J2^4+-0.0010350913*J2^5+0,0.0000314008*J1^2*J2^3+0.0011237517*J1^1*J2^4+0.0000314008*J2^5+0,-0.0007033927*J1^2*J2^3+0.0011952205*J1^1*J2^4+-0.0007033927*J2^5+0,-0.0003243992*J1^2*J2^3+-0.0000362585*J1^1*J2^4+-0.0003243992*J2^5+0,0,0,0,0,0.0014638402*J1^2*J2^3+-0.0034459063*J1^1*J2^4+0.0014638402*J2^5+0,-0.0000444075*J1^2*J2^3+-0.0015892249*J1^1*J2^4+-0.0000444075*J2^5+0,0.0009947475*J1^2*J2^3+-0.0016902971*J1^1*J2^4+0.0009947475*J2^5+0,0.0004587697*J1^2*J2^3+0.0000512773*J1^1*J2^4+0.0004587697*J2^5+0,0,0,0,0,0,0.0013243286*J1^2*J2^3+-0.0020796534*J1^1*J2^4+0.0013243286*J2^5+0,0,0.0006003442*J1^2*J2^3+-0.0015292029*J1^1*J2^4+0.0006003442*J2^5+0,0,0,0,0,0,-0.0016156506*J1^2*J2^3+0.0047604218*J1^1*J2^4+-0.0016156506*J2^5+0,0,-0.0013742154*J1^2*J2^3+0.0018655926*J1^1*J2^4+-0.0013742154*J2^5+0,0,0,0,0,0,-0.0028652196*J1^2*J2^3+0.0027439531*J1^1*J2^4+-0.0028652196*J2^5+0,0,-0.0007921110*J1^2*J2^3+0.0033084707*J1^1*J2^4+-0.0007921110*J2^5+0,0,0,0,0,0,-0.0008399365*J1^2*J2^3+-0.0006221200*J1^1*J2^4+0.0010639338*J2^5+0,0,0.0015970578*J1^2*J2^3+-0.0013521896*J1^1*J2^4+-0.0005879299*J2^5+0,0,0,0,0,0,0.0010639338*J1^2*J2^3+-0.0006221200*J1^1*J2^4+-0.0008399365*J2^5+0,0,-0.0005879299*J1^2*J2^3+-0.0013521896*J1^1*J2^4+0.0015970578*J2^5+0,0,0,0,0,0,0.0014668029*J1^2*J2^3+-0.0014668029*J2^5+0,0,0.0003656990*J1^2*J2^3+-0.0003656990*J2^5+0,0,0,0,0,0,0,0,0,0,0,0,0,0,0,0,0,0,0,0,0,0,0,0,0},
{0,0,0,0,0.0003731867*J1^2*J2^3+-0.0002301780*J1^1*J2^4+0.0003731867*J2^5+0,-0.0000296549*J1^2*J2^3+-0.0026603275*J1^1*J2^4+-0.0000296549*J2^5+0,0.0006302589*J1^2*J2^3+-0.0015585434*J1^1*J2^4+0.0006302589*J2^5+0,0.0022696686*J1^2*J2^3+-0.0029691540*J1^1*J2^4+0.0022696686*J2^5+0,0,0,0,0,0,0,0,0,0,0,0,0,0,0,0,0,0,0,0,0,-0.0011559576*J1^2*J2^3+-0.0012471290*J1^1*J2^4+-0.0011559576*J2^5+0,0,-0.0002547395*J1^2*J2^3+0.0025642943*J1^1*J2^4+-0.0002547395*J2^5+0,0,0,0,0,0,-0.0001695550*J1^2*J2^3+-0.0005888957*J1^1*J2^4+-0.0001695550*J2^5+0,0,0.0003142134*J1^2*J2^3+-0.0000926425*J1^1*J2^4+0.0003142134*J2^5+0,0,0,0,0,0,-0.0013824923*J1^2*J2^3+-0.0014030216*J1^1*J2^4+-0.0013824923*J2^5+0,0,-0.0003813123*J1^2*J2^3+0.0031690242*J1^1*J2^4+-0.0003813123*J2^5+0,0,0,0,0,0,0.0002555402*J1^2*J2^3+-0.0008075411*J1^1*J2^4+-0.0006176443*J2^5+0,0,-0.0000813356*J1^2*J2^3+0.0005267744*J1^1*J2^4+-0.0003430617*J2^5+0,0,0,0,0,0,-0.0006176443*J1^2*J2^3+-0.0008075411*J1^1*J2^4+0.0002555402*J2^5+0,0,-0.0003430617*J1^2*J2^3+0.0005267744*J1^1*J2^4+-0.0000813356*J2^5+0,0,0,0,0,0,-0.0006927867*J1^2*J2^3+0.0006927867*J2^5+0,0,0.0013863151*J1^2*J2^3+-0.0013863151*J2^5+0,0,0,0,0,0,0,0,0,0,0,0,0,0,0,0,0,0,0,0,0,0,0,0,0,0},
{0,0,0,0,0,0,0,0,0,0,0,0,-0.0002154595*J1^2*J2^3+0.0001328933*J1^1*J2^4+-0.0002154595*J2^5+0,0.0000171213*J1^2*J2^3+0.0015359408*J1^1*J2^4+0.0000171213*J2^5+0,-0.0003638801*J1^2*J2^3+0.0008998254*J1^1*J2^4+-0.0003638801*J2^5+0,-0.0013103938*J1^2*J2^3+0.0017142418*J1^1*J2^4+-0.0013103938*J2^5+0,0,0,0,0,0.0003047057*J1^2*J2^3+-0.0001879395*J1^1*J2^4+0.0003047057*J2^5+0,-0.0000242131*J1^2*J2^3+-0.0021721483*J1^1*J2^4+-0.0000242131*J2^5+0,0.0005146042*J1^2*J2^3+-0.0012725453*J1^1*J2^4+0.0005146042*J2^5+0,0.0018531767*J1^2*J2^3+-0.0024243041*J1^1*J2^4+0.0018531767*J2^5+0,0,0,0,0,0,-0.0011559576*J1^2*J2^3+-0.0012471290*J1^1*J2^4+-0.0011559576*J2^5+0,0,-0.0002547395*J1^2*J2^3+0.0025642943*J1^1*J2^4+-0.0002547395*J2^5+0,0,0,0,0,0,-0.0001695550*J1^2*J2^3+-0.0005888957*J1^1*J2^4+-0.0001695550*J2^5+0,0,0.0003142134*J1^2*J2^3+-0.0000926425*J1^1*J2^4+0.0003142134*J2^5+0,0,0,0,0,0,-0.0013824923*J1^2*J2^3+-0.0014030216*J1^1*J2^4+-0.0013824923*J2^5+0,0,-0.0003813123*J1^2*J2^3+0.0031690242*J1^1*J2^4+-0.0003813123*J2^5+0,0,0,0,0,0,0.0002555402*J1^2*J2^3+-0.0008075411*J1^1*J2^4+-0.0006176443*J2^5+0,0,-0.0000813356*J1^2*J2^3+0.0005267744*J1^1*J2^4+-0.0003430617*J2^5+0,0,0,0,0,0,-0.0006176443*J1^2*J2^3+-0.0008075411*J1^1*J2^4+0.0002555402*J2^5+0,0,-0.0003430617*J1^2*J2^3+0.0005267744*J1^1*J2^4+-0.0000813356*J2^5+0,0,0,0,0,0,-0.0006927867*J1^2*J2^3+0.0006927867*J2^5+0,0,0.0013863151*J1^2*J2^3+-0.0013863151*J2^5+0,0,0,0,0,0,0,0,0,0,0,0,0,0,0,0,0,0,0,0,0,0,0,0,0},
{0,0,0,0,0.0012183119*J1^2*J2^3+-0.0020701827*J1^1*J2^4+0.0012183119*J2^5+0,0.0005618758*J1^2*J2^3+0.0000628016*J1^1*J2^4+0.0005618758*J2^5+0,0.0031996161*J1^2*J2^3+-0.0066107971*J1^1*J2^4+0.0031996161*J2^5+0,0.0005944105*J1^2*J2^3+-0.0018738779*J1^1*J2^4+0.0005944105*J2^5+0,0,0,0,0,0,0,0,0,0,0,0,0,0,0,0,0,0,0,0,0,0.0006003442*J1^2*J2^3+-0.0015292029*J1^1*J2^4+0.0006003442*J2^5+0,0,0.0020175464*J1^2*J2^3+-0.0038454248*J1^1*J2^4+0.0020175464*J2^5+0,0,0,0,0,0,-0.0013742154*J1^2*J2^3+0.0018655926*J1^1*J2^4+-0.0013742154*J2^5+0,0,-0.0032024578*J1^2*J2^3+0.0069146226*J1^1*J2^4+-0.0032024578*J2^5+0,0,0,0,0,0,-0.0007921110*J1^2*J2^3+0.0033084707*J1^1*J2^4+-0.0007921110*J2^5+0,0,-0.0037798707*J1^2*J2^3+0.0065642459*J1^1*J2^4+-0.0037798707*J2^5+0,0,0,0,0,0,-0.0018119020*J1^2*J2^3+0.0003591811*J1^1*J2^4+0.0016825771*J2^5+0,0,0.0000408495*J1^2*J2^3+0.0007806870*J1^1*J2^4+-0.0006234698*J2^5+0,0,0,0,0,0,0.0016825771*J1^2*J2^3+0.0003591811*J1^1*J2^4+-0.0018119020*J2^5+0,0,-0.0006234698*J1^2*J2^3+0.0007806870*J1^1*J2^4+0.0000408495*J2^5+0,0,0,0,0,0,0.0024013627*J1^2*J2^3+-0.0024013627*J2^5+0,0,-0.0015728986*J1^2*J2^3+0.0015728986*J2^5+0,0,0,0,0,0,0,0,0,0,0,0,0,0,0,0,0,0,0,0,0,0,0,0,0,0},
{0,0,0,0,0,0,0,0,0,0,0,0,-0.0007033927*J1^2*J2^3+0.0011952205*J1^1*J2^4+-0.0007033927*J2^5+0,-0.0003243992*J1^2*J2^3+-0.0000362585*J1^1*J2^4+-0.0003243992*J2^5+0,-0.0018472992*J1^2*J2^3+0.0038167455*J1^1*J2^4+-0.0018472992*J2^5+0,-0.0003431831*J1^2*J2^3+0.0010818839*J1^1*J2^4+-0.0003431831*J2^5+0,0,0,0,0,0.0009947475*J1^2*J2^3+-0.0016902971*J1^1*J2^4+0.0009947475*J2^5+0,0.0004587697*J1^2*J2^3+0.0000512773*J1^1*J2^4+0.0004587697*J2^5+0,0.0026124756*J1^2*J2^3+-0.0053976932*J1^1*J2^4+0.0026124756*J2^5+0,0.0004853341*J1^2*J2^3+-0.0015300149*J1^1*J2^4+0.0004853341*J2^5+0,0,0,0,0,0,0.0006003442*J1^2*J2^3+-0.0015292029*J1^1*J2^4+0.0006003442*J2^5+0,0,0.0020175464*J1^2*J2^3+-0.0038454248*J1^1*J2^4+0.0020175464*J2^5+0,0,0,0,0,0,-0.0013742154*J1^2*J2^3+0.0018655926*J1^1*J2^4+-0.0013742154*J2^5+0,0,-0.0032024578*J1^2*J2^3+0.0069146226*J1^1*J2^4+-0.0032024578*J2^5+0,0,0,0,0,0,-0.0007921110*J1^2*J2^3+0.0033084707*J1^1*J2^4+-0.0007921110*J2^5+0,0,-0.0037798707*J1^2*J2^3+0.0065642459*J1^1*J2^4+-0.0037798707*J2^5+0,0,0,0,0,0,-0.0018119020*J1^2*J2^3+0.0003591811*J1^1*J2^4+0.0016825771*J2^5+0,0,0.0000408495*J1^2*J2^3+0.0007806870*J1^1*J2^4+-0.0006234698*J2^5+0,0,0,0,0,0,0.0016825771*J1^2*J2^3+0.0003591811*J1^1*J2^4+-0.0018119020*J2^5+0,0,-0.0006234698*J1^2*J2^3+0.0007806870*J1^1*J2^4+0.0000408495*J2^5+0,0,0,0,0,0,0.0024013627*J1^2*J2^3+-0.0024013627*J2^5+0,0,-0.0015728986*J1^2*J2^3+0.0015728986*J2^5+0,0,0,0,0,0,0,0,0,0,0,0,0,0,0,0,0,0,0,0,0,0,0,0,0}
}