96
{{0,0,0,0,0,0,0,0,0,0,0,0,0,0,0,0,0,0,0,0,0,0,0,0,0,0,0,0,0,0,0,0,0,0,0,0,0,0,0,0,0,0,0,0,0,0,0,0,0,0,0,0,0,0,0,0,0,0,0,0,0,0,0,0,0,0,0,0,0,0,0,0,0,-0.0015417568*J1^1*J2^4+0.0025802533*J2^5+0,0,-0.0001459569*J1^1*J2^4+-0.0004536193*J2^5+0,0,0,0,0,0,0.0025802533*J1^1*J2^4+-0.0015417568*J2^5+0,0,-0.0004536193*J1^1*J2^4+-0.0001459569*J2^5+0,0,0,0,0,0,0,0,0,0,0,0,0},
{0,0,0,0,0,0,0,0,0,0,0,0,0,0,0,0,0,0,0,0,0,0,0,0,0,0,0,0,0,0,0,0,0,0,0,0,0,0,0,0,0,0,0,0,0,0,0,0,0,0,0,0,0,0,0,0,0,0,0,0,0,0,0,0,0,0,0,0,0,0,0,0,0,-0.0028334629*J1^1*J2^4+0.0022338867*J2^5+0,0,0.0022340878*J1^1*J2^4+-0.0018879223*J2^5+0,0,0,0,0,0,0.0022338867*J1^1*J2^4+-0.0028334629*J2^5+0,0,-0.0018879223*J1^1*J2^4+0.0022340878*J2^5+0,0,0,0,0,0,0,0,0,0,0,0,0},
{0,0,0,0,0,0,0,0,0,0,0,0,0,0,0,0,0,0,0,0,0,0,0,0,0,0,0,0,0,0,0,0,0,0,0,0,0,0,0,0,0,0,0,0,0,0,0,0,0,0,0,0,0,0,0,0,0,0,0,0,0,0,0,0,0,0,0,0,0,0,0,0,0,0,0,0,0,-0.0015417568*J1^1*J2^4+0.0025802533*J2^5+0,0,-0.0001459569*J1^1*J2^4+-0.0004536193*J2^5+0,0,0,0,0,0,0.0025802533*J1^1*J2^4+-0.0015417568*J2^5+0,0,-0.0004536193*J1^1*J2^4+-0.0001459569*J2^5+0,0,0,0,0,0,0,0,0},
{0,0,0,0,0,0,0,0,0,0,0,0,0,0,0,0,0,0,0,0,0,0,0,0,0,0,0,0,0,0,0,0,0,0,0,0,0,0,0,0,0,0,0,0,0,0,0,0,0,0,0,0,0,0,0,0,0,0,0,0,0,0,0,0,0,0,0,0,0,0,0,0,0,0,0,0,0,-0.0028334629*J1^1*J2^4+0.0022338867*J2^5+0,0,0.0022340878*J1^1*J2^4+-0.0018879223*J2^5+0,0,0,0,0,0,0.0022338867*J1^1*J2^4+-0.0028334629*J2^5+0,0,-0.0018879223*J1^1*J2^4+0.0022340878*J2^5+0,0,0,0,0,0,0,0,0},
{0,0,0,0,0,0,0,0,0,0,0,0,0,0,0,0,0,0,0,0,0,0,0,0,0,0,0,0,0,0,0,0,0,0,0,0,0,0,0,0,0,0,0,0,0,0,0,0,0,0,0,0,0,0,0,0,0,0,0,0,0,0,0,0,0,0,0,0,0,0,0,0,0,-0.0014897099*J1^1*J2^4+0.0008901337*J2^5+0,0,0.0002618972*J1^1*J2^4+0.0000842683*J2^5+0,0,0,0,0,0,0.0008901337*J1^1*J2^4+-0.0014897099*J2^5+0,0,0.0000842683*J1^1*J2^4+0.0002618972*J2^5+0,0,0,0,0,0,0.0033656071*J1^1*J2^4+-0.0033656071*J2^5+0,0,-0.0002512053*J1^1*J2^4+0.0002512053*J2^5+0,0,0,0,0},
{0,0,0,0,0,0,0,0,0,0,0,0,0,0,0,0,0,0,0,0,0,0,0,0,0,0,0,0,0,0,0,0,0,0,0,0,0,0,0,0,0,0,0,0,0,0,0,0,0,0,0,0,0,0,0,0,0,0,0,0,0,0,0,0,0,0,0,0,0,0,0,0,0,-0.0012897351*J1^1*J2^4+0.0016359006*J2^5+0,0,0.0010899924*J1^1*J2^4+-0.0012898512*J2^5+0,0,0,0,0,0,0.0016359006*J1^1*J2^4+-0.0012897351*J2^5+0,0,-0.0012898512*J1^1*J2^4+0.0010899924*J2^5+0,0,0,0,0,0,0.0041374737*J1^1*J2^4+-0.0041374737*J2^5+0,0,-0.0033656071*J1^1*J2^4+0.0033656071*J2^5+0,0,0,0,0},
{0,0,0,0,0,0,0,0,0,0,0,0,0,0,0,0,0,0,0,0,0,0,0,0,0,0,0,0,0,0,0,0,0,0,0,0,0,0,0,0,0,0,0,0,0,0,0,0,0,0,0,0,0,0,0,0,0,0,0,0,0,0,0,0,0,0,0,0,0,0,0,0,0,0,0,0,0,-0.0014897099*J1^1*J2^4+0.0008901337*J2^5+0,0,0.0002618972*J1^1*J2^4+0.0000842683*J2^5+0,0,0,0,0,0,0.0008901337*J1^1*J2^4+-0.0014897099*J2^5+0,0,0.0000842683*J1^1*J2^4+0.0002618972*J2^5+0,0,0,0,0,0,0.0033656071*J1^1*J2^4+-0.0033656071*J2^5+0,0,-0.0002512053*J1^1*J2^4+0.0002512053*J2^5+0},
{0,0,0,0,0,0,0,0,0,0,0,0,0,0,0,0,0,0,0,0,0,0,0,0,0,0,0,0,0,0,0,0,0,0,0,0,0,0,0,0,0,0,0,0,0,0,0,0,0,0,0,0,0,0,0,0,0,0,0,0,0,0,0,0,0,0,0,0,0,0,0,0,0,0,0,0,0,-0.0012897351*J1^1*J2^4+0.0016359006*J2^5+0,0,0.0010899924*J1^1*J2^4+-0.0012898512*J2^5+0,0,0,0,0,0,0.0016359006*J1^1*J2^4+-0.0012897351*J2^5+0,0,-0.0012898512*J1^1*J2^4+0.0010899924*J2^5+0,0,0,0,0,0,0.0041374737*J1^1*J2^4+-0.0041374737*J2^5+0,0,-0.0033656071*J1^1*J2^4+0.0033656071*J2^5+0},
{0,0,0,0,0,0,0,0,0,0,0,0,0,0,0,0,0,0,0,0,0,0,0,0,0,0,0,0,0,0,0,0,0,0,0,0,0,0,0,0,0,0,0,0,0,0,0,0,0,0,0,0,0,0,0,0,0,0,0,0,0,0,0,0,0,0,0,0,0,0,0,0,0.0026704011*J1^1*J2^4+-0.0044691298*J2^5+0,0,0.0002528048*J1^1*J2^4+0.0007856917*J2^5+0,0,0,0,0,0,-0.0044691298*J1^1*J2^4+0.0026704011*J2^5+0,0,0.0007856917*J1^1*J2^4+0.0002528048*J2^5+0,0,0,0,0,0,0,0,0,0,0,0,0,0},
{0,0,0,0,0,0,0,0,0,0,0,0,0,0,0,0,0,0,0,0,0,0,0,0,0,0,0,0,0,0,0,0,0,0,0,0,0,0,0,0,0,0,0,0,0,0,0,0,0,0,0,0,0,0,0,0,0,0,0,0,0,0,0,0,0,0,0,0,0,0,0,0,0.0049077018*J1^1*J2^4+-0.0038692053*J2^5+0,0,-0.0038695536*J1^1*J2^4+0.0032699773*J2^5+0,0,0,0,0,0,-0.0038692053*J1^1*J2^4+0.0049077018*J2^5+0,0,0.0032699773*J1^1*J2^4+-0.0038695536*J2^5+0,0,0,0,0,0,0,0,0,0,0,0,0,0},
{0,0,0,0,0,0,0,0,0,0,0,0,0,0,0,0,0,0,0,0,0,0,0,0,0,0,0,0,0,0,0,0,0,0,0,0,0,0,0,0,0,0,0,0,0,0,0,0,0,0,0,0,0,0,0,0,0,0,0,0,0,0,0,0,0,0,0,0,0,0,0,0,0,0,0,0,0.0026704011*J1^1*J2^4+-0.0044691298*J2^5+0,0,0.0002528048*J1^1*J2^4+0.0007856917*J2^5+0,0,0,0,0,0,-0.0044691298*J1^1*J2^4+0.0026704011*J2^5+0,0,0.0007856917*J1^1*J2^4+0.0002528048*J2^5+0,0,0,0,0,0,0,0,0,0},
{0,0,0,0,0,0,0,0,0,0,0,0,0,0,0,0,0,0,0,0,0,0,0,0,0,0,0,0,0,0,0,0,0,0,0,0,0,0,0,0,0,0,0,0,0,0,0,0,0,0,0,0,0,0,0,0,0,0,0,0,0,0,0,0,0,0,0,0,0,0,0,0,0,0,0,0,0.0049077018*J1^1*J2^4+-0.0038692053*J2^5+0,0,-0.0038695536*J1^1*J2^4+0.0032699773*J2^5+0,0,0,0,0,0,-0.0038692053*J1^1*J2^4+0.0049077018*J2^5+0,0,0.0032699773*J1^1*J2^4+-0.0038695536*J2^5+0,0,0,0,0,0,0,0,0,0},
{0,0,0,0,0,0,0,0,0,0,0,0,0,0,0,0,0,0,0,0,0,0,0,0,0,0,0,0,0,0,0,0,0,0,0,0,0,0,0,0,0,0,0,0,0,0,0,0,0,0,0,0,0,0,0,0,0,0,0,0,0,0,0,0,0,0,0,0,0,0,0,0,0.0025802533*J1^1*J2^4+-0.0015417568*J2^5+0,0,-0.0004536193*J1^1*J2^4+-0.0001459569*J2^5+0,0,0,0,0,0,-0.0015417568*J1^1*J2^4+0.0025802533*J2^5+0,0,-0.0001459569*J1^1*J2^4+-0.0004536193*J2^5+0,0,0,0,0,0,-0.0058294026*J1^1*J2^4+0.0058294026*J2^5+0,0,0.0004351003*J1^1*J2^4+-0.0004351003*J2^5+0,0,0,0,0,0},
{0,0,0,0,0,0,0,0,0,0,0,0,0,0,0,0,0,0,0,0,0,0,0,0,0,0,0,0,0,0,0,0,0,0,0,0,0,0,0,0,0,0,0,0,0,0,0,0,0,0,0,0,0,0,0,0,0,0,0,0,0,0,0,0,0,0,0,0,0,0,0,0,0.0022338867*J1^1*J2^4+-0.0028334629*J2^5+0,0,-0.0018879223*J1^1*J2^4+0.0022340878*J2^5+0,0,0,0,0,0,-0.0028334629*J1^1*J2^4+0.0022338867*J2^5+0,0,0.0022340878*J1^1*J2^4+-0.0018879223*J2^5+0,0,0,0,0,0,-0.0071663146*J1^1*J2^4+0.0071663146*J2^5+0,0,0.0058294026*J1^1*J2^4+-0.0058294026*J2^5+0,0,0,0,0,0},
{0,0,0,0,0,0,0,0,0,0,0,0,0,0,0,0,0,0,0,0,0,0,0,0,0,0,0,0,0,0,0,0,0,0,0,0,0,0,0,0,0,0,0,0,0,0,0,0,0,0,0,0,0,0,0,0,0,0,0,0,0,0,0,0,0,0,0,0,0,0,0,0,0,0,0,0,0.0025802533*J1^1*J2^4+-0.0015417568*J2^5+0,0,-0.0004536193*J1^1*J2^4+-0.0001459569*J2^5+0,0,0,0,0,0,-0.0015417568*J1^1*J2^4+0.0025802533*J2^5+0,0,-0.0001459569*J1^1*J2^4+-0.0004536193*J2^5+0,0,0,0,0,0,-0.0058294026*J1^1*J2^4+0.0058294026*J2^5+0,0,0.0004351003*J1^1*J2^4+-0.0004351003*J2^5+0,0},
{0,0,0,0,0,0,0,0,0,0,0,0,0,0,0,0,0,0,0,0,0,0,0,0,0,0,0,0,0,0,0,0,0,0,0,0,0,0,0,0,0,0,0,0,0,0,0,0,0,0,0,0,0,0,0,0,0,0,0,0,0,0,0,0,0,0,0,0,0,0,0,0,0,0,0,0,0.0022338867*J1^1*J2^4+-0.0028334629*J2^5+0,0,-0.0018879223*J1^1*J2^4+0.0022340878*J2^5+0,0,0,0,0,0,-0.0028334629*J1^1*J2^4+0.0022338867*J2^5+0,0,0.0022340878*J1^1*J2^4+-0.0018879223*J2^5+0,0,0,0,0,0,-0.0071663146*J1^1*J2^4+0.0071663146*J2^5+0,0,0.0058294026*J1^1*J2^4+-0.0058294026*J2^5+0,0},
{0,0,0,0,0,0,0,0,0,0,0,0,0,0,0,0,0,0,0,0,0,0,0,0,0,0,0,0,0,0,0,0,0,0,0,0,0,0,0,0,0,0,0,0,0,0,0,0,0,0,0,0,0,0,0,0,0,0,0,0,0,0,0,0,0,0,0,0,0,0,0,0,0,-0.0021803734*J1^1*J2^4+0.0036490292*J2^5+0,0,-0.0002064142*J1^1*J2^4+-0.0006415146*J2^5+0,0,0,0,0,0,0.0036490292*J1^1*J2^4+-0.0021803734*J2^5+0,0,-0.0006415146*J1^1*J2^4+-0.0002064142*J2^5+0,0,0,0,0,0,0,0,0,0,0,0,0},
{0,0,0,0,0,0,0,0,0,0,0,0,0,0,0,0,0,0,0,0,0,0,0,0,0,0,0,0,0,0,0,0,0,0,0,0,0,0,0,0,0,0,0,0,0,0,0,0,0,0,0,0,0,0,0,0,0,0,0,0,0,0,0,0,0,0,0,0,0,0,0,0,0,-0.0040071217*J1^1*J2^4+0.0031591929*J2^5+0,0,0.0031594772*J1^1*J2^4+-0.0026699253*J2^5+0,0,0,0,0,0,0.0031591929*J1^1*J2^4+-0.0040071217*J2^5+0,0,-0.0026699253*J1^1*J2^4+0.0031594772*J2^5+0,0,0,0,0,0,0,0,0,0,0,0,0},
{0,0,0,0,0,0,0,0,0,0,0,0,0,0,0,0,0,0,0,0,0,0,0,0,0,0,0,0,0,0,0,0,0,0,0,0,0,0,0,0,0,0,0,0,0,0,0,0,0,0,0,0,0,0,0,0,0,0,0,0,0,0,0,0,0,0,0,0,0,0,0,0,0,0,0,0,0,-0.0021803734*J1^1*J2^4+0.0036490292*J2^5+0,0,-0.0002064142*J1^1*J2^4+-0.0006415146*J2^5+0,0,0,0,0,0,0.0036490292*J1^1*J2^4+-0.0021803734*J2^5+0,0,-0.0006415146*J1^1*J2^4+-0.0002064142*J2^5+0,0,0,0,0,0,0,0,0},
{0,0,0,0,0,0,0,0,0,0,0,0,0,0,0,0,0,0,0,0,0,0,0,0,0,0,0,0,0,0,0,0,0,0,0,0,0,0,0,0,0,0,0,0,0,0,0,0,0,0,0,0,0,0,0,0,0,0,0,0,0,0,0,0,0,0,0,0,0,0,0,0,0,0,0,0,0,-0.0040071217*J1^1*J2^4+0.0031591929*J2^5+0,0,0.0031594772*J1^1*J2^4+-0.0026699253*J2^5+0,0,0,0,0,0,0.0031591929*J1^1*J2^4+-0.0040071217*J2^5+0,0,-0.0026699253*J1^1*J2^4+0.0031594772*J2^5+0,0,0,0,0,0,0,0,0},
{0,0,0,0,0,0,0,0,0,0,0,0,0,0,0,0,0,0,0,0,0,0,0,0,0,0,0,0,0,0,0,0,0,0,0,0,0,0,0,0,0,0,0,0,0,0,0,0,0,0,0,0,0,0,0,0,0,0,0,0,0,0,0,0,0,0,0,0,0,0,0,0,0,-0.0021067680*J1^1*J2^4+0.0012588392*J2^5+0,0,0.0003703786*J1^1*J2^4+0.0001191733*J2^5+0,0,0,0,0,0,0.0012588392*J1^1*J2^4+-0.0021067680*J2^5+0,0,0.0001191733*J1^1*J2^4+0.0003703786*J2^5+0,0,0,0,0,0,0.0047596873*J1^1*J2^4+-0.0047596873*J2^5+0,0,-0.0003552579*J1^1*J2^4+0.0003552579*J2^5+0,0,0,0,0},
{0,0,0,0,0,0,0,0,0,0,0,0,0,0,0,0,0,0,0,0,0,0,0,0,0,0,0,0,0,0,0,0,0,0,0,0,0,0,0,0,0,0,0,0,0,0,0,0,0,0,0,0,0,0,0,0,0,0,0,0,0,0,0,0,0,0,0,0,0,0,0,0,0,-0.0018239609*J1^1*J2^4+0.0023135128*J2^5+0,0,0.0015414821*J1^1*J2^4+-0.0018241250*J2^5+0,0,0,0,0,0,0.0023135128*J1^1*J2^4+-0.0018239609*J2^5+0,0,-0.0018241250*J1^1*J2^4+0.0015414821*J2^5+0,0,0,0,0,0,0.0058512714*J1^1*J2^4+-0.0058512714*J2^5+0,0,-0.0047596873*J1^1*J2^4+0.0047596873*J2^5+0,0,0,0,0},
{0,0,0,0,0,0,0,0,0,0,0,0,0,0,0,0,0,0,0,0,0,0,0,0,0,0,0,0,0,0,0,0,0,0,0,0,0,0,0,0,0,0,0,0,0,0,0,0,0,0,0,0,0,0,0,0,0,0,0,0,0,0,0,0,0,0,0,0,0,0,0,0,0,0,0,0,0,-0.0021067680*J1^1*J2^4+0.0012588392*J2^5+0,0,0.0003703786*J1^1*J2^4+0.0001191733*J2^5+0,0,0,0,0,0,0.0012588392*J1^1*J2^4+-0.0021067680*J2^5+0,0,0.0001191733*J1^1*J2^4+0.0003703786*J2^5+0,0,0,0,0,0,0.0047596873*J1^1*J2^4+-0.0047596873*J2^5+0,0,-0.0003552579*J1^1*J2^4+0.0003552579*J2^5+0},
{0,0,0,0,0,0,0,0,0,0,0,0,0,0,0,0,0,0,0,0,0,0,0,0,0,0,0,0,0,0,0,0,0,0,0,0,0,0,0,0,0,0,0,0,0,0,0,0,0,0,0,0,0,0,0,0,0,0,0,0,0,0,0,0,0,0,0,0,0,0,0,0,0,0,0,0,0,-0.0018239609*J1^1*J2^4+0.0023135128*J2^5+0,0,0.0015414821*J1^1*J2^4+-0.0018241250*J2^5+0,0,0,0,0,0,0.0023135128*J1^1*J2^4+-0.0018239609*J2^5+0,0,-0.0018241250*J1^1*J2^4+0.0015414821*J2^5+0,0,0,0,0,0,0.0058512714*J1^1*J2^4+-0.0058512714*J2^5+0,0,-0.0047596873*J1^1*J2^4+0.0047596873*J2^5+0},
{0,0,0,0,0,0,0,0,0,0,0,0,0,0,0,0,0,0,0,0,0,0,0,0,0,0,0,0,0,0,0,0,0,0,0,0,0,0,0,0,0,0,0,0,0,0,0,0,0,0,0,0,0,0,0,0,0,0,0,0,0,0,0,0,0,0,0,0,0,0,0,0,-0.0059922458*J1^1*J2^4+0.0035963019*J2^5+0,0,0.0005630935*J1^1*J2^4+0.0008202053*J2^5+0,0,0,0,0,0,0.0035963019*J1^1*J2^4+-0.0059922458*J2^5+0,0,0.0008202053*J1^1*J2^4+0.0005630935*J2^5+0,0,0,0,0,0,0,0,0,0,0,0,0,0},
{0,0,0,0,0,0,0,0,0,0,0,0,0,0,0,0,0,0,0,0,0,0,0,0,0,0,0,0,0,0,0,0,0,0,0,0,0,0,0,0,0,0,0,0,0,0,0,0,0,0,0,0,0,0,0,0,0,0,0,0,0,0,0,0,0,0,0,0,0,0,0,0,0,-0.0059922458*J1^1*J2^4+0.0035963019*J2^5+0,0,0.0005630935*J1^1*J2^4+0.0008202053*J2^5+0,0,0,0,0,0,0.0035963019*J1^1*J2^4+-0.0059922458*J2^5+0,0,0.0008202053*J1^1*J2^4+0.0005630935*J2^5+0,0,0,0,0,0,0,0,0,0,0,0,0},
{0,0,0,0,0,0,0,0,0,0,0,0,0,0,0,0,0,0,0,0,0,0,0,0,0,0,0,0,0,0,0,0,0,0,0,0,0,0,0,0,0,0,0,0,0,0,0,0,0,0,0,0,0,0,0,0,0,0,0,0,0,0,0,0,0,0,0,0,0,0,0,0,0,0,0,0,-0.0059922458*J1^1*J2^4+0.0035963019*J2^5+0,0,0.0005630935*J1^1*J2^4+0.0008202053*J2^5+0,0,0,0,0,0,0.0035963019*J1^1*J2^4+-0.0059922458*J2^5+0,0,0.0008202053*J1^1*J2^4+0.0005630935*J2^5+0,0,0,0,0,0,0,0,0,0},
{0,0,0,0,0,0,0,0,0,0,0,0,0,0,0,0,0,0,0,0,0,0,0,0,0,0,0,0,0,0,0,0,0,0,0,0,0,0,0,0,0,0,0,0,0,0,0,0,0,0,0,0,0,0,0,0,0,0,0,0,0,0,0,0,0,0,0,0,0,0,0,0,0,0,0,0,0,-0.0059922458*J1^1*J2^4+0.0035963019*J2^5+0,0,0.0005630935*J1^1*J2^4+0.0008202053*J2^5+0,0,0,0,0,0,0.0035963019*J1^1*J2^4+-0.0059922458*J2^5+0,0,0.0008202053*J1^1*J2^4+0.0005630935*J2^5+0,0,0,0,0,0,0,0,0},
{0,0,0,0,0,0,0,0,0,0,0,0,0,0,0,0,0,0,0,0,0,0,0,0,0,0,0,0,0,0,0,0,0,0,0,0,0,0,0,0,0,0,0,0,0,0,0,0,0,0,0,0,0,0,0,0,0,0,0,0,0,0,0,0,0,0,0,0,0,0,0,0,-0.0020763259*J1^1*J2^4+0.0034596247*J2^5+0,0,-0.0004735457*J1^1*J2^4+-0.0003251022*J2^5+0,0,0,0,0,0,0.0034596247*J1^1*J2^4+-0.0020763259*J2^5+0,0,-0.0003251022*J1^1*J2^4+-0.0004735457*J2^5+0,0,0,0,0,0,0.0078290164*J1^1*J2^4+-0.0078290164*J2^5+0,0,0.0002099309*J1^1*J2^4+-0.0002099309*J2^5+0,0,0,0,0,0},
{0,0,0,0,0,0,0,0,0,0,0,0,0,0,0,0,0,0,0,0,0,0,0,0,0,0,0,0,0,0,0,0,0,0,0,0,0,0,0,0,0,0,0,0,0,0,0,0,0,0,0,0,0,0,0,0,0,0,0,0,0,0,0,0,0,0,0,0,0,0,0,0,0,-0.0020763259*J1^1*J2^4+0.0034596247*J2^5+0,0,-0.0004735457*J1^1*J2^4+-0.0003251022*J2^5+0,0,0,0,0,0,0.0034596247*J1^1*J2^4+-0.0020763259*J2^5+0,0,-0.0003251022*J1^1*J2^4+-0.0004735457*J2^5+0,0,0,0,0,0,0.0078290164*J1^1*J2^4+-0.0078290164*J2^5+0,0,0.0002099309*J1^1*J2^4+-0.0002099309*J2^5+0,0,0,0,0},
{0,0,0,0,0,0,0,0,0,0,0,0,0,0,0,0,0,0,0,0,0,0,0,0,0,0,0,0,0,0,0,0,0,0,0,0,0,0,0,0,0,0,0,0,0,0,0,0,0,0,0,0,0,0,0,0,0,0,0,0,0,0,0,0,0,0,0,0,0,0,0,0,0,0,0,0,-0.0020763259*J1^1*J2^4+0.0034596247*J2^5+0,0,-0.0004735457*J1^1*J2^4+-0.0003251022*J2^5+0,0,0,0,0,0,0.0034596247*J1^1*J2^4+-0.0020763259*J2^5+0,0,-0.0003251022*J1^1*J2^4+-0.0004735457*J2^5+0,0,0,0,0,0,0.0078290164*J1^1*J2^4+-0.0078290164*J2^5+0,0,0.0002099309*J1^1*J2^4+-0.0002099309*J2^5+0,0},
{0,0,0,0,0,0,0,0,0,0,0,0,0,0,0,0,0,0,0,0,0,0,0,0,0,0,0,0,0,0,0,0,0,0,0,0,0,0,0,0,0,0,0,0,0,0,0,0,0,0,0,0,0,0,0,0,0,0,0,0,0,0,0,0,0,0,0,0,0,0,0,0,0,0,0,0,0,-0.0020763259*J1^1*J2^4+0.0034596247*J2^5+0,0,-0.0004735457*J1^1*J2^4+-0.0003251022*J2^5+0,0,0,0,0,0,0.0034596247*J1^1*J2^4+-0.0020763259*J2^5+0,0,-0.0003251022*J1^1*J2^4+-0.0004735457*J2^5+0,0,0,0,0,0,0.0078290164*J1^1*J2^4+-0.0078290164*J2^5+0,0,0.0002099309*J1^1*J2^4+-0.0002099309*J2^5+0},
{0,0,0,0,0,0,0,0,0,0,0,0,0,0,0,0,0,0,0,0,0,0,0,0,0,0,0,0,0,0,0,0,0,0,0,0,0,0,0,0,0,0,0,0,0,0,0,0,0,0,0,0,0,0,0,0,0,0,0,0,0,0,0,0,0,0,0,0,0,0,0,0,0.0035963019*J1^1*J2^4+-0.0059922458*J2^5+0,0,0.0008202053*J1^1*J2^4+0.0005630935*J2^5+0,0,0,0,0,0,-0.0059922458*J1^1*J2^4+0.0035963019*J2^5+0,0,0.0005630935*J1^1*J2^4+0.0008202053*J2^5+0,0,0,0,0,0,0,0,0,0,0,0,0,0},
{0,0,0,0,0,0,0,0,0,0,0,0,0,0,0,0,0,0,0,0,0,0,0,0,0,0,0,0,0,0,0,0,0,0,0,0,0,0,0,0,0,0,0,0,0,0,0,0,0,0,0,0,0,0,0,0,0,0,0,0,0,0,0,0,0,0,0,0,0,0,0,0,0,0.0035963019*J1^1*J2^4+-0.0059922458*J2^5+0,0,0.0008202053*J1^1*J2^4+0.0005630935*J2^5+0,0,0,0,0,0,-0.0059922458*J1^1*J2^4+0.0035963019*J2^5+0,0,0.0005630935*J1^1*J2^4+0.0008202053*J2^5+0,0,0,0,0,0,0,0,0,0,0,0,0},
{0,0,0,0,0,0,0,0,0,0,0,0,0,0,0,0,0,0,0,0,0,0,0,0,0,0,0,0,0,0,0,0,0,0,0,0,0,0,0,0,0,0,0,0,0,0,0,0,0,0,0,0,0,0,0,0,0,0,0,0,0,0,0,0,0,0,0,0,0,0,0,0,0,0,0,0,0.0035963019*J1^1*J2^4+-0.0059922458*J2^5+0,0,0.0008202053*J1^1*J2^4+0.0005630935*J2^5+0,0,0,0,0,0,-0.0059922458*J1^1*J2^4+0.0035963019*J2^5+0,0,0.0005630935*J1^1*J2^4+0.0008202053*J2^5+0,0,0,0,0,0,0,0,0,0},
{0,0,0,0,0,0,0,0,0,0,0,0,0,0,0,0,0,0,0,0,0,0,0,0,0,0,0,0,0,0,0,0,0,0,0,0,0,0,0,0,0,0,0,0,0,0,0,0,0,0,0,0,0,0,0,0,0,0,0,0,0,0,0,0,0,0,0,0,0,0,0,0,0,0,0,0,0,0.0035963019*J1^1*J2^4+-0.0059922458*J2^5+0,0,0.0008202053*J1^1*J2^4+0.0005630935*J2^5+0,0,0,0,0,0,-0.0059922458*J1^1*J2^4+0.0035963019*J2^5+0,0,0.0005630935*J1^1*J2^4+0.0008202053*J2^5+0,0,0,0,0,0,0,0,0},
{0,0,0,0,0,0,0,0,0,0,0,0,0,0,0,0,0,0,0,0,0,0,0,0,0,0,0,0,0,0,0,0,0,0,0,0,0,0,0,0,0,0,0,0,0,0,0,0,0,0,0,0,0,0,0,0,0,0,0,0,0,0,0,0,0,0,0,0,0,0,0,0,0.0034596247*J1^1*J2^4+-0.0020763259*J2^5+0,0,-0.0003251022*J1^1*J2^4+-0.0004735457*J2^5+0,0,0,0,0,0,-0.0020763259*J1^1*J2^4+0.0034596247*J2^5+0,0,-0.0004735457*J1^1*J2^4+-0.0003251022*J2^5+0,0,0,0,0,0,-0.0078290164*J1^1*J2^4+0.0078290164*J2^5+0,0,-0.0002099309*J1^1*J2^4+0.0002099309*J2^5+0,0,0,0,0,0},
{0,0,0,0,0,0,0,0,0,0,0,0,0,0,0,0,0,0,0,0,0,0,0,0,0,0,0,0,0,0,0,0,0,0,0,0,0,0,0,0,0,0,0,0,0,0,0,0,0,0,0,0,0,0,0,0,0,0,0,0,0,0,0,0,0,0,0,0,0,0,0,0,0,0.0034596247*J1^1*J2^4+-0.0020763259*J2^5+0,0,-0.0003251022*J1^1*J2^4+-0.0004735457*J2^5+0,0,0,0,0,0,-0.0020763259*J1^1*J2^4+0.0034596247*J2^5+0,0,-0.0004735457*J1^1*J2^4+-0.0003251022*J2^5+0,0,0,0,0,0,-0.0078290164*J1^1*J2^4+0.0078290164*J2^5+0,0,-0.0002099309*J1^1*J2^4+0.0002099309*J2^5+0,0,0,0,0},
{0,0,0,0,0,0,0,0,0,0,0,0,0,0,0,0,0,0,0,0,0,0,0,0,0,0,0,0,0,0,0,0,0,0,0,0,0,0,0,0,0,0,0,0,0,0,0,0,0,0,0,0,0,0,0,0,0,0,0,0,0,0,0,0,0,0,0,0,0,0,0,0,0,0,0,0,0.0034596247*J1^1*J2^4+-0.0020763259*J2^5+0,0,-0.0003251022*J1^1*J2^4+-0.0004735457*J2^5+0,0,0,0,0,0,-0.0020763259*J1^1*J2^4+0.0034596247*J2^5+0,0,-0.0004735457*J1^1*J2^4+-0.0003251022*J2^5+0,0,0,0,0,0,-0.0078290164*J1^1*J2^4+0.0078290164*J2^5+0,0,-0.0002099309*J1^1*J2^4+0.0002099309*J2^5+0,0},
{0,0,0,0,0,0,0,0,0,0,0,0,0,0,0,0,0,0,0,0,0,0,0,0,0,0,0,0,0,0,0,0,0,0,0,0,0,0,0,0,0,0,0,0,0,0,0,0,0,0,0,0,0,0,0,0,0,0,0,0,0,0,0,0,0,0,0,0,0,0,0,0,0,0,0,0,0,0.0034596247*J1^1*J2^4+-0.0020763259*J2^5+0,0,-0.0003251022*J1^1*J2^4+-0.0004735457*J2^5+0,0,0,0,0,0,-0.0020763259*J1^1*J2^4+0.0034596247*J2^5+0,0,-0.0004735457*J1^1*J2^4+-0.0003251022*J2^5+0,0,0,0,0,0,-0.0078290164*J1^1*J2^4+0.0078290164*J2^5+0,0,-0.0002099309*J1^1*J2^4+0.0002099309*J2^5+0},
{0,0,0,0,0,0,0,0,0,0,0,0,0,0,0,0,0,0,0,0,0,0,0,0,0,0,0,0,0,0,0,0,0,0,0,0,0,0,0,0,0,0,0,0,0,0,0,0,0,0,0,0,0,0,0,0,0,0,0,0,0,0,0,0,0,0,0,0,0,0,0,0,0.0032326154*J1^1*J2^4+-0.0032326154*J2^5+0,0,-0.0059626650*J1^1*J2^4+0.0059626650*J2^5+0,0,0,0,0,0,-0.0032326154*J1^1*J2^4+0.0032326154*J2^5+0,0,0.0059626650*J1^1*J2^4+-0.0059626650*J2^5+0,0,0,0,0,0,0,0,0,0,0,0,0,0},
{0,0,0,0,0,0,0,0,0,0,0,0,0,0,0,0,0,0,0,0,0,0,0,0,0,0,0,0,0,0,0,0,0,0,0,0,0,0,0,0,0,0,0,0,0,0,0,0,0,0,0,0,0,0,0,0,0,0,0,0,0,0,0,0,0,0,0,0,0,0,0,0,0,0.0032326154*J1^1*J2^4+-0.0032326154*J2^5+0,0,-0.0059626650*J1^1*J2^4+0.0059626650*J2^5+0,0,0,0,0,0,-0.0032326154*J1^1*J2^4+0.0032326154*J2^5+0,0,0.0059626650*J1^1*J2^4+-0.0059626650*J2^5+0,0,0,0,0,0,0,0,0,0,0,0,0},
{0,0,0,0,0,0,0,0,0,0,0,0,0,0,0,0,0,0,0,0,0,0,0,0,0,0,0,0,0,0,0,0,0,0,0,0,0,0,0,0,0,0,0,0,0,0,0,0,0,0,0,0,0,0,0,0,0,0,0,0,0,0,0,0,0,0,0,0,0,0,0,0,0,0,0,0,0.0032326154*J1^1*J2^4+-0.0032326154*J2^5+0,0,-0.0059626650*J1^1*J2^4+0.0059626650*J2^5+0,0,0,0,0,0,-0.0032326154*J1^1*J2^4+0.0032326154*J2^5+0,0,0.0059626650*J1^1*J2^4+-0.0059626650*J2^5+0,0,0,0,0,0,0,0,0,0},
{0,0,0,0,0,0,0,0,0,0,0,0,0,0,0,0,0,0,0,0,0,0,0,0,0,0,0,0,0,0,0,0,0,0,0,0,0,0,0,0,0,0,0,0,0,0,0,0,0,0,0,0,0,0,0,0,0,0,0,0,0,0,0,0,0,0,0,0,0,0,0,0,0,0,0,0,0,0.0032326154*J1^1*J2^4+-0.0032326154*J2^5+0,0,-0.0059626650*J1^1*J2^4+0.0059626650*J2^5+0,0,0,0,0,0,-0.0032326154*J1^1*J2^4+0.0032326154*J2^5+0,0,0.0059626650*J1^1*J2^4+-0.0059626650*J2^5+0,0,0,0,0,0,0,0,0},
{0,0,0,0,0,0,0,0,0,0,0,0,0,0,0,0,0,0,0,0,0,0,0,0,0,0,0,0,0,0,0,0,0,0,0,0,0,0,0,0,0,0,0,0,0,0,0,0,0,0,0,0,0,0,0,0,0,0,0,0,0,0,0,0,0,0,0,0,0,0,0,0,0.0018663514*J1^1*J2^4+-0.0018663514*J2^5+0,0,-0.0034425463*J1^1*J2^4+0.0034425463*J2^5+0,0,0,0,0,0,-0.0018663514*J1^1*J2^4+0.0018663514*J2^5+0,0,0.0034425463*J1^1*J2^4+-0.0034425463*J2^5+0,0,0,0,0,0,-0.0052788389*J1^1*J2^4+0.0052788389*J2^5+0,0,0.0097369912*J1^1*J2^4+-0.0097369912*J2^5+0,0,0,0,0,0},
{0,0,0,0,0,0,0,0,0,0,0,0,0,0,0,0,0,0,0,0,0,0,0,0,0,0,0,0,0,0,0,0,0,0,0,0,0,0,0,0,0,0,0,0,0,0,0,0,0,0,0,0,0,0,0,0,0,0,0,0,0,0,0,0,0,0,0,0,0,0,0,0,0,0.0018663514*J1^1*J2^4+-0.0018663514*J2^5+0,0,-0.0034425463*J1^1*J2^4+0.0034425463*J2^5+0,0,0,0,0,0,-0.0018663514*J1^1*J2^4+0.0018663514*J2^5+0,0,0.0034425463*J1^1*J2^4+-0.0034425463*J2^5+0,0,0,0,0,0,-0.0052788389*J1^1*J2^4+0.0052788389*J2^5+0,0,0.0097369912*J1^1*J2^4+-0.0097369912*J2^5+0,0,0,0,0},
{0,0,0,0,0,0,0,0,0,0,0,0,0,0,0,0,0,0,0,0,0,0,0,0,0,0,0,0,0,0,0,0,0,0,0,0,0,0,0,0,0,0,0,0,0,0,0,0,0,0,0,0,0,0,0,0,0,0,0,0,0,0,0,0,0,0,0,0,0,0,0,0,0,0,0,0,0.0018663514*J1^1*J2^4+-0.0018663514*J2^5+0,0,-0.0034425463*J1^1*J2^4+0.0034425463*J2^5+0,0,0,0,0,0,-0.0018663514*J1^1*J2^4+0.0018663514*J2^5+0,0,0.0034425463*J1^1*J2^4+-0.0034425463*J2^5+0,0,0,0,0,0,-0.0052788389*J1^1*J2^4+0.0052788389*J2^5+0,0,0.0097369912*J1^1*J2^4+-0.0097369912*J2^5+0,0},
{0,0,0,0,0,0,0,0,0,0,0,0,0,0,0,0,0,0,0,0,0,0,0,0,0,0,0,0,0,0,0,0,0,0,0,0,0,0,0,0,0,0,0,0,0,0,0,0,0,0,0,0,0,0,0,0,0,0,0,0,0,0,0,0,0,0,0,0,0,0,0,0,0,0,0,0,0,0.0018663514*J1^1*J2^4+-0.0018663514*J2^5+0,0,-0.0034425463*J1^1*J2^4+0.0034425463*J2^5+0,0,0,0,0,0,-0.0018663514*J1^1*J2^4+0.0018663514*J2^5+0,0,0.0034425463*J1^1*J2^4+-0.0034425463*J2^5+0,0,0,0,0,0,-0.0052788389*J1^1*J2^4+0.0052788389*J2^5+0,0,0.0097369912*J1^1*J2^4+-0.0097369912*J2^5+0},
{0,0,0,0,0,0,0,0,0,0,0,0,0,0,0,0,0,0,0,0,0,0,0,0,0,0,0,0,0,0,0,0,0,0,0,0,0,0,0,0,0,0,0,0,0,0,0,0,0,0,0,0,0,0,0,0,0,0,0,0,0,0,0,0,0,0,0,0,0,0,0,0,-0.0044691298*J1^1*J2^4+0.0026704011*J2^5+0,0,0.0007856917*J1^1*J2^4+0.0002528048*J2^5+0,0,0,0,0,0,0.0026704011*J1^1*J2^4+-0.0044691298*J2^5+0,0,0.0002528048*J1^1*J2^4+0.0007856917*J2^5+0,0,0,0,0,0,0,0,0,0,0,0,0,0},
{0,0,0,0,0,0,0,0,0,0,0,0,0,0,0,0,0,0,0,0,0,0,0,0,0,0,0,0,0,0,0,0,0,0,0,0,0,0,0,0,0,0,0,0,0,0,0,0,0,0,0,0,0,0,0,0,0,0,0,0,0,0,0,0,0,0,0,0,0,0,0,0,0,-0.0044691298*J1^1*J2^4+0.0026704011*J2^5+0,0,0.0007856917*J1^1*J2^4+0.0002528048*J2^5+0,0,0,0,0,0,0.0026704011*J1^1*J2^4+-0.0044691298*J2^5+0,0,0.0002528048*J1^1*J2^4+0.0007856917*J2^5+0,0,0,0,0,0,0,0,0,0,0,0,0},
{0,0,0,0,0,0,0,0,0,0,0,0,0,0,0,0,0,0,0,0,0,0,0,0,0,0,0,0,0,0,0,0,0,0,0,0,0,0,0,0,0,0,0,0,0,0,0,0,0,0,0,0,0,0,0,0,0,0,0,0,0,0,0,0,0,0,0,0,0,0,0,0,-0.0038692053*J1^1*J2^4+0.0049077018*J2^5+0,0,0.0032699773*J1^1*J2^4+-0.0038695536*J2^5+0,0,0,0,0,0,0.0049077018*J1^1*J2^4+-0.0038692053*J2^5+0,0,-0.0038695536*J1^1*J2^4+0.0032699773*J2^5+0,0,0,0,0,0,0,0,0,0,0,0,0,0},
{0,0,0,0,0,0,0,0,0,0,0,0,0,0,0,0,0,0,0,0,0,0,0,0,0,0,0,0,0,0,0,0,0,0,0,0,0,0,0,0,0,0,0,0,0,0,0,0,0,0,0,0,0,0,0,0,0,0,0,0,0,0,0,0,0,0,0,0,0,0,0,0,0,-0.0038692053*J1^1*J2^4+0.0049077018*J2^5+0,0,0.0032699773*J1^1*J2^4+-0.0038695536*J2^5+0,0,0,0,0,0,0.0049077018*J1^1*J2^4+-0.0038692053*J2^5+0,0,-0.0038695536*J1^1*J2^4+0.0032699773*J2^5+0,0,0,0,0,0,0,0,0,0,0,0,0},
{0,0,0,0,0,0,0,0,0,0,0,0,0,0,0,0,0,0,0,0,0,0,0,0,0,0,0,0,0,0,0,0,0,0,0,0,0,0,0,0,0,0,0,0,0,0,0,0,0,0,0,0,0,0,0,0,0,0,0,0,0,0,0,0,0,0,0,0,0,0,0,0,-0.0015417568*J1^1*J2^4+0.0025802533*J2^5+0,0,-0.0001459569*J1^1*J2^4+-0.0004536193*J2^5+0,0,0,0,0,0,0.0025802533*J1^1*J2^4+-0.0015417568*J2^5+0,0,-0.0004536193*J1^1*J2^4+-0.0001459569*J2^5+0,0,0,0,0,0,0.0058294026*J1^1*J2^4+-0.0058294026*J2^5+0,0,-0.0004351003*J1^1*J2^4+0.0004351003*J2^5+0,0,0,0,0,0},
{0,0,0,0,0,0,0,0,0,0,0,0,0,0,0,0,0,0,0,0,0,0,0,0,0,0,0,0,0,0,0,0,0,0,0,0,0,0,0,0,0,0,0,0,0,0,0,0,0,0,0,0,0,0,0,0,0,0,0,0,0,0,0,0,0,0,0,0,0,0,0,0,0,-0.0015417568*J1^1*J2^4+0.0025802533*J2^5+0,0,-0.0001459569*J1^1*J2^4+-0.0004536193*J2^5+0,0,0,0,0,0,0.0025802533*J1^1*J2^4+-0.0015417568*J2^5+0,0,-0.0004536193*J1^1*J2^4+-0.0001459569*J2^5+0,0,0,0,0,0,0.0058294026*J1^1*J2^4+-0.0058294026*J2^5+0,0,-0.0004351003*J1^1*J2^4+0.0004351003*J2^5+0,0,0,0,0},
{0,0,0,0,0,0,0,0,0,0,0,0,0,0,0,0,0,0,0,0,0,0,0,0,0,0,0,0,0,0,0,0,0,0,0,0,0,0,0,0,0,0,0,0,0,0,0,0,0,0,0,0,0,0,0,0,0,0,0,0,0,0,0,0,0,0,0,0,0,0,0,0,-0.0028334629*J1^1*J2^4+0.0022338867*J2^5+0,0,0.0022340878*J1^1*J2^4+-0.0018879223*J2^5+0,0,0,0,0,0,0.0022338867*J1^1*J2^4+-0.0028334629*J2^5+0,0,-0.0018879223*J1^1*J2^4+0.0022340878*J2^5+0,0,0,0,0,0,0.0071663146*J1^1*J2^4+-0.0071663146*J2^5+0,0,-0.0058294026*J1^1*J2^4+0.0058294026*J2^5+0,0,0,0,0,0},
{0,0,0,0,0,0,0,0,0,0,0,0,0,0,0,0,0,0,0,0,0,0,0,0,0,0,0,0,0,0,0,0,0,0,0,0,0,0,0,0,0,0,0,0,0,0,0,0,0,0,0,0,0,0,0,0,0,0,0,0,0,0,0,0,0,0,0,0,0,0,0,0,0,-0.0028334629*J1^1*J2^4+0.0022338867*J2^5+0,0,0.0022340878*J1^1*J2^4+-0.0018879223*J2^5+0,0,0,0,0,0,0.0022338867*J1^1*J2^4+-0.0028334629*J2^5+0,0,-0.0018879223*J1^1*J2^4+0.0022340878*J2^5+0,0,0,0,0,0,0.0071663146*J1^1*J2^4+-0.0071663146*J2^5+0,0,-0.0058294026*J1^1*J2^4+0.0058294026*J2^5+0,0,0,0,0},
{0,0,0,0,0,0,0,0,0,0,0,0,0,0,0,0,0,0,0,0,0,0,0,0,0,0,0,0,0,0,0,0,0,0,0,0,0,0,0,0,0,0,0,0,0,0,0,0,0,0,0,0,0,0,0,0,0,0,0,0,0,0,0,0,0,0,0,0,0,0,0,0,0,0,0,0,0.0025802533*J1^1*J2^4+-0.0015417568*J2^5+0,0,-0.0004536193*J1^1*J2^4+-0.0001459569*J2^5+0,0,0,0,0,0,-0.0015417568*J1^1*J2^4+0.0025802533*J2^5+0,0,-0.0001459569*J1^1*J2^4+-0.0004536193*J2^5+0,0,0,0,0,0,0,0,0,0},
{0,0,0,0,0,0,0,0,0,0,0,0,0,0,0,0,0,0,0,0,0,0,0,0,0,0,0,0,0,0,0,0,0,0,0,0,0,0,0,0,0,0,0,0,0,0,0,0,0,0,0,0,0,0,0,0,0,0,0,0,0,0,0,0,0,0,0,0,0,0,0,0,0,0,0,0,0,0.0025802533*J1^1*J2^4+-0.0015417568*J2^5+0,0,-0.0004536193*J1^1*J2^4+-0.0001459569*J2^5+0,0,0,0,0,0,-0.0015417568*J1^1*J2^4+0.0025802533*J2^5+0,0,-0.0001459569*J1^1*J2^4+-0.0004536193*J2^5+0,0,0,0,0,0,0,0,0},
{0,0,0,0,0,0,0,0,0,0,0,0,0,0,0,0,0,0,0,0,0,0,0,0,0,0,0,0,0,0,0,0,0,0,0,0,0,0,0,0,0,0,0,0,0,0,0,0,0,0,0,0,0,0,0,0,0,0,0,0,0,0,0,0,0,0,0,0,0,0,0,0,0,0,0,0,0.0022338867*J1^1*J2^4+-0.0028334629*J2^5+0,0,-0.0018879223*J1^1*J2^4+0.0022340878*J2^5+0,0,0,0,0,0,-0.0028334629*J1^1*J2^4+0.0022338867*J2^5+0,0,0.0022340878*J1^1*J2^4+-0.0018879223*J2^5+0,0,0,0,0,0,0,0,0,0},
{0,0,0,0,0,0,0,0,0,0,0,0,0,0,0,0,0,0,0,0,0,0,0,0,0,0,0,0,0,0,0,0,0,0,0,0,0,0,0,0,0,0,0,0,0,0,0,0,0,0,0,0,0,0,0,0,0,0,0,0,0,0,0,0,0,0,0,0,0,0,0,0,0,0,0,0,0,0.0022338867*J1^1*J2^4+-0.0028334629*J2^5+0,0,-0.0018879223*J1^1*J2^4+0.0022340878*J2^5+0,0,0,0,0,0,-0.0028334629*J1^1*J2^4+0.0022338867*J2^5+0,0,0.0022340878*J1^1*J2^4+-0.0018879223*J2^5+0,0,0,0,0,0,0,0,0},
{0,0,0,0,0,0,0,0,0,0,0,0,0,0,0,0,0,0,0,0,0,0,0,0,0,0,0,0,0,0,0,0,0,0,0,0,0,0,0,0,0,0,0,0,0,0,0,0,0,0,0,0,0,0,0,0,0,0,0,0,0,0,0,0,0,0,0,0,0,0,0,0,0,0,0,0,0.0008901337*J1^1*J2^4+-0.0014897099*J2^5+0,0,0.0000842683*J1^1*J2^4+0.0002618972*J2^5+0,0,0,0,0,0,-0.0014897099*J1^1*J2^4+0.0008901337*J2^5+0,0,0.0002618972*J1^1*J2^4+0.0000842683*J2^5+0,0,0,0,0,0,-0.0033656071*J1^1*J2^4+0.0033656071*J2^5+0,0,0.0002512053*J1^1*J2^4+-0.0002512053*J2^5+0,0},
{0,0,0,0,0,0,0,0,0,0,0,0,0,0,0,0,0,0,0,0,0,0,0,0,0,0,0,0,0,0,0,0,0,0,0,0,0,0,0,0,0,0,0,0,0,0,0,0,0,0,0,0,0,0,0,0,0,0,0,0,0,0,0,0,0,0,0,0,0,0,0,0,0,0,0,0,0,0.0008901337*J1^1*J2^4+-0.0014897099*J2^5+0,0,0.0000842683*J1^1*J2^4+0.0002618972*J2^5+0,0,0,0,0,0,-0.0014897099*J1^1*J2^4+0.0008901337*J2^5+0,0,0.0002618972*J1^1*J2^4+0.0000842683*J2^5+0,0,0,0,0,0,-0.0033656071*J1^1*J2^4+0.0033656071*J2^5+0,0,0.0002512053*J1^1*J2^4+-0.0002512053*J2^5+0},
{0,0,0,0,0,0,0,0,0,0,0,0,0,0,0,0,0,0,0,0,0,0,0,0,0,0,0,0,0,0,0,0,0,0,0,0,0,0,0,0,0,0,0,0,0,0,0,0,0,0,0,0,0,0,0,0,0,0,0,0,0,0,0,0,0,0,0,0,0,0,0,0,0,0,0,0,0.0016359006*J1^1*J2^4+-0.0012897351*J2^5+0,0,-0.0012898512*J1^1*J2^4+0.0010899924*J2^5+0,0,0,0,0,0,-0.0012897351*J1^1*J2^4+0.0016359006*J2^5+0,0,0.0010899924*J1^1*J2^4+-0.0012898512*J2^5+0,0,0,0,0,0,-0.0041374737*J1^1*J2^4+0.0041374737*J2^5+0,0,0.0033656071*J1^1*J2^4+-0.0033656071*J2^5+0,0},
{0,0,0,0,0,0,0,0,0,0,0,0,0,0,0,0,0,0,0,0,0,0,0,0,0,0,0,0,0,0,0,0,0,0,0,0,0,0,0,0,0,0,0,0,0,0,0,0,0,0,0,0,0,0,0,0,0,0,0,0,0,0,0,0,0,0,0,0,0,0,0,0,0,0,0,0,0,0.0016359006*J1^1*J2^4+-0.0012897351*J2^5+0,0,-0.0012898512*J1^1*J2^4+0.0010899924*J2^5+0,0,0,0,0,0,-0.0012897351*J1^1*J2^4+0.0016359006*J2^5+0,0,0.0010899924*J1^1*J2^4+-0.0012898512*J2^5+0,0,0,0,0,0,-0.0041374737*J1^1*J2^4+0.0041374737*J2^5+0,0,0.0033656071*J1^1*J2^4+-0.0033656071*J2^5+0},
{0,0,0,0,0,0,0,0,0,0,0,0,0,0,0,0,0,0,0,0,0,0,0,0,0,0,0,0,0,0,0,0,0,0,0,0,0,0,0,0,0,0,0,0,0,0,0,0,0,0,0,0,0,0,0,0,0,0,0,0,0,0,0,0,0,0,0,0,0,0,0,0,0,0,0,0,-0.0036490292*J1^1*J2^4+0.0021803734*J2^5+0,0,0.0006415146*J1^1*J2^4+0.0002064142*J2^5+0,0,0,0,0,0,0.0021803734*J1^1*J2^4+-0.0036490292*J2^5+0,0,0.0002064142*J1^1*J2^4+0.0006415146*J2^5+0,0,0,0,0,0,0,0,0,0},
{0,0,0,0,0,0,0,0,0,0,0,0,0,0,0,0,0,0,0,0,0,0,0,0,0,0,0,0,0,0,0,0,0,0,0,0,0,0,0,0,0,0,0,0,0,0,0,0,0,0,0,0,0,0,0,0,0,0,0,0,0,0,0,0,0,0,0,0,0,0,0,0,0,0,0,0,0,-0.0036490292*J1^1*J2^4+0.0021803734*J2^5+0,0,0.0006415146*J1^1*J2^4+0.0002064142*J2^5+0,0,0,0,0,0,0.0021803734*J1^1*J2^4+-0.0036490292*J2^5+0,0,0.0002064142*J1^1*J2^4+0.0006415146*J2^5+0,0,0,0,0,0,0,0,0},
{0,0,0,0,0,0,0,0,0,0,0,0,0,0,0,0,0,0,0,0,0,0,0,0,0,0,0,0,0,0,0,0,0,0,0,0,0,0,0,0,0,0,0,0,0,0,0,0,0,0,0,0,0,0,0,0,0,0,0,0,0,0,0,0,0,0,0,0,0,0,0,0,0,0,0,0,-0.0031591929*J1^1*J2^4+0.0040071217*J2^5+0,0,0.0026699253*J1^1*J2^4+-0.0031594772*J2^5+0,0,0,0,0,0,0.0040071217*J1^1*J2^4+-0.0031591929*J2^5+0,0,-0.0031594772*J1^1*J2^4+0.0026699253*J2^5+0,0,0,0,0,0,0,0,0,0},
{0,0,0,0,0,0,0,0,0,0,0,0,0,0,0,0,0,0,0,0,0,0,0,0,0,0,0,0,0,0,0,0,0,0,0,0,0,0,0,0,0,0,0,0,0,0,0,0,0,0,0,0,0,0,0,0,0,0,0,0,0,0,0,0,0,0,0,0,0,0,0,0,0,0,0,0,0,-0.0031591929*J1^1*J2^4+0.0040071217*J2^5+0,0,0.0026699253*J1^1*J2^4+-0.0031594772*J2^5+0,0,0,0,0,0,0.0040071217*J1^1*J2^4+-0.0031591929*J2^5+0,0,-0.0031594772*J1^1*J2^4+0.0026699253*J2^5+0,0,0,0,0,0,0,0,0},
{0,0,0,0,0,0,0,0,0,0,0,0,0,0,0,0,0,0,0,0,0,0,0,0,0,0,0,0,0,0,0,0,0,0,0,0,0,0,0,0,0,0,0,0,0,0,0,0,0,0,0,0,0,0,0,0,0,0,0,0,0,0,0,0,0,0,0,0,0,0,0,0,0,0,0,0,-0.0012588392*J1^1*J2^4+0.0021067680*J2^5+0,0,-0.0001191733*J1^1*J2^4+-0.0003703786*J2^5+0,0,0,0,0,0,0.0021067680*J1^1*J2^4+-0.0012588392*J2^5+0,0,-0.0003703786*J1^1*J2^4+-0.0001191733*J2^5+0,0,0,0,0,0,0.0047596873*J1^1*J2^4+-0.0047596873*J2^5+0,0,-0.0003552579*J1^1*J2^4+0.0003552579*J2^5+0,0},
{0,0,0,0,0,0,0,0,0,0,0,0,0,0,0,0,0,0,0,0,0,0,0,0,0,0,0,0,0,0,0,0,0,0,0,0,0,0,0,0,0,0,0,0,0,0,0,0,0,0,0,0,0,0,0,0,0,0,0,0,0,0,0,0,0,0,0,0,0,0,0,0,0,0,0,0,0,-0.0012588392*J1^1*J2^4+0.0021067680*J2^5+0,0,-0.0001191733*J1^1*J2^4+-0.0003703786*J2^5+0,0,0,0,0,0,0.0021067680*J1^1*J2^4+-0.0012588392*J2^5+0,0,-0.0003703786*J1^1*J2^4+-0.0001191733*J2^5+0,0,0,0,0,0,0.0047596873*J1^1*J2^4+-0.0047596873*J2^5+0,0,-0.0003552579*J1^1*J2^4+0.0003552579*J2^5+0},
{0,0,0,0,0,0,0,0,0,0,0,0,0,0,0,0,0,0,0,0,0,0,0,0,0,0,0,0,0,0,0,0,0,0,0,0,0,0,0,0,0,0,0,0,0,0,0,0,0,0,0,0,0,0,0,0,0,0,0,0,0,0,0,0,0,0,0,0,0,0,0,0,0,0,0,0,-0.0023135128*J1^1*J2^4+0.0018239609*J2^5+0,0,0.0018241250*J1^1*J2^4+-0.0015414821*J2^5+0,0,0,0,0,0,0.0018239609*J1^1*J2^4+-0.0023135128*J2^5+0,0,-0.0015414821*J1^1*J2^4+0.0018241250*J2^5+0,0,0,0,0,0,0.0058512714*J1^1*J2^4+-0.0058512714*J2^5+0,0,-0.0047596873*J1^1*J2^4+0.0047596873*J2^5+0,0},
{0,0,0,0,0,0,0,0,0,0,0,0,0,0,0,0,0,0,0,0,0,0,0,0,0,0,0,0,0,0,0,0,0,0,0,0,0,0,0,0,0,0,0,0,0,0,0,0,0,0,0,0,0,0,0,0,0,0,0,0,0,0,0,0,0,0,0,0,0,0,0,0,0,0,0,0,0,-0.0023135128*J1^1*J2^4+0.0018239609*J2^5+0,0,0.0018241250*J1^1*J2^4+-0.0015414821*J2^5+0,0,0,0,0,0,0.0018239609*J1^1*J2^4+-0.0023135128*J2^5+0,0,-0.0015414821*J1^1*J2^4+0.0018241250*J2^5+0,0,0,0,0,0,0.0058512714*J1^1*J2^4+-0.0058512714*J2^5+0,0,-0.0047596873*J1^1*J2^4+0.0047596873*J2^5+0},
{0,0,0,0,0,0,0,0,-0.0008594654*J1^1*J2^4+0.0019395616*J2^5+0,-0.0008068349*J1^1*J2^4+0.0001832411*J2^5+0,0,0,-0.0011198064*J1^1*J2^4+0.0004962126*J2^5+0,-0.0001057943*J1^1*J2^4+0.0004658263*J2^5+0,0,0,0,0,0,0,0,0,0,0,0.0020337015*J1^1*J2^4+-0.0012137707*J2^5+0,0,0,0,0.0007007709*J1^1*J2^4+-0.0011741581*J2^5+0,0,0,0,-0.0012137707*J1^1*J2^4+0.0020337015*J2^5+0,0,0,0,-0.0011741581*J1^1*J2^4+0.0007007709*J2^5+0,0,0,0,-0.0019581469*J1^1*J2^4+0.0019581469*J2^5+0,0,0,0,-0.0011305366*J1^1*J2^4+0.0011305366*J2^5+0,0,0,0,0.0019395616*J1^1*J2^4+-0.0008594654*J2^5+0,0,0.0001832411*J1^1*J2^4+-0.0008068349*J2^5+0,0,0.0004962126*J1^1*J2^4+-0.0011198064*J2^5+0,0,0.0004658263*J1^1*J2^4+-0.0001057943*J2^5+0,0,0,0,0,0,0,0,0,0,0,0,0,0,0,0,0,0,0,0,0,0,0,0,0,0,0,0,0,0,0,0,0,0,0,0,0,0,0,0,0,0},
{0.0004962126*J1^1*J2^4+-0.0011198064*J2^5+0,0.0004658263*J1^1*J2^4+-0.0001057943*J2^5+0,0,0,0.0006465205*J1^1*J2^4+-0.0002864885*J2^5+0,0.0000610804*J1^1*J2^4+-0.0002689450*J2^5+0,0,0,0,0,0,0,0,0,0,0,0.0007017506*J1^1*J2^4+-0.0015836454*J2^5+0,0.0006587779*J1^1*J2^4+-0.0001496157*J2^5+0,0,0,0.0009143181*J1^1*J2^4+-0.0004051559*J2^5+0,0.0000863807*J1^1*J2^4+-0.0003803456*J2^5+0,0,0,0,0.0020337015*J1^1*J2^4+-0.0012137707*J2^5+0,0,0,0,0.0007007709*J1^1*J2^4+-0.0011741581*J2^5+0,0,0,0,-0.0012137707*J1^1*J2^4+0.0020337015*J2^5+0,0,0,0,-0.0011741581*J1^1*J2^4+0.0007007709*J2^5+0,0,0,0,-0.0019581469*J1^1*J2^4+0.0019581469*J2^5+0,0,0,0,-0.0011305366*J1^1*J2^4+0.0011305366*J2^5+0,0,0,0,0.0019395616*J1^1*J2^4+-0.0008594654*J2^5+0,0,0.0001832411*J1^1*J2^4+-0.0008068349*J2^5+0,0,0.0004962126*J1^1*J2^4+-0.0011198064*J2^5+0,0,0.0004658263*J1^1*J2^4+-0.0001057943*J2^5+0,0,0,0,0,0,0,0,0,0,0,0,0,0,0,0,0,0,0,0,0,0,0,0,0,0,0,0,0,0,0,0,0,0,0,0,0,0,0,0,0},
{0,0,0,0,0,0,0,0,-0.0014327780*J1^1*J2^4+0.0008091841*J2^5+0,0.0015795296*J1^1*J2^4+-0.0012194975*J2^5+0,0,0,-0.0004671827*J1^1*J2^4+0.0008272147*J2^5+0,0.0007040772*J1^1*J2^4+-0.0009119418*J2^5+0,0,0,0,0,0,0,0,0,0,0,-0.0008980494*J1^1*J2^4+0.0004246622*J2^5+0,0,0,0,-0.0002451788*J1^1*J2^4+0.0005184890*J2^5+0,0,0,0,0.0004246622*J1^1*J2^4+-0.0008980494*J2^5+0,0,0,0,0.0005184890*J1^1*J2^4+-0.0002451788*J2^5+0,0,0,0,0.0015210133*J1^1*J2^4+-0.0015210133*J2^5+0,0,0,0,0.0008781574*J1^1*J2^4+-0.0008781574*J2^5+0,0,0,0,0.0008091841*J1^1*J2^4+-0.0014327780*J2^5+0,0,-0.0012194975*J1^1*J2^4+0.0015795296*J2^5+0,0,0.0008272147*J1^1*J2^4+-0.0004671827*J2^5+0,0,-0.0009119418*J1^1*J2^4+0.0007040772*J2^5+0,0,0,0,0,0,0,0,0,0,0,0,0,0,0,0,0,0,0,0,0,0,0,0,0,0,0,0,0,0,0,0,0,0,0,0,0,0,0,0,0,0},
{0.0008272147*J1^1*J2^4+-0.0004671827*J2^5+0,-0.0009119418*J1^1*J2^4+0.0007040772*J2^5+0,0,0,0.0002697280*J1^1*J2^4+-0.0004775927*J2^5+0,-0.0004064992*J1^1*J2^4+0.0005265099*J2^5+0,0,0,0,0,0,0,0,0,0,0,0.0011698583*J1^1*J2^4+-0.0006606961*J2^5+0,-0.0012896805*J1^1*J2^4+0.0009957155*J2^5+0,0,0,0.0003814531*J1^1*J2^4+-0.0006754180*J2^5+0,-0.0005748766*J1^1*J2^4+0.0007445974*J2^5+0,0,0,0,-0.0008980494*J1^1*J2^4+0.0004246622*J2^5+0,0,0,0,-0.0002451788*J1^1*J2^4+0.0005184890*J2^5+0,0,0,0,0.0004246622*J1^1*J2^4+-0.0008980494*J2^5+0,0,0,0,0.0005184890*J1^1*J2^4+-0.0002451788*J2^5+0,0,0,0,0.0015210133*J1^1*J2^4+-0.0015210133*J2^5+0,0,0,0,0.0008781574*J1^1*J2^4+-0.0008781574*J2^5+0,0,0,0,0.0008091841*J1^1*J2^4+-0.0014327780*J2^5+0,0,-0.0012194975*J1^1*J2^4+0.0015795296*J2^5+0,0,0.0008272147*J1^1*J2^4+-0.0004671827*J2^5+0,0,-0.0009119418*J1^1*J2^4+0.0007040772*J2^5+0,0,0,0,0,0,0,0,0,0,0,0,0,0,0,0,0,0,0,0,0,0,0,0,0,0,0,0,0,0,0,0,0,0,0,0,0,0,0,0,0},
{0,0,0,0,0,0,0,0,0,0,-0.0008594654*J1^1*J2^4+0.0019395616*J2^5+0,-0.0008068349*J1^1*J2^4+0.0001832411*J2^5+0,0,0,-0.0011198064*J1^1*J2^4+0.0004962126*J2^5+0,-0.0001057943*J1^1*J2^4+0.0004658263*J2^5+0,0,0,0,0,0,0,0,0,0,0,0.0020337015*J1^1*J2^4+-0.0012137707*J2^5+0,0,0,0,0.0007007709*J1^1*J2^4+-0.0011741581*J2^5+0,0,0,0,-0.0012137707*J1^1*J2^4+0.0020337015*J2^5+0,0,0,0,-0.0011741581*J1^1*J2^4+0.0007007709*J2^5+0,0,0,0,-0.0019581469*J1^1*J2^4+0.0019581469*J2^5+0,0,0,0,-0.0011305366*J1^1*J2^4+0.0011305366*J2^5+0,0,0,0,0,0,0,0,0,0,-0.0011198064*J1^1*J2^4+0.0004962126*J2^5+0,0,-0.0001057943*J1^1*J2^4+0.0004658263*J2^5+0,0,-0.0002864885*J1^1*J2^4+0.0006465205*J2^5+0,0,-0.0002689450*J1^1*J2^4+0.0000610804*J2^5+0,0,0.0015836454*J1^1*J2^4+-0.0007017506*J2^5+0,0,0.0001496157*J1^1*J2^4+-0.0006587779*J2^5+0,0,0.0004051559*J1^1*J2^4+-0.0009143181*J2^5+0,0,0.0003803456*J1^1*J2^4+-0.0000863807*J2^5+0,0,0,0,0,0,0,0,0,0,0,0,0,0,0,0,0,0,0,0,0,0,0,0,0,0},
{0,0,0.0004962126*J1^1*J2^4+-0.0011198064*J2^5+0,0.0004658263*J1^1*J2^4+-0.0001057943*J2^5+0,0,0,0.0006465205*J1^1*J2^4+-0.0002864885*J2^5+0,0.0000610804*J1^1*J2^4+-0.0002689450*J2^5+0,0,0,0,0,0,0,0,0,0,0,0.0007017506*J1^1*J2^4+-0.0015836454*J2^5+0,0.0006587779*J1^1*J2^4+-0.0001496157*J2^5+0,0,0,0.0009143181*J1^1*J2^4+-0.0004051559*J2^5+0,0.0000863807*J1^1*J2^4+-0.0003803456*J2^5+0,0,0,0,0.0020337015*J1^1*J2^4+-0.0012137707*J2^5+0,0,0,0,0.0007007709*J1^1*J2^4+-0.0011741581*J2^5+0,0,0,0,-0.0012137707*J1^1*J2^4+0.0020337015*J2^5+0,0,0,0,-0.0011741581*J1^1*J2^4+0.0007007709*J2^5+0,0,0,0,-0.0019581469*J1^1*J2^4+0.0019581469*J2^5+0,0,0,0,-0.0011305366*J1^1*J2^4+0.0011305366*J2^5+0,0,0,0,0,0,0,0,0,0,-0.0011198064*J1^1*J2^4+0.0004962126*J2^5+0,0,-0.0001057943*J1^1*J2^4+0.0004658263*J2^5+0,0,-0.0002864885*J1^1*J2^4+0.0006465205*J2^5+0,0,-0.0002689450*J1^1*J2^4+0.0000610804*J2^5+0,0,0.0015836454*J1^1*J2^4+-0.0007017506*J2^5+0,0,0.0001496157*J1^1*J2^4+-0.0006587779*J2^5+0,0,0.0004051559*J1^1*J2^4+-0.0009143181*J2^5+0,0,0.0003803456*J1^1*J2^4+-0.0000863807*J2^5+0,0,0,0,0,0,0,0,0,0,0,0,0,0,0,0,0,0,0,0,0,0,0,0,0},
{0,0,0,0,0,0,0,0,0,0,-0.0014327780*J1^1*J2^4+0.0008091841*J2^5+0,0.0015795296*J1^1*J2^4+-0.0012194975*J2^5+0,0,0,-0.0004671827*J1^1*J2^4+0.0008272147*J2^5+0,0.0007040772*J1^1*J2^4+-0.0009119418*J2^5+0,0,0,0,0,0,0,0,0,0,0,-0.0008980494*J1^1*J2^4+0.0004246622*J2^5+0,0,0,0,-0.0002451788*J1^1*J2^4+0.0005184890*J2^5+0,0,0,0,0.0004246622*J1^1*J2^4+-0.0008980494*J2^5+0,0,0,0,0.0005184890*J1^1*J2^4+-0.0002451788*J2^5+0,0,0,0,0.0015210133*J1^1*J2^4+-0.0015210133*J2^5+0,0,0,0,0.0008781574*J1^1*J2^4+-0.0008781574*J2^5+0,0,0,0,0,0,0,0,0,0,-0.0004671827*J1^1*J2^4+0.0008272147*J2^5+0,0,0.0007040772*J1^1*J2^4+-0.0009119418*J2^5+0,0,-0.0004775927*J1^1*J2^4+0.0002697280*J2^5+0,0,0.0005265099*J1^1*J2^4+-0.0004064992*J2^5+0,0,0.0006606961*J1^1*J2^4+-0.0011698583*J2^5+0,0,-0.0009957155*J1^1*J2^4+0.0012896805*J2^5+0,0,0.0006754180*J1^1*J2^4+-0.0003814531*J2^5+0,0,-0.0007445974*J1^1*J2^4+0.0005748766*J2^5+0,0,0,0,0,0,0,0,0,0,0,0,0,0,0,0,0,0,0,0,0,0,0,0,0,0},
{0,0,0.0008272147*J1^1*J2^4+-0.0004671827*J2^5+0,-0.0009119418*J1^1*J2^4+0.0007040772*J2^5+0,0,0,0.0002697280*J1^1*J2^4+-0.0004775927*J2^5+0,-0.0004064992*J1^1*J2^4+0.0005265099*J2^5+0,0,0,0,0,0,0,0,0,0,0,0.0011698583*J1^1*J2^4+-0.0006606961*J2^5+0,-0.0012896805*J1^1*J2^4+0.0009957155*J2^5+0,0,0,0.0003814531*J1^1*J2^4+-0.0006754180*J2^5+0,-0.0005748766*J1^1*J2^4+0.0007445974*J2^5+0,0,0,0,-0.0008980494*J1^1*J2^4+0.0004246622*J2^5+0,0,0,0,-0.0002451788*J1^1*J2^4+0.0005184890*J2^5+0,0,0,0,0.0004246622*J1^1*J2^4+-0.0008980494*J2^5+0,0,0,0,0.0005184890*J1^1*J2^4+-0.0002451788*J2^5+0,0,0,0,0.0015210133*J1^1*J2^4+-0.0015210133*J2^5+0,0,0,0,0.0008781574*J1^1*J2^4+-0.0008781574*J2^5+0,0,0,0,0,0,0,0,0,0,-0.0004671827*J1^1*J2^4+0.0008272147*J2^5+0,0,0.0007040772*J1^1*J2^4+-0.0009119418*J2^5+0,0,-0.0004775927*J1^1*J2^4+0.0002697280*J2^5+0,0,0.0005265099*J1^1*J2^4+-0.0004064992*J2^5+0,0,0.0006606961*J1^1*J2^4+-0.0011698583*J2^5+0,0,-0.0009957155*J1^1*J2^4+0.0012896805*J2^5+0,0,0.0006754180*J1^1*J2^4+-0.0003814531*J2^5+0,0,-0.0007445974*J1^1*J2^4+0.0005748766*J2^5+0,0,0,0,0,0,0,0,0,0,0,0,0,0,0,0,0,0,0,0,0,0,0,0,0},
{0,0,0,0,0,0,0,0,0.0019395616*J1^1*J2^4+-0.0008594654*J2^5+0,0.0001832411*J1^1*J2^4+-0.0008068349*J2^5+0,0,0,0.0004962126*J1^1*J2^4+-0.0011198064*J2^5+0,0.0004658263*J1^1*J2^4+-0.0001057943*J2^5+0,0,0,0,0,0,0,0,0,0,0,-0.0012137707*J1^1*J2^4+0.0020337015*J2^5+0,0,0,0,-0.0011741581*J1^1*J2^4+0.0007007709*J2^5+0,0,0,0,0.0020337015*J1^1*J2^4+-0.0012137707*J2^5+0,0,0,0,0.0007007709*J1^1*J2^4+-0.0011741581*J2^5+0,0,0,0,0.0019581469*J1^1*J2^4+-0.0019581469*J2^5+0,0,0,0,0.0011305366*J1^1*J2^4+-0.0011305366*J2^5+0,0,0,0,-0.0008594654*J1^1*J2^4+0.0019395616*J2^5+0,0,-0.0008068349*J1^1*J2^4+0.0001832411*J2^5+0,0,-0.0011198064*J1^1*J2^4+0.0004962126*J2^5+0,0,-0.0001057943*J1^1*J2^4+0.0004658263*J2^5+0,0,0,0,0,0,0,0,0,0,0,0,0,0,0,0,0,0,0,0,0,0,0,0,0,0,0,0,0,0,0,0,0,0,0,0,0,0,0,0,0,0},
{-0.0011198064*J1^1*J2^4+0.0004962126*J2^5+0,-0.0001057943*J1^1*J2^4+0.0004658263*J2^5+0,0,0,-0.0002864885*J1^1*J2^4+0.0006465205*J2^5+0,-0.0002689450*J1^1*J2^4+0.0000610804*J2^5+0,0,0,0,0,0,0,0,0,0,0,-0.0015836454*J1^1*J2^4+0.0007017506*J2^5+0,-0.0001496157*J1^1*J2^4+0.0006587779*J2^5+0,0,0,-0.0004051559*J1^1*J2^4+0.0009143181*J2^5+0,-0.0003803456*J1^1*J2^4+0.0000863807*J2^5+0,0,0,0,-0.0012137707*J1^1*J2^4+0.0020337015*J2^5+0,0,0,0,-0.0011741581*J1^1*J2^4+0.0007007709*J2^5+0,0,0,0,0.0020337015*J1^1*J2^4+-0.0012137707*J2^5+0,0,0,0,0.0007007709*J1^1*J2^4+-0.0011741581*J2^5+0,0,0,0,0.0019581469*J1^1*J2^4+-0.0019581469*J2^5+0,0,0,0,0.0011305366*J1^1*J2^4+-0.0011305366*J2^5+0,0,0,0,-0.0008594654*J1^1*J2^4+0.0019395616*J2^5+0,0,-0.0008068349*J1^1*J2^4+0.0001832411*J2^5+0,0,-0.0011198064*J1^1*J2^4+0.0004962126*J2^5+0,0,-0.0001057943*J1^1*J2^4+0.0004658263*J2^5+0,0,0,0,0,0,0,0,0,0,0,0,0,0,0,0,0,0,0,0,0,0,0,0,0,0,0,0,0,0,0,0,0,0,0,0,0,0,0,0,0},
{0,0,0,0,0,0,0,0,0.0008091841*J1^1*J2^4+-0.0014327780*J2^5+0,-0.0012194975*J1^1*J2^4+0.0015795296*J2^5+0,0,0,0.0008272147*J1^1*J2^4+-0.0004671827*J2^5+0,-0.0009119418*J1^1*J2^4+0.0007040772*J2^5+0,0,0,0,0,0,0,0,0,0,0,0.0004246622*J1^1*J2^4+-0.0008980494*J2^5+0,0,0,0,0.0005184890*J1^1*J2^4+-0.0002451788*J2^5+0,0,0,0,-0.0008980494*J1^1*J2^4+0.0004246622*J2^5+0,0,0,0,-0.0002451788*J1^1*J2^4+0.0005184890*J2^5+0,0,0,0,-0.0015210133*J1^1*J2^4+0.0015210133*J2^5+0,0,0,0,-0.0008781574*J1^1*J2^4+0.0008781574*J2^5+0,0,0,0,-0.0014327780*J1^1*J2^4+0.0008091841*J2^5+0,0,0.0015795296*J1^1*J2^4+-0.0012194975*J2^5+0,0,-0.0004671827*J1^1*J2^4+0.0008272147*J2^5+0,0,0.0007040772*J1^1*J2^4+-0.0009119418*J2^5+0,0,0,0,0,0,0,0,0,0,0,0,0,0,0,0,0,0,0,0,0,0,0,0,0,0,0,0,0,0,0,0,0,0,0,0,0,0,0,0,0,0},
{-0.0004671827*J1^1*J2^4+0.0008272147*J2^5+0,0.0007040772*J1^1*J2^4+-0.0009119418*J2^5+0,0,0,-0.0004775927*J1^1*J2^4+0.0002697280*J2^5+0,0.0005265099*J1^1*J2^4+-0.0004064992*J2^5+0,0,0,0,0,0,0,0,0,0,0,-0.0006606961*J1^1*J2^4+0.0011698583*J2^5+0,0.0009957155*J1^1*J2^4+-0.0012896805*J2^5+0,0,0,-0.0006754180*J1^1*J2^4+0.0003814531*J2^5+0,0.0007445974*J1^1*J2^4+-0.0005748766*J2^5+0,0,0,0,0.0004246622*J1^1*J2^4+-0.0008980494*J2^5+0,0,0,0,0.0005184890*J1^1*J2^4+-0.0002451788*J2^5+0,0,0,0,-0.0008980494*J1^1*J2^4+0.0004246622*J2^5+0,0,0,0,-0.0002451788*J1^1*J2^4+0.0005184890*J2^5+0,0,0,0,-0.0015210133*J1^1*J2^4+0.0015210133*J2^5+0,0,0,0,-0.0008781574*J1^1*J2^4+0.0008781574*J2^5+0,0,0,0,-0.0014327780*J1^1*J2^4+0.0008091841*J2^5+0,0,0.0015795296*J1^1*J2^4+-0.0012194975*J2^5+0,0,-0.0004671827*J1^1*J2^4+0.0008272147*J2^5+0,0,0.0007040772*J1^1*J2^4+-0.0009119418*J2^5+0,0,0,0,0,0,0,0,0,0,0,0,0,0,0,0,0,0,0,0,0,0,0,0,0,0,0,0,0,0,0,0,0,0,0,0,0,0,0,0,0},
{0,0,0,0,0,0,0,0,0,0,0.0019395616*J1^1*J2^4+-0.0008594654*J2^5+0,0.0001832411*J1^1*J2^4+-0.0008068349*J2^5+0,0,0,0.0004962126*J1^1*J2^4+-0.0011198064*J2^5+0,0.0004658263*J1^1*J2^4+-0.0001057943*J2^5+0,0,0,0,0,0,0,0,0,0,0,-0.0012137707*J1^1*J2^4+0.0020337015*J2^5+0,0,0,0,-0.0011741581*J1^1*J2^4+0.0007007709*J2^5+0,0,0,0,0.0020337015*J1^1*J2^4+-0.0012137707*J2^5+0,0,0,0,0.0007007709*J1^1*J2^4+-0.0011741581*J2^5+0,0,0,0,0.0019581469*J1^1*J2^4+-0.0019581469*J2^5+0,0,0,0,0.0011305366*J1^1*J2^4+-0.0011305366*J2^5+0,0,0,0,0,0,0,0,0,0,0.0004962126*J1^1*J2^4+-0.0011198064*J2^5+0,0,0.0004658263*J1^1*J2^4+-0.0001057943*J2^5+0,0,0.0006465205*J1^1*J2^4+-0.0002864885*J2^5+0,0,0.0000610804*J1^1*J2^4+-0.0002689450*J2^5+0,0,-0.0007017506*J1^1*J2^4+0.0015836454*J2^5+0,0,-0.0006587779*J1^1*J2^4+0.0001496157*J2^5+0,0,-0.0009143181*J1^1*J2^4+0.0004051559*J2^5+0,0,-0.0000863807*J1^1*J2^4+0.0003803456*J2^5+0,0,0,0,0,0,0,0,0,0,0,0,0,0,0,0,0,0,0,0,0,0,0,0,0,0},
{0,0,-0.0011198064*J1^1*J2^4+0.0004962126*J2^5+0,-0.0001057943*J1^1*J2^4+0.0004658263*J2^5+0,0,0,-0.0002864885*J1^1*J2^4+0.0006465205*J2^5+0,-0.0002689450*J1^1*J2^4+0.0000610804*J2^5+0,0,0,0,0,0,0,0,0,0,0,-0.0015836454*J1^1*J2^4+0.0007017506*J2^5+0,-0.0001496157*J1^1*J2^4+0.0006587779*J2^5+0,0,0,-0.0004051559*J1^1*J2^4+0.0009143181*J2^5+0,-0.0003803456*J1^1*J2^4+0.0000863807*J2^5+0,0,0,0,-0.0012137707*J1^1*J2^4+0.0020337015*J2^5+0,0,0,0,-0.0011741581*J1^1*J2^4+0.0007007709*J2^5+0,0,0,0,0.0020337015*J1^1*J2^4+-0.0012137707*J2^5+0,0,0,0,0.0007007709*J1^1*J2^4+-0.0011741581*J2^5+0,0,0,0,0.0019581469*J1^1*J2^4+-0.0019581469*J2^5+0,0,0,0,0.0011305366*J1^1*J2^4+-0.0011305366*J2^5+0,0,0,0,0,0,0,0,0,0,0.0004962126*J1^1*J2^4+-0.0011198064*J2^5+0,0,0.0004658263*J1^1*J2^4+-0.0001057943*J2^5+0,0,0.0006465205*J1^1*J2^4+-0.0002864885*J2^5+0,0,0.0000610804*J1^1*J2^4+-0.0002689450*J2^5+0,0,-0.0007017506*J1^1*J2^4+0.0015836454*J2^5+0,0,-0.0006587779*J1^1*J2^4+0.0001496157*J2^5+0,0,-0.0009143181*J1^1*J2^4+0.0004051559*J2^5+0,0,-0.0000863807*J1^1*J2^4+0.0003803456*J2^5+0,0,0,0,0,0,0,0,0,0,0,0,0,0,0,0,0,0,0,0,0,0,0,0,0},
{0,0,0,0,0,0,0,0,0,0,0.0008091841*J1^1*J2^4+-0.0014327780*J2^5+0,-0.0012194975*J1^1*J2^4+0.0015795296*J2^5+0,0,0,0.0008272147*J1^1*J2^4+-0.0004671827*J2^5+0,-0.0009119418*J1^1*J2^4+0.0007040772*J2^5+0,0,0,0,0,0,0,0,0,0,0,0.0004246622*J1^1*J2^4+-0.0008980494*J2^5+0,0,0,0,0.0005184890*J1^1*J2^4+-0.0002451788*J2^5+0,0,0,0,-0.0008980494*J1^1*J2^4+0.0004246622*J2^5+0,0,0,0,-0.0002451788*J1^1*J2^4+0.0005184890*J2^5+0,0,0,0,-0.0015210133*J1^1*J2^4+0.0015210133*J2^5+0,0,0,0,-0.0008781574*J1^1*J2^4+0.0008781574*J2^5+0,0,0,0,0,0,0,0,0,0,0.0008272147*J1^1*J2^4+-0.0004671827*J2^5+0,0,-0.0009119418*J1^1*J2^4+0.0007040772*J2^5+0,0,0.0002697280*J1^1*J2^4+-0.0004775927*J2^5+0,0,-0.0004064992*J1^1*J2^4+0.0005265099*J2^5+0,0,-0.0011698583*J1^1*J2^4+0.0006606961*J2^5+0,0,0.0012896805*J1^1*J2^4+-0.0009957155*J2^5+0,0,-0.0003814531*J1^1*J2^4+0.0006754180*J2^5+0,0,0.0005748766*J1^1*J2^4+-0.0007445974*J2^5+0,0,0,0,0,0,0,0,0,0,0,0,0,0,0,0,0,0,0,0,0,0,0,0,0,0},
{0,0,-0.0004671827*J1^1*J2^4+0.0008272147*J2^5+0,0.0007040772*J1^1*J2^4+-0.0009119418*J2^5+0,0,0,-0.0004775927*J1^1*J2^4+0.0002697280*J2^5+0,0.0005265099*J1^1*J2^4+-0.0004064992*J2^5+0,0,0,0,0,0,0,0,0,0,0,-0.0006606961*J1^1*J2^4+0.0011698583*J2^5+0,0.0009957155*J1^1*J2^4+-0.0012896805*J2^5+0,0,0,-0.0006754180*J1^1*J2^4+0.0003814531*J2^5+0,0.0007445974*J1^1*J2^4+-0.0005748766*J2^5+0,0,0,0,0.0004246622*J1^1*J2^4+-0.0008980494*J2^5+0,0,0,0,0.0005184890*J1^1*J2^4+-0.0002451788*J2^5+0,0,0,0,-0.0008980494*J1^1*J2^4+0.0004246622*J2^5+0,0,0,0,-0.0002451788*J1^1*J2^4+0.0005184890*J2^5+0,0,0,0,-0.0015210133*J1^1*J2^4+0.0015210133*J2^5+0,0,0,0,-0.0008781574*J1^1*J2^4+0.0008781574*J2^5+0,0,0,0,0,0,0,0,0,0,0.0008272147*J1^1*J2^4+-0.0004671827*J2^5+0,0,-0.0009119418*J1^1*J2^4+0.0007040772*J2^5+0,0,0.0002697280*J1^1*J2^4+-0.0004775927*J2^5+0,0,-0.0004064992*J1^1*J2^4+0.0005265099*J2^5+0,0,-0.0011698583*J1^1*J2^4+0.0006606961*J2^5+0,0,0.0012896805*J1^1*J2^4+-0.0009957155*J2^5+0,0,-0.0003814531*J1^1*J2^4+0.0006754180*J2^5+0,0,0.0005748766*J1^1*J2^4+-0.0007445974*J2^5+0,0,0,0,0,0,0,0,0,0,0,0,0,0,0,0,0,0,0,0,0,0,0,0,0},
{0,0,0,0,0,0,0,0,0,0,0,0,0.0022853960*J1^1*J2^4+-0.0022853960*J2^5+0,0.0008083936*J1^1*J2^4+-0.0008083936*J2^5+0,0,0,0,0,0,0,0,0,0,0,0,0,0,0,-0.0026515499*J1^1*J2^4+0.0026515499*J2^5+0,0,0,0,0,0,0,0,0.0026515499*J1^1*J2^4+-0.0026515499*J2^5+0,0,0,0,0,0,0,0,0.0031976405*J1^1*J2^4+-0.0031976405*J2^5+0,0,0,0,0,0,0,0,-0.0022853960*J1^1*J2^4+0.0022853960*J2^5+0,0,-0.0008083936*J1^1*J2^4+0.0008083936*J2^5+0,0,0,0,0,0,0,0,0,0,0,0,0,0,0,0,0,0,0,0,0,0,0,0,0,0,0,0,0,0,0,0,0,0,0,0,0,0,0,0,0,0},
{0,0,0,0,-0.0013194740*J1^1*J2^4+0.0013194740*J2^5+0,-0.0004667263*J1^1*J2^4+0.0004667263*J2^5+0,0,0,0,0,0,0,0,0,0,0,0,0,0,0,-0.0018660180*J1^1*J2^4+0.0018660180*J2^5+0,-0.0006600506*J1^1*J2^4+0.0006600506*J2^5+0,0,0,0,0,0,0,0,-0.0026515499*J1^1*J2^4+0.0026515499*J2^5+0,0,0,0,0,0,0,0,0.0026515499*J1^1*J2^4+-0.0026515499*J2^5+0,0,0,0,0,0,0,0,0.0031976405*J1^1*J2^4+-0.0031976405*J2^5+0,0,0,0,0,0,0,0,-0.0022853960*J1^1*J2^4+0.0022853960*J2^5+0,0,-0.0008083936*J1^1*J2^4+0.0008083936*J2^5+0,0,0,0,0,0,0,0,0,0,0,0,0,0,0,0,0,0,0,0,0,0,0,0,0,0,0,0,0,0,0,0,0,0,0,0,0,0,0,0,0},
{0,0,0,0,0,0,0,0,0,0,0,0,0.0018305544*J1^1*J2^4+-0.0018305544*J2^5+0,-0.0022853960*J1^1*J2^4+0.0022853960*J2^5+0,0,0,0,0,0,0,0,0,0,0,0,0,0,0,0.0010799894*J1^1*J2^4+-0.0010799894*J2^5+0,0,0,0,0,0,0,0,-0.0010799894*J1^1*J2^4+0.0010799894*J2^5+0,0,0,0,0,0,0,0,-0.0024838043*J1^1*J2^4+0.0024838043*J2^5+0,0,0,0,0,0,0,0,-0.0018305544*J1^1*J2^4+0.0018305544*J2^5+0,0,0.0022853960*J1^1*J2^4+-0.0022853960*J2^5+0,0,0,0,0,0,0,0,0,0,0,0,0,0,0,0,0,0,0,0,0,0,0,0,0,0,0,0,0,0,0,0,0,0,0,0,0,0,0,0,0,0},
{0,0,0,0,-0.0010568711*J1^1*J2^4+0.0010568711*J2^5+0,0.0013194740*J1^1*J2^4+-0.0013194740*J2^5+0,0,0,0,0,0,0,0,0,0,0,0,0,0,0,-0.0014946414*J1^1*J2^4+0.0014946414*J2^5+0,0.0018660180*J1^1*J2^4+-0.0018660180*J2^5+0,0,0,0,0,0,0,0,0.0010799894*J1^1*J2^4+-0.0010799894*J2^5+0,0,0,0,0,0,0,0,-0.0010799894*J1^1*J2^4+0.0010799894*J2^5+0,0,0,0,0,0,0,0,-0.0024838043*J1^1*J2^4+0.0024838043*J2^5+0,0,0,0,0,0,0,0,-0.0018305544*J1^1*J2^4+0.0018305544*J2^5+0,0,0.0022853960*J1^1*J2^4+-0.0022853960*J2^5+0,0,0,0,0,0,0,0,0,0,0,0,0,0,0,0,0,0,0,0,0,0,0,0,0,0,0,0,0,0,0,0,0,0,0,0,0,0,0,0,0},
{0,0,0,0,0,0,0,0,0,0,0,0,0,0,0.0022853960*J1^1*J2^4+-0.0022853960*J2^5+0,0.0008083936*J1^1*J2^4+-0.0008083936*J2^5+0,0,0,0,0,0,0,0,0,0,0,0,0,0,0,-0.0026515499*J1^1*J2^4+0.0026515499*J2^5+0,0,0,0,0,0,0,0,0.0026515499*J1^1*J2^4+-0.0026515499*J2^5+0,0,0,0,0,0,0,0,0.0031976405*J1^1*J2^4+-0.0031976405*J2^5+0,0,0,0,0,0,0,0,0,0,0,0,0,0,0.0013194740*J1^1*J2^4+-0.0013194740*J2^5+0,0,0.0004667263*J1^1*J2^4+-0.0004667263*J2^5+0,0,0,0,0,0,-0.0018660180*J1^1*J2^4+0.0018660180*J2^5+0,0,-0.0006600506*J1^1*J2^4+0.0006600506*J2^5+0,0,0,0,0,0,0,0,0,0,0,0,0,0,0,0,0,0,0,0,0,0,0,0,0,0},
{0,0,0,0,0,0,-0.0013194740*J1^1*J2^4+0.0013194740*J2^5+0,-0.0004667263*J1^1*J2^4+0.0004667263*J2^5+0,0,0,0,0,0,0,0,0,0,0,0,0,0,0,-0.0018660180*J1^1*J2^4+0.0018660180*J2^5+0,-0.0006600506*J1^1*J2^4+0.0006600506*J2^5+0,0,0,0,0,0,0,0,-0.0026515499*J1^1*J2^4+0.0026515499*J2^5+0,0,0,0,0,0,0,0,0.0026515499*J1^1*J2^4+-0.0026515499*J2^5+0,0,0,0,0,0,0,0,0.0031976405*J1^1*J2^4+-0.0031976405*J2^5+0,0,0,0,0,0,0,0,0,0,0,0,0,0,0.0013194740*J1^1*J2^4+-0.0013194740*J2^5+0,0,0.0004667263*J1^1*J2^4+-0.0004667263*J2^5+0,0,0,0,0,0,-0.0018660180*J1^1*J2^4+0.0018660180*J2^5+0,0,-0.0006600506*J1^1*J2^4+0.0006600506*J2^5+0,0,0,0,0,0,0,0,0,0,0,0,0,0,0,0,0,0,0,0,0,0,0,0,0},
{0,0,0,0,0,0,0,0,0,0,0,0,0,0,0.0018305544*J1^1*J2^4+-0.0018305544*J2^5+0,-0.0022853960*J1^1*J2^4+0.0022853960*J2^5+0,0,0,0,0,0,0,0,0,0,0,0,0,0,0,0.0010799894*J1^1*J2^4+-0.0010799894*J2^5+0,0,0,0,0,0,0,0,-0.0010799894*J1^1*J2^4+0.0010799894*J2^5+0,0,0,0,0,0,0,0,-0.0024838043*J1^1*J2^4+0.0024838043*J2^5+0,0,0,0,0,0,0,0,0,0,0,0,0,0,0.0010568711*J1^1*J2^4+-0.0010568711*J2^5+0,0,-0.0013194740*J1^1*J2^4+0.0013194740*J2^5+0,0,0,0,0,0,-0.0014946414*J1^1*J2^4+0.0014946414*J2^5+0,0,0.0018660180*J1^1*J2^4+-0.0018660180*J2^5+0,0,0,0,0,0,0,0,0,0,0,0,0,0,0,0,0,0,0,0,0,0,0,0,0,0},
{0,0,0,0,0,0,-0.0010568711*J1^1*J2^4+0.0010568711*J2^5+0,0.0013194740*J1^1*J2^4+-0.0013194740*J2^5+0,0,0,0,0,0,0,0,0,0,0,0,0,0,0,-0.0014946414*J1^1*J2^4+0.0014946414*J2^5+0,0.0018660180*J1^1*J2^4+-0.0018660180*J2^5+0,0,0,0,0,0,0,0,0.0010799894*J1^1*J2^4+-0.0010799894*J2^5+0,0,0,0,0,0,0,0,-0.0010799894*J1^1*J2^4+0.0010799894*J2^5+0,0,0,0,0,0,0,0,-0.0024838043*J1^1*J2^4+0.0024838043*J2^5+0,0,0,0,0,0,0,0,0,0,0,0,0,0,0.0010568711*J1^1*J2^4+-0.0010568711*J2^5+0,0,-0.0013194740*J1^1*J2^4+0.0013194740*J2^5+0,0,0,0,0,0,-0.0014946414*J1^1*J2^4+0.0014946414*J2^5+0,0,0.0018660180*J1^1*J2^4+-0.0018660180*J2^5+0,0,0,0,0,0,0,0,0,0,0,0,0,0,0,0,0,0,0,0,0,0,0,0,0}
}