96
{{0,0,0,0,0,0,0,0,0,0,0,0,0,0,0,0,0,0,0,0,0,0,0,0,0,0,0,0,0,0,0,0,0,0,0,0,0,0,0,0,0,0,0,0,0,0,0,0,0.0037193769*J1^2*J2^3+-0.0048295637*J1^1*J2^4+0.0037193769*J2^5+0,-0.0006093534*J1^2*J2^3+-0.0022703561*J1^1*J2^4+-0.0006093534*J2^5+0,-0.0013941750*J1^2*J2^3+0.0042947665*J1^1*J2^4+-0.0013941750*J2^5+0,-0.0006553953*J1^2*J2^3+-0.0007036206*J1^1*J2^4+-0.0006553953*J2^5+0,0,0,0,0,0,0,0,0,0,0,0,0,0,0,0,0,0,0,0,0,0,0,0,0,0,0,0,0,0,0,0,0,0,0,0,0,0,0,0,0,0,0,0,0},
{0,0,0,0,0,0,0,0,0,0,0,0,0,0,0,0,0,0,0,0,0,0,0,0,0,0,0,0,0,0,0,0,0,0,0,0,0,0,0,0,0,0,0,0,0,0,0,0,-0.0013941750*J1^2*J2^3+0.0042947665*J1^1*J2^4+-0.0013941750*J2^5+0,-0.0006553953*J1^2*J2^3+-0.0007036206*J1^1*J2^4+-0.0006553953*J2^5+0,0.0053292315*J1^2*J2^3+-0.0097887330*J1^1*J2^4+0.0053292315*J2^5+0,0.0001474320*J1^2*J2^3+-0.0014578849*J1^1*J2^4+0.0001474320*J2^5+0,0,0,0,0,0,0,0,0,0,0,0,0,0,0,0,0,0,0,0,0,0,0,0,0,0,0,0,0,0,0,0,0,0,0,0,0,0,0,0,0,0,0,0,0},
{0,0,0,0,0,0,0,0,0,0,0,0,0,0,0,0,0,0,0,0,0,0,0,0,0,0,0,0,0,0,0,0,0,0,0,0,0,0,0,0,0,0,0,0,0,0,0,0,0,0,0,0,0,0,0,0,-0.0021473833*J1^2*J2^3+0.0027883499*J1^1*J2^4+-0.0021473833*J2^5+0,0.0003518103*J1^2*J2^3+0.0013107907*J1^1*J2^4+0.0003518103*J2^5+0,0.0008049273*J1^2*J2^3+-0.0024795846*J1^1*J2^4+0.0008049273*J2^5+0,0.0003783927*J1^2*J2^3+0.0004062356*J1^1*J2^4+0.0003783927*J2^5+0,0,0,0,0,-0.0030368585*J1^2*J2^3+0.0039433223*J1^1*J2^4+-0.0030368585*J2^5+0,0.0004975349*J1^2*J2^3+0.0018537380*J1^1*J2^4+0.0004975349*J2^5+0,0.0011383391*J1^2*J2^3+-0.0035066622*J1^1*J2^4+0.0011383391*J2^5+0,0.0005351281*J1^2*J2^3+0.0005745039*J1^1*J2^4+0.0005351281*J2^5+0,0,0,0,0,0,0,0,0,0,0,0,0,0,0,0,0,0,0,0,0,0,0,0,0,0,0,0,0},
{0,0,0,0,0,0,0,0,0,0,0,0,0,0,0,0,0,0,0,0,0,0,0,0,0,0,0,0,0,0,0,0,0,0,0,0,0,0,0,0,0,0,0,0,0,0,0,0,0,0,0,0,0,0,0,0,0.0008049273*J1^2*J2^3+-0.0024795846*J1^1*J2^4+0.0008049273*J2^5+0,0.0003783927*J1^2*J2^3+0.0004062356*J1^1*J2^4+0.0003783927*J2^5+0,-0.0030768332*J1^2*J2^3+0.0056515276*J1^1*J2^4+-0.0030768332*J2^5+0,-0.0000851199*J1^2*J2^3+0.0008417102*J1^1*J2^4+-0.0000851199*J2^5+0,0,0,0,0,0.0011383391*J1^2*J2^3+-0.0035066622*J1^1*J2^4+0.0011383391*J2^5+0,0.0005351281*J1^2*J2^3+0.0005745039*J1^1*J2^4+0.0005351281*J2^5+0,-0.0043512993*J1^2*J2^3+0.0079924670*J1^1*J2^4+-0.0043512993*J2^5+0,-0.0001203777*J1^2*J2^3+0.0011903580*J1^1*J2^4+-0.0001203777*J2^5+0,0,0,0,0,0,0,0,0,0,0,0,0,0,0,0,0,0,0,0,0,0,0,0,0,0,0,0,0},
{0,0,0,0,0,0,0,0,0,0,0,0,0,0,0,0,0,0,0,0,0,0,0,0,0,0,0,0,0,0,0,0,0,0,0,0,0,0,0,0,0,0,0,0,0,0,0,0,0,0,0,0,0.0037193769*J1^2*J2^3+-0.0048295637*J1^1*J2^4+0.0037193769*J2^5+0,-0.0006093534*J1^2*J2^3+-0.0022703561*J1^1*J2^4+-0.0006093534*J2^5+0,-0.0013941750*J1^2*J2^3+0.0042947665*J1^1*J2^4+-0.0013941750*J2^5+0,-0.0006553953*J1^2*J2^3+-0.0007036206*J1^1*J2^4+-0.0006553953*J2^5+0,0,0,0,0,0,0,0,0,0,0,0,0,0,0,0,0,0,0,0,0,0,0,0,0,0,0,0,0,0,0,0,0,0,0,0,0,0,0,0,0},
{0,0,0,0,0,0,0,0,0,0,0,0,0,0,0,0,0,0,0,0,0,0,0,0,0,0,0,0,0,0,0,0,0,0,0,0,0,0,0,0,0,0,0,0,0,0,0,0,0,0,0,0,-0.0013941750*J1^2*J2^3+0.0042947665*J1^1*J2^4+-0.0013941750*J2^5+0,-0.0006553953*J1^2*J2^3+-0.0007036206*J1^1*J2^4+-0.0006553953*J2^5+0,0.0053292315*J1^2*J2^3+-0.0097887330*J1^1*J2^4+0.0053292315*J2^5+0,0.0001474320*J1^2*J2^3+-0.0014578849*J1^1*J2^4+0.0001474320*J2^5+0,0,0,0,0,0,0,0,0,0,0,0,0,0,0,0,0,0,0,0,0,0,0,0,0,0,0,0,0,0,0,0,0,0,0,0,0,0,0,0,0},
{0,0,0,0,0,0,0,0,0,0,0,0,0,0,0,0,0,0,0,0,0,0,0,0,0,0,0,0,0,0,0,0,0,0,0,0,0,0,0,0,0,0,0,0,0,0,0,0,0,0,0,0,0,0,0,0,0,0,0,0,-0.0021473833*J1^2*J2^3+0.0027883499*J1^1*J2^4+-0.0021473833*J2^5+0,0.0003518103*J1^2*J2^3+0.0013107907*J1^1*J2^4+0.0003518103*J2^5+0,0.0008049273*J1^2*J2^3+-0.0024795846*J1^1*J2^4+0.0008049273*J2^5+0,0.0003783927*J1^2*J2^3+0.0004062356*J1^1*J2^4+0.0003783927*J2^5+0,0,0,0,0,-0.0030368585*J1^2*J2^3+0.0039433223*J1^1*J2^4+-0.0030368585*J2^5+0,0.0004975349*J1^2*J2^3+0.0018537380*J1^1*J2^4+0.0004975349*J2^5+0,0.0011383391*J1^2*J2^3+-0.0035066622*J1^1*J2^4+0.0011383391*J2^5+0,0.0005351281*J1^2*J2^3+0.0005745039*J1^1*J2^4+0.0005351281*J2^5+0,0,0,0,0,0,0,0,0,0,0,0,0,0,0,0,0,0,0,0,0,0,0,0,0},
{0,0,0,0,0,0,0,0,0,0,0,0,0,0,0,0,0,0,0,0,0,0,0,0,0,0,0,0,0,0,0,0,0,0,0,0,0,0,0,0,0,0,0,0,0,0,0,0,0,0,0,0,0,0,0,0,0,0,0,0,0.0008049273*J1^2*J2^3+-0.0024795846*J1^1*J2^4+0.0008049273*J2^5+0,0.0003783927*J1^2*J2^3+0.0004062356*J1^1*J2^4+0.0003783927*J2^5+0,-0.0030768332*J1^2*J2^3+0.0056515276*J1^1*J2^4+-0.0030768332*J2^5+0,-0.0000851199*J1^2*J2^3+0.0008417102*J1^1*J2^4+-0.0000851199*J2^5+0,0,0,0,0,0.0011383391*J1^2*J2^3+-0.0035066622*J1^1*J2^4+0.0011383391*J2^5+0,0.0005351281*J1^2*J2^3+0.0005745039*J1^1*J2^4+0.0005351281*J2^5+0,-0.0043512993*J1^2*J2^3+0.0079924670*J1^1*J2^4+-0.0043512993*J2^5+0,-0.0001203777*J1^2*J2^3+0.0011903580*J1^1*J2^4+-0.0001203777*J2^5+0,0,0,0,0,0,0,0,0,0,0,0,0,0,0,0,0,0,0,0,0,0,0,0,0},
{0,0,0,0,0,0,0,0,0,0,0,0,0,0,0,0,0,0,0,0,0,0,0,0,0,0,0,0,0,0,0,0,0,0,0,0,0,0,0,0,0,0,0,0,0,0,0,0,0.0059922458*J1^2*J2^3+0.0006093469*J1^1*J2^4+0.0059922458*J2^5+0,0.0002811842*J1^2*J2^3+-0.0071176300*J1^1*J2^4+0.0002811842*J2^5+0,0.0001759033*J1^2*J2^3+0.0069192494*J1^1*J2^4+0.0001759033*J2^5+0,-0.0020546828*J1^2*J2^3+0.0003246836*J1^1*J2^4+-0.0020546828*J2^5+0,0,0,0,0,0,0,0,0,0,0,0,0,0,0,0,0,0,0,0,0,0,0,0,0,0,0,0,0,0,0,0,0,0,0,0,0,0,0,0,0,0,0,0,0},
{0,0,0,0,0,0,0,0,0,0,0,0,0,0,0,0,0,0,0,0,0,0,0,0,0,0,0,0,0,0,0,0,0,0,0,0,0,0,0,0,0,0,0,0,0,0,0,0,0.0001759033*J1^2*J2^3+0.0069192494*J1^1*J2^4+0.0001759033*J2^5+0,-0.0020546828*J1^2*J2^3+0.0003246836*J1^1*J2^4+-0.0020546828*J2^5+0,0.0057891301*J1^2*J2^3+-0.0073803142*J1^1*J2^4+0.0057891301*J2^5+0,0.0026537276*J1^2*J2^3+-0.0074925424*J1^1*J2^4+0.0026537276*J2^5+0,0,0,0,0,0,0,0,0,0,0,0,0,0,0,0,0,0,0,0,0,0,0,0,0,0,0,0,0,0,0,0,0,0,0,0,0,0,0,0,0,0,0,0,0},
{0,0,0,0,0,0,0,0,0,0,0,0,0,0,0,0,0,0,0,0,0,0,0,0,0,0,0,0,0,0,0,0,0,0,0,0,0,0,0,0,0,0,0,0,0,0,0,0,0,0,0,0,0,0,0,0,-0.0034596247*J1^2*J2^3+-0.0003518066*J1^1*J2^4+-0.0034596247*J2^5+0,-0.0001623418*J1^2*J2^3+0.0041093656*J1^1*J2^4+-0.0001623418*J2^5+0,-0.0001015578*J1^2*J2^3+-0.0039948305*J1^1*J2^4+-0.0001015578*J2^5+0,0.0011862717*J1^2*J2^3+-0.0001874562*J1^1*J2^4+0.0011862717*J2^5+0,0,0,0,0,-0.0048926482*J1^2*J2^3+-0.0004975296*J1^1*J2^4+-0.0048926482*J2^5+0,-0.0002295860*J1^2*J2^3+0.0058115206*J1^1*J2^4+-0.0002295860*J2^5+0,-0.0001436244*J1^2*J2^3+-0.0056495435*J1^1*J2^4+-0.0001436244*J2^5+0,0.0016776415*J1^2*J2^3+-0.0002651030*J1^1*J2^4+0.0016776415*J2^5+0,0,0,0,0,0,0,0,0,0,0,0,0,0,0,0,0,0,0,0,0,0,0,0,0,0,0,0,0},
{0,0,0,0,0,0,0,0,0,0,0,0,0,0,0,0,0,0,0,0,0,0,0,0,0,0,0,0,0,0,0,0,0,0,0,0,0,0,0,0,0,0,0,0,0,0,0,0,0,0,0,0,0,0,0,0,-0.0001015578*J1^2*J2^3+-0.0039948305*J1^1*J2^4+-0.0001015578*J2^5+0,0.0011862717*J1^2*J2^3+-0.0001874562*J1^1*J2^4+0.0011862717*J2^5+0,-0.0033423559*J1^2*J2^3+0.0042610264*J1^1*J2^4+-0.0033423559*J2^5+0,-0.0015321303*J1^2*J2^3+0.0043258213*J1^1*J2^4+-0.0015321303*J2^5+0,0,0,0,0,-0.0001436244*J1^2*J2^3+-0.0056495435*J1^1*J2^4+-0.0001436244*J2^5+0,0.0016776415*J1^2*J2^3+-0.0002651030*J1^1*J2^4+0.0016776415*J2^5+0,-0.0047268050*J1^2*J2^3+0.0060260013*J1^1*J2^4+-0.0047268050*J2^5+0,-0.0021667595*J1^2*J2^3+0.0061176352*J1^1*J2^4+-0.0021667595*J2^5+0,0,0,0,0,0,0,0,0,0,0,0,0,0,0,0,0,0,0,0,0,0,0,0,0,0,0,0,0},
{0,0,0,0,0,0,0,0,0,0,0,0,0,0,0,0,0,0,0,0,0,0,0,0,0,0,0,0,0,0,0,0,0,0,0,0,0,0,0,0,0,0,0,0,0,0,0,0,0,0,0,0,0.0059922458*J1^2*J2^3+0.0006093469*J1^1*J2^4+0.0059922458*J2^5+0,0.0002811842*J1^2*J2^3+-0.0071176300*J1^1*J2^4+0.0002811842*J2^5+0,0.0001759033*J1^2*J2^3+0.0069192494*J1^1*J2^4+0.0001759033*J2^5+0,-0.0020546828*J1^2*J2^3+0.0003246836*J1^1*J2^4+-0.0020546828*J2^5+0,0,0,0,0,0,0,0,0,0,0,0,0,0,0,0,0,0,0,0,0,0,0,0,0,0,0,0,0,0,0,0,0,0,0,0,0,0,0,0,0},
{0,0,0,0,0,0,0,0,0,0,0,0,0,0,0,0,0,0,0,0,0,0,0,0,0,0,0,0,0,0,0,0,0,0,0,0,0,0,0,0,0,0,0,0,0,0,0,0,0,0,0,0,0.0001759033*J1^2*J2^3+0.0069192494*J1^1*J2^4+0.0001759033*J2^5+0,-0.0020546828*J1^2*J2^3+0.0003246836*J1^1*J2^4+-0.0020546828*J2^5+0,0.0057891301*J1^2*J2^3+-0.0073803142*J1^1*J2^4+0.0057891301*J2^5+0,0.0026537276*J1^2*J2^3+-0.0074925424*J1^1*J2^4+0.0026537276*J2^5+0,0,0,0,0,0,0,0,0,0,0,0,0,0,0,0,0,0,0,0,0,0,0,0,0,0,0,0,0,0,0,0,0,0,0,0,0,0,0,0,0},
{0,0,0,0,0,0,0,0,0,0,0,0,0,0,0,0,0,0,0,0,0,0,0,0,0,0,0,0,0,0,0,0,0,0,0,0,0,0,0,0,0,0,0,0,0,0,0,0,0,0,0,0,0,0,0,0,0,0,0,0,-0.0034596247*J1^2*J2^3+-0.0003518066*J1^1*J2^4+-0.0034596247*J2^5+0,-0.0001623418*J1^2*J2^3+0.0041093656*J1^1*J2^4+-0.0001623418*J2^5+0,-0.0001015578*J1^2*J2^3+-0.0039948305*J1^1*J2^4+-0.0001015578*J2^5+0,0.0011862717*J1^2*J2^3+-0.0001874562*J1^1*J2^4+0.0011862717*J2^5+0,0,0,0,0,-0.0048926482*J1^2*J2^3+-0.0004975296*J1^1*J2^4+-0.0048926482*J2^5+0,-0.0002295860*J1^2*J2^3+0.0058115206*J1^1*J2^4+-0.0002295860*J2^5+0,-0.0001436244*J1^2*J2^3+-0.0056495435*J1^1*J2^4+-0.0001436244*J2^5+0,0.0016776415*J1^2*J2^3+-0.0002651030*J1^1*J2^4+0.0016776415*J2^5+0,0,0,0,0,0,0,0,0,0,0,0,0,0,0,0,0,0,0,0,0,0,0,0,0},
{0,0,0,0,0,0,0,0,0,0,0,0,0,0,0,0,0,0,0,0,0,0,0,0,0,0,0,0,0,0,0,0,0,0,0,0,0,0,0,0,0,0,0,0,0,0,0,0,0,0,0,0,0,0,0,0,0,0,0,0,-0.0001015578*J1^2*J2^3+-0.0039948305*J1^1*J2^4+-0.0001015578*J2^5+0,0.0011862717*J1^2*J2^3+-0.0001874562*J1^1*J2^4+0.0011862717*J2^5+0,-0.0033423559*J1^2*J2^3+0.0042610264*J1^1*J2^4+-0.0033423559*J2^5+0,-0.0015321303*J1^2*J2^3+0.0043258213*J1^1*J2^4+-0.0015321303*J2^5+0,0,0,0,0,-0.0001436244*J1^2*J2^3+-0.0056495435*J1^1*J2^4+-0.0001436244*J2^5+0,0.0016776415*J1^2*J2^3+-0.0002651030*J1^1*J2^4+0.0016776415*J2^5+0,-0.0047268050*J1^2*J2^3+0.0060260013*J1^1*J2^4+-0.0047268050*J2^5+0,-0.0021667595*J1^2*J2^3+0.0061176352*J1^1*J2^4+-0.0021667595*J2^5+0,0,0,0,0,0,0,0,0,0,0,0,0,0,0,0,0,0,0,0,0,0,0,0,0},
{0,0,0,0,0,0,0,0,0,0,0,0,0,0,0,0,0,0,0,0,0,0,0,0,0,0,0,0,0,0,0,0,0,0,0,0,0,0,0,0,0,0,0,0,0,0,0,0,0.0034908552*J1^2*J2^3+-0.0053022636*J1^1*J2^4+0.0034908552*J2^5+0,0.0062122502*J1^2*J2^3+0.0018541490*J1^1*J2^4+0.0062122502*J2^5+0,-0.0015306317*J1^2*J2^3+0.0040308924*J1^1*J2^4+-0.0015306317*J2^5+0,0.0005352467*J1^2*J2^3+0.0071732886*J1^1*J2^4+0.0005352467*J2^5+0,0,0,0,0,0,0,0,0,0,0,0,0,0,0,0,0,0,0,0,0,0,0,0,0,0,0,0,0,0,0,0,0,0,0,0,0,0,0,0,0,0,0,0,0},
{0,0,0,0,0,0,0,0,0,0,0,0,0,0,0,0,0,0,0,0,0,0,0,0,0,0,0,0,0,0,0,0,0,0,0,0,0,0,0,0,0,0,0,0,0,0,0,0,-0.0015306317*J1^2*J2^3+0.0040308924*J1^1*J2^4+-0.0015306317*J2^5+0,0.0005352467*J1^2*J2^3+0.0071732886*J1^1*J2^4+0.0005352467*J2^5+0,0.0052582764*J1^2*J2^3+-0.0099567373*J1^1*J2^4+0.0052582764*J2^5+0,0.0055942005*J1^2*J2^3+-0.0064288513*J1^1*J2^4+0.0055942005*J2^5+0,0,0,0,0,0,0,0,0,0,0,0,0,0,0,0,0,0,0,0,0,0,0,0,0,0,0,0,0,0,0,0,0,0,0,0,0,0,0,0,0,0,0,0,0},
{0,0,0,0,0,0,0,0,0,0,0,0,0,0,0,0,0,0,0,0,0,0,0,0,0,0,0,0,0,0,0,0,0,0,0,0,0,0,0,0,0,0,0,0,0,0,0,0,0,0,0,0,0,0,0,0,-0.0020154462*J1^2*J2^3+0.0030612633*J1^1*J2^4+-0.0020154462*J2^5+0,-0.0035866443*J1^2*J2^3+-0.0010704934*J1^1*J2^4+-0.0035866443*J2^5+0,0.0008837106*J1^2*J2^3+-0.0023272368*J1^1*J2^4+0.0008837106*J2^5+0,-0.0003090248*J1^2*J2^3+-0.0041415001*J1^1*J2^4+-0.0003090248*J2^5+0,0,0,0,0,-0.0028502714*J1^2*J2^3+0.0043292801*J1^1*J2^4+-0.0028502714*J2^5+0,-0.0050722810*J1^2*J2^3+-0.0015139063*J1^1*J2^4+-0.0050722810*J2^5+0,0.0012497555*J1^2*J2^3+-0.0032912099*J1^1*J2^4+0.0012497555*J2^5+0,-0.0004370271*J1^2*J2^3+-0.0058569656*J1^1*J2^4+-0.0004370271*J2^5+0,0,0,0,0,0,0,0,0,0,0,0,0,0,0,0,0,0,0,0,0,0,0,0,0,0,0,0,0},
{0,0,0,0,0,0,0,0,0,0,0,0,0,0,0,0,0,0,0,0,0,0,0,0,0,0,0,0,0,0,0,0,0,0,0,0,0,0,0,0,0,0,0,0,0,0,0,0,0,0,0,0,0,0,0,0,0.0008837106*J1^2*J2^3+-0.0023272368*J1^1*J2^4+0.0008837106*J2^5+0,-0.0003090248*J1^2*J2^3+-0.0041415001*J1^1*J2^4+-0.0003090248*J2^5+0,-0.0030358673*J1^2*J2^3+0.0057485249*J1^1*J2^4+-0.0030358673*J2^5+0,-0.0032298132*J1^2*J2^3+0.0037116990*J1^1*J2^4+-0.0032298132*J2^5+0,0,0,0,0,0.0012497555*J1^2*J2^3+-0.0032912099*J1^1*J2^4+0.0012497555*J2^5+0,-0.0004370271*J1^2*J2^3+-0.0058569656*J1^1*J2^4+-0.0004370271*J2^5+0,-0.0042933647*J1^2*J2^3+0.0081296419*J1^1*J2^4+-0.0042933647*J2^5+0,-0.0045676456*J1^2*J2^3+0.0052491351*J1^1*J2^4+-0.0045676456*J2^5+0,0,0,0,0,0,0,0,0,0,0,0,0,0,0,0,0,0,0,0,0,0,0,0,0,0,0,0,0},
{0,0,0,0,0,0,0,0,0,0,0,0,0,0,0,0,0,0,0,0,0,0,0,0,0,0,0,0,0,0,0,0,0,0,0,0,0,0,0,0,0,0,0,0,0,0,0,0,0,0,0,0,0.0034908552*J1^2*J2^3+-0.0053022636*J1^1*J2^4+0.0034908552*J2^5+0,0.0062122502*J1^2*J2^3+0.0018541490*J1^1*J2^4+0.0062122502*J2^5+0,-0.0015306317*J1^2*J2^3+0.0040308924*J1^1*J2^4+-0.0015306317*J2^5+0,0.0005352467*J1^2*J2^3+0.0071732886*J1^1*J2^4+0.0005352467*J2^5+0,0,0,0,0,0,0,0,0,0,0,0,0,0,0,0,0,0,0,0,0,0,0,0,0,0,0,0,0,0,0,0,0,0,0,0,0,0,0,0,0},
{0,0,0,0,0,0,0,0,0,0,0,0,0,0,0,0,0,0,0,0,0,0,0,0,0,0,0,0,0,0,0,0,0,0,0,0,0,0,0,0,0,0,0,0,0,0,0,0,0,0,0,0,-0.0015306317*J1^2*J2^3+0.0040308924*J1^1*J2^4+-0.0015306317*J2^5+0,0.0005352467*J1^2*J2^3+0.0071732886*J1^1*J2^4+0.0005352467*J2^5+0,0.0052582764*J1^2*J2^3+-0.0099567373*J1^1*J2^4+0.0052582764*J2^5+0,0.0055942005*J1^2*J2^3+-0.0064288513*J1^1*J2^4+0.0055942005*J2^5+0,0,0,0,0,0,0,0,0,0,0,0,0,0,0,0,0,0,0,0,0,0,0,0,0,0,0,0,0,0,0,0,0,0,0,0,0,0,0,0,0},
{0,0,0,0,0,0,0,0,0,0,0,0,0,0,0,0,0,0,0,0,0,0,0,0,0,0,0,0,0,0,0,0,0,0,0,0,0,0,0,0,0,0,0,0,0,0,0,0,0,0,0,0,0,0,0,0,0,0,0,0,-0.0020154462*J1^2*J2^3+0.0030612633*J1^1*J2^4+-0.0020154462*J2^5+0,-0.0035866443*J1^2*J2^3+-0.0010704934*J1^1*J2^4+-0.0035866443*J2^5+0,0.0008837106*J1^2*J2^3+-0.0023272368*J1^1*J2^4+0.0008837106*J2^5+0,-0.0003090248*J1^2*J2^3+-0.0041415001*J1^1*J2^4+-0.0003090248*J2^5+0,0,0,0,0,-0.0028502714*J1^2*J2^3+0.0043292801*J1^1*J2^4+-0.0028502714*J2^5+0,-0.0050722810*J1^2*J2^3+-0.0015139063*J1^1*J2^4+-0.0050722810*J2^5+0,0.0012497555*J1^2*J2^3+-0.0032912099*J1^1*J2^4+0.0012497555*J2^5+0,-0.0004370271*J1^2*J2^3+-0.0058569656*J1^1*J2^4+-0.0004370271*J2^5+0,0,0,0,0,0,0,0,0,0,0,0,0,0,0,0,0,0,0,0,0,0,0,0,0},
{0,0,0,0,0,0,0,0,0,0,0,0,0,0,0,0,0,0,0,0,0,0,0,0,0,0,0,0,0,0,0,0,0,0,0,0,0,0,0,0,0,0,0,0,0,0,0,0,0,0,0,0,0,0,0,0,0,0,0,0,0.0008837106*J1^2*J2^3+-0.0023272368*J1^1*J2^4+0.0008837106*J2^5+0,-0.0003090248*J1^2*J2^3+-0.0041415001*J1^1*J2^4+-0.0003090248*J2^5+0,-0.0030358673*J1^2*J2^3+0.0057485249*J1^1*J2^4+-0.0030358673*J2^5+0,-0.0032298132*J1^2*J2^3+0.0037116990*J1^1*J2^4+-0.0032298132*J2^5+0,0,0,0,0,0.0012497555*J1^2*J2^3+-0.0032912099*J1^1*J2^4+0.0012497555*J2^5+0,-0.0004370271*J1^2*J2^3+-0.0058569656*J1^1*J2^4+-0.0004370271*J2^5+0,-0.0042933647*J1^2*J2^3+0.0081296419*J1^1*J2^4+-0.0042933647*J2^5+0,-0.0045676456*J1^2*J2^3+0.0052491351*J1^1*J2^4+-0.0045676456*J2^5+0,0,0,0,0,0,0,0,0,0,0,0,0,0,0,0,0,0,0,0,0,0,0,0,0},
{0,0,0,0,0,0,0,0,0,0,0,0,0,0,0,0,0,0,0,0,0,0,0,0,0,0,0,0,0,0,0,0,0,0,0,0,0,0,0,0,0,0,0,0,0,0,0,0,0.0007444029*J1^1*J2^4+0.0026704011*J2^5+0,-0.0015505012*J1^2*J2^3+-0.0043326590*J1^1*J2^4+-0.0002528048*J2^5+0,0.0015473689*J1^2*J2^3+0.0004297812*J1^1*J2^4+-0.0000056121*J2^5+0,-0.0030535663*J1^2*J2^3+-0.0025014618*J1^1*J2^4+0.0020124271*J2^5+0,0,0,0,0,0,0,0,0,0,0,0,0,0,0,0,0,0,0,0,0,0,0,0,0,0,0,0,0,0,0,0,0,0,0,0,0,0,0,0,0,0,0,0,0},
{0,0,0,0,0,0,0,0,0,0,0,0,0,0,0,0,0,0,0,0,0,0,0,0,0,0,0,0,0,0,0,0,0,0,0,0,0,0,0,0,0,0,0,0,0,0,0,0,-0.0015505012*J1^2*J2^3+0.0043326590*J1^1*J2^4+-0.0049077018*J2^5+0,-0.0017903646*J1^2*J2^3+-0.0002481343*J1^1*J2^4+-0.0038695536*J2^5+0,0.0000741464*J1^2*J2^3+0.0025014618*J1^1*J2^4+-0.0038027916*J2^5+0,-0.0022359585*J1^2*J2^3+-0.0001432604*J1^1*J2^4+-0.0010317968*J2^5+0,0,0,0,0,0,0,0,0,0,0,0,0,0,0,0,0,0,0,0,0,0,0,0,0,0,0,0,0,0,0,0,0,0,0,0,0,0,0,0,0,0,0,0,0},
{0,0,0,0,0,0,0,0,0,0,0,0,0,0,0,0,0,0,0,0,0,0,0,0,0,0,0,0,0,0,0,0,0,0,0,0,0,0,0,0,0,0,0,0,0,0,0,0,0,0,0,0,0,0,0,0,-0.0004297812*J1^1*J2^4+-0.0015417568*J2^5+0,0.0008951823*J1^2*J2^3+0.0025014618*J1^1*J2^4+0.0001459569*J2^5+0,-0.0008933738*J1^2*J2^3+-0.0002481343*J1^1*J2^4+0.0000032401*J2^5+0,0.0017629773*J1^2*J2^3+0.0014442197*J1^1*J2^4+-0.0011618753*J2^5+0,0,0,0,0,-0.0006078024*J1^1*J2^4+-0.0021803734*J2^5+0,0.0012659789*J1^2*J2^3+0.0035376012*J1^1*J2^4+0.0002064142*J2^5+0,-0.0012634214*J1^2*J2^3+-0.0003509149*J1^1*J2^4+0.0000045822*J2^5+0,0.0024932264*J1^2*J2^3+0.0020424350*J1^1*J2^4+-0.0016431398*J2^5+0,0,0,0,0,0,0,0,0,0,0,0,0,0,0,0,0,0,0,0,0,0,0,0,0,0,0,0,0},
{0,0,0,0,0,0,0,0,0,0,0,0,0,0,0,0,0,0,0,0,0,0,0,0,0,0,0,0,0,0,0,0,0,0,0,0,0,0,0,0,0,0,0,0,0,0,0,0,0,0,0,0,0,0,0,0,0.0008951823*J1^2*J2^3+-0.0025014618*J1^1*J2^4+0.0028334629*J2^5+0,0.0010336675*J1^2*J2^3+0.0001432604*J1^1*J2^4+0.0022340878*J2^5+0,-0.0000428085*J1^2*J2^3+-0.0014442197*J1^1*J2^4+0.0021955428*J2^5+0,0.0012909312*J1^2*J2^3+0.0000827114*J1^1*J2^4+0.0005957081*J2^5+0,0,0,0,0,0.0012659789*J1^2*J2^3+-0.0035376012*J1^1*J2^4+0.0040071217*J2^5+0,0.0014618266*J1^2*J2^3+0.0002026008*J1^1*J2^4+0.0031594772*J2^5+0,-0.0000605403*J1^2*J2^3+-0.0020424350*J1^1*J2^4+0.0031049664*J2^5+0,0.0018256525*J1^2*J2^3+0.0001169716*J1^1*J2^4+0.0008424585*J2^5+0,0,0,0,0,0,0,0,0,0,0,0,0,0,0,0,0,0,0,0,0,0,0,0,0,0,0,0,0},
{0,0,0,0,0,0,0,0,0,0,0,0,0,0,0,0,0,0,0,0,0,0,0,0,0,0,0,0,0,0,0,0,0,0,0,0,0,0,0,0,0,0,0,0,0,0,0,0,0,0,0,0,0.0007444029*J1^1*J2^4+0.0026704011*J2^5+0,-0.0015505012*J1^2*J2^3+-0.0043326590*J1^1*J2^4+-0.0002528048*J2^5+0,0.0015473689*J1^2*J2^3+0.0004297812*J1^1*J2^4+-0.0000056121*J2^5+0,-0.0030535663*J1^2*J2^3+-0.0025014618*J1^1*J2^4+0.0020124271*J2^5+0,0,0,0,0,0,0,0,0,0,0,0,0,0,0,0,0,0,0,0,0,0,0,0,0,0,0,0,0,0,0,0,0,0,0,0,0,0,0,0,0},
{0,0,0,0,0,0,0,0,0,0,0,0,0,0,0,0,0,0,0,0,0,0,0,0,0,0,0,0,0,0,0,0,0,0,0,0,0,0,0,0,0,0,0,0,0,0,0,0,0,0,0,0,-0.0015505012*J1^2*J2^3+0.0043326590*J1^1*J2^4+-0.0049077018*J2^5+0,-0.0017903646*J1^2*J2^3+-0.0002481343*J1^1*J2^4+-0.0038695536*J2^5+0,0.0000741464*J1^2*J2^3+0.0025014618*J1^1*J2^4+-0.0038027916*J2^5+0,-0.0022359585*J1^2*J2^3+-0.0001432604*J1^1*J2^4+-0.0010317968*J2^5+0,0,0,0,0,0,0,0,0,0,0,0,0,0,0,0,0,0,0,0,0,0,0,0,0,0,0,0,0,0,0,0,0,0,0,0,0,0,0,0,0},
{0,0,0,0,0,0,0,0,0,0,0,0,0,0,0,0,0,0,0,0,0,0,0,0,0,0,0,0,0,0,0,0,0,0,0,0,0,0,0,0,0,0,0,0,0,0,0,0,0,0,0,0,0,0,0,0,0,0,0,0,-0.0004297812*J1^1*J2^4+-0.0015417568*J2^5+0,0.0008951823*J1^2*J2^3+0.0025014618*J1^1*J2^4+0.0001459569*J2^5+0,-0.0008933738*J1^2*J2^3+-0.0002481343*J1^1*J2^4+0.0000032401*J2^5+0,0.0017629773*J1^2*J2^3+0.0014442197*J1^1*J2^4+-0.0011618753*J2^5+0,0,0,0,0,-0.0006078024*J1^1*J2^4+-0.0021803734*J2^5+0,0.0012659789*J1^2*J2^3+0.0035376012*J1^1*J2^4+0.0002064142*J2^5+0,-0.0012634214*J1^2*J2^3+-0.0003509149*J1^1*J2^4+0.0000045822*J2^5+0,0.0024932264*J1^2*J2^3+0.0020424350*J1^1*J2^4+-0.0016431398*J2^5+0,0,0,0,0,0,0,0,0,0,0,0,0,0,0,0,0,0,0,0,0,0,0,0,0},
{0,0,0,0,0,0,0,0,0,0,0,0,0,0,0,0,0,0,0,0,0,0,0,0,0,0,0,0,0,0,0,0,0,0,0,0,0,0,0,0,0,0,0,0,0,0,0,0,0,0,0,0,0,0,0,0,0,0,0,0,0.0008951823*J1^2*J2^3+-0.0025014618*J1^1*J2^4+0.0028334629*J2^5+0,0.0010336675*J1^2*J2^3+0.0001432604*J1^1*J2^4+0.0022340878*J2^5+0,-0.0000428085*J1^2*J2^3+-0.0014442197*J1^1*J2^4+0.0021955428*J2^5+0,0.0012909312*J1^2*J2^3+0.0000827114*J1^1*J2^4+0.0005957081*J2^5+0,0,0,0,0,0.0012659789*J1^2*J2^3+-0.0035376012*J1^1*J2^4+0.0040071217*J2^5+0,0.0014618266*J1^2*J2^3+0.0002026008*J1^1*J2^4+0.0031594772*J2^5+0,-0.0000605403*J1^2*J2^3+-0.0020424350*J1^1*J2^4+0.0031049664*J2^5+0,0.0018256525*J1^2*J2^3+0.0001169716*J1^1*J2^4+0.0008424585*J2^5+0,0,0,0,0,0,0,0,0,0,0,0,0,0,0,0,0,0,0,0,0,0,0,0,0},
{0,0,0,0,0,0,0,0,0,0,0,0,0,0,0,0,0,0,0,0,0,0,0,0,0,0,0,0,0,0,0,0,0,0,0,0,0,0,0,0,0,0,0,0,0,0,0,0,-0.0026704011*J1^2*J2^3+-0.0007444029*J1^1*J2^4+0,0.0002528048*J1^2*J2^3+0.0043326590*J1^1*J2^4+0.0015505012*J2^5+0,0.0000056121*J1^2*J2^3+-0.0004297812*J1^1*J2^4+-0.0015473689*J2^5+0,-0.0020124271*J1^2*J2^3+0.0025014618*J1^1*J2^4+0.0030535663*J2^5+0,0,0,0,0,0,0,0,0,0,0,0,0,0,0,0,0,0,0,0,0,0,0,0,0,0,0,0,0,0,0,0,0,0,0,0,0,0,0,0,0,0,0,0,0},
{0,0,0,0,0,0,0,0,0,0,0,0,0,0,0,0,0,0,0,0,0,0,0,0,0,0,0,0,0,0,0,0,0,0,0,0,0,0,0,0,0,0,0,0,0,0,0,0,0.0049077018*J1^2*J2^3+-0.0043326590*J1^1*J2^4+0.0015505012*J2^5+0,0.0038695536*J1^2*J2^3+0.0002481343*J1^1*J2^4+0.0017903646*J2^5+0,0.0038027916*J1^2*J2^3+-0.0025014618*J1^1*J2^4+-0.0000741464*J2^5+0,0.0010317968*J1^2*J2^3+0.0001432604*J1^1*J2^4+0.0022359585*J2^5+0,0,0,0,0,0,0,0,0,0,0,0,0,0,0,0,0,0,0,0,0,0,0,0,0,0,0,0,0,0,0,0,0,0,0,0,0,0,0,0,0,0,0,0,0},
{0,0,0,0,0,0,0,0,0,0,0,0,0,0,0,0,0,0,0,0,0,0,0,0,0,0,0,0,0,0,0,0,0,0,0,0,0,0,0,0,0,0,0,0,0,0,0,0,0,0,0,0,0,0,0,0,0.0015417568*J1^2*J2^3+0.0004297812*J1^1*J2^4+0,-0.0001459569*J1^2*J2^3+-0.0025014618*J1^1*J2^4+-0.0008951823*J2^5+0,-0.0000032401*J1^2*J2^3+0.0002481343*J1^1*J2^4+0.0008933738*J2^5+0,0.0011618753*J1^2*J2^3+-0.0014442197*J1^1*J2^4+-0.0017629773*J2^5+0,0,0,0,0,0.0021803734*J1^2*J2^3+0.0006078024*J1^1*J2^4+0,-0.0002064142*J1^2*J2^3+-0.0035376012*J1^1*J2^4+-0.0012659789*J2^5+0,-0.0000045822*J1^2*J2^3+0.0003509149*J1^1*J2^4+0.0012634214*J2^5+0,0.0016431398*J1^2*J2^3+-0.0020424350*J1^1*J2^4+-0.0024932264*J2^5+0,0,0,0,0,0,0,0,0,0,0,0,0,0,0,0,0,0,0,0,0,0,0,0,0,0,0,0,0},
{0,0,0,0,0,0,0,0,0,0,0,0,0,0,0,0,0,0,0,0,0,0,0,0,0,0,0,0,0,0,0,0,0,0,0,0,0,0,0,0,0,0,0,0,0,0,0,0,0,0,0,0,0,0,0,0,-0.0028334629*J1^2*J2^3+0.0025014618*J1^1*J2^4+-0.0008951823*J2^5+0,-0.0022340878*J1^2*J2^3+-0.0001432604*J1^1*J2^4+-0.0010336675*J2^5+0,-0.0021955428*J1^2*J2^3+0.0014442197*J1^1*J2^4+0.0000428085*J2^5+0,-0.0005957081*J1^2*J2^3+-0.0000827114*J1^1*J2^4+-0.0012909312*J2^5+0,0,0,0,0,-0.0040071217*J1^2*J2^3+0.0035376012*J1^1*J2^4+-0.0012659789*J2^5+0,-0.0031594772*J1^2*J2^3+-0.0002026008*J1^1*J2^4+-0.0014618266*J2^5+0,-0.0031049664*J1^2*J2^3+0.0020424350*J1^1*J2^4+0.0000605403*J2^5+0,-0.0008424585*J1^2*J2^3+-0.0001169716*J1^1*J2^4+-0.0018256525*J2^5+0,0,0,0,0,0,0,0,0,0,0,0,0,0,0,0,0,0,0,0,0,0,0,0,0,0,0,0,0},
{0,0,0,0,0,0,0,0,0,0,0,0,0,0,0,0,0,0,0,0,0,0,0,0,0,0,0,0,0,0,0,0,0,0,0,0,0,0,0,0,0,0,0,0,0,0,0,0,0,0,0,0,-0.0026704011*J1^2*J2^3+-0.0007444029*J1^1*J2^4+0,0.0002528048*J1^2*J2^3+0.0043326590*J1^1*J2^4+0.0015505012*J2^5+0,0.0000056121*J1^2*J2^3+-0.0004297812*J1^1*J2^4+-0.0015473689*J2^5+0,-0.0020124271*J1^2*J2^3+0.0025014618*J1^1*J2^4+0.0030535663*J2^5+0,0,0,0,0,0,0,0,0,0,0,0,0,0,0,0,0,0,0,0,0,0,0,0,0,0,0,0,0,0,0,0,0,0,0,0,0,0,0,0,0},
{0,0,0,0,0,0,0,0,0,0,0,0,0,0,0,0,0,0,0,0,0,0,0,0,0,0,0,0,0,0,0,0,0,0,0,0,0,0,0,0,0,0,0,0,0,0,0,0,0,0,0,0,0.0049077018*J1^2*J2^3+-0.0043326590*J1^1*J2^4+0.0015505012*J2^5+0,0.0038695536*J1^2*J2^3+0.0002481343*J1^1*J2^4+0.0017903646*J2^5+0,0.0038027916*J1^2*J2^3+-0.0025014618*J1^1*J2^4+-0.0000741464*J2^5+0,0.0010317968*J1^2*J2^3+0.0001432604*J1^1*J2^4+0.0022359585*J2^5+0,0,0,0,0,0,0,0,0,0,0,0,0,0,0,0,0,0,0,0,0,0,0,0,0,0,0,0,0,0,0,0,0,0,0,0,0,0,0,0,0},
{0,0,0,0,0,0,0,0,0,0,0,0,0,0,0,0,0,0,0,0,0,0,0,0,0,0,0,0,0,0,0,0,0,0,0,0,0,0,0,0,0,0,0,0,0,0,0,0,0,0,0,0,0,0,0,0,0,0,0,0,0.0015417568*J1^2*J2^3+0.0004297812*J1^1*J2^4+0,-0.0001459569*J1^2*J2^3+-0.0025014618*J1^1*J2^4+-0.0008951823*J2^5+0,-0.0000032401*J1^2*J2^3+0.0002481343*J1^1*J2^4+0.0008933738*J2^5+0,0.0011618753*J1^2*J2^3+-0.0014442197*J1^1*J2^4+-0.0017629773*J2^5+0,0,0,0,0,0.0021803734*J1^2*J2^3+0.0006078024*J1^1*J2^4+0,-0.0002064142*J1^2*J2^3+-0.0035376012*J1^1*J2^4+-0.0012659789*J2^5+0,-0.0000045822*J1^2*J2^3+0.0003509149*J1^1*J2^4+0.0012634214*J2^5+0,0.0016431398*J1^2*J2^3+-0.0020424350*J1^1*J2^4+-0.0024932264*J2^5+0,0,0,0,0,0,0,0,0,0,0,0,0,0,0,0,0,0,0,0,0,0,0,0,0},
{0,0,0,0,0,0,0,0,0,0,0,0,0,0,0,0,0,0,0,0,0,0,0,0,0,0,0,0,0,0,0,0,0,0,0,0,0,0,0,0,0,0,0,0,0,0,0,0,0,0,0,0,0,0,0,0,0,0,0,0,-0.0028334629*J1^2*J2^3+0.0025014618*J1^1*J2^4+-0.0008951823*J2^5+0,-0.0022340878*J1^2*J2^3+-0.0001432604*J1^1*J2^4+-0.0010336675*J2^5+0,-0.0021955428*J1^2*J2^3+0.0014442197*J1^1*J2^4+0.0000428085*J2^5+0,-0.0005957081*J1^2*J2^3+-0.0000827114*J1^1*J2^4+-0.0012909312*J2^5+0,0,0,0,0,-0.0040071217*J1^2*J2^3+0.0035376012*J1^1*J2^4+-0.0012659789*J2^5+0,-0.0031594772*J1^2*J2^3+-0.0002026008*J1^1*J2^4+-0.0014618266*J2^5+0,-0.0031049664*J1^2*J2^3+0.0020424350*J1^1*J2^4+0.0000605403*J2^5+0,-0.0008424585*J1^2*J2^3+-0.0001169716*J1^1*J2^4+-0.0018256525*J2^5+0,0,0,0,0,0,0,0,0,0,0,0,0,0,0,0,0,0,0,0,0,0,0,0,0},
{0,0,0,0,0,0,0,0,0,0,0,0,0,0,0,0,0,0,0,0,0,0,0,0,0,0,0,0,0,0,0,0,0,0,0,0,0,0,0,0,0,0,0,0,0,0,0,0,0.0000068734*J1^2*J2^3+-0.0000068734*J2^5+0,-0.0035610796*J1^2*J2^3+0.0035610796*J2^5+0,-0.0021843417*J1^2*J2^3+0.0021843417*J2^5+0,0.0009964256*J1^2*J2^3+-0.0009964256*J2^5+0,0,0,0,0,0,0,0,0,0,0,0,0,0,0,0,0,0,0,0,0,0,0,0,0,0,0,0,0,0,0,0,0,0,0,0,0,0,0,0,0,0,0,0,0},
{0,0,0,0,0,0,0,0,0,0,0,0,0,0,0,0,0,0,0,0,0,0,0,0,0,0,0,0,0,0,0,0,0,0,0,0,0,0,0,0,0,0,0,0,0,0,0,0,0.0035610796*J1^2*J2^3+-0.0035610796*J2^5+0,-0.0000022911*J1^2*J2^3+0.0000022911*J2^5+0,0.0006851525*J1^2*J2^3+-0.0006851525*J2^5+0,0.0016989735*J1^2*J2^3+-0.0016989735*J2^5+0,0,0,0,0,0,0,0,0,0,0,0,0,0,0,0,0,0,0,0,0,0,0,0,0,0,0,0,0,0,0,0,0,0,0,0,0,0,0,0,0,0,0,0,0},
{0,0,0,0,0,0,0,0,0,0,0,0,0,0,0,0,0,0,0,0,0,0,0,0,0,0,0,0,0,0,0,0,0,0,0,0,0,0,0,0,0,0,0,0,0,0,0,0,0,0,0,0,0,0,0,0,-0.0000039683*J1^2*J2^3+0.0000039683*J2^5+0,0.0020559903*J1^2*J2^3+-0.0020559903*J2^5+0,0.0012611303*J1^2*J2^3+-0.0012611303*J2^5+0,-0.0005752866*J1^2*J2^3+0.0005752866*J2^5+0,0,0,0,0,-0.0000056121*J1^2*J2^3+0.0000056121*J2^5+0,0.0029076094*J1^2*J2^3+-0.0029076094*J2^5+0,0.0017835075*J1^2*J2^3+-0.0017835075*J2^5+0,-0.0008135781*J1^2*J2^3+0.0008135781*J2^5+0,0,0,0,0,0,0,0,0,0,0,0,0,0,0,0,0,0,0,0,0,0,0,0,0,0,0,0,0},
{0,0,0,0,0,0,0,0,0,0,0,0,0,0,0,0,0,0,0,0,0,0,0,0,0,0,0,0,0,0,0,0,0,0,0,0,0,0,0,0,0,0,0,0,0,0,0,0,0,0,0,0,0,0,0,0,-0.0020559903*J1^2*J2^3+0.0020559903*J2^5+0,0.0000013228*J1^2*J2^3+-0.0000013228*J2^5+0,-0.0003955730*J1^2*J2^3+0.0003955730*J2^5+0,-0.0009809028*J1^2*J2^3+0.0009809028*J2^5+0,0,0,0,0,-0.0029076094*J1^2*J2^3+0.0029076094*J2^5+0,0.0000018707*J1^2*J2^3+-0.0000018707*J2^5+0,-0.0005594247*J1^2*J2^3+0.0005594247*J2^5+0,-0.0013872060*J1^2*J2^3+0.0013872060*J2^5+0,0,0,0,0,0,0,0,0,0,0,0,0,0,0,0,0,0,0,0,0,0,0,0,0,0,0,0,0},
{0,0,0,0,0,0,0,0,0,0,0,0,0,0,0,0,0,0,0,0,0,0,0,0,0,0,0,0,0,0,0,0,0,0,0,0,0,0,0,0,0,0,0,0,0,0,0,0,0,0,0,0,0.0000068734*J1^2*J2^3+-0.0000068734*J2^5+0,-0.0035610796*J1^2*J2^3+0.0035610796*J2^5+0,-0.0021843417*J1^2*J2^3+0.0021843417*J2^5+0,0.0009964256*J1^2*J2^3+-0.0009964256*J2^5+0,0,0,0,0,0,0,0,0,0,0,0,0,0,0,0,0,0,0,0,0,0,0,0,0,0,0,0,0,0,0,0,0,0,0,0,0,0,0,0,0},
{0,0,0,0,0,0,0,0,0,0,0,0,0,0,0,0,0,0,0,0,0,0,0,0,0,0,0,0,0,0,0,0,0,0,0,0,0,0,0,0,0,0,0,0,0,0,0,0,0,0,0,0,0.0035610796*J1^2*J2^3+-0.0035610796*J2^5+0,-0.0000022911*J1^2*J2^3+0.0000022911*J2^5+0,0.0006851525*J1^2*J2^3+-0.0006851525*J2^5+0,0.0016989735*J1^2*J2^3+-0.0016989735*J2^5+0,0,0,0,0,0,0,0,0,0,0,0,0,0,0,0,0,0,0,0,0,0,0,0,0,0,0,0,0,0,0,0,0,0,0,0,0,0,0,0,0},
{0,0,0,0,0,0,0,0,0,0,0,0,0,0,0,0,0,0,0,0,0,0,0,0,0,0,0,0,0,0,0,0,0,0,0,0,0,0,0,0,0,0,0,0,0,0,0,0,0,0,0,0,0,0,0,0,0,0,0,0,-0.0000039683*J1^2*J2^3+0.0000039683*J2^5+0,0.0020559903*J1^2*J2^3+-0.0020559903*J2^5+0,0.0012611303*J1^2*J2^3+-0.0012611303*J2^5+0,-0.0005752866*J1^2*J2^3+0.0005752866*J2^5+0,0,0,0,0,-0.0000056121*J1^2*J2^3+0.0000056121*J2^5+0,0.0029076094*J1^2*J2^3+-0.0029076094*J2^5+0,0.0017835075*J1^2*J2^3+-0.0017835075*J2^5+0,-0.0008135781*J1^2*J2^3+0.0008135781*J2^5+0,0,0,0,0,0,0,0,0,0,0,0,0,0,0,0,0,0,0,0,0,0,0,0,0},
{0,0,0,0,0,0,0,0,0,0,0,0,0,0,0,0,0,0,0,0,0,0,0,0,0,0,0,0,0,0,0,0,0,0,0,0,0,0,0,0,0,0,0,0,0,0,0,0,0,0,0,0,0,0,0,0,0,0,0,0,-0.0020559903*J1^2*J2^3+0.0020559903*J2^5+0,0.0000013228*J1^2*J2^3+-0.0000013228*J2^5+0,-0.0003955730*J1^2*J2^3+0.0003955730*J2^5+0,-0.0009809028*J1^2*J2^3+0.0009809028*J2^5+0,0,0,0,0,-0.0029076094*J1^2*J2^3+0.0029076094*J2^5+0,0.0000018707*J1^2*J2^3+-0.0000018707*J2^5+0,-0.0005594247*J1^2*J2^3+0.0005594247*J2^5+0,-0.0013872060*J1^2*J2^3+0.0013872060*J2^5+0,0,0,0,0,0,0,0,0,0,0,0,0,0,0,0,0,0,0,0,0,0,0,0,0},
{-0.0030885296*J1^2*J2^3+0.0005320859*J1^1*J2^4+-0.0030885296*J2^5+0,0.0001536000*J1^2*J2^3+-0.0035663268*J1^1*J2^4+0.0001536000*J2^5+0,0,0,0,0,0,0,-0.0020337015*J1^2*J2^3+0.0010748216*J1^1*J2^4+-0.0020337015*J2^5+0,0.0003102743*J1^2*J2^3+-0.0023483162*J1^1*J2^4+0.0003102743*J2^5+0,0,0,0,0,0,0,-0.0042577955*J1^2*J2^3+0.0007972399*J1^1*J2^4+-0.0042577955*J2^5+0,0.0002301433*J1^2*J2^3+-0.0049164787*J1^1*J2^4+0.0002301433*J2^5+0,0,0,0,0,0,0,-0.0004028320*J1^1*J2^4+-0.0008594654*J2^5+0,0.0022552745*J1^2*J2^3+-0.0011221557*J1^1*J2^4+0.0008068349*J2^5+0,0,0,0,0,0,0,0.0008594654*J1^2*J2^3+0.0004028320*J1^1*J2^4+0,-0.0008068349*J1^2*J2^3+0.0011221557*J1^1*J2^4+-0.0022552745*J2^5+0,0,0,0,0,0,0,-0.0006269153*J1^2*J2^3+0.0006269153*J2^5+0,0.0000057218*J1^2*J2^3+-0.0000057218*J2^5+0,0,0,0,0,0,0,0,0,0,0,0,0,0,0,0,0,0,0,0,0,0,0,0,0,0,0,0,0,0,0,0,0,0,0,0,0,0,0,-0.0019395616*J1^2*J2^3+-0.0036250362*J1^1*J2^4+-0.0019395616*J2^5+0,-0.0020720334*J1^2*J2^3+-0.0024437361*J1^1*J2^4+-0.0020720334*J2^5+0,-0.0010464578*J1^2*J2^3+-0.0022396129*J1^1*J2^4+-0.0010464578*J2^5+0,-0.0007054458*J1^2*J2^3+-0.0023925781*J1^1*J2^4+-0.0007054458*J2^5+0,0,0,0,0,0,0,0,0,0,0,0,0},
{-0.0023023174*J1^2*J2^3+-0.0019144311*J1^1*J2^4+-0.0023023174*J2^5+0,-0.0005526486*J1^2*J2^3+-0.0026584871*J1^1*J2^4+-0.0005526486*J2^5+0,0,0,0,0,0,0,0.0020619984*J1^2*J2^3+0.0009581436*J1^1*J2^4+0.0020619984*J2^5+0,0.0002765922*J1^2*J2^3+0.0023809907*J1^1*J2^4+0.0002765922*J2^5+0,0,0,0,0,0,0,-0.0043794503*J1^2*J2^3+0.0017925012*J1^1*J2^4+-0.0043794503*J2^5+0,0.0005174505*J1^2*J2^3+-0.0050569536*J1^1*J2^4+0.0005174505*J2^5+0,0,0,0,0,0,0,0.0022552745*J1^2*J2^3+0.0011221557*J1^1*J2^4+0.0014327780*J2^5+0,0.0026041667*J1^2*J2^3+0.0001342773*J1^1*J2^4+0.0015795296*J2^5+0,0,0,0,0,0,0,-0.0014327780*J1^2*J2^3+-0.0011221557*J1^1*J2^4+-0.0022552745*J2^5+0,-0.0015795296*J1^2*J2^3+-0.0001342773*J1^1*J2^4+-0.0026041667*J2^5+0,0,0,0,0,0,0,-0.0000057218*J1^2*J2^3+0.0000057218*J2^5+0,0.0002089718*J1^2*J2^3+-0.0002089718*J2^5+0,0,0,0,0,0,0,0,0,0,0,0,0,0,0,0,0,0,0,0,0,0,0,0,0,0,0,0,0,0,0,0,0,0,0,0,0,0,0,-0.0014460904*J1^2*J2^3+0.0024437361*J1^1*J2^4+-0.0014460904*J2^5+0,-0.0013846692*J1^2*J2^3+0.0012083454*J1^1*J2^4+-0.0013846692*J2^5+0,0.0007054458*J1^2*J2^3+-0.0016698013*J1^1*J2^4+0.0007054458*J2^5+0,0.0003488193*J1^2*J2^3+-0.0015988782*J1^1*J2^4+0.0003488193*J2^5+0,0,0,0,0,0,0,0,0,0,0,0,0},
{0.0001536000*J1^2*J2^3+-0.0035663268*J1^1*J2^4+0.0001536000*J2^5+0,-0.0032658916*J1^2*J2^3+0.0046501254*J1^1*J2^4+-0.0032658916*J2^5+0,0,0,0,0,0,0,0.0003102743*J1^2*J2^3+-0.0023483162*J1^1*J2^4+0.0003102743*J2^5+0,-0.0023919753*J1^2*J2^3+0.0037864235*J1^1*J2^4+-0.0023919753*J2^5+0,0,0,0,0,0,0,0.0002301433*J1^2*J2^3+-0.0049164787*J1^1*J2^4+0.0002301433*J2^5+0,-0.0045235421*J1^2*J2^3+0.0064743006*J1^1*J2^4+-0.0045235421*J2^5+0,0,0,0,0,0,0,-0.0010080868*J1^2*J2^3+-0.0002325752*J1^1*J2^4+0.0005118742*J2^5+0,0.0004704982*J1^2*J2^3+-0.0006478769*J1^1*J2^4+0.0012974115*J2^5+0,0,0,0,0,0,0,-0.0005118742*J1^2*J2^3+0.0002325752*J1^1*J2^4+0.0010080868*J2^5+0,-0.0012974115*J1^2*J2^3+0.0006478769*J1^1*J2^4+-0.0004704982*J2^5+0,0,0,0,0,0,0,0.0010637003*J1^2*J2^3+-0.0010637003*J2^5+0,0.0011793425*J1^2*J2^3+-0.0011793425*J2^5+0,0,0,0,0,0,0,0,0,0,0,0,0,0,0,0,0,0,0,0,0,0,0,0,0,0,0,0,0,0,0,0,0,0,0,0,0,0,0,-0.0010464578*J1^2*J2^3+-0.0022396129*J1^1*J2^4+-0.0010464578*J2^5+0,-0.0007054458*J1^2*J2^3+-0.0023925781*J1^1*J2^4+-0.0007054458*J2^5+0,-0.0007312162*J1^2*J2^3+-0.0010389540*J1^1*J2^4+-0.0007312162*J2^5+0,-0.0012574547*J1^2*J2^3+0.0003189752*J1^1*J2^4+-0.0012574547*J2^5+0,0,0,0,0,0,0,0,0,0,0,0,0},
{-0.0005526486*J1^2*J2^3+-0.0026584871*J1^1*J2^4+-0.0005526486*J2^5+0,-0.0016641737*J1^2*J2^3+0.0011553255*J1^1*J2^4+-0.0016641737*J2^5+0,0,0,0,0,0,0,0.0002765922*J1^2*J2^3+0.0023809907*J1^1*J2^4+0.0002765922*J2^5+0,0.0017426172*J1^2*J2^3+-0.0017911876*J1^1*J2^4+0.0017426172*J2^5+0,0,0,0,0,0,0,0.0005174505*J1^2*J2^3+-0.0050569536*J1^1*J2^4+0.0005174505*J2^5+0,-0.0049769507*J1^2*J2^3+0.0076317683*J1^1*J2^4+-0.0049769507*J2^5+0,0,0,0,0,0,0,0.0008225429*J1^2*J2^3+0.0006478769*J1^1*J2^4+0.0013067552*J2^5+0,0.0010825666*J1^2*J2^3+0.0000775251*J1^1*J2^4+0.0013328916*J2^5+0,0,0,0,0,0,0,-0.0013067552*J1^2*J2^3+-0.0006478769*J1^1*J2^4+-0.0008225429*J2^5+0,-0.0013328916*J1^2*J2^3+-0.0000775251*J1^1*J2^4+-0.0010825666*J2^5+0,0,0,0,0,0,0,0.0006748691*J1^2*J2^3+-0.0006748691*J2^5+0,0.0007159628*J1^2*J2^3+-0.0007159628*J2^5+0,0,0,0,0,0,0,0,0,0,0,0,0,0,0,0,0,0,0,0,0,0,0,0,0,0,0,0,0,0,0,0,0,0,0,0,0,0,0,0.0007054458*J1^2*J2^3+-0.0016698013*J1^1*J2^4+0.0007054458*J2^5+0,0.0003488193*J1^2*J2^3+-0.0015988782*J1^1*J2^4+0.0003488193*J2^5+0,-0.0022606690*J1^2*J2^3+0.0043718566*J1^1*J2^4+-0.0022606690*J2^5+0,-0.0017874510*J1^2*J2^3+0.0030545710*J1^1*J2^4+-0.0017874510*J2^5+0,0,0,0,0,0,0,0,0,0,0,0,0},
{0,0,0,0,-0.0030885296*J1^2*J2^3+0.0005320859*J1^1*J2^4+-0.0030885296*J2^5+0,0.0001536000*J1^2*J2^3+-0.0035663268*J1^1*J2^4+0.0001536000*J2^5+0,0,0,0,0,0,0,-0.0020337015*J1^2*J2^3+0.0010748216*J1^1*J2^4+-0.0020337015*J2^5+0,0.0003102743*J1^2*J2^3+-0.0023483162*J1^1*J2^4+0.0003102743*J2^5+0,0,0,0,0,0,0,-0.0042577955*J1^2*J2^3+0.0007972399*J1^1*J2^4+-0.0042577955*J2^5+0,0.0002301433*J1^2*J2^3+-0.0049164787*J1^1*J2^4+0.0002301433*J2^5+0,0,0,0,0,0,0,-0.0004028320*J1^1*J2^4+-0.0008594654*J2^5+0,0.0022552745*J1^2*J2^3+-0.0011221557*J1^1*J2^4+0.0008068349*J2^5+0,0,0,0,0,0,0,0.0008594654*J1^2*J2^3+0.0004028320*J1^1*J2^4+0,-0.0008068349*J1^2*J2^3+0.0011221557*J1^1*J2^4+-0.0022552745*J2^5+0,0,0,0,0,0,0,-0.0006269153*J1^2*J2^3+0.0006269153*J2^5+0,0.0000057218*J1^2*J2^3+-0.0000057218*J2^5+0,0,0,0,0,0,0,0,0,0,0,0,0,0,0,0,0,0,0,0,0,0,0,0,0,0,0,0.0011198064*J1^2*J2^3+0.0020929156*J1^1*J2^4+0.0011198064*J2^5+0,0.0011962891*J1^2*J2^3+0.0014108917*J1^1*J2^4+0.0011962891*J2^5+0,0.0006041727*J1^2*J2^3+0.0012930411*J1^1*J2^4+0.0006041727*J2^5+0,0.0004072893*J1^2*J2^3+0.0013813556*J1^1*J2^4+0.0004072893*J2^5+0,0,0,0,0,0,0,0,0,0,0,0,0,-0.0015836454*J1^2*J2^3+-0.0029598296*J1^1*J2^4+-0.0015836454*J2^5+0,-0.0016918082*J1^2*J2^3+-0.0019953022*J1^1*J2^4+-0.0016918082*J2^5+0,-0.0008544292*J1^2*J2^3+-0.0018286362*J1^1*J2^4+-0.0008544292*J2^5+0,-0.0005759941*J1^2*J2^3+-0.0019535319*J1^1*J2^4+-0.0005759941*J2^5+0,0,0,0,0},
{0,0,0,0,-0.0023023174*J1^2*J2^3+-0.0019144311*J1^1*J2^4+-0.0023023174*J2^5+0,-0.0005526486*J1^2*J2^3+-0.0026584871*J1^1*J2^4+-0.0005526486*J2^5+0,0,0,0,0,0,0,0.0020619984*J1^2*J2^3+0.0009581436*J1^1*J2^4+0.0020619984*J2^5+0,0.0002765922*J1^2*J2^3+0.0023809907*J1^1*J2^4+0.0002765922*J2^5+0,0,0,0,0,0,0,-0.0043794503*J1^2*J2^3+0.0017925012*J1^1*J2^4+-0.0043794503*J2^5+0,0.0005174505*J1^2*J2^3+-0.0050569536*J1^1*J2^4+0.0005174505*J2^5+0,0,0,0,0,0,0,0.0022552745*J1^2*J2^3+0.0011221557*J1^1*J2^4+0.0014327780*J2^5+0,0.0026041667*J1^2*J2^3+0.0001342773*J1^1*J2^4+0.0015795296*J2^5+0,0,0,0,0,0,0,-0.0014327780*J1^2*J2^3+-0.0011221557*J1^1*J2^4+-0.0022552745*J2^5+0,-0.0015795296*J1^2*J2^3+-0.0001342773*J1^1*J2^4+-0.0026041667*J2^5+0,0,0,0,0,0,0,-0.0000057218*J1^2*J2^3+0.0000057218*J2^5+0,0.0002089718*J1^2*J2^3+-0.0002089718*J2^5+0,0,0,0,0,0,0,0,0,0,0,0,0,0,0,0,0,0,0,0,0,0,0,0,0,0,0,0.0008349007*J1^2*J2^3+-0.0014108917*J1^1*J2^4+0.0008349007*J2^5+0,0.0007994391*J1^2*J2^3+-0.0006976385*J1^1*J2^4+0.0007994391*J2^5+0,-0.0004072893*J1^2*J2^3+0.0009640602*J1^1*J2^4+-0.0004072893*J2^5+0,-0.0002013909*J1^2*J2^3+0.0009231128*J1^1*J2^4+-0.0002013909*J2^5+0,0,0,0,0,0,0,0,0,0,0,0,0,-0.0011807278*J1^2*J2^3+0.0019953022*J1^1*J2^4+-0.0011807278*J2^5+0,-0.0011305776*J1^2*J2^3+0.0009866099*J1^1*J2^4+-0.0011305776*J2^5+0,0.0005759941*J1^2*J2^3+-0.0013633871*J1^1*J2^4+0.0005759941*J2^5+0,0.0002848097*J1^2*J2^3+-0.0013054786*J1^1*J2^4+0.0002848097*J2^5+0,0,0,0,0},
{0,0,0,0,0.0001536000*J1^2*J2^3+-0.0035663268*J1^1*J2^4+0.0001536000*J2^5+0,-0.0032658916*J1^2*J2^3+0.0046501254*J1^1*J2^4+-0.0032658916*J2^5+0,0,0,0,0,0,0,0.0003102743*J1^2*J2^3+-0.0023483162*J1^1*J2^4+0.0003102743*J2^5+0,-0.0023919753*J1^2*J2^3+0.0037864235*J1^1*J2^4+-0.0023919753*J2^5+0,0,0,0,0,0,0,0.0002301433*J1^2*J2^3+-0.0049164787*J1^1*J2^4+0.0002301433*J2^5+0,-0.0045235421*J1^2*J2^3+0.0064743006*J1^1*J2^4+-0.0045235421*J2^5+0,0,0,0,0,0,0,-0.0010080868*J1^2*J2^3+-0.0002325752*J1^1*J2^4+0.0005118742*J2^5+0,0.0004704982*J1^2*J2^3+-0.0006478769*J1^1*J2^4+0.0012974115*J2^5+0,0,0,0,0,0,0,-0.0005118742*J1^2*J2^3+0.0002325752*J1^1*J2^4+0.0010080868*J2^5+0,-0.0012974115*J1^2*J2^3+0.0006478769*J1^1*J2^4+-0.0004704982*J2^5+0,0,0,0,0,0,0,0.0010637003*J1^2*J2^3+-0.0010637003*J2^5+0,0.0011793425*J1^2*J2^3+-0.0011793425*J2^5+0,0,0,0,0,0,0,0,0,0,0,0,0,0,0,0,0,0,0,0,0,0,0,0,0,0,0,0.0006041727*J1^2*J2^3+0.0012930411*J1^1*J2^4+0.0006041727*J2^5+0,0.0004072893*J1^2*J2^3+0.0013813556*J1^1*J2^4+0.0004072893*J2^5+0,0.0004221679*J1^2*J2^3+0.0005998404*J1^1*J2^4+0.0004221679*J2^5+0,0.0007259918*J1^2*J2^3+-0.0001841604*J1^1*J2^4+0.0007259918*J2^5+0,0,0,0,0,0,0,0,0,0,0,0,0,-0.0008544292*J1^2*J2^3+-0.0018286362*J1^1*J2^4+-0.0008544292*J2^5+0,-0.0005759941*J1^2*J2^3+-0.0019535319*J1^1*J2^4+-0.0005759941*J2^5+0,-0.0005970356*J1^2*J2^3+-0.0008483024*J1^1*J2^4+-0.0005970356*J2^5+0,-0.0010267075*J1^2*J2^3+0.0002604421*J1^1*J2^4+-0.0010267075*J2^5+0,0,0,0,0},
{0,0,0,0,-0.0005526486*J1^2*J2^3+-0.0026584871*J1^1*J2^4+-0.0005526486*J2^5+0,-0.0016641737*J1^2*J2^3+0.0011553255*J1^1*J2^4+-0.0016641737*J2^5+0,0,0,0,0,0,0,0.0002765922*J1^2*J2^3+0.0023809907*J1^1*J2^4+0.0002765922*J2^5+0,0.0017426172*J1^2*J2^3+-0.0017911876*J1^1*J2^4+0.0017426172*J2^5+0,0,0,0,0,0,0,0.0005174505*J1^2*J2^3+-0.0050569536*J1^1*J2^4+0.0005174505*J2^5+0,-0.0049769507*J1^2*J2^3+0.0076317683*J1^1*J2^4+-0.0049769507*J2^5+0,0,0,0,0,0,0,0.0008225429*J1^2*J2^3+0.0006478769*J1^1*J2^4+0.0013067552*J2^5+0,0.0010825666*J1^2*J2^3+0.0000775251*J1^1*J2^4+0.0013328916*J2^5+0,0,0,0,0,0,0,-0.0013067552*J1^2*J2^3+-0.0006478769*J1^1*J2^4+-0.0008225429*J2^5+0,-0.0013328916*J1^2*J2^3+-0.0000775251*J1^1*J2^4+-0.0010825666*J2^5+0,0,0,0,0,0,0,0.0006748691*J1^2*J2^3+-0.0006748691*J2^5+0,0.0007159628*J1^2*J2^3+-0.0007159628*J2^5+0,0,0,0,0,0,0,0,0,0,0,0,0,0,0,0,0,0,0,0,0,0,0,0,0,0,0,-0.0004072893*J1^2*J2^3+0.0009640602*J1^1*J2^4+-0.0004072893*J2^5+0,-0.0002013909*J1^2*J2^3+0.0009231128*J1^1*J2^4+-0.0002013909*J2^5+0,0.0013051979*J1^2*J2^3+-0.0025240926*J1^1*J2^4+0.0013051979*J2^5+0,0.0010319853*J1^2*J2^3+-0.0017635574*J1^1*J2^4+0.0010319853*J2^5+0,0,0,0,0,0,0,0,0,0,0,0,0,0.0005759941*J1^2*J2^3+-0.0013633871*J1^1*J2^4+0.0005759941*J2^5+0,0.0002848097*J1^2*J2^3+-0.0013054786*J1^1*J2^4+0.0002848097*J2^5+0,-0.0018458285*J1^2*J2^3+0.0035696059*J1^1*J2^4+-0.0018458285*J2^5+0,-0.0014594476*J1^2*J2^3+0.0024940467*J1^1*J2^4+-0.0014594476*J2^5+0,0,0,0,0},
{0,0,0.0017831634*J1^2*J2^3+-0.0003071999*J1^1*J2^4+0.0017831634*J2^5+0,-0.0000886810*J1^2*J2^3+0.0020590197*J1^1*J2^4+-0.0000886810*J2^5+0,0,0,0,0,0,0,0.0011741581*J1^2*J2^3+-0.0006205485*J1^1*J2^4+0.0011741581*J2^5+0,-0.0001791369*J1^2*J2^3+0.0013558010*J1^1*J2^4+-0.0001791369*J2^5+0,0,0,0,0,0,0,0.0024582394*J1^2*J2^3+-0.0004602867*J1^1*J2^4+0.0024582394*J2^5+0,-0.0001328733*J1^2*J2^3+0.0028385303*J1^1*J2^4+-0.0001328733*J2^5+0,0,0,0,0,0,0,0.0002325752*J1^1*J2^4+0.0004962126*J2^5+0,-0.0013020833*J1^2*J2^3+0.0006478769*J1^1*J2^4+-0.0004658263*J2^5+0,0,0,0,0,0,0,-0.0004962126*J1^2*J2^3+-0.0002325752*J1^1*J2^4+0,0.0004658263*J1^2*J2^3+-0.0006478769*J1^1*J2^4+0.0013020833*J2^5+0,0,0,0,0,0,0,0.0003619497*J1^2*J2^3+-0.0003619497*J2^5+0,-0.0000033035*J1^2*J2^3+0.0000033035*J2^5+0,0,0,0,0,0,0,0,0,0,0,0,0,0,0,0,0,0,0,0,0,0,0,0,0,0,0,0,0,0,0,0,0,0,0,0,0,0,0,0,0,0.0011198064*J1^2*J2^3+0.0020929156*J1^1*J2^4+0.0011198064*J2^5+0,0.0011962891*J1^2*J2^3+0.0014108917*J1^1*J2^4+0.0011962891*J2^5+0,0.0006041727*J1^2*J2^3+0.0012930411*J1^1*J2^4+0.0006041727*J2^5+0,0.0004072893*J1^2*J2^3+0.0013813556*J1^1*J2^4+0.0004072893*J2^5+0,0,0,0,0,0,0,0,0},
{0,0,0.0013292436*J1^2*J2^3+0.0011052973*J1^1*J2^4+0.0013292436*J2^5+0,0.0003190718*J1^2*J2^3+0.0015348783*J1^1*J2^4+0.0003190718*J2^5+0,0,0,0,0,0,0,-0.0011904953*J1^2*J2^3+-0.0005531845*J1^1*J2^4+-0.0011904953*J2^5+0,-0.0001596906*J1^2*J2^3+-0.0013746656*J1^1*J2^4+-0.0001596906*J2^5+0,0,0,0,0,0,0,0.0025284768*J1^2*J2^3+-0.0010349011*J1^1*J2^4+0.0025284768*J2^5+0,-0.0002987502*J1^2*J2^3+0.0029196335*J1^1*J2^4+-0.0002987502*J2^5+0,0,0,0,0,0,0,-0.0013020833*J1^2*J2^3+-0.0006478769*J1^1*J2^4+-0.0008272147*J2^5+0,-0.0015035163*J1^2*J2^3+-0.0000775251*J1^1*J2^4+-0.0009119418*J2^5+0,0,0,0,0,0,0,0.0008272147*J1^2*J2^3+0.0006478769*J1^1*J2^4+0.0013020833*J2^5+0,0.0009119418*J1^2*J2^3+0.0000775251*J1^1*J2^4+0.0015035163*J2^5+0,0,0,0,0,0,0,0.0000033035*J1^2*J2^3+-0.0000033035*J2^5+0,-0.0001206499*J1^2*J2^3+0.0001206499*J2^5+0,0,0,0,0,0,0,0,0,0,0,0,0,0,0,0,0,0,0,0,0,0,0,0,0,0,0,0,0,0,0,0,0,0,0,0,0,0,0,0,0,0.0008349007*J1^2*J2^3+-0.0014108917*J1^1*J2^4+0.0008349007*J2^5+0,0.0007994391*J1^2*J2^3+-0.0006976385*J1^1*J2^4+0.0007994391*J2^5+0,-0.0004072893*J1^2*J2^3+0.0009640602*J1^1*J2^4+-0.0004072893*J2^5+0,-0.0002013909*J1^2*J2^3+0.0009231128*J1^1*J2^4+-0.0002013909*J2^5+0,0,0,0,0,0,0,0,0},
{0,0,-0.0000886810*J1^2*J2^3+0.0020590197*J1^1*J2^4+-0.0000886810*J2^5+0,0.0018855634*J1^2*J2^3+-0.0026847511*J1^1*J2^4+0.0018855634*J2^5+0,0,0,0,0,0,0,-0.0001791369*J1^2*J2^3+0.0013558010*J1^1*J2^4+-0.0001791369*J2^5+0,0.0013810076*J1^2*J2^3+-0.0021860926*J1^1*J2^4+0.0013810076*J2^5+0,0,0,0,0,0,0,-0.0001328733*J1^2*J2^3+0.0028385303*J1^1*J2^4+-0.0001328733*J2^5+0,0.0026116683*J1^2*J2^3+-0.0037379392*J1^1*J2^4+0.0026116683*J2^5+0,0,0,0,0,0,0,0.0005820192*J1^2*J2^3+0.0001342773*J1^1*J2^4+-0.0002955307*J2^5+0,-0.0002716422*J1^2*J2^3+0.0003740519*J1^1*J2^4+-0.0007490609*J2^5+0,0,0,0,0,0,0,0.0002955307*J1^2*J2^3+-0.0001342773*J1^1*J2^4+-0.0005820192*J2^5+0,0.0007490609*J1^2*J2^3+-0.0003740519*J1^1*J2^4+0.0002716422*J2^5+0,0,0,0,0,0,0,-0.0006141277*J1^2*J2^3+0.0006141277*J2^5+0,-0.0006808937*J1^2*J2^3+0.0006808937*J2^5+0,0,0,0,0,0,0,0,0,0,0,0,0,0,0,0,0,0,0,0,0,0,0,0,0,0,0,0,0,0,0,0,0,0,0,0,0,0,0,0,0,0.0006041727*J1^2*J2^3+0.0012930411*J1^1*J2^4+0.0006041727*J2^5+0,0.0004072893*J1^2*J2^3+0.0013813556*J1^1*J2^4+0.0004072893*J2^5+0,0.0004221679*J1^2*J2^3+0.0005998404*J1^1*J2^4+0.0004221679*J2^5+0,0.0007259918*J1^2*J2^3+-0.0001841604*J1^1*J2^4+0.0007259918*J2^5+0,0,0,0,0,0,0,0,0},
{0,0,0.0003190718*J1^2*J2^3+0.0015348783*J1^1*J2^4+0.0003190718*J2^5+0,0.0009608111*J1^2*J2^3+-0.0006670275*J1^1*J2^4+0.0009608111*J2^5+0,0,0,0,0,0,0,-0.0001596906*J1^2*J2^3+-0.0013746656*J1^1*J2^4+-0.0001596906*J2^5+0,-0.0010061005*J1^2*J2^3+0.0010341426*J1^1*J2^4+-0.0010061005*J2^5+0,0,0,0,0,0,0,-0.0002987502*J1^2*J2^3+0.0029196335*J1^1*J2^4+-0.0002987502*J2^5+0,0.0028734438*J1^2*J2^3+-0.0044062035*J1^1*J2^4+0.0028734438*J2^5+0,0,0,0,0,0,0,-0.0004748954*J1^2*J2^3+-0.0003740519*J1^1*J2^4+-0.0007544554*J2^5+0,-0.0006250201*J1^2*J2^3+-0.0000447591*J1^1*J2^4+-0.0007695453*J2^5+0,0,0,0,0,0,0,0.0007544554*J1^2*J2^3+0.0003740519*J1^1*J2^4+0.0004748954*J2^5+0,0.0007695453*J1^2*J2^3+0.0000447591*J1^1*J2^4+0.0006250201*J2^5+0,0,0,0,0,0,0,-0.0003896358*J1^2*J2^3+0.0003896358*J2^5+0,-0.0004133613*J1^2*J2^3+0.0004133613*J2^5+0,0,0,0,0,0,0,0,0,0,0,0,0,0,0,0,0,0,0,0,0,0,0,0,0,0,0,0,0,0,0,0,0,0,0,0,0,0,0,0,0,-0.0004072893*J1^2*J2^3+0.0009640602*J1^1*J2^4+-0.0004072893*J2^5+0,-0.0002013909*J1^2*J2^3+0.0009231128*J1^1*J2^4+-0.0002013909*J2^5+0,0.0013051979*J1^2*J2^3+-0.0025240926*J1^1*J2^4+0.0013051979*J2^5+0,0.0010319853*J1^2*J2^3+-0.0017635574*J1^1*J2^4+0.0010319853*J2^5+0,0,0,0,0,0,0,0,0},
{0,0,0,0,0,0,0.0017831634*J1^2*J2^3+-0.0003071999*J1^1*J2^4+0.0017831634*J2^5+0,-0.0000886810*J1^2*J2^3+0.0020590197*J1^1*J2^4+-0.0000886810*J2^5+0,0,0,0,0,0,0,0.0011741581*J1^2*J2^3+-0.0006205485*J1^1*J2^4+0.0011741581*J2^5+0,-0.0001791369*J1^2*J2^3+0.0013558010*J1^1*J2^4+-0.0001791369*J2^5+0,0,0,0,0,0,0,0.0024582394*J1^2*J2^3+-0.0004602867*J1^1*J2^4+0.0024582394*J2^5+0,-0.0001328733*J1^2*J2^3+0.0028385303*J1^1*J2^4+-0.0001328733*J2^5+0,0,0,0,0,0,0,0.0002325752*J1^1*J2^4+0.0004962126*J2^5+0,-0.0013020833*J1^2*J2^3+0.0006478769*J1^1*J2^4+-0.0004658263*J2^5+0,0,0,0,0,0,0,-0.0004962126*J1^2*J2^3+-0.0002325752*J1^1*J2^4+0,0.0004658263*J1^2*J2^3+-0.0006478769*J1^1*J2^4+0.0013020833*J2^5+0,0,0,0,0,0,0,0.0003619497*J1^2*J2^3+-0.0003619497*J2^5+0,-0.0000033035*J1^2*J2^3+0.0000033035*J2^5+0,0,0,0,0,0,0,0,0,0,0,0,0,0,0,0,0,0,0,0,0,0,0,0,0,0,0,0,0,-0.0006465205*J1^2*J2^3+-0.0012083454*J1^1*J2^4+-0.0006465205*J2^5+0,-0.0006906778*J1^2*J2^3+-0.0008145787*J1^1*J2^4+-0.0006906778*J2^5+0,-0.0003488193*J1^2*J2^3+-0.0007465376*J1^1*J2^4+-0.0003488193*J2^5+0,-0.0002351486*J1^2*J2^3+-0.0007975260*J1^1*J2^4+-0.0002351486*J2^5+0,0,0,0,0,0,0,0,0,0,0,0,0,0.0009143181*J1^2*J2^3+0.0017088584*J1^1*J2^4+0.0009143181*J2^5+0,0.0009767659*J1^2*J2^3+0.0011519882*J1^1*J2^4+0.0009767659*J2^5+0,0.0004933049*J1^2*J2^3+0.0010557636*J1^1*J2^4+0.0004933049*J2^5+0,0.0003325504*J1^2*J2^3+0.0011278721*J1^1*J2^4+0.0003325504*J2^5+0},
{0,0,0,0,0,0,0.0013292436*J1^2*J2^3+0.0011052973*J1^1*J2^4+0.0013292436*J2^5+0,0.0003190718*J1^2*J2^3+0.0015348783*J1^1*J2^4+0.0003190718*J2^5+0,0,0,0,0,0,0,-0.0011904953*J1^2*J2^3+-0.0005531845*J1^1*J2^4+-0.0011904953*J2^5+0,-0.0001596906*J1^2*J2^3+-0.0013746656*J1^1*J2^4+-0.0001596906*J2^5+0,0,0,0,0,0,0,0.0025284768*J1^2*J2^3+-0.0010349011*J1^1*J2^4+0.0025284768*J2^5+0,-0.0002987502*J1^2*J2^3+0.0029196335*J1^1*J2^4+-0.0002987502*J2^5+0,0,0,0,0,0,0,-0.0013020833*J1^2*J2^3+-0.0006478769*J1^1*J2^4+-0.0008272147*J2^5+0,-0.0015035163*J1^2*J2^3+-0.0000775251*J1^1*J2^4+-0.0009119418*J2^5+0,0,0,0,0,0,0,0.0008272147*J1^2*J2^3+0.0006478769*J1^1*J2^4+0.0013020833*J2^5+0,0.0009119418*J1^2*J2^3+0.0000775251*J1^1*J2^4+0.0015035163*J2^5+0,0,0,0,0,0,0,0.0000033035*J1^2*J2^3+-0.0000033035*J2^5+0,-0.0001206499*J1^2*J2^3+0.0001206499*J2^5+0,0,0,0,0,0,0,0,0,0,0,0,0,0,0,0,0,0,0,0,0,0,0,0,0,0,0,0,0,-0.0004820301*J1^2*J2^3+0.0008145787*J1^1*J2^4+-0.0004820301*J2^5+0,-0.0004615564*J1^2*J2^3+0.0004027818*J1^1*J2^4+-0.0004615564*J2^5+0,0.0002351486*J1^2*J2^3+-0.0005566004*J1^1*J2^4+0.0002351486*J2^5+0,0.0001162731*J1^2*J2^3+-0.0005329594*J1^1*J2^4+0.0001162731*J2^5+0,0,0,0,0,0,0,0,0,0,0,0,0,0.0006816935*J1^2*J2^3+-0.0011519882*J1^1*J2^4+0.0006816935*J2^5+0,0.0006527393*J1^2*J2^3+-0.0005696195*J1^1*J2^4+0.0006527393*J2^5+0,-0.0003325504*J1^2*J2^3+0.0007871519*J1^1*J2^4+-0.0003325504*J2^5+0,-0.0001644350*J1^2*J2^3+0.0007537184*J1^1*J2^4+-0.0001644350*J2^5+0},
{0,0,0,0,0,0,-0.0000886810*J1^2*J2^3+0.0020590197*J1^1*J2^4+-0.0000886810*J2^5+0,0.0018855634*J1^2*J2^3+-0.0026847511*J1^1*J2^4+0.0018855634*J2^5+0,0,0,0,0,0,0,-0.0001791369*J1^2*J2^3+0.0013558010*J1^1*J2^4+-0.0001791369*J2^5+0,0.0013810076*J1^2*J2^3+-0.0021860926*J1^1*J2^4+0.0013810076*J2^5+0,0,0,0,0,0,0,-0.0001328733*J1^2*J2^3+0.0028385303*J1^1*J2^4+-0.0001328733*J2^5+0,0.0026116683*J1^2*J2^3+-0.0037379392*J1^1*J2^4+0.0026116683*J2^5+0,0,0,0,0,0,0,0.0005820192*J1^2*J2^3+0.0001342773*J1^1*J2^4+-0.0002955307*J2^5+0,-0.0002716422*J1^2*J2^3+0.0003740519*J1^1*J2^4+-0.0007490609*J2^5+0,0,0,0,0,0,0,0.0002955307*J1^2*J2^3+-0.0001342773*J1^1*J2^4+-0.0005820192*J2^5+0,0.0007490609*J1^2*J2^3+-0.0003740519*J1^1*J2^4+0.0002716422*J2^5+0,0,0,0,0,0,0,-0.0006141277*J1^2*J2^3+0.0006141277*J2^5+0,-0.0006808937*J1^2*J2^3+0.0006808937*J2^5+0,0,0,0,0,0,0,0,0,0,0,0,0,0,0,0,0,0,0,0,0,0,0,0,0,0,0,0,0,-0.0003488193*J1^2*J2^3+-0.0007465376*J1^1*J2^4+-0.0003488193*J2^5+0,-0.0002351486*J1^2*J2^3+-0.0007975260*J1^1*J2^4+-0.0002351486*J2^5+0,-0.0002437387*J1^2*J2^3+-0.0003463180*J1^1*J2^4+-0.0002437387*J2^5+0,-0.0004191516*J1^2*J2^3+0.0001063251*J1^1*J2^4+-0.0004191516*J2^5+0,0,0,0,0,0,0,0,0,0,0,0,0,0.0004933049*J1^2*J2^3+0.0010557636*J1^1*J2^4+0.0004933049*J2^5+0,0.0003325504*J1^2*J2^3+0.0011278721*J1^1*J2^4+0.0003325504*J2^5+0,0.0003446986*J1^2*J2^3+0.0004897676*J1^1*J2^4+0.0003446986*J2^5+0,0.0005927699*J1^2*J2^3+-0.0001503663*J1^1*J2^4+0.0005927699*J2^5+0},
{0,0,0,0,0,0,0.0003190718*J1^2*J2^3+0.0015348783*J1^1*J2^4+0.0003190718*J2^5+0,0.0009608111*J1^2*J2^3+-0.0006670275*J1^1*J2^4+0.0009608111*J2^5+0,0,0,0,0,0,0,-0.0001596906*J1^2*J2^3+-0.0013746656*J1^1*J2^4+-0.0001596906*J2^5+0,-0.0010061005*J1^2*J2^3+0.0010341426*J1^1*J2^4+-0.0010061005*J2^5+0,0,0,0,0,0,0,-0.0002987502*J1^2*J2^3+0.0029196335*J1^1*J2^4+-0.0002987502*J2^5+0,0.0028734438*J1^2*J2^3+-0.0044062035*J1^1*J2^4+0.0028734438*J2^5+0,0,0,0,0,0,0,-0.0004748954*J1^2*J2^3+-0.0003740519*J1^1*J2^4+-0.0007544554*J2^5+0,-0.0006250201*J1^2*J2^3+-0.0000447591*J1^1*J2^4+-0.0007695453*J2^5+0,0,0,0,0,0,0,0.0007544554*J1^2*J2^3+0.0003740519*J1^1*J2^4+0.0004748954*J2^5+0,0.0007695453*J1^2*J2^3+0.0000447591*J1^1*J2^4+0.0006250201*J2^5+0,0,0,0,0,0,0,-0.0003896358*J1^2*J2^3+0.0003896358*J2^5+0,-0.0004133613*J1^2*J2^3+0.0004133613*J2^5+0,0,0,0,0,0,0,0,0,0,0,0,0,0,0,0,0,0,0,0,0,0,0,0,0,0,0,0,0,0.0002351486*J1^2*J2^3+-0.0005566004*J1^1*J2^4+0.0002351486*J2^5+0,0.0001162731*J1^2*J2^3+-0.0005329594*J1^1*J2^4+0.0001162731*J2^5+0,-0.0007535563*J1^2*J2^3+0.0014572855*J1^1*J2^4+-0.0007535563*J2^5+0,-0.0005958170*J1^2*J2^3+0.0010181903*J1^1*J2^4+-0.0005958170*J2^5+0,0,0,0,0,0,0,0,0,0,0,0,0,-0.0003325504*J1^2*J2^3+0.0007871519*J1^1*J2^4+-0.0003325504*J2^5+0,-0.0001644350*J1^2*J2^3+0.0007537184*J1^1*J2^4+-0.0001644350*J2^5+0,0.0010656896*J1^2*J2^3+-0.0020609129*J1^1*J2^4+0.0010656896*J2^5+0,0.0008426125*J1^2*J2^3+-0.0014399386*J1^1*J2^4+0.0008426125*J2^5+0},
{0,0,0.0025217739*J1^2*J2^3+-0.0004344463*J1^1*J2^4+0.0025217739*J2^5+0,-0.0001254139*J1^2*J2^3+0.0029118936*J1^1*J2^4+-0.0001254139*J2^5+0,0,0,0,0,0,0,0.0016605103*J1^2*J2^3+-0.0008775881*J1^1*J2^4+0.0016605103*J2^5+0,-0.0002533379*J1^2*J2^3+0.0019173921*J1^1*J2^4+-0.0002533379*J2^5+0,0,0,0,0,0,0,0.0034764755*J1^2*J2^3+-0.0006509437*J1^1*J2^4+0.0034764755*J2^5+0,-0.0001879113*J1^2*J2^3+0.0040142881*J1^1*J2^4+-0.0001879113*J2^5+0,0,0,0,0,0,0,0.0003289110*J1^1*J2^4+0.0007017506*J2^5+0,-0.0018414239*J1^2*J2^3+0.0009162363*J1^1*J2^4+-0.0006587779*J2^5+0,0,0,0,0,0,0,-0.0007017506*J1^2*J2^3+-0.0003289110*J1^1*J2^4+0,0.0006587779*J1^2*J2^3+-0.0009162363*J1^1*J2^4+0.0018414239*J2^5+0,0,0,0,0,0,0,0.0005118742*J1^2*J2^3+-0.0005118742*J2^5+0,-0.0000046718*J1^2*J2^3+0.0000046718*J2^5+0,0,0,0,0,0,0,0,0,0,0,0,0,0,0,0,0,0,0,0,0,0,0,0,0,0,0,0,0,0,0,0,0,0,0,0,0,0,0,0,0,0.0015836454*J1^2*J2^3+0.0029598296*J1^1*J2^4+0.0015836454*J2^5+0,0.0016918082*J1^2*J2^3+0.0019953022*J1^1*J2^4+0.0016918082*J2^5+0,0.0008544292*J1^2*J2^3+0.0018286362*J1^1*J2^4+0.0008544292*J2^5+0,0.0005759941*J1^2*J2^3+0.0019535319*J1^1*J2^4+0.0005759941*J2^5+0,0,0,0,0,0,0,0,0},
{0,0,0.0018798343*J1^2*J2^3+0.0015631264*J1^1*J2^4+0.0018798343*J2^5+0,0.0004512357*J1^2*J2^3+0.0021706456*J1^1*J2^4+0.0004512357*J2^5+0,0,0,0,0,0,0,-0.0016836146*J1^2*J2^3+-0.0007823210*J1^1*J2^4+-0.0016836146*J2^5+0,-0.0002258366*J1^2*J2^3+-0.0019440707*J1^1*J2^4+-0.0002258366*J2^5+0,0,0,0,0,0,0,0.0035758062*J1^2*J2^3+-0.0014635711*J1^1*J2^4+0.0035758062*J2^5+0,-0.0004224966*J1^2*J2^3+0.0041289853*J1^1*J2^4+-0.0004224966*J2^5+0,0,0,0,0,0,0,-0.0018414239*J1^2*J2^3+-0.0009162363*J1^1*J2^4+-0.0011698583*J2^5+0,-0.0021262932*J1^2*J2^3+-0.0001096370*J1^1*J2^4+-0.0012896805*J2^5+0,0,0,0,0,0,0,0.0011698583*J1^2*J2^3+0.0009162363*J1^1*J2^4+0.0018414239*J2^5+0,0.0012896805*J1^2*J2^3+0.0001096370*J1^1*J2^4+0.0021262932*J2^5+0,0,0,0,0,0,0,0.0000046718*J1^2*J2^3+-0.0000046718*J2^5+0,-0.0001706247*J1^2*J2^3+0.0001706247*J2^5+0,0,0,0,0,0,0,0,0,0,0,0,0,0,0,0,0,0,0,0,0,0,0,0,0,0,0,0,0,0,0,0,0,0,0,0,0,0,0,0,0,0.0011807278*J1^2*J2^3+-0.0019953022*J1^1*J2^4+0.0011807278*J2^5+0,0.0011305776*J1^2*J2^3+-0.0009866099*J1^1*J2^4+0.0011305776*J2^5+0,-0.0005759941*J1^2*J2^3+0.0013633871*J1^1*J2^4+-0.0005759941*J2^5+0,-0.0002848097*J1^2*J2^3+0.0013054786*J1^1*J2^4+-0.0002848097*J2^5+0,0,0,0,0,0,0,0,0},
{0,0,-0.0001254139*J1^2*J2^3+0.0029118936*J1^1*J2^4+-0.0001254139*J2^5+0,0.0026665893*J1^2*J2^3+-0.0037968115*J1^1*J2^4+0.0026665893*J2^5+0,0,0,0,0,0,0,-0.0002533379*J1^2*J2^3+0.0019173921*J1^1*J2^4+-0.0002533379*J2^5+0,0.0019530397*J1^2*J2^3+-0.0030916018*J1^1*J2^4+0.0019530397*J2^5+0,0,0,0,0,0,0,-0.0001879113*J1^2*J2^3+0.0040142881*J1^1*J2^4+-0.0001879113*J2^5+0,0.0036934567*J1^2*J2^3+-0.0052862443*J1^1*J2^4+0.0036934567*J2^5+0,0,0,0,0,0,0,0.0008230994*J1^2*J2^3+0.0001898968*J1^1*J2^4+-0.0004179436*J2^5+0,-0.0003841601*J1^2*J2^3+0.0005289893*J1^1*J2^4+-0.0010593321*J2^5+0,0,0,0,0,0,0,0.0004179436*J1^2*J2^3+-0.0001898968*J1^1*J2^4+-0.0008230994*J2^5+0,0.0010593321*J1^2*J2^3+-0.0005289893*J1^1*J2^4+0.0003841601*J2^5+0,0,0,0,0,0,0,-0.0008685077*J1^2*J2^3+0.0008685077*J2^5+0,-0.0009629291*J1^2*J2^3+0.0009629291*J2^5+0,0,0,0,0,0,0,0,0,0,0,0,0,0,0,0,0,0,0,0,0,0,0,0,0,0,0,0,0,0,0,0,0,0,0,0,0,0,0,0,0,0.0008544292*J1^2*J2^3+0.0018286362*J1^1*J2^4+0.0008544292*J2^5+0,0.0005759941*J1^2*J2^3+0.0019535319*J1^1*J2^4+0.0005759941*J2^5+0,0.0005970356*J1^2*J2^3+0.0008483024*J1^1*J2^4+0.0005970356*J2^5+0,0.0010267075*J1^2*J2^3+-0.0002604421*J1^1*J2^4+0.0010267075*J2^5+0,0,0,0,0,0,0,0,0},
{0,0,0.0004512357*J1^2*J2^3+0.0021706456*J1^1*J2^4+0.0004512357*J2^5+0,0.0013587921*J1^2*J2^3+-0.0009433193*J1^1*J2^4+0.0013587921*J2^5+0,0,0,0,0,0,0,-0.0002258366*J1^2*J2^3+-0.0019440707*J1^1*J2^4+-0.0002258366*J2^5+0,-0.0014228410*J1^2*J2^3+0.0014624985*J1^1*J2^4+-0.0014228410*J2^5+0,0,0,0,0,0,0,-0.0004224966*J1^2*J2^3+0.0041289853*J1^1*J2^4+-0.0004224966*J2^5+0,0.0040636632*J1^2*J2^3+-0.0062313127*J1^1*J2^4+0.0040636632*J2^5+0,0,0,0,0,0,0,-0.0006716035*J1^2*J2^3+-0.0005289893*J1^1*J2^4+-0.0010669611*J2^5+0,-0.0008839119*J1^2*J2^3+-0.0000632989*J1^1*J2^4+-0.0010883014*J2^5+0,0,0,0,0,0,0,0.0010669611*J1^2*J2^3+0.0005289893*J1^1*J2^4+0.0006716035*J2^5+0,0.0010883014*J1^2*J2^3+0.0000632989*J1^1*J2^4+0.0008839119*J2^5+0,0,0,0,0,0,0,-0.0005510283*J1^2*J2^3+0.0005510283*J2^5+0,-0.0005845812*J1^2*J2^3+0.0005845812*J2^5+0,0,0,0,0,0,0,0,0,0,0,0,0,0,0,0,0,0,0,0,0,0,0,0,0,0,0,0,0,0,0,0,0,0,0,0,0,0,0,0,0,-0.0005759941*J1^2*J2^3+0.0013633871*J1^1*J2^4+-0.0005759941*J2^5+0,-0.0002848097*J1^2*J2^3+0.0013054786*J1^1*J2^4+-0.0002848097*J2^5+0,0.0018458285*J1^2*J2^3+-0.0035696059*J1^1*J2^4+0.0018458285*J2^5+0,0.0014594476*J1^2*J2^3+-0.0024940467*J1^1*J2^4+0.0014594476*J2^5+0,0,0,0,0,0,0,0,0},
{0,0,0,0,0,0,0.0025217739*J1^2*J2^3+-0.0004344463*J1^1*J2^4+0.0025217739*J2^5+0,-0.0001254139*J1^2*J2^3+0.0029118936*J1^1*J2^4+-0.0001254139*J2^5+0,0,0,0,0,0,0,0.0016605103*J1^2*J2^3+-0.0008775881*J1^1*J2^4+0.0016605103*J2^5+0,-0.0002533379*J1^2*J2^3+0.0019173921*J1^1*J2^4+-0.0002533379*J2^5+0,0,0,0,0,0,0,0.0034764755*J1^2*J2^3+-0.0006509437*J1^1*J2^4+0.0034764755*J2^5+0,-0.0001879113*J1^2*J2^3+0.0040142881*J1^1*J2^4+-0.0001879113*J2^5+0,0,0,0,0,0,0,0.0003289110*J1^1*J2^4+0.0007017506*J2^5+0,-0.0018414239*J1^2*J2^3+0.0009162363*J1^1*J2^4+-0.0006587779*J2^5+0,0,0,0,0,0,0,-0.0007017506*J1^2*J2^3+-0.0003289110*J1^1*J2^4+0,0.0006587779*J1^2*J2^3+-0.0009162363*J1^1*J2^4+0.0018414239*J2^5+0,0,0,0,0,0,0,0.0005118742*J1^2*J2^3+-0.0005118742*J2^5+0,-0.0000046718*J1^2*J2^3+0.0000046718*J2^5+0,0,0,0,0,0,0,0,0,0,0,0,0,0,0,0,0,0,0,0,0,0,0,0,0,0,0,0,0,-0.0009143181*J1^2*J2^3+-0.0017088584*J1^1*J2^4+-0.0009143181*J2^5+0,-0.0009767659*J1^2*J2^3+-0.0011519882*J1^1*J2^4+-0.0009767659*J2^5+0,-0.0004933049*J1^2*J2^3+-0.0010557636*J1^1*J2^4+-0.0004933049*J2^5+0,-0.0003325504*J1^2*J2^3+-0.0011278721*J1^1*J2^4+-0.0003325504*J2^5+0,0,0,0,0,0,0,0,0,0,0,0,0,0.0012930411*J1^2*J2^3+0.0024166908*J1^1*J2^4+0.0012930411*J2^5+0,0.0013813556*J1^2*J2^3+0.0016291574*J1^1*J2^4+0.0013813556*J2^5+0,0.0006976385*J1^2*J2^3+0.0014930752*J1^1*J2^4+0.0006976385*J2^5+0,0.0004702972*J1^2*J2^3+0.0015950521*J1^1*J2^4+0.0004702972*J2^5+0},
{0,0,0,0,0,0,0.0018798343*J1^2*J2^3+0.0015631264*J1^1*J2^4+0.0018798343*J2^5+0,0.0004512357*J1^2*J2^3+0.0021706456*J1^1*J2^4+0.0004512357*J2^5+0,0,0,0,0,0,0,-0.0016836146*J1^2*J2^3+-0.0007823210*J1^1*J2^4+-0.0016836146*J2^5+0,-0.0002258366*J1^2*J2^3+-0.0019440707*J1^1*J2^4+-0.0002258366*J2^5+0,0,0,0,0,0,0,0.0035758062*J1^2*J2^3+-0.0014635711*J1^1*J2^4+0.0035758062*J2^5+0,-0.0004224966*J1^2*J2^3+0.0041289853*J1^1*J2^4+-0.0004224966*J2^5+0,0,0,0,0,0,0,-0.0018414239*J1^2*J2^3+-0.0009162363*J1^1*J2^4+-0.0011698583*J2^5+0,-0.0021262932*J1^2*J2^3+-0.0001096370*J1^1*J2^4+-0.0012896805*J2^5+0,0,0,0,0,0,0,0.0011698583*J1^2*J2^3+0.0009162363*J1^1*J2^4+0.0018414239*J2^5+0,0.0012896805*J1^2*J2^3+0.0001096370*J1^1*J2^4+0.0021262932*J2^5+0,0,0,0,0,0,0,0.0000046718*J1^2*J2^3+-0.0000046718*J2^5+0,-0.0001706247*J1^2*J2^3+0.0001706247*J2^5+0,0,0,0,0,0,0,0,0,0,0,0,0,0,0,0,0,0,0,0,0,0,0,0,0,0,0,0,0,-0.0006816935*J1^2*J2^3+0.0011519882*J1^1*J2^4+-0.0006816935*J2^5+0,-0.0006527393*J1^2*J2^3+0.0005696195*J1^1*J2^4+-0.0006527393*J2^5+0,0.0003325504*J1^2*J2^3+-0.0007871519*J1^1*J2^4+0.0003325504*J2^5+0,0.0001644350*J1^2*J2^3+-0.0007537184*J1^1*J2^4+0.0001644350*J2^5+0,0,0,0,0,0,0,0,0,0,0,0,0,0.0009640602*J1^2*J2^3+-0.0016291574*J1^1*J2^4+0.0009640602*J2^5+0,0.0009231128*J1^2*J2^3+-0.0008055636*J1^1*J2^4+0.0009231128*J2^5+0,-0.0004702972*J1^2*J2^3+0.0011132009*J1^1*J2^4+-0.0004702972*J2^5+0,-0.0002325462*J1^2*J2^3+0.0010659188*J1^1*J2^4+-0.0002325462*J2^5+0},
{0,0,0,0,0,0,-0.0001254139*J1^2*J2^3+0.0029118936*J1^1*J2^4+-0.0001254139*J2^5+0,0.0026665893*J1^2*J2^3+-0.0037968115*J1^1*J2^4+0.0026665893*J2^5+0,0,0,0,0,0,0,-0.0002533379*J1^2*J2^3+0.0019173921*J1^1*J2^4+-0.0002533379*J2^5+0,0.0019530397*J1^2*J2^3+-0.0030916018*J1^1*J2^4+0.0019530397*J2^5+0,0,0,0,0,0,0,-0.0001879113*J1^2*J2^3+0.0040142881*J1^1*J2^4+-0.0001879113*J2^5+0,0.0036934567*J1^2*J2^3+-0.0052862443*J1^1*J2^4+0.0036934567*J2^5+0,0,0,0,0,0,0,0.0008230994*J1^2*J2^3+0.0001898968*J1^1*J2^4+-0.0004179436*J2^5+0,-0.0003841601*J1^2*J2^3+0.0005289893*J1^1*J2^4+-0.0010593321*J2^5+0,0,0,0,0,0,0,0.0004179436*J1^2*J2^3+-0.0001898968*J1^1*J2^4+-0.0008230994*J2^5+0,0.0010593321*J1^2*J2^3+-0.0005289893*J1^1*J2^4+0.0003841601*J2^5+0,0,0,0,0,0,0,-0.0008685077*J1^2*J2^3+0.0008685077*J2^5+0,-0.0009629291*J1^2*J2^3+0.0009629291*J2^5+0,0,0,0,0,0,0,0,0,0,0,0,0,0,0,0,0,0,0,0,0,0,0,0,0,0,0,0,0,-0.0004933049*J1^2*J2^3+-0.0010557636*J1^1*J2^4+-0.0004933049*J2^5+0,-0.0003325504*J1^2*J2^3+-0.0011278721*J1^1*J2^4+-0.0003325504*J2^5+0,-0.0003446986*J1^2*J2^3+-0.0004897676*J1^1*J2^4+-0.0003446986*J2^5+0,-0.0005927699*J1^2*J2^3+0.0001503663*J1^1*J2^4+-0.0005927699*J2^5+0,0,0,0,0,0,0,0,0,0,0,0,0,0.0006976385*J1^2*J2^3+0.0014930752*J1^1*J2^4+0.0006976385*J2^5+0,0.0004702972*J1^2*J2^3+0.0015950521*J1^1*J2^4+0.0004702972*J2^5+0,0.0004874775*J1^2*J2^3+0.0006926360*J1^1*J2^4+0.0004874775*J2^5+0,0.0008383032*J1^2*J2^3+-0.0002126501*J1^1*J2^4+0.0008383032*J2^5+0},
{0,0,0,0,0,0,0.0004512357*J1^2*J2^3+0.0021706456*J1^1*J2^4+0.0004512357*J2^5+0,0.0013587921*J1^2*J2^3+-0.0009433193*J1^1*J2^4+0.0013587921*J2^5+0,0,0,0,0,0,0,-0.0002258366*J1^2*J2^3+-0.0019440707*J1^1*J2^4+-0.0002258366*J2^5+0,-0.0014228410*J1^2*J2^3+0.0014624985*J1^1*J2^4+-0.0014228410*J2^5+0,0,0,0,0,0,0,-0.0004224966*J1^2*J2^3+0.0041289853*J1^1*J2^4+-0.0004224966*J2^5+0,0.0040636632*J1^2*J2^3+-0.0062313127*J1^1*J2^4+0.0040636632*J2^5+0,0,0,0,0,0,0,-0.0006716035*J1^2*J2^3+-0.0005289893*J1^1*J2^4+-0.0010669611*J2^5+0,-0.0008839119*J1^2*J2^3+-0.0000632989*J1^1*J2^4+-0.0010883014*J2^5+0,0,0,0,0,0,0,0.0010669611*J1^2*J2^3+0.0005289893*J1^1*J2^4+0.0006716035*J2^5+0,0.0010883014*J1^2*J2^3+0.0000632989*J1^1*J2^4+0.0008839119*J2^5+0,0,0,0,0,0,0,-0.0005510283*J1^2*J2^3+0.0005510283*J2^5+0,-0.0005845812*J1^2*J2^3+0.0005845812*J2^5+0,0,0,0,0,0,0,0,0,0,0,0,0,0,0,0,0,0,0,0,0,0,0,0,0,0,0,0,0,0.0003325504*J1^2*J2^3+-0.0007871519*J1^1*J2^4+0.0003325504*J2^5+0,0.0001644350*J1^2*J2^3+-0.0007537184*J1^1*J2^4+0.0001644350*J2^5+0,-0.0010656896*J1^2*J2^3+0.0020609129*J1^1*J2^4+-0.0010656896*J2^5+0,-0.0008426125*J1^2*J2^3+0.0014399386*J1^1*J2^4+-0.0008426125*J2^5+0,0,0,0,0,0,0,0,0,0,0,0,0,-0.0004702972*J1^2*J2^3+0.0011132009*J1^1*J2^4+-0.0004702972*J2^5+0,-0.0002325462*J1^2*J2^3+0.0010659188*J1^1*J2^4+-0.0002325462*J2^5+0,0.0015071127*J1^2*J2^3+-0.0029145710*J1^1*J2^4+0.0015071127*J2^5+0,0.0011916340*J1^2*J2^3+-0.0020363806*J1^1*J2^4+0.0011916340*J2^5+0},
{0,0,0,0,0,0,0,0,0,0,0,0,0,0,0,0,0,0,0,0,0,0,0,0,0,0,0,0,0,0,0,0,0,0,0,0,0,0,0,0,0,0,0,0,0,0,0,0,0,0,0,0,-0.0025802533*J1^2*J2^3+-0.0013017423*J1^1*J2^4+-0.0025802533*J2^5+0,-0.0013488016*J1^2*J2^3+0.0096635983*J1^1*J2^4+-0.0013488016*J2^5+0,-0.0003757806*J1^2*J2^3+-0.0029794198*J1^1*J2^4+-0.0003757806*J2^5+0,0.0027896405*J1^2*J2^3+-0.0015574619*J1^1*J2^4+0.0027896405*J2^5+0,0,0,0,0,0,0,0,0,0,0,0,0,0,0,0,0,0,0,0,0,0,0,0,0,0,0,0,0,0,0,0,0,0,0,0,0,0,0,0,0},
{0,0,0,0,0,0,0,0,0,0,0,0,0,0,0,0,0,0,0,0,0,0,0,0,0,0,0,0,0,0,0,0,0,0,0,0,0,0,0,0,0,0,0,0,0,0,0,0,0,0,0,0,0.0013387044*J1^2*J2^3+-0.0096635983*J1^1*J2^4+0.0013387044*J2^5+0,0.0008542548*J1^2*J2^3+0.0004339141*J1^1*J2^4+0.0008542548*J2^5+0,-0.0027896405*J1^2*J2^3+0.0015458027*J1^1*J2^4+-0.0027896405*J2^5+0,0.0001252602*J1^2*J2^3+0.0009864085*J1^1*J2^4+0.0001252602*J2^5+0,0,0,0,0,0,0,0,0,0,0,0,0,0,0,0,0,0,0,0,0,0,0,0,0,0,0,0,0,0,0,0,0,0,0,0,0,0,0,0,0},
{0,0,0,0,0,0,0,0,0,0,0,0,0,0,0,0,0,0,0,0,0,0,0,0,0,0,0,0,0,0,0,0,0,0,0,0,0,0,0,0,0,0,0,0,0,0,0,0,0,0,0,0,-0.0003757806*J1^2*J2^3+-0.0029794198*J1^1*J2^4+-0.0003757806*J2^5+0,0.0027896405*J1^2*J2^3+-0.0015574619*J1^1*J2^4+0.0027896405*J2^5+0,-0.0021463392*J1^2*J2^3+0.0021385954*J1^1*J2^4+-0.0021463392*J2^5+0,-0.0045700010*J1^2*J2^3+0.0114620005*J1^1*J2^4+-0.0045700010*J2^5+0,0,0,0,0,0,0,0,0,0,0,0,0,0,0,0,0,0,0,0,0,0,0,0,0,0,0,0,0,0,0,0,0,0,0,0,0,0,0,0,0},
{0,0,0,0,0,0,0,0,0,0,0,0,0,0,0,0,0,0,0,0,0,0,0,0,0,0,0,0,0,0,0,0,0,0,0,0,0,0,0,0,0,0,0,0,0,0,0,0,0,0,0,0,-0.0027896405*J1^2*J2^3+0.0015458027*J1^1*J2^4+-0.0027896405*J2^5+0,0.0001252602*J1^2*J2^3+0.0009864085*J1^1*J2^4+0.0001252602*J2^5+0,0.0045599039*J1^2*J2^3+-0.0114485376*J1^1*J2^4+0.0045599039*J2^5+0,0.0007096168*J1^2*J2^3+-0.0007050923*J1^1*J2^4+0.0007096168*J2^5+0,0,0,0,0,0,0,0,0,0,0,0,0,0,0,0,0,0,0,0,0,0,0,0,0,0,0,0,0,0,0,0,0,0,0,0,0,0,0,0,0},
{0,0,0,0,0,0,0,0,0,0,0,0,0,0,0,0,0,0,0,0,0,0,0,0,0,0,0,0,0,0,0,0,0,0,0,0,0,0,0,0,0,0,0,0,0,0,0,0,0,0,0,0,0,0,0,0,0,0,0,0,0.0014897099*J1^2*J2^3+0.0007515613*J1^1*J2^4+0.0014897099*J2^5+0,0.0007787310*J1^2*J2^3+-0.0055792811*J1^1*J2^4+0.0007787310*J2^5+0,0.0002169571*J1^2*J2^3+0.0017201689*J1^1*J2^4+0.0002169571*J2^5+0,-0.0016105997*J1^2*J2^3+0.0008992011*J1^1*J2^4+-0.0016105997*J2^5+0,0,0,0,0,0.0021067680*J1^2*J2^3+0.0010628682*J1^1*J2^4+0.0021067680*J2^5+0,0.0011012919*J1^2*J2^3+-0.0078902950*J1^1*J2^4+0.0011012919*J2^5+0,0.0003068236*J1^2*J2^3+0.0024326861*J1^1*J2^4+0.0003068236*J2^5+0,-0.0022777320*J1^2*J2^3+0.0012716623*J1^1*J2^4+-0.0022777320*J2^5+0,0,0,0,0,0,0,0,0,0,0,0,0,0,0,0,0,0,0,0,0,0,0,0,0},
{0,0,0,0,0,0,0,0,0,0,0,0,0,0,0,0,0,0,0,0,0,0,0,0,0,0,0,0,0,0,0,0,0,0,0,0,0,0,0,0,0,0,0,0,0,0,0,0,0,0,0,0,0,0,0,0,0,0,0,0,-0.0007729014*J1^2*J2^3+0.0055792811*J1^1*J2^4+-0.0007729014*J2^5+0,-0.0004932043*J1^2*J2^3+-0.0002505204*J1^1*J2^4+-0.0004932043*J2^5+0,0.0016105997*J1^2*J2^3+-0.0008924696*J1^1*J2^4+0.0016105997*J2^5+0,-0.0000723190*J1^2*J2^3+-0.0005695032*J1^1*J2^4+-0.0000723190*J2^5+0,0,0,0,0,-0.0010930476*J1^2*J2^3+0.0078902950*J1^1*J2^4+-0.0010930476*J2^5+0,-0.0006974961*J1^2*J2^3+-0.0003542894*J1^1*J2^4+-0.0006974961*J2^5+0,0.0022777320*J1^2*J2^3+-0.0012621426*J1^1*J2^4+0.0022777320*J2^5+0,-0.0001022745*J1^2*J2^3+-0.0008053992*J1^1*J2^4+-0.0001022745*J2^5+0,0,0,0,0,0,0,0,0,0,0,0,0,0,0,0,0,0,0,0,0,0,0,0,0},
{0,0,0,0,0,0,0,0,0,0,0,0,0,0,0,0,0,0,0,0,0,0,0,0,0,0,0,0,0,0,0,0,0,0,0,0,0,0,0,0,0,0,0,0,0,0,0,0,0,0,0,0,0,0,0,0,0,0,0,0,0.0002169571*J1^2*J2^3+0.0017201689*J1^1*J2^4+0.0002169571*J2^5+0,-0.0016105997*J1^2*J2^3+0.0008992011*J1^1*J2^4+-0.0016105997*J2^5+0,0.0012391895*J1^2*J2^3+-0.0012347186*J1^1*J2^4+0.0012391895*J2^5+0,0.0026384913*J1^2*J2^3+-0.0066175891*J1^1*J2^4+0.0026384913*J2^5+0,0,0,0,0,0.0003068236*J1^2*J2^3+0.0024326861*J1^1*J2^4+0.0003068236*J2^5+0,-0.0022777320*J1^2*J2^3+0.0012716623*J1^1*J2^4+-0.0022777320*J2^5+0,0.0017524786*J1^2*J2^3+-0.0017461558*J1^1*J2^4+0.0017524786*J2^5+0,0.0037313902*J1^2*J2^3+-0.0093586842*J1^1*J2^4+0.0037313902*J2^5+0,0,0,0,0,0,0,0,0,0,0,0,0,0,0,0,0,0,0,0,0,0,0,0,0},
{0,0,0,0,0,0,0,0,0,0,0,0,0,0,0,0,0,0,0,0,0,0,0,0,0,0,0,0,0,0,0,0,0,0,0,0,0,0,0,0,0,0,0,0,0,0,0,0,0,0,0,0,0,0,0,0,0,0,0,0,0.0016105997*J1^2*J2^3+-0.0008924696*J1^1*J2^4+0.0016105997*J2^5+0,-0.0000723190*J1^2*J2^3+-0.0005695032*J1^1*J2^4+-0.0000723190*J2^5+0,-0.0026326617*J1^2*J2^3+0.0066098162*J1^1*J2^4+-0.0026326617*J2^5+0,-0.0004096974*J1^2*J2^3+0.0004070852*J1^1*J2^4+-0.0004096974*J2^5+0,0,0,0,0,0.0022777320*J1^2*J2^3+-0.0012621426*J1^1*J2^4+0.0022777320*J2^5+0,-0.0001022745*J1^2*J2^3+-0.0008053992*J1^1*J2^4+-0.0001022745*J2^5+0,-0.0037231459*J1^2*J2^3+0.0093476918*J1^1*J2^4+-0.0037231459*J2^5+0,-0.0005793997*J1^2*J2^3+0.0005757055*J1^1*J2^4+-0.0005793997*J2^5+0,0,0,0,0,0,0,0,0,0,0,0,0,0,0,0,0,0,0,0,0,0,0,0,0},
{0,0,0,0,0,0,0,0,0,0,0,0,0,0,0,0,0,0,0,0,0,0,0,0,0,0,0,0,0,0,0,0,0,0,0,0,0,0,0,0,0,0,0,0,0,0,0,0,0.0044691298*J1^2*J2^3+0.0022546839*J1^1*J2^4+0.0044691298*J2^5+0,0.0023361929*J1^2*J2^3+-0.0167378433*J1^1*J2^4+0.0023361929*J2^5+0,0.0006508712*J1^2*J2^3+0.0051605066*J1^1*J2^4+0.0006508712*J2^5+0,-0.0048317992*J1^2*J2^3+0.0026976032*J1^1*J2^4+-0.0048317992*J2^5+0,0,0,0,0,0,0,0,0,0,0,0,0,0,0,0,0,0,0,0,0,0,0,0,0,0,0,0,0,0,0,0,0,0,0,0,0,0,0,0,0,0,0,0,0},
{0,0,0,0,0,0,0,0,0,0,0,0,0,0,0,0,0,0,0,0,0,0,0,0,0,0,0,0,0,0,0,0,0,0,0,0,0,0,0,0,0,0,0,0,0,0,0,0,-0.0023187041*J1^2*J2^3+0.0167378433*J1^1*J2^4+-0.0023187041*J2^5+0,-0.0014796128*J1^2*J2^3+-0.0007515613*J1^1*J2^4+-0.0014796128*J2^5+0,0.0048317992*J1^2*J2^3+-0.0026774089*J1^1*J2^4+0.0048317992*J2^5+0,-0.0002169571*J1^2*J2^3+-0.0017085096*J1^1*J2^4+-0.0002169571*J2^5+0,0,0,0,0,0,0,0,0,0,0,0,0,0,0,0,0,0,0,0,0,0,0,0,0,0,0,0,0,0,0,0,0,0,0,0,0,0,0,0,0,0,0,0,0},
{0,0,0,0,0,0,0,0,0,0,0,0,0,0,0,0,0,0,0,0,0,0,0,0,0,0,0,0,0,0,0,0,0,0,0,0,0,0,0,0,0,0,0,0,0,0,0,0,0.0006508712*J1^2*J2^3+0.0051605066*J1^1*J2^4+0.0006508712*J2^5+0,-0.0048317992*J1^2*J2^3+0.0026976032*J1^1*J2^4+-0.0048317992*J2^5+0,0.0037175685*J1^2*J2^3+-0.0037041558*J1^1*J2^4+0.0037175685*J2^5+0,0.0079154740*J1^2*J2^3+-0.0198527672*J1^1*J2^4+0.0079154740*J2^5+0,0,0,0,0,0,0,0,0,0,0,0,0,0,0,0,0,0,0,0,0,0,0,0,0,0,0,0,0,0,0,0,0,0,0,0,0,0,0,0,0,0,0,0,0},
{0,0,0,0,0,0,0,0,0,0,0,0,0,0,0,0,0,0,0,0,0,0,0,0,0,0,0,0,0,0,0,0,0,0,0,0,0,0,0,0,0,0,0,0,0,0,0,0,0.0048317992*J1^2*J2^3+-0.0026774089*J1^1*J2^4+0.0048317992*J2^5+0,-0.0002169571*J1^2*J2^3+-0.0017085096*J1^1*J2^4+-0.0002169571*J2^5+0,-0.0078979852*J1^2*J2^3+0.0198294487*J1^1*J2^4+-0.0078979852*J2^5+0,-0.0012290923*J1^2*J2^3+0.0012212557*J1^1*J2^4+-0.0012290923*J2^5+0,0,0,0,0,0,0,0,0,0,0,0,0,0,0,0,0,0,0,0,0,0,0,0,0,0,0,0,0,0,0,0,0,0,0,0,0,0,0,0,0,0,0,0,0},
{0,0,0,0,0,0,0,0,0,0,0,0,0,0,0,0,0,0,0,0,0,0,0,0,0,0,0,0,0,0,0,0,0,0,0,0,0,0,0,0,0,0,0,0,0,0,0,0,0,0,0,0,0,0,0,0,-0.0025802533*J1^2*J2^3+-0.0013017423*J1^1*J2^4+-0.0025802533*J2^5+0,-0.0013488016*J1^2*J2^3+0.0096635983*J1^1*J2^4+-0.0013488016*J2^5+0,-0.0003757806*J1^2*J2^3+-0.0029794198*J1^1*J2^4+-0.0003757806*J2^5+0,0.0027896405*J1^2*J2^3+-0.0015574619*J1^1*J2^4+0.0027896405*J2^5+0,0,0,0,0,-0.0036490292*J1^2*J2^3+-0.0018409417*J1^1*J2^4+-0.0036490292*J2^5+0,-0.0019074935*J1^2*J2^3+0.0136663918*J1^1*J2^4+-0.0019074935*J2^5+0,-0.0005314341*J1^2*J2^3+-0.0042135360*J1^1*J2^4+-0.0005314341*J2^5+0,0.0039451475*J1^2*J2^3+-0.0022025838*J1^1*J2^4+0.0039451475*J2^5+0,0,0,0,0,0,0,0,0,0,0,0,0,0,0,0,0,0,0,0,0,0,0,0,0,0,0,0,0},
{0,0,0,0,0,0,0,0,0,0,0,0,0,0,0,0,0,0,0,0,0,0,0,0,0,0,0,0,0,0,0,0,0,0,0,0,0,0,0,0,0,0,0,0,0,0,0,0,0,0,0,0,0,0,0,0,0.0013387044*J1^2*J2^3+-0.0096635983*J1^1*J2^4+0.0013387044*J2^5+0,0.0008542548*J1^2*J2^3+0.0004339141*J1^1*J2^4+0.0008542548*J2^5+0,-0.0027896405*J1^2*J2^3+0.0015458027*J1^1*J2^4+-0.0027896405*J2^5+0,0.0001252602*J1^2*J2^3+0.0009864085*J1^1*J2^4+0.0001252602*J2^5+0,0,0,0,0,0.0018932140*J1^2*J2^3+-0.0136663918*J1^1*J2^4+0.0018932140*J2^5+0,0.0012080988*J1^2*J2^3+0.0006136472*J1^1*J2^4+0.0012080988*J2^5+0,-0.0039451475*J1^2*J2^3+0.0021860952*J1^1*J2^4+-0.0039451475*J2^5+0,0.0001771447*J1^2*J2^3+0.0013949923*J1^1*J2^4+0.0001771447*J2^5+0,0,0,0,0,0,0,0,0,0,0,0,0,0,0,0,0,0,0,0,0,0,0,0,0,0,0,0,0},
{0,0,0,0,0,0,0,0,0,0,0,0,0,0,0,0,0,0,0,0,0,0,0,0,0,0,0,0,0,0,0,0,0,0,0,0,0,0,0,0,0,0,0,0,0,0,0,0,0,0,0,0,0,0,0,0,-0.0003757806*J1^2*J2^3+-0.0029794198*J1^1*J2^4+-0.0003757806*J2^5+0,0.0027896405*J1^2*J2^3+-0.0015574619*J1^1*J2^4+0.0027896405*J2^5+0,-0.0021463392*J1^2*J2^3+0.0021385954*J1^1*J2^4+-0.0021463392*J2^5+0,-0.0045700010*J1^2*J2^3+0.0114620005*J1^1*J2^4+-0.0045700010*J2^5+0,0,0,0,0,-0.0005314341*J1^2*J2^3+-0.0042135360*J1^1*J2^4+-0.0005314341*J2^5+0,0.0039451475*J1^2*J2^3+-0.0022025838*J1^1*J2^4+0.0039451475*J2^5+0,-0.0030353820*J1^2*J2^3+0.0030244306*J1^1*J2^4+-0.0030353820*J2^5+0,-0.0064629575*J1^2*J2^3+0.0162097165*J1^1*J2^4+-0.0064629575*J2^5+0,0,0,0,0,0,0,0,0,0,0,0,0,0,0,0,0,0,0,0,0,0,0,0,0,0,0,0,0},
{0,0,0,0,0,0,0,0,0,0,0,0,0,0,0,0,0,0,0,0,0,0,0,0,0,0,0,0,0,0,0,0,0,0,0,0,0,0,0,0,0,0,0,0,0,0,0,0,0,0,0,0,0,0,0,0,-0.0027896405*J1^2*J2^3+0.0015458027*J1^1*J2^4+-0.0027896405*J2^5+0,0.0001252602*J1^2*J2^3+0.0009864085*J1^1*J2^4+0.0001252602*J2^5+0,0.0045599039*J1^2*J2^3+-0.0114485376*J1^1*J2^4+0.0045599039*J2^5+0,0.0007096168*J1^2*J2^3+-0.0007050923*J1^1*J2^4+0.0007096168*J2^5+0,0,0,0,0,-0.0039451475*J1^2*J2^3+0.0021860952*J1^1*J2^4+-0.0039451475*J2^5+0,0.0001771447*J1^2*J2^3+0.0013949923*J1^1*J2^4+0.0001771447*J2^5+0,0.0064486779*J1^2*J2^3+-0.0161906771*J1^1*J2^4+0.0064486779*J2^5+0,0.0010035497*J1^2*J2^3+-0.0009971511*J1^1*J2^4+0.0010035497*J2^5+0,0,0,0,0,0,0,0,0,0,0,0,0,0,0,0,0,0,0,0,0,0,0,0,0,0,0,0,0},
{0,0,0,0,0,0,0,0,0,0,0,0,0,0,0,0,0,0,0,0,0,0,0,0,0,0,0,0,0,0,0,0,0,0,0,0,0,0,0,0,0,0,0,0,0,0,0,0,0,0,0,0,0.0036490292*J1^2*J2^3+0.0018409417*J1^1*J2^4+0.0036490292*J2^5+0,0.0019074935*J1^2*J2^3+-0.0136663918*J1^1*J2^4+0.0019074935*J2^5+0,0.0005314341*J1^2*J2^3+0.0042135360*J1^1*J2^4+0.0005314341*J2^5+0,-0.0039451475*J1^2*J2^3+0.0022025838*J1^1*J2^4+-0.0039451475*J2^5+0,0,0,0,0,0,0,0,0,0,0,0,0,0,0,0,0,0,0,0,0,0,0,0,0,0,0,0,0,0,0,0,0,0,0,0,0,0,0,0,0},
{0,0,0,0,0,0,0,0,0,0,0,0,0,0,0,0,0,0,0,0,0,0,0,0,0,0,0,0,0,0,0,0,0,0,0,0,0,0,0,0,0,0,0,0,0,0,0,0,0,0,0,0,-0.0018932140*J1^2*J2^3+0.0136663918*J1^1*J2^4+-0.0018932140*J2^5+0,-0.0012080988*J1^2*J2^3+-0.0006136472*J1^1*J2^4+-0.0012080988*J2^5+0,0.0039451475*J1^2*J2^3+-0.0021860952*J1^1*J2^4+0.0039451475*J2^5+0,-0.0001771447*J1^2*J2^3+-0.0013949923*J1^1*J2^4+-0.0001771447*J2^5+0,0,0,0,0,0,0,0,0,0,0,0,0,0,0,0,0,0,0,0,0,0,0,0,0,0,0,0,0,0,0,0,0,0,0,0,0,0,0,0,0},
{0,0,0,0,0,0,0,0,0,0,0,0,0,0,0,0,0,0,0,0,0,0,0,0,0,0,0,0,0,0,0,0,0,0,0,0,0,0,0,0,0,0,0,0,0,0,0,0,0,0,0,0,0.0005314341*J1^2*J2^3+0.0042135360*J1^1*J2^4+0.0005314341*J2^5+0,-0.0039451475*J1^2*J2^3+0.0022025838*J1^1*J2^4+-0.0039451475*J2^5+0,0.0030353820*J1^2*J2^3+-0.0030244306*J1^1*J2^4+0.0030353820*J2^5+0,0.0064629575*J1^2*J2^3+-0.0162097165*J1^1*J2^4+0.0064629575*J2^5+0,0,0,0,0,0,0,0,0,0,0,0,0,0,0,0,0,0,0,0,0,0,0,0,0,0,0,0,0,0,0,0,0,0,0,0,0,0,0,0,0},
{0,0,0,0,0,0,0,0,0,0,0,0,0,0,0,0,0,0,0,0,0,0,0,0,0,0,0,0,0,0,0,0,0,0,0,0,0,0,0,0,0,0,0,0,0,0,0,0,0,0,0,0,0.0039451475*J1^2*J2^3+-0.0021860952*J1^1*J2^4+0.0039451475*J2^5+0,-0.0001771447*J1^2*J2^3+-0.0013949923*J1^1*J2^4+-0.0001771447*J2^5+0,-0.0064486779*J1^2*J2^3+0.0161906771*J1^1*J2^4+-0.0064486779*J2^5+0,-0.0010035497*J1^2*J2^3+0.0009971511*J1^1*J2^4+-0.0010035497*J2^5+0,0,0,0,0,0,0,0,0,0,0,0,0,0,0,0,0,0,0,0,0,0,0,0,0,0,0,0,0,0,0,0,0,0,0,0,0,0,0,0,0},
{0,0,0,0,0,0,0,0,0,0,0,0,0,0,0,0,0,0,0,0,0,0,0,0,0,0,0,0,0,0,0,0,0,0,0,0,0,0,0,0,0,0,0,0,0,0,0,0,0,0,0,0,0,0,0,0,0,0,0,0,-0.0021067680*J1^2*J2^3+-0.0010628682*J1^1*J2^4+-0.0021067680*J2^5+0,-0.0011012919*J1^2*J2^3+0.0078902950*J1^1*J2^4+-0.0011012919*J2^5+0,-0.0003068236*J1^2*J2^3+-0.0024326861*J1^1*J2^4+-0.0003068236*J2^5+0,0.0022777320*J1^2*J2^3+-0.0012716623*J1^1*J2^4+0.0022777320*J2^5+0,0,0,0,0,-0.0029794198*J1^2*J2^3+-0.0015031226*J1^1*J2^4+-0.0029794198*J2^5+0,-0.0015574619*J1^2*J2^3+0.0111585622*J1^1*J2^4+-0.0015574619*J2^5+0,-0.0004339141*J1^2*J2^3+-0.0034403377*J1^1*J2^4+-0.0004339141*J2^5+0,0.0032211994*J1^2*J2^3+-0.0017984021*J1^1*J2^4+0.0032211994*J2^5+0,0,0,0,0,0,0,0,0,0,0,0,0,0,0,0,0,0,0,0,0,0,0,0,0},
{0,0,0,0,0,0,0,0,0,0,0,0,0,0,0,0,0,0,0,0,0,0,0,0,0,0,0,0,0,0,0,0,0,0,0,0,0,0,0,0,0,0,0,0,0,0,0,0,0,0,0,0,0,0,0,0,0,0,0,0,0.0010930476*J1^2*J2^3+-0.0078902950*J1^1*J2^4+0.0010930476*J2^5+0,0.0006974961*J1^2*J2^3+0.0003542894*J1^1*J2^4+0.0006974961*J2^5+0,-0.0022777320*J1^2*J2^3+0.0012621426*J1^1*J2^4+-0.0022777320*J2^5+0,0.0001022745*J1^2*J2^3+0.0008053992*J1^1*J2^4+0.0001022745*J2^5+0,0,0,0,0,0.0015458027*J1^2*J2^3+-0.0111585622*J1^1*J2^4+0.0015458027*J2^5+0,0.0009864085*J1^2*J2^3+0.0005010409*J1^1*J2^4+0.0009864085*J2^5+0,-0.0032211994*J1^2*J2^3+0.0017849392*J1^1*J2^4+-0.0032211994*J2^5+0,0.0001446380*J1^2*J2^3+0.0011390064*J1^1*J2^4+0.0001446380*J2^5+0,0,0,0,0,0,0,0,0,0,0,0,0,0,0,0,0,0,0,0,0,0,0,0,0},
{0,0,0,0,0,0,0,0,0,0,0,0,0,0,0,0,0,0,0,0,0,0,0,0,0,0,0,0,0,0,0,0,0,0,0,0,0,0,0,0,0,0,0,0,0,0,0,0,0,0,0,0,0,0,0,0,0,0,0,0,-0.0003068236*J1^2*J2^3+-0.0024326861*J1^1*J2^4+-0.0003068236*J2^5+0,0.0022777320*J1^2*J2^3+-0.0012716623*J1^1*J2^4+0.0022777320*J2^5+0,-0.0017524786*J1^2*J2^3+0.0017461558*J1^1*J2^4+-0.0017524786*J2^5+0,-0.0037313902*J1^2*J2^3+0.0093586842*J1^1*J2^4+-0.0037313902*J2^5+0,0,0,0,0,-0.0004339141*J1^2*J2^3+-0.0034403377*J1^1*J2^4+-0.0004339141*J2^5+0,0.0032211994*J1^2*J2^3+-0.0017984021*J1^1*J2^4+0.0032211994*J2^5+0,-0.0024783790*J1^2*J2^3+0.0024694372*J1^1*J2^4+-0.0024783790*J2^5+0,-0.0052769827*J1^2*J2^3+0.0132351781*J1^1*J2^4+-0.0052769827*J2^5+0,0,0,0,0,0,0,0,0,0,0,0,0,0,0,0,0,0,0,0,0,0,0,0,0},
{0,0,0,0,0,0,0,0,0,0,0,0,0,0,0,0,0,0,0,0,0,0,0,0,0,0,0,0,0,0,0,0,0,0,0,0,0,0,0,0,0,0,0,0,0,0,0,0,0,0,0,0,0,0,0,0,0,0,0,0,-0.0022777320*J1^2*J2^3+0.0012621426*J1^1*J2^4+-0.0022777320*J2^5+0,0.0001022745*J1^2*J2^3+0.0008053992*J1^1*J2^4+0.0001022745*J2^5+0,0.0037231459*J1^2*J2^3+-0.0093476918*J1^1*J2^4+0.0037231459*J2^5+0,0.0005793997*J1^2*J2^3+-0.0005757055*J1^1*J2^4+0.0005793997*J2^5+0,0,0,0,0,-0.0032211994*J1^2*J2^3+0.0017849392*J1^1*J2^4+-0.0032211994*J2^5+0,0.0001446380*J1^2*J2^3+0.0011390064*J1^1*J2^4+0.0001446380*J2^5+0,0.0052653235*J1^2*J2^3+-0.0132196325*J1^1*J2^4+0.0052653235*J2^5+0,0.0008193949*J1^2*J2^3+-0.0008141705*J1^1*J2^4+0.0008193949*J2^5+0,0,0,0,0,0,0,0,0,0,0,0,0,0,0,0,0,0,0,0,0,0,0,0,0}
}