96
{{0,0,0,0,0,0,0,0,0,0,0,0,0,0,0,0,0,0,0,0,0,0,0,0,0,0,0,0,0,0,0,0,0,0,0,0,0,0,0,0,0,0,0,0,0,0,0,0,0.0066528320*J1^1*J2^4+0.0026704011*J2^5+0,0,-0.0042873708*J1^1*J2^4+-0.0002528048*J2^5+0,0,0,0,0,0,0.0026704011*J1^1*J2^4+0.0066528320*J2^5+0,0,-0.0002528048*J1^1*J2^4+-0.0042873708*J2^5+0,0,0,0,0,0,0,0,0,0,0,0,0,0,0,0,0,0,0,0,0,0,0,0,0,0,0,0,0,0,0,0,0,0,0,0,0,0},
{0,0,0,0,0,0,0,0,0,0,0,0,0,0,0,0,0,0,0,0,0,0,0,0,0,0,0,0,0,0,0,0,0,0,0,0,0,0,0,0,0,0,0,0,0,0,0,0,-0.0042873708*J1^1*J2^4+-0.0049077018*J2^5+0,0,0.0116034614*J1^1*J2^4+-0.0038695536*J2^5+0,0,0,0,0,0,-0.0049077018*J1^1*J2^4+-0.0042873708*J2^5+0,0,-0.0038695536*J1^1*J2^4+0.0116034614*J2^5+0,0,0,0,0,0,0,0,0,0,0,0,0,0,0,0,0,0,0,0,0,0,0,0,0,0,0,0,0,0,0,0,0,0,0,0,0,0},
{0,0,0,0,0,0,0,0,0,0,0,0,0,0,0,0,0,0,0,0,0,0,0,0,0,0,0,0,0,0,0,0,0,0,0,0,0,0,0,0,0,0,0,0,0,0,0,0,-0.0015417568*J1^1*J2^4+-0.0038410144*J2^5+0,0,0.0001459569*J1^1*J2^4+0.0024753147*J2^5+0,0,0,0,0,0,-0.0038410144*J1^1*J2^4+-0.0015417568*J2^5+0,0,0.0024753147*J1^1*J2^4+0.0001459569*J2^5+0,0,0,0,0,0,-0.0032516412*J1^1*J2^4+0.0032516412*J2^5+0,0,0.0032942093*J1^1*J2^4+-0.0032942093*J2^5+0,0,0,0,0,0,0,0,0,0,0,0,0,0,0,0,0,0,0,0,0,0,0,0,0,0,0,0,0,0},
{0,0,0,0,0,0,0,0,0,0,0,0,0,0,0,0,0,0,0,0,0,0,0,0,0,0,0,0,0,0,0,0,0,0,0,0,0,0,0,0,0,0,0,0,0,0,0,0,0.0028334629*J1^1*J2^4+0.0024753147*J2^5+0,0,0.0022340878*J1^1*J2^4+-0.0066992615*J2^5+0,0,0,0,0,0,0.0024753147*J1^1*J2^4+0.0028334629*J2^5+0,0,-0.0066992615*J1^1*J2^4+0.0022340878*J2^5+0,0,0,0,0,0,-0.0005064981*J1^1*J2^4+0.0005064981*J2^5+0,0,-0.0126336638*J1^1*J2^4+0.0126336638*J2^5+0,0,0,0,0,0,0,0,0,0,0,0,0,0,0,0,0,0,0,0,0,0,0,0,0,0,0,0,0,0},
{0,0,0,0,0,0,0,0,0,0,0,0,0,0,0,0,0,0,0,0,0,0,0,0,0,0,0,0,0,0,0,0,0,0,0,0,0,0,0,0,0,0,0,0,0,0,0,0,0,0,0,0,0.0066528320*J1^1*J2^4+0.0026704011*J2^5+0,0,-0.0042873708*J1^1*J2^4+-0.0002528048*J2^5+0,0,0,0,0,0,0.0026704011*J1^1*J2^4+0.0066528320*J2^5+0,0,-0.0002528048*J1^1*J2^4+-0.0042873708*J2^5+0,0,0,0,0,0,0,0,0,0,0,0,0,0,0,0,0,0,0,0,0,0,0,0,0,0,0,0,0,0,0,0,0,0},
{0,0,0,0,0,0,0,0,0,0,0,0,0,0,0,0,0,0,0,0,0,0,0,0,0,0,0,0,0,0,0,0,0,0,0,0,0,0,0,0,0,0,0,0,0,0,0,0,0,0,0,0,-0.0042873708*J1^1*J2^4+-0.0049077018*J2^5+0,0,0.0116034614*J1^1*J2^4+-0.0038695536*J2^5+0,0,0,0,0,0,-0.0049077018*J1^1*J2^4+-0.0042873708*J2^5+0,0,-0.0038695536*J1^1*J2^4+0.0116034614*J2^5+0,0,0,0,0,0,0,0,0,0,0,0,0,0,0,0,0,0,0,0,0,0,0,0,0,0,0,0,0,0,0,0,0,0},
{0,0,0,0,0,0,0,0,0,0,0,0,0,0,0,0,0,0,0,0,0,0,0,0,0,0,0,0,0,0,0,0,0,0,0,0,0,0,0,0,0,0,0,0,0,0,0,0,0,0,0,0,-0.0015417568*J1^1*J2^4+-0.0038410144*J2^5+0,0,0.0001459569*J1^1*J2^4+0.0024753147*J2^5+0,0,0,0,0,0,-0.0038410144*J1^1*J2^4+-0.0015417568*J2^5+0,0,0.0024753147*J1^1*J2^4+0.0001459569*J2^5+0,0,0,0,0,0,-0.0032516412*J1^1*J2^4+0.0032516412*J2^5+0,0,0.0032942093*J1^1*J2^4+-0.0032942093*J2^5+0,0,0,0,0,0,0,0,0,0,0,0,0,0,0,0,0,0,0,0,0,0,0,0,0,0},
{0,0,0,0,0,0,0,0,0,0,0,0,0,0,0,0,0,0,0,0,0,0,0,0,0,0,0,0,0,0,0,0,0,0,0,0,0,0,0,0,0,0,0,0,0,0,0,0,0,0,0,0,0.0028334629*J1^1*J2^4+0.0024753147*J2^5+0,0,0.0022340878*J1^1*J2^4+-0.0066992615*J2^5+0,0,0,0,0,0,0.0024753147*J1^1*J2^4+0.0028334629*J2^5+0,0,-0.0066992615*J1^1*J2^4+0.0022340878*J2^5+0,0,0,0,0,0,-0.0005064981*J1^1*J2^4+0.0005064981*J2^5+0,0,-0.0126336638*J1^1*J2^4+0.0126336638*J2^5+0,0,0,0,0,0,0,0,0,0,0,0,0,0,0,0,0,0,0,0,0,0,0,0,0,0},
{0,0,0,0,0,0,0,0,0,0,0,0,0,0,0,0,0,0,0,0,0,0,0,0,0,0,0,0,0,0,0,0,0,0,0,0,0,0,0,0,0,0,0,0,0,0,0,0,0,-0.0038410144*J1^1*J2^4+-0.0015417568*J2^5+0,0,0.0024753147*J1^1*J2^4+0.0001459569*J2^5+0,0,0,0,0,0,-0.0015417568*J1^1*J2^4+-0.0038410144*J2^5+0,0,0.0001459569*J1^1*J2^4+0.0024753147*J2^5+0,0,0,0,0,0,0,0,0,0,0,0,0,0,0,0,0,0,0,0,0,0,0,0,0,0,0,0,0,0,0,0,0,0,0,0,0},
{0,0,0,0,0,0,0,0,0,0,0,0,0,0,0,0,0,0,0,0,0,0,0,0,0,0,0,0,0,0,0,0,0,0,0,0,0,0,0,0,0,0,0,0,0,0,0,0,0,0.0024753147*J1^1*J2^4+0.0028334629*J2^5+0,0,-0.0066992615*J1^1*J2^4+0.0022340878*J2^5+0,0,0,0,0,0,0.0028334629*J1^1*J2^4+0.0024753147*J2^5+0,0,0.0022340878*J1^1*J2^4+-0.0066992615*J2^5+0,0,0,0,0,0,0,0,0,0,0,0,0,0,0,0,0,0,0,0,0,0,0,0,0,0,0,0,0,0,0,0,0,0,0,0,0},
{0,0,0,0,0,0,0,0,0,0,0,0,0,0,0,0,0,0,0,0,0,0,0,0,0,0,0,0,0,0,0,0,0,0,0,0,0,0,0,0,0,0,0,0,0,0,0,0,0,0.0008901337*J1^1*J2^4+0.0022176107*J2^5+0,0,-0.0000842683*J1^1*J2^4+-0.0014291236*J2^5+0,0,0,0,0,0,0.0022176107*J1^1*J2^4+0.0008901337*J2^5+0,0,-0.0014291236*J1^1*J2^4+-0.0000842683*J2^5+0,0,0,0,0,0,0.0018773359*J1^1*J2^4+-0.0018773359*J2^5+0,0,-0.0019019126*J1^1*J2^4+0.0019019126*J2^5+0,0,0,0,0,0,0,0,0,0,0,0,0,0,0,0,0,0,0,0,0,0,0,0,0,0,0,0,0},
{0,0,0,0,0,0,0,0,0,0,0,0,0,0,0,0,0,0,0,0,0,0,0,0,0,0,0,0,0,0,0,0,0,0,0,0,0,0,0,0,0,0,0,0,0,0,0,0,0,-0.0016359006*J1^1*J2^4+-0.0014291236*J2^5+0,0,-0.0012898512*J1^1*J2^4+0.0038678205*J2^5+0,0,0,0,0,0,-0.0014291236*J1^1*J2^4+-0.0016359006*J2^5+0,0,0.0038678205*J1^1*J2^4+-0.0012898512*J2^5+0,0,0,0,0,0,0.0002924268*J1^1*J2^4+-0.0002924268*J2^5+0,0,0.0072940492*J1^1*J2^4+-0.0072940492*J2^5+0,0,0,0,0,0,0,0,0,0,0,0,0,0,0,0,0,0,0,0,0,0,0,0,0,0,0,0,0},
{0,0,0,0,0,0,0,0,0,0,0,0,0,0,0,0,0,0,0,0,0,0,0,0,0,0,0,0,0,0,0,0,0,0,0,0,0,0,0,0,0,0,0,0,0,0,0,0,0,0,0,0,0,-0.0038410144*J1^1*J2^4+-0.0015417568*J2^5+0,0,0.0024753147*J1^1*J2^4+0.0001459569*J2^5+0,0,0,0,0,0,-0.0015417568*J1^1*J2^4+-0.0038410144*J2^5+0,0,0.0001459569*J1^1*J2^4+0.0024753147*J2^5+0,0,0,0,0,0,0,0,0,0,0,0,0,0,0,0,0,0,0,0,0,0,0,0,0,0,0,0,0,0,0,0,0},
{0,0,0,0,0,0,0,0,0,0,0,0,0,0,0,0,0,0,0,0,0,0,0,0,0,0,0,0,0,0,0,0,0,0,0,0,0,0,0,0,0,0,0,0,0,0,0,0,0,0,0,0,0,0.0024753147*J1^1*J2^4+0.0028334629*J2^5+0,0,-0.0066992615*J1^1*J2^4+0.0022340878*J2^5+0,0,0,0,0,0,0.0028334629*J1^1*J2^4+0.0024753147*J2^5+0,0,0.0022340878*J1^1*J2^4+-0.0066992615*J2^5+0,0,0,0,0,0,0,0,0,0,0,0,0,0,0,0,0,0,0,0,0,0,0,0,0,0,0,0,0,0,0,0,0},
{0,0,0,0,0,0,0,0,0,0,0,0,0,0,0,0,0,0,0,0,0,0,0,0,0,0,0,0,0,0,0,0,0,0,0,0,0,0,0,0,0,0,0,0,0,0,0,0,0,0,0,0,0,0.0008901337*J1^1*J2^4+0.0022176107*J2^5+0,0,-0.0000842683*J1^1*J2^4+-0.0014291236*J2^5+0,0,0,0,0,0,0.0022176107*J1^1*J2^4+0.0008901337*J2^5+0,0,-0.0014291236*J1^1*J2^4+-0.0000842683*J2^5+0,0,0,0,0,0,0.0018773359*J1^1*J2^4+-0.0018773359*J2^5+0,0,-0.0019019126*J1^1*J2^4+0.0019019126*J2^5+0,0,0,0,0,0,0,0,0,0,0,0,0,0,0,0,0,0,0,0,0,0,0,0,0},
{0,0,0,0,0,0,0,0,0,0,0,0,0,0,0,0,0,0,0,0,0,0,0,0,0,0,0,0,0,0,0,0,0,0,0,0,0,0,0,0,0,0,0,0,0,0,0,0,0,0,0,0,0,-0.0016359006*J1^1*J2^4+-0.0014291236*J2^5+0,0,-0.0012898512*J1^1*J2^4+0.0038678205*J2^5+0,0,0,0,0,0,-0.0014291236*J1^1*J2^4+-0.0016359006*J2^5+0,0,0.0038678205*J1^1*J2^4+-0.0012898512*J2^5+0,0,0,0,0,0,0.0002924268*J1^1*J2^4+-0.0002924268*J2^5+0,0,0.0072940492*J1^1*J2^4+-0.0072940492*J2^5+0,0,0,0,0,0,0,0,0,0,0,0,0,0,0,0,0,0,0,0,0,0,0,0,0},
{0,0,0,0,0,0,0,0,0,0,0,0,0,0,0,0,0,0,0,0,0,0,0,0,0,0,0,0,0,0,0,0,0,0,0,0,0,0,0,0,0,0,0,0,0,0,0,0,0,0.0054320146*J1^1*J2^4+0.0021803734*J2^5+0,0,-0.0035006236*J1^1*J2^4+-0.0002064142*J2^5+0,0,0,0,0,0,0.0021803734*J1^1*J2^4+0.0054320146*J2^5+0,0,-0.0002064142*J1^1*J2^4+-0.0035006236*J2^5+0,0,0,0,0,0,0,0,0,0,0,0,0,0,0,0,0,0,0,0,0,0,0,0,0,0,0,0,0,0,0,0,0,0,0,0,0},
{0,0,0,0,0,0,0,0,0,0,0,0,0,0,0,0,0,0,0,0,0,0,0,0,0,0,0,0,0,0,0,0,0,0,0,0,0,0,0,0,0,0,0,0,0,0,0,0,0,-0.0035006236*J1^1*J2^4+-0.0040071217*J2^5+0,0,0.0094741865*J1^1*J2^4+-0.0031594772*J2^5+0,0,0,0,0,0,-0.0040071217*J1^1*J2^4+-0.0035006236*J2^5+0,0,-0.0031594772*J1^1*J2^4+0.0094741865*J2^5+0,0,0,0,0,0,0,0,0,0,0,0,0,0,0,0,0,0,0,0,0,0,0,0,0,0,0,0,0,0,0,0,0,0,0,0,0},
{0,0,0,0,0,0,0,0,0,0,0,0,0,0,0,0,0,0,0,0,0,0,0,0,0,0,0,0,0,0,0,0,0,0,0,0,0,0,0,0,0,0,0,0,0,0,0,0,0,-0.0012588392*J1^1*J2^4+-0.0031361751*J2^5+0,0,0.0001191733*J1^1*J2^4+0.0020210860*J2^5+0,0,0,0,0,0,-0.0031361751*J1^1*J2^4+-0.0012588392*J2^5+0,0,0.0020210860*J1^1*J2^4+0.0001191733*J2^5+0,0,0,0,0,0,-0.0026549539*J1^1*J2^4+0.0026549539*J2^5+0,0,0.0026897107*J1^1*J2^4+-0.0026897107*J2^5+0,0,0,0,0,0,0,0,0,0,0,0,0,0,0,0,0,0,0,0,0,0,0,0,0,0,0,0,0},
{0,0,0,0,0,0,0,0,0,0,0,0,0,0,0,0,0,0,0,0,0,0,0,0,0,0,0,0,0,0,0,0,0,0,0,0,0,0,0,0,0,0,0,0,0,0,0,0,0,0.0023135128*J1^1*J2^4+0.0020210860*J2^5+0,0,0.0018241250*J1^1*J2^4+-0.0054699241*J2^5+0,0,0,0,0,0,0.0020210860*J1^1*J2^4+0.0023135128*J2^5+0,0,-0.0054699241*J1^1*J2^4+0.0018241250*J2^5+0,0,0,0,0,0,-0.0004135540*J1^1*J2^4+0.0004135540*J2^5+0,0,-0.0103153433*J1^1*J2^4+0.0103153433*J2^5+0,0,0,0,0,0,0,0,0,0,0,0,0,0,0,0,0,0,0,0,0,0,0,0,0,0,0,0,0},
{0,0,0,0,0,0,0,0,0,0,0,0,0,0,0,0,0,0,0,0,0,0,0,0,0,0,0,0,0,0,0,0,0,0,0,0,0,0,0,0,0,0,0,0,0,0,0,0,0,0,0,0,0,0.0054320146*J1^1*J2^4+0.0021803734*J2^5+0,0,-0.0035006236*J1^1*J2^4+-0.0002064142*J2^5+0,0,0,0,0,0,0.0021803734*J1^1*J2^4+0.0054320146*J2^5+0,0,-0.0002064142*J1^1*J2^4+-0.0035006236*J2^5+0,0,0,0,0,0,0,0,0,0,0,0,0,0,0,0,0,0,0,0,0,0,0,0,0,0,0,0,0,0,0,0,0},
{0,0,0,0,0,0,0,0,0,0,0,0,0,0,0,0,0,0,0,0,0,0,0,0,0,0,0,0,0,0,0,0,0,0,0,0,0,0,0,0,0,0,0,0,0,0,0,0,0,0,0,0,0,-0.0035006236*J1^1*J2^4+-0.0040071217*J2^5+0,0,0.0094741865*J1^1*J2^4+-0.0031594772*J2^5+0,0,0,0,0,0,-0.0040071217*J1^1*J2^4+-0.0035006236*J2^5+0,0,-0.0031594772*J1^1*J2^4+0.0094741865*J2^5+0,0,0,0,0,0,0,0,0,0,0,0,0,0,0,0,0,0,0,0,0,0,0,0,0,0,0,0,0,0,0,0,0},
{0,0,0,0,0,0,0,0,0,0,0,0,0,0,0,0,0,0,0,0,0,0,0,0,0,0,0,0,0,0,0,0,0,0,0,0,0,0,0,0,0,0,0,0,0,0,0,0,0,0,0,0,0,-0.0012588392*J1^1*J2^4+-0.0031361751*J2^5+0,0,0.0001191733*J1^1*J2^4+0.0020210860*J2^5+0,0,0,0,0,0,-0.0031361751*J1^1*J2^4+-0.0012588392*J2^5+0,0,0.0020210860*J1^1*J2^4+0.0001191733*J2^5+0,0,0,0,0,0,-0.0026549539*J1^1*J2^4+0.0026549539*J2^5+0,0,0.0026897107*J1^1*J2^4+-0.0026897107*J2^5+0,0,0,0,0,0,0,0,0,0,0,0,0,0,0,0,0,0,0,0,0,0,0,0,0},
{0,0,0,0,0,0,0,0,0,0,0,0,0,0,0,0,0,0,0,0,0,0,0,0,0,0,0,0,0,0,0,0,0,0,0,0,0,0,0,0,0,0,0,0,0,0,0,0,0,0,0,0,0,0.0023135128*J1^1*J2^4+0.0020210860*J2^5+0,0,0.0018241250*J1^1*J2^4+-0.0054699241*J2^5+0,0,0,0,0,0,0.0020210860*J1^1*J2^4+0.0023135128*J2^5+0,0,-0.0054699241*J1^1*J2^4+0.0018241250*J2^5+0,0,0,0,0,0,-0.0004135540*J1^1*J2^4+0.0004135540*J2^5+0,0,-0.0103153433*J1^1*J2^4+0.0103153433*J2^5+0,0,0,0,0,0,0,0,0,0,0,0,0,0,0,0,0,0,0,0,0,0,0,0,0},
{0,0,0,0,0,0,0,0,0,0,0,0,0,0,0,0,0,0,0,0,0,0,0,0,0,0,0,0,0,0,0,0,0,0,0,0,0,0,0,0,0,0,0,0,0,0,0,0,0.0089942712*J1^1*J2^4+0.0035963019*J2^5+0,0,-0.0057076484*J1^1*J2^4+-0.0008202053*J2^5+0,0,0,0,0,0,0.0035963019*J1^1*J2^4+0.0089942712*J2^5+0,0,-0.0008202053*J1^1*J2^4+-0.0057076484*J2^5+0,0,0,0,0,0,0,0,0,0,0,0,0,0,0,0,0,0,0,0,0,0,0,0,0,0,0,0,0,0,0,0,0,0,0,0,0,0},
{0,0,0,0,0,0,0,0,0,0,0,0,0,0,0,0,0,0,0,0,0,0,0,0,0,0,0,0,0,0,0,0,0,0,0,0,0,0,0,0,0,0,0,0,0,0,0,0,0,0.0089942712*J1^1*J2^4+0.0035963019*J2^5+0,0,-0.0057076484*J1^1*J2^4+-0.0008202053*J2^5+0,0,0,0,0,0,0.0035963019*J1^1*J2^4+0.0089942712*J2^5+0,0,-0.0008202053*J1^1*J2^4+-0.0057076484*J2^5+0,0,0,0,0,0,0,0,0,0,0,0,0,0,0,0,0,0,0,0,0,0,0,0,0,0,0,0,0,0,0,0,0,0,0,0,0},
{0,0,0,0,0,0,0,0,0,0,0,0,0,0,0,0,0,0,0,0,0,0,0,0,0,0,0,0,0,0,0,0,0,0,0,0,0,0,0,0,0,0,0,0,0,0,0,0,-0.0020763259*J1^1*J2^4+-0.0051928449*J2^5+0,0,0.0004735457*J1^1*J2^4+0.0032953124*J2^5+0,0,0,0,0,0,-0.0051928449*J1^1*J2^4+-0.0020763259*J2^5+0,0,0.0032953124*J1^1*J2^4+0.0004735457*J2^5+0,0,0,0,0,0,-0.0044074235*J1^1*J2^4+0.0044074235*J2^5+0,0,0.0039905806*J1^1*J2^4+-0.0039905806*J2^5+0,0,0,0,0,0,0,0,0,0,0,0,0,0,0,0,0,0,0,0,0,0,0,0,0,0,0,0,0,0},
{0,0,0,0,0,0,0,0,0,0,0,0,0,0,0,0,0,0,0,0,0,0,0,0,0,0,0,0,0,0,0,0,0,0,0,0,0,0,0,0,0,0,0,0,0,0,0,0,0,-0.0020763259*J1^1*J2^4+-0.0051928449*J2^5+0,0,0.0004735457*J1^1*J2^4+0.0032953124*J2^5+0,0,0,0,0,0,-0.0051928449*J1^1*J2^4+-0.0020763259*J2^5+0,0,0.0032953124*J1^1*J2^4+0.0004735457*J2^5+0,0,0,0,0,0,-0.0044074235*J1^1*J2^4+0.0044074235*J2^5+0,0,0.0039905806*J1^1*J2^4+-0.0039905806*J2^5+0,0,0,0,0,0,0,0,0,0,0,0,0,0,0,0,0,0,0,0,0,0,0,0,0,0,0,0,0},
{0,0,0,0,0,0,0,0,0,0,0,0,0,0,0,0,0,0,0,0,0,0,0,0,0,0,0,0,0,0,0,0,0,0,0,0,0,0,0,0,0,0,0,0,0,0,0,0,0,0,0,0,0.0089942712*J1^1*J2^4+0.0035963019*J2^5+0,0,-0.0057076484*J1^1*J2^4+-0.0008202053*J2^5+0,0,0,0,0,0,0.0035963019*J1^1*J2^4+0.0089942712*J2^5+0,0,-0.0008202053*J1^1*J2^4+-0.0057076484*J2^5+0,0,0,0,0,0,0,0,0,0,0,0,0,0,0,0,0,0,0,0,0,0,0,0,0,0,0,0,0,0,0,0,0,0},
{0,0,0,0,0,0,0,0,0,0,0,0,0,0,0,0,0,0,0,0,0,0,0,0,0,0,0,0,0,0,0,0,0,0,0,0,0,0,0,0,0,0,0,0,0,0,0,0,0,0,0,0,0,0.0089942712*J1^1*J2^4+0.0035963019*J2^5+0,0,-0.0057076484*J1^1*J2^4+-0.0008202053*J2^5+0,0,0,0,0,0,0.0035963019*J1^1*J2^4+0.0089942712*J2^5+0,0,-0.0008202053*J1^1*J2^4+-0.0057076484*J2^5+0,0,0,0,0,0,0,0,0,0,0,0,0,0,0,0,0,0,0,0,0,0,0,0,0,0,0,0,0,0,0,0,0},
{0,0,0,0,0,0,0,0,0,0,0,0,0,0,0,0,0,0,0,0,0,0,0,0,0,0,0,0,0,0,0,0,0,0,0,0,0,0,0,0,0,0,0,0,0,0,0,0,0,0,0,0,-0.0020763259*J1^1*J2^4+-0.0051928449*J2^5+0,0,0.0004735457*J1^1*J2^4+0.0032953124*J2^5+0,0,0,0,0,0,-0.0051928449*J1^1*J2^4+-0.0020763259*J2^5+0,0,0.0032953124*J1^1*J2^4+0.0004735457*J2^5+0,0,0,0,0,0,-0.0044074235*J1^1*J2^4+0.0044074235*J2^5+0,0,0.0039905806*J1^1*J2^4+-0.0039905806*J2^5+0,0,0,0,0,0,0,0,0,0,0,0,0,0,0,0,0,0,0,0,0,0,0,0,0,0},
{0,0,0,0,0,0,0,0,0,0,0,0,0,0,0,0,0,0,0,0,0,0,0,0,0,0,0,0,0,0,0,0,0,0,0,0,0,0,0,0,0,0,0,0,0,0,0,0,0,0,0,0,0,-0.0020763259*J1^1*J2^4+-0.0051928449*J2^5+0,0,0.0004735457*J1^1*J2^4+0.0032953124*J2^5+0,0,0,0,0,0,-0.0051928449*J1^1*J2^4+-0.0020763259*J2^5+0,0,0.0032953124*J1^1*J2^4+0.0004735457*J2^5+0,0,0,0,0,0,-0.0044074235*J1^1*J2^4+0.0044074235*J2^5+0,0,0.0039905806*J1^1*J2^4+-0.0039905806*J2^5+0,0,0,0,0,0,0,0,0,0,0,0,0,0,0,0,0,0,0,0,0,0,0,0,0},
{0,0,0,0,0,0,0,0,0,0,0,0,0,0,0,0,0,0,0,0,0,0,0,0,0,0,0,0,0,0,0,0,0,0,0,0,0,0,0,0,0,0,0,0,0,0,0,0,0.0046723291*J1^1*J2^4+0.0059922458*J2^5+0,0,-0.0082029229*J1^1*J2^4+0.0005630935*J2^5+0,0,0,0,0,0,0.0059922458*J1^1*J2^4+0.0046723291*J2^5+0,0,0.0005630935*J1^1*J2^4+-0.0082029229*J2^5+0,0,0,0,0,0,0,0,0,0,0,0,0,0,0,0,0,0,0,0,0,0,0,0,0,0,0,0,0,0,0,0,0,0,0,0,0,0},
{0,0,0,0,0,0,0,0,0,0,0,0,0,0,0,0,0,0,0,0,0,0,0,0,0,0,0,0,0,0,0,0,0,0,0,0,0,0,0,0,0,0,0,0,0,0,0,0,0,0.0046723291*J1^1*J2^4+0.0059922458*J2^5+0,0,-0.0082029229*J1^1*J2^4+0.0005630935*J2^5+0,0,0,0,0,0,0.0059922458*J1^1*J2^4+0.0046723291*J2^5+0,0,0.0005630935*J1^1*J2^4+-0.0082029229*J2^5+0,0,0,0,0,0,0,0,0,0,0,0,0,0,0,0,0,0,0,0,0,0,0,0,0,0,0,0,0,0,0,0,0,0,0,0,0},
{0,0,0,0,0,0,0,0,0,0,0,0,0,0,0,0,0,0,0,0,0,0,0,0,0,0,0,0,0,0,0,0,0,0,0,0,0,0,0,0,0,0,0,0,0,0,0,0,-0.0034596247*J1^1*J2^4+-0.0026975705*J2^5+0,0,-0.0003251022*J1^1*J2^4+0.0047359597*J2^5+0,0,0,0,0,0,-0.0026975705*J1^1*J2^4+-0.0034596247*J2^5+0,0,0.0047359597*J1^1*J2^4+-0.0003251022*J2^5+0,0,0,0,0,0,0.0010777074*J1^1*J2^4+-0.0010777074*J2^5+0,0,0.0071574224*J1^1*J2^4+-0.0071574224*J2^5+0,0,0,0,0,0,0,0,0,0,0,0,0,0,0,0,0,0,0,0,0,0,0,0,0,0,0,0,0,0},
{0,0,0,0,0,0,0,0,0,0,0,0,0,0,0,0,0,0,0,0,0,0,0,0,0,0,0,0,0,0,0,0,0,0,0,0,0,0,0,0,0,0,0,0,0,0,0,0,0,-0.0034596247*J1^1*J2^4+-0.0026975705*J2^5+0,0,-0.0003251022*J1^1*J2^4+0.0047359597*J2^5+0,0,0,0,0,0,-0.0026975705*J1^1*J2^4+-0.0034596247*J2^5+0,0,0.0047359597*J1^1*J2^4+-0.0003251022*J2^5+0,0,0,0,0,0,0.0010777074*J1^1*J2^4+-0.0010777074*J2^5+0,0,0.0071574224*J1^1*J2^4+-0.0071574224*J2^5+0,0,0,0,0,0,0,0,0,0,0,0,0,0,0,0,0,0,0,0,0,0,0,0,0,0,0,0,0},
{0,0,0,0,0,0,0,0,0,0,0,0,0,0,0,0,0,0,0,0,0,0,0,0,0,0,0,0,0,0,0,0,0,0,0,0,0,0,0,0,0,0,0,0,0,0,0,0,0,0,0,0,0.0046723291*J1^1*J2^4+0.0059922458*J2^5+0,0,-0.0082029229*J1^1*J2^4+0.0005630935*J2^5+0,0,0,0,0,0,0.0059922458*J1^1*J2^4+0.0046723291*J2^5+0,0,0.0005630935*J1^1*J2^4+-0.0082029229*J2^5+0,0,0,0,0,0,0,0,0,0,0,0,0,0,0,0,0,0,0,0,0,0,0,0,0,0,0,0,0,0,0,0,0,0},
{0,0,0,0,0,0,0,0,0,0,0,0,0,0,0,0,0,0,0,0,0,0,0,0,0,0,0,0,0,0,0,0,0,0,0,0,0,0,0,0,0,0,0,0,0,0,0,0,0,0,0,0,0,0.0046723291*J1^1*J2^4+0.0059922458*J2^5+0,0,-0.0082029229*J1^1*J2^4+0.0005630935*J2^5+0,0,0,0,0,0,0.0059922458*J1^1*J2^4+0.0046723291*J2^5+0,0,0.0005630935*J1^1*J2^4+-0.0082029229*J2^5+0,0,0,0,0,0,0,0,0,0,0,0,0,0,0,0,0,0,0,0,0,0,0,0,0,0,0,0,0,0,0,0,0},
{0,0,0,0,0,0,0,0,0,0,0,0,0,0,0,0,0,0,0,0,0,0,0,0,0,0,0,0,0,0,0,0,0,0,0,0,0,0,0,0,0,0,0,0,0,0,0,0,0,0,0,0,-0.0034596247*J1^1*J2^4+-0.0026975705*J2^5+0,0,-0.0003251022*J1^1*J2^4+0.0047359597*J2^5+0,0,0,0,0,0,-0.0026975705*J1^1*J2^4+-0.0034596247*J2^5+0,0,0.0047359597*J1^1*J2^4+-0.0003251022*J2^5+0,0,0,0,0,0,0.0010777074*J1^1*J2^4+-0.0010777074*J2^5+0,0,0.0071574224*J1^1*J2^4+-0.0071574224*J2^5+0,0,0,0,0,0,0,0,0,0,0,0,0,0,0,0,0,0,0,0,0,0,0,0,0,0},
{0,0,0,0,0,0,0,0,0,0,0,0,0,0,0,0,0,0,0,0,0,0,0,0,0,0,0,0,0,0,0,0,0,0,0,0,0,0,0,0,0,0,0,0,0,0,0,0,0,0,0,0,0,-0.0034596247*J1^1*J2^4+-0.0026975705*J2^5+0,0,-0.0003251022*J1^1*J2^4+0.0047359597*J2^5+0,0,0,0,0,0,-0.0026975705*J1^1*J2^4+-0.0034596247*J2^5+0,0,0.0047359597*J1^1*J2^4+-0.0003251022*J2^5+0,0,0,0,0,0,0.0010777074*J1^1*J2^4+-0.0010777074*J2^5+0,0,0.0071574224*J1^1*J2^4+-0.0071574224*J2^5+0,0,0,0,0,0,0,0,0,0,0,0,0,0,0,0,0,0,0,0,0,0,0,0,0},
{0,0,0,0,0,0,0,0,0,0,0,0,0,0,0,0,0,0,0,0,0,0,0,0,0,0,0,0,0,0,0,0,0,0,0,0,0,0,0,0,0,0,0,0,0,0,0,0,0.0036865776*J1^1*J2^4+0.0032326154*J2^5+0,0,-0.0132871790*J1^1*J2^4+0.0059626650*J2^5+0,0,0,0,0,0,0.0032326154*J1^1*J2^4+0.0036865776*J2^5+0,0,0.0059626650*J1^1*J2^4+-0.0132871790*J2^5+0,0,0,0,0,0,0,0,0,0,0,0,0,0,0,0,0,0,0,0,0,0,0,0,0,0,0,0,0,0,0,0,0,0,0,0,0,0},
{0,0,0,0,0,0,0,0,0,0,0,0,0,0,0,0,0,0,0,0,0,0,0,0,0,0,0,0,0,0,0,0,0,0,0,0,0,0,0,0,0,0,0,0,0,0,0,0,0,0.0036865776*J1^1*J2^4+0.0032326154*J2^5+0,0,-0.0132871790*J1^1*J2^4+0.0059626650*J2^5+0,0,0,0,0,0,0.0032326154*J1^1*J2^4+0.0036865776*J2^5+0,0,0.0059626650*J1^1*J2^4+-0.0132871790*J2^5+0,0,0,0,0,0,0,0,0,0,0,0,0,0,0,0,0,0,0,0,0,0,0,0,0,0,0,0,0,0,0,0,0,0,0,0,0},
{0,0,0,0,0,0,0,0,0,0,0,0,0,0,0,0,0,0,0,0,0,0,0,0,0,0,0,0,0,0,0,0,0,0,0,0,0,0,0,0,0,0,0,0,0,0,0,0,-0.0018663514*J1^1*J2^4+-0.0021284465*J2^5+0,0,-0.0034425463*J1^1*J2^4+0.0076713564*J2^5+0,0,0,0,0,0,-0.0021284465*J1^1*J2^4+-0.0018663514*J2^5+0,0,0.0076713564*J1^1*J2^4+-0.0034425463*J2^5+0,0,0,0,0,0,-0.0003706585*J1^1*J2^4+0.0003706585*J2^5+0,0,0.0157174318*J1^1*J2^4+-0.0157174318*J2^5+0,0,0,0,0,0,0,0,0,0,0,0,0,0,0,0,0,0,0,0,0,0,0,0,0,0,0,0,0,0},
{0,0,0,0,0,0,0,0,0,0,0,0,0,0,0,0,0,0,0,0,0,0,0,0,0,0,0,0,0,0,0,0,0,0,0,0,0,0,0,0,0,0,0,0,0,0,0,0,0,-0.0018663514*J1^1*J2^4+-0.0021284465*J2^5+0,0,-0.0034425463*J1^1*J2^4+0.0076713564*J2^5+0,0,0,0,0,0,-0.0021284465*J1^1*J2^4+-0.0018663514*J2^5+0,0,0.0076713564*J1^1*J2^4+-0.0034425463*J2^5+0,0,0,0,0,0,-0.0003706585*J1^1*J2^4+0.0003706585*J2^5+0,0,0.0157174318*J1^1*J2^4+-0.0157174318*J2^5+0,0,0,0,0,0,0,0,0,0,0,0,0,0,0,0,0,0,0,0,0,0,0,0,0,0,0,0,0},
{0,0,0,0,0,0,0,0,0,0,0,0,0,0,0,0,0,0,0,0,0,0,0,0,0,0,0,0,0,0,0,0,0,0,0,0,0,0,0,0,0,0,0,0,0,0,0,0,0,0,0,0,0.0036865776*J1^1*J2^4+0.0032326154*J2^5+0,0,-0.0132871790*J1^1*J2^4+0.0059626650*J2^5+0,0,0,0,0,0,0.0032326154*J1^1*J2^4+0.0036865776*J2^5+0,0,0.0059626650*J1^1*J2^4+-0.0132871790*J2^5+0,0,0,0,0,0,0,0,0,0,0,0,0,0,0,0,0,0,0,0,0,0,0,0,0,0,0,0,0,0,0,0,0,0},
{0,0,0,0,0,0,0,0,0,0,0,0,0,0,0,0,0,0,0,0,0,0,0,0,0,0,0,0,0,0,0,0,0,0,0,0,0,0,0,0,0,0,0,0,0,0,0,0,0,0,0,0,0,0.0036865776*J1^1*J2^4+0.0032326154*J2^5+0,0,-0.0132871790*J1^1*J2^4+0.0059626650*J2^5+0,0,0,0,0,0,0.0032326154*J1^1*J2^4+0.0036865776*J2^5+0,0,0.0059626650*J1^1*J2^4+-0.0132871790*J2^5+0,0,0,0,0,0,0,0,0,0,0,0,0,0,0,0,0,0,0,0,0,0,0,0,0,0,0,0,0,0,0,0,0},
{0,0,0,0,0,0,0,0,0,0,0,0,0,0,0,0,0,0,0,0,0,0,0,0,0,0,0,0,0,0,0,0,0,0,0,0,0,0,0,0,0,0,0,0,0,0,0,0,0,0,0,0,-0.0018663514*J1^1*J2^4+-0.0021284465*J2^5+0,0,-0.0034425463*J1^1*J2^4+0.0076713564*J2^5+0,0,0,0,0,0,-0.0021284465*J1^1*J2^4+-0.0018663514*J2^5+0,0,0.0076713564*J1^1*J2^4+-0.0034425463*J2^5+0,0,0,0,0,0,-0.0003706585*J1^1*J2^4+0.0003706585*J2^5+0,0,0.0157174318*J1^1*J2^4+-0.0157174318*J2^5+0,0,0,0,0,0,0,0,0,0,0,0,0,0,0,0,0,0,0,0,0,0,0,0,0,0},
{0,0,0,0,0,0,0,0,0,0,0,0,0,0,0,0,0,0,0,0,0,0,0,0,0,0,0,0,0,0,0,0,0,0,0,0,0,0,0,0,0,0,0,0,0,0,0,0,0,0,0,0,0,-0.0018663514*J1^1*J2^4+-0.0021284465*J2^5+0,0,-0.0034425463*J1^1*J2^4+0.0076713564*J2^5+0,0,0,0,0,0,-0.0021284465*J1^1*J2^4+-0.0018663514*J2^5+0,0,0.0076713564*J1^1*J2^4+-0.0034425463*J2^5+0,0,0,0,0,0,-0.0003706585*J1^1*J2^4+0.0003706585*J2^5+0,0,0.0157174318*J1^1*J2^4+-0.0157174318*J2^5+0,0,0,0,0,0,0,0,0,0,0,0,0,0,0,0,0,0,0,0,0,0,0,0,0},
{0.0002441406*J1^1*J2^4+-0.0008594654*J2^5+0,0.0008927128*J1^1*J2^4+0.0008068349*J2^5+0,0.0004962126*J1^1*J2^4+-0.0001409547*J2^5+0,-0.0004658263*J1^1*J2^4+-0.0005154080*J2^5+0,0,0,0,0,0,0,0,0,0,0,0,0,0,0,0,0,0,0,0,0,0.0013227800*J1^1*J2^4+-0.0012137707*J2^5+0,0,0.0007007709*J1^1*J2^4+-0.0007637074*J2^5+0,0,0,0,0,0,0.0011028525*J1^1*J2^4+-0.0020337015*J2^5+0,0,0.0011741581*J1^1*J2^4+-0.0006367322*J2^5+0,0,0,0,0,0,0.0014881291*J1^1*J2^4+-0.0019581469*J2^5+0,0,0.0011305366*J1^1*J2^4+-0.0008591717*J2^5+0,0,0,0,0,0,0,0,0,0,0,0,0,0,0,0,0,0,0,0,0,0,0,0,0,0,0,0,0,0,0,0,0,0,0,0,0,0,0.0007681387*J1^1*J2^4+-0.0019395616*J2^5+0,0,-0.0010287080*J1^1*J2^4+0.0001832411*J2^5+0,0,0.0011198064*J1^1*J2^4+-0.0004434851*J2^5+0,0,-0.0001057943*J1^1*J2^4+0.0005939248*J2^5+0,0,0,0,0,0,0,0,0,0},
{0,0,0,0,0,0,0,0,-0.0001409547*J1^1*J2^4+0.0004962126*J2^5+0,-0.0005154080*J1^1*J2^4+-0.0004658263*J2^5+0,-0.0002864885*J1^1*J2^4+0.0000813802*J2^5+0,0.0002689450*J1^1*J2^4+0.0002975709*J2^5+0,0,0,0,0,0.0001993400*J1^1*J2^4+-0.0007017506*J2^5+0,0.0007288970*J1^1*J2^4+0.0006587779*J2^5+0,0.0004051559*J1^1*J2^4+-0.0001150890*J2^5+0,-0.0003803456*J1^1*J2^4+-0.0004208289*J2^5+0,0,0,0,0,0,0.0013227800*J1^1*J2^4+-0.0012137707*J2^5+0,0,0.0007007709*J1^1*J2^4+-0.0007637074*J2^5+0,0,0,0,0,0,0.0011028525*J1^1*J2^4+-0.0020337015*J2^5+0,0,0.0011741581*J1^1*J2^4+-0.0006367322*J2^5+0,0,0,0,0,0,0.0014881291*J1^1*J2^4+-0.0019581469*J2^5+0,0,0.0011305366*J1^1*J2^4+-0.0008591717*J2^5+0,0,0,0,0,0,0,0,0,0,0,0,0,0,0,0,0,0,0,0,0,0,0,0,0,0,0,0,0,0,0,0,0,0,0,0,0,0,0.0007681387*J1^1*J2^4+-0.0019395616*J2^5+0,0,-0.0010287080*J1^1*J2^4+0.0001832411*J2^5+0,0,0.0011198064*J1^1*J2^4+-0.0004434851*J2^5+0,0,-0.0001057943*J1^1*J2^4+0.0005939248*J2^5+0,0,0,0,0,0,0,0,0},
{0.0008927128*J1^1*J2^4+0.0014327780*J2^5+0,-0.0007866753*J1^1*J2^4+0.0015795296*J2^5+0,-0.0008272147*J1^1*J2^4+-0.0005154080*J2^5+0,-0.0009119418*J1^1*J2^4+0.0004541872*J2^5+0,0,0,0,0,0,0,0,0,0,0,0,0,0,0,0,0,0,0,0,0,-0.0018517845*J1^1*J2^4+-0.0004246622*J2^5+0,0,0.0002451788*J1^1*J2^4+0.0010691283*J2^5+0,0,0,0,0,0,-0.0019787597*J1^1*J2^4+-0.0008980494*J2^5+0,0,0.0005184890*J1^1*J2^4+0.0011424375*J2^5+0,0,0,0,0,0,-0.0028396924*J1^1*J2^4+-0.0015210133*J2^5+0,0,0.0008781574*J1^1*J2^4+0.0016394972*J2^5+0,0,0,0,0,0,0,0,0,0,0,0,0,0,0,0,0,0,0,0,0,0,0,0,0,0,0,0,0,0,0,0,0,0,0,0,0,0,-0.0010287080*J1^1*J2^4+0.0008091841*J2^5+0,0,0.0019559884*J1^1*J2^4+0.0012194975*J2^5+0,0,-0.0004671827*J1^1*J2^4+0.0005939248*J2^5+0,0,-0.0007040772*J1^1*J2^4+-0.0011292904*J2^5+0,0,0,0,0,0,0,0,0,0},
{0,0,0,0,0,0,0,0,-0.0005154080*J1^1*J2^4+-0.0008272147*J2^5+0,0.0004541872*J1^1*J2^4+-0.0009119418*J2^5+0,0.0004775927*J1^1*J2^4+0.0002975709*J2^5+0,0.0005265099*J1^1*J2^4+-0.0002622251*J2^5+0,0,0,0,0,0.0007288970*J1^1*J2^4+0.0011698583*J2^5+0,-0.0006423177*J1^1*J2^4+0.0012896805*J2^5+0,-0.0006754180*J1^1*J2^4+-0.0004208289*J2^5+0,-0.0007445974*J1^1*J2^4+0.0003708423*J2^5+0,0,0,0,0,0,-0.0018517845*J1^1*J2^4+-0.0004246622*J2^5+0,0,0.0002451788*J1^1*J2^4+0.0010691283*J2^5+0,0,0,0,0,0,-0.0019787597*J1^1*J2^4+-0.0008980494*J2^5+0,0,0.0005184890*J1^1*J2^4+0.0011424375*J2^5+0,0,0,0,0,0,-0.0028396924*J1^1*J2^4+-0.0015210133*J2^5+0,0,0.0008781574*J1^1*J2^4+0.0016394972*J2^5+0,0,0,0,0,0,0,0,0,0,0,0,0,0,0,0,0,0,0,0,0,0,0,0,0,0,0,0,0,0,0,0,0,0,0,0,0,0,-0.0010287080*J1^1*J2^4+0.0008091841*J2^5+0,0,0.0019559884*J1^1*J2^4+0.0012194975*J2^5+0,0,-0.0004671827*J1^1*J2^4+0.0005939248*J2^5+0,0,-0.0007040772*J1^1*J2^4+-0.0011292904*J2^5+0,0,0,0,0,0,0,0,0},
{0,0,0,0,0.0002441406*J1^1*J2^4+-0.0008594654*J2^5+0,0.0008927128*J1^1*J2^4+0.0008068349*J2^5+0,0.0004962126*J1^1*J2^4+-0.0001409547*J2^5+0,-0.0004658263*J1^1*J2^4+-0.0005154080*J2^5+0,0,0,0,0,0,0,0,0,0,0,0,0,0,0,0,0,0,0,0,0,0.0013227800*J1^1*J2^4+-0.0012137707*J2^5+0,0,0.0007007709*J1^1*J2^4+-0.0007637074*J2^5+0,0,0,0,0,0,0.0011028525*J1^1*J2^4+-0.0020337015*J2^5+0,0,0.0011741581*J1^1*J2^4+-0.0006367322*J2^5+0,0,0,0,0,0,0.0014881291*J1^1*J2^4+-0.0019581469*J2^5+0,0,0.0011305366*J1^1*J2^4+-0.0008591717*J2^5+0,0,0,0,0,0,0,0,0,0,0,0,0,0,0,0,0,0,0,0,0,0,0,0,0,0,-0.0004434851*J1^1*J2^4+0.0011198064*J2^5+0,0,0.0005939248*J1^1*J2^4+-0.0001057943*J2^5+0,0,-0.0006465205*J1^1*J2^4+0.0002560462*J2^5+0,0,0.0000610804*J1^1*J2^4+-0.0003429027*J2^5+0,0,0,0,0,0,0,0,0,0,0.0006271827*J1^1*J2^4+-0.0015836454*J2^5+0,0,-0.0008399365*J1^1*J2^4+0.0001496157*J2^5+0,0,0.0009143181*J1^1*J2^4+-0.0003621041*J2^5+0,0,-0.0000863807*J1^1*J2^4+0.0004849376*J2^5+0,0},
{0,0,0,0,0,0,0,0,0,0,0,0,-0.0001409547*J1^1*J2^4+0.0004962126*J2^5+0,-0.0005154080*J1^1*J2^4+-0.0004658263*J2^5+0,-0.0002864885*J1^1*J2^4+0.0000813802*J2^5+0,0.0002689450*J1^1*J2^4+0.0002975709*J2^5+0,0,0,0,0,0.0001993400*J1^1*J2^4+-0.0007017506*J2^5+0,0.0007288970*J1^1*J2^4+0.0006587779*J2^5+0,0.0004051559*J1^1*J2^4+-0.0001150890*J2^5+0,-0.0003803456*J1^1*J2^4+-0.0004208289*J2^5+0,0,0,0,0,0,0.0013227800*J1^1*J2^4+-0.0012137707*J2^5+0,0,0.0007007709*J1^1*J2^4+-0.0007637074*J2^5+0,0,0,0,0,0,0.0011028525*J1^1*J2^4+-0.0020337015*J2^5+0,0,0.0011741581*J1^1*J2^4+-0.0006367322*J2^5+0,0,0,0,0,0,0.0014881291*J1^1*J2^4+-0.0019581469*J2^5+0,0,0.0011305366*J1^1*J2^4+-0.0008591717*J2^5+0,0,0,0,0,0,0,0,0,0,0,0,0,0,0,0,0,0,0,0,0,0,0,0,0,0,-0.0004434851*J1^1*J2^4+0.0011198064*J2^5+0,0,0.0005939248*J1^1*J2^4+-0.0001057943*J2^5+0,0,-0.0006465205*J1^1*J2^4+0.0002560462*J2^5+0,0,0.0000610804*J1^1*J2^4+-0.0003429027*J2^5+0,0,0,0,0,0,0,0,0,0,0.0006271827*J1^1*J2^4+-0.0015836454*J2^5+0,0,-0.0008399365*J1^1*J2^4+0.0001496157*J2^5+0,0,0.0009143181*J1^1*J2^4+-0.0003621041*J2^5+0,0,-0.0000863807*J1^1*J2^4+0.0004849376*J2^5+0},
{0,0,0,0,0.0008927128*J1^1*J2^4+0.0014327780*J2^5+0,-0.0007866753*J1^1*J2^4+0.0015795296*J2^5+0,-0.0008272147*J1^1*J2^4+-0.0005154080*J2^5+0,-0.0009119418*J1^1*J2^4+0.0004541872*J2^5+0,0,0,0,0,0,0,0,0,0,0,0,0,0,0,0,0,0,0,0,0,-0.0018517845*J1^1*J2^4+-0.0004246622*J2^5+0,0,0.0002451788*J1^1*J2^4+0.0010691283*J2^5+0,0,0,0,0,0,-0.0019787597*J1^1*J2^4+-0.0008980494*J2^5+0,0,0.0005184890*J1^1*J2^4+0.0011424375*J2^5+0,0,0,0,0,0,-0.0028396924*J1^1*J2^4+-0.0015210133*J2^5+0,0,0.0008781574*J1^1*J2^4+0.0016394972*J2^5+0,0,0,0,0,0,0,0,0,0,0,0,0,0,0,0,0,0,0,0,0,0,0,0,0,0,0.0005939248*J1^1*J2^4+-0.0004671827*J2^5+0,0,-0.0011292904*J1^1*J2^4+-0.0007040772*J2^5+0,0,0.0002697280*J1^1*J2^4+-0.0003429027*J2^5+0,0,0.0004064992*J1^1*J2^4+0.0006519961*J2^5+0,0,0,0,0,0,0,0,0,0,-0.0008399365*J1^1*J2^4+0.0006606961*J2^5+0,0,0.0015970578*J1^1*J2^4+0.0009957155*J2^5+0,0,-0.0003814531*J1^1*J2^4+0.0004849376*J2^5+0,0,-0.0005748766*J1^1*J2^4+-0.0009220618*J2^5+0,0},
{0,0,0,0,0,0,0,0,0,0,0,0,-0.0005154080*J1^1*J2^4+-0.0008272147*J2^5+0,0.0004541872*J1^1*J2^4+-0.0009119418*J2^5+0,0.0004775927*J1^1*J2^4+0.0002975709*J2^5+0,0.0005265099*J1^1*J2^4+-0.0002622251*J2^5+0,0,0,0,0,0.0007288970*J1^1*J2^4+0.0011698583*J2^5+0,-0.0006423177*J1^1*J2^4+0.0012896805*J2^5+0,-0.0006754180*J1^1*J2^4+-0.0004208289*J2^5+0,-0.0007445974*J1^1*J2^4+0.0003708423*J2^5+0,0,0,0,0,0,-0.0018517845*J1^1*J2^4+-0.0004246622*J2^5+0,0,0.0002451788*J1^1*J2^4+0.0010691283*J2^5+0,0,0,0,0,0,-0.0019787597*J1^1*J2^4+-0.0008980494*J2^5+0,0,0.0005184890*J1^1*J2^4+0.0011424375*J2^5+0,0,0,0,0,0,-0.0028396924*J1^1*J2^4+-0.0015210133*J2^5+0,0,0.0008781574*J1^1*J2^4+0.0016394972*J2^5+0,0,0,0,0,0,0,0,0,0,0,0,0,0,0,0,0,0,0,0,0,0,0,0,0,0,0.0005939248*J1^1*J2^4+-0.0004671827*J2^5+0,0,-0.0011292904*J1^1*J2^4+-0.0007040772*J2^5+0,0,0.0002697280*J1^1*J2^4+-0.0003429027*J2^5+0,0,0.0004064992*J1^1*J2^4+0.0006519961*J2^5+0,0,0,0,0,0,0,0,0,0,-0.0008399365*J1^1*J2^4+0.0006606961*J2^5+0,0,0.0015970578*J1^1*J2^4+0.0009957155*J2^5+0,0,-0.0003814531*J1^1*J2^4+0.0004849376*J2^5+0,0,-0.0005748766*J1^1*J2^4+-0.0009220618*J2^5+0},
{-0.0008594654*J1^1*J2^4+0.0002441406*J2^5+0,0.0008068349*J1^1*J2^4+0.0008927128*J2^5+0,-0.0001409547*J1^1*J2^4+0.0004962126*J2^5+0,-0.0005154080*J1^1*J2^4+-0.0004658263*J2^5+0,0,0,0,0,0,0,0,0,0,0,0,0,0,0,0,0,0,0,0,0,-0.0012137707*J1^1*J2^4+0.0013227800*J2^5+0,0,-0.0007637074*J1^1*J2^4+0.0007007709*J2^5+0,0,0,0,0,0,-0.0020337015*J1^1*J2^4+0.0011028525*J2^5+0,0,-0.0006367322*J1^1*J2^4+0.0011741581*J2^5+0,0,0,0,0,0,-0.0019581469*J1^1*J2^4+0.0014881291*J2^5+0,0,-0.0008591717*J1^1*J2^4+0.0011305366*J2^5+0,0,0,0,0,0,0,0,0,0,0,0,0,0,0,0,0,0,0,0,0,0,0,0,0,0,0,0,0,0,0,0,0,0,0,0,0,0,-0.0019395616*J1^1*J2^4+0.0007681387*J2^5+0,0,0.0001832411*J1^1*J2^4+-0.0010287080*J2^5+0,0,-0.0004434851*J1^1*J2^4+0.0011198064*J2^5+0,0,0.0005939248*J1^1*J2^4+-0.0001057943*J2^5+0,0,0,0,0,0,0,0,0,0},
{0,0,0,0,0,0,0,0,0.0004962126*J1^1*J2^4+-0.0001409547*J2^5+0,-0.0004658263*J1^1*J2^4+-0.0005154080*J2^5+0,0.0000813802*J1^1*J2^4+-0.0002864885*J2^5+0,0.0002975709*J1^1*J2^4+0.0002689450*J2^5+0,0,0,0,0,-0.0007017506*J1^1*J2^4+0.0001993400*J2^5+0,0.0006587779*J1^1*J2^4+0.0007288970*J2^5+0,-0.0001150890*J1^1*J2^4+0.0004051559*J2^5+0,-0.0004208289*J1^1*J2^4+-0.0003803456*J2^5+0,0,0,0,0,0,-0.0012137707*J1^1*J2^4+0.0013227800*J2^5+0,0,-0.0007637074*J1^1*J2^4+0.0007007709*J2^5+0,0,0,0,0,0,-0.0020337015*J1^1*J2^4+0.0011028525*J2^5+0,0,-0.0006367322*J1^1*J2^4+0.0011741581*J2^5+0,0,0,0,0,0,-0.0019581469*J1^1*J2^4+0.0014881291*J2^5+0,0,-0.0008591717*J1^1*J2^4+0.0011305366*J2^5+0,0,0,0,0,0,0,0,0,0,0,0,0,0,0,0,0,0,0,0,0,0,0,0,0,0,0,0,0,0,0,0,0,0,0,0,0,0,-0.0019395616*J1^1*J2^4+0.0007681387*J2^5+0,0,0.0001832411*J1^1*J2^4+-0.0010287080*J2^5+0,0,-0.0004434851*J1^1*J2^4+0.0011198064*J2^5+0,0,0.0005939248*J1^1*J2^4+-0.0001057943*J2^5+0,0,0,0,0,0,0,0,0},
{0.0014327780*J1^1*J2^4+0.0008927128*J2^5+0,0.0015795296*J1^1*J2^4+-0.0007866753*J2^5+0,-0.0005154080*J1^1*J2^4+-0.0008272147*J2^5+0,0.0004541872*J1^1*J2^4+-0.0009119418*J2^5+0,0,0,0,0,0,0,0,0,0,0,0,0,0,0,0,0,0,0,0,0,-0.0004246622*J1^1*J2^4+-0.0018517845*J2^5+0,0,0.0010691283*J1^1*J2^4+0.0002451788*J2^5+0,0,0,0,0,0,-0.0008980494*J1^1*J2^4+-0.0019787597*J2^5+0,0,0.0011424375*J1^1*J2^4+0.0005184890*J2^5+0,0,0,0,0,0,-0.0015210133*J1^1*J2^4+-0.0028396924*J2^5+0,0,0.0016394972*J1^1*J2^4+0.0008781574*J2^5+0,0,0,0,0,0,0,0,0,0,0,0,0,0,0,0,0,0,0,0,0,0,0,0,0,0,0,0,0,0,0,0,0,0,0,0,0,0,0.0008091841*J1^1*J2^4+-0.0010287080*J2^5+0,0,0.0012194975*J1^1*J2^4+0.0019559884*J2^5+0,0,0.0005939248*J1^1*J2^4+-0.0004671827*J2^5+0,0,-0.0011292904*J1^1*J2^4+-0.0007040772*J2^5+0,0,0,0,0,0,0,0,0,0},
{0,0,0,0,0,0,0,0,-0.0008272147*J1^1*J2^4+-0.0005154080*J2^5+0,-0.0009119418*J1^1*J2^4+0.0004541872*J2^5+0,0.0002975709*J1^1*J2^4+0.0004775927*J2^5+0,-0.0002622251*J1^1*J2^4+0.0005265099*J2^5+0,0,0,0,0,0.0011698583*J1^1*J2^4+0.0007288970*J2^5+0,0.0012896805*J1^1*J2^4+-0.0006423177*J2^5+0,-0.0004208289*J1^1*J2^4+-0.0006754180*J2^5+0,0.0003708423*J1^1*J2^4+-0.0007445974*J2^5+0,0,0,0,0,0,-0.0004246622*J1^1*J2^4+-0.0018517845*J2^5+0,0,0.0010691283*J1^1*J2^4+0.0002451788*J2^5+0,0,0,0,0,0,-0.0008980494*J1^1*J2^4+-0.0019787597*J2^5+0,0,0.0011424375*J1^1*J2^4+0.0005184890*J2^5+0,0,0,0,0,0,-0.0015210133*J1^1*J2^4+-0.0028396924*J2^5+0,0,0.0016394972*J1^1*J2^4+0.0008781574*J2^5+0,0,0,0,0,0,0,0,0,0,0,0,0,0,0,0,0,0,0,0,0,0,0,0,0,0,0,0,0,0,0,0,0,0,0,0,0,0,0.0008091841*J1^1*J2^4+-0.0010287080*J2^5+0,0,0.0012194975*J1^1*J2^4+0.0019559884*J2^5+0,0,0.0005939248*J1^1*J2^4+-0.0004671827*J2^5+0,0,-0.0011292904*J1^1*J2^4+-0.0007040772*J2^5+0,0,0,0,0,0,0,0,0},
{0,0,0,0,-0.0008594654*J1^1*J2^4+0.0002441406*J2^5+0,0.0008068349*J1^1*J2^4+0.0008927128*J2^5+0,-0.0001409547*J1^1*J2^4+0.0004962126*J2^5+0,-0.0005154080*J1^1*J2^4+-0.0004658263*J2^5+0,0,0,0,0,0,0,0,0,0,0,0,0,0,0,0,0,0,0,0,0,-0.0012137707*J1^1*J2^4+0.0013227800*J2^5+0,0,-0.0007637074*J1^1*J2^4+0.0007007709*J2^5+0,0,0,0,0,0,-0.0020337015*J1^1*J2^4+0.0011028525*J2^5+0,0,-0.0006367322*J1^1*J2^4+0.0011741581*J2^5+0,0,0,0,0,0,-0.0019581469*J1^1*J2^4+0.0014881291*J2^5+0,0,-0.0008591717*J1^1*J2^4+0.0011305366*J2^5+0,0,0,0,0,0,0,0,0,0,0,0,0,0,0,0,0,0,0,0,0,0,0,0,0,0,0.0011198064*J1^1*J2^4+-0.0004434851*J2^5+0,0,-0.0001057943*J1^1*J2^4+0.0005939248*J2^5+0,0,0.0002560462*J1^1*J2^4+-0.0006465205*J2^5+0,0,-0.0003429027*J1^1*J2^4+0.0000610804*J2^5+0,0,0,0,0,0,0,0,0,0,-0.0015836454*J1^1*J2^4+0.0006271827*J2^5+0,0,0.0001496157*J1^1*J2^4+-0.0008399365*J2^5+0,0,-0.0003621041*J1^1*J2^4+0.0009143181*J2^5+0,0,0.0004849376*J1^1*J2^4+-0.0000863807*J2^5+0,0},
{0,0,0,0,0,0,0,0,0,0,0,0,0.0004962126*J1^1*J2^4+-0.0001409547*J2^5+0,-0.0004658263*J1^1*J2^4+-0.0005154080*J2^5+0,0.0000813802*J1^1*J2^4+-0.0002864885*J2^5+0,0.0002975709*J1^1*J2^4+0.0002689450*J2^5+0,0,0,0,0,-0.0007017506*J1^1*J2^4+0.0001993400*J2^5+0,0.0006587779*J1^1*J2^4+0.0007288970*J2^5+0,-0.0001150890*J1^1*J2^4+0.0004051559*J2^5+0,-0.0004208289*J1^1*J2^4+-0.0003803456*J2^5+0,0,0,0,0,0,-0.0012137707*J1^1*J2^4+0.0013227800*J2^5+0,0,-0.0007637074*J1^1*J2^4+0.0007007709*J2^5+0,0,0,0,0,0,-0.0020337015*J1^1*J2^4+0.0011028525*J2^5+0,0,-0.0006367322*J1^1*J2^4+0.0011741581*J2^5+0,0,0,0,0,0,-0.0019581469*J1^1*J2^4+0.0014881291*J2^5+0,0,-0.0008591717*J1^1*J2^4+0.0011305366*J2^5+0,0,0,0,0,0,0,0,0,0,0,0,0,0,0,0,0,0,0,0,0,0,0,0,0,0,0.0011198064*J1^1*J2^4+-0.0004434851*J2^5+0,0,-0.0001057943*J1^1*J2^4+0.0005939248*J2^5+0,0,0.0002560462*J1^1*J2^4+-0.0006465205*J2^5+0,0,-0.0003429027*J1^1*J2^4+0.0000610804*J2^5+0,0,0,0,0,0,0,0,0,0,-0.0015836454*J1^1*J2^4+0.0006271827*J2^5+0,0,0.0001496157*J1^1*J2^4+-0.0008399365*J2^5+0,0,-0.0003621041*J1^1*J2^4+0.0009143181*J2^5+0,0,0.0004849376*J1^1*J2^4+-0.0000863807*J2^5+0},
{0,0,0,0,0.0014327780*J1^1*J2^4+0.0008927128*J2^5+0,0.0015795296*J1^1*J2^4+-0.0007866753*J2^5+0,-0.0005154080*J1^1*J2^4+-0.0008272147*J2^5+0,0.0004541872*J1^1*J2^4+-0.0009119418*J2^5+0,0,0,0,0,0,0,0,0,0,0,0,0,0,0,0,0,0,0,0,0,-0.0004246622*J1^1*J2^4+-0.0018517845*J2^5+0,0,0.0010691283*J1^1*J2^4+0.0002451788*J2^5+0,0,0,0,0,0,-0.0008980494*J1^1*J2^4+-0.0019787597*J2^5+0,0,0.0011424375*J1^1*J2^4+0.0005184890*J2^5+0,0,0,0,0,0,-0.0015210133*J1^1*J2^4+-0.0028396924*J2^5+0,0,0.0016394972*J1^1*J2^4+0.0008781574*J2^5+0,0,0,0,0,0,0,0,0,0,0,0,0,0,0,0,0,0,0,0,0,0,0,0,0,0,-0.0004671827*J1^1*J2^4+0.0005939248*J2^5+0,0,-0.0007040772*J1^1*J2^4+-0.0011292904*J2^5+0,0,-0.0003429027*J1^1*J2^4+0.0002697280*J2^5+0,0,0.0006519961*J1^1*J2^4+0.0004064992*J2^5+0,0,0,0,0,0,0,0,0,0,0.0006606961*J1^1*J2^4+-0.0008399365*J2^5+0,0,0.0009957155*J1^1*J2^4+0.0015970578*J2^5+0,0,0.0004849376*J1^1*J2^4+-0.0003814531*J2^5+0,0,-0.0009220618*J1^1*J2^4+-0.0005748766*J2^5+0,0},
{0,0,0,0,0,0,0,0,0,0,0,0,-0.0008272147*J1^1*J2^4+-0.0005154080*J2^5+0,-0.0009119418*J1^1*J2^4+0.0004541872*J2^5+0,0.0002975709*J1^1*J2^4+0.0004775927*J2^5+0,-0.0002622251*J1^1*J2^4+0.0005265099*J2^5+0,0,0,0,0,0.0011698583*J1^1*J2^4+0.0007288970*J2^5+0,0.0012896805*J1^1*J2^4+-0.0006423177*J2^5+0,-0.0004208289*J1^1*J2^4+-0.0006754180*J2^5+0,0.0003708423*J1^1*J2^4+-0.0007445974*J2^5+0,0,0,0,0,0,-0.0004246622*J1^1*J2^4+-0.0018517845*J2^5+0,0,0.0010691283*J1^1*J2^4+0.0002451788*J2^5+0,0,0,0,0,0,-0.0008980494*J1^1*J2^4+-0.0019787597*J2^5+0,0,0.0011424375*J1^1*J2^4+0.0005184890*J2^5+0,0,0,0,0,0,-0.0015210133*J1^1*J2^4+-0.0028396924*J2^5+0,0,0.0016394972*J1^1*J2^4+0.0008781574*J2^5+0,0,0,0,0,0,0,0,0,0,0,0,0,0,0,0,0,0,0,0,0,0,0,0,0,0,-0.0004671827*J1^1*J2^4+0.0005939248*J2^5+0,0,-0.0007040772*J1^1*J2^4+-0.0011292904*J2^5+0,0,-0.0003429027*J1^1*J2^4+0.0002697280*J2^5+0,0,0.0006519961*J1^1*J2^4+0.0004064992*J2^5+0,0,0,0,0,0,0,0,0,0,0.0006606961*J1^1*J2^4+-0.0008399365*J2^5+0,0,0.0009957155*J1^1*J2^4+0.0015970578*J2^5+0,0,0.0004849376*J1^1*J2^4+-0.0003814531*J2^5+0,0,-0.0009220618*J1^1*J2^4+-0.0005748766*J2^5+0},
{0,0,-0.0009010906*J1^1*J2^4+0.0009010906*J2^5+0,-0.0000701190*J1^1*J2^4+0.0000701190*J2^5+0,0,0,0,0,0,0,0,0,0,0,0,0,0,0,0,0,0,0,0,0,0,0,-0.0020710850*J1^1*J2^4+0.0020710850*J2^5+0,0,0,0,0,0,0,0,-0.0025609856*J1^1*J2^4+0.0025609856*J2^5+0,0,0,0,0,0,0,0,-0.0028138726*J1^1*J2^4+0.0028138726*J2^5+0,0,0,0,0,0,0,0,0,0,0,0,0,0,0,0,0,0,0,0,0,0,0,0,0,0,0,0,0,0,0,0,0,0,0,0,0,0,0,0,0,0,-0.0022108281*J1^1*J2^4+0.0022108281*J2^5+0,0,0.0009895522*J1^1*J2^4+-0.0009895522*J2^5+0,0,0,0,0,0,0,0,0,0},
{0,0,0,0,0,0,0,0,0,0,0.0005202449*J1^1*J2^4+-0.0005202449*J2^5+0,0.0000404832*J1^1*J2^4+-0.0000404832*J2^5+0,0,0,0,0,0,0,-0.0007357374*J1^1*J2^4+0.0007357374*J2^5+0,-0.0000572520*J1^1*J2^4+0.0000572520*J2^5+0,0,0,0,0,0,0,0,-0.0020710850*J1^1*J2^4+0.0020710850*J2^5+0,0,0,0,0,0,0,0,-0.0025609856*J1^1*J2^4+0.0025609856*J2^5+0,0,0,0,0,0,0,0,-0.0028138726*J1^1*J2^4+0.0028138726*J2^5+0,0,0,0,0,0,0,0,0,0,0,0,0,0,0,0,0,0,0,0,0,0,0,0,0,0,0,0,0,0,0,0,0,0,0,0,0,0,0,0,0,0,-0.0022108281*J1^1*J2^4+0.0022108281*J2^5+0,0,0.0009895522*J1^1*J2^4+-0.0009895522*J2^5+0,0,0,0,0,0,0,0,0},
{0,0,0.0004409614*J1^1*J2^4+-0.0004409614*J2^5+0,0.0019319982*J1^1*J2^4+-0.0019319982*J2^5+0,0,0,0,0,0,0,0,0,0,0,0,0,0,0,0,0,0,0,0,0,0,0,0.0011652405*J1^1*J2^4+-0.0011652405*J2^5+0,0,0,0,0,0,0,0,0.0008823963*J1^1*J2^4+-0.0008823963*J2^5+0,0,0,0,0,0,0,0,0.0010766970*J1^1*J2^4+-0.0010766970*J2^5+0,0,0,0,0,0,0,0,0,0,0,0,0,0,0,0,0,0,0,0,0,0,0,0,0,0,0,0,0,0,0,0,0,0,0,0,0,0,0,0,0,0,0.0015006326*J1^1*J2^4+-0.0015006326*J2^5+0,0,-0.0006013423*J1^1*J2^4+0.0006013423*J2^5+0,0,0,0,0,0,0,0,0,0},
{0,0,0,0,0,0,0,0,0,0,-0.0002545892*J1^1*J2^4+0.0002545892*J2^5+0,-0.0011154397*J1^1*J2^4+0.0011154397*J2^5+0,0,0,0,0,0,0,0.0003600434*J1^1*J2^4+-0.0003600434*J2^5+0,0.0015774699*J1^1*J2^4+-0.0015774699*J2^5+0,0,0,0,0,0,0,0,0.0011652405*J1^1*J2^4+-0.0011652405*J2^5+0,0,0,0,0,0,0,0,0.0008823963*J1^1*J2^4+-0.0008823963*J2^5+0,0,0,0,0,0,0,0,0.0010766970*J1^1*J2^4+-0.0010766970*J2^5+0,0,0,0,0,0,0,0,0,0,0,0,0,0,0,0,0,0,0,0,0,0,0,0,0,0,0,0,0,0,0,0,0,0,0,0,0,0,0,0,0,0,0.0015006326*J1^1*J2^4+-0.0015006326*J2^5+0,0,-0.0006013423*J1^1*J2^4+0.0006013423*J2^5+0,0,0,0,0,0,0,0,0},
{0,0,0,0,0,0,-0.0009010906*J1^1*J2^4+0.0009010906*J2^5+0,-0.0000701190*J1^1*J2^4+0.0000701190*J2^5+0,0,0,0,0,0,0,0,0,0,0,0,0,0,0,0,0,0,0,0,0,0,0,-0.0020710850*J1^1*J2^4+0.0020710850*J2^5+0,0,0,0,0,0,0,0,-0.0025609856*J1^1*J2^4+0.0025609856*J2^5+0,0,0,0,0,0,0,0,-0.0028138726*J1^1*J2^4+0.0028138726*J2^5+0,0,0,0,0,0,0,0,0,0,0,0,0,0,0,0,0,0,0,0,0,0,0,0,0,0,0,0,0,0,0.0012764222*J1^1*J2^4+-0.0012764222*J2^5+0,0,-0.0005713182*J1^1*J2^4+0.0005713182*J2^5+0,0,0,0,0,0,0,0,0,0,0,0,0,0,-0.0018051336*J1^1*J2^4+0.0018051336*J2^5+0,0,0.0008079660*J1^1*J2^4+-0.0008079660*J2^5+0,0},
{0,0,0,0,0,0,0,0,0,0,0,0,0,0,0.0005202449*J1^1*J2^4+-0.0005202449*J2^5+0,0.0000404832*J1^1*J2^4+-0.0000404832*J2^5+0,0,0,0,0,0,0,-0.0007357374*J1^1*J2^4+0.0007357374*J2^5+0,-0.0000572520*J1^1*J2^4+0.0000572520*J2^5+0,0,0,0,0,0,0,0,-0.0020710850*J1^1*J2^4+0.0020710850*J2^5+0,0,0,0,0,0,0,0,-0.0025609856*J1^1*J2^4+0.0025609856*J2^5+0,0,0,0,0,0,0,0,-0.0028138726*J1^1*J2^4+0.0028138726*J2^5+0,0,0,0,0,0,0,0,0,0,0,0,0,0,0,0,0,0,0,0,0,0,0,0,0,0,0,0,0,0,0.0012764222*J1^1*J2^4+-0.0012764222*J2^5+0,0,-0.0005713182*J1^1*J2^4+0.0005713182*J2^5+0,0,0,0,0,0,0,0,0,0,0,0,0,0,-0.0018051336*J1^1*J2^4+0.0018051336*J2^5+0,0,0.0008079660*J1^1*J2^4+-0.0008079660*J2^5+0},
{0,0,0,0,0,0,0.0004409614*J1^1*J2^4+-0.0004409614*J2^5+0,0.0019319982*J1^1*J2^4+-0.0019319982*J2^5+0,0,0,0,0,0,0,0,0,0,0,0,0,0,0,0,0,0,0,0,0,0,0,0.0011652405*J1^1*J2^4+-0.0011652405*J2^5+0,0,0,0,0,0,0,0,0.0008823963*J1^1*J2^4+-0.0008823963*J2^5+0,0,0,0,0,0,0,0,0.0010766970*J1^1*J2^4+-0.0010766970*J2^5+0,0,0,0,0,0,0,0,0,0,0,0,0,0,0,0,0,0,0,0,0,0,0,0,0,0,0,0,0,0,-0.0008663906*J1^1*J2^4+0.0008663906*J2^5+0,0,0.0003471851*J1^1*J2^4+-0.0003471851*J2^5+0,0,0,0,0,0,0,0,0,0,0,0,0,0,0.0012252614*J1^1*J2^4+-0.0012252614*J2^5+0,0,-0.0004909939*J1^1*J2^4+0.0004909939*J2^5+0,0},
{0,0,0,0,0,0,0,0,0,0,0,0,0,0,-0.0002545892*J1^1*J2^4+0.0002545892*J2^5+0,-0.0011154397*J1^1*J2^4+0.0011154397*J2^5+0,0,0,0,0,0,0,0.0003600434*J1^1*J2^4+-0.0003600434*J2^5+0,0.0015774699*J1^1*J2^4+-0.0015774699*J2^5+0,0,0,0,0,0,0,0,0.0011652405*J1^1*J2^4+-0.0011652405*J2^5+0,0,0,0,0,0,0,0,0.0008823963*J1^1*J2^4+-0.0008823963*J2^5+0,0,0,0,0,0,0,0,0.0010766970*J1^1*J2^4+-0.0010766970*J2^5+0,0,0,0,0,0,0,0,0,0,0,0,0,0,0,0,0,0,0,0,0,0,0,0,0,0,0,0,0,0,-0.0008663906*J1^1*J2^4+0.0008663906*J2^5+0,0,0.0003471851*J1^1*J2^4+-0.0003471851*J2^5+0,0,0,0,0,0,0,0,0,0,0,0,0,0,0.0012252614*J1^1*J2^4+-0.0012252614*J2^5+0,0,-0.0004909939*J1^1*J2^4+0.0004909939*J2^5+0},
{0,0,0,0,0,0,0,0,0,0,0,0,0,0,0,0,0,0,0,0,0,0,0,0,0,0,0,0,0,0,0,0,0,0,0,0,0,0,0,0,0,0,0,0,0,0,0,0,0,0,0,0,-0.0024814545*J1^1*J2^4+-0.0025802533*J2^5+0,0,0.0038932141*J1^1*J2^4+-0.0004536193*J2^5+0,0,0,0,0,0,-0.0025802533*J1^1*J2^4+-0.0024814545*J2^5+0,0,-0.0004536193*J1^1*J2^4+0.0038932141*J2^5+0,0,0,0,0,0,0,0,0,0,0,0,0,0,0,0,0,0,0,0,0,0,0,0,0,0,0,0,0,0,0,0,0,0},
{0,0,0,0,0,0,0,0,0,0,0,0,0,0,0,0,0,0,0,0,0,0,0,0,0,0,0,0,0,0,0,0,0,0,0,0,0,0,0,0,0,0,0,0,0,0,0,0,0,0,0,0,0,-0.0024814545*J1^1*J2^4+-0.0025802533*J2^5+0,0,0.0038932141*J1^1*J2^4+-0.0004536193*J2^5+0,0,0,0,0,0,-0.0025802533*J1^1*J2^4+-0.0024814545*J2^5+0,0,-0.0004536193*J1^1*J2^4+0.0038932141*J2^5+0,0,0,0,0,0,0,0,0,0,0,0,0,0,0,0,0,0,0,0,0,0,0,0,0,0,0,0,0,0,0,0,0},
{0,0,0,0,0,0,0,0,0,0,0,0,0,0,0,0,0,0,0,0,0,0,0,0,0,0,0,0,0,0,0,0,0,0,0,0,0,0,0,0,0,0,0,0,0,0,0,0,0,0,0,0,0.0038932141*J1^1*J2^4+0.0022338867*J2^5+0,0,-0.0069769509*J1^1*J2^4+0.0018879223*J2^5+0,0,0,0,0,0,0.0022338867*J1^1*J2^4+0.0038932141*J2^5+0,0,0.0018879223*J1^1*J2^4+-0.0069769509*J2^5+0,0,0,0,0,0,0,0,0,0,0,0,0,0,0,0,0,0,0,0,0,0,0,0,0,0,0,0,0,0,0,0,0,0},
{0,0,0,0,0,0,0,0,0,0,0,0,0,0,0,0,0,0,0,0,0,0,0,0,0,0,0,0,0,0,0,0,0,0,0,0,0,0,0,0,0,0,0,0,0,0,0,0,0,0,0,0,0,0.0038932141*J1^1*J2^4+0.0022338867*J2^5+0,0,-0.0069769509*J1^1*J2^4+0.0018879223*J2^5+0,0,0,0,0,0,0.0022338867*J1^1*J2^4+0.0038932141*J2^5+0,0,0.0018879223*J1^1*J2^4+-0.0069769509*J2^5+0,0,0,0,0,0,0,0,0,0,0,0,0,0,0,0,0,0,0,0,0,0,0,0,0,0,0,0,0,0,0,0,0},
{0,0,0,0,0,0,0,0,0,0,0,0,0,0,0,0,0,0,0,0,0,0,0,0,0,0,0,0,0,0,0,0,0,0,0,0,0,0,0,0,0,0,0,0,0,0,0,0,0,0,0,0,0.0014897099*J1^1*J2^4+0.0014326684*J2^5+0,0,0.0002618972*J1^1*J2^4+-0.0022477482*J2^5+0,0,0,0,0,0,0.0014326684*J1^1*J2^4+0.0014897099*J2^5+0,0,-0.0022477482*J1^1*J2^4+0.0002618972*J2^5+0,0,0,0,0,0,-0.0000806689*J1^1*J2^4+0.0000806689*J2^5+0,0,-0.0035491746*J1^1*J2^4+0.0035491746*J2^5+0,0,0,0,0,0,0,0,0,0,0,0,0,0,0,0,0,0,0,0,0,0,0,0,0,0},
{0,0,0,0,0,0,0,0,0,0,0,0,0,0,0,0,0,0,0,0,0,0,0,0,0,0,0,0,0,0,0,0,0,0,0,0,0,0,0,0,0,0,0,0,0,0,0,0,0,0,0,0,0,0.0014897099*J1^1*J2^4+0.0014326684*J2^5+0,0,0.0002618972*J1^1*J2^4+-0.0022477482*J2^5+0,0,0,0,0,0,0.0014326684*J1^1*J2^4+0.0014897099*J2^5+0,0,-0.0022477482*J1^1*J2^4+0.0002618972*J2^5+0,0,0,0,0,0,-0.0000806689*J1^1*J2^4+0.0000806689*J2^5+0,0,-0.0035491746*J1^1*J2^4+0.0035491746*J2^5+0,0,0,0,0,0,0,0,0,0,0,0,0,0,0,0,0,0,0,0,0,0,0,0,0},
{0,0,0,0,0,0,0,0,0,0,0,0,0,0,0,0,0,0,0,0,0,0,0,0,0,0,0,0,0,0,0,0,0,0,0,0,0,0,0,0,0,0,0,0,0,0,0,0,0,0,0,0,-0.0012897351*J1^1*J2^4+-0.0022477482*J2^5+0,0,-0.0010899924*J1^1*J2^4+0.0040281445*J2^5+0,0,0,0,0,0,-0.0022477482*J1^1*J2^4+-0.0012897351*J2^5+0,0,0.0040281445*J1^1*J2^4+-0.0010899924*J2^5+0,0,0,0,0,0,-0.0013548351*J1^1*J2^4+0.0013548351*J2^5+0,0,0.0072381387*J1^1*J2^4+-0.0072381387*J2^5+0,0,0,0,0,0,0,0,0,0,0,0,0,0,0,0,0,0,0,0,0,0,0,0,0,0},
{0,0,0,0,0,0,0,0,0,0,0,0,0,0,0,0,0,0,0,0,0,0,0,0,0,0,0,0,0,0,0,0,0,0,0,0,0,0,0,0,0,0,0,0,0,0,0,0,0,0,0,0,0,-0.0012897351*J1^1*J2^4+-0.0022477482*J2^5+0,0,-0.0010899924*J1^1*J2^4+0.0040281445*J2^5+0,0,0,0,0,0,-0.0022477482*J1^1*J2^4+-0.0012897351*J2^5+0,0,0.0040281445*J1^1*J2^4+-0.0010899924*J2^5+0,0,0,0,0,0,-0.0013548351*J1^1*J2^4+0.0013548351*J2^5+0,0,0.0072381387*J1^1*J2^4+-0.0072381387*J2^5+0,0,0,0,0,0,0,0,0,0,0,0,0,0,0,0,0,0,0,0,0,0,0,0,0},
{0,0,0,0,0,0,0,0,0,0,0,0,0,0,0,0,0,0,0,0,0,0,0,0,0,0,0,0,0,0,0,0,0,0,0,0,0,0,0,0,0,0,0,0,0,0,0,0,0.0042980053*J1^1*J2^4+0.0044691298*J2^5+0,0,-0.0067432446*J1^1*J2^4+0.0007856917*J2^5+0,0,0,0,0,0,0.0044691298*J1^1*J2^4+0.0042980053*J2^5+0,0,0.0007856917*J1^1*J2^4+-0.0067432446*J2^5+0,0,0,0,0,0,0,0,0,0,0,0,0,0,0,0,0,0,0,0,0,0,0,0,0,0,0,0,0,0,0,0,0,0,0,0,0,0},
{0,0,0,0,0,0,0,0,0,0,0,0,0,0,0,0,0,0,0,0,0,0,0,0,0,0,0,0,0,0,0,0,0,0,0,0,0,0,0,0,0,0,0,0,0,0,0,0,0,0.0042980053*J1^1*J2^4+0.0044691298*J2^5+0,0,-0.0067432446*J1^1*J2^4+0.0007856917*J2^5+0,0,0,0,0,0,0.0044691298*J1^1*J2^4+0.0042980053*J2^5+0,0,0.0007856917*J1^1*J2^4+-0.0067432446*J2^5+0,0,0,0,0,0,0,0,0,0,0,0,0,0,0,0,0,0,0,0,0,0,0,0,0,0,0,0,0,0,0,0,0,0,0,0,0},
{0,0,0,0,0,0,0,0,0,0,0,0,0,0,0,0,0,0,0,0,0,0,0,0,0,0,0,0,0,0,0,0,0,0,0,0,0,0,0,0,0,0,0,0,0,0,0,0,-0.0067432446*J1^1*J2^4+-0.0038692053*J2^5+0,0,0.0120844335*J1^1*J2^4+-0.0032699773*J2^5+0,0,0,0,0,0,-0.0038692053*J1^1*J2^4+-0.0067432446*J2^5+0,0,-0.0032699773*J1^1*J2^4+0.0120844335*J2^5+0,0,0,0,0,0,0,0,0,0,0,0,0,0,0,0,0,0,0,0,0,0,0,0,0,0,0,0,0,0,0,0,0,0,0,0,0,0},
{0,0,0,0,0,0,0,0,0,0,0,0,0,0,0,0,0,0,0,0,0,0,0,0,0,0,0,0,0,0,0,0,0,0,0,0,0,0,0,0,0,0,0,0,0,0,0,0,0,-0.0067432446*J1^1*J2^4+-0.0038692053*J2^5+0,0,0.0120844335*J1^1*J2^4+-0.0032699773*J2^5+0,0,0,0,0,0,-0.0038692053*J1^1*J2^4+-0.0067432446*J2^5+0,0,-0.0032699773*J1^1*J2^4+0.0120844335*J2^5+0,0,0,0,0,0,0,0,0,0,0,0,0,0,0,0,0,0,0,0,0,0,0,0,0,0,0,0,0,0,0,0,0,0,0,0,0},
{0,0,0,0,0,0,0,0,0,0,0,0,0,0,0,0,0,0,0,0,0,0,0,0,0,0,0,0,0,0,0,0,0,0,0,0,0,0,0,0,0,0,0,0,0,0,0,0,-0.0025802533*J1^1*J2^4+-0.0024814545*J2^5+0,0,-0.0004536193*J1^1*J2^4+0.0038932141*J2^5+0,0,0,0,0,0,-0.0024814545*J1^1*J2^4+-0.0025802533*J2^5+0,0,0.0038932141*J1^1*J2^4+-0.0004536193*J2^5+0,0,0,0,0,0,0.0001397226*J1^1*J2^4+-0.0001397226*J2^5+0,0,0.0061473508*J1^1*J2^4+-0.0061473508*J2^5+0,0,0,0,0,0,0,0,0,0,0,0,0,0,0,0,0,0,0,0,0,0,0,0,0,0,0,0,0,0},
{0,0,0,0,0,0,0,0,0,0,0,0,0,0,0,0,0,0,0,0,0,0,0,0,0,0,0,0,0,0,0,0,0,0,0,0,0,0,0,0,0,0,0,0,0,0,0,0,0,-0.0025802533*J1^1*J2^4+-0.0024814545*J2^5+0,0,-0.0004536193*J1^1*J2^4+0.0038932141*J2^5+0,0,0,0,0,0,-0.0024814545*J1^1*J2^4+-0.0025802533*J2^5+0,0,0.0038932141*J1^1*J2^4+-0.0004536193*J2^5+0,0,0,0,0,0,0.0001397226*J1^1*J2^4+-0.0001397226*J2^5+0,0,0.0061473508*J1^1*J2^4+-0.0061473508*J2^5+0,0,0,0,0,0,0,0,0,0,0,0,0,0,0,0,0,0,0,0,0,0,0,0,0,0,0,0,0},
{0,0,0,0,0,0,0,0,0,0,0,0,0,0,0,0,0,0,0,0,0,0,0,0,0,0,0,0,0,0,0,0,0,0,0,0,0,0,0,0,0,0,0,0,0,0,0,0,0.0022338867*J1^1*J2^4+0.0038932141*J2^5+0,0,0.0018879223*J1^1*J2^4+-0.0069769509*J2^5+0,0,0,0,0,0,0.0038932141*J1^1*J2^4+0.0022338867*J2^5+0,0,-0.0069769509*J1^1*J2^4+0.0018879223*J2^5+0,0,0,0,0,0,0.0023466433*J1^1*J2^4+-0.0023466433*J2^5+0,0,-0.0125368239*J1^1*J2^4+0.0125368239*J2^5+0,0,0,0,0,0,0,0,0,0,0,0,0,0,0,0,0,0,0,0,0,0,0,0,0,0,0,0,0,0},
{0,0,0,0,0,0,0,0,0,0,0,0,0,0,0,0,0,0,0,0,0,0,0,0,0,0,0,0,0,0,0,0,0,0,0,0,0,0,0,0,0,0,0,0,0,0,0,0,0,0.0022338867*J1^1*J2^4+0.0038932141*J2^5+0,0,0.0018879223*J1^1*J2^4+-0.0069769509*J2^5+0,0,0,0,0,0,0.0038932141*J1^1*J2^4+0.0022338867*J2^5+0,0,-0.0069769509*J1^1*J2^4+0.0018879223*J2^5+0,0,0,0,0,0,0.0023466433*J1^1*J2^4+-0.0023466433*J2^5+0,0,-0.0125368239*J1^1*J2^4+0.0125368239*J2^5+0,0,0,0,0,0,0,0,0,0,0,0,0,0,0,0,0,0,0,0,0,0,0,0,0,0,0,0,0},
{0,0,0,0,0,0,0,0,0,0,0,0,0,0,0,0,0,0,0,0,0,0,0,0,0,0,0,0,0,0,0,0,0,0,0,0,0,0,0,0,0,0,0,0,0,0,0,0,0,0,0,0,0.0035093066*J1^1*J2^4+0.0036490292*J2^5+0,0,-0.0055058362*J1^1*J2^4+0.0006415146*J2^5+0,0,0,0,0,0,0.0036490292*J1^1*J2^4+0.0035093066*J2^5+0,0,0.0006415146*J1^1*J2^4+-0.0055058362*J2^5+0,0,0,0,0,0,0,0,0,0,0,0,0,0,0,0,0,0,0,0,0,0,0,0,0,0,0,0,0,0,0,0,0,0},
{0,0,0,0,0,0,0,0,0,0,0,0,0,0,0,0,0,0,0,0,0,0,0,0,0,0,0,0,0,0,0,0,0,0,0,0,0,0,0,0,0,0,0,0,0,0,0,0,0,0,0,0,0,0.0035093066*J1^1*J2^4+0.0036490292*J2^5+0,0,-0.0055058362*J1^1*J2^4+0.0006415146*J2^5+0,0,0,0,0,0,0.0036490292*J1^1*J2^4+0.0035093066*J2^5+0,0,0.0006415146*J1^1*J2^4+-0.0055058362*J2^5+0,0,0,0,0,0,0,0,0,0,0,0,0,0,0,0,0,0,0,0,0,0,0,0,0,0,0,0,0,0,0,0,0},
{0,0,0,0,0,0,0,0,0,0,0,0,0,0,0,0,0,0,0,0,0,0,0,0,0,0,0,0,0,0,0,0,0,0,0,0,0,0,0,0,0,0,0,0,0,0,0,0,0,0,0,0,-0.0055058362*J1^1*J2^4+-0.0031591929*J2^5+0,0,0.0098668986*J1^1*J2^4+-0.0026699253*J2^5+0,0,0,0,0,0,-0.0031591929*J1^1*J2^4+-0.0055058362*J2^5+0,0,-0.0026699253*J1^1*J2^4+0.0098668986*J2^5+0,0,0,0,0,0,0,0,0,0,0,0,0,0,0,0,0,0,0,0,0,0,0,0,0,0,0,0,0,0,0,0,0,0},
{0,0,0,0,0,0,0,0,0,0,0,0,0,0,0,0,0,0,0,0,0,0,0,0,0,0,0,0,0,0,0,0,0,0,0,0,0,0,0,0,0,0,0,0,0,0,0,0,0,0,0,0,0,-0.0055058362*J1^1*J2^4+-0.0031591929*J2^5+0,0,0.0098668986*J1^1*J2^4+-0.0026699253*J2^5+0,0,0,0,0,0,-0.0031591929*J1^1*J2^4+-0.0055058362*J2^5+0,0,-0.0026699253*J1^1*J2^4+0.0098668986*J2^5+0,0,0,0,0,0,0,0,0,0,0,0,0,0,0,0,0,0,0,0,0,0,0,0,0,0,0,0,0,0,0,0,0},
{0,0,0,0,0,0,0,0,0,0,0,0,0,0,0,0,0,0,0,0,0,0,0,0,0,0,0,0,0,0,0,0,0,0,0,0,0,0,0,0,0,0,0,0,0,0,0,0,0,0,0,0,-0.0021067680*J1^1*J2^4+-0.0020260991*J2^5+0,0,-0.0003703786*J1^1*J2^4+0.0031787960*J2^5+0,0,0,0,0,0,-0.0020260991*J1^1*J2^4+-0.0021067680*J2^5+0,0,0.0031787960*J1^1*J2^4+-0.0003703786*J2^5+0,0,0,0,0,0,0.0001140830*J1^1*J2^4+-0.0001140830*J2^5+0,0,0.0050192909*J1^1*J2^4+-0.0050192909*J2^5+0,0,0,0,0,0,0,0,0,0,0,0,0,0,0,0,0,0,0,0,0,0,0,0,0,0},
{0,0,0,0,0,0,0,0,0,0,0,0,0,0,0,0,0,0,0,0,0,0,0,0,0,0,0,0,0,0,0,0,0,0,0,0,0,0,0,0,0,0,0,0,0,0,0,0,0,0,0,0,0,-0.0021067680*J1^1*J2^4+-0.0020260991*J2^5+0,0,-0.0003703786*J1^1*J2^4+0.0031787960*J2^5+0,0,0,0,0,0,-0.0020260991*J1^1*J2^4+-0.0021067680*J2^5+0,0,0.0031787960*J1^1*J2^4+-0.0003703786*J2^5+0,0,0,0,0,0,0.0001140830*J1^1*J2^4+-0.0001140830*J2^5+0,0,0.0050192909*J1^1*J2^4+-0.0050192909*J2^5+0,0,0,0,0,0,0,0,0,0,0,0,0,0,0,0,0,0,0,0,0,0,0,0,0},
{0,0,0,0,0,0,0,0,0,0,0,0,0,0,0,0,0,0,0,0,0,0,0,0,0,0,0,0,0,0,0,0,0,0,0,0,0,0,0,0,0,0,0,0,0,0,0,0,0,0,0,0,0.0018239609*J1^1*J2^4+0.0031787960*J2^5+0,0,0.0015414821*J1^1*J2^4+-0.0056966566*J2^5+0,0,0,0,0,0,0.0031787960*J1^1*J2^4+0.0018239609*J2^5+0,0,-0.0056966566*J1^1*J2^4+0.0015414821*J2^5+0,0,0,0,0,0,0.0019160262*J1^1*J2^4+-0.0019160262*J2^5+0,0,-0.0102362739*J1^1*J2^4+0.0102362739*J2^5+0,0,0,0,0,0,0,0,0,0,0,0,0,0,0,0,0,0,0,0,0,0,0,0,0,0},
{0,0,0,0,0,0,0,0,0,0,0,0,0,0,0,0,0,0,0,0,0,0,0,0,0,0,0,0,0,0,0,0,0,0,0,0,0,0,0,0,0,0,0,0,0,0,0,0,0,0,0,0,0,0.0018239609*J1^1*J2^4+0.0031787960*J2^5+0,0,0.0015414821*J1^1*J2^4+-0.0056966566*J2^5+0,0,0,0,0,0,0.0031787960*J1^1*J2^4+0.0018239609*J2^5+0,0,-0.0056966566*J1^1*J2^4+0.0015414821*J2^5+0,0,0,0,0,0,0.0019160262*J1^1*J2^4+-0.0019160262*J2^5+0,0,-0.0102362739*J1^1*J2^4+0.0102362739*J2^5+0,0,0,0,0,0,0,0,0,0,0,0,0,0,0,0,0,0,0,0,0,0,0,0,0}
}