96
{{0,0,0,0,0,0,0,0,0,0,0,0,0,0,0,0,0,0,0,0,0,0,0,0,0,0,0,0,0,0,0,0,0,0,0,0,0,0,0,0,0,0,0,0,0,0,0,0,0,0,0,0,0,0,0,0,0,0,0,0,0,0,0,0,0,0,0,0,0,0,0,0,0,0,0,0,0,0,0,0,0,0,0,0,0,0,0,0,0,0,0,0,0,0,0,0},
{0,0,0,0,0,0,0,0,0,0,0,0,0,0,0,0,0,0,0,0,0,0,0,0,0,0,0,0,0,0,0,0,0,0,0,0,0,0,0,0,0,0,0,0,0,0,0,0,0,0,0,0,0,0,0,0,0,0,0,0,0,0,0,0,0,0,0,0,0,0,0,0,0,0,0,0,0,0,0,0,0,0,0,0,0,0,0,0,0,0,0,0,0,0,0,0},
{0,0,0,0,0,0,0,0,0,0,0,0,0,0,0,0,0,0,0,0,0,0,0,0,0,0,0,0,0,0,0,0,0,0,0,0,0,0,0,0,0,0,0,0,0,0,0,0,0,0,0,0,0,0,0,0,0,0,0,0,0,0,0,0,0,0,0,0,0,0,0,0,0,0,0,0,0,0,0,0,0,0,0,0,0,0,0,0,0,0,0,0,0,0,0,0},
{0,0,0,0,0,0,0,0,0,0,0,0,0,0,0,0,0,0,0,0,0,0,0,0,0,0,0,0,0,0,0,0,0,0,0,0,0,0,0,0,0,0,0,0,0,0,0,0,0,0,0,0,0,0,0,0,0,0,0,0,0,0,0,0,0,0,0,0,0,0,0,0,0,0,0,0,0,0,0,0,0,0,0,0,0,0,0,0,0,0,0,0,0,0,0,0},
{0,0,0,0,0,0,0,0,0,0,0,0,0,0,0,0,0,0,0,0,0,0,0,0,0,0,0,0,0,0,0,0,0,0,0,0,0,0,0,0,0,0,0,0,0,0,0,0,0,0,0,0,0,0,0,0,0,0,0,0,0,0,0,0,0,0,0,0,0,0,0,0,0,0,0,0,0,0,0,0,0,0,0,0,0,0,0,0,0,0,0,0,0,0,0,0},
{0,0,0,0,0,0,0,0,0,0,0,0,0,0,0,0,0,0,0,0,0,0,0,0,0,0,0,0,0,0,0,0,0,0,0,0,0,0,0,0,0,0,0,0,0,0,0,0,0,0,0,0,0,0,0,0,0,0,0,0,0,0,0,0,0,0,0,0,0,0,0,0,0,0,0,0,0,0,0,0,0,0,0,0,0,0,0,0,0,0,0,0,0,0,0,0},
{0,0,0,0,0,0,0,0,0,0,0,0,0,0,0,0,0,0,0,0,0,0,0,0,0,0,0,0,0,0,0,0,0,0,0,0,0,0,0,0,0,0,0,0,0,0,0,0,0,0,0,0,0,0,0,0,0,0,0,0,0,0,0,0,0,0,0,0,0,0,0,0,0,0,0,0,0,0,0,0,0,0,0,0,0,0,0,0,0,0,0,0,0,0,0,0},
{0,0,0,0,0,0,0,0,0,0,0,0,0,0,0,0,0,0,0,0,0,0,0,0,0,0,0,0,0,0,0,0,0,0,0,0,0,0,0,0,0,0,0,0,0,0,0,0,0,0,0,0,0,0,0,0,0,0,0,0,0,0,0,0,0,0,0,0,0,0,0,0,0,0,0,0,0,0,0,0,0,0,0,0,0,0,0,0,0,0,0,0,0,0,0,0},
{0,0,0,0,0,0,0,0,0,0,0,0,0,0,0,0,0,0,0,0,0,0,0,0,0,0,0,0,0,0,0,0,0,0,0,0,0,0,0,0,0,0,0,0,0,0,0,0,0,0,0,0,0,0,0,0,0,0,0,0,0,0,0,0,0,0,0,0,0,0,0,0,0,0,0,0,0,0,0,0,0,0,0,0,0,0,0,0,0,0,0,0,0,0,0,0},
{0,0,0,0,0,0,0,0,0,0,0,0,0,0,0,0,0,0,0,0,0,0,0,0,0,0,0,0,0,0,0,0,0,0,0,0,0,0,0,0,0,0,0,0,0,0,0,0,0,0,0,0,0,0,0,0,0,0,0,0,0,0,0,0,0,0,0,0,0,0,0,0,0,0,0,0,0,0,0,0,0,0,0,0,0,0,0,0,0,0,0,0,0,0,0,0},
{0,0,0,0,0,0,0,0,0,0,0,0,0,0,0,0,0,0,0,0,0,0,0,0,0,0,0,0,0,0,0,0,0,0,0,0,0,0,0,0,0,0,0,0,0,0,0,0,0,0,0,0,0,0,0,0,0,0,0,0,0,0,0,0,0,0,0,0,0,0,0,0,0,0,0,0,0,0,0,0,0,0,0,0,0,0,0,0,0,0,0,0,0,0,0,0},
{0,0,0,0,0,0,0,0,0,0,0,0,0,0,0,0,0,0,0,0,0,0,0,0,0,0,0,0,0,0,0,0,0,0,0,0,0,0,0,0,0,0,0,0,0,0,0,0,0,0,0,0,0,0,0,0,0,0,0,0,0,0,0,0,0,0,0,0,0,0,0,0,0,0,0,0,0,0,0,0,0,0,0,0,0,0,0,0,0,0,0,0,0,0,0,0},
{0,0,0,0,0,0,0,0,0,0,0,0,0,0,0,0,0,0,0,0,0,0,0,0,0,0,0,0,0,0,0,0,0,0,0,0,0,0,0,0,0,0,0,0,0,0,0,0,0,0,0,0,0,0,0,0,0,0,0,0,0,0,0,0,0,0,0,0,0,0,0,0,0,0,0,0,0,0,0,0,0,0,0,0,0,0,0,0,0,0,0,0,0,0,0,0},
{0,0,0,0,0,0,0,0,0,0,0,0,0,0,0,0,0,0,0,0,0,0,0,0,0,0,0,0,0,0,0,0,0,0,0,0,0,0,0,0,0,0,0,0,0,0,0,0,0,0,0,0,0,0,0,0,0,0,0,0,0,0,0,0,0,0,0,0,0,0,0,0,0,0,0,0,0,0,0,0,0,0,0,0,0,0,0,0,0,0,0,0,0,0,0,0},
{0,0,0,0,0,0,0,0,0,0,0,0,0,0,0,0,0,0,0,0,0,0,0,0,0,0,0,0,0,0,0,0,0,0,0,0,0,0,0,0,0,0,0,0,0,0,0,0,0,0,0,0,0,0,0,0,0,0,0,0,0,0,0,0,0,0,0,0,0,0,0,0,0,0,0,0,0,0,0,0,0,0,0,0,0,0,0,0,0,0,0,0,0,0,0,0},
{0,0,0,0,0,0,0,0,0,0,0,0,0,0,0,0,0,0,0,0,0,0,0,0,0,0,0,0,0,0,0,0,0,0,0,0,0,0,0,0,0,0,0,0,0,0,0,0,0,0,0,0,0,0,0,0,0,0,0,0,0,0,0,0,0,0,0,0,0,0,0,0,0,0,0,0,0,0,0,0,0,0,0,0,0,0,0,0,0,0,0,0,0,0,0,0},
{0,0,0,0,0,0,0,0,0,0,0,0,0,0,0,0,0,0,0,0,0,0,0,0,0,0,0,0,0,0,0,0,0,0,0,0,0,0,0,0,0,0,0,0,0,0,0,0,0,0,0,0,0,0,0,0,0,0,0,0,0,0,0,0,0,0,0,0,0,0,0,0,0,0,0,0,0,0,0,0,0,0,0,0,0,0,0,0,0,0,0,0,0,0,0,0},
{0,0,0,0,0,0,0,0,0,0,0,0,0,0,0,0,0,0,0,0,0,0,0,0,0,0,0,0,0,0,0,0,0,0,0,0,0,0,0,0,0,0,0,0,0,0,0,0,0,0,0,0,0,0,0,0,0,0,0,0,0,0,0,0,0,0,0,0,0,0,0,0,0,0,0,0,0,0,0,0,0,0,0,0,0,0,0,0,0,0,0,0,0,0,0,0},
{0,0,0,0,0,0,0,0,0,0,0,0,0,0,0,0,0,0,0,0,0,0,0,0,0,0,0,0,0,0,0,0,0,0,0,0,0,0,0,0,0,0,0,0,0,0,0,0,0,0,0,0,0,0,0,0,0,0,0,0,0,0,0,0,0,0,0,0,0,0,0,0,0,0,0,0,0,0,0,0,0,0,0,0,0,0,0,0,0,0,0,0,0,0,0,0},
{0,0,0,0,0,0,0,0,0,0,0,0,0,0,0,0,0,0,0,0,0,0,0,0,0,0,0,0,0,0,0,0,0,0,0,0,0,0,0,0,0,0,0,0,0,0,0,0,0,0,0,0,0,0,0,0,0,0,0,0,0,0,0,0,0,0,0,0,0,0,0,0,0,0,0,0,0,0,0,0,0,0,0,0,0,0,0,0,0,0,0,0,0,0,0,0},
{0,0,0,0,0,0,0,0,0,0,0,0,0,0,0,0,0,0,0,0,0,0,0,0,0,0,0,0,0,0,0,0,0,0,0,0,0,0,0,0,0,0,0,0,0,0,0,0,0,0,0,0,0,0,0,0,0,0,0,0,0,0,0,0,0,0,0,0,0,0,0,0,0,0,0,0,0,0,0,0,0,0,0,0,0,0,0,0,0,0,0,0,0,0,0,0},
{0,0,0,0,0,0,0,0,0,0,0,0,0,0,0,0,0,0,0,0,0,0,0,0,0,0,0,0,0,0,0,0,0,0,0,0,0,0,0,0,0,0,0,0,0,0,0,0,0,0,0,0,0,0,0,0,0,0,0,0,0,0,0,0,0,0,0,0,0,0,0,0,0,0,0,0,0,0,0,0,0,0,0,0,0,0,0,0,0,0,0,0,0,0,0,0},
{0,0,0,0,0,0,0,0,0,0,0,0,0,0,0,0,0,0,0,0,0,0,0,0,0,0,0,0,0,0,0,0,0,0,0,0,0,0,0,0,0,0,0,0,0,0,0,0,0,0,0,0,0,0,0,0,0,0,0,0,0,0,0,0,0,0,0,0,0,0,0,0,0,0,0,0,0,0,0,0,0,0,0,0,0,0,0,0,0,0,0,0,0,0,0,0},
{0,0,0,0,0,0,0,0,0,0,0,0,0,0,0,0,0,0,0,0,0,0,0,0,0,0,0,0,0,0,0,0,0,0,0,0,0,0,0,0,0,0,0,0,0,0,0,0,0,0,0,0,0,0,0,0,0,0,0,0,0,0,0,0,0,0,0,0,0,0,0,0,0,0,0,0,0,0,0,0,0,0,0,0,0,0,0,0,0,0,0,0,0,0,0,0},
{0,0,0,0,0,0,0,0,0,0,0,0,0,0,0,0,0,0,0,0,0,0,0,0,0,0,0,0,0,0,0,0,0,0,0,0,0,0,0,0,0,0,0,0,0,0,0,0,0,0,0,0,0,0,0,0,0,0,0,0,0,0,0,0,0,0,0,0,0,0,0,0,0.0078125000*J1^2*J2^1+-0.0078125000*J2^3+0,-0.0045105490*J1^3+0.0045105490*J1^1*J2^2+0,-0.0045105490*J1^3+0.0045105490*J1^1*J2^2+0,0.0026041667*J1^2*J2^1+-0.0026041667*J2^3+0,-0.0045105490*J1^3+0.0045105490*J1^1*J2^2+0,0.0026041667*J1^2*J2^1+-0.0026041667*J2^3+0,0.0026041667*J1^2*J2^1+-0.0026041667*J2^3+0,-0.0015035163*J1^3+0.0015035163*J1^1*J2^2+0,0.0078125000*J1^3+-0.0078125000*J1^1*J2^2+0,-0.0045105490*J1^2*J2^1+0.0045105490*J2^3+0,-0.0045105490*J1^2*J2^1+0.0045105490*J2^3+0,0.0026041667*J1^3+-0.0026041667*J1^1*J2^2+0,-0.0045105490*J1^2*J2^1+0.0045105490*J2^3+0,0.0026041667*J1^3+-0.0026041667*J1^1*J2^2+0,0.0026041667*J1^3+-0.0026041667*J1^1*J2^2+0,-0.0015035163*J1^2*J2^1+0.0015035163*J2^3+0,0,0,0,0,0,0,0,0},
{0,0,0,0,0,0,0,0,0,0,0,0,0,0,0,0,0,0,0,0,0,0,0,0,0,0,0,0,0,0,0,0,0,0,0,0,0,0,0,0,0,0,0,0,0,0,0,0,0,0,0,0,0,0,0,0,0,0,0,0,0,0,0,0,0,0,0,0,0,0,0,0,-0.0045105490*J1^3+0.0045105490*J1^1*J2^2+0,-0.0052083333*J1^3+0.0182291667*J1^2*J2^1+-0.0156250000*J1^1*J2^2+0.0026041667*J2^3+0,0.0026041667*J1^2*J2^1+-0.0026041667*J2^3+0,0.0015035163*J1^3+-0.0090210980*J1^2*J2^1+0.0105246143*J1^1*J2^2+-0.0030070327*J2^3+0,0.0026041667*J1^2*J2^1+-0.0026041667*J2^3+0,-0.0045105490*J1^3+0.0090210980*J1^2*J2^1+-0.0075175816*J1^1*J2^2+0.0030070327*J2^3+0,-0.0015035163*J1^3+0.0015035163*J1^1*J2^2+0,0.0017361111*J1^3+-0.0043402778*J1^2*J2^1+0.0052083333*J1^1*J2^2+-0.0026041667*J2^3+0,-0.0045105490*J1^2*J2^1+0.0045105490*J2^3+0,0.0078125000*J1^3+-0.0156250000*J1^2*J2^1+0.0130208333*J1^1*J2^2+-0.0052083333*J2^3+0,0.0026041667*J1^3+-0.0026041667*J1^1*J2^2+0,-0.0030070327*J1^3+0.0075175816*J1^2*J2^1+-0.0090210980*J1^1*J2^2+0.0045105490*J2^3+0,0.0026041667*J1^3+-0.0026041667*J1^1*J2^2+0,0.0030070327*J1^3+-0.0105246143*J1^2*J2^1+0.0090210980*J1^1*J2^2+-0.0015035163*J2^3+0,-0.0015035163*J1^2*J2^1+0.0015035163*J2^3+0,-0.0008680556*J1^3+0.0052083333*J1^2*J2^1+-0.0060763889*J1^1*J2^2+0.0017361111*J2^3+0,0,0,0,0,0,0,0,0},
{0,0,0,0,0,0,0,0,0,0,0,0,0,0,0,0,0,0,0,0,0,0,0,0,0,0,0,0,0,0,0,0,0,0,0,0,0,0,0,0,0,0,0,0,0,0,0,0,0,0,0,0,0,0,0,0,0,0,0,0,0,0,0,0,0,0,0,0,0,0,0,0,-0.0045105490*J1^3+0.0045105490*J1^1*J2^2+0,0.0026041667*J1^2*J2^1+-0.0026041667*J2^3+0,0.0026041667*J1^2*J2^1+-0.0026041667*J2^3+0,-0.0015035163*J1^3+0.0015035163*J1^1*J2^2+0,0.0052083333*J1^3+-0.0026041667*J1^2*J2^1+-0.0052083333*J1^1*J2^2+0.0026041667*J2^3+0,0.0015035163*J1^3+-0.0030070327*J1^2*J2^1+-0.0015035163*J1^1*J2^2+0.0030070327*J2^3+0,0.0015035163*J1^3+-0.0030070327*J1^2*J2^1+-0.0015035163*J1^1*J2^2+0.0030070327*J2^3+0,0.0017361111*J1^3+-0.0008680556*J1^2*J2^1+-0.0017361111*J1^1*J2^2+0.0008680556*J2^3+0,-0.0045105490*J1^2*J2^1+0.0045105490*J2^3+0,0.0026041667*J1^3+-0.0026041667*J1^1*J2^2+0,0.0026041667*J1^3+-0.0026041667*J1^1*J2^2+0,-0.0015035163*J1^2*J2^1+0.0015035163*J2^3+0,-0.0026041667*J1^3+0.0052083333*J1^2*J2^1+0.0026041667*J1^1*J2^2+-0.0052083333*J2^3+0,-0.0030070327*J1^3+0.0015035163*J1^2*J2^1+0.0030070327*J1^1*J2^2+-0.0015035163*J2^3+0,-0.0030070327*J1^3+0.0015035163*J1^2*J2^1+0.0030070327*J1^1*J2^2+-0.0015035163*J2^3+0,-0.0008680556*J1^3+0.0017361111*J1^2*J2^1+0.0008680556*J1^1*J2^2+-0.0017361111*J2^3+0,0,0,0,0,0,0,0,0},
{0,0,0,0,0,0,0,0,0,0,0,0,0,0,0,0,0,0,0,0,0,0,0,0,0,0,0,0,0,0,0,0,0,0,0,0,0,0,0,0,0,0,0,0,0,0,0,0,0,0,0,0,0,0,0,0,0,0,0,0,0,0,0,0,0,0,0,0,0,0,0,0,0.0026041667*J1^2*J2^1+-0.0026041667*J2^3+0,-0.0045105490*J1^3+0.0090210980*J1^2*J2^1+-0.0075175816*J1^1*J2^2+0.0030070327*J2^3+0,-0.0015035163*J1^3+0.0015035163*J1^1*J2^2+0,0.0017361111*J1^3+-0.0043402778*J1^2*J2^1+0.0052083333*J1^1*J2^2+-0.0026041667*J2^3+0,0.0015035163*J1^3+-0.0030070327*J1^2*J2^1+-0.0015035163*J1^1*J2^2+0.0030070327*J2^3+0,0.0069444444*J1^3+-0.0164930556*J1^2*J2^1+0.0138888889*J1^1*J2^2+-0.0043402778*J2^3+0,0.0017361111*J1^3+-0.0008680556*J1^2*J2^1+-0.0017361111*J1^1*J2^2+0.0008680556*J2^3+0,-0.0025058605*J1^3+0.0080187537*J1^2*J2^1+-0.0095222701*J1^1*J2^2+0.0040093769*J2^3+0,0.0026041667*J1^3+-0.0026041667*J1^1*J2^2+0,0.0030070327*J1^3+-0.0105246143*J1^2*J2^1+0.0090210980*J1^1*J2^2+-0.0015035163*J2^3+0,-0.0015035163*J1^2*J2^1+0.0015035163*J2^3+0,-0.0008680556*J1^3+0.0052083333*J1^2*J2^1+-0.0060763889*J1^1*J2^2+0.0017361111*J2^3+0,-0.0030070327*J1^3+0.0015035163*J1^2*J2^1+0.0030070327*J1^1*J2^2+-0.0015035163*J2^3+0,-0.0060763889*J1^3+0.0173611111*J1^2*J2^1+-0.0147569444*J1^1*J2^2+0.0034722222*J2^3+0,-0.0008680556*J1^3+0.0017361111*J1^2*J2^1+0.0008680556*J1^1*J2^2+-0.0017361111*J2^3+0,0.0020046884*J1^3+-0.0085199258*J1^2*J2^1+0.0100234422*J1^1*J2^2+-0.0035082048*J2^3+0,0,0,0,0,0,0,0,0},
{0,0,0,0,0,0,0,0,0,0,0,0,0,0,0,0,0,0,0,0,0,0,0,0,0,0,0,0,0,0,0,0,0,0,0,0,0,0,0,0,0,0,0,0,0,0,0,0,0,0,0,0,0,0,0,0,0,0,0,0,0,0,0,0,0,0,0,0,0,0,0,0,-0.0045105490*J1^3+0.0045105490*J1^1*J2^2+0,0.0026041667*J1^2*J2^1+-0.0026041667*J2^3+0,0.0026041667*J1^2*J2^1+-0.0026041667*J2^3+0,-0.0015035163*J1^3+0.0015035163*J1^1*J2^2+0,0.0026041667*J1^2*J2^1+-0.0026041667*J2^3+0,-0.0015035163*J1^3+0.0015035163*J1^1*J2^2+0,-0.0015035163*J1^3+0.0015035163*J1^1*J2^2+0,0.0008680556*J1^2*J2^1+-0.0008680556*J2^3+0,-0.0045105490*J1^2*J2^1+0.0045105490*J2^3+0,0.0026041667*J1^3+-0.0026041667*J1^1*J2^2+0,0.0026041667*J1^3+-0.0026041667*J1^1*J2^2+0,-0.0015035163*J1^2*J2^1+0.0015035163*J2^3+0,0.0026041667*J1^3+-0.0026041667*J1^1*J2^2+0,-0.0015035163*J1^2*J2^1+0.0015035163*J2^3+0,-0.0015035163*J1^2*J2^1+0.0015035163*J2^3+0,0.0008680556*J1^3+-0.0008680556*J1^1*J2^2+0,0.0063788795*J1^3+-0.0063788795*J1^2*J2^1+-0.0063788795*J1^1*J2^2+0.0063788795*J2^3+0,0.0036828478*J1^3+-0.0036828478*J1^2*J2^1+-0.0036828478*J1^1*J2^2+0.0036828478*J2^3+0,0.0036828478*J1^3+-0.0036828478*J1^2*J2^1+-0.0036828478*J1^1*J2^2+0.0036828478*J2^3+0,0.0021262932*J1^3+-0.0021262932*J1^2*J2^1+-0.0021262932*J1^1*J2^2+0.0021262932*J2^3+0,0.0036828478*J1^3+-0.0036828478*J1^2*J2^1+-0.0036828478*J1^1*J2^2+0.0036828478*J2^3+0,0.0021262932*J1^3+-0.0021262932*J1^2*J2^1+-0.0021262932*J1^1*J2^2+0.0021262932*J2^3+0,0.0021262932*J1^3+-0.0021262932*J1^2*J2^1+-0.0021262932*J1^1*J2^2+0.0021262932*J2^3+0,0.0012276159*J1^3+-0.0012276159*J1^2*J2^1+-0.0012276159*J1^1*J2^2+0.0012276159*J2^3+0},
{0,0,0,0,0,0,0,0,0,0,0,0,0,0,0,0,0,0,0,0,0,0,0,0,0,0,0,0,0,0,0,0,0,0,0,0,0,0,0,0,0,0,0,0,0,0,0,0,0,0,0,0,0,0,0,0,0,0,0,0,0,0,0,0,0,0,0,0,0,0,0,0,0.0026041667*J1^2*J2^1+-0.0026041667*J2^3+0,-0.0045105490*J1^3+0.0090210980*J1^2*J2^1+-0.0075175816*J1^1*J2^2+0.0030070327*J2^3+0,-0.0015035163*J1^3+0.0015035163*J1^1*J2^2+0,0.0017361111*J1^3+-0.0043402778*J1^2*J2^1+0.0052083333*J1^1*J2^2+-0.0026041667*J2^3+0,-0.0015035163*J1^3+0.0015035163*J1^1*J2^2+0,-0.0017361111*J1^3+0.0060763889*J1^2*J2^1+-0.0052083333*J1^1*J2^2+0.0008680556*J2^3+0,0.0008680556*J1^2*J2^1+-0.0008680556*J2^3+0,0.0005011721*J1^3+-0.0030070327*J1^2*J2^1+0.0035082048*J1^1*J2^2+-0.0010023442*J2^3+0,0.0026041667*J1^3+-0.0026041667*J1^1*J2^2+0,0.0030070327*J1^3+-0.0105246143*J1^2*J2^1+0.0090210980*J1^1*J2^2+-0.0015035163*J2^3+0,-0.0015035163*J1^2*J2^1+0.0015035163*J2^3+0,-0.0008680556*J1^3+0.0052083333*J1^2*J2^1+-0.0060763889*J1^1*J2^2+0.0017361111*J2^3+0,-0.0015035163*J1^2*J2^1+0.0015035163*J2^3+0,0.0026041667*J1^3+-0.0052083333*J1^2*J2^1+0.0043402778*J1^1*J2^2+-0.0017361111*J2^3+0,0.0008680556*J1^3+-0.0008680556*J1^1*J2^2+0,-0.0010023442*J1^3+0.0025058605*J1^2*J2^1+-0.0030070327*J1^1*J2^2+0.0015035163*J2^3+0,0.0036828478*J1^3+-0.0036828478*J1^2*J2^1+-0.0036828478*J1^1*J2^2+0.0036828478*J2^3+0,0.0106314659*J1^3+-0.0276418113*J1^2*J2^1+0.0233892250*J1^1*J2^2+-0.0063788795*J2^3+0,0.0021262932*J1^3+-0.0021262932*J1^2*J2^1+-0.0021262932*J1^1*J2^2+0.0021262932*J2^3+0,-0.0036828478*J1^3+0.0135037753*J1^2*J2^1+-0.0159590072*J1^1*J2^2+0.0061380797*J2^3+0,0.0021262932*J1^3+-0.0021262932*J1^2*J2^1+-0.0021262932*J1^1*J2^2+0.0021262932*J2^3+0,0.0061380797*J1^3+-0.0159590072*J1^2*J2^1+0.0135037753*J1^1*J2^2+-0.0036828478*J2^3+0,0.0012276159*J1^3+-0.0012276159*J1^2*J2^1+-0.0012276159*J1^1*J2^2+0.0012276159*J2^3+0,-0.0021262932*J1^3+0.0077964083*J1^2*J2^1+-0.0092139371*J1^1*J2^2+0.0035438220*J2^3+0},
{0,0,0,0,0,0,0,0,0,0,0,0,0,0,0,0,0,0,0,0,0,0,0,0,0,0,0,0,0,0,0,0,0,0,0,0,0,0,0,0,0,0,0,0,0,0,0,0,0,0,0,0,0,0,0,0,0,0,0,0,0,0,0,0,0,0,0,0,0,0,0,0,0.0026041667*J1^2*J2^1+-0.0026041667*J2^3+0,-0.0015035163*J1^3+0.0015035163*J1^1*J2^2+0,-0.0015035163*J1^3+0.0015035163*J1^1*J2^2+0,0.0008680556*J1^2*J2^1+-0.0008680556*J2^3+0,0.0015035163*J1^3+-0.0030070327*J1^2*J2^1+-0.0015035163*J1^1*J2^2+0.0030070327*J2^3+0,0.0017361111*J1^3+-0.0008680556*J1^2*J2^1+-0.0017361111*J1^1*J2^2+0.0008680556*J2^3+0,0.0017361111*J1^3+-0.0008680556*J1^2*J2^1+-0.0017361111*J1^1*J2^2+0.0008680556*J2^3+0,0.0005011721*J1^3+-0.0010023442*J1^2*J2^1+-0.0005011721*J1^1*J2^2+0.0010023442*J2^3+0,0.0026041667*J1^3+-0.0026041667*J1^1*J2^2+0,-0.0015035163*J1^2*J2^1+0.0015035163*J2^3+0,-0.0015035163*J1^2*J2^1+0.0015035163*J2^3+0,0.0008680556*J1^3+-0.0008680556*J1^1*J2^2+0,-0.0030070327*J1^3+0.0015035163*J1^2*J2^1+0.0030070327*J1^1*J2^2+-0.0015035163*J2^3+0,-0.0008680556*J1^3+0.0017361111*J1^2*J2^1+0.0008680556*J1^1*J2^2+-0.0017361111*J2^3+0,-0.0008680556*J1^3+0.0017361111*J1^2*J2^1+0.0008680556*J1^1*J2^2+-0.0017361111*J2^3+0,-0.0010023442*J1^3+0.0005011721*J1^2*J2^1+0.0010023442*J1^1*J2^2+-0.0005011721*J2^3+0,0.0036828478*J1^3+-0.0036828478*J1^2*J2^1+-0.0036828478*J1^1*J2^2+0.0036828478*J2^3+0,0.0021262932*J1^3+-0.0021262932*J1^2*J2^1+-0.0021262932*J1^1*J2^2+0.0021262932*J2^3+0,0.0021262932*J1^3+-0.0021262932*J1^2*J2^1+-0.0021262932*J1^1*J2^2+0.0021262932*J2^3+0,0.0012276159*J1^3+-0.0012276159*J1^2*J2^1+-0.0012276159*J1^1*J2^2+0.0012276159*J2^3+0,-0.0063788795*J1^3+0.0063788795*J1^2*J2^1+0.0063788795*J1^1*J2^2+-0.0063788795*J2^3+0,-0.0036828478*J1^3+0.0036828478*J1^2*J2^1+0.0036828478*J1^1*J2^2+-0.0036828478*J2^3+0,-0.0036828478*J1^3+0.0036828478*J1^2*J2^1+0.0036828478*J1^1*J2^2+-0.0036828478*J2^3+0,-0.0021262932*J1^3+0.0021262932*J1^2*J2^1+0.0021262932*J1^1*J2^2+-0.0021262932*J2^3+0},
{0,0,0,0,0,0,0,0,0,0,0,0,0,0,0,0,0,0,0,0,0,0,0,0,0,0,0,0,0,0,0,0,0,0,0,0,0,0,0,0,0,0,0,0,0,0,0,0,0,0,0,0,0,0,0,0,0,0,0,0,0,0,0,0,0,0,0,0,0,0,0,0,-0.0015035163*J1^3+0.0015035163*J1^1*J2^2+0,-0.0017361111*J1^3+0.0060763889*J1^2*J2^1+-0.0052083333*J1^1*J2^2+0.0008680556*J2^3+0,0.0008680556*J1^2*J2^1+-0.0008680556*J2^3+0,0.0005011721*J1^3+-0.0030070327*J1^2*J2^1+0.0035082048*J1^1*J2^2+-0.0010023442*J2^3+0,0.0017361111*J1^3+-0.0008680556*J1^2*J2^1+-0.0017361111*J1^1*J2^2+0.0008680556*J2^3+0,0.0035082048*J1^3+-0.0100234422*J1^2*J2^1+0.0085199258*J1^1*J2^2+-0.0020046884*J2^3+0,0.0005011721*J1^3+-0.0010023442*J1^2*J2^1+-0.0005011721*J1^1*J2^2+0.0010023442*J2^3+0,-0.0011574074*J1^3+0.0049189815*J1^2*J2^1+-0.0057870370*J1^1*J2^2+0.0020254630*J2^3+0,-0.0015035163*J1^2*J2^1+0.0015035163*J2^3+0,0.0026041667*J1^3+-0.0052083333*J1^2*J2^1+0.0043402778*J1^1*J2^2+-0.0017361111*J2^3+0,0.0008680556*J1^3+-0.0008680556*J1^1*J2^2+0,-0.0010023442*J1^3+0.0025058605*J1^2*J2^1+-0.0030070327*J1^1*J2^2+0.0015035163*J2^3+0,-0.0008680556*J1^3+0.0017361111*J1^2*J2^1+0.0008680556*J1^1*J2^2+-0.0017361111*J2^3+0,-0.0040093769*J1^3+0.0095222701*J1^2*J2^1+-0.0080187537*J1^1*J2^2+0.0025058605*J2^3+0,-0.0010023442*J1^3+0.0005011721*J1^2*J2^1+0.0010023442*J1^1*J2^2+-0.0005011721*J2^3+0,0.0014467593*J1^3+-0.0046296296*J1^2*J2^1+0.0054976852*J1^1*J2^2+-0.0023148148*J2^3+0,0.0021262932*J1^3+-0.0021262932*J1^2*J2^1+-0.0021262932*J1^1*J2^2+0.0021262932*J2^3+0,0.0061380797*J1^3+-0.0159590072*J1^2*J2^1+0.0135037753*J1^1*J2^2+-0.0036828478*J2^3+0,0.0012276159*J1^3+-0.0012276159*J1^2*J2^1+-0.0012276159*J1^1*J2^2+0.0012276159*J2^3+0,-0.0021262932*J1^3+0.0077964083*J1^2*J2^1+-0.0092139371*J1^1*J2^2+0.0035438220*J2^3+0,-0.0036828478*J1^3+0.0036828478*J1^2*J2^1+0.0036828478*J1^1*J2^2+-0.0036828478*J2^3+0,-0.0106314659*J1^3+0.0276418113*J1^2*J2^1+-0.0233892250*J1^1*J2^2+0.0063788795*J2^3+0,-0.0021262932*J1^3+0.0021262932*J1^2*J2^1+0.0021262932*J1^1*J2^2+-0.0021262932*J2^3+0,0.0036828478*J1^3+-0.0135037753*J1^2*J2^1+0.0159590072*J1^1*J2^2+-0.0061380797*J2^3+0},
{0,0,0,0,0,0,0,0,0,0,0,0,0,0,0,0,0,0,0,0,0,0,0,0,0,0,0,0,0,0,0,0,0,0,0,0,0,0,0,0,0,0,0,0,0,0,0,0,0,0,0,0,0,0,0,0,0,0,0,0,0,0,0,0,0,0,0,0,0,0,0,0,0.0078125000*J1^3+-0.0078125000*J1^1*J2^2+0,-0.0045105490*J1^2*J2^1+0.0045105490*J2^3+0,-0.0045105490*J1^2*J2^1+0.0045105490*J2^3+0,0.0026041667*J1^3+-0.0026041667*J1^1*J2^2+0,-0.0045105490*J1^2*J2^1+0.0045105490*J2^3+0,0.0026041667*J1^3+-0.0026041667*J1^1*J2^2+0,0.0026041667*J1^3+-0.0026041667*J1^1*J2^2+0,-0.0015035163*J1^2*J2^1+0.0015035163*J2^3+0,0.0078125000*J1^2*J2^1+-0.0078125000*J2^3+0,-0.0045105490*J1^3+0.0045105490*J1^1*J2^2+0,-0.0045105490*J1^3+0.0045105490*J1^1*J2^2+0,0.0026041667*J1^2*J2^1+-0.0026041667*J2^3+0,-0.0045105490*J1^3+0.0045105490*J1^1*J2^2+0,0.0026041667*J1^2*J2^1+-0.0026041667*J2^3+0,0.0026041667*J1^2*J2^1+-0.0026041667*J2^3+0,-0.0015035163*J1^3+0.0015035163*J1^1*J2^2+0,0,0,0,0,0,0,0,0},
{0,0,0,0,0,0,0,0,0,0,0,0,0,0,0,0,0,0,0,0,0,0,0,0,0,0,0,0,0,0,0,0,0,0,0,0,0,0,0,0,0,0,0,0,0,0,0,0,0,0,0,0,0,0,0,0,0,0,0,0,0,0,0,0,0,0,0,0,0,0,0,0,-0.0045105490*J1^2*J2^1+0.0045105490*J2^3+0,-0.0026041667*J1^3+0.0156250000*J1^2*J2^1+-0.0182291667*J1^1*J2^2+0.0052083333*J2^3+0,0.0026041667*J1^3+-0.0026041667*J1^1*J2^2+0,0.0030070327*J1^3+-0.0105246143*J1^2*J2^1+0.0090210980*J1^1*J2^2+-0.0015035163*J2^3+0,0.0026041667*J1^3+-0.0026041667*J1^1*J2^2+0,-0.0030070327*J1^3+0.0075175816*J1^2*J2^1+-0.0090210980*J1^1*J2^2+0.0045105490*J2^3+0,-0.0015035163*J1^2*J2^1+0.0015035163*J2^3+0,0.0026041667*J1^3+-0.0052083333*J1^2*J2^1+0.0043402778*J1^1*J2^2+-0.0017361111*J2^3+0,-0.0045105490*J1^3+0.0045105490*J1^1*J2^2+0,0.0052083333*J1^3+-0.0130208333*J1^2*J2^1+0.0156250000*J1^1*J2^2+-0.0078125000*J2^3+0,0.0026041667*J1^2*J2^1+-0.0026041667*J2^3+0,-0.0045105490*J1^3+0.0090210980*J1^2*J2^1+-0.0075175816*J1^1*J2^2+0.0030070327*J2^3+0,0.0026041667*J1^2*J2^1+-0.0026041667*J2^3+0,0.0015035163*J1^3+-0.0090210980*J1^2*J2^1+0.0105246143*J1^1*J2^2+-0.0030070327*J2^3+0,-0.0015035163*J1^3+0.0015035163*J1^1*J2^2+0,-0.0017361111*J1^3+0.0060763889*J1^2*J2^1+-0.0052083333*J1^1*J2^2+0.0008680556*J2^3+0,0,0,0,0,0,0,0,0},
{0,0,0,0,0,0,0,0,0,0,0,0,0,0,0,0,0,0,0,0,0,0,0,0,0,0,0,0,0,0,0,0,0,0,0,0,0,0,0,0,0,0,0,0,0,0,0,0,0,0,0,0,0,0,0,0,0,0,0,0,0,0,0,0,0,0,0,0,0,0,0,0,-0.0045105490*J1^2*J2^1+0.0045105490*J2^3+0,0.0026041667*J1^3+-0.0026041667*J1^1*J2^2+0,0.0026041667*J1^3+-0.0026041667*J1^1*J2^2+0,-0.0015035163*J1^2*J2^1+0.0015035163*J2^3+0,-0.0026041667*J1^3+0.0052083333*J1^2*J2^1+0.0026041667*J1^1*J2^2+-0.0052083333*J2^3+0,-0.0030070327*J1^3+0.0015035163*J1^2*J2^1+0.0030070327*J1^1*J2^2+-0.0015035163*J2^3+0,-0.0030070327*J1^3+0.0015035163*J1^2*J2^1+0.0030070327*J1^1*J2^2+-0.0015035163*J2^3+0,-0.0008680556*J1^3+0.0017361111*J1^2*J2^1+0.0008680556*J1^1*J2^2+-0.0017361111*J2^3+0,-0.0045105490*J1^3+0.0045105490*J1^1*J2^2+0,0.0026041667*J1^2*J2^1+-0.0026041667*J2^3+0,0.0026041667*J1^2*J2^1+-0.0026041667*J2^3+0,-0.0015035163*J1^3+0.0015035163*J1^1*J2^2+0,0.0052083333*J1^3+-0.0026041667*J1^2*J2^1+-0.0052083333*J1^1*J2^2+0.0026041667*J2^3+0,0.0015035163*J1^3+-0.0030070327*J1^2*J2^1+-0.0015035163*J1^1*J2^2+0.0030070327*J2^3+0,0.0015035163*J1^3+-0.0030070327*J1^2*J2^1+-0.0015035163*J1^1*J2^2+0.0030070327*J2^3+0,0.0017361111*J1^3+-0.0008680556*J1^2*J2^1+-0.0017361111*J1^1*J2^2+0.0008680556*J2^3+0,0,0,0,0,0,0,0,0},
{0,0,0,0,0,0,0,0,0,0,0,0,0,0,0,0,0,0,0,0,0,0,0,0,0,0,0,0,0,0,0,0,0,0,0,0,0,0,0,0,0,0,0,0,0,0,0,0,0,0,0,0,0,0,0,0,0,0,0,0,0,0,0,0,0,0,0,0,0,0,0,0,0.0026041667*J1^3+-0.0026041667*J1^1*J2^2+0,-0.0030070327*J1^3+0.0075175816*J1^2*J2^1+-0.0090210980*J1^1*J2^2+0.0045105490*J2^3+0,-0.0015035163*J1^2*J2^1+0.0015035163*J2^3+0,0.0026041667*J1^3+-0.0052083333*J1^2*J2^1+0.0043402778*J1^1*J2^2+-0.0017361111*J2^3+0,-0.0030070327*J1^3+0.0015035163*J1^2*J2^1+0.0030070327*J1^1*J2^2+-0.0015035163*J2^3+0,0.0043402778*J1^3+-0.0138888889*J1^2*J2^1+0.0164930556*J1^1*J2^2+-0.0069444444*J2^3+0,-0.0008680556*J1^3+0.0017361111*J1^2*J2^1+0.0008680556*J1^1*J2^2+-0.0017361111*J2^3+0,-0.0040093769*J1^3+0.0095222701*J1^2*J2^1+-0.0080187537*J1^1*J2^2+0.0025058605*J2^3+0,0.0026041667*J1^2*J2^1+-0.0026041667*J2^3+0,0.0015035163*J1^3+-0.0090210980*J1^2*J2^1+0.0105246143*J1^1*J2^2+-0.0030070327*J2^3+0,-0.0015035163*J1^3+0.0015035163*J1^1*J2^2+0,-0.0017361111*J1^3+0.0060763889*J1^2*J2^1+-0.0052083333*J1^1*J2^2+0.0008680556*J2^3+0,0.0015035163*J1^3+-0.0030070327*J1^2*J2^1+-0.0015035163*J1^1*J2^2+0.0030070327*J2^3+0,-0.0034722222*J1^3+0.0147569444*J1^2*J2^1+-0.0173611111*J1^1*J2^2+0.0060763889*J2^3+0,0.0017361111*J1^3+-0.0008680556*J1^2*J2^1+-0.0017361111*J1^1*J2^2+0.0008680556*J2^3+0,0.0035082048*J1^3+-0.0100234422*J1^2*J2^1+0.0085199258*J1^1*J2^2+-0.0020046884*J2^3+0,0,0,0,0,0,0,0,0},
{0,0,0,0,0,0,0,0,0,0,0,0,0,0,0,0,0,0,0,0,0,0,0,0,0,0,0,0,0,0,0,0,0,0,0,0,0,0,0,0,0,0,0,0,0,0,0,0,0,0,0,0,0,0,0,0,0,0,0,0,0,0,0,0,0,0,0,0,0,0,0,0,-0.0045105490*J1^2*J2^1+0.0045105490*J2^3+0,0.0026041667*J1^3+-0.0026041667*J1^1*J2^2+0,0.0026041667*J1^3+-0.0026041667*J1^1*J2^2+0,-0.0015035163*J1^2*J2^1+0.0015035163*J2^3+0,0.0026041667*J1^3+-0.0026041667*J1^1*J2^2+0,-0.0015035163*J1^2*J2^1+0.0015035163*J2^3+0,-0.0015035163*J1^2*J2^1+0.0015035163*J2^3+0,0.0008680556*J1^3+-0.0008680556*J1^1*J2^2+0,-0.0045105490*J1^3+0.0045105490*J1^1*J2^2+0,0.0026041667*J1^2*J2^1+-0.0026041667*J2^3+0,0.0026041667*J1^2*J2^1+-0.0026041667*J2^3+0,-0.0015035163*J1^3+0.0015035163*J1^1*J2^2+0,0.0026041667*J1^2*J2^1+-0.0026041667*J2^3+0,-0.0015035163*J1^3+0.0015035163*J1^1*J2^2+0,-0.0015035163*J1^3+0.0015035163*J1^1*J2^2+0,0.0008680556*J1^2*J2^1+-0.0008680556*J2^3+0,-0.0063788795*J1^3+0.0063788795*J1^2*J2^1+0.0063788795*J1^1*J2^2+-0.0063788795*J2^3+0,-0.0036828478*J1^3+0.0036828478*J1^2*J2^1+0.0036828478*J1^1*J2^2+-0.0036828478*J2^3+0,-0.0036828478*J1^3+0.0036828478*J1^2*J2^1+0.0036828478*J1^1*J2^2+-0.0036828478*J2^3+0,-0.0021262932*J1^3+0.0021262932*J1^2*J2^1+0.0021262932*J1^1*J2^2+-0.0021262932*J2^3+0,-0.0036828478*J1^3+0.0036828478*J1^2*J2^1+0.0036828478*J1^1*J2^2+-0.0036828478*J2^3+0,-0.0021262932*J1^3+0.0021262932*J1^2*J2^1+0.0021262932*J1^1*J2^2+-0.0021262932*J2^3+0,-0.0021262932*J1^3+0.0021262932*J1^2*J2^1+0.0021262932*J1^1*J2^2+-0.0021262932*J2^3+0,-0.0012276159*J1^3+0.0012276159*J1^2*J2^1+0.0012276159*J1^1*J2^2+-0.0012276159*J2^3+0},
{0,0,0,0,0,0,0,0,0,0,0,0,0,0,0,0,0,0,0,0,0,0,0,0,0,0,0,0,0,0,0,0,0,0,0,0,0,0,0,0,0,0,0,0,0,0,0,0,0,0,0,0,0,0,0,0,0,0,0,0,0,0,0,0,0,0,0,0,0,0,0,0,0.0026041667*J1^3+-0.0026041667*J1^1*J2^2+0,-0.0030070327*J1^3+0.0075175816*J1^2*J2^1+-0.0090210980*J1^1*J2^2+0.0045105490*J2^3+0,-0.0015035163*J1^2*J2^1+0.0015035163*J2^3+0,0.0026041667*J1^3+-0.0052083333*J1^2*J2^1+0.0043402778*J1^1*J2^2+-0.0017361111*J2^3+0,-0.0015035163*J1^2*J2^1+0.0015035163*J2^3+0,-0.0008680556*J1^3+0.0052083333*J1^2*J2^1+-0.0060763889*J1^1*J2^2+0.0017361111*J2^3+0,0.0008680556*J1^3+-0.0008680556*J1^1*J2^2+0,0.0010023442*J1^3+-0.0035082048*J1^2*J2^1+0.0030070327*J1^1*J2^2+-0.0005011721*J2^3+0,0.0026041667*J1^2*J2^1+-0.0026041667*J2^3+0,0.0015035163*J1^3+-0.0090210980*J1^2*J2^1+0.0105246143*J1^1*J2^2+-0.0030070327*J2^3+0,-0.0015035163*J1^3+0.0015035163*J1^1*J2^2+0,-0.0017361111*J1^3+0.0060763889*J1^2*J2^1+-0.0052083333*J1^1*J2^2+0.0008680556*J2^3+0,-0.0015035163*J1^3+0.0015035163*J1^1*J2^2+0,0.0017361111*J1^3+-0.0043402778*J1^2*J2^1+0.0052083333*J1^1*J2^2+-0.0026041667*J2^3+0,0.0008680556*J1^2*J2^1+-0.0008680556*J2^3+0,-0.0015035163*J1^3+0.0030070327*J1^2*J2^1+-0.0025058605*J1^1*J2^2+0.0010023442*J2^3+0,-0.0036828478*J1^3+0.0036828478*J1^2*J2^1+0.0036828478*J1^1*J2^2+-0.0036828478*J2^3+0,0.0063788795*J1^3+-0.0233892250*J1^2*J2^1+0.0276418113*J1^1*J2^2+-0.0106314659*J2^3+0,-0.0021262932*J1^3+0.0021262932*J1^2*J2^1+0.0021262932*J1^1*J2^2+-0.0021262932*J2^3+0,-0.0061380797*J1^3+0.0159590072*J1^2*J2^1+-0.0135037753*J1^1*J2^2+0.0036828478*J2^3+0,-0.0021262932*J1^3+0.0021262932*J1^2*J2^1+0.0021262932*J1^1*J2^2+-0.0021262932*J2^3+0,0.0036828478*J1^3+-0.0135037753*J1^2*J2^1+0.0159590072*J1^1*J2^2+-0.0061380797*J2^3+0,-0.0012276159*J1^3+0.0012276159*J1^2*J2^1+0.0012276159*J1^1*J2^2+-0.0012276159*J2^3+0,-0.0035438220*J1^3+0.0092139371*J1^2*J2^1+-0.0077964083*J1^1*J2^2+0.0021262932*J2^3+0},
{0,0,0,0,0,0,0,0,0,0,0,0,0,0,0,0,0,0,0,0,0,0,0,0,0,0,0,0,0,0,0,0,0,0,0,0,0,0,0,0,0,0,0,0,0,0,0,0,0,0,0,0,0,0,0,0,0,0,0,0,0,0,0,0,0,0,0,0,0,0,0,0,0.0026041667*J1^3+-0.0026041667*J1^1*J2^2+0,-0.0015035163*J1^2*J2^1+0.0015035163*J2^3+0,-0.0015035163*J1^2*J2^1+0.0015035163*J2^3+0,0.0008680556*J1^3+-0.0008680556*J1^1*J2^2+0,-0.0030070327*J1^3+0.0015035163*J1^2*J2^1+0.0030070327*J1^1*J2^2+-0.0015035163*J2^3+0,-0.0008680556*J1^3+0.0017361111*J1^2*J2^1+0.0008680556*J1^1*J2^2+-0.0017361111*J2^3+0,-0.0008680556*J1^3+0.0017361111*J1^2*J2^1+0.0008680556*J1^1*J2^2+-0.0017361111*J2^3+0,-0.0010023442*J1^3+0.0005011721*J1^2*J2^1+0.0010023442*J1^1*J2^2+-0.0005011721*J2^3+0,0.0026041667*J1^2*J2^1+-0.0026041667*J2^3+0,-0.0015035163*J1^3+0.0015035163*J1^1*J2^2+0,-0.0015035163*J1^3+0.0015035163*J1^1*J2^2+0,0.0008680556*J1^2*J2^1+-0.0008680556*J2^3+0,0.0015035163*J1^3+-0.0030070327*J1^2*J2^1+-0.0015035163*J1^1*J2^2+0.0030070327*J2^3+0,0.0017361111*J1^3+-0.0008680556*J1^2*J2^1+-0.0017361111*J1^1*J2^2+0.0008680556*J2^3+0,0.0017361111*J1^3+-0.0008680556*J1^2*J2^1+-0.0017361111*J1^1*J2^2+0.0008680556*J2^3+0,0.0005011721*J1^3+-0.0010023442*J1^2*J2^1+-0.0005011721*J1^1*J2^2+0.0010023442*J2^3+0,-0.0036828478*J1^3+0.0036828478*J1^2*J2^1+0.0036828478*J1^1*J2^2+-0.0036828478*J2^3+0,-0.0021262932*J1^3+0.0021262932*J1^2*J2^1+0.0021262932*J1^1*J2^2+-0.0021262932*J2^3+0,-0.0021262932*J1^3+0.0021262932*J1^2*J2^1+0.0021262932*J1^1*J2^2+-0.0021262932*J2^3+0,-0.0012276159*J1^3+0.0012276159*J1^2*J2^1+0.0012276159*J1^1*J2^2+-0.0012276159*J2^3+0,0.0063788795*J1^3+-0.0063788795*J1^2*J2^1+-0.0063788795*J1^1*J2^2+0.0063788795*J2^3+0,0.0036828478*J1^3+-0.0036828478*J1^2*J2^1+-0.0036828478*J1^1*J2^2+0.0036828478*J2^3+0,0.0036828478*J1^3+-0.0036828478*J1^2*J2^1+-0.0036828478*J1^1*J2^2+0.0036828478*J2^3+0,0.0021262932*J1^3+-0.0021262932*J1^2*J2^1+-0.0021262932*J1^1*J2^2+0.0021262932*J2^3+0},
{0,0,0,0,0,0,0,0,0,0,0,0,0,0,0,0,0,0,0,0,0,0,0,0,0,0,0,0,0,0,0,0,0,0,0,0,0,0,0,0,0,0,0,0,0,0,0,0,0,0,0,0,0,0,0,0,0,0,0,0,0,0,0,0,0,0,0,0,0,0,0,0,-0.0015035163*J1^2*J2^1+0.0015035163*J2^3+0,-0.0008680556*J1^3+0.0052083333*J1^2*J2^1+-0.0060763889*J1^1*J2^2+0.0017361111*J2^3+0,0.0008680556*J1^3+-0.0008680556*J1^1*J2^2+0,0.0010023442*J1^3+-0.0035082048*J1^2*J2^1+0.0030070327*J1^1*J2^2+-0.0005011721*J2^3+0,-0.0008680556*J1^3+0.0017361111*J1^2*J2^1+0.0008680556*J1^1*J2^2+-0.0017361111*J2^3+0,0.0020046884*J1^3+-0.0085199258*J1^2*J2^1+0.0100234422*J1^1*J2^2+-0.0035082048*J2^3+0,-0.0010023442*J1^3+0.0005011721*J1^2*J2^1+0.0010023442*J1^1*J2^2+-0.0005011721*J2^3+0,-0.0020254630*J1^3+0.0057870370*J1^2*J2^1+-0.0049189815*J1^1*J2^2+0.0011574074*J2^3+0,-0.0015035163*J1^3+0.0015035163*J1^1*J2^2+0,0.0017361111*J1^3+-0.0043402778*J1^2*J2^1+0.0052083333*J1^1*J2^2+-0.0026041667*J2^3+0,0.0008680556*J1^2*J2^1+-0.0008680556*J2^3+0,-0.0015035163*J1^3+0.0030070327*J1^2*J2^1+-0.0025058605*J1^1*J2^2+0.0010023442*J2^3+0,0.0017361111*J1^3+-0.0008680556*J1^2*J2^1+-0.0017361111*J1^1*J2^2+0.0008680556*J2^3+0,-0.0025058605*J1^3+0.0080187537*J1^2*J2^1+-0.0095222701*J1^1*J2^2+0.0040093769*J2^3+0,0.0005011721*J1^3+-0.0010023442*J1^2*J2^1+-0.0005011721*J1^1*J2^2+0.0010023442*J2^3+0,0.0023148148*J1^3+-0.0054976852*J1^2*J2^1+0.0046296296*J1^1*J2^2+-0.0014467593*J2^3+0,-0.0021262932*J1^3+0.0021262932*J1^2*J2^1+0.0021262932*J1^1*J2^2+-0.0021262932*J2^3+0,0.0036828478*J1^3+-0.0135037753*J1^2*J2^1+0.0159590072*J1^1*J2^2+-0.0061380797*J2^3+0,-0.0012276159*J1^3+0.0012276159*J1^2*J2^1+0.0012276159*J1^1*J2^2+-0.0012276159*J2^3+0,-0.0035438220*J1^3+0.0092139371*J1^2*J2^1+-0.0077964083*J1^1*J2^2+0.0021262932*J2^3+0,0.0036828478*J1^3+-0.0036828478*J1^2*J2^1+-0.0036828478*J1^1*J2^2+0.0036828478*J2^3+0,-0.0063788795*J1^3+0.0233892250*J1^2*J2^1+-0.0276418113*J1^1*J2^2+0.0106314659*J2^3+0,0.0021262932*J1^3+-0.0021262932*J1^2*J2^1+-0.0021262932*J1^1*J2^2+0.0021262932*J2^3+0,0.0061380797*J1^3+-0.0159590072*J1^2*J2^1+0.0135037753*J1^1*J2^2+-0.0036828478*J2^3+0},
{0,0,0,0,0,0,0,0,0,0,0,0,0,0,0,0,0,0,0,0,0,0,0,0,0,0,0,0,0,0,0,0,0,0,0,0,0,0,0,0,0,0,0,0,0,0,0,0,0,0,0,0,0,0,0,0,0,0,0,0,0,0,0,0,0,0,0,0,0,0,0,0,0,0,0.0063788795*J1^3+0.0063788795*J1^2*J2^1+-0.0063788795*J1^1*J2^2+-0.0063788795*J2^3+0,-0.0036828478*J1^3+-0.0036828478*J1^2*J2^1+0.0036828478*J1^1*J2^2+0.0036828478*J2^3+0,0,0,-0.0036828478*J1^3+-0.0036828478*J1^2*J2^1+0.0036828478*J1^1*J2^2+0.0036828478*J2^3+0,0.0021262932*J1^3+0.0021262932*J1^2*J2^1+-0.0021262932*J1^1*J2^2+-0.0021262932*J2^3+0,0,0,0.0063788795*J1^3+0.0063788795*J1^2*J2^1+-0.0063788795*J1^1*J2^2+-0.0063788795*J2^3+0,-0.0036828478*J1^3+-0.0036828478*J1^2*J2^1+0.0036828478*J1^1*J2^2+0.0036828478*J2^3+0,0,0,-0.0036828478*J1^3+-0.0036828478*J1^2*J2^1+0.0036828478*J1^1*J2^2+0.0036828478*J2^3+0,0.0021262932*J1^3+0.0021262932*J1^2*J2^1+-0.0021262932*J1^1*J2^2+-0.0021262932*J2^3+0,0,0,0,0,0,0,0,0},
{0,0,0,0,0,0,0,0,0,0,0,0,0,0,0,0,0,0,0,0,0,0,0,0,0,0,0,0,0,0,0,0,0,0,0,0,0,0,0,0,0,0,0,0,0,0,0,0,0,0,0,0,0,0,0,0,0,0,0,0,0,0,0,0,0,0,0,0,0,0,0,0,0,0,-0.0036828478*J1^3+-0.0036828478*J1^2*J2^1+0.0036828478*J1^1*J2^2+0.0036828478*J2^3+0,-0.0063788795*J1^3+0.0276418113*J1^2*J2^1+-0.0276418113*J1^1*J2^2+0.0063788795*J2^3+0,0,0,0.0021262932*J1^3+0.0021262932*J1^2*J2^1+-0.0021262932*J1^1*J2^2+-0.0021262932*J2^3+0,-0.0061380797*J1^3+0.0135037753*J1^2*J2^1+-0.0135037753*J1^1*J2^2+0.0061380797*J2^3+0,0,0,-0.0036828478*J1^3+-0.0036828478*J1^2*J2^1+0.0036828478*J1^1*J2^2+0.0036828478*J2^3+0,0.0106314659*J1^3+-0.0233892250*J1^2*J2^1+0.0233892250*J1^1*J2^2+-0.0106314659*J2^3+0,0,0,0.0021262932*J1^3+0.0021262932*J1^2*J2^1+-0.0021262932*J1^1*J2^2+-0.0021262932*J2^3+0,0.0036828478*J1^3+-0.0159590072*J1^2*J2^1+0.0159590072*J1^1*J2^2+-0.0036828478*J2^3+0,0,0,0,0,0,0,0,0},
{0,0,0,0,0,0,0,0,0,0,0,0,0,0,0,0,0,0,0,0,0,0,0,0,0,0,0,0,0,0,0,0,0,0,0,0,0,0,0,0,0,0,0,0,0,0,0,0,0,0,0,0,0,0,0,0,0,0,0,0,0,0,0,0,0,0,0,0,0,0,0,0,0,0,-0.0036828478*J1^3+-0.0036828478*J1^2*J2^1+0.0036828478*J1^1*J2^2+0.0036828478*J2^3+0,0.0021262932*J1^3+0.0021262932*J1^2*J2^1+-0.0021262932*J1^1*J2^2+-0.0021262932*J2^3+0,0,0,0.0021262932*J1^3+0.0021262932*J1^2*J2^1+-0.0021262932*J1^1*J2^2+-0.0021262932*J2^3+0,-0.0012276159*J1^3+-0.0012276159*J1^2*J2^1+0.0012276159*J1^1*J2^2+0.0012276159*J2^3+0,0,0,-0.0036828478*J1^3+-0.0036828478*J1^2*J2^1+0.0036828478*J1^1*J2^2+0.0036828478*J2^3+0,0.0021262932*J1^3+0.0021262932*J1^2*J2^1+-0.0021262932*J1^1*J2^2+-0.0021262932*J2^3+0,0,0,0.0021262932*J1^3+0.0021262932*J1^2*J2^1+-0.0021262932*J1^1*J2^2+-0.0021262932*J2^3+0,-0.0012276159*J1^3+-0.0012276159*J1^2*J2^1+0.0012276159*J1^1*J2^2+0.0012276159*J2^3+0,0,0,0,0,0,0,0,0},
{0,0,0,0,0,0,0,0,0,0,0,0,0,0,0,0,0,0,0,0,0,0,0,0,0,0,0,0,0,0,0,0,0,0,0,0,0,0,0,0,0,0,0,0,0,0,0,0,0,0,0,0,0,0,0,0,0,0,0,0,0,0,0,0,0,0,0,0,0,0,0,0,0,0,0.0021262932*J1^3+0.0021262932*J1^2*J2^1+-0.0021262932*J1^1*J2^2+-0.0021262932*J2^3+0,-0.0061380797*J1^3+0.0135037753*J1^2*J2^1+-0.0135037753*J1^1*J2^2+0.0061380797*J2^3+0,0,0,-0.0012276159*J1^3+-0.0012276159*J1^2*J2^1+0.0012276159*J1^1*J2^2+0.0012276159*J2^3+0,0.0092139371*J1^3+-0.0248067538*J1^2*J2^1+0.0248067538*J1^1*J2^2+-0.0092139371*J2^3+0,0,0,0.0021262932*J1^3+0.0021262932*J1^2*J2^1+-0.0021262932*J1^1*J2^2+-0.0021262932*J2^3+0,0.0036828478*J1^3+-0.0159590072*J1^2*J2^1+0.0159590072*J1^1*J2^2+-0.0036828478*J2^3+0,0,0,-0.0012276159*J1^3+-0.0012276159*J1^2*J2^1+0.0012276159*J1^1*J2^2+0.0012276159*J2^3+0,-0.0077964083*J1^3+0.0262242825*J1^2*J2^1+-0.0262242825*J1^1*J2^2+0.0077964083*J2^3+0,0,0,0,0,0,0,0,0},
{0,0,0,0,0,0,0,0,0,0,0,0,0,0,0,0,0,0,0,0,0,0,0,0,0,0,0,0,0,0,0,0,0,0,0,0,0,0,0,0,0,0,0,0,0,0,0,0,0,0,0,0,0,0,0,0,0,0,0,0,0,0,0,0,0,0,0,0,0,0,0,0,0,0,-0.0036828478*J1^3+-0.0036828478*J1^2*J2^1+0.0036828478*J1^1*J2^2+0.0036828478*J2^3+0,0.0021262932*J1^3+0.0021262932*J1^2*J2^1+-0.0021262932*J1^1*J2^2+-0.0021262932*J2^3+0,0,0,0.0021262932*J1^3+0.0021262932*J1^2*J2^1+-0.0021262932*J1^1*J2^2+-0.0021262932*J2^3+0,-0.0012276159*J1^3+-0.0012276159*J1^2*J2^1+0.0012276159*J1^1*J2^2+0.0012276159*J2^3+0,0,0,-0.0036828478*J1^3+-0.0036828478*J1^2*J2^1+0.0036828478*J1^1*J2^2+0.0036828478*J2^3+0,0.0021262932*J1^3+0.0021262932*J1^2*J2^1+-0.0021262932*J1^1*J2^2+-0.0021262932*J2^3+0,0,0,0.0021262932*J1^3+0.0021262932*J1^2*J2^1+-0.0021262932*J1^1*J2^2+-0.0021262932*J2^3+0,-0.0012276159*J1^3+-0.0012276159*J1^2*J2^1+0.0012276159*J1^1*J2^2+0.0012276159*J2^3+0,0,0,0,0,0,0,0,0},
{0,0,0,0,0,0,0,0,0,0,0,0,0,0,0,0,0,0,0,0,0,0,0,0,0,0,0,0,0,0,0,0,0,0,0,0,0,0,0,0,0,0,0,0,0,0,0,0,0,0,0,0,0,0,0,0,0,0,0,0,0,0,0,0,0,0,0,0,0,0,0,0,0,0,0.0021262932*J1^3+0.0021262932*J1^2*J2^1+-0.0021262932*J1^1*J2^2+-0.0021262932*J2^3+0,-0.0061380797*J1^3+0.0135037753*J1^2*J2^1+-0.0135037753*J1^1*J2^2+0.0061380797*J2^3+0,0,0,-0.0012276159*J1^3+-0.0012276159*J1^2*J2^1+0.0012276159*J1^1*J2^2+0.0012276159*J2^3+0,-0.0021262932*J1^3+0.0092139371*J1^2*J2^1+-0.0092139371*J1^1*J2^2+0.0021262932*J2^3+0,0,0,0.0021262932*J1^3+0.0021262932*J1^2*J2^1+-0.0021262932*J1^1*J2^2+-0.0021262932*J2^3+0,0.0036828478*J1^3+-0.0159590072*J1^2*J2^1+0.0159590072*J1^1*J2^2+-0.0036828478*J2^3+0,0,0,-0.0012276159*J1^3+-0.0012276159*J1^2*J2^1+0.0012276159*J1^1*J2^2+0.0012276159*J2^3+0,0.0035438220*J1^3+-0.0077964083*J1^2*J2^1+0.0077964083*J1^1*J2^2+-0.0035438220*J2^3+0,0,0,0,0.0138888889*J1^3+-0.0416666667*J1^2*J2^1+0.0416666667*J1^1*J2^2+-0.0138888889*J2^3+0,0,0,0,0.0080187537*J1^3+-0.0240562612*J1^2*J2^1+0.0240562612*J1^1*J2^2+-0.0080187537*J2^3+0},
{0,0,0,0,0,0,0,0,0,0,0,0,0,0,0,0,0,0,0,0,0,0,0,0,0,0,0,0,0,0,0,0,0,0,0,0,0,0,0,0,0,0,0,0,0,0,0,0,0,0,0,0,0,0,0,0,0,0,0,0,0,0,0,0,0,0,0,0,0,0,0,0,0,0,0.0021262932*J1^3+0.0021262932*J1^2*J2^1+-0.0021262932*J1^1*J2^2+-0.0021262932*J2^3+0,-0.0012276159*J1^3+-0.0012276159*J1^2*J2^1+0.0012276159*J1^1*J2^2+0.0012276159*J2^3+0,0,0,-0.0012276159*J1^3+-0.0012276159*J1^2*J2^1+0.0012276159*J1^1*J2^2+0.0012276159*J2^3+0,0.0007087644*J1^3+0.0007087644*J1^2*J2^1+-0.0007087644*J1^1*J2^2+-0.0007087644*J2^3+0,0,0,0.0021262932*J1^3+0.0021262932*J1^2*J2^1+-0.0021262932*J1^1*J2^2+-0.0021262932*J2^3+0,-0.0012276159*J1^3+-0.0012276159*J1^2*J2^1+0.0012276159*J1^1*J2^2+0.0012276159*J2^3+0,0,0,-0.0012276159*J1^3+-0.0012276159*J1^2*J2^1+0.0012276159*J1^1*J2^2+0.0012276159*J2^3+0,0.0007087644*J1^3+0.0007087644*J1^2*J2^1+-0.0007087644*J1^1*J2^2+-0.0007087644*J2^3+0,0,0,0,0,0,0,0,0},
{0,0,0,0,0,0,0,0,0,0,0,0,0,0,0,0,0,0,0,0,0,0,0,0,0,0,0,0,0,0,0,0,0,0,0,0,0,0,0,0,0,0,0,0,0,0,0,0,0,0,0,0,0,0,0,0,0,0,0,0,0,0,0,0,0,0,0,0,0,0,0,0,0,0,-0.0012276159*J1^3+-0.0012276159*J1^2*J2^1+0.0012276159*J1^1*J2^2+0.0012276159*J2^3+0,-0.0021262932*J1^3+0.0092139371*J1^2*J2^1+-0.0092139371*J1^1*J2^2+0.0021262932*J2^3+0,0,0,0.0007087644*J1^3+0.0007087644*J1^2*J2^1+-0.0007087644*J1^1*J2^2+-0.0007087644*J2^3+0,0.0045012584*J1^3+-0.0151405966*J1^2*J2^1+0.0151405966*J1^1*J2^2+-0.0045012584*J2^3+0,0,0,-0.0012276159*J1^3+-0.0012276159*J1^2*J2^1+0.0012276159*J1^1*J2^2+0.0012276159*J2^3+0,0.0035438220*J1^3+-0.0077964083*J1^2*J2^1+0.0077964083*J1^1*J2^2+-0.0035438220*J2^3+0,0,0,0.0007087644*J1^3+0.0007087644*J1^2*J2^1+-0.0007087644*J1^1*J2^2+-0.0007087644*J2^3+0,-0.0053196691*J1^3+0.0143221860*J1^2*J2^1+-0.0143221860*J1^1*J2^2+0.0053196691*J2^3+0,0,0,0,0.0080187537*J1^3+-0.0240562612*J1^2*J2^1+0.0240562612*J1^1*J2^2+-0.0080187537*J2^3+0,0,0,0,-0.0138888889*J1^3+0.0416666667*J1^2*J2^1+-0.0416666667*J1^1*J2^2+0.0138888889*J2^3+0},
{0,0,0,0,0,0,0,0,0,0,0,0,0,0,0,0,0,0,0,0,0,0,0,0,0,0,0,0,0,0,0,0,0,0,0,0,0,0,0,0,0,0,0,0,0,0,0,0,0,0,0,0,0,0,0,0,0,0,0,0,0,0,0,0,0,0,0,0,0,0,0,0,0,0,0,0,0,0,0,0,0,0,0,0,0,0,0,0,0,0,0,0,0,0,0,0},
{0,0,0,0,0,0,0,0,0,0,0,0,0,0,0,0,0,0,0,0,0,0,0,0,0,0,0,0,0,0,0,0,0,0,0,0,0,0,0,0,0,0,0,0,0,0,0,0,0,0,0,0,0,0,0,0,0,0,0,0,0,0,0,0,0,0,0,0,0,0,0,0,0,0,0,0,0,0,0,0,0,0,0,0,0,0,0,0,0,0,0,0,0,0,0,0},
{0,0,0,0,0,0,0,0,0,0,0,0,0,0,0,0,0,0,0,0,0,0,0,0,0,0,0,0,0,0,0,0,0,0,0,0,0,0,0,0,0,0,0,0,0,0,0,0,0,0,0,0,0,0,0,0,0,0,0,0,0,0,0,0,0,0,0,0,0,0,0,0,0,0,0,0,0,0,0,0,0,0,0,0,0,0,0,0,0,0,0,0,0,0,0,0},
{0,0,0,0,0,0,0,0,0,0,0,0,0,0,0,0,0,0,0,0,0,0,0,0,0,0,0,0,0,0,0,0,0,0,0,0,0,0,0,0,0,0,0,0,0,0,0,0,0,0,0,0,0,0,0,0,0,0,0,0,0,0,0,0,0,0,0,0,0,0,0,0,0,0,0,0,0,0,0,0,0,0,0,0,0,0,0,0,0,0,0,0,0,0,0,0},
{0,0,0,0,0,0,0,0,0,0,0,0,0,0,0,0,0,0,0,0,0,0,0,0,0,0,0,0,0,0,0,0,0,0,0,0,0,0,0,0,0,0,0,0,0,0,0,0,0,0,0,0,0,0,0,0,0,0,0,0,0,0,0,0,0,0,0,0,0,0,0,0,0,0,0,0,0,0,0,0,0,0,0,0,0,0,0,0,0,0,0,0,0,0,0,0},
{0,0,0,0,0,0,0,0,0,0,0,0,0,0,0,0,0,0,0,0,0,0,0,0,0,0,0,0,0,0,0,0,0,0,0,0,0,0,0,0,0,0,0,0,0,0,0,0,0,0,0,0,0,0,0,0,0,0,0,0,0,0,0,0,0,0,0,0,0,0,0,0,0,0,0,0,0,0,0,0,0,0,0,0,0,0,0,0,0,0,0,0,0,0,0,0},
{0,0,0,0,0,0,0,0,0,0,0,0,0,0,0,0,0,0,0,0,0,0,0,0,0,0,0,0,0,0,0,0,0,0,0,0,0,0,0,0,0,0,0,0,0,0,0,0,0,0,0,0,0,0,0,0,0,0,0,0,0,0,0,0,0,0,0,0,0,0,0,0,0,0,0,0,0,0,0,0,0,0,0,0,0,0,0,0,0,0,0,0,0,0,0,0},
{0,0,0,0,0,0,0,0,0,0,0,0,0,0,0,0,0,0,0,0,0,0,0,0,0,0,0,0,0,0,0,0,0,0,0,0,0,0,0,0,0,0,0,0,0,0,0,0,0,0,0,0,0,0,0,0,0,0,0,0,0,0,0,0,0,0,0,0,0,0,0,0,0,0,0,0,0,0,0,0,0,0,0,0,0,0,0,0,0,0,0,0,0,0,0,0},
{0,0,0,0,0,0,0,0,0,0,0,0,0,0,0,0,0,0,0,0,0,0,0,0,0,0,0,0,0,0,0,0,0,0,0,0,0,0,0,0,0,0,0,0,0,0,0,0,0,0,0,0,0,0,0,0,0,0,0,0,0,0,0,0,0,0,0,0,0,0,0,0,0,0,0,0,0,0,0,0,0,0,0,0,0,0,0,0,0,0,0,0,0,0,0,0},
{0,0,0,0,0,0,0,0,0,0,0,0,0,0,0,0,0,0,0,0,0,0,0,0,0,0,0,0,0,0,0,0,0,0,0,0,0,0,0,0,0,0,0,0,0,0,0,0,0,0,0,0,0,0,0,0,0,0,0,0,0,0,0,0,0,0,0,0,0,0,0,0,0,0,0,0,0,0,0,0,0,0,0,0,0,0,0,0,0,0,0,0,0,0,0,0},
{0,0,0,0,0,0,0,0,0,0,0,0,0,0,0,0,0,0,0,0,0,0,0,0,0,0,0,0,0,0,0,0,0,0,0,0,0,0,0,0,0,0,0,0,0,0,0,0,0,0,0,0,0,0,0,0,0,0,0,0,0,0,0,0,0,0,0,0,0,0,0,0,0,0,0,0,0,0,0,0,0,0,0,0,0,0,0,0,0,0,0,0,0,0,0,0},
{0,0,0,0,0,0,0,0,0,0,0,0,0,0,0,0,0,0,0,0,0,0,0,0,0,0,0,0,0,0,0,0,0,0,0,0,0,0,0,0,0,0,0,0,0,0,0,0,0,0,0,0,0,0,0,0,0,0,0,0,0,0,0,0,0,0,0,0,0,0,0,0,0,0,0,0,0,0,0,0,0,0,0,0,0,0,0,0,0,0,0,0,0,0,0,0},
{0,0,0,0,0,0,0,0,0,0,0,0,0,0,0,0,0,0,0,0,0,0,0,0,0,0,0,0,0,0,0,0,0,0,0,0,0,0,0,0,0,0,0,0,0,0,0,0,0,0,0,0,0,0,0,0,0,0,0,0,0,0,0,0,0,0,0,0,0,0,0,0,0,0,0,0,0,0,0,0,0,0,0,0,0,0,0,0,0,0,0,0,0,0,0,0},
{0,0,0,0,0,0,0,0,0,0,0,0,0,0,0,0,0,0,0,0,0,0,0,0,0,0,0,0,0,0,0,0,0,0,0,0,0,0,0,0,0,0,0,0,0,0,0,0,0,0,0,0,0,0,0,0,0,0,0,0,0,0,0,0,0,0,0,0,0,0,0,0,0,0,0,0,0,0,0,0,0,0,0,0,0,0,0,0,0,0,0,0,0,0,0,0},
{0,0,0,0,0,0,0,0,0,0,0,0,0,0,0,0,0,0,0,0,0,0,0,0,0,0,0,0,0,0,0,0,0,0,0,0,0,0,0,0,0,0,0,0,0,0,0,0,0,0,0,0,0,0,0,0,0,0,0,0,0,0,0,0,0,0,0,0,0,0,0,0,0,0,0,0,0,0,0,0,0,0,0,0,0,0,0,0,0,0,0,0,0,0,0,0},
{0,0,0,0,0,0,0,0,0,0,0,0,0,0,0,0,0,0,0,0,0,0,0,0,0,0,0,0,0,0,0,0,0,0,0,0,0,0,0,0,0,0,0,0,0,0,0,0,0,0,0,0,0,0,0,0,0,0,0,0,0,0,0,0,0,0,0,0,0,0,0,0,0,0,0,0,0,0,0,0,0,0,0,0,0,0,0,0,0,0,0,0,0,0,0,0},
{0,0,0,0,0,0,0,0,0,0,0,0,0,0,0,0,0,0,0,0,0,0,0,0,0,0,0,0,0,0,0,0,0,0,0,0,0,0,0,0,0,0,0,0,0,0,0,0,0,0,0,0,0,0,0,0,0,0,0,0,0,0,0,0,0,0,0,0,0,0,0,0,0,0,0,0,0,0,0,0,0,0,0,0,0,0,0,0,0,0,0,0,0,0,0,0},
{0,0,0,0,0,0,0,0,0,0,0,0,0,0,0,0,0,0,0,0,0,0,0,0,0,0,0,0,0,0,0,0,0,0,0,0,0,0,0,0,0,0,0,0,0,0,0,0,0,0,0,0,0,0,0,0,0,0,0,0,0,0,0,0,0,0,0,0,0,0,0,0,0,0,0,0,0,0,0,0,0,0,0,0,0,0,0,0,0,0,0,0,0,0,0,0},
{0,0,0,0,0,0,0,0,0,0,0,0,0,0,0,0,0,0,0,0,0,0,0,0,0,0,0,0,0,0,0,0,0,0,0,0,0,0,0,0,0,0,0,0,0,0,0,0,0,0,0,0,0,0,0,0,0,0,0,0,0,0,0,0,0,0,0,0,0,0,0,0,0,0,0,0,0,0,0,0,0,0,0,0,0,0,0,0,0,0,0,0,0,0,0,0},
{0,0,0,0,0,0,0,0,0,0,0,0,0,0,0,0,0,0,0,0,0,0,0,0,0,0,0,0,0,0,0,0,0,0,0,0,0,0,0,0,0,0,0,0,0,0,0,0,0,0,0,0,0,0,0,0,0,0,0,0,0,0,0,0,0,0,0,0,0,0,0,0,0,0,0,0,0,0,0,0,0,0,0,0,0,0,0,0,0,0,0,0,0,0,0,0},
{0,0,0,0,0,0,0,0,0,0,0,0,0,0,0,0,0,0,0,0,0,0,0,0,0,0,0,0,0,0,0,0,0,0,0,0,0,0,0,0,0,0,0,0,0,0,0,0,0,0,0,0,0,0,0,0,0,0,0,0,0,0,0,0,0,0,0,0,0,0,0,0,0,0,0,0,0,0,0,0,0,0,0,0,0,0,0,0,0,0,0,0,0,0,0,0},
{0,0,0,0,0,0,0,0,0,0,0,0,0,0,0,0,0,0,0,0,0,0,0,0,0,0,0,0,0,0,0,0,0,0,0,0,0,0,0,0,0,0,0,0,0,0,0,0,0,0,0,0,0,0,0,0,0,0,0,0,0,0,0,0,0,0,0,0,0,0,0,0,0,0,0,0,0,0,0,0,0,0,0,0,0,0,0,0,0,0,0,0,0,0,0,0},
{0,0,0,0,0,0,0,0,0,0,0,0,0,0,0,0,0,0,0,0,0,0,0,0,0,0,0,0,0,0,0,0,0,0,0,0,0,0,0,0,0,0,0,0,0,0,0,0,0,0,0,0,0,0,0,0,0,0,0,0,0,0,0,0,0,0,0,0,0,0,0,0,0,0,0,0,0,0,0,0,0,0,0,0,0,0,0,0,0,0,0,0,0,0,0,0},
{0,0,0,0,0,0,0,0,0,0,0,0,0,0,0,0,0,0,0,0,0,0,0,0,0,0,0,0,0,0,0,0,0,0,0,0,0,0,0,0,0,0,0,0,0,0,0,0,0,0,0,0,0,0,0,0,0,0,0,0,0,0,0,0,0,0,0,0,0,0,0,0,0,0,0,0,0,0,0,0,0,0,0,0,0,0,0,0,0,0,0,0,0,0,0,0},
{0,0,0,0,0,0,0,0,0,0,0,0,0,0,0,0,0,0,0,0,0,0,0,0,0.0078125000*J1^2*J2^1+-0.0078125000*J2^3+0,-0.0045105490*J1^3+0.0045105490*J1^1*J2^2+0,-0.0045105490*J1^3+0.0045105490*J1^1*J2^2+0,0.0026041667*J1^2*J2^1+-0.0026041667*J2^3+0,-0.0045105490*J1^3+0.0045105490*J1^1*J2^2+0,0.0026041667*J1^2*J2^1+-0.0026041667*J2^3+0,0.0026041667*J1^2*J2^1+-0.0026041667*J2^3+0,-0.0015035163*J1^3+0.0015035163*J1^1*J2^2+0,0.0078125000*J1^3+-0.0078125000*J1^1*J2^2+0,-0.0045105490*J1^2*J2^1+0.0045105490*J2^3+0,-0.0045105490*J1^2*J2^1+0.0045105490*J2^3+0,0.0026041667*J1^3+-0.0026041667*J1^1*J2^2+0,-0.0045105490*J1^2*J2^1+0.0045105490*J2^3+0,0.0026041667*J1^3+-0.0026041667*J1^1*J2^2+0,0.0026041667*J1^3+-0.0026041667*J1^1*J2^2+0,-0.0015035163*J1^2*J2^1+0.0015035163*J2^3+0,0,0,0,0,0,0,0,0,0,0,0,0,0,0,0,0,0,0,0,0,0,0,0,0,0,0,0,0,0,0,0,0,0,0,0,0,0,0,0,0,0,0,0,0,0,0,0,0,0,0,0,0,0,0,0,0},
{0,0,0,0,0,0,0,0,0,0,0,0,0,0,0,0,0,0,0,0,0,0,0,0,-0.0045105490*J1^3+0.0045105490*J1^1*J2^2+0,-0.0052083333*J1^3+0.0182291667*J1^2*J2^1+-0.0156250000*J1^1*J2^2+0.0026041667*J2^3+0,0.0026041667*J1^2*J2^1+-0.0026041667*J2^3+0,-0.0045105490*J1^3+0.0090210980*J1^2*J2^1+-0.0075175816*J1^1*J2^2+0.0030070327*J2^3+0,0.0026041667*J1^2*J2^1+-0.0026041667*J2^3+0,-0.0045105490*J1^3+0.0090210980*J1^2*J2^1+-0.0075175816*J1^1*J2^2+0.0030070327*J2^3+0,-0.0015035163*J1^3+0.0015035163*J1^1*J2^2+0,-0.0017361111*J1^3+0.0060763889*J1^2*J2^1+-0.0052083333*J1^1*J2^2+0.0008680556*J2^3+0,-0.0045105490*J1^2*J2^1+0.0045105490*J2^3+0,-0.0026041667*J1^3+0.0156250000*J1^2*J2^1+-0.0182291667*J1^1*J2^2+0.0052083333*J2^3+0,0.0026041667*J1^3+-0.0026041667*J1^1*J2^2+0,-0.0030070327*J1^3+0.0075175816*J1^2*J2^1+-0.0090210980*J1^1*J2^2+0.0045105490*J2^3+0,0.0026041667*J1^3+-0.0026041667*J1^1*J2^2+0,-0.0030070327*J1^3+0.0075175816*J1^2*J2^1+-0.0090210980*J1^1*J2^2+0.0045105490*J2^3+0,-0.0015035163*J1^2*J2^1+0.0015035163*J2^3+0,-0.0008680556*J1^3+0.0052083333*J1^2*J2^1+-0.0060763889*J1^1*J2^2+0.0017361111*J2^3+0,0,0,0,0,0,0,0,0,0,0,0,0,0,0,0,0,0,0,0,0,0,0,0,0,0,0,0,0,0,0,0,0,0,0,0,0,0,0,0,0,0,0,0,0,0,0,0,0,0,0,0,0,0,0,0,0},
{0,0,0,0,0,0,0,0,0,0,0,0,0,0,0,0,0,0,0,0,0,0,0,0,-0.0045105490*J1^3+0.0045105490*J1^1*J2^2+0,0.0026041667*J1^2*J2^1+-0.0026041667*J2^3+0,0.0026041667*J1^2*J2^1+-0.0026041667*J2^3+0,-0.0015035163*J1^3+0.0015035163*J1^1*J2^2+0,0.0026041667*J1^2*J2^1+-0.0026041667*J2^3+0,-0.0015035163*J1^3+0.0015035163*J1^1*J2^2+0,-0.0015035163*J1^3+0.0015035163*J1^1*J2^2+0,0.0008680556*J1^2*J2^1+-0.0008680556*J2^3+0,-0.0045105490*J1^2*J2^1+0.0045105490*J2^3+0,0.0026041667*J1^3+-0.0026041667*J1^1*J2^2+0,0.0026041667*J1^3+-0.0026041667*J1^1*J2^2+0,-0.0015035163*J1^2*J2^1+0.0015035163*J2^3+0,0.0026041667*J1^3+-0.0026041667*J1^1*J2^2+0,-0.0015035163*J1^2*J2^1+0.0015035163*J2^3+0,-0.0015035163*J1^2*J2^1+0.0015035163*J2^3+0,0.0008680556*J1^3+-0.0008680556*J1^1*J2^2+0,0.0063788795*J1^3+0.0063788795*J1^2*J2^1+-0.0063788795*J1^1*J2^2+-0.0063788795*J2^3+0,-0.0036828478*J1^3+-0.0036828478*J1^2*J2^1+0.0036828478*J1^1*J2^2+0.0036828478*J2^3+0,-0.0036828478*J1^3+-0.0036828478*J1^2*J2^1+0.0036828478*J1^1*J2^2+0.0036828478*J2^3+0,0.0021262932*J1^3+0.0021262932*J1^2*J2^1+-0.0021262932*J1^1*J2^2+-0.0021262932*J2^3+0,-0.0036828478*J1^3+-0.0036828478*J1^2*J2^1+0.0036828478*J1^1*J2^2+0.0036828478*J2^3+0,0.0021262932*J1^3+0.0021262932*J1^2*J2^1+-0.0021262932*J1^1*J2^2+-0.0021262932*J2^3+0,0.0021262932*J1^3+0.0021262932*J1^2*J2^1+-0.0021262932*J1^1*J2^2+-0.0021262932*J2^3+0,-0.0012276159*J1^3+-0.0012276159*J1^2*J2^1+0.0012276159*J1^1*J2^2+0.0012276159*J2^3+0,0,0,0,0,0,0,0,0,0,0,0,0,0,0,0,0,0,0,0,0,0,0,0,0,0,0,0,0,0,0,0,0,0,0,0,0,0,0,0,0,0,0,0,0,0,0,0,0},
{0,0,0,0,0,0,0,0,0,0,0,0,0,0,0,0,0,0,0,0,0,0,0,0,0.0026041667*J1^2*J2^1+-0.0026041667*J2^3+0,0.0015035163*J1^3+-0.0090210980*J1^2*J2^1+0.0105246143*J1^1*J2^2+-0.0030070327*J2^3+0,-0.0015035163*J1^3+0.0015035163*J1^1*J2^2+0,0.0017361111*J1^3+-0.0043402778*J1^2*J2^1+0.0052083333*J1^1*J2^2+-0.0026041667*J2^3+0,-0.0015035163*J1^3+0.0015035163*J1^1*J2^2+0,0.0017361111*J1^3+-0.0043402778*J1^2*J2^1+0.0052083333*J1^1*J2^2+-0.0026041667*J2^3+0,0.0008680556*J1^2*J2^1+-0.0008680556*J2^3+0,0.0005011721*J1^3+-0.0030070327*J1^2*J2^1+0.0035082048*J1^1*J2^2+-0.0010023442*J2^3+0,0.0026041667*J1^3+-0.0026041667*J1^1*J2^2+0,0.0030070327*J1^3+-0.0105246143*J1^2*J2^1+0.0090210980*J1^1*J2^2+-0.0015035163*J2^3+0,-0.0015035163*J1^2*J2^1+0.0015035163*J2^3+0,0.0026041667*J1^3+-0.0052083333*J1^2*J2^1+0.0043402778*J1^1*J2^2+-0.0017361111*J2^3+0,-0.0015035163*J1^2*J2^1+0.0015035163*J2^3+0,0.0026041667*J1^3+-0.0052083333*J1^2*J2^1+0.0043402778*J1^1*J2^2+-0.0017361111*J2^3+0,0.0008680556*J1^3+-0.0008680556*J1^1*J2^2+0,0.0010023442*J1^3+-0.0035082048*J1^2*J2^1+0.0030070327*J1^1*J2^2+-0.0005011721*J2^3+0,-0.0036828478*J1^3+-0.0036828478*J1^2*J2^1+0.0036828478*J1^1*J2^2+0.0036828478*J2^3+0,-0.0063788795*J1^3+0.0276418113*J1^2*J2^1+-0.0276418113*J1^1*J2^2+0.0063788795*J2^3+0,0.0021262932*J1^3+0.0021262932*J1^2*J2^1+-0.0021262932*J1^1*J2^2+-0.0021262932*J2^3+0,-0.0061380797*J1^3+0.0135037753*J1^2*J2^1+-0.0135037753*J1^1*J2^2+0.0061380797*J2^3+0,0.0021262932*J1^3+0.0021262932*J1^2*J2^1+-0.0021262932*J1^1*J2^2+-0.0021262932*J2^3+0,-0.0061380797*J1^3+0.0135037753*J1^2*J2^1+-0.0135037753*J1^1*J2^2+0.0061380797*J2^3+0,-0.0012276159*J1^3+-0.0012276159*J1^2*J2^1+0.0012276159*J1^1*J2^2+0.0012276159*J2^3+0,-0.0021262932*J1^3+0.0092139371*J1^2*J2^1+-0.0092139371*J1^1*J2^2+0.0021262932*J2^3+0,0,0,0,0,0,0,0,0,0,0,0,0,0,0,0,0,0,0,0,0,0,0,0,0,0,0,0,0,0,0,0,0,0,0,0,0,0,0,0,0,0,0,0,0,0,0,0,0},
{0,0,0,0,0,0,0,0,0,0,0,0,0,0,0,0,0,0,0,0,0,0,0,0,-0.0045105490*J1^3+0.0045105490*J1^1*J2^2+0,0.0026041667*J1^2*J2^1+-0.0026041667*J2^3+0,0.0052083333*J1^3+-0.0026041667*J1^2*J2^1+-0.0052083333*J1^1*J2^2+0.0026041667*J2^3+0,0.0015035163*J1^3+-0.0030070327*J1^2*J2^1+-0.0015035163*J1^1*J2^2+0.0030070327*J2^3+0,0.0026041667*J1^2*J2^1+-0.0026041667*J2^3+0,-0.0015035163*J1^3+0.0015035163*J1^1*J2^2+0,0.0015035163*J1^3+-0.0030070327*J1^2*J2^1+-0.0015035163*J1^1*J2^2+0.0030070327*J2^3+0,0.0017361111*J1^3+-0.0008680556*J1^2*J2^1+-0.0017361111*J1^1*J2^2+0.0008680556*J2^3+0,-0.0045105490*J1^2*J2^1+0.0045105490*J2^3+0,0.0026041667*J1^3+-0.0026041667*J1^1*J2^2+0,-0.0026041667*J1^3+0.0052083333*J1^2*J2^1+0.0026041667*J1^1*J2^2+-0.0052083333*J2^3+0,-0.0030070327*J1^3+0.0015035163*J1^2*J2^1+0.0030070327*J1^1*J2^2+-0.0015035163*J2^3+0,0.0026041667*J1^3+-0.0026041667*J1^1*J2^2+0,-0.0015035163*J1^2*J2^1+0.0015035163*J2^3+0,-0.0030070327*J1^3+0.0015035163*J1^2*J2^1+0.0030070327*J1^1*J2^2+-0.0015035163*J2^3+0,-0.0008680556*J1^3+0.0017361111*J1^2*J2^1+0.0008680556*J1^1*J2^2+-0.0017361111*J2^3+0,0,0,0,0,0,0,0,0,0,0,0,0,0,0,0,0,0,0,0,0,0,0,0,0,0,0,0,0,0,0,0,0,0,0,0,0,0,0,0,0,0,0,0,0,0,0,0,0,0,0,0,0,0,0,0,0},
{0,0,0,0,0,0,0,0,0,0,0,0,0,0,0,0,0,0,0,0,0,0,0,0,0.0026041667*J1^2*J2^1+-0.0026041667*J2^3+0,-0.0045105490*J1^3+0.0090210980*J1^2*J2^1+-0.0075175816*J1^1*J2^2+0.0030070327*J2^3+0,0.0015035163*J1^3+-0.0030070327*J1^2*J2^1+-0.0015035163*J1^1*J2^2+0.0030070327*J2^3+0,0.0069444444*J1^3+-0.0164930556*J1^2*J2^1+0.0138888889*J1^1*J2^2+-0.0043402778*J2^3+0,-0.0015035163*J1^3+0.0015035163*J1^1*J2^2+0,-0.0017361111*J1^3+0.0060763889*J1^2*J2^1+-0.0052083333*J1^1*J2^2+0.0008680556*J2^3+0,0.0017361111*J1^3+-0.0008680556*J1^2*J2^1+-0.0017361111*J1^1*J2^2+0.0008680556*J2^3+0,0.0035082048*J1^3+-0.0100234422*J1^2*J2^1+0.0085199258*J1^1*J2^2+-0.0020046884*J2^3+0,0.0026041667*J1^3+-0.0026041667*J1^1*J2^2+0,-0.0030070327*J1^3+0.0075175816*J1^2*J2^1+-0.0090210980*J1^1*J2^2+0.0045105490*J2^3+0,-0.0030070327*J1^3+0.0015035163*J1^2*J2^1+0.0030070327*J1^1*J2^2+-0.0015035163*J2^3+0,0.0043402778*J1^3+-0.0138888889*J1^2*J2^1+0.0164930556*J1^1*J2^2+-0.0069444444*J2^3+0,-0.0015035163*J1^2*J2^1+0.0015035163*J2^3+0,-0.0008680556*J1^3+0.0052083333*J1^2*J2^1+-0.0060763889*J1^1*J2^2+0.0017361111*J2^3+0,-0.0008680556*J1^3+0.0017361111*J1^2*J2^1+0.0008680556*J1^1*J2^2+-0.0017361111*J2^3+0,0.0020046884*J1^3+-0.0085199258*J1^2*J2^1+0.0100234422*J1^1*J2^2+-0.0035082048*J2^3+0,0,0,0,0,0,0,0,0,0,0,0,0,0,0,0,0,0,0,0,0,0,0,0,0,0,0,0,0,0,0,0,0,0,0,0,0,0,0,0,0,0,0,0,0,0,0,0,0,0,0,0,0,0,0,0,0},
{0,0,0,0,0,0,0,0,0,0,0,0,0,0,0,0,0,0,0,0,0,0,0,0,0.0026041667*J1^2*J2^1+-0.0026041667*J2^3+0,-0.0015035163*J1^3+0.0015035163*J1^1*J2^2+0,0.0015035163*J1^3+-0.0030070327*J1^2*J2^1+-0.0015035163*J1^1*J2^2+0.0030070327*J2^3+0,0.0017361111*J1^3+-0.0008680556*J1^2*J2^1+-0.0017361111*J1^1*J2^2+0.0008680556*J2^3+0,-0.0015035163*J1^3+0.0015035163*J1^1*J2^2+0,0.0008680556*J1^2*J2^1+-0.0008680556*J2^3+0,0.0017361111*J1^3+-0.0008680556*J1^2*J2^1+-0.0017361111*J1^1*J2^2+0.0008680556*J2^3+0,0.0005011721*J1^3+-0.0010023442*J1^2*J2^1+-0.0005011721*J1^1*J2^2+0.0010023442*J2^3+0,0.0026041667*J1^3+-0.0026041667*J1^1*J2^2+0,-0.0015035163*J1^2*J2^1+0.0015035163*J2^3+0,-0.0030070327*J1^3+0.0015035163*J1^2*J2^1+0.0030070327*J1^1*J2^2+-0.0015035163*J2^3+0,-0.0008680556*J1^3+0.0017361111*J1^2*J2^1+0.0008680556*J1^1*J2^2+-0.0017361111*J2^3+0,-0.0015035163*J1^2*J2^1+0.0015035163*J2^3+0,0.0008680556*J1^3+-0.0008680556*J1^1*J2^2+0,-0.0008680556*J1^3+0.0017361111*J1^2*J2^1+0.0008680556*J1^1*J2^2+-0.0017361111*J2^3+0,-0.0010023442*J1^3+0.0005011721*J1^2*J2^1+0.0010023442*J1^1*J2^2+-0.0005011721*J2^3+0,-0.0036828478*J1^3+-0.0036828478*J1^2*J2^1+0.0036828478*J1^1*J2^2+0.0036828478*J2^3+0,0.0021262932*J1^3+0.0021262932*J1^2*J2^1+-0.0021262932*J1^1*J2^2+-0.0021262932*J2^3+0,0.0021262932*J1^3+0.0021262932*J1^2*J2^1+-0.0021262932*J1^1*J2^2+-0.0021262932*J2^3+0,-0.0012276159*J1^3+-0.0012276159*J1^2*J2^1+0.0012276159*J1^1*J2^2+0.0012276159*J2^3+0,0.0021262932*J1^3+0.0021262932*J1^2*J2^1+-0.0021262932*J1^1*J2^2+-0.0021262932*J2^3+0,-0.0012276159*J1^3+-0.0012276159*J1^2*J2^1+0.0012276159*J1^1*J2^2+0.0012276159*J2^3+0,-0.0012276159*J1^3+-0.0012276159*J1^2*J2^1+0.0012276159*J1^1*J2^2+0.0012276159*J2^3+0,0.0007087644*J1^3+0.0007087644*J1^2*J2^1+-0.0007087644*J1^1*J2^2+-0.0007087644*J2^3+0,0,0,0,0,0,0,0,0,0,0,0,0,0,0,0,0,0,0,0,0,0,0,0,0,0,0,0,0,0,0,0,0,0,0,0,0,0,0,0,0,0,0,0,0,0,0,0,0},
{0,0,0,0,0,0,0,0,0,0,0,0,0,0,0,0,0,0,0,0,0,0,0,0,-0.0015035163*J1^3+0.0015035163*J1^1*J2^2+0,0.0017361111*J1^3+-0.0043402778*J1^2*J2^1+0.0052083333*J1^1*J2^2+-0.0026041667*J2^3+0,0.0017361111*J1^3+-0.0008680556*J1^2*J2^1+-0.0017361111*J1^1*J2^2+0.0008680556*J2^3+0,-0.0025058605*J1^3+0.0080187537*J1^2*J2^1+-0.0095222701*J1^1*J2^2+0.0040093769*J2^3+0,0.0008680556*J1^2*J2^1+-0.0008680556*J2^3+0,0.0005011721*J1^3+-0.0030070327*J1^2*J2^1+0.0035082048*J1^1*J2^2+-0.0010023442*J2^3+0,0.0005011721*J1^3+-0.0010023442*J1^2*J2^1+-0.0005011721*J1^1*J2^2+0.0010023442*J2^3+0,-0.0011574074*J1^3+0.0049189815*J1^2*J2^1+-0.0057870370*J1^1*J2^2+0.0020254630*J2^3+0,-0.0015035163*J1^2*J2^1+0.0015035163*J2^3+0,0.0026041667*J1^3+-0.0052083333*J1^2*J2^1+0.0043402778*J1^1*J2^2+-0.0017361111*J2^3+0,-0.0008680556*J1^3+0.0017361111*J1^2*J2^1+0.0008680556*J1^1*J2^2+-0.0017361111*J2^3+0,-0.0040093769*J1^3+0.0095222701*J1^2*J2^1+-0.0080187537*J1^1*J2^2+0.0025058605*J2^3+0,0.0008680556*J1^3+-0.0008680556*J1^1*J2^2+0,0.0010023442*J1^3+-0.0035082048*J1^2*J2^1+0.0030070327*J1^1*J2^2+-0.0005011721*J2^3+0,-0.0010023442*J1^3+0.0005011721*J1^2*J2^1+0.0010023442*J1^1*J2^2+-0.0005011721*J2^3+0,-0.0020254630*J1^3+0.0057870370*J1^2*J2^1+-0.0049189815*J1^1*J2^2+0.0011574074*J2^3+0,0.0021262932*J1^3+0.0021262932*J1^2*J2^1+-0.0021262932*J1^1*J2^2+-0.0021262932*J2^3+0,-0.0061380797*J1^3+0.0135037753*J1^2*J2^1+-0.0135037753*J1^1*J2^2+0.0061380797*J2^3+0,-0.0012276159*J1^3+-0.0012276159*J1^2*J2^1+0.0012276159*J1^1*J2^2+0.0012276159*J2^3+0,0.0092139371*J1^3+-0.0248067538*J1^2*J2^1+0.0248067538*J1^1*J2^2+-0.0092139371*J2^3+0,-0.0012276159*J1^3+-0.0012276159*J1^2*J2^1+0.0012276159*J1^1*J2^2+0.0012276159*J2^3+0,-0.0021262932*J1^3+0.0092139371*J1^2*J2^1+-0.0092139371*J1^1*J2^2+0.0021262932*J2^3+0,0.0007087644*J1^3+0.0007087644*J1^2*J2^1+-0.0007087644*J1^1*J2^2+-0.0007087644*J2^3+0,0.0045012584*J1^3+-0.0151405966*J1^2*J2^1+0.0151405966*J1^1*J2^2+-0.0045012584*J2^3+0,0,0,0,0,0,0,0,0,0,0,0,0,0,0,0,0,0,0,0,0,0,0,0,0,0,0,0,0,0,0,0,0,0,0,0,0,0,0,0,0,0,0,0,0,0,0,0,0},
{0,0,0,0,0,0,0,0,0,0,0,0,0,0,0,0,0,0,0,0,0,0,0,0,0.0078125000*J1^3+-0.0078125000*J1^1*J2^2+0,-0.0045105490*J1^2*J2^1+0.0045105490*J2^3+0,-0.0045105490*J1^2*J2^1+0.0045105490*J2^3+0,0.0026041667*J1^3+-0.0026041667*J1^1*J2^2+0,-0.0045105490*J1^2*J2^1+0.0045105490*J2^3+0,0.0026041667*J1^3+-0.0026041667*J1^1*J2^2+0,0.0026041667*J1^3+-0.0026041667*J1^1*J2^2+0,-0.0015035163*J1^2*J2^1+0.0015035163*J2^3+0,0.0078125000*J1^2*J2^1+-0.0078125000*J2^3+0,-0.0045105490*J1^3+0.0045105490*J1^1*J2^2+0,-0.0045105490*J1^3+0.0045105490*J1^1*J2^2+0,0.0026041667*J1^2*J2^1+-0.0026041667*J2^3+0,-0.0045105490*J1^3+0.0045105490*J1^1*J2^2+0,0.0026041667*J1^2*J2^1+-0.0026041667*J2^3+0,0.0026041667*J1^2*J2^1+-0.0026041667*J2^3+0,-0.0015035163*J1^3+0.0015035163*J1^1*J2^2+0,0,0,0,0,0,0,0,0,0,0,0,0,0,0,0,0,0,0,0,0,0,0,0,0,0,0,0,0,0,0,0,0,0,0,0,0,0,0,0,0,0,0,0,0,0,0,0,0,0,0,0,0,0,0,0,0},
{0,0,0,0,0,0,0,0,0,0,0,0,0,0,0,0,0,0,0,0,0,0,0,0,-0.0045105490*J1^2*J2^1+0.0045105490*J2^3+0,0.0078125000*J1^3+-0.0156250000*J1^2*J2^1+0.0130208333*J1^1*J2^2+-0.0052083333*J2^3+0,0.0026041667*J1^3+-0.0026041667*J1^1*J2^2+0,0.0030070327*J1^3+-0.0105246143*J1^2*J2^1+0.0090210980*J1^1*J2^2+-0.0015035163*J2^3+0,0.0026041667*J1^3+-0.0026041667*J1^1*J2^2+0,0.0030070327*J1^3+-0.0105246143*J1^2*J2^1+0.0090210980*J1^1*J2^2+-0.0015035163*J2^3+0,-0.0015035163*J1^2*J2^1+0.0015035163*J2^3+0,0.0026041667*J1^3+-0.0052083333*J1^2*J2^1+0.0043402778*J1^1*J2^2+-0.0017361111*J2^3+0,-0.0045105490*J1^3+0.0045105490*J1^1*J2^2+0,0.0052083333*J1^3+-0.0130208333*J1^2*J2^1+0.0156250000*J1^1*J2^2+-0.0078125000*J2^3+0,0.0026041667*J1^2*J2^1+-0.0026041667*J2^3+0,0.0015035163*J1^3+-0.0090210980*J1^2*J2^1+0.0105246143*J1^1*J2^2+-0.0030070327*J2^3+0,0.0026041667*J1^2*J2^1+-0.0026041667*J2^3+0,0.0015035163*J1^3+-0.0090210980*J1^2*J2^1+0.0105246143*J1^1*J2^2+-0.0030070327*J2^3+0,-0.0015035163*J1^3+0.0015035163*J1^1*J2^2+0,0.0017361111*J1^3+-0.0043402778*J1^2*J2^1+0.0052083333*J1^1*J2^2+-0.0026041667*J2^3+0,0,0,0,0,0,0,0,0,0,0,0,0,0,0,0,0,0,0,0,0,0,0,0,0,0,0,0,0,0,0,0,0,0,0,0,0,0,0,0,0,0,0,0,0,0,0,0,0,0,0,0,0,0,0,0,0},
{0,0,0,0,0,0,0,0,0,0,0,0,0,0,0,0,0,0,0,0,0,0,0,0,-0.0045105490*J1^2*J2^1+0.0045105490*J2^3+0,0.0026041667*J1^3+-0.0026041667*J1^1*J2^2+0,0.0026041667*J1^3+-0.0026041667*J1^1*J2^2+0,-0.0015035163*J1^2*J2^1+0.0015035163*J2^3+0,0.0026041667*J1^3+-0.0026041667*J1^1*J2^2+0,-0.0015035163*J1^2*J2^1+0.0015035163*J2^3+0,-0.0015035163*J1^2*J2^1+0.0015035163*J2^3+0,0.0008680556*J1^3+-0.0008680556*J1^1*J2^2+0,-0.0045105490*J1^3+0.0045105490*J1^1*J2^2+0,0.0026041667*J1^2*J2^1+-0.0026041667*J2^3+0,0.0026041667*J1^2*J2^1+-0.0026041667*J2^3+0,-0.0015035163*J1^3+0.0015035163*J1^1*J2^2+0,0.0026041667*J1^2*J2^1+-0.0026041667*J2^3+0,-0.0015035163*J1^3+0.0015035163*J1^1*J2^2+0,-0.0015035163*J1^3+0.0015035163*J1^1*J2^2+0,0.0008680556*J1^2*J2^1+-0.0008680556*J2^3+0,0.0063788795*J1^3+0.0063788795*J1^2*J2^1+-0.0063788795*J1^1*J2^2+-0.0063788795*J2^3+0,-0.0036828478*J1^3+-0.0036828478*J1^2*J2^1+0.0036828478*J1^1*J2^2+0.0036828478*J2^3+0,-0.0036828478*J1^3+-0.0036828478*J1^2*J2^1+0.0036828478*J1^1*J2^2+0.0036828478*J2^3+0,0.0021262932*J1^3+0.0021262932*J1^2*J2^1+-0.0021262932*J1^1*J2^2+-0.0021262932*J2^3+0,-0.0036828478*J1^3+-0.0036828478*J1^2*J2^1+0.0036828478*J1^1*J2^2+0.0036828478*J2^3+0,0.0021262932*J1^3+0.0021262932*J1^2*J2^1+-0.0021262932*J1^1*J2^2+-0.0021262932*J2^3+0,0.0021262932*J1^3+0.0021262932*J1^2*J2^1+-0.0021262932*J1^1*J2^2+-0.0021262932*J2^3+0,-0.0012276159*J1^3+-0.0012276159*J1^2*J2^1+0.0012276159*J1^1*J2^2+0.0012276159*J2^3+0,0,0,0,0,0,0,0,0,0,0,0,0,0,0,0,0,0,0,0,0,0,0,0,0,0,0,0,0,0,0,0,0,0,0,0,0,0,0,0,0,0,0,0,0,0,0,0,0},
{0,0,0,0,0,0,0,0,0,0,0,0,0,0,0,0,0,0,0,0,0,0,0,0,0.0026041667*J1^3+-0.0026041667*J1^1*J2^2+0,-0.0030070327*J1^3+0.0075175816*J1^2*J2^1+-0.0090210980*J1^1*J2^2+0.0045105490*J2^3+0,-0.0015035163*J1^2*J2^1+0.0015035163*J2^3+0,-0.0008680556*J1^3+0.0052083333*J1^2*J2^1+-0.0060763889*J1^1*J2^2+0.0017361111*J2^3+0,-0.0015035163*J1^2*J2^1+0.0015035163*J2^3+0,-0.0008680556*J1^3+0.0052083333*J1^2*J2^1+-0.0060763889*J1^1*J2^2+0.0017361111*J2^3+0,0.0008680556*J1^3+-0.0008680556*J1^1*J2^2+0,-0.0010023442*J1^3+0.0025058605*J1^2*J2^1+-0.0030070327*J1^1*J2^2+0.0015035163*J2^3+0,0.0026041667*J1^2*J2^1+-0.0026041667*J2^3+0,-0.0045105490*J1^3+0.0090210980*J1^2*J2^1+-0.0075175816*J1^1*J2^2+0.0030070327*J2^3+0,-0.0015035163*J1^3+0.0015035163*J1^1*J2^2+0,-0.0017361111*J1^3+0.0060763889*J1^2*J2^1+-0.0052083333*J1^1*J2^2+0.0008680556*J2^3+0,-0.0015035163*J1^3+0.0015035163*J1^1*J2^2+0,-0.0017361111*J1^3+0.0060763889*J1^2*J2^1+-0.0052083333*J1^1*J2^2+0.0008680556*J2^3+0,0.0008680556*J1^2*J2^1+-0.0008680556*J2^3+0,-0.0015035163*J1^3+0.0030070327*J1^2*J2^1+-0.0025058605*J1^1*J2^2+0.0010023442*J2^3+0,-0.0036828478*J1^3+-0.0036828478*J1^2*J2^1+0.0036828478*J1^1*J2^2+0.0036828478*J2^3+0,0.0106314659*J1^3+-0.0233892250*J1^2*J2^1+0.0233892250*J1^1*J2^2+-0.0106314659*J2^3+0,0.0021262932*J1^3+0.0021262932*J1^2*J2^1+-0.0021262932*J1^1*J2^2+-0.0021262932*J2^3+0,0.0036828478*J1^3+-0.0159590072*J1^2*J2^1+0.0159590072*J1^1*J2^2+-0.0036828478*J2^3+0,0.0021262932*J1^3+0.0021262932*J1^2*J2^1+-0.0021262932*J1^1*J2^2+-0.0021262932*J2^3+0,0.0036828478*J1^3+-0.0159590072*J1^2*J2^1+0.0159590072*J1^1*J2^2+-0.0036828478*J2^3+0,-0.0012276159*J1^3+-0.0012276159*J1^2*J2^1+0.0012276159*J1^1*J2^2+0.0012276159*J2^3+0,0.0035438220*J1^3+-0.0077964083*J1^2*J2^1+0.0077964083*J1^1*J2^2+-0.0035438220*J2^3+0,0,0,0,0,0,0,0,0,0,0,0,0,0,0,0,0,0,0,0,0,0,0,0,0,0,0,0,0,0,0,0,0,0,0,0,0,0,0,0,0,0,0,0,0,0,0,0,0},
{0,0,0,0,0,0,0,0,0,0,0,0,0,0,0,0,0,0,0,0,0,0,0,0,-0.0045105490*J1^2*J2^1+0.0045105490*J2^3+0,0.0026041667*J1^3+-0.0026041667*J1^1*J2^2+0,-0.0026041667*J1^3+0.0052083333*J1^2*J2^1+0.0026041667*J1^1*J2^2+-0.0052083333*J2^3+0,-0.0030070327*J1^3+0.0015035163*J1^2*J2^1+0.0030070327*J1^1*J2^2+-0.0015035163*J2^3+0,0.0026041667*J1^3+-0.0026041667*J1^1*J2^2+0,-0.0015035163*J1^2*J2^1+0.0015035163*J2^3+0,-0.0030070327*J1^3+0.0015035163*J1^2*J2^1+0.0030070327*J1^1*J2^2+-0.0015035163*J2^3+0,-0.0008680556*J1^3+0.0017361111*J1^2*J2^1+0.0008680556*J1^1*J2^2+-0.0017361111*J2^3+0,-0.0045105490*J1^3+0.0045105490*J1^1*J2^2+0,0.0026041667*J1^2*J2^1+-0.0026041667*J2^3+0,0.0052083333*J1^3+-0.0026041667*J1^2*J2^1+-0.0052083333*J1^1*J2^2+0.0026041667*J2^3+0,0.0015035163*J1^3+-0.0030070327*J1^2*J2^1+-0.0015035163*J1^1*J2^2+0.0030070327*J2^3+0,0.0026041667*J1^2*J2^1+-0.0026041667*J2^3+0,-0.0015035163*J1^3+0.0015035163*J1^1*J2^2+0,0.0015035163*J1^3+-0.0030070327*J1^2*J2^1+-0.0015035163*J1^1*J2^2+0.0030070327*J2^3+0,0.0017361111*J1^3+-0.0008680556*J1^2*J2^1+-0.0017361111*J1^1*J2^2+0.0008680556*J2^3+0,0,0,0,0,0,0,0,0,0,0,0,0,0,0,0,0,0,0,0,0,0,0,0,0,0,0,0,0,0,0,0,0,0,0,0,0,0,0,0,0,0,0,0,0,0,0,0,0,0,0,0,0,0,0,0,0},
{0,0,0,0,0,0,0,0,0,0,0,0,0,0,0,0,0,0,0,0,0,0,0,0,0.0026041667*J1^3+-0.0026041667*J1^1*J2^2+0,0.0030070327*J1^3+-0.0105246143*J1^2*J2^1+0.0090210980*J1^1*J2^2+-0.0015035163*J2^3+0,-0.0030070327*J1^3+0.0015035163*J1^2*J2^1+0.0030070327*J1^1*J2^2+-0.0015035163*J2^3+0,-0.0060763889*J1^3+0.0173611111*J1^2*J2^1+-0.0147569444*J1^1*J2^2+0.0034722222*J2^3+0,-0.0015035163*J1^2*J2^1+0.0015035163*J2^3+0,0.0026041667*J1^3+-0.0052083333*J1^2*J2^1+0.0043402778*J1^1*J2^2+-0.0017361111*J2^3+0,-0.0008680556*J1^3+0.0017361111*J1^2*J2^1+0.0008680556*J1^1*J2^2+-0.0017361111*J2^3+0,-0.0040093769*J1^3+0.0095222701*J1^2*J2^1+-0.0080187537*J1^1*J2^2+0.0025058605*J2^3+0,0.0026041667*J1^2*J2^1+-0.0026041667*J2^3+0,0.0015035163*J1^3+-0.0090210980*J1^2*J2^1+0.0105246143*J1^1*J2^2+-0.0030070327*J2^3+0,0.0015035163*J1^3+-0.0030070327*J1^2*J2^1+-0.0015035163*J1^1*J2^2+0.0030070327*J2^3+0,-0.0034722222*J1^3+0.0147569444*J1^2*J2^1+-0.0173611111*J1^1*J2^2+0.0060763889*J2^3+0,-0.0015035163*J1^3+0.0015035163*J1^1*J2^2+0,0.0017361111*J1^3+-0.0043402778*J1^2*J2^1+0.0052083333*J1^1*J2^2+-0.0026041667*J2^3+0,0.0017361111*J1^3+-0.0008680556*J1^2*J2^1+-0.0017361111*J1^1*J2^2+0.0008680556*J2^3+0,-0.0025058605*J1^3+0.0080187537*J1^2*J2^1+-0.0095222701*J1^1*J2^2+0.0040093769*J2^3+0,0,0,0,0,0,0,0,0,0,0,0,0,0,0,0,0,0,0,0,0,0,0,0,0,0,0,0,0,0,0,0,0,0,0,0,0,0,0,0,0,0,0,0,0,0,0,0,0,0,0,0,0,0,0,0,0},
{0,0,0,0,0,0,0,0,0,0,0,0,0,0,0,0,0,0,0,0,0,0,0,0,0.0026041667*J1^3+-0.0026041667*J1^1*J2^2+0,-0.0015035163*J1^2*J2^1+0.0015035163*J2^3+0,-0.0030070327*J1^3+0.0015035163*J1^2*J2^1+0.0030070327*J1^1*J2^2+-0.0015035163*J2^3+0,-0.0008680556*J1^3+0.0017361111*J1^2*J2^1+0.0008680556*J1^1*J2^2+-0.0017361111*J2^3+0,-0.0015035163*J1^2*J2^1+0.0015035163*J2^3+0,0.0008680556*J1^3+-0.0008680556*J1^1*J2^2+0,-0.0008680556*J1^3+0.0017361111*J1^2*J2^1+0.0008680556*J1^1*J2^2+-0.0017361111*J2^3+0,-0.0010023442*J1^3+0.0005011721*J1^2*J2^1+0.0010023442*J1^1*J2^2+-0.0005011721*J2^3+0,0.0026041667*J1^2*J2^1+-0.0026041667*J2^3+0,-0.0015035163*J1^3+0.0015035163*J1^1*J2^2+0,0.0015035163*J1^3+-0.0030070327*J1^2*J2^1+-0.0015035163*J1^1*J2^2+0.0030070327*J2^3+0,0.0017361111*J1^3+-0.0008680556*J1^2*J2^1+-0.0017361111*J1^1*J2^2+0.0008680556*J2^3+0,-0.0015035163*J1^3+0.0015035163*J1^1*J2^2+0,0.0008680556*J1^2*J2^1+-0.0008680556*J2^3+0,0.0017361111*J1^3+-0.0008680556*J1^2*J2^1+-0.0017361111*J1^1*J2^2+0.0008680556*J2^3+0,0.0005011721*J1^3+-0.0010023442*J1^2*J2^1+-0.0005011721*J1^1*J2^2+0.0010023442*J2^3+0,-0.0036828478*J1^3+-0.0036828478*J1^2*J2^1+0.0036828478*J1^1*J2^2+0.0036828478*J2^3+0,0.0021262932*J1^3+0.0021262932*J1^2*J2^1+-0.0021262932*J1^1*J2^2+-0.0021262932*J2^3+0,0.0021262932*J1^3+0.0021262932*J1^2*J2^1+-0.0021262932*J1^1*J2^2+-0.0021262932*J2^3+0,-0.0012276159*J1^3+-0.0012276159*J1^2*J2^1+0.0012276159*J1^1*J2^2+0.0012276159*J2^3+0,0.0021262932*J1^3+0.0021262932*J1^2*J2^1+-0.0021262932*J1^1*J2^2+-0.0021262932*J2^3+0,-0.0012276159*J1^3+-0.0012276159*J1^2*J2^1+0.0012276159*J1^1*J2^2+0.0012276159*J2^3+0,-0.0012276159*J1^3+-0.0012276159*J1^2*J2^1+0.0012276159*J1^1*J2^2+0.0012276159*J2^3+0,0.0007087644*J1^3+0.0007087644*J1^2*J2^1+-0.0007087644*J1^1*J2^2+-0.0007087644*J2^3+0,0,0,0,0,0,0,0,0,0,0,0,0,0,0,0,0,0,0,0,0,0,0,0,0,0,0,0,0,0,0,0,0,0,0,0,0,0,0,0,0,0,0,0,0,0,0,0,0},
{0,0,0,0,0,0,0,0,0,0,0,0,0,0,0,0,0,0,0,0,0,0,0,0,-0.0015035163*J1^2*J2^1+0.0015035163*J2^3+0,-0.0008680556*J1^3+0.0052083333*J1^2*J2^1+-0.0060763889*J1^1*J2^2+0.0017361111*J2^3+0,-0.0008680556*J1^3+0.0017361111*J1^2*J2^1+0.0008680556*J1^1*J2^2+-0.0017361111*J2^3+0,0.0020046884*J1^3+-0.0085199258*J1^2*J2^1+0.0100234422*J1^1*J2^2+-0.0035082048*J2^3+0,0.0008680556*J1^3+-0.0008680556*J1^1*J2^2+0,-0.0010023442*J1^3+0.0025058605*J1^2*J2^1+-0.0030070327*J1^1*J2^2+0.0015035163*J2^3+0,-0.0010023442*J1^3+0.0005011721*J1^2*J2^1+0.0010023442*J1^1*J2^2+-0.0005011721*J2^3+0,0.0014467593*J1^3+-0.0046296296*J1^2*J2^1+0.0054976852*J1^1*J2^2+-0.0023148148*J2^3+0,-0.0015035163*J1^3+0.0015035163*J1^1*J2^2+0,-0.0017361111*J1^3+0.0060763889*J1^2*J2^1+-0.0052083333*J1^1*J2^2+0.0008680556*J2^3+0,0.0017361111*J1^3+-0.0008680556*J1^2*J2^1+-0.0017361111*J1^1*J2^2+0.0008680556*J2^3+0,0.0035082048*J1^3+-0.0100234422*J1^2*J2^1+0.0085199258*J1^1*J2^2+-0.0020046884*J2^3+0,0.0008680556*J1^2*J2^1+-0.0008680556*J2^3+0,-0.0015035163*J1^3+0.0030070327*J1^2*J2^1+-0.0025058605*J1^1*J2^2+0.0010023442*J2^3+0,0.0005011721*J1^3+-0.0010023442*J1^2*J2^1+-0.0005011721*J1^1*J2^2+0.0010023442*J2^3+0,0.0023148148*J1^3+-0.0054976852*J1^2*J2^1+0.0046296296*J1^1*J2^2+-0.0014467593*J2^3+0,0.0021262932*J1^3+0.0021262932*J1^2*J2^1+-0.0021262932*J1^1*J2^2+-0.0021262932*J2^3+0,0.0036828478*J1^3+-0.0159590072*J1^2*J2^1+0.0159590072*J1^1*J2^2+-0.0036828478*J2^3+0,-0.0012276159*J1^3+-0.0012276159*J1^2*J2^1+0.0012276159*J1^1*J2^2+0.0012276159*J2^3+0,-0.0077964083*J1^3+0.0262242825*J1^2*J2^1+-0.0262242825*J1^1*J2^2+0.0077964083*J2^3+0,-0.0012276159*J1^3+-0.0012276159*J1^2*J2^1+0.0012276159*J1^1*J2^2+0.0012276159*J2^3+0,0.0035438220*J1^3+-0.0077964083*J1^2*J2^1+0.0077964083*J1^1*J2^2+-0.0035438220*J2^3+0,0.0007087644*J1^3+0.0007087644*J1^2*J2^1+-0.0007087644*J1^1*J2^2+-0.0007087644*J2^3+0,-0.0053196691*J1^3+0.0143221860*J1^2*J2^1+-0.0143221860*J1^1*J2^2+0.0053196691*J2^3+0,0,0,0,0,0,0,0,0,0,0,0,0,0,0,0,0,0,0,0,0,0,0,0,0,0,0,0,0,0,0,0,0,0,0,0,0,0,0,0,0,0,0,0,0,0,0,0,0},
{0,0,0,0,0,0,0,0,0,0,0,0,0,0,0,0,0,0,0,0,0,0,0,0,0,0,0,0,0.0063788795*J1^3+-0.0063788795*J1^2*J2^1+-0.0063788795*J1^1*J2^2+0.0063788795*J2^3+0,0.0036828478*J1^3+-0.0036828478*J1^2*J2^1+-0.0036828478*J1^1*J2^2+0.0036828478*J2^3+0,0.0036828478*J1^3+-0.0036828478*J1^2*J2^1+-0.0036828478*J1^1*J2^2+0.0036828478*J2^3+0,0.0021262932*J1^3+-0.0021262932*J1^2*J2^1+-0.0021262932*J1^1*J2^2+0.0021262932*J2^3+0,0,0,0,0,-0.0063788795*J1^3+0.0063788795*J1^2*J2^1+0.0063788795*J1^1*J2^2+-0.0063788795*J2^3+0,-0.0036828478*J1^3+0.0036828478*J1^2*J2^1+0.0036828478*J1^1*J2^2+-0.0036828478*J2^3+0,-0.0036828478*J1^3+0.0036828478*J1^2*J2^1+0.0036828478*J1^1*J2^2+-0.0036828478*J2^3+0,-0.0021262932*J1^3+0.0021262932*J1^2*J2^1+0.0021262932*J1^1*J2^2+-0.0021262932*J2^3+0,0,0,0,0,0,0,0,0,0,0,0,0,0,0,0,0,0,0,0,0,0,0,0,0,0,0,0,0,0,0,0,0,0,0,0,0,0,0,0,0,0,0,0,0,0,0,0,0,0,0,0,0,0,0,0,0},
{0,0,0,0,0,0,0,0,0,0,0,0,0,0,0,0,0,0,0,0,0,0,0,0,0,0,0,0,0.0036828478*J1^3+-0.0036828478*J1^2*J2^1+-0.0036828478*J1^1*J2^2+0.0036828478*J2^3+0,0.0106314659*J1^3+-0.0276418113*J1^2*J2^1+0.0233892250*J1^1*J2^2+-0.0063788795*J2^3+0,0.0021262932*J1^3+-0.0021262932*J1^2*J2^1+-0.0021262932*J1^1*J2^2+0.0021262932*J2^3+0,0.0061380797*J1^3+-0.0159590072*J1^2*J2^1+0.0135037753*J1^1*J2^2+-0.0036828478*J2^3+0,0,0,0,0,-0.0036828478*J1^3+0.0036828478*J1^2*J2^1+0.0036828478*J1^1*J2^2+-0.0036828478*J2^3+0,0.0063788795*J1^3+-0.0233892250*J1^2*J2^1+0.0276418113*J1^1*J2^2+-0.0106314659*J2^3+0,-0.0021262932*J1^3+0.0021262932*J1^2*J2^1+0.0021262932*J1^1*J2^2+-0.0021262932*J2^3+0,0.0036828478*J1^3+-0.0135037753*J1^2*J2^1+0.0159590072*J1^1*J2^2+-0.0061380797*J2^3+0,0,0,0,0,0,0,0,0,0,0,0,0,0,0,0,0,0,0,0,0,0,0,0,0,0,0,0,0,0,0,0,0,0,0,0,0,0,0,0,0,0,0,0,0,0,0,0,0,0,0,0,0,0,0,0,0},
{0,0,0,0,0,0,0,0,0,0,0,0,0,0,0,0,0,0,0,0,0,0,0,0,0,0,0,0,0.0036828478*J1^3+-0.0036828478*J1^2*J2^1+-0.0036828478*J1^1*J2^2+0.0036828478*J2^3+0,0.0021262932*J1^3+-0.0021262932*J1^2*J2^1+-0.0021262932*J1^1*J2^2+0.0021262932*J2^3+0,0.0021262932*J1^3+-0.0021262932*J1^2*J2^1+-0.0021262932*J1^1*J2^2+0.0021262932*J2^3+0,0.0012276159*J1^3+-0.0012276159*J1^2*J2^1+-0.0012276159*J1^1*J2^2+0.0012276159*J2^3+0,0,0,0,0,-0.0036828478*J1^3+0.0036828478*J1^2*J2^1+0.0036828478*J1^1*J2^2+-0.0036828478*J2^3+0,-0.0021262932*J1^3+0.0021262932*J1^2*J2^1+0.0021262932*J1^1*J2^2+-0.0021262932*J2^3+0,-0.0021262932*J1^3+0.0021262932*J1^2*J2^1+0.0021262932*J1^1*J2^2+-0.0021262932*J2^3+0,-0.0012276159*J1^3+0.0012276159*J1^2*J2^1+0.0012276159*J1^1*J2^2+-0.0012276159*J2^3+0,0,0,0,0,0,0,0,0,0,0,0,0,0,0,0,0,0,0,0,0,0,0,0,0,0,0,0,0,0,0,0,0,0,0,0,0,0,0,0,0,0,0,0,0,0,0,0,0,0,0,0,0,0,0,0,0},
{0,0,0,0,0,0,0,0,0,0,0,0,0,0,0,0,0,0,0,0,0,0,0,0,0,0,0,0,0.0021262932*J1^3+-0.0021262932*J1^2*J2^1+-0.0021262932*J1^1*J2^2+0.0021262932*J2^3+0,-0.0036828478*J1^3+0.0135037753*J1^2*J2^1+-0.0159590072*J1^1*J2^2+0.0061380797*J2^3+0,0.0012276159*J1^3+-0.0012276159*J1^2*J2^1+-0.0012276159*J1^1*J2^2+0.0012276159*J2^3+0,-0.0021262932*J1^3+0.0077964083*J1^2*J2^1+-0.0092139371*J1^1*J2^2+0.0035438220*J2^3+0,0,0,0,0,-0.0021262932*J1^3+0.0021262932*J1^2*J2^1+0.0021262932*J1^1*J2^2+-0.0021262932*J2^3+0,-0.0061380797*J1^3+0.0159590072*J1^2*J2^1+-0.0135037753*J1^1*J2^2+0.0036828478*J2^3+0,-0.0012276159*J1^3+0.0012276159*J1^2*J2^1+0.0012276159*J1^1*J2^2+-0.0012276159*J2^3+0,-0.0035438220*J1^3+0.0092139371*J1^2*J2^1+-0.0077964083*J1^1*J2^2+0.0021262932*J2^3+0,0,0,0,0,0,0.0138888889*J1^3+-0.0416666667*J1^2*J2^1+0.0416666667*J1^1*J2^2+-0.0138888889*J2^3+0,0,0.0080187537*J1^3+-0.0240562612*J1^2*J2^1+0.0240562612*J1^1*J2^2+-0.0080187537*J2^3+0,0,0,0,0,0,0,0,0,0,0,0,0,0,0,0,0,0,0,0,0,0,0,0,0,0,0,0,0,0,0,0,0,0,0,0,0,0,0,0,0,0,0,0,0,0,0,0,0},
{0,0,0,0,0,0,0,0,0,0,0,0,0,0,0,0,0,0,0,0,0,0,0,0,0,0,0,0,0.0036828478*J1^3+-0.0036828478*J1^2*J2^1+-0.0036828478*J1^1*J2^2+0.0036828478*J2^3+0,0.0021262932*J1^3+-0.0021262932*J1^2*J2^1+-0.0021262932*J1^1*J2^2+0.0021262932*J2^3+0,-0.0063788795*J1^3+0.0063788795*J1^2*J2^1+0.0063788795*J1^1*J2^2+-0.0063788795*J2^3+0,-0.0036828478*J1^3+0.0036828478*J1^2*J2^1+0.0036828478*J1^1*J2^2+-0.0036828478*J2^3+0,0,0,0,0,-0.0036828478*J1^3+0.0036828478*J1^2*J2^1+0.0036828478*J1^1*J2^2+-0.0036828478*J2^3+0,-0.0021262932*J1^3+0.0021262932*J1^2*J2^1+0.0021262932*J1^1*J2^2+-0.0021262932*J2^3+0,0.0063788795*J1^3+-0.0063788795*J1^2*J2^1+-0.0063788795*J1^1*J2^2+0.0063788795*J2^3+0,0.0036828478*J1^3+-0.0036828478*J1^2*J2^1+-0.0036828478*J1^1*J2^2+0.0036828478*J2^3+0,0,0,0,0,0,0,0,0,0,0,0,0,0,0,0,0,0,0,0,0,0,0,0,0,0,0,0,0,0,0,0,0,0,0,0,0,0,0,0,0,0,0,0,0,0,0,0,0,0,0,0,0,0,0,0,0},
{0,0,0,0,0,0,0,0,0,0,0,0,0,0,0,0,0,0,0,0,0,0,0,0,0,0,0,0,0.0021262932*J1^3+-0.0021262932*J1^2*J2^1+-0.0021262932*J1^1*J2^2+0.0021262932*J2^3+0,0.0061380797*J1^3+-0.0159590072*J1^2*J2^1+0.0135037753*J1^1*J2^2+-0.0036828478*J2^3+0,-0.0036828478*J1^3+0.0036828478*J1^2*J2^1+0.0036828478*J1^1*J2^2+-0.0036828478*J2^3+0,-0.0106314659*J1^3+0.0276418113*J1^2*J2^1+-0.0233892250*J1^1*J2^2+0.0063788795*J2^3+0,0,0,0,0,-0.0021262932*J1^3+0.0021262932*J1^2*J2^1+0.0021262932*J1^1*J2^2+-0.0021262932*J2^3+0,0.0036828478*J1^3+-0.0135037753*J1^2*J2^1+0.0159590072*J1^1*J2^2+-0.0061380797*J2^3+0,0.0036828478*J1^3+-0.0036828478*J1^2*J2^1+-0.0036828478*J1^1*J2^2+0.0036828478*J2^3+0,-0.0063788795*J1^3+0.0233892250*J1^2*J2^1+-0.0276418113*J1^1*J2^2+0.0106314659*J2^3+0,0,0,0,0,0,0,0,0,0,0,0,0,0,0,0,0,0,0,0,0,0,0,0,0,0,0,0,0,0,0,0,0,0,0,0,0,0,0,0,0,0,0,0,0,0,0,0,0,0,0,0,0,0,0,0,0},
{0,0,0,0,0,0,0,0,0,0,0,0,0,0,0,0,0,0,0,0,0,0,0,0,0,0,0,0,0.0021262932*J1^3+-0.0021262932*J1^2*J2^1+-0.0021262932*J1^1*J2^2+0.0021262932*J2^3+0,0.0012276159*J1^3+-0.0012276159*J1^2*J2^1+-0.0012276159*J1^1*J2^2+0.0012276159*J2^3+0,-0.0036828478*J1^3+0.0036828478*J1^2*J2^1+0.0036828478*J1^1*J2^2+-0.0036828478*J2^3+0,-0.0021262932*J1^3+0.0021262932*J1^2*J2^1+0.0021262932*J1^1*J2^2+-0.0021262932*J2^3+0,0,0,0,0,-0.0021262932*J1^3+0.0021262932*J1^2*J2^1+0.0021262932*J1^1*J2^2+-0.0021262932*J2^3+0,-0.0012276159*J1^3+0.0012276159*J1^2*J2^1+0.0012276159*J1^1*J2^2+-0.0012276159*J2^3+0,0.0036828478*J1^3+-0.0036828478*J1^2*J2^1+-0.0036828478*J1^1*J2^2+0.0036828478*J2^3+0,0.0021262932*J1^3+-0.0021262932*J1^2*J2^1+-0.0021262932*J1^1*J2^2+0.0021262932*J2^3+0,0,0,0,0,0,0,0,0,0,0,0,0,0,0,0,0,0,0,0,0,0,0,0,0,0,0,0,0,0,0,0,0,0,0,0,0,0,0,0,0,0,0,0,0,0,0,0,0,0,0,0,0,0,0,0,0},
{0,0,0,0,0,0,0,0,0,0,0,0,0,0,0,0,0,0,0,0,0,0,0,0,0,0,0,0,0.0012276159*J1^3+-0.0012276159*J1^2*J2^1+-0.0012276159*J1^1*J2^2+0.0012276159*J2^3+0,-0.0021262932*J1^3+0.0077964083*J1^2*J2^1+-0.0092139371*J1^1*J2^2+0.0035438220*J2^3+0,-0.0021262932*J1^3+0.0021262932*J1^2*J2^1+0.0021262932*J1^1*J2^2+-0.0021262932*J2^3+0,0.0036828478*J1^3+-0.0135037753*J1^2*J2^1+0.0159590072*J1^1*J2^2+-0.0061380797*J2^3+0,0,0,0,0,-0.0012276159*J1^3+0.0012276159*J1^2*J2^1+0.0012276159*J1^1*J2^2+-0.0012276159*J2^3+0,-0.0035438220*J1^3+0.0092139371*J1^2*J2^1+-0.0077964083*J1^1*J2^2+0.0021262932*J2^3+0,0.0021262932*J1^3+-0.0021262932*J1^2*J2^1+-0.0021262932*J1^1*J2^2+0.0021262932*J2^3+0,0.0061380797*J1^3+-0.0159590072*J1^2*J2^1+0.0135037753*J1^1*J2^2+-0.0036828478*J2^3+0,0,0,0,0,0,0.0080187537*J1^3+-0.0240562612*J1^2*J2^1+0.0240562612*J1^1*J2^2+-0.0080187537*J2^3+0,0,-0.0138888889*J1^3+0.0416666667*J1^2*J2^1+-0.0416666667*J1^1*J2^2+0.0138888889*J2^3+0,0,0,0,0,0,0,0,0,0,0,0,0,0,0,0,0,0,0,0,0,0,0,0,0,0,0,0,0,0,0,0,0,0,0,0,0,0,0,0,0,0,0,0,0,0,0,0,0}
}