96
{{0,0,0,0,0,0,0,0,0,0,0,0,0,0,0,0,0,0,0,0,0,0,0,0,0,0,0,0,0,0,0,0,0,0,0,0,0,0,0,0,0,0,0,0,0,0,0,0,0,0,0,0,0,0,0,0,0,0,0,0,0,0,0,0,0,0,0,0,0,0,0,0,0,0,0,0,0,0,0,0,0,0,0,0,0,0,0,0,0,0,0,0,0,0,0,0},
{0,0,0,0,0,0,0,0,0,0,0,0,0,0,0,0,0,0,0,0,0,0,0,0,0,0,0,0,0,0,0,0,0,0,0,0,0,0,0,0,0,0,0,0,0,0,0,0,0,0,0,0,0,0,0,0,0,0,0,0,0,0,0,0,0,0,0,0,0,0,0,0,0,0,0,0,0,0,0,0,0,0,0,0,0,0,0,0,0,0,0,0,0,0,0,0},
{0,0,0,0,0,0,0,0,0,0,0,0,0,0,0,0,0,0,0,0,0,0,0,0,0,0,0,0,0,0,0,0,0,0,0,0,0,0,0,0,0,0,0,0,0,0,0,0,0,0,0,0,0,0,0,0,0,0,0,0,0,0,0,0,0,0,0,0,0,0,0,0,0,0,0,0,0,0,0,0,0,0,0,0,0,0,0,0,0,0,0,0,0,0,0,0},
{0,0,0,0,0,0,0,0,0,0,0,0,0,0,0,0,0,0,0,0,0,0,0,0,0,0,0,0,0,0,0,0,0,0,0,0,0,0,0,0,0,0,0,0,0,0,0,0,0,0,0,0,0,0,0,0,0,0,0,0,0,0,0,0,0,0,0,0,0,0,0,0,0,0,0,0,0,0,0,0,0,0,0,0,0,0,0,0,0,0,0,0,0,0,0,0},
{0,0,0,0,0,0,0,0,0,0,0,0,0,0,0,0,0,0,0,0,0,0,0,0,0,0,0,0,0,0,0,0,0,0,0,0,0,0,0,0,0,0,0,0,0,0,0,0,0,0,0,0,0,0,0,0,0,0,0,0,0,0,0,0,0,0,0,0,0,0,0,0,0,0,0,0,0,0,0,0,0,0,0,0,0,0,0,0,0,0,0,0,0,0,0,0},
{0,0,0,0,0,0,0,0,0,0,0,0,0,0,0,0,0,0,0,0,0,0,0,0,0,0,0,0,0,0,0,0,0,0,0,0,0,0,0,0,0,0,0,0,0,0,0,0,0,0,0,0,0,0,0,0,0,0,0,0,0,0,0,0,0,0,0,0,0,0,0,0,0,0,0,0,0,0,0,0,0,0,0,0,0,0,0,0,0,0,0,0,0,0,0,0},
{0,0,0,0,0,0,0,0,0,0,0,0,0,0,0,0,0,0,0,0,0,0,0,0,0,0,0,0,0,0,0,0,0,0,0,0,0,0,0,0,0,0,0,0,0,0,0,0,0,0,0,0,0,0,0,0,0,0,0,0,0,0,0,0,0,0,0,0,0,0,0,0,0,0,0,0,0,0,0,0,0,0,0,0,0,0,0,0,0,0,0,0,0,0,0,0},
{0,0,0,0,0,0,0,0,0,0,0,0,0,0,0,0,0,0,0,0,0,0,0,0,0,0,0,0,0,0,0,0,0,0,0,0,0,0,0,0,0,0,0,0,0,0,0,0,0,0,0,0,0,0,0,0,0,0,0,0,0,0,0,0,0,0,0,0,0,0,0,0,0,0,0,0,0,0,0,0,0,0,0,0,0,0,0,0,0,0,0,0,0,0,0,0},
{0,0,0,0,0,0,0,0,0,0,0,0,0,0,0,0,0,0,0,0,0,0,0,0,0,0,0,0,0,0,0,0,0,0,0,0,0,0,0,0,0,0,0,0,0,0,0,0,0,0,0,0,0,0,0,0,0,0,0,0,0,0,0,0,0,0,0,0,0,0,0,0,0,0,0,0,0,0,0,0,0,0,0,0,0,0,0,0,0,0,0,0,0,0,0,0},
{0,0,0,0,0,0,0,0,0,0,0,0,0,0,0,0,0,0,0,0,0,0,0,0,0,0,0,0,0,0,0,0,0,0,0,0,0,0,0,0,0,0,0,0,0,0,0,0,0,0,0,0,0,0,0,0,0,0,0,0,0,0,0,0,0,0,0,0,0,0,0,0,0,0,0,0,0,0,0,0,0,0,0,0,0,0,0,0,0,0,0,0,0,0,0,0},
{0,0,0,0,0,0,0,0,0,0,0,0,0,0,0,0,0,0,0,0,0,0,0,0,0,0,0,0,0,0,0,0,0,0,0,0,0,0,0,0,0,0,0,0,0,0,0,0,0,0,0,0,0,0,0,0,0,0,0,0,0,0,0,0,0,0,0,0,0,0,0,0,0,0,0,0,0,0,0,0,0,0,0,0,0,0,0,0,0,0,0,0,0,0,0,0},
{0,0,0,0,0,0,0,0,0,0,0,0,0,0,0,0,0,0,0,0,0,0,0,0,0,0,0,0,0,0,0,0,0,0,0,0,0,0,0,0,0,0,0,0,0,0,0,0,0,0,0,0,0,0,0,0,0,0,0,0,0,0,0,0,0,0,0,0,0,0,0,0,0,0,0,0,0,0,0,0,0,0,0,0,0,0,0,0,0,0,0,0,0,0,0,0},
{0,0,0,0,0,0,0,0,0,0,0,0,0,0,0,0,0,0,0,0,0,0,0,0,0,0,0,0,0,0,0,0,0,0,0,0,0,0,0,0,0,0,0,0,0,0,0,0,0,0,0,0,0,0,0,0,0,0,0,0,0,0,0,0,0,0,0,0,0,0,0,0,0,0,0,0,0,0,0,0,0,0,0,0,0,0,0,0,0,0,0,0,0,0,0,0},
{0,0,0,0,0,0,0,0,0,0,0,0,0,0,0,0,0,0,0,0,0,0,0,0,0,0,0,0,0,0,0,0,0,0,0,0,0,0,0,0,0,0,0,0,0,0,0,0,0,0,0,0,0,0,0,0,0,0,0,0,0,0,0,0,0,0,0,0,0,0,0,0,0,0,0,0,0,0,0,0,0,0,0,0,0,0,0,0,0,0,0,0,0,0,0,0},
{0,0,0,0,0,0,0,0,0,0,0,0,0,0,0,0,0,0,0,0,0,0,0,0,0,0,0,0,0,0,0,0,0,0,0,0,0,0,0,0,0,0,0,0,0,0,0,0,0,0,0,0,0,0,0,0,0,0,0,0,0,0,0,0,0,0,0,0,0,0,0,0,0,0,0,0,0,0,0,0,0,0,0,0,0,0,0,0,0,0,0,0,0,0,0,0},
{0,0,0,0,0,0,0,0,0,0,0,0,0,0,0,0,0,0,0,0,0,0,0,0,0,0,0,0,0,0,0,0,0,0,0,0,0,0,0,0,0,0,0,0,0,0,0,0,0,0,0,0,0,0,0,0,0,0,0,0,0,0,0,0,0,0,0,0,0,0,0,0,0,0,0,0,0,0,0,0,0,0,0,0,0,0,0,0,0,0,0,0,0,0,0,0},
{0,0,0,0,0,0,0,0,0,0,0,0,0,0,0,0,0,0,0,0,0,0,0,0,0,0,0,0,0,0,0,0,0,0,0,0,0,0,0,0,0,0,0,0,0,0,0,0,0,0,0,0,0,0,0,0,0,0,0,0,0,0,0,0,0,0,0,0,0,0,0,0,0,0,0,0,0,0,0,0,0,0,0,0,0,0,0,0,0,0,0,0,0,0,0,0},
{0,0,0,0,0,0,0,0,0,0,0,0,0,0,0,0,0,0,0,0,0,0,0,0,0,0,0,0,0,0,0,0,0,0,0,0,0,0,0,0,0,0,0,0,0,0,0,0,0,0,0,0,0,0,0,0,0,0,0,0,0,0,0,0,0,0,0,0,0,0,0,0,0,0,0,0,0,0,0,0,0,0,0,0,0,0,0,0,0,0,0,0,0,0,0,0},
{0,0,0,0,0,0,0,0,0,0,0,0,0,0,0,0,0,0,0,0,0,0,0,0,0,0,0,0,0,0,0,0,0,0,0,0,0,0,0,0,0,0,0,0,0,0,0,0,0,0,0,0,0,0,0,0,0,0,0,0,0,0,0,0,0,0,0,0,0,0,0,0,0,0,0,0,0,0,0,0,0,0,0,0,0,0,0,0,0,0,0,0,0,0,0,0},
{0,0,0,0,0,0,0,0,0,0,0,0,0,0,0,0,0,0,0,0,0,0,0,0,0,0,0,0,0,0,0,0,0,0,0,0,0,0,0,0,0,0,0,0,0,0,0,0,0,0,0,0,0,0,0,0,0,0,0,0,0,0,0,0,0,0,0,0,0,0,0,0,0,0,0,0,0,0,0,0,0,0,0,0,0,0,0,0,0,0,0,0,0,0,0,0},
{0,0,0,0,0,0,0,0,0,0,0,0,0,0,0,0,0,0,0,0,0,0,0,0,0,0,0,0,0,0,0,0,0,0,0,0,0,0,0,0,0,0,0,0,0,0,0,0,0,0,0,0,0,0,0,0,0,0,0,0,0,0,0,0,0,0,0,0,0,0,0,0,0,0,0,0,0,0,0,0,0,0,0,0,0,0,0,0,0,0,0,0,0,0,0,0},
{0,0,0,0,0,0,0,0,0,0,0,0,0,0,0,0,0,0,0,0,0,0,0,0,0,0,0,0,0,0,0,0,0,0,0,0,0,0,0,0,0,0,0,0,0,0,0,0,0,0,0,0,0,0,0,0,0,0,0,0,0,0,0,0,0,0,0,0,0,0,0,0,0,0,0,0,0,0,0,0,0,0,0,0,0,0,0,0,0,0,0,0,0,0,0,0},
{0,0,0,0,0,0,0,0,0,0,0,0,0,0,0,0,0,0,0,0,0,0,0,0,0,0,0,0,0,0,0,0,0,0,0,0,0,0,0,0,0,0,0,0,0,0,0,0,0,0,0,0,0,0,0,0,0,0,0,0,0,0,0,0,0,0,0,0,0,0,0,0,0,0,0,0,0,0,0,0,0,0,0,0,0,0,0,0,0,0,0,0,0,0,0,0},
{0,0,0,0,0,0,0,0,0,0,0,0,0,0,0,0,0,0,0,0,0,0,0,0,0,0,0,0,0,0,0,0,0,0,0,0,0,0,0,0,0,0,0,0,0,0,0,0,0,0,0,0,0,0,0,0,0,0,0,0,0,0,0,0,0,0,0,0,0,0,0,0,0,0,0,0,0,0,0,0,0,0,0,0,0,0,0,0,0,0,0,0,0,0,0,0},
{0,0,0,0,0,0,0,0,0,0,0,0,0,0,0,0,0,0,0,0,0,0,0,0,0,0,0,0,0,0,0,0,0,0,0,0,0,0,0,0,0,0,0,0,0,0,0,0,0,0,0,0,0,0,0,0,0,0,0,0,0,0,0,0,0,0,0,0,0,0,0,0,-0.0078125000*J1^2*J2^1+0,-0.0045105490*J1^1*J2^2+0,-0.0045105490*J1^1*J2^2+0,-0.0026041667*J1^2*J2^1+0,-0.0045105490*J1^1*J2^2+0,-0.0026041667*J2^3+0,-0.0026041667*J2^3+0,-0.0015035163*J1^1*J2^2+0,0.0078125000*J1^1*J2^2+0,0.0045105490*J2^3+0,0.0045105490*J2^3+0,0.0026041667*J1^1*J2^2+0,0.0045105490*J1^2*J2^1+0,0.0026041667*J1^1*J2^2+0,0.0026041667*J1^1*J2^2+0,0.0015035163*J1^2*J2^1+0,0,0,0,0,0,0,0,0},
{0,0,0,0,0,0,0,0,0,0,0,0,0,0,0,0,0,0,0,0,0,0,0,0,0,0,0,0,0,0,0,0,0,0,0,0,0,0,0,0,0,0,0,0,0,0,0,0,0,0,0,0,0,0,0,0,0,0,0,0,0,0,0,0,0,0,0,0,0,0,0,0,-0.0045105490*J1^1*J2^2+0,-0.0078125000*J1^2*J2^1+0.0052083333*J1^1*J2^2+0,-0.0026041667*J1^2*J2^1+0,0.0030070327*J1^2*J2^1+-0.0045105490*J1^1*J2^2+0,-0.0026041667*J2^3+0,-0.0045105490*J1^1*J2^2+0.0030070327*J2^3+0,-0.0015035163*J1^1*J2^2+0,0.0017361111*J1^1*J2^2+-0.0026041667*J2^3+0,0.0045105490*J2^3+0,0.0078125000*J1^1*J2^2+-0.0052083333*J2^3+0,0.0026041667*J1^1*J2^2+0,-0.0030070327*J1^1*J2^2+0.0045105490*J2^3+0,0.0026041667*J1^1*J2^2+0,0.0045105490*J1^2*J2^1+-0.0030070327*J1^1*J2^2+0,0.0015035163*J1^2*J2^1+0,-0.0017361111*J1^2*J2^1+0.0026041667*J1^1*J2^2+0,0,0,0,0,0,0,0,0},
{0,0,0,0,0,0,0,0,0,0,0,0,0,0,0,0,0,0,0,0,0,0,0,0,0,0,0,0,0,0,0,0,0,0,0,0,0,0,0,0,0,0,0,0,0,0,0,0,0,0,0,0,0,0,0,0,0,0,0,0,0,0,0,0,0,0,0,0,0,0,0,0,-0.0045105490*J1^1*J2^2+0,-0.0026041667*J2^3+0,-0.0026041667*J2^3+0,-0.0015035163*J1^1*J2^2+0,-0.0078125000*J1^2*J2^1+0.0052083333*J1^1*J2^2+0,-0.0045105490*J1^1*J2^2+0.0030070327*J2^3+0,-0.0045105490*J1^1*J2^2+0.0030070327*J2^3+0,-0.0026041667*J1^2*J2^1+0.0017361111*J1^1*J2^2+0,0.0045105490*J1^2*J2^1+0,0.0026041667*J1^1*J2^2+0,0.0026041667*J1^1*J2^2+0,0.0015035163*J1^2*J2^1+0,-0.0052083333*J1^2*J2^1+0.0078125000*J1^1*J2^2+0,-0.0030070327*J1^1*J2^2+0.0045105490*J2^3+0,-0.0030070327*J1^1*J2^2+0.0045105490*J2^3+0,-0.0017361111*J1^2*J2^1+0.0026041667*J1^1*J2^2+0,0,0,0,0,0,0,0,0},
{0,0,0,0,0,0,0,0,0,0,0,0,0,0,0,0,0,0,0,0,0,0,0,0,0,0,0,0,0,0,0,0,0,0,0,0,0,0,0,0,0,0,0,0,0,0,0,0,0,0,0,0,0,0,0,0,0,0,0,0,0,0,0,0,0,0,0,0,0,0,0,0,-0.0026041667*J2^3+0,-0.0045105490*J1^1*J2^2+0.0030070327*J2^3+0,-0.0015035163*J1^1*J2^2+0,0.0017361111*J1^1*J2^2+-0.0026041667*J2^3+0,-0.0045105490*J1^1*J2^2+0.0030070327*J2^3+0,-0.0078125000*J1^2*J2^1+0.0104166667*J1^1*J2^2+-0.0034722222*J2^3+0,-0.0026041667*J1^2*J2^1+0.0017361111*J1^1*J2^2+0,0.0030070327*J1^2*J2^1+-0.0065152374*J1^1*J2^2+0.0030070327*J2^3+0,0.0026041667*J1^1*J2^2+0,0.0045105490*J1^2*J2^1+-0.0030070327*J1^1*J2^2+0,0.0015035163*J1^2*J2^1+0,-0.0017361111*J1^2*J2^1+0.0026041667*J1^1*J2^2+0,-0.0030070327*J1^1*J2^2+0.0045105490*J2^3+0,-0.0052083333*J1^2*J2^1+0.0112847222*J1^1*J2^2+-0.0052083333*J2^3+0,-0.0017361111*J1^2*J2^1+0.0026041667*J1^1*J2^2+0,0.0020046884*J1^2*J2^1+-0.0060140653*J1^1*J2^2+0.0045105490*J2^3+0,0,0,0,0,0,0,0,0},
{0,0,0,0,0,0,0,0,0,0,0,0,0,0,0,0,0,0,0,0,0,0,0,0,0,0,0,0,0,0,0,0,0,0,0,0,0,0,0,0,0,0,0,0,0,0,0,0,0,0,0,0,0,0,0,0,0,0,0,0,0,0,0,0,0,0,0,0,0,0,0,0,-0.0045105490*J1^1*J2^2+0,-0.0026041667*J2^3+0,-0.0026041667*J2^3+0,-0.0015035163*J1^1*J2^2+0,-0.0026041667*J1^2*J2^1+0,-0.0015035163*J1^1*J2^2+0,-0.0015035163*J1^1*J2^2+0,-0.0008680556*J1^2*J2^1+0,0.0045105490*J1^2*J2^1+0,0.0026041667*J1^1*J2^2+0,0.0026041667*J1^1*J2^2+0,0.0015035163*J1^2*J2^1+0,0.0026041667*J1^1*J2^2+0,0.0015035163*J2^3+0,0.0015035163*J2^3+0,0.0008680556*J1^1*J2^2+0,0.0063788795*J1^2*J2^1+-0.0063788795*J1^1*J2^2+0,0.0036828478*J1^1*J2^2+-0.0036828478*J2^3+0,0.0036828478*J1^1*J2^2+-0.0036828478*J2^3+0,0.0021262932*J1^2*J2^1+-0.0021262932*J1^1*J2^2+0,-0.0036828478*J1^2*J2^1+0.0036828478*J1^1*J2^2+0,-0.0021262932*J1^1*J2^2+0.0021262932*J2^3+0,-0.0021262932*J1^1*J2^2+0.0021262932*J2^3+0,-0.0012276159*J1^2*J2^1+0.0012276159*J1^1*J2^2+0},
{0,0,0,0,0,0,0,0,0,0,0,0,0,0,0,0,0,0,0,0,0,0,0,0,0,0,0,0,0,0,0,0,0,0,0,0,0,0,0,0,0,0,0,0,0,0,0,0,0,0,0,0,0,0,0,0,0,0,0,0,0,0,0,0,0,0,0,0,0,0,0,0,-0.0026041667*J2^3+0,-0.0045105490*J1^1*J2^2+0.0030070327*J2^3+0,-0.0015035163*J1^1*J2^2+0,0.0017361111*J1^1*J2^2+-0.0026041667*J2^3+0,-0.0015035163*J1^1*J2^2+0,-0.0026041667*J1^2*J2^1+0.0017361111*J1^1*J2^2+0,-0.0008680556*J1^2*J2^1+0,0.0010023442*J1^2*J2^1+-0.0015035163*J1^1*J2^2+0,0.0026041667*J1^1*J2^2+0,0.0045105490*J1^2*J2^1+-0.0030070327*J1^1*J2^2+0,0.0015035163*J1^2*J2^1+0,-0.0017361111*J1^2*J2^1+0.0026041667*J1^1*J2^2+0,0.0015035163*J2^3+0,0.0026041667*J1^1*J2^2+-0.0017361111*J2^3+0,0.0008680556*J1^1*J2^2+0,-0.0010023442*J1^1*J2^2+0.0015035163*J2^3+0,0.0036828478*J1^1*J2^2+-0.0036828478*J2^3+0,0.0063788795*J1^2*J2^1+-0.0106314659*J1^1*J2^2+0.0042525864*J2^3+0,0.0021262932*J1^2*J2^1+-0.0021262932*J1^1*J2^2+0,-0.0024552319*J1^2*J2^1+0.0061380797*J1^1*J2^2+-0.0036828478*J2^3+0,-0.0021262932*J1^1*J2^2+0.0021262932*J2^3+0,-0.0036828478*J1^2*J2^1+0.0061380797*J1^1*J2^2+-0.0024552319*J2^3+0,-0.0012276159*J1^2*J2^1+0.0012276159*J1^1*J2^2+0,0.0014175288*J1^2*J2^1+-0.0035438220*J1^1*J2^2+0.0021262932*J2^3+0},
{0,0,0,0,0,0,0,0,0,0,0,0,0,0,0,0,0,0,0,0,0,0,0,0,0,0,0,0,0,0,0,0,0,0,0,0,0,0,0,0,0,0,0,0,0,0,0,0,0,0,0,0,0,0,0,0,0,0,0,0,0,0,0,0,0,0,0,0,0,0,0,0,-0.0026041667*J1^2*J2^1+0,-0.0015035163*J1^1*J2^2+0,-0.0015035163*J1^1*J2^2+0,-0.0008680556*J1^2*J2^1+0,0.0030070327*J1^2*J2^1+-0.0045105490*J1^1*J2^2+0,0.0017361111*J1^1*J2^2+-0.0026041667*J2^3+0,0.0017361111*J1^1*J2^2+-0.0026041667*J2^3+0,0.0010023442*J1^2*J2^1+-0.0015035163*J1^1*J2^2+0,0.0026041667*J1^1*J2^2+0,0.0015035163*J2^3+0,0.0015035163*J2^3+0,0.0008680556*J1^1*J2^2+0,0.0045105490*J1^2*J2^1+-0.0030070327*J1^1*J2^2+0,0.0026041667*J1^1*J2^2+-0.0017361111*J2^3+0,0.0026041667*J1^1*J2^2+-0.0017361111*J2^3+0,0.0015035163*J1^2*J2^1+-0.0010023442*J1^1*J2^2+0,-0.0036828478*J1^2*J2^1+0.0036828478*J1^1*J2^2+0,-0.0021262932*J1^1*J2^2+0.0021262932*J2^3+0,-0.0021262932*J1^1*J2^2+0.0021262932*J2^3+0,-0.0012276159*J1^2*J2^1+0.0012276159*J1^1*J2^2+0,0.0106314659*J1^2*J2^1+-0.0106314659*J1^1*J2^2+0,0.0061380797*J1^1*J2^2+-0.0061380797*J2^3+0,0.0061380797*J1^1*J2^2+-0.0061380797*J2^3+0,0.0035438220*J1^2*J2^1+-0.0035438220*J1^1*J2^2+0},
{0,0,0,0,0,0,0,0,0,0,0,0,0,0,0,0,0,0,0,0,0,0,0,0,0,0,0,0,0,0,0,0,0,0,0,0,0,0,0,0,0,0,0,0,0,0,0,0,0,0,0,0,0,0,0,0,0,0,0,0,0,0,0,0,0,0,0,0,0,0,0,0,-0.0015035163*J1^1*J2^2+0,-0.0026041667*J1^2*J2^1+0.0017361111*J1^1*J2^2+0,-0.0008680556*J1^2*J2^1+0,0.0010023442*J1^2*J2^1+-0.0015035163*J1^1*J2^2+0,0.0017361111*J1^1*J2^2+-0.0026041667*J2^3+0,0.0030070327*J1^2*J2^1+-0.0065152374*J1^1*J2^2+0.0030070327*J2^3+0,0.0010023442*J1^2*J2^1+-0.0015035163*J1^1*J2^2+0,-0.0011574074*J1^2*J2^1+0.0034722222*J1^1*J2^2+-0.0026041667*J2^3+0,0.0015035163*J2^3+0,0.0026041667*J1^1*J2^2+-0.0017361111*J2^3+0,0.0008680556*J1^1*J2^2+0,-0.0010023442*J1^1*J2^2+0.0015035163*J2^3+0,0.0026041667*J1^1*J2^2+-0.0017361111*J2^3+0,0.0045105490*J1^2*J2^1+-0.0060140653*J1^1*J2^2+0.0020046884*J2^3+0,0.0015035163*J1^2*J2^1+-0.0010023442*J1^1*J2^2+0,-0.0017361111*J1^2*J2^1+0.0037615741*J1^1*J2^2+-0.0017361111*J2^3+0,-0.0021262932*J1^1*J2^2+0.0021262932*J2^3+0,-0.0036828478*J1^2*J2^1+0.0061380797*J1^1*J2^2+-0.0024552319*J2^3+0,-0.0012276159*J1^2*J2^1+0.0012276159*J1^1*J2^2+0,0.0014175288*J1^2*J2^1+-0.0035438220*J1^1*J2^2+0.0021262932*J2^3+0,0.0061380797*J1^1*J2^2+-0.0061380797*J2^3+0,0.0106314659*J1^2*J2^1+-0.0177191098*J1^1*J2^2+0.0070876439*J2^3+0,0.0035438220*J1^2*J2^1+-0.0035438220*J1^1*J2^2+0,-0.0040920531*J1^2*J2^1+0.0102301328*J1^1*J2^2+-0.0061380797*J2^3+0},
{0,0,0,0,0,0,0,0,0,0,0,0,0,0,0,0,0,0,0,0,0,0,0,0,0,0,0,0,0,0,0,0,0,0,0,0,0,0,0,0,0,0,0,0,0,0,0,0,0,0,0,0,0,0,0,0,0,0,0,0,0,0,0,0,0,0,0,0,0,0,0,0,0.0078125000*J1^1*J2^2+0,0.0045105490*J1^2*J2^1+0,0.0045105490*J1^2*J2^1+0,0.0026041667*J1^1*J2^2+0,0.0045105490*J2^3+0,0.0026041667*J1^1*J2^2+0,0.0026041667*J1^1*J2^2+0,0.0015035163*J2^3+0,-0.0078125000*J2^3+0,-0.0045105490*J1^1*J2^2+0,-0.0045105490*J1^1*J2^2+0,-0.0026041667*J2^3+0,-0.0045105490*J1^1*J2^2+0,-0.0026041667*J1^2*J2^1+0,-0.0026041667*J1^2*J2^1+0,-0.0015035163*J1^1*J2^2+0,0,0,0,0,0,0,0,0},
{0,0,0,0,0,0,0,0,0,0,0,0,0,0,0,0,0,0,0,0,0,0,0,0,0,0,0,0,0,0,0,0,0,0,0,0,0,0,0,0,0,0,0,0,0,0,0,0,0,0,0,0,0,0,0,0,0,0,0,0,0,0,0,0,0,0,0,0,0,0,0,0,0.0045105490*J1^2*J2^1+0,-0.0052083333*J1^2*J2^1+0.0078125000*J1^1*J2^2+0,0.0026041667*J1^1*J2^2+0,0.0045105490*J1^2*J2^1+-0.0030070327*J1^1*J2^2+0,0.0026041667*J1^1*J2^2+0,-0.0030070327*J1^1*J2^2+0.0045105490*J2^3+0,0.0015035163*J2^3+0,0.0026041667*J1^1*J2^2+-0.0017361111*J2^3+0,-0.0045105490*J1^1*J2^2+0,0.0052083333*J1^1*J2^2+-0.0078125000*J2^3+0,-0.0026041667*J2^3+0,-0.0045105490*J1^1*J2^2+0.0030070327*J2^3+0,-0.0026041667*J1^2*J2^1+0,0.0030070327*J1^2*J2^1+-0.0045105490*J1^1*J2^2+0,-0.0015035163*J1^1*J2^2+0,-0.0026041667*J1^2*J2^1+0.0017361111*J1^1*J2^2+0,0,0,0,0,0,0,0,0},
{0,0,0,0,0,0,0,0,0,0,0,0,0,0,0,0,0,0,0,0,0,0,0,0,0,0,0,0,0,0,0,0,0,0,0,0,0,0,0,0,0,0,0,0,0,0,0,0,0,0,0,0,0,0,0,0,0,0,0,0,0,0,0,0,0,0,0,0,0,0,0,0,0.0045105490*J2^3+0,0.0026041667*J1^1*J2^2+0,0.0026041667*J1^1*J2^2+0,0.0015035163*J2^3+0,0.0078125000*J1^1*J2^2+-0.0052083333*J2^3+0,0.0045105490*J1^2*J2^1+-0.0030070327*J1^1*J2^2+0,0.0045105490*J1^2*J2^1+-0.0030070327*J1^1*J2^2+0,0.0026041667*J1^1*J2^2+-0.0017361111*J2^3+0,-0.0045105490*J1^1*J2^2+0,-0.0026041667*J1^2*J2^1+0,-0.0026041667*J1^2*J2^1+0,-0.0015035163*J1^1*J2^2+0,0.0052083333*J1^1*J2^2+-0.0078125000*J2^3+0,0.0030070327*J1^2*J2^1+-0.0045105490*J1^1*J2^2+0,0.0030070327*J1^2*J2^1+-0.0045105490*J1^1*J2^2+0,0.0017361111*J1^1*J2^2+-0.0026041667*J2^3+0,0,0,0,0,0,0,0,0},
{0,0,0,0,0,0,0,0,0,0,0,0,0,0,0,0,0,0,0,0,0,0,0,0,0,0,0,0,0,0,0,0,0,0,0,0,0,0,0,0,0,0,0,0,0,0,0,0,0,0,0,0,0,0,0,0,0,0,0,0,0,0,0,0,0,0,0,0,0,0,0,0,0.0026041667*J1^1*J2^2+0,-0.0030070327*J1^1*J2^2+0.0045105490*J2^3+0,0.0015035163*J2^3+0,0.0026041667*J1^1*J2^2+-0.0017361111*J2^3+0,0.0045105490*J1^2*J2^1+-0.0030070327*J1^1*J2^2+0,-0.0052083333*J1^2*J2^1+0.0112847222*J1^1*J2^2+-0.0052083333*J2^3+0,0.0026041667*J1^1*J2^2+-0.0017361111*J2^3+0,0.0045105490*J1^2*J2^1+-0.0060140653*J1^1*J2^2+0.0020046884*J2^3+0,-0.0026041667*J1^2*J2^1+0,0.0030070327*J1^2*J2^1+-0.0045105490*J1^1*J2^2+0,-0.0015035163*J1^1*J2^2+0,-0.0026041667*J1^2*J2^1+0.0017361111*J1^1*J2^2+0,0.0030070327*J1^2*J2^1+-0.0045105490*J1^1*J2^2+0,-0.0034722222*J1^2*J2^1+0.0104166667*J1^1*J2^2+-0.0078125000*J2^3+0,0.0017361111*J1^1*J2^2+-0.0026041667*J2^3+0,0.0030070327*J1^2*J2^1+-0.0065152374*J1^1*J2^2+0.0030070327*J2^3+0,0,0,0,0,0,0,0,0},
{0,0,0,0,0,0,0,0,0,0,0,0,0,0,0,0,0,0,0,0,0,0,0,0,0,0,0,0,0,0,0,0,0,0,0,0,0,0,0,0,0,0,0,0,0,0,0,0,0,0,0,0,0,0,0,0,0,0,0,0,0,0,0,0,0,0,0,0,0,0,0,0,0.0045105490*J2^3+0,0.0026041667*J1^1*J2^2+0,0.0026041667*J1^1*J2^2+0,0.0015035163*J2^3+0,0.0026041667*J1^1*J2^2+0,0.0015035163*J1^2*J2^1+0,0.0015035163*J1^2*J2^1+0,0.0008680556*J1^1*J2^2+0,-0.0045105490*J1^1*J2^2+0,-0.0026041667*J1^2*J2^1+0,-0.0026041667*J1^2*J2^1+0,-0.0015035163*J1^1*J2^2+0,-0.0026041667*J2^3+0,-0.0015035163*J1^1*J2^2+0,-0.0015035163*J1^1*J2^2+0,-0.0008680556*J2^3+0,-0.0063788795*J1^1*J2^2+0.0063788795*J2^3+0,-0.0036828478*J1^2*J2^1+0.0036828478*J1^1*J2^2+0,-0.0036828478*J1^2*J2^1+0.0036828478*J1^1*J2^2+0,-0.0021262932*J1^1*J2^2+0.0021262932*J2^3+0,0.0036828478*J1^1*J2^2+-0.0036828478*J2^3+0,0.0021262932*J1^2*J2^1+-0.0021262932*J1^1*J2^2+0,0.0021262932*J1^2*J2^1+-0.0021262932*J1^1*J2^2+0,0.0012276159*J1^1*J2^2+-0.0012276159*J2^3+0},
{0,0,0,0,0,0,0,0,0,0,0,0,0,0,0,0,0,0,0,0,0,0,0,0,0,0,0,0,0,0,0,0,0,0,0,0,0,0,0,0,0,0,0,0,0,0,0,0,0,0,0,0,0,0,0,0,0,0,0,0,0,0,0,0,0,0,0,0,0,0,0,0,0.0026041667*J1^1*J2^2+0,-0.0030070327*J1^1*J2^2+0.0045105490*J2^3+0,0.0015035163*J2^3+0,0.0026041667*J1^1*J2^2+-0.0017361111*J2^3+0,0.0015035163*J1^2*J2^1+0,-0.0017361111*J1^2*J2^1+0.0026041667*J1^1*J2^2+0,0.0008680556*J1^1*J2^2+0,0.0015035163*J1^2*J2^1+-0.0010023442*J1^1*J2^2+0,-0.0026041667*J1^2*J2^1+0,0.0030070327*J1^2*J2^1+-0.0045105490*J1^1*J2^2+0,-0.0015035163*J1^1*J2^2+0,-0.0026041667*J1^2*J2^1+0.0017361111*J1^1*J2^2+0,-0.0015035163*J1^1*J2^2+0,0.0017361111*J1^1*J2^2+-0.0026041667*J2^3+0,-0.0008680556*J2^3+0,-0.0015035163*J1^1*J2^2+0.0010023442*J2^3+0,-0.0036828478*J1^2*J2^1+0.0036828478*J1^1*J2^2+0,0.0042525864*J1^2*J2^1+-0.0106314659*J1^1*J2^2+0.0063788795*J2^3+0,-0.0021262932*J1^1*J2^2+0.0021262932*J2^3+0,-0.0036828478*J1^2*J2^1+0.0061380797*J1^1*J2^2+-0.0024552319*J2^3+0,0.0021262932*J1^2*J2^1+-0.0021262932*J1^1*J2^2+0,-0.0024552319*J1^2*J2^1+0.0061380797*J1^1*J2^2+-0.0036828478*J2^3+0,0.0012276159*J1^1*J2^2+-0.0012276159*J2^3+0,0.0021262932*J1^2*J2^1+-0.0035438220*J1^1*J2^2+0.0014175288*J2^3+0},
{0,0,0,0,0,0,0,0,0,0,0,0,0,0,0,0,0,0,0,0,0,0,0,0,0,0,0,0,0,0,0,0,0,0,0,0,0,0,0,0,0,0,0,0,0,0,0,0,0,0,0,0,0,0,0,0,0,0,0,0,0,0,0,0,0,0,0,0,0,0,0,0,0.0026041667*J1^1*J2^2+0,0.0015035163*J1^2*J2^1+0,0.0015035163*J1^2*J2^1+0,0.0008680556*J1^1*J2^2+0,-0.0030070327*J1^1*J2^2+0.0045105490*J2^3+0,-0.0017361111*J1^2*J2^1+0.0026041667*J1^1*J2^2+0,-0.0017361111*J1^2*J2^1+0.0026041667*J1^1*J2^2+0,-0.0010023442*J1^1*J2^2+0.0015035163*J2^3+0,-0.0026041667*J2^3+0,-0.0015035163*J1^1*J2^2+0,-0.0015035163*J1^1*J2^2+0,-0.0008680556*J2^3+0,-0.0045105490*J1^1*J2^2+0.0030070327*J2^3+0,-0.0026041667*J1^2*J2^1+0.0017361111*J1^1*J2^2+0,-0.0026041667*J1^2*J2^1+0.0017361111*J1^1*J2^2+0,-0.0015035163*J1^1*J2^2+0.0010023442*J2^3+0,0.0036828478*J1^1*J2^2+-0.0036828478*J2^3+0,0.0021262932*J1^2*J2^1+-0.0021262932*J1^1*J2^2+0,0.0021262932*J1^2*J2^1+-0.0021262932*J1^1*J2^2+0,0.0012276159*J1^1*J2^2+-0.0012276159*J2^3+0,-0.0106314659*J1^1*J2^2+0.0106314659*J2^3+0,-0.0061380797*J1^2*J2^1+0.0061380797*J1^1*J2^2+0,-0.0061380797*J1^2*J2^1+0.0061380797*J1^1*J2^2+0,-0.0035438220*J1^1*J2^2+0.0035438220*J2^3+0},
{0,0,0,0,0,0,0,0,0,0,0,0,0,0,0,0,0,0,0,0,0,0,0,0,0,0,0,0,0,0,0,0,0,0,0,0,0,0,0,0,0,0,0,0,0,0,0,0,0,0,0,0,0,0,0,0,0,0,0,0,0,0,0,0,0,0,0,0,0,0,0,0,0.0015035163*J1^2*J2^1+0,-0.0017361111*J1^2*J2^1+0.0026041667*J1^1*J2^2+0,0.0008680556*J1^1*J2^2+0,0.0015035163*J1^2*J2^1+-0.0010023442*J1^1*J2^2+0,-0.0017361111*J1^2*J2^1+0.0026041667*J1^1*J2^2+0,0.0020046884*J1^2*J2^1+-0.0060140653*J1^1*J2^2+0.0045105490*J2^3+0,-0.0010023442*J1^1*J2^2+0.0015035163*J2^3+0,-0.0017361111*J1^2*J2^1+0.0037615741*J1^1*J2^2+-0.0017361111*J2^3+0,-0.0015035163*J1^1*J2^2+0,0.0017361111*J1^1*J2^2+-0.0026041667*J2^3+0,-0.0008680556*J2^3+0,-0.0015035163*J1^1*J2^2+0.0010023442*J2^3+0,-0.0026041667*J1^2*J2^1+0.0017361111*J1^1*J2^2+0,0.0030070327*J1^2*J2^1+-0.0065152374*J1^1*J2^2+0.0030070327*J2^3+0,-0.0015035163*J1^1*J2^2+0.0010023442*J2^3+0,-0.0026041667*J1^2*J2^1+0.0034722222*J1^1*J2^2+-0.0011574074*J2^3+0,0.0021262932*J1^2*J2^1+-0.0021262932*J1^1*J2^2+0,-0.0024552319*J1^2*J2^1+0.0061380797*J1^1*J2^2+-0.0036828478*J2^3+0,0.0012276159*J1^1*J2^2+-0.0012276159*J2^3+0,0.0021262932*J1^2*J2^1+-0.0035438220*J1^1*J2^2+0.0014175288*J2^3+0,-0.0061380797*J1^2*J2^1+0.0061380797*J1^1*J2^2+0,0.0070876439*J1^2*J2^1+-0.0177191098*J1^1*J2^2+0.0106314659*J2^3+0,-0.0035438220*J1^1*J2^2+0.0035438220*J2^3+0,-0.0061380797*J1^2*J2^1+0.0102301328*J1^1*J2^2+-0.0040920531*J2^3+0},
{0,0,0,0,0,0,0,0,0,0,0,0,0,0,0,0,0,0,0,0,0,0,0,0,0,0,0,0,0,0,0,0,0,0,0,0,0,0,0,0,0,0,0,0,0,0,0,0,0,0,0,0,0,0,0,0,0,0,0,0,0,0,0,0,0,0,0,0,0,0,0,0,0,0,-0.0063788795*J1^2*J2^1+0.0063788795*J1^1*J2^2+0,0.0036828478*J1^2*J2^1+-0.0036828478*J1^1*J2^2+0,0,0,-0.0036828478*J1^1*J2^2+0.0036828478*J2^3+0,0.0021262932*J1^1*J2^2+-0.0021262932*J2^3+0,0,0,0.0063788795*J1^1*J2^2+-0.0063788795*J2^3+0,-0.0036828478*J1^1*J2^2+0.0036828478*J2^3+0,0,0,0.0036828478*J1^2*J2^1+-0.0036828478*J1^1*J2^2+0,-0.0021262932*J1^2*J2^1+0.0021262932*J1^1*J2^2+0,0,0,0,0,0,0,0,0},
{0,0,0,0,0,0,0,0,0,0,0,0,0,0,0,0,0,0,0,0,0,0,0,0,0,0,0,0,0,0,0,0,0,0,0,0,0,0,0,0,0,0,0,0,0,0,0,0,0,0,0,0,0,0,0,0,0,0,0,0,0,0,0,0,0,0,0,0,0,0,0,0,0,0,0.0036828478*J1^2*J2^1+-0.0036828478*J1^1*J2^2+0,-0.0106314659*J1^2*J2^1+0.0106314659*J1^1*J2^2+0,0,0,0.0021262932*J1^1*J2^2+-0.0021262932*J2^3+0,-0.0061380797*J1^1*J2^2+0.0061380797*J2^3+0,0,0,-0.0036828478*J1^1*J2^2+0.0036828478*J2^3+0,0.0106314659*J1^1*J2^2+-0.0106314659*J2^3+0,0,0,-0.0021262932*J1^2*J2^1+0.0021262932*J1^1*J2^2+0,0.0061380797*J1^2*J2^1+-0.0061380797*J1^1*J2^2+0,0,0,0,0,0,0,0,0},
{0,0,0,0,0,0,0,0,0,0,0,0,0,0,0,0,0,0,0,0,0,0,0,0,0,0,0,0,0,0,0,0,0,0,0,0,0,0,0,0,0,0,0,0,0,0,0,0,0,0,0,0,0,0,0,0,0,0,0,0,0,0,0,0,0,0,0,0,0,0,0,0,0,0,-0.0036828478*J1^1*J2^2+0.0036828478*J2^3+0,0.0021262932*J1^1*J2^2+-0.0021262932*J2^3+0,0,0,-0.0063788795*J1^2*J2^1+0.0106314659*J1^1*J2^2+-0.0042525864*J2^3+0,0.0036828478*J1^2*J2^1+-0.0061380797*J1^1*J2^2+0.0024552319*J2^3+0,0,0,0.0036828478*J1^2*J2^1+-0.0036828478*J1^1*J2^2+0,-0.0021262932*J1^2*J2^1+0.0021262932*J1^1*J2^2+0,0,0,-0.0042525864*J1^2*J2^1+0.0106314659*J1^1*J2^2+-0.0063788795*J2^3+0,0.0024552319*J1^2*J2^1+-0.0061380797*J1^1*J2^2+0.0036828478*J2^3+0,0,0,0,0,0,0,0,0},
{0,0,0,0,0,0,0,0,0,0,0,0,0,0,0,0,0,0,0,0,0,0,0,0,0,0,0,0,0,0,0,0,0,0,0,0,0,0,0,0,0,0,0,0,0,0,0,0,0,0,0,0,0,0,0,0,0,0,0,0,0,0,0,0,0,0,0,0,0,0,0,0,0,0,0.0021262932*J1^1*J2^2+-0.0021262932*J2^3+0,-0.0061380797*J1^1*J2^2+0.0061380797*J2^3+0,0,0,0.0036828478*J1^2*J2^1+-0.0061380797*J1^1*J2^2+0.0024552319*J2^3+0,-0.0106314659*J1^2*J2^1+0.0177191098*J1^1*J2^2+-0.0070876439*J2^3+0,0,0,-0.0021262932*J1^2*J2^1+0.0021262932*J1^1*J2^2+0,0.0061380797*J1^2*J2^1+-0.0061380797*J1^1*J2^2+0,0,0,0.0024552319*J1^2*J2^1+-0.0061380797*J1^1*J2^2+0.0036828478*J2^3+0,-0.0070876439*J1^2*J2^1+0.0177191098*J1^1*J2^2+-0.0106314659*J2^3+0,0,0,0,0,0,0,0,0},
{0,0,0,0,0,0,0,0,0,0,0,0,0,0,0,0,0,0,0,0,0,0,0,0,0,0,0,0,0,0,0,0,0,0,0,0,0,0,0,0,0,0,0,0,0,0,0,0,0,0,0,0,0,0,0,0,0,0,0,0,0,0,0,0,0,0,0,0,0,0,0,0,0,0,-0.0036828478*J1^1*J2^2+0.0036828478*J2^3+0,0.0021262932*J1^1*J2^2+-0.0021262932*J2^3+0,0,0,-0.0021262932*J1^2*J2^1+0.0021262932*J1^1*J2^2+0,0.0012276159*J1^2*J2^1+-0.0012276159*J1^1*J2^2+0,0,0,0.0036828478*J1^2*J2^1+-0.0036828478*J1^1*J2^2+0,-0.0021262932*J1^2*J2^1+0.0021262932*J1^1*J2^2+0,0,0,0.0021262932*J1^1*J2^2+-0.0021262932*J2^3+0,-0.0012276159*J1^1*J2^2+0.0012276159*J2^3+0,0,0,0.0052083333*J1^2*J2^1+-0.0104166667*J1^1*J2^2+0.0052083333*J2^3+0,-0.0030070327*J1^2*J2^1+0.0060140653*J1^1*J2^2+-0.0030070327*J2^3+0,0,0,-0.0030070327*J1^2*J2^1+0.0060140653*J1^1*J2^2+-0.0030070327*J2^3+0,0.0017361111*J1^2*J2^1+-0.0034722222*J1^1*J2^2+0.0017361111*J2^3+0},
{0,0,0,0,0,0,0,0,0,0,0,0,0,0,0,0,0,0,0,0,0,0,0,0,0,0,0,0,0,0,0,0,0,0,0,0,0,0,0,0,0,0,0,0,0,0,0,0,0,0,0,0,0,0,0,0,0,0,0,0,0,0,0,0,0,0,0,0,0,0,0,0,0,0,0.0021262932*J1^1*J2^2+-0.0021262932*J2^3+0,-0.0061380797*J1^1*J2^2+0.0061380797*J2^3+0,0,0,0.0012276159*J1^2*J2^1+-0.0012276159*J1^1*J2^2+0,-0.0035438220*J1^2*J2^1+0.0035438220*J1^1*J2^2+0,0,0,-0.0021262932*J1^2*J2^1+0.0021262932*J1^1*J2^2+0,0.0061380797*J1^2*J2^1+-0.0061380797*J1^1*J2^2+0,0,0,-0.0012276159*J1^1*J2^2+0.0012276159*J2^3+0,0.0035438220*J1^1*J2^2+-0.0035438220*J2^3+0,0,0,-0.0030070327*J1^2*J2^1+0.0060140653*J1^1*J2^2+-0.0030070327*J2^3+0,0.0086805556*J1^2*J2^1+-0.0173611111*J1^1*J2^2+0.0086805556*J2^3+0,0,0,0.0017361111*J1^2*J2^1+-0.0034722222*J1^1*J2^2+0.0017361111*J2^3+0,-0.0050117211*J1^2*J2^1+0.0100234422*J1^1*J2^2+-0.0050117211*J2^3+0},
{0,0,0,0,0,0,0,0,0,0,0,0,0,0,0,0,0,0,0,0,0,0,0,0,0,0,0,0,0,0,0,0,0,0,0,0,0,0,0,0,0,0,0,0,0,0,0,0,0,0,0,0,0,0,0,0,0,0,0,0,0,0,0,0,0,0,0,0,0,0,0,0,0,0,-0.0021262932*J1^2*J2^1+0.0021262932*J1^1*J2^2+0,0.0012276159*J1^2*J2^1+-0.0012276159*J1^1*J2^2+0,0,0,0.0024552319*J1^2*J2^1+-0.0061380797*J1^1*J2^2+0.0036828478*J2^3+0,-0.0014175288*J1^2*J2^1+0.0035438220*J1^1*J2^2+-0.0021262932*J2^3+0,0,0,0.0021262932*J1^1*J2^2+-0.0021262932*J2^3+0,-0.0012276159*J1^1*J2^2+0.0012276159*J2^3+0,0,0,0.0036828478*J1^2*J2^1+-0.0061380797*J1^1*J2^2+0.0024552319*J2^3+0,-0.0021262932*J1^2*J2^1+0.0035438220*J1^1*J2^2+-0.0014175288*J2^3+0,0,0,-0.0030070327*J1^2*J2^1+0.0060140653*J1^1*J2^2+-0.0030070327*J2^3+0,0.0017361111*J1^2*J2^1+-0.0034722222*J1^1*J2^2+0.0017361111*J2^3+0,0,0,0.0086805556*J1^2*J2^1+-0.0173611111*J1^1*J2^2+0.0086805556*J2^3+0,-0.0050117211*J1^2*J2^1+0.0100234422*J1^1*J2^2+-0.0050117211*J2^3+0},
{0,0,0,0,0,0,0,0,0,0,0,0,0,0,0,0,0,0,0,0,0,0,0,0,0,0,0,0,0,0,0,0,0,0,0,0,0,0,0,0,0,0,0,0,0,0,0,0,0,0,0,0,0,0,0,0,0,0,0,0,0,0,0,0,0,0,0,0,0,0,0,0,0,0,0.0012276159*J1^2*J2^1+-0.0012276159*J1^1*J2^2+0,-0.0035438220*J1^2*J2^1+0.0035438220*J1^1*J2^2+0,0,0,-0.0014175288*J1^2*J2^1+0.0035438220*J1^1*J2^2+-0.0021262932*J2^3+0,0.0040920531*J1^2*J2^1+-0.0102301328*J1^1*J2^2+0.0061380797*J2^3+0,0,0,-0.0012276159*J1^1*J2^2+0.0012276159*J2^3+0,0.0035438220*J1^1*J2^2+-0.0035438220*J2^3+0,0,0,-0.0021262932*J1^2*J2^1+0.0035438220*J1^1*J2^2+-0.0014175288*J2^3+0,0.0061380797*J1^2*J2^1+-0.0102301328*J1^1*J2^2+0.0040920531*J2^3+0,0,0,0.0017361111*J1^2*J2^1+-0.0034722222*J1^1*J2^2+0.0017361111*J2^3+0,-0.0050117211*J1^2*J2^1+0.0100234422*J1^1*J2^2+-0.0050117211*J2^3+0,0,0,-0.0050117211*J1^2*J2^1+0.0100234422*J1^1*J2^2+-0.0050117211*J2^3+0,0.0144675926*J1^2*J2^1+-0.0289351852*J1^1*J2^2+0.0144675926*J2^3+0},
{0,0,0,0,0,0,0,0,0,0,0,0,0,0,0,0,0,0,0,0,0,0,0,0,0,0,0,0,0,0,0,0,0,0,0,0,0,0,0,0,0,0,0,0,0,0,0,0,0,0,0,0,0,0,0,0,0,0,0,0,0,0,0,0,0,0,0,0,0,0,0,0,0,0,0,0,0,0,0,0,0,0,0,0,0,0,0,0,0,0,0,0,0,0,0,0},
{0,0,0,0,0,0,0,0,0,0,0,0,0,0,0,0,0,0,0,0,0,0,0,0,0,0,0,0,0,0,0,0,0,0,0,0,0,0,0,0,0,0,0,0,0,0,0,0,0,0,0,0,0,0,0,0,0,0,0,0,0,0,0,0,0,0,0,0,0,0,0,0,0,0,0,0,0,0,0,0,0,0,0,0,0,0,0,0,0,0,0,0,0,0,0,0},
{0,0,0,0,0,0,0,0,0,0,0,0,0,0,0,0,0,0,0,0,0,0,0,0,0,0,0,0,0,0,0,0,0,0,0,0,0,0,0,0,0,0,0,0,0,0,0,0,0,0,0,0,0,0,0,0,0,0,0,0,0,0,0,0,0,0,0,0,0,0,0,0,0,0,0,0,0,0,0,0,0,0,0,0,0,0,0,0,0,0,0,0,0,0,0,0},
{0,0,0,0,0,0,0,0,0,0,0,0,0,0,0,0,0,0,0,0,0,0,0,0,0,0,0,0,0,0,0,0,0,0,0,0,0,0,0,0,0,0,0,0,0,0,0,0,0,0,0,0,0,0,0,0,0,0,0,0,0,0,0,0,0,0,0,0,0,0,0,0,0,0,0,0,0,0,0,0,0,0,0,0,0,0,0,0,0,0,0,0,0,0,0,0},
{0,0,0,0,0,0,0,0,0,0,0,0,0,0,0,0,0,0,0,0,0,0,0,0,0,0,0,0,0,0,0,0,0,0,0,0,0,0,0,0,0,0,0,0,0,0,0,0,0,0,0,0,0,0,0,0,0,0,0,0,0,0,0,0,0,0,0,0,0,0,0,0,0,0,0,0,0,0,0,0,0,0,0,0,0,0,0,0,0,0,0,0,0,0,0,0},
{0,0,0,0,0,0,0,0,0,0,0,0,0,0,0,0,0,0,0,0,0,0,0,0,0,0,0,0,0,0,0,0,0,0,0,0,0,0,0,0,0,0,0,0,0,0,0,0,0,0,0,0,0,0,0,0,0,0,0,0,0,0,0,0,0,0,0,0,0,0,0,0,0,0,0,0,0,0,0,0,0,0,0,0,0,0,0,0,0,0,0,0,0,0,0,0},
{0,0,0,0,0,0,0,0,0,0,0,0,0,0,0,0,0,0,0,0,0,0,0,0,0,0,0,0,0,0,0,0,0,0,0,0,0,0,0,0,0,0,0,0,0,0,0,0,0,0,0,0,0,0,0,0,0,0,0,0,0,0,0,0,0,0,0,0,0,0,0,0,0,0,0,0,0,0,0,0,0,0,0,0,0,0,0,0,0,0,0,0,0,0,0,0},
{0,0,0,0,0,0,0,0,0,0,0,0,0,0,0,0,0,0,0,0,0,0,0,0,0,0,0,0,0,0,0,0,0,0,0,0,0,0,0,0,0,0,0,0,0,0,0,0,0,0,0,0,0,0,0,0,0,0,0,0,0,0,0,0,0,0,0,0,0,0,0,0,0,0,0,0,0,0,0,0,0,0,0,0,0,0,0,0,0,0,0,0,0,0,0,0},
{0,0,0,0,0,0,0,0,0,0,0,0,0,0,0,0,0,0,0,0,0,0,0,0,0,0,0,0,0,0,0,0,0,0,0,0,0,0,0,0,0,0,0,0,0,0,0,0,0,0,0,0,0,0,0,0,0,0,0,0,0,0,0,0,0,0,0,0,0,0,0,0,0,0,0,0,0,0,0,0,0,0,0,0,0,0,0,0,0,0,0,0,0,0,0,0},
{0,0,0,0,0,0,0,0,0,0,0,0,0,0,0,0,0,0,0,0,0,0,0,0,0,0,0,0,0,0,0,0,0,0,0,0,0,0,0,0,0,0,0,0,0,0,0,0,0,0,0,0,0,0,0,0,0,0,0,0,0,0,0,0,0,0,0,0,0,0,0,0,0,0,0,0,0,0,0,0,0,0,0,0,0,0,0,0,0,0,0,0,0,0,0,0},
{0,0,0,0,0,0,0,0,0,0,0,0,0,0,0,0,0,0,0,0,0,0,0,0,0,0,0,0,0,0,0,0,0,0,0,0,0,0,0,0,0,0,0,0,0,0,0,0,0,0,0,0,0,0,0,0,0,0,0,0,0,0,0,0,0,0,0,0,0,0,0,0,0,0,0,0,0,0,0,0,0,0,0,0,0,0,0,0,0,0,0,0,0,0,0,0},
{0,0,0,0,0,0,0,0,0,0,0,0,0,0,0,0,0,0,0,0,0,0,0,0,0,0,0,0,0,0,0,0,0,0,0,0,0,0,0,0,0,0,0,0,0,0,0,0,0,0,0,0,0,0,0,0,0,0,0,0,0,0,0,0,0,0,0,0,0,0,0,0,0,0,0,0,0,0,0,0,0,0,0,0,0,0,0,0,0,0,0,0,0,0,0,0},
{0,0,0,0,0,0,0,0,0,0,0,0,0,0,0,0,0,0,0,0,0,0,0,0,0,0,0,0,0,0,0,0,0,0,0,0,0,0,0,0,0,0,0,0,0,0,0,0,0,0,0,0,0,0,0,0,0,0,0,0,0,0,0,0,0,0,0,0,0,0,0,0,0,0,0,0,0,0,0,0,0,0,0,0,0,0,0,0,0,0,0,0,0,0,0,0},
{0,0,0,0,0,0,0,0,0,0,0,0,0,0,0,0,0,0,0,0,0,0,0,0,0,0,0,0,0,0,0,0,0,0,0,0,0,0,0,0,0,0,0,0,0,0,0,0,0,0,0,0,0,0,0,0,0,0,0,0,0,0,0,0,0,0,0,0,0,0,0,0,0,0,0,0,0,0,0,0,0,0,0,0,0,0,0,0,0,0,0,0,0,0,0,0},
{0,0,0,0,0,0,0,0,0,0,0,0,0,0,0,0,0,0,0,0,0,0,0,0,0,0,0,0,0,0,0,0,0,0,0,0,0,0,0,0,0,0,0,0,0,0,0,0,0,0,0,0,0,0,0,0,0,0,0,0,0,0,0,0,0,0,0,0,0,0,0,0,0,0,0,0,0,0,0,0,0,0,0,0,0,0,0,0,0,0,0,0,0,0,0,0},
{0,0,0,0,0,0,0,0,0,0,0,0,0,0,0,0,0,0,0,0,0,0,0,0,0,0,0,0,0,0,0,0,0,0,0,0,0,0,0,0,0,0,0,0,0,0,0,0,0,0,0,0,0,0,0,0,0,0,0,0,0,0,0,0,0,0,0,0,0,0,0,0,0,0,0,0,0,0,0,0,0,0,0,0,0,0,0,0,0,0,0,0,0,0,0,0},
{0,0,0,0,0,0,0,0,0,0,0,0,0,0,0,0,0,0,0,0,0,0,0,0,0,0,0,0,0,0,0,0,0,0,0,0,0,0,0,0,0,0,0,0,0,0,0,0,0,0,0,0,0,0,0,0,0,0,0,0,0,0,0,0,0,0,0,0,0,0,0,0,0,0,0,0,0,0,0,0,0,0,0,0,0,0,0,0,0,0,0,0,0,0,0,0},
{0,0,0,0,0,0,0,0,0,0,0,0,0,0,0,0,0,0,0,0,0,0,0,0,0,0,0,0,0,0,0,0,0,0,0,0,0,0,0,0,0,0,0,0,0,0,0,0,0,0,0,0,0,0,0,0,0,0,0,0,0,0,0,0,0,0,0,0,0,0,0,0,0,0,0,0,0,0,0,0,0,0,0,0,0,0,0,0,0,0,0,0,0,0,0,0},
{0,0,0,0,0,0,0,0,0,0,0,0,0,0,0,0,0,0,0,0,0,0,0,0,0,0,0,0,0,0,0,0,0,0,0,0,0,0,0,0,0,0,0,0,0,0,0,0,0,0,0,0,0,0,0,0,0,0,0,0,0,0,0,0,0,0,0,0,0,0,0,0,0,0,0,0,0,0,0,0,0,0,0,0,0,0,0,0,0,0,0,0,0,0,0,0},
{0,0,0,0,0,0,0,0,0,0,0,0,0,0,0,0,0,0,0,0,0,0,0,0,0,0,0,0,0,0,0,0,0,0,0,0,0,0,0,0,0,0,0,0,0,0,0,0,0,0,0,0,0,0,0,0,0,0,0,0,0,0,0,0,0,0,0,0,0,0,0,0,0,0,0,0,0,0,0,0,0,0,0,0,0,0,0,0,0,0,0,0,0,0,0,0},
{0,0,0,0,0,0,0,0,0,0,0,0,0,0,0,0,0,0,0,0,0,0,0,0,0,0,0,0,0,0,0,0,0,0,0,0,0,0,0,0,0,0,0,0,0,0,0,0,0,0,0,0,0,0,0,0,0,0,0,0,0,0,0,0,0,0,0,0,0,0,0,0,0,0,0,0,0,0,0,0,0,0,0,0,0,0,0,0,0,0,0,0,0,0,0,0},
{0,0,0,0,0,0,0,0,0,0,0,0,0,0,0,0,0,0,0,0,0,0,0,0,0,0,0,0,0,0,0,0,0,0,0,0,0,0,0,0,0,0,0,0,0,0,0,0,0,0,0,0,0,0,0,0,0,0,0,0,0,0,0,0,0,0,0,0,0,0,0,0,0,0,0,0,0,0,0,0,0,0,0,0,0,0,0,0,0,0,0,0,0,0,0,0},
{0,0,0,0,0,0,0,0,0,0,0,0,0,0,0,0,0,0,0,0,0,0,0,0,0,0,0,0,0,0,0,0,0,0,0,0,0,0,0,0,0,0,0,0,0,0,0,0,0,0,0,0,0,0,0,0,0,0,0,0,0,0,0,0,0,0,0,0,0,0,0,0,0,0,0,0,0,0,0,0,0,0,0,0,0,0,0,0,0,0,0,0,0,0,0,0},
{0,0,0,0,0,0,0,0,0,0,0,0,0,0,0,0,0,0,0,0,0,0,0,0,0,0,0,0,0,0,0,0,0,0,0,0,0,0,0,0,0,0,0,0,0,0,0,0,0,0,0,0,0,0,0,0,0,0,0,0,0,0,0,0,0,0,0,0,0,0,0,0,0,0,0,0,0,0,0,0,0,0,0,0,0,0,0,0,0,0,0,0,0,0,0,0},
{0,0,0,0,0,0,0,0,0,0,0,0,0,0,0,0,0,0,0,0,0,0,0,0,-0.0078125000*J1^2*J2^1+0,-0.0045105490*J1^1*J2^2+0,-0.0045105490*J1^1*J2^2+0,-0.0026041667*J2^3+0,-0.0045105490*J1^1*J2^2+0,-0.0026041667*J2^3+0,-0.0026041667*J1^2*J2^1+0,-0.0015035163*J1^1*J2^2+0,0.0078125000*J1^1*J2^2+0,0.0045105490*J1^2*J2^1+0,0.0045105490*J2^3+0,0.0026041667*J1^1*J2^2+0,0.0045105490*J2^3+0,0.0026041667*J1^1*J2^2+0,0.0026041667*J1^1*J2^2+0,0.0015035163*J1^2*J2^1+0,0,0,0,0,0,0,0,0,0,0,0,0,0,0,0,0,0,0,0,0,0,0,0,0,0,0,0,0,0,0,0,0,0,0,0,0,0,0,0,0,0,0,0,0,0,0,0,0,0,0,0,0,0,0,0,0},
{0,0,0,0,0,0,0,0,0,0,0,0,0,0,0,0,0,0,0,0,0,0,0,0,-0.0045105490*J1^1*J2^2+0,-0.0078125000*J1^2*J2^1+0.0052083333*J1^1*J2^2+0,-0.0026041667*J2^3+0,-0.0045105490*J1^1*J2^2+0.0030070327*J2^3+0,-0.0026041667*J2^3+0,-0.0045105490*J1^1*J2^2+0.0030070327*J2^3+0,-0.0015035163*J1^1*J2^2+0,-0.0026041667*J1^2*J2^1+0.0017361111*J1^1*J2^2+0,0.0045105490*J1^2*J2^1+0,-0.0052083333*J1^2*J2^1+0.0078125000*J1^1*J2^2+0,0.0026041667*J1^1*J2^2+0,-0.0030070327*J1^1*J2^2+0.0045105490*J2^3+0,0.0026041667*J1^1*J2^2+0,-0.0030070327*J1^1*J2^2+0.0045105490*J2^3+0,0.0015035163*J1^2*J2^1+0,-0.0017361111*J1^2*J2^1+0.0026041667*J1^1*J2^2+0,0,0,0,0,0,0,0,0,0,0,0,0,0,0,0,0,0,0,0,0,0,0,0,0,0,0,0,0,0,0,0,0,0,0,0,0,0,0,0,0,0,0,0,0,0,0,0,0,0,0,0,0,0,0,0,0},
{0,0,0,0,0,0,0,0,0,0,0,0,0,0,0,0,0,0,0,0,0,0,0,0,-0.0045105490*J1^1*J2^2+0,-0.0026041667*J1^2*J2^1+0,-0.0026041667*J2^3+0,-0.0015035163*J1^1*J2^2+0,-0.0026041667*J2^3+0,-0.0015035163*J1^1*J2^2+0,-0.0015035163*J1^1*J2^2+0,-0.0008680556*J1^2*J2^1+0,0.0045105490*J1^2*J2^1+0,0.0026041667*J1^1*J2^2+0,0.0026041667*J1^1*J2^2+0,0.0015035163*J2^3+0,0.0026041667*J1^1*J2^2+0,0.0015035163*J2^3+0,0.0015035163*J1^2*J2^1+0,0.0008680556*J1^1*J2^2+0,-0.0063788795*J1^2*J2^1+0.0063788795*J1^1*J2^2+0,0.0036828478*J1^2*J2^1+-0.0036828478*J1^1*J2^2+0,-0.0036828478*J1^1*J2^2+0.0036828478*J2^3+0,0.0021262932*J1^1*J2^2+-0.0021262932*J2^3+0,-0.0036828478*J1^1*J2^2+0.0036828478*J2^3+0,0.0021262932*J1^1*J2^2+-0.0021262932*J2^3+0,-0.0021262932*J1^2*J2^1+0.0021262932*J1^1*J2^2+0,0.0012276159*J1^2*J2^1+-0.0012276159*J1^1*J2^2+0,0,0,0,0,0,0,0,0,0,0,0,0,0,0,0,0,0,0,0,0,0,0,0,0,0,0,0,0,0,0,0,0,0,0,0,0,0,0,0,0,0,0,0,0,0,0,0,0},
{0,0,0,0,0,0,0,0,0,0,0,0,0,0,0,0,0,0,0,0,0,0,0,0,-0.0026041667*J1^2*J2^1+0,0.0030070327*J1^2*J2^1+-0.0045105490*J1^1*J2^2+0,-0.0015035163*J1^1*J2^2+0,0.0017361111*J1^1*J2^2+-0.0026041667*J2^3+0,-0.0015035163*J1^1*J2^2+0,0.0017361111*J1^1*J2^2+-0.0026041667*J2^3+0,-0.0008680556*J1^2*J2^1+0,0.0010023442*J1^2*J2^1+-0.0015035163*J1^1*J2^2+0,0.0026041667*J1^1*J2^2+0,0.0045105490*J1^2*J2^1+-0.0030070327*J1^1*J2^2+0,0.0015035163*J2^3+0,0.0026041667*J1^1*J2^2+-0.0017361111*J2^3+0,0.0015035163*J2^3+0,0.0026041667*J1^1*J2^2+-0.0017361111*J2^3+0,0.0008680556*J1^1*J2^2+0,0.0015035163*J1^2*J2^1+-0.0010023442*J1^1*J2^2+0,0.0036828478*J1^2*J2^1+-0.0036828478*J1^1*J2^2+0,-0.0106314659*J1^2*J2^1+0.0106314659*J1^1*J2^2+0,0.0021262932*J1^1*J2^2+-0.0021262932*J2^3+0,-0.0061380797*J1^1*J2^2+0.0061380797*J2^3+0,0.0021262932*J1^1*J2^2+-0.0021262932*J2^3+0,-0.0061380797*J1^1*J2^2+0.0061380797*J2^3+0,0.0012276159*J1^2*J2^1+-0.0012276159*J1^1*J2^2+0,-0.0035438220*J1^2*J2^1+0.0035438220*J1^1*J2^2+0,0,0,0,0,0,0,0,0,0,0,0,0,0,0,0,0,0,0,0,0,0,0,0,0,0,0,0,0,0,0,0,0,0,0,0,0,0,0,0,0,0,0,0,0,0,0,0,0},
{0,0,0,0,0,0,0,0,0,0,0,0,0,0,0,0,0,0,0,0,0,0,0,0,-0.0045105490*J1^1*J2^2+0,-0.0026041667*J2^3+0,-0.0078125000*J1^2*J2^1+0.0052083333*J1^1*J2^2+0,-0.0045105490*J1^1*J2^2+0.0030070327*J2^3+0,-0.0026041667*J1^2*J2^1+0,-0.0015035163*J1^1*J2^2+0,0.0030070327*J1^2*J2^1+-0.0045105490*J1^1*J2^2+0,0.0017361111*J1^1*J2^2+-0.0026041667*J2^3+0,0.0045105490*J2^3+0,0.0026041667*J1^1*J2^2+0,0.0078125000*J1^1*J2^2+-0.0052083333*J2^3+0,0.0045105490*J1^2*J2^1+-0.0030070327*J1^1*J2^2+0,0.0026041667*J1^1*J2^2+0,0.0015035163*J1^2*J2^1+0,-0.0030070327*J1^1*J2^2+0.0045105490*J2^3+0,-0.0017361111*J1^2*J2^1+0.0026041667*J1^1*J2^2+0,0,0,0,0,0,0,0,0,0,0,0,0,0,0,0,0,0,0,0,0,0,0,0,0,0,0,0,0,0,0,0,0,0,0,0,0,0,0,0,0,0,0,0,0,0,0,0,0,0,0,0,0,0,0,0,0},
{0,0,0,0,0,0,0,0,0,0,0,0,0,0,0,0,0,0,0,0,0,0,0,0,-0.0026041667*J2^3+0,-0.0045105490*J1^1*J2^2+0.0030070327*J2^3+0,-0.0045105490*J1^1*J2^2+0.0030070327*J2^3+0,-0.0078125000*J1^2*J2^1+0.0104166667*J1^1*J2^2+-0.0034722222*J2^3+0,-0.0015035163*J1^1*J2^2+0,-0.0026041667*J1^2*J2^1+0.0017361111*J1^1*J2^2+0,0.0017361111*J1^1*J2^2+-0.0026041667*J2^3+0,0.0030070327*J1^2*J2^1+-0.0065152374*J1^1*J2^2+0.0030070327*J2^3+0,0.0026041667*J1^1*J2^2+0,-0.0030070327*J1^1*J2^2+0.0045105490*J2^3+0,0.0045105490*J1^2*J2^1+-0.0030070327*J1^1*J2^2+0,-0.0052083333*J1^2*J2^1+0.0112847222*J1^1*J2^2+-0.0052083333*J2^3+0,0.0015035163*J1^2*J2^1+0,-0.0017361111*J1^2*J2^1+0.0026041667*J1^1*J2^2+0,-0.0017361111*J1^2*J2^1+0.0026041667*J1^1*J2^2+0,0.0020046884*J1^2*J2^1+-0.0060140653*J1^1*J2^2+0.0045105490*J2^3+0,0,0,0,0,0,0,0,0,0,0,0,0,0,0,0,0,0,0,0,0,0,0,0,0,0,0,0,0,0,0,0,0,0,0,0,0,0,0,0,0,0,0,0,0,0,0,0,0,0,0,0,0,0,0,0,0},
{0,0,0,0,0,0,0,0,0,0,0,0,0,0,0,0,0,0,0,0,0,0,0,0,-0.0026041667*J2^3+0,-0.0015035163*J1^1*J2^2+0,-0.0045105490*J1^1*J2^2+0.0030070327*J2^3+0,-0.0026041667*J1^2*J2^1+0.0017361111*J1^1*J2^2+0,-0.0015035163*J1^1*J2^2+0,-0.0008680556*J1^2*J2^1+0,0.0017361111*J1^1*J2^2+-0.0026041667*J2^3+0,0.0010023442*J1^2*J2^1+-0.0015035163*J1^1*J2^2+0,0.0026041667*J1^1*J2^2+0,0.0015035163*J2^3+0,0.0045105490*J1^2*J2^1+-0.0030070327*J1^1*J2^2+0,0.0026041667*J1^1*J2^2+-0.0017361111*J2^3+0,0.0015035163*J1^2*J2^1+0,0.0008680556*J1^1*J2^2+0,-0.0017361111*J1^2*J2^1+0.0026041667*J1^1*J2^2+0,-0.0010023442*J1^1*J2^2+0.0015035163*J2^3+0,-0.0036828478*J1^1*J2^2+0.0036828478*J2^3+0,0.0021262932*J1^1*J2^2+-0.0021262932*J2^3+0,-0.0063788795*J1^2*J2^1+0.0106314659*J1^1*J2^2+-0.0042525864*J2^3+0,0.0036828478*J1^2*J2^1+-0.0061380797*J1^1*J2^2+0.0024552319*J2^3+0,-0.0021262932*J1^2*J2^1+0.0021262932*J1^1*J2^2+0,0.0012276159*J1^2*J2^1+-0.0012276159*J1^1*J2^2+0,0.0024552319*J1^2*J2^1+-0.0061380797*J1^1*J2^2+0.0036828478*J2^3+0,-0.0014175288*J1^2*J2^1+0.0035438220*J1^1*J2^2+-0.0021262932*J2^3+0,0,0,0,0,0,0,0,0,0,0,0,0,0,0,0,0,0,0,0,0,0,0,0,0,0,0,0,0,0,0,0,0,0,0,0,0,0,0,0,0,0,0,0,0,0,0,0,0},
{0,0,0,0,0,0,0,0,0,0,0,0,0,0,0,0,0,0,0,0,0,0,0,0,-0.0015035163*J1^1*J2^2+0,0.0017361111*J1^1*J2^2+-0.0026041667*J2^3+0,-0.0026041667*J1^2*J2^1+0.0017361111*J1^1*J2^2+0,0.0030070327*J1^2*J2^1+-0.0065152374*J1^1*J2^2+0.0030070327*J2^3+0,-0.0008680556*J1^2*J2^1+0,0.0010023442*J1^2*J2^1+-0.0015035163*J1^1*J2^2+0,0.0010023442*J1^2*J2^1+-0.0015035163*J1^1*J2^2+0,-0.0011574074*J1^2*J2^1+0.0034722222*J1^1*J2^2+-0.0026041667*J2^3+0,0.0015035163*J2^3+0,0.0026041667*J1^1*J2^2+-0.0017361111*J2^3+0,0.0026041667*J1^1*J2^2+-0.0017361111*J2^3+0,0.0045105490*J1^2*J2^1+-0.0060140653*J1^1*J2^2+0.0020046884*J2^3+0,0.0008680556*J1^1*J2^2+0,0.0015035163*J1^2*J2^1+-0.0010023442*J1^1*J2^2+0,-0.0010023442*J1^1*J2^2+0.0015035163*J2^3+0,-0.0017361111*J1^2*J2^1+0.0037615741*J1^1*J2^2+-0.0017361111*J2^3+0,0.0021262932*J1^1*J2^2+-0.0021262932*J2^3+0,-0.0061380797*J1^1*J2^2+0.0061380797*J2^3+0,0.0036828478*J1^2*J2^1+-0.0061380797*J1^1*J2^2+0.0024552319*J2^3+0,-0.0106314659*J1^2*J2^1+0.0177191098*J1^1*J2^2+-0.0070876439*J2^3+0,0.0012276159*J1^2*J2^1+-0.0012276159*J1^1*J2^2+0,-0.0035438220*J1^2*J2^1+0.0035438220*J1^1*J2^2+0,-0.0014175288*J1^2*J2^1+0.0035438220*J1^1*J2^2+-0.0021262932*J2^3+0,0.0040920531*J1^2*J2^1+-0.0102301328*J1^1*J2^2+0.0061380797*J2^3+0,0,0,0,0,0,0,0,0,0,0,0,0,0,0,0,0,0,0,0,0,0,0,0,0,0,0,0,0,0,0,0,0,0,0,0,0,0,0,0,0,0,0,0,0,0,0,0,0},
{0,0,0,0,0,0,0,0,0,0,0,0,0,0,0,0,0,0,0,0,0,0,0,0,0.0078125000*J1^1*J2^2+0,0.0045105490*J2^3+0,0.0045105490*J1^2*J2^1+0,0.0026041667*J1^1*J2^2+0,0.0045105490*J1^2*J2^1+0,0.0026041667*J1^1*J2^2+0,0.0026041667*J1^1*J2^2+0,0.0015035163*J2^3+0,-0.0078125000*J2^3+0,-0.0045105490*J1^1*J2^2+0,-0.0045105490*J1^1*J2^2+0,-0.0026041667*J1^2*J2^1+0,-0.0045105490*J1^1*J2^2+0,-0.0026041667*J1^2*J2^1+0,-0.0026041667*J2^3+0,-0.0015035163*J1^1*J2^2+0,0,0,0,0,0,0,0,0,0,0,0,0,0,0,0,0,0,0,0,0,0,0,0,0,0,0,0,0,0,0,0,0,0,0,0,0,0,0,0,0,0,0,0,0,0,0,0,0,0,0,0,0,0,0,0,0},
{0,0,0,0,0,0,0,0,0,0,0,0,0,0,0,0,0,0,0,0,0,0,0,0,0.0045105490*J2^3+0,0.0078125000*J1^1*J2^2+-0.0052083333*J2^3+0,0.0026041667*J1^1*J2^2+0,0.0045105490*J1^2*J2^1+-0.0030070327*J1^1*J2^2+0,0.0026041667*J1^1*J2^2+0,0.0045105490*J1^2*J2^1+-0.0030070327*J1^1*J2^2+0,0.0015035163*J2^3+0,0.0026041667*J1^1*J2^2+-0.0017361111*J2^3+0,-0.0045105490*J1^1*J2^2+0,0.0052083333*J1^1*J2^2+-0.0078125000*J2^3+0,-0.0026041667*J1^2*J2^1+0,0.0030070327*J1^2*J2^1+-0.0045105490*J1^1*J2^2+0,-0.0026041667*J1^2*J2^1+0,0.0030070327*J1^2*J2^1+-0.0045105490*J1^1*J2^2+0,-0.0015035163*J1^1*J2^2+0,0.0017361111*J1^1*J2^2+-0.0026041667*J2^3+0,0,0,0,0,0,0,0,0,0,0,0,0,0,0,0,0,0,0,0,0,0,0,0,0,0,0,0,0,0,0,0,0,0,0,0,0,0,0,0,0,0,0,0,0,0,0,0,0,0,0,0,0,0,0,0,0},
{0,0,0,0,0,0,0,0,0,0,0,0,0,0,0,0,0,0,0,0,0,0,0,0,0.0045105490*J2^3+0,0.0026041667*J1^1*J2^2+0,0.0026041667*J1^1*J2^2+0,0.0015035163*J1^2*J2^1+0,0.0026041667*J1^1*J2^2+0,0.0015035163*J1^2*J2^1+0,0.0015035163*J2^3+0,0.0008680556*J1^1*J2^2+0,-0.0045105490*J1^1*J2^2+0,-0.0026041667*J2^3+0,-0.0026041667*J1^2*J2^1+0,-0.0015035163*J1^1*J2^2+0,-0.0026041667*J1^2*J2^1+0,-0.0015035163*J1^1*J2^2+0,-0.0015035163*J1^1*J2^2+0,-0.0008680556*J2^3+0,0.0063788795*J1^1*J2^2+-0.0063788795*J2^3+0,-0.0036828478*J1^1*J2^2+0.0036828478*J2^3+0,0.0036828478*J1^2*J2^1+-0.0036828478*J1^1*J2^2+0,-0.0021262932*J1^2*J2^1+0.0021262932*J1^1*J2^2+0,0.0036828478*J1^2*J2^1+-0.0036828478*J1^1*J2^2+0,-0.0021262932*J1^2*J2^1+0.0021262932*J1^1*J2^2+0,0.0021262932*J1^1*J2^2+-0.0021262932*J2^3+0,-0.0012276159*J1^1*J2^2+0.0012276159*J2^3+0,0,0,0,0,0,0,0,0,0,0,0,0,0,0,0,0,0,0,0,0,0,0,0,0,0,0,0,0,0,0,0,0,0,0,0,0,0,0,0,0,0,0,0,0,0,0,0,0},
{0,0,0,0,0,0,0,0,0,0,0,0,0,0,0,0,0,0,0,0,0,0,0,0,0.0026041667*J1^1*J2^2+0,-0.0030070327*J1^1*J2^2+0.0045105490*J2^3+0,0.0015035163*J1^2*J2^1+0,-0.0017361111*J1^2*J2^1+0.0026041667*J1^1*J2^2+0,0.0015035163*J1^2*J2^1+0,-0.0017361111*J1^2*J2^1+0.0026041667*J1^1*J2^2+0,0.0008680556*J1^1*J2^2+0,-0.0010023442*J1^1*J2^2+0.0015035163*J2^3+0,-0.0026041667*J2^3+0,-0.0045105490*J1^1*J2^2+0.0030070327*J2^3+0,-0.0015035163*J1^1*J2^2+0,-0.0026041667*J1^2*J2^1+0.0017361111*J1^1*J2^2+0,-0.0015035163*J1^1*J2^2+0,-0.0026041667*J1^2*J2^1+0.0017361111*J1^1*J2^2+0,-0.0008680556*J2^3+0,-0.0015035163*J1^1*J2^2+0.0010023442*J2^3+0,-0.0036828478*J1^1*J2^2+0.0036828478*J2^3+0,0.0106314659*J1^1*J2^2+-0.0106314659*J2^3+0,-0.0021262932*J1^2*J2^1+0.0021262932*J1^1*J2^2+0,0.0061380797*J1^2*J2^1+-0.0061380797*J1^1*J2^2+0,-0.0021262932*J1^2*J2^1+0.0021262932*J1^1*J2^2+0,0.0061380797*J1^2*J2^1+-0.0061380797*J1^1*J2^2+0,-0.0012276159*J1^1*J2^2+0.0012276159*J2^3+0,0.0035438220*J1^1*J2^2+-0.0035438220*J2^3+0,0,0,0,0,0,0,0,0,0,0,0,0,0,0,0,0,0,0,0,0,0,0,0,0,0,0,0,0,0,0,0,0,0,0,0,0,0,0,0,0,0,0,0,0,0,0,0,0},
{0,0,0,0,0,0,0,0,0,0,0,0,0,0,0,0,0,0,0,0,0,0,0,0,0.0045105490*J1^2*J2^1+0,0.0026041667*J1^1*J2^2+0,-0.0052083333*J1^2*J2^1+0.0078125000*J1^1*J2^2+0,-0.0030070327*J1^1*J2^2+0.0045105490*J2^3+0,0.0026041667*J1^1*J2^2+0,0.0015035163*J2^3+0,0.0045105490*J1^2*J2^1+-0.0030070327*J1^1*J2^2+0,0.0026041667*J1^1*J2^2+-0.0017361111*J2^3+0,-0.0045105490*J1^1*J2^2+0,-0.0026041667*J1^2*J2^1+0,0.0052083333*J1^1*J2^2+-0.0078125000*J2^3+0,0.0030070327*J1^2*J2^1+-0.0045105490*J1^1*J2^2+0,-0.0026041667*J2^3+0,-0.0015035163*J1^1*J2^2+0,-0.0045105490*J1^1*J2^2+0.0030070327*J2^3+0,-0.0026041667*J1^2*J2^1+0.0017361111*J1^1*J2^2+0,0,0,0,0,0,0,0,0,0,0,0,0,0,0,0,0,0,0,0,0,0,0,0,0,0,0,0,0,0,0,0,0,0,0,0,0,0,0,0,0,0,0,0,0,0,0,0,0,0,0,0,0,0,0,0,0},
{0,0,0,0,0,0,0,0,0,0,0,0,0,0,0,0,0,0,0,0,0,0,0,0,0.0026041667*J1^1*J2^2+0,0.0045105490*J1^2*J2^1+-0.0030070327*J1^1*J2^2+0,-0.0030070327*J1^1*J2^2+0.0045105490*J2^3+0,-0.0052083333*J1^2*J2^1+0.0112847222*J1^1*J2^2+-0.0052083333*J2^3+0,0.0015035163*J2^3+0,0.0026041667*J1^1*J2^2+-0.0017361111*J2^3+0,0.0026041667*J1^1*J2^2+-0.0017361111*J2^3+0,0.0045105490*J1^2*J2^1+-0.0060140653*J1^1*J2^2+0.0020046884*J2^3+0,-0.0026041667*J1^2*J2^1+0,0.0030070327*J1^2*J2^1+-0.0045105490*J1^1*J2^2+0,0.0030070327*J1^2*J2^1+-0.0045105490*J1^1*J2^2+0,-0.0034722222*J1^2*J2^1+0.0104166667*J1^1*J2^2+-0.0078125000*J2^3+0,-0.0015035163*J1^1*J2^2+0,0.0017361111*J1^1*J2^2+-0.0026041667*J2^3+0,-0.0026041667*J1^2*J2^1+0.0017361111*J1^1*J2^2+0,0.0030070327*J1^2*J2^1+-0.0065152374*J1^1*J2^2+0.0030070327*J2^3+0,0,0,0,0,0,0,0,0,0,0,0,0,0,0,0,0,0,0,0,0,0,0,0,0,0,0,0,0,0,0,0,0,0,0,0,0,0,0,0,0,0,0,0,0,0,0,0,0,0,0,0,0,0,0,0,0},
{0,0,0,0,0,0,0,0,0,0,0,0,0,0,0,0,0,0,0,0,0,0,0,0,0.0026041667*J1^1*J2^2+0,0.0015035163*J1^2*J2^1+0,-0.0030070327*J1^1*J2^2+0.0045105490*J2^3+0,-0.0017361111*J1^2*J2^1+0.0026041667*J1^1*J2^2+0,0.0015035163*J2^3+0,0.0008680556*J1^1*J2^2+0,0.0026041667*J1^1*J2^2+-0.0017361111*J2^3+0,0.0015035163*J1^2*J2^1+-0.0010023442*J1^1*J2^2+0,-0.0026041667*J1^2*J2^1+0,-0.0015035163*J1^1*J2^2+0,0.0030070327*J1^2*J2^1+-0.0045105490*J1^1*J2^2+0,0.0017361111*J1^1*J2^2+-0.0026041667*J2^3+0,-0.0015035163*J1^1*J2^2+0,-0.0008680556*J2^3+0,-0.0026041667*J1^2*J2^1+0.0017361111*J1^1*J2^2+0,-0.0015035163*J1^1*J2^2+0.0010023442*J2^3+0,0.0036828478*J1^2*J2^1+-0.0036828478*J1^1*J2^2+0,-0.0021262932*J1^2*J2^1+0.0021262932*J1^1*J2^2+0,-0.0042525864*J1^2*J2^1+0.0106314659*J1^1*J2^2+-0.0063788795*J2^3+0,0.0024552319*J1^2*J2^1+-0.0061380797*J1^1*J2^2+0.0036828478*J2^3+0,0.0021262932*J1^1*J2^2+-0.0021262932*J2^3+0,-0.0012276159*J1^1*J2^2+0.0012276159*J2^3+0,0.0036828478*J1^2*J2^1+-0.0061380797*J1^1*J2^2+0.0024552319*J2^3+0,-0.0021262932*J1^2*J2^1+0.0035438220*J1^1*J2^2+-0.0014175288*J2^3+0,0,0,0,0,0,0,0,0,0,0,0,0,0,0,0,0,0,0,0,0,0,0,0,0,0,0,0,0,0,0,0,0,0,0,0,0,0,0,0,0,0,0,0,0,0,0,0,0},
{0,0,0,0,0,0,0,0,0,0,0,0,0,0,0,0,0,0,0,0,0,0,0,0,0.0015035163*J1^2*J2^1+0,-0.0017361111*J1^2*J2^1+0.0026041667*J1^1*J2^2+0,-0.0017361111*J1^2*J2^1+0.0026041667*J1^1*J2^2+0,0.0020046884*J1^2*J2^1+-0.0060140653*J1^1*J2^2+0.0045105490*J2^3+0,0.0008680556*J1^1*J2^2+0,-0.0010023442*J1^1*J2^2+0.0015035163*J2^3+0,0.0015035163*J1^2*J2^1+-0.0010023442*J1^1*J2^2+0,-0.0017361111*J1^2*J2^1+0.0037615741*J1^1*J2^2+-0.0017361111*J2^3+0,-0.0015035163*J1^1*J2^2+0,-0.0026041667*J1^2*J2^1+0.0017361111*J1^1*J2^2+0,0.0017361111*J1^1*J2^2+-0.0026041667*J2^3+0,0.0030070327*J1^2*J2^1+-0.0065152374*J1^1*J2^2+0.0030070327*J2^3+0,-0.0008680556*J2^3+0,-0.0015035163*J1^1*J2^2+0.0010023442*J2^3+0,-0.0015035163*J1^1*J2^2+0.0010023442*J2^3+0,-0.0026041667*J1^2*J2^1+0.0034722222*J1^1*J2^2+-0.0011574074*J2^3+0,-0.0021262932*J1^2*J2^1+0.0021262932*J1^1*J2^2+0,0.0061380797*J1^2*J2^1+-0.0061380797*J1^1*J2^2+0,0.0024552319*J1^2*J2^1+-0.0061380797*J1^1*J2^2+0.0036828478*J2^3+0,-0.0070876439*J1^2*J2^1+0.0177191098*J1^1*J2^2+-0.0106314659*J2^3+0,-0.0012276159*J1^1*J2^2+0.0012276159*J2^3+0,0.0035438220*J1^1*J2^2+-0.0035438220*J2^3+0,-0.0021262932*J1^2*J2^1+0.0035438220*J1^1*J2^2+-0.0014175288*J2^3+0,0.0061380797*J1^2*J2^1+-0.0102301328*J1^1*J2^2+0.0040920531*J2^3+0,0,0,0,0,0,0,0,0,0,0,0,0,0,0,0,0,0,0,0,0,0,0,0,0,0,0,0,0,0,0,0,0,0,0,0,0,0,0,0,0,0,0,0,0,0,0,0,0},
{0,0,0,0,0,0,0,0,0,0,0,0,0,0,0,0,0,0,0,0,0,0,0,0,0,0,0,0,0.0063788795*J1^2*J2^1+-0.0063788795*J1^1*J2^2+0,0.0036828478*J1^1*J2^2+-0.0036828478*J2^3+0,-0.0036828478*J1^2*J2^1+0.0036828478*J1^1*J2^2+0,-0.0021262932*J1^1*J2^2+0.0021262932*J2^3+0,0,0,0,0,-0.0063788795*J1^1*J2^2+0.0063788795*J2^3+0,-0.0036828478*J1^2*J2^1+0.0036828478*J1^1*J2^2+0,0.0036828478*J1^1*J2^2+-0.0036828478*J2^3+0,0.0021262932*J1^2*J2^1+-0.0021262932*J1^1*J2^2+0,0,0,0,0,0,0,0,0,0,0,0,0,0,0,0,0,0,0,0,0,0,0,0,0,0,0,0,0,0,0,0,0,0,0,0,0,0,0,0,0,0,0,0,0,0,0,0,0,0,0,0,0,0,0,0,0},
{0,0,0,0,0,0,0,0,0,0,0,0,0,0,0,0,0,0,0,0,0,0,0,0,0,0,0,0,0.0036828478*J1^1*J2^2+-0.0036828478*J2^3+0,0.0063788795*J1^2*J2^1+-0.0106314659*J1^1*J2^2+0.0042525864*J2^3+0,-0.0021262932*J1^1*J2^2+0.0021262932*J2^3+0,-0.0036828478*J1^2*J2^1+0.0061380797*J1^1*J2^2+-0.0024552319*J2^3+0,0,0,0,0,-0.0036828478*J1^2*J2^1+0.0036828478*J1^1*J2^2+0,0.0042525864*J1^2*J2^1+-0.0106314659*J1^1*J2^2+0.0063788795*J2^3+0,0.0021262932*J1^2*J2^1+-0.0021262932*J1^1*J2^2+0,-0.0024552319*J1^2*J2^1+0.0061380797*J1^1*J2^2+-0.0036828478*J2^3+0,0,0,0,0,0,0,0,0,0,0,0,0,0,0,0,0,0,0,0,0,0,0,0,0,0,0,0,0,0,0,0,0,0,0,0,0,0,0,0,0,0,0,0,0,0,0,0,0,0,0,0,0,0,0,0,0},
{0,0,0,0,0,0,0,0,0,0,0,0,0,0,0,0,0,0,0,0,0,0,0,0,0,0,0,0,0.0036828478*J1^1*J2^2+-0.0036828478*J2^3+0,0.0021262932*J1^2*J2^1+-0.0021262932*J1^1*J2^2+0,-0.0021262932*J1^1*J2^2+0.0021262932*J2^3+0,-0.0012276159*J1^2*J2^1+0.0012276159*J1^1*J2^2+0,0,0,0,0,-0.0036828478*J1^2*J2^1+0.0036828478*J1^1*J2^2+0,-0.0021262932*J1^1*J2^2+0.0021262932*J2^3+0,0.0021262932*J1^2*J2^1+-0.0021262932*J1^1*J2^2+0,0.0012276159*J1^1*J2^2+-0.0012276159*J2^3+0,0,0,0,0,0.0052083333*J1^2*J2^1+-0.0104166667*J1^1*J2^2+0.0052083333*J2^3+0,-0.0030070327*J1^2*J2^1+0.0060140653*J1^1*J2^2+-0.0030070327*J2^3+0,-0.0030070327*J1^2*J2^1+0.0060140653*J1^1*J2^2+-0.0030070327*J2^3+0,0.0017361111*J1^2*J2^1+-0.0034722222*J1^1*J2^2+0.0017361111*J2^3+0,0,0,0,0,0,0,0,0,0,0,0,0,0,0,0,0,0,0,0,0,0,0,0,0,0,0,0,0,0,0,0,0,0,0,0,0,0,0,0,0,0,0,0,0,0,0,0,0},
{0,0,0,0,0,0,0,0,0,0,0,0,0,0,0,0,0,0,0,0,0,0,0,0,0,0,0,0,0.0021262932*J1^2*J2^1+-0.0021262932*J1^1*J2^2+0,-0.0024552319*J1^2*J2^1+0.0061380797*J1^1*J2^2+-0.0036828478*J2^3+0,-0.0012276159*J1^2*J2^1+0.0012276159*J1^1*J2^2+0,0.0014175288*J1^2*J2^1+-0.0035438220*J1^1*J2^2+0.0021262932*J2^3+0,0,0,0,0,-0.0021262932*J1^1*J2^2+0.0021262932*J2^3+0,-0.0036828478*J1^2*J2^1+0.0061380797*J1^1*J2^2+-0.0024552319*J2^3+0,0.0012276159*J1^1*J2^2+-0.0012276159*J2^3+0,0.0021262932*J1^2*J2^1+-0.0035438220*J1^1*J2^2+0.0014175288*J2^3+0,0,0,0,0,-0.0030070327*J1^2*J2^1+0.0060140653*J1^1*J2^2+-0.0030070327*J2^3+0,0.0086805556*J1^2*J2^1+-0.0173611111*J1^1*J2^2+0.0086805556*J2^3+0,0.0017361111*J1^2*J2^1+-0.0034722222*J1^1*J2^2+0.0017361111*J2^3+0,-0.0050117211*J1^2*J2^1+0.0100234422*J1^1*J2^2+-0.0050117211*J2^3+0,0,0,0,0,0,0,0,0,0,0,0,0,0,0,0,0,0,0,0,0,0,0,0,0,0,0,0,0,0,0,0,0,0,0,0,0,0,0,0,0,0,0,0,0,0,0,0,0},
{0,0,0,0,0,0,0,0,0,0,0,0,0,0,0,0,0,0,0,0,0,0,0,0,0,0,0,0,-0.0036828478*J1^2*J2^1+0.0036828478*J1^1*J2^2+0,-0.0021262932*J1^1*J2^2+0.0021262932*J2^3+0,0.0106314659*J1^2*J2^1+-0.0106314659*J1^1*J2^2+0,0.0061380797*J1^1*J2^2+-0.0061380797*J2^3+0,0,0,0,0,0.0036828478*J1^1*J2^2+-0.0036828478*J2^3+0,0.0021262932*J1^2*J2^1+-0.0021262932*J1^1*J2^2+0,-0.0106314659*J1^1*J2^2+0.0106314659*J2^3+0,-0.0061380797*J1^2*J2^1+0.0061380797*J1^1*J2^2+0,0,0,0,0,0,0,0,0,0,0,0,0,0,0,0,0,0,0,0,0,0,0,0,0,0,0,0,0,0,0,0,0,0,0,0,0,0,0,0,0,0,0,0,0,0,0,0,0,0,0,0,0,0,0,0,0},
{0,0,0,0,0,0,0,0,0,0,0,0,0,0,0,0,0,0,0,0,0,0,0,0,0,0,0,0,-0.0021262932*J1^1*J2^2+0.0021262932*J2^3+0,-0.0036828478*J1^2*J2^1+0.0061380797*J1^1*J2^2+-0.0024552319*J2^3+0,0.0061380797*J1^1*J2^2+-0.0061380797*J2^3+0,0.0106314659*J1^2*J2^1+-0.0177191098*J1^1*J2^2+0.0070876439*J2^3+0,0,0,0,0,0.0021262932*J1^2*J2^1+-0.0021262932*J1^1*J2^2+0,-0.0024552319*J1^2*J2^1+0.0061380797*J1^1*J2^2+-0.0036828478*J2^3+0,-0.0061380797*J1^2*J2^1+0.0061380797*J1^1*J2^2+0,0.0070876439*J1^2*J2^1+-0.0177191098*J1^1*J2^2+0.0106314659*J2^3+0,0,0,0,0,0,0,0,0,0,0,0,0,0,0,0,0,0,0,0,0,0,0,0,0,0,0,0,0,0,0,0,0,0,0,0,0,0,0,0,0,0,0,0,0,0,0,0,0,0,0,0,0,0,0,0,0},
{0,0,0,0,0,0,0,0,0,0,0,0,0,0,0,0,0,0,0,0,0,0,0,0,0,0,0,0,-0.0021262932*J1^1*J2^2+0.0021262932*J2^3+0,-0.0012276159*J1^2*J2^1+0.0012276159*J1^1*J2^2+0,0.0061380797*J1^1*J2^2+-0.0061380797*J2^3+0,0.0035438220*J1^2*J2^1+-0.0035438220*J1^1*J2^2+0,0,0,0,0,0.0021262932*J1^2*J2^1+-0.0021262932*J1^1*J2^2+0,0.0012276159*J1^1*J2^2+-0.0012276159*J2^3+0,-0.0061380797*J1^2*J2^1+0.0061380797*J1^1*J2^2+0,-0.0035438220*J1^1*J2^2+0.0035438220*J2^3+0,0,0,0,0,-0.0030070327*J1^2*J2^1+0.0060140653*J1^1*J2^2+-0.0030070327*J2^3+0,0.0017361111*J1^2*J2^1+-0.0034722222*J1^1*J2^2+0.0017361111*J2^3+0,0.0086805556*J1^2*J2^1+-0.0173611111*J1^1*J2^2+0.0086805556*J2^3+0,-0.0050117211*J1^2*J2^1+0.0100234422*J1^1*J2^2+-0.0050117211*J2^3+0,0,0,0,0,0,0,0,0,0,0,0,0,0,0,0,0,0,0,0,0,0,0,0,0,0,0,0,0,0,0,0,0,0,0,0,0,0,0,0,0,0,0,0,0,0,0,0,0},
{0,0,0,0,0,0,0,0,0,0,0,0,0,0,0,0,0,0,0,0,0,0,0,0,0,0,0,0,-0.0012276159*J1^2*J2^1+0.0012276159*J1^1*J2^2+0,0.0014175288*J1^2*J2^1+-0.0035438220*J1^1*J2^2+0.0021262932*J2^3+0,0.0035438220*J1^2*J2^1+-0.0035438220*J1^1*J2^2+0,-0.0040920531*J1^2*J2^1+0.0102301328*J1^1*J2^2+-0.0061380797*J2^3+0,0,0,0,0,0.0012276159*J1^1*J2^2+-0.0012276159*J2^3+0,0.0021262932*J1^2*J2^1+-0.0035438220*J1^1*J2^2+0.0014175288*J2^3+0,-0.0035438220*J1^1*J2^2+0.0035438220*J2^3+0,-0.0061380797*J1^2*J2^1+0.0102301328*J1^1*J2^2+-0.0040920531*J2^3+0,0,0,0,0,0.0017361111*J1^2*J2^1+-0.0034722222*J1^1*J2^2+0.0017361111*J2^3+0,-0.0050117211*J1^2*J2^1+0.0100234422*J1^1*J2^2+-0.0050117211*J2^3+0,-0.0050117211*J1^2*J2^1+0.0100234422*J1^1*J2^2+-0.0050117211*J2^3+0,0.0144675926*J1^2*J2^1+-0.0289351852*J1^1*J2^2+0.0144675926*J2^3+0,0,0,0,0,0,0,0,0,0,0,0,0,0,0,0,0,0,0,0,0,0,0,0,0,0,0,0,0,0,0,0,0,0,0,0,0,0,0,0,0,0,0,0,0,0,0,0,0}
}