96
{{0,0,0,0,0,0,0,0,0,0,0,0,0,0,0,0,0,0,0,0,0,0,0,0,0,0,0,0,0,0,0,0,0,0,0,0,0,0,0,0,0,0,0,0,0,0,0,0,0,0,0,0,0,0,0,0,0,0,0,0,0,0,0,0,0,0,0,0,0,0,0,0,0,0,0,0,0,0,0,0,0,0,0,0,0,0,0,0,0,0,0,0,0,0,0,0},
{0,0,0,0,0,0,0,0,0,0,0,0,0,0,0,0,0,0,0,0,0,0,0,0,0,0,0,0,0,0,0,0,0,0,0,0,0,0,0,0,0,0,0,0,0,0,0,0,0,0,0,0,0,0,0,0,0,0,0,0,0,0,0,0,0,0,0,0,0,0,0,0,0,0,0,0,0,0,0,0,0,0,0,0,0,0,0,0,0,0,0,0,0,0,0,0},
{0,0,0,0,0,0,0,0,0,0,0,0,0,0,0,0,0,0,0,0,0,0,0,0,0,0,0,0,0,0,0,0,0,0,0,0,0,0,0,0,0,0,0,0,0,0,0,0,0,0,0,0,0,0,0,0,0,0,0,0,0,0,0,0,0,0,0,0,0,0,0,0,0,0,0,0,0,0,0,0,0,0,0,0,0,0,0,0,0,0,0,0,0,0,0,0},
{0,0,0,0,0,0,0,0,0,0,0,0,0,0,0,0,0,0,0,0,0,0,0,0,0,0,0,0,0,0,0,0,0,0,0,0,0,0,0,0,0,0,0,0,0,0,0,0,0,0,0,0,0,0,0,0,0,0,0,0,0,0,0,0,0,0,0,0,0,0,0,0,0,0,0,0,0,0,0,0,0,0,0,0,0,0,0,0,0,0,0,0,0,0,0,0},
{0,0,0,0,0,0,0,0,0,0,0,0,0,0,0,0,0,0,0,0,0,0,0,0,0,0,0,0,0,0,0,0,0,0,0,0,0,0,0,0,0,0,0,0,0,0,0,0,0,0,0,0,0,0,0,0,0,0,0,0,0,0,0,0,0,0,0,0,0,0,0,0,0,0,0,0,0,0,0,0,0,0,0,0,0,0,0,0,0,0,0,0,0,0,0,0},
{0,0,0,0,0,0,0,0,0,0,0,0,0,0,0,0,0,0,0,0,0,0,0,0,0,0,0,0,0,0,0,0,0,0,0,0,0,0,0,0,0,0,0,0,0,0,0,0,0,0,0,0,0,0,0,0,0,0,0,0,0,0,0,0,0,0,0,0,0,0,0,0,0,0,0,0,0,0,0,0,0,0,0,0,0,0,0,0,0,0,0,0,0,0,0,0},
{0,0,0,0,0,0,0,0,0,0,0,0,0,0,0,0,0,0,0,0,0,0,0,0,0,0,0,0,0,0,0,0,0,0,0,0,0,0,0,0,0,0,0,0,0,0,0,0,0,0,0,0,0,0,0,0,0,0,0,0,0,0,0,0,0,0,0,0,0,0,0,0,0,0,0,0,0,0,0,0,0,0,0,0,0,0,0,0,0,0,0,0,0,0,0,0},
{0,0,0,0,0,0,0,0,0,0,0,0,0,0,0,0,0,0,0,0,0,0,0,0,0,0,0,0,0,0,0,0,0,0,0,0,0,0,0,0,0,0,0,0,0,0,0,0,0,0,0,0,0,0,0,0,0,0,0,0,0,0,0,0,0,0,0,0,0,0,0,0,0,0,0,0,0,0,0,0,0,0,0,0,0,0,0,0,0,0,0,0,0,0,0,0},
{0,0,0,0,0,0,0,0,0,0,0,0,0,0,0,0,0,0,0,0,0,0,0,0,0,0,0,0,0,0,0,0,0,0,0,0,0,0,0,0,0,0,0,0,0,0,0,0,0,0,0,0,0,0,0,0,0,0,0,0,0,0,0,0,0,0,0,0,0,0,0,0,0,0,0,0,0,0,0,0,0,0,0,0,0,0,0,0,0,0,0,0,0,0,0,0},
{0,0,0,0,0,0,0,0,0,0,0,0,0,0,0,0,0,0,0,0,0,0,0,0,0,0,0,0,0,0,0,0,0,0,0,0,0,0,0,0,0,0,0,0,0,0,0,0,0,0,0,0,0,0,0,0,0,0,0,0,0,0,0,0,0,0,0,0,0,0,0,0,0,0,0,0,0,0,0,0,0,0,0,0,0,0,0,0,0,0,0,0,0,0,0,0},
{0,0,0,0,0,0,0,0,0,0,0,0,0,0,0,0,0,0,0,0,0,0,0,0,0,0,0,0,0,0,0,0,0,0,0,0,0,0,0,0,0,0,0,0,0,0,0,0,0,0,0,0,0,0,0,0,0,0,0,0,0,0,0,0,0,0,0,0,0,0,0,0,0,0,0,0,0,0,0,0,0,0,0,0,0,0,0,0,0,0,0,0,0,0,0,0},
{0,0,0,0,0,0,0,0,0,0,0,0,0,0,0,0,0,0,0,0,0,0,0,0,0,0,0,0,0,0,0,0,0,0,0,0,0,0,0,0,0,0,0,0,0,0,0,0,0,0,0,0,0,0,0,0,0,0,0,0,0,0,0,0,0,0,0,0,0,0,0,0,0,0,0,0,0,0,0,0,0,0,0,0,0,0,0,0,0,0,0,0,0,0,0,0},
{0,0,0,0,0,0,0,0,0,0,0,0,0,0,0,0,0,0,0,0,0,0,0,0,0,0,0,0,0,0,0,0,0,0,0,0,0,0,0,0,0,0,0,0,0,0,0,0,0,0,0,0,0,0,0,0,0,0,0,0,0,0,0,0,0,0,0,0,0,0,0,0,0,0,0,0,0,0,0,0,0,0,0,0,0,0,0,0,0,0,0,0,0,0,0,0},
{0,0,0,0,0,0,0,0,0,0,0,0,0,0,0,0,0,0,0,0,0,0,0,0,0,0,0,0,0,0,0,0,0,0,0,0,0,0,0,0,0,0,0,0,0,0,0,0,0,0,0,0,0,0,0,0,0,0,0,0,0,0,0,0,0,0,0,0,0,0,0,0,0,0,0,0,0,0,0,0,0,0,0,0,0,0,0,0,0,0,0,0,0,0,0,0},
{0,0,0,0,0,0,0,0,0,0,0,0,0,0,0,0,0,0,0,0,0,0,0,0,0,0,0,0,0,0,0,0,0,0,0,0,0,0,0,0,0,0,0,0,0,0,0,0,0,0,0,0,0,0,0,0,0,0,0,0,0,0,0,0,0,0,0,0,0,0,0,0,0,0,0,0,0,0,0,0,0,0,0,0,0,0,0,0,0,0,0,0,0,0,0,0},
{0,0,0,0,0,0,0,0,0,0,0,0,0,0,0,0,0,0,0,0,0,0,0,0,0,0,0,0,0,0,0,0,0,0,0,0,0,0,0,0,0,0,0,0,0,0,0,0,0,0,0,0,0,0,0,0,0,0,0,0,0,0,0,0,0,0,0,0,0,0,0,0,0,0,0,0,0,0,0,0,0,0,0,0,0,0,0,0,0,0,0,0,0,0,0,0},
{0,0,0,0,0,0,0,0,0,0,0,0,0,0,0,0,0,0,0,0,0,0,0,0,0,0,0,0,0,0,0,0,0,0,0,0,0,0,0,0,0,0,0,0,0,0,0,0,0,0,0,0,0,0,0,0,0,0,0,0,0,0,0,0,0,0,0,0,0,0,0,0,0,0,0,0,0,0,0,0,0,0,0,0,0,0,0,0,0,0,0,0,0,0,0,0},
{0,0,0,0,0,0,0,0,0,0,0,0,0,0,0,0,0,0,0,0,0,0,0,0,0,0,0,0,0,0,0,0,0,0,0,0,0,0,0,0,0,0,0,0,0,0,0,0,0,0,0,0,0,0,0,0,0,0,0,0,0,0,0,0,0,0,0,0,0,0,0,0,0,0,0,0,0,0,0,0,0,0,0,0,0,0,0,0,0,0,0,0,0,0,0,0},
{0,0,0,0,0,0,0,0,0,0,0,0,0,0,0,0,0,0,0,0,0,0,0,0,0,0,0,0,0,0,0,0,0,0,0,0,0,0,0,0,0,0,0,0,0,0,0,0,0,0,0,0,0,0,0,0,0,0,0,0,0,0,0,0,0,0,0,0,0,0,0,0,0,0,0,0,0,0,0,0,0,0,0,0,0,0,0,0,0,0,0,0,0,0,0,0},
{0,0,0,0,0,0,0,0,0,0,0,0,0,0,0,0,0,0,0,0,0,0,0,0,0,0,0,0,0,0,0,0,0,0,0,0,0,0,0,0,0,0,0,0,0,0,0,0,0,0,0,0,0,0,0,0,0,0,0,0,0,0,0,0,0,0,0,0,0,0,0,0,0,0,0,0,0,0,0,0,0,0,0,0,0,0,0,0,0,0,0,0,0,0,0,0},
{0,0,0,0,0,0,0,0,0,0,0,0,0,0,0,0,0,0,0,0,0,0,0,0,0,0,0,0,0,0,0,0,0,0,0,0,0,0,0,0,0,0,0,0,0,0,0,0,0,0,0,0,0,0,0,0,0,0,0,0,0,0,0,0,0,0,0,0,0,0,0,0,0,0,0,0,0,0,0,0,0,0,0,0,0,0,0,0,0,0,0,0,0,0,0,0},
{0,0,0,0,0,0,0,0,0,0,0,0,0,0,0,0,0,0,0,0,0,0,0,0,0,0,0,0,0,0,0,0,0,0,0,0,0,0,0,0,0,0,0,0,0,0,0,0,0,0,0,0,0,0,0,0,0,0,0,0,0,0,0,0,0,0,0,0,0,0,0,0,0,0,0,0,0,0,0,0,0,0,0,0,0,0,0,0,0,0,0,0,0,0,0,0},
{0,0,0,0,0,0,0,0,0,0,0,0,0,0,0,0,0,0,0,0,0,0,0,0,0,0,0,0,0,0,0,0,0,0,0,0,0,0,0,0,0,0,0,0,0,0,0,0,0,0,0,0,0,0,0,0,0,0,0,0,0,0,0,0,0,0,0,0,0,0,0,0,0,0,0,0,0,0,0,0,0,0,0,0,0,0,0,0,0,0,0,0,0,0,0,0},
{0,0,0,0,0,0,0,0,0,0,0,0,0,0,0,0,0,0,0,0,0,0,0,0,0,0,0,0,0,0,0,0,0,0,0,0,0,0,0,0,0,0,0,0,0,0,0,0,0,0,0,0,0,0,0,0,0,0,0,0,0,0,0,0,0,0,0,0,0,0,0,0,0,0,0,0,0,0,0,0,0,0,0,0,0,0,0,0,0,0,0,0,0,0,0,0},
{0,0,0,0,0,0,0,0,0,0,0,0,0,0,0,0,0,0,0,0,0,0,0,0,0,0,0,0,0,0,0,0,0,0,0,0,0,0,0,0,0,0,0,0,0,0,0,0,0,0,0,0,0,0,0,0,0,0,0,0,0,0,0,0,0,0,0,0,0,0,0,0,0,0,0,0,0,0,0,0,0,0,0,0,0,0,0,0,0,0,0,0,0,0,0,0},
{0,0,0,0,0,0,0,0,0,0,0,0,0,0,0,0,0,0,0,0,0,0,0,0,0,0,0,0,0,0,0,0,0,0,0,0,0,0,0,0,0,0,0,0,0,0,0,0,0,0,0,0,0,0,0,0,0,0,0,0,0,0,0,0,0,0,0,0,0,0,0,0,0,0,0,0,0,0,0,0,0,0,0,0,0,0,0,0,0,0,0,0,0,0,0,0},
{0,0,0,0,0,0,0,0,0,0,0,0,0,0,0,0,0,0,0,0,0,0,0,0,0,0,0,0,0,0,0,0,0,0,0,0,0,0,0,0,0,0,0,0,0,0,0,0,0,0,0,0,0,0,0,0,0,0,0,0,0,0,0,0,0,0,0,0,0,0,0,0,0,0,0,0,0,0,0,0,0,0,0,0,0,0,0,0,0,0,0,0,0,0,0,0},
{0,0,0,0,0,0,0,0,0,0,0,0,0,0,0,0,0,0,0,0,0,0,0,0,0,0,0,0,0,0,0,0,0,0,0,0,0,0,0,0,0,0,0,0,0,0,0,0,0,0,0,0,0,0,0,0,0,0,0,0,0,0,0,0,0,0,0,0,0,0,0,0,0,0,0,0,0,0,0,0,0,0,0,0,0,0,0,0,0,0,0,0,0,0,0,0},
{0,0,0,0,0,0,0,0,0,0,0,0,0,0,0,0,0,0,0,0,0,0,0,0,0,0,0,0,0,0,0,0,0,0,0,0,0,0,0,0,0,0,0,0,0,0,0,0,0,0,0,0,0,0,0,0,0,0,0,0,0,0,0,0,0,0,0,0,0,0,0,0,0,0,0,0,0,0,0,0,0,0,0,0,0,0,0,0,0,0,0,0,0,0,0,0},
{0,0,0,0,0,0,0,0,0,0,0,0,0,0,0,0,0,0,0,0,0,0,0,0,0,0,0,0,0,0,0,0,0,0,0,0,0,0,0,0,0,0,0,0,0,0,0,0,0,0,0,0,0,0,0,0,0,0,0,0,0,0,0,0,0,0,0,0,0,0,0,0,0,0,0,0,0,0,0,0,0,0,0,0,0,0,0,0,0,0,0,0,0,0,0,0},
{0,0,0,0,0,0,0,0,0,0,0,0,0,0,0,0,0,0,0,0,0,0,0,0,0,0,0,0,0,0,0,0,0,0,0,0,0,0,0,0,0,0,0,0,0,0,0,0,0,0,0,0,0,0,0,0,0,0,0,0,0,0,0,0,0,0,0,0,0,0,0,0,0,0,0,0,0,0,0,0,0,0,0,0,0,0,0,0,0,0,0,0,0,0,0,0},
{0,0,0,0,0,0,0,0,0,0,0,0,0,0,0,0,0,0,0,0,0,0,0,0,0,0,0,0,0,0,0,0,0,0,0,0,0,0,0,0,0,0,0,0,0,0,0,0,0,0,0,0,0,0,0,0,0,0,0,0,0,0,0,0,0,0,0,0,0,0,0,0,0,0,0,0,0,0,0,0,0,0,0,0,0,0,0,0,0,0,0,0,0,0,0,0},
{0,0,0,0,0,0,0,0,0,0,0,0,0,0,0,0,0,0,0,0,0,0,0,0,0,0,0,0,0,0,0,0,0,0,0,0,0,0,0,0,0,0,0,0,0,0,0,0,0,0,0,0,0,0,0,0,0,0,0,0,0,0,0,0,0,0,0,0,0,0,0,0,0,0,0,0,0,0,0,0,0,0,0,0,0,0,0,0,0,0,0,0,0,0,0,0},
{0,0,0,0,0,0,0,0,0,0,0,0,0,0,0,0,0,0,0,0,0,0,0,0,0,0,0,0,0,0,0,0,0,0,0,0,0,0,0,0,0,0,0,0,0,0,0,0,0,0,0,0,0,0,0,0,0,0,0,0,0,0,0,0,0,0,0,0,0,0,0,0,0,0,0,0,0,0,0,0,0,0,0,0,0,0,0,0,0,0,0,0,0,0,0,0},
{0,0,0,0,0,0,0,0,0,0,0,0,0,0,0,0,0,0,0,0,0,0,0,0,0,0,0,0,0,0,0,0,0,0,0,0,0,0,0,0,0,0,0,0,0,0,0,0,0,0,0,0,0,0,0,0,0,0,0,0,0,0,0,0,0,0,0,0,0,0,0,0,0,0,0,0,0,0,0,0,0,0,0,0,0,0,0,0,0,0,0,0,0,0,0,0},
{0,0,0,0,0,0,0,0,0,0,0,0,0,0,0,0,0,0,0,0,0,0,0,0,0,0,0,0,0,0,0,0,0,0,0,0,0,0,0,0,0,0,0,0,0,0,0,0,0,0,0,0,0,0,0,0,0,0,0,0,0,0,0,0,0,0,0,0,0,0,0,0,0,0,0,0,0,0,0,0,0,0,0,0,0,0,0,0,0,0,0,0,0,0,0,0},
{0,0,0,0,0,0,0,0,0,0,0,0,0,0,0,0,0,0,0,0,0,0,0,0,0,0,0,0,0,0,0,0,0,0,0,0,0,0,0,0,0,0,0,0,0,0,0,0,0,0,0,0,0,0,0,0,0,0,0,0,0,0,0,0,0,0,0,0,0,0,0,0,0,0,0,0,0,0,0,0,0,0,0,0,0,0,0,0,0,0,0,0,0,0,0,0},
{0,0,0,0,0,0,0,0,0,0,0,0,0,0,0,0,0,0,0,0,0,0,0,0,0,0,0,0,0,0,0,0,0,0,0,0,0,0,0,0,0,0,0,0,0,0,0,0,0,0,0,0,0,0,0,0,0,0,0,0,0,0,0,0,0,0,0,0,0,0,0,0,0,0,0,0,0,0,0,0,0,0,0,0,0,0,0,0,0,0,0,0,0,0,0,0},
{0,0,0,0,0,0,0,0,0,0,0,0,0,0,0,0,0,0,0,0,0,0,0,0,0,0,0,0,0,0,0,0,0,0,0,0,0,0,0,0,0,0,0,0,0,0,0,0,0,0,0,0,0,0,0,0,0,0,0,0,0,0,0,0,0,0,0,0,0,0,0,0,0,0,0,0,0,0,0,0,0,0,0,0,0,0,0,0,0,0,0,0,0,0,0,0},
{0,0,0,0,0,0,0,0,0,0,0,0,0,0,0,0,0,0,0,0,0,0,0,0,0,0,0,0,0,0,0,0,0,0,0,0,0,0,0,0,0,0,0,0,0,0,0,0,0,0,0,0,0,0,0,0,0,0,0,0,0,0,0,0,0,0,0,0,0,0,0,0,0,0,0,0,0,0,0,0,0,0,0,0,0,0,0,0,0,0,0,0,0,0,0,0},
{0,0,0,0,0,0,0,0,0,0,0,0,0,0,0,0,0,0,0,0,0,0,0,0,0,0,0,0,0,0,0,0,0,0,0,0,0,0,0,0,0,0,0,0,0,0,0,0,0,0,0,0,0,0,0,0,0,0,0,0,0,0,0,0,0,0,0,0,0,0,0,0,0,0,0,0,0,0,0,0,0,0,0,0,0,0,0,0,0,0,0,0,0,0,0,0},
{0,0,0,0,0,0,0,0,0,0,0,0,0,0,0,0,0,0,0,0,0,0,0,0,0,0,0,0,0,0,0,0,0,0,0,0,0,0,0,0,0,0,0,0,0,0,0,0,0,0,0,0,0,0,0,0,0,0,0,0,0,0,0,0,0,0,0,0,0,0,0,0,0,0,0,0,0,0,0,0,0,0,0,0,0,0,0,0,0,0,0,0,0,0,0,0},
{0,0,0,0,0,0,0,0,0,0,0,0,0,0,0,0,0,0,0,0,0,0,0,0,0,0,0,0,0,0,0,0,0,0,0,0,0,0,0,0,0,0,0,0,0,0,0,0,0,0,0,0,0,0,0,0,0,0,0,0,0,0,0,0,0,0,0,0,0,0,0,0,0,0,0,0,0,0,0,0,0,0,0,0,0,0,0,0,0,0,0,0,0,0,0,0},
{0,0,0,0,0,0,0,0,0,0,0,0,0,0,0,0,0,0,0,0,0,0,0,0,0,0,0,0,0,0,0,0,0,0,0,0,0,0,0,0,0,0,0,0,0,0,0,0,0,0,0,0,0,0,0,0,0,0,0,0,0,0,0,0,0,0,0,0,0,0,0,0,0,0,0,0,0,0,0,0,0,0,0,0,0,0,0,0,0,0,0,0,0,0,0,0},
{0,0,0,0,0,0,0,0,0,0,0,0,0,0,0,0,0,0,0,0,0,0,0,0,0,0,0,0,0,0,0,0,0,0,0,0,0,0,0,0,0,0,0,0,0,0,0,0,0,0,0,0,0,0,0,0,0,0,0,0,0,0,0,0,0,0,0,0,0,0,0,0,0,0,0,0,0,0,0,0,0,0,0,0,0,0,0,0,0,0,0,0,0,0,0,0},
{0,0,0,0,0,0,0,0,0,0,0,0,0,0,0,0,0,0,0,0,0,0,0,0,0,0,0,0,0,0,0,0,0,0,0,0,0,0,0,0,0,0,0,0,0,0,0,0,0,0,0,0,0,0,0,0,0,0,0,0,0,0,0,0,0,0,0,0,0,0,0,0,0,0,0,0,0,0,0,0,0,0,0,0,0,0,0,0,0,0,0,0,0,0,0,0},
{0,0,0,0,0,0,0,0,0,0,0,0,0,0,0,0,0,0,0,0,0,0,0,0,0,0,0,0,0,0,0,0,0,0,0,0,0,0,0,0,0,0,0,0,0,0,0,0,0,0,0,0,0,0,0,0,0,0,0,0,0,0,0,0,0,0,0,0,0,0,0,0,0,0,0,0,0,0,0,0,0,0,0,0,0,0,0,0,0,0,0,0,0,0,0,0},
{0,0,0,0,0,0,0,0,0,0,0,0,0,0,0,0,0,0,0,0,0,0,0,0,0,0,0,0,0,0,0,0,0,0,0,0,0,0,0,0,0,0,0,0,0,0,0,0,0,0,0,0,0,0,0,0,0,0,0,0,0,0,0,0,0,0,0,0,0,0,0,0,0,0,0,0,0,0,0,0,0,0,0,0,0,0,0,0,0,0,0,0,0,0,0,0},
{0,0,0,0,0,0,0,0,0,0,0,0,0,0,0,0,0,0,0,0,0,0,0,0,0,0,0,0,0,0,0,0,0,0,0,0,0,0,0,0,0,0,0,0,0,0,0,0,0,0,0,0,0,0,0,0,0,0,0,0,0,0,0,0,0,0,0,0,0,0,0,0,0,0,0,0,0.0090210980*J1^1*J2^2+0,-0.0026041667*J1^2*J2^1+-0.0026041667*J2^3+0,-0.0026041667*J1^2*J2^1+-0.0026041667*J2^3+0,0.0030070327*J1^1*J2^2+0,0,0,0,0,0.0045105490*J1^2*J2^1+0.0045105490*J2^3+0,-0.0052083333*J1^1*J2^2+0,-0.0052083333*J1^1*J2^2+0,0.0015035163*J1^2*J2^1+0.0015035163*J2^3+0,0,0,0,0,0,0,0,0},
{0,0,0,0,0,0,0,0,0,0,0,0,0,0,0,0,0,0,0,0,0,0,0,0,0,0,0,0,0,0,0,0,0,0,0,0,0,0,0,0,0,0,0,0,0,0,0,0,0,0,0,0,0,0,0,0,0,0,0,0,0,0,0,0,0,0,0,0,0,0,0,0,0,0,0,0,-0.0026041667*J1^2*J2^1+-0.0026041667*J2^3+0,-0.0030070327*J1^2*J2^1+0.0090210980*J1^1*J2^2+-0.0030070327*J2^3+0,0.0030070327*J1^1*J2^2+0,-0.0026041667*J1^2*J2^1+0.0034722222*J1^1*J2^2+-0.0026041667*J2^3+0,0,0,0,0,-0.0052083333*J1^1*J2^2+0,0.0045105490*J1^2*J2^1+-0.0060140653*J1^1*J2^2+0.0045105490*J2^3+0,0.0015035163*J1^2*J2^1+0.0015035163*J2^3+0,0.0017361111*J1^2*J2^1+-0.0052083333*J1^1*J2^2+0.0017361111*J2^3+0,0,0,0,0,0,0,0,0},
{0,0,0,0,0,0,0,0,0,0,0,0,0,0,0,0,0,0,0,0,0,0,0,0,0,0,0,0,0,0,0,0,0,0,0,0,0,0,0,0,0,0,0,0,0,0,0,0,0,0,0,0,0,0,0,0,0,0,0,0,0,0,0,0,0,0,0,0,0,0,0,0,0,0,0,0,-0.0026041667*J1^2*J2^1+-0.0026041667*J2^3+0,0.0030070327*J1^1*J2^2+0,0.0030070327*J1^2*J2^1+-0.0030070327*J1^1*J2^2+0.0030070327*J2^3+0,0.0008680556*J1^2*J2^1+-0.0034722222*J1^1*J2^2+0.0008680556*J2^3+0,0,0,0,0,-0.0052083333*J1^1*J2^2+0,0.0015035163*J1^2*J2^1+0.0015035163*J2^3+0,-0.0015035163*J1^2*J2^1+0.0060140653*J1^1*J2^2+-0.0015035163*J2^3+0,-0.0017361111*J1^2*J2^1+0.0017361111*J1^1*J2^2+-0.0017361111*J2^3+0,0,0,0,0,0,0,0,0},
{0,0,0,0,0,0,0,0,0,0,0,0,0,0,0,0,0,0,0,0,0,0,0,0,0,0,0,0,0,0,0,0,0,0,0,0,0,0,0,0,0,0,0,0,0,0,0,0,0,0,0,0,0,0,0,0,0,0,0,0,0,0,0,0,0,0,0,0,0,0,0,0,0,0,0,0,0.0030070327*J1^1*J2^2+0,-0.0026041667*J1^2*J2^1+0.0034722222*J1^1*J2^2+-0.0026041667*J2^3+0,0.0008680556*J1^2*J2^1+-0.0034722222*J1^1*J2^2+0.0008680556*J2^3+0,0.0040093769*J1^2*J2^1+-0.0070164095*J1^1*J2^2+0.0040093769*J2^3+0,0,0,0,0,0.0015035163*J1^2*J2^1+0.0015035163*J2^3+0,0.0017361111*J1^2*J2^1+-0.0052083333*J1^1*J2^2+0.0017361111*J2^3+0,-0.0017361111*J1^2*J2^1+0.0017361111*J1^1*J2^2+-0.0017361111*J2^3+0,-0.0035082048*J1^2*J2^1+0.0080187537*J1^1*J2^2+-0.0035082048*J2^3+0,0,0,0,0,0,0,0,0},
{0,0,0,0,0,0,0,0,0,0,0,0,0,0,0,0,0,0,0,0,0,0,0,0,0,0,0,0,0,0,0,0,0,0,0,0,0,0,0,0,0,0,0,0,0,0,0,0,0,0,0,0,0,0,0,0,0,0,0,0,0,0,0,0,0,0,0,0,0,0,0,0,0,0,0,0,-0.0026041667*J1^2*J2^1+-0.0026041667*J2^3+0,0.0030070327*J1^1*J2^2+0,0.0030070327*J1^1*J2^2+0,-0.0008680556*J1^2*J2^1+-0.0008680556*J2^3+0,0,0,0,0,-0.0052083333*J1^1*J2^2+0,0.0015035163*J1^2*J2^1+0.0015035163*J2^3+0,0.0015035163*J1^2*J2^1+0.0015035163*J2^3+0,-0.0017361111*J1^1*J2^2+0,0,0,0,0,0.0036828478*J1^2*J2^1+-0.0073656956*J1^1*J2^2+0.0036828478*J2^3+0,0.0021262932*J1^2*J2^1+-0.0042525864*J1^1*J2^2+0.0021262932*J2^3+0,0.0021262932*J1^2*J2^1+-0.0042525864*J1^1*J2^2+0.0021262932*J2^3+0,0.0012276159*J1^2*J2^1+-0.0024552319*J1^1*J2^2+0.0012276159*J2^3+0},
{0,0,0,0,0,0,0,0,0,0,0,0,0,0,0,0,0,0,0,0,0,0,0,0,0,0,0,0,0,0,0,0,0,0,0,0,0,0,0,0,0,0,0,0,0,0,0,0,0,0,0,0,0,0,0,0,0,0,0,0,0,0,0,0,0,0,0,0,0,0,0,0,0,0,0,0,0.0030070327*J1^1*J2^2+0,-0.0026041667*J1^2*J2^1+0.0034722222*J1^1*J2^2+-0.0026041667*J2^3+0,-0.0008680556*J1^2*J2^1+-0.0008680556*J2^3+0,-0.0010023442*J1^2*J2^1+0.0030070327*J1^1*J2^2+-0.0010023442*J2^3+0,0,0,0,0,0.0015035163*J1^2*J2^1+0.0015035163*J2^3+0,0.0017361111*J1^2*J2^1+-0.0052083333*J1^1*J2^2+0.0017361111*J2^3+0,-0.0017361111*J1^1*J2^2+0,0.0015035163*J1^2*J2^1+-0.0020046884*J1^1*J2^2+0.0015035163*J2^3+0,0,0,0,0,0.0021262932*J1^2*J2^1+-0.0042525864*J1^1*J2^2+0.0021262932*J2^3+0,0.0061380797*J1^2*J2^1+-0.0122761594*J1^1*J2^2+0.0061380797*J2^3+0,0.0012276159*J1^2*J2^1+-0.0024552319*J1^1*J2^2+0.0012276159*J2^3+0,0.0035438220*J1^2*J2^1+-0.0070876439*J1^1*J2^2+0.0035438220*J2^3+0},
{0,0,0,0,0,0,0,0,0,0,0,0,0,0,0,0,0,0,0,0,0,0,0,0,0,0,0,0,0,0,0,0,0,0,0,0,0,0,0,0,0,0,0,0,0,0,0,0,0,0,0,0,0,0,0,0,0,0,0,0,0,0,0,0,0,0,0,0,0,0,0,0,0,0,0,0,0.0030070327*J1^1*J2^2+0,-0.0008680556*J1^2*J2^1+-0.0008680556*J2^3+0,0.0008680556*J1^2*J2^1+-0.0034722222*J1^1*J2^2+0.0008680556*J2^3+0,0.0010023442*J1^2*J2^1+-0.0010023442*J1^1*J2^2+0.0010023442*J2^3+0,0,0,0,0,0.0015035163*J1^2*J2^1+0.0015035163*J2^3+0,-0.0017361111*J1^1*J2^2+0,-0.0017361111*J1^2*J2^1+0.0017361111*J1^1*J2^2+-0.0017361111*J2^3+0,-0.0005011721*J1^2*J2^1+0.0020046884*J1^1*J2^2+-0.0005011721*J2^3+0,0,0,0,0,0.0021262932*J1^2*J2^1+-0.0042525864*J1^1*J2^2+0.0021262932*J2^3+0,0.0012276159*J1^2*J2^1+-0.0024552319*J1^1*J2^2+0.0012276159*J2^3+0,-0.0036828478*J1^2*J2^1+0.0073656956*J1^1*J2^2+-0.0036828478*J2^3+0,-0.0021262932*J1^2*J2^1+0.0042525864*J1^1*J2^2+-0.0021262932*J2^3+0},
{0,0,0,0,0,0,0,0,0,0,0,0,0,0,0,0,0,0,0,0,0,0,0,0,0,0,0,0,0,0,0,0,0,0,0,0,0,0,0,0,0,0,0,0,0,0,0,0,0,0,0,0,0,0,0,0,0,0,0,0,0,0,0,0,0,0,0,0,0,0,0,0,0,0,0,0,-0.0008680556*J1^2*J2^1+-0.0008680556*J2^3+0,-0.0010023442*J1^2*J2^1+0.0030070327*J1^1*J2^2+-0.0010023442*J2^3+0,0.0010023442*J1^2*J2^1+-0.0010023442*J1^1*J2^2+0.0010023442*J2^3+0,0.0020254630*J1^2*J2^1+-0.0046296296*J1^1*J2^2+0.0020254630*J2^3+0,0,0,0,0,-0.0017361111*J1^1*J2^2+0,0.0015035163*J1^2*J2^1+-0.0020046884*J1^1*J2^2+0.0015035163*J2^3+0,-0.0005011721*J1^2*J2^1+0.0020046884*J1^1*J2^2+-0.0005011721*J2^3+0,-0.0023148148*J1^2*J2^1+0.0040509259*J1^1*J2^2+-0.0023148148*J2^3+0,0,0,0,0,0.0012276159*J1^2*J2^1+-0.0024552319*J1^1*J2^2+0.0012276159*J2^3+0,0.0035438220*J1^2*J2^1+-0.0070876439*J1^1*J2^2+0.0035438220*J2^3+0,-0.0021262932*J1^2*J2^1+0.0042525864*J1^1*J2^2+-0.0021262932*J2^3+0,-0.0061380797*J1^2*J2^1+0.0122761594*J1^1*J2^2+-0.0061380797*J2^3+0},
{0,0,0,0,0,0,0,0,0,0,0,0,0,0,0,0,0,0,0,0,0,0,0,0,0,0,0,0,0,0,0,0,0,0,0,0,0,0,0,0,0,0,0,0,0,0,0,0,0,0,0,0,0,0,0,0,0,0,0,0,0,0,0,0,0,0,0,0,0,0,0,0,-0.0156250000*J1^1*J2^2+0,0.0045105490*J1^2*J2^1+0.0045105490*J2^3+0,0.0045105490*J1^2*J2^1+0.0045105490*J2^3+0,-0.0052083333*J1^1*J2^2+0,0,0,0,0,-0.0078125000*J1^2*J2^1+-0.0078125000*J2^3+0,0.0090210980*J1^1*J2^2+0,0.0090210980*J1^1*J2^2+0,-0.0026041667*J1^2*J2^1+-0.0026041667*J2^3+0,0,0,0,0,0,0,0,0,0,0,0,0},
{0,0,0,0,0,0,0,0,0,0,0,0,0,0,0,0,0,0,0,0,0,0,0,0,0,0,0,0,0,0,0,0,0,0,0,0,0,0,0,0,0,0,0,0,0,0,0,0,0,0,0,0,0,0,0,0,0,0,0,0,0,0,0,0,0,0,0,0,0,0,0,0,0.0045105490*J1^2*J2^1+0.0045105490*J2^3+0,0.0052083333*J1^2*J2^1+-0.0156250000*J1^1*J2^2+0.0052083333*J2^3+0,-0.0052083333*J1^1*J2^2+0,0.0045105490*J1^2*J2^1+-0.0060140653*J1^1*J2^2+0.0045105490*J2^3+0,0,0,0,0,0.0090210980*J1^1*J2^2+0,-0.0078125000*J1^2*J2^1+0.0104166667*J1^1*J2^2+-0.0078125000*J2^3+0,-0.0026041667*J1^2*J2^1+-0.0026041667*J2^3+0,-0.0030070327*J1^2*J2^1+0.0090210980*J1^1*J2^2+-0.0030070327*J2^3+0,0,0,0,0,0,0,0,0,0,0,0,0},
{0,0,0,0,0,0,0,0,0,0,0,0,0,0,0,0,0,0,0,0,0,0,0,0,0,0,0,0,0,0,0,0,0,0,0,0,0,0,0,0,0,0,0,0,0,0,0,0,0,0,0,0,0,0,0,0,0,0,0,0,0,0,0,0,0,0,0,0,0,0,0,0,0.0045105490*J1^2*J2^1+0.0045105490*J2^3+0,-0.0052083333*J1^1*J2^2+0,-0.0052083333*J1^2*J2^1+0.0052083333*J1^1*J2^2+-0.0052083333*J2^3+0,-0.0015035163*J1^2*J2^1+0.0060140653*J1^1*J2^2+-0.0015035163*J2^3+0,0,0,0,0,0.0090210980*J1^1*J2^2+0,-0.0026041667*J1^2*J2^1+-0.0026041667*J2^3+0,0.0026041667*J1^2*J2^1+-0.0104166667*J1^1*J2^2+0.0026041667*J2^3+0,0.0030070327*J1^2*J2^1+-0.0030070327*J1^1*J2^2+0.0030070327*J2^3+0,0,0,0,0,0,0,0,0,0,0,0,0},
{0,0,0,0,0,0,0,0,0,0,0,0,0,0,0,0,0,0,0,0,0,0,0,0,0,0,0,0,0,0,0,0,0,0,0,0,0,0,0,0,0,0,0,0,0,0,0,0,0,0,0,0,0,0,0,0,0,0,0,0,0,0,0,0,0,0,0,0,0,0,0,0,-0.0052083333*J1^1*J2^2+0,0.0045105490*J1^2*J2^1+-0.0060140653*J1^1*J2^2+0.0045105490*J2^3+0,-0.0015035163*J1^2*J2^1+0.0060140653*J1^1*J2^2+-0.0015035163*J2^3+0,-0.0069444444*J1^2*J2^1+0.0121527778*J1^1*J2^2+-0.0069444444*J2^3+0,0,0,0,0,-0.0026041667*J1^2*J2^1+-0.0026041667*J2^3+0,-0.0030070327*J1^2*J2^1+0.0090210980*J1^1*J2^2+-0.0030070327*J2^3+0,0.0030070327*J1^2*J2^1+-0.0030070327*J1^1*J2^2+0.0030070327*J2^3+0,0.0060763889*J1^2*J2^1+-0.0138888889*J1^1*J2^2+0.0060763889*J2^3+0,0,0,0,0,0,0,0,0,0,0,0,0},
{0,0,0,0,0,0,0,0,0,0,0,0,0,0,0,0,0,0,0,0,0,0,0,0,0,0,0,0,0,0,0,0,0,0,0,0,0,0,0,0,0,0,0,0,0,0,0,0,0,0,0,0,0,0,0,0,0,0,0,0,0,0,0,0,0,0,0,0,0,0,0,0,0.0045105490*J1^2*J2^1+0.0045105490*J2^3+0,-0.0052083333*J1^1*J2^2+0,-0.0052083333*J1^1*J2^2+0,0.0015035163*J1^2*J2^1+0.0015035163*J2^3+0,0,0,0,0,0.0090210980*J1^1*J2^2+0,-0.0026041667*J1^2*J2^1+-0.0026041667*J2^3+0,-0.0026041667*J1^2*J2^1+-0.0026041667*J2^3+0,0.0030070327*J1^1*J2^2+0,0,0,0,0,-0.0063788795*J1^2*J2^1+0.0127577591*J1^1*J2^2+-0.0063788795*J2^3+0,-0.0036828478*J1^2*J2^1+0.0073656956*J1^1*J2^2+-0.0036828478*J2^3+0,-0.0036828478*J1^2*J2^1+0.0073656956*J1^1*J2^2+-0.0036828478*J2^3+0,-0.0021262932*J1^2*J2^1+0.0042525864*J1^1*J2^2+-0.0021262932*J2^3+0,0,0,0,0},
{0,0,0,0,0,0,0,0,0,0,0,0,0,0,0,0,0,0,0,0,0,0,0,0,0,0,0,0,0,0,0,0,0,0,0,0,0,0,0,0,0,0,0,0,0,0,0,0,0,0,0,0,0,0,0,0,0,0,0,0,0,0,0,0,0,0,0,0,0,0,0,0,-0.0052083333*J1^1*J2^2+0,0.0045105490*J1^2*J2^1+-0.0060140653*J1^1*J2^2+0.0045105490*J2^3+0,0.0015035163*J1^2*J2^1+0.0015035163*J2^3+0,0.0017361111*J1^2*J2^1+-0.0052083333*J1^1*J2^2+0.0017361111*J2^3+0,0,0,0,0,-0.0026041667*J1^2*J2^1+-0.0026041667*J2^3+0,-0.0030070327*J1^2*J2^1+0.0090210980*J1^1*J2^2+-0.0030070327*J2^3+0,0.0030070327*J1^1*J2^2+0,-0.0026041667*J1^2*J2^1+0.0034722222*J1^1*J2^2+-0.0026041667*J2^3+0,0,0,0,0,-0.0036828478*J1^2*J2^1+0.0073656956*J1^1*J2^2+-0.0036828478*J2^3+0,-0.0106314659*J1^2*J2^1+0.0212629318*J1^1*J2^2+-0.0106314659*J2^3+0,-0.0021262932*J1^2*J2^1+0.0042525864*J1^1*J2^2+-0.0021262932*J2^3+0,-0.0061380797*J1^2*J2^1+0.0122761594*J1^1*J2^2+-0.0061380797*J2^3+0,0,0,0,0},
{0,0,0,0,0,0,0,0,0,0,0,0,0,0,0,0,0,0,0,0,0,0,0,0,0,0,0,0,0,0,0,0,0,0,0,0,0,0,0,0,0,0,0,0,0,0,0,0,0,0,0,0,0,0,0,0,0,0,0,0,0,0,0,0,0,0,0,0,0,0,0,0,-0.0052083333*J1^1*J2^2+0,0.0015035163*J1^2*J2^1+0.0015035163*J2^3+0,-0.0015035163*J1^2*J2^1+0.0060140653*J1^1*J2^2+-0.0015035163*J2^3+0,-0.0017361111*J1^2*J2^1+0.0017361111*J1^1*J2^2+-0.0017361111*J2^3+0,0,0,0,0,-0.0026041667*J1^2*J2^1+-0.0026041667*J2^3+0,0.0030070327*J1^1*J2^2+0,0.0030070327*J1^2*J2^1+-0.0030070327*J1^1*J2^2+0.0030070327*J2^3+0,0.0008680556*J1^2*J2^1+-0.0034722222*J1^1*J2^2+0.0008680556*J2^3+0,0,0,0,0,-0.0036828478*J1^2*J2^1+0.0073656956*J1^1*J2^2+-0.0036828478*J2^3+0,-0.0021262932*J1^2*J2^1+0.0042525864*J1^1*J2^2+-0.0021262932*J2^3+0,0.0063788795*J1^2*J2^1+-0.0127577591*J1^1*J2^2+0.0063788795*J2^3+0,0.0036828478*J1^2*J2^1+-0.0073656956*J1^1*J2^2+0.0036828478*J2^3+0,0,0,0,0},
{0,0,0,0,0,0,0,0,0,0,0,0,0,0,0,0,0,0,0,0,0,0,0,0,0,0,0,0,0,0,0,0,0,0,0,0,0,0,0,0,0,0,0,0,0,0,0,0,0,0,0,0,0,0,0,0,0,0,0,0,0,0,0,0,0,0,0,0,0,0,0,0,0.0015035163*J1^2*J2^1+0.0015035163*J2^3+0,0.0017361111*J1^2*J2^1+-0.0052083333*J1^1*J2^2+0.0017361111*J2^3+0,-0.0017361111*J1^2*J2^1+0.0017361111*J1^1*J2^2+-0.0017361111*J2^3+0,-0.0035082048*J1^2*J2^1+0.0080187537*J1^1*J2^2+-0.0035082048*J2^3+0,0,0,0,0,0.0030070327*J1^1*J2^2+0,-0.0026041667*J1^2*J2^1+0.0034722222*J1^1*J2^2+-0.0026041667*J2^3+0,0.0008680556*J1^2*J2^1+-0.0034722222*J1^1*J2^2+0.0008680556*J2^3+0,0.0040093769*J1^2*J2^1+-0.0070164095*J1^1*J2^2+0.0040093769*J2^3+0,0,0,0,0,-0.0021262932*J1^2*J2^1+0.0042525864*J1^1*J2^2+-0.0021262932*J2^3+0,-0.0061380797*J1^2*J2^1+0.0122761594*J1^1*J2^2+-0.0061380797*J2^3+0,0.0036828478*J1^2*J2^1+-0.0073656956*J1^1*J2^2+0.0036828478*J2^3+0,0.0106314659*J1^2*J2^1+-0.0212629318*J1^1*J2^2+0.0106314659*J2^3+0,0,0,0,0},
{0,0,0,0,0,0,0,0,0,0,0,0,0,0,0,0,0,0,0,0,0,0,0,0,0,0,0,0,0,0,0,0,0,0,0,0,0,0,0,0,0,0,0,0,0,0,0,0,0,0,0,0,0,0,0,0,0,0,0,0,0,0,0,0,0,0,0,0,0,0,0,0,0,0,0,0,-0.0127577591*J1^1*J2^2+0,0.0036828478*J1^2*J2^1+0.0036828478*J2^3+0,0.0036828478*J1^2*J2^1+0.0036828478*J2^3+0,-0.0042525864*J1^1*J2^2+0,0,0,0,0,-0.0063788795*J1^2*J2^1+-0.0063788795*J2^3+0,0.0073656956*J1^1*J2^2+0,0.0073656956*J1^1*J2^2+0,-0.0021262932*J1^2*J2^1+-0.0021262932*J2^3+0,0,0,0,0,0,0,0,0},
{0,0,0,0,0,0,0,0,0,0,0,0,0,0,0,0,0,0,0,0,0,0,0,0,0,0,0,0,0,0,0,0,0,0,0,0,0,0,0,0,0,0,0,0,0,0,0,0,0,0,0,0,0,0,0,0,0,0,0,0,0,0,0,0,0,0,0,0,0,0,0,0,0,0,0,0,0.0036828478*J1^2*J2^1+0.0036828478*J2^3+0,0.0042525864*J1^2*J2^1+-0.0127577591*J1^1*J2^2+0.0042525864*J2^3+0,-0.0042525864*J1^1*J2^2+0,0.0036828478*J1^2*J2^1+-0.0049104638*J1^1*J2^2+0.0036828478*J2^3+0,0,0,0,0,0.0073656956*J1^1*J2^2+0,-0.0063788795*J1^2*J2^1+0.0085051727*J1^1*J2^2+-0.0063788795*J2^3+0,-0.0021262932*J1^2*J2^1+-0.0021262932*J2^3+0,-0.0024552319*J1^2*J2^1+0.0073656956*J1^1*J2^2+-0.0024552319*J2^3+0,0,0,0,0,0,0,0,0},
{0,0,0,0,0,0,0,0,0,0,0,0,0,0,0,0,0,0,0,0,0,0,0,0,0,0,0,0,0,0,0,0,0,0,0,0,0,0,0,0,0,0,0,0,0,0,0,0,0,0,0,0,0,0,0,0,0,0,0,0,0,0,0,0,0,0,0,0,0,0,0,0,0,0,0,0,0.0036828478*J1^2*J2^1+0.0036828478*J2^3+0,-0.0042525864*J1^1*J2^2+0,-0.0042525864*J1^2*J2^1+0.0042525864*J1^1*J2^2+-0.0042525864*J2^3+0,-0.0012276159*J1^2*J2^1+0.0049104638*J1^1*J2^2+-0.0012276159*J2^3+0,0,0,0,0,0.0073656956*J1^1*J2^2+0,-0.0021262932*J1^2*J2^1+-0.0021262932*J2^3+0,0.0021262932*J1^2*J2^1+-0.0085051727*J1^1*J2^2+0.0021262932*J2^3+0,0.0024552319*J1^2*J2^1+-0.0024552319*J1^1*J2^2+0.0024552319*J2^3+0,0,0,0,0,0,0,0,0},
{0,0,0,0,0,0,0,0,0,0,0,0,0,0,0,0,0,0,0,0,0,0,0,0,0,0,0,0,0,0,0,0,0,0,0,0,0,0,0,0,0,0,0,0,0,0,0,0,0,0,0,0,0,0,0,0,0,0,0,0,0,0,0,0,0,0,0,0,0,0,0,0,0,0,0,0,-0.0042525864*J1^1*J2^2+0,0.0036828478*J1^2*J2^1+-0.0049104638*J1^1*J2^2+0.0036828478*J2^3+0,-0.0012276159*J1^2*J2^1+0.0049104638*J1^1*J2^2+-0.0012276159*J2^3+0,-0.0056701151*J1^2*J2^1+0.0099227015*J1^1*J2^2+-0.0056701151*J2^3+0,0,0,0,0,-0.0021262932*J1^2*J2^1+-0.0021262932*J2^3+0,-0.0024552319*J1^2*J2^1+0.0073656956*J1^1*J2^2+-0.0024552319*J2^3+0,0.0024552319*J1^2*J2^1+-0.0024552319*J1^1*J2^2+0.0024552319*J2^3+0,0.0049613508*J1^2*J2^1+-0.0113402303*J1^1*J2^2+0.0049613508*J2^3+0,0,0,0,0,0,0,0,0},
{0,0,0,0,0,0,0,0,0,0,0,0,0,0,0,0,0,0,0,0,0,0,0,0,0,0,0,0,0,0,0,0,0,0,0,0,0,0,0,0,0,0,0,0,0,0,0,0,0,0,0,0,0,0,0,0,0,0,0,0,0,0,0,0,0,0,0,0,0,0,0,0,0,0,0,0,0.0036828478*J1^2*J2^1+0.0036828478*J2^3+0,-0.0042525864*J1^1*J2^2+0,-0.0042525864*J1^1*J2^2+0,0.0012276159*J1^2*J2^1+0.0012276159*J2^3+0,0,0,0,0,0.0073656956*J1^1*J2^2+0,-0.0021262932*J1^2*J2^1+-0.0021262932*J2^3+0,-0.0021262932*J1^2*J2^1+-0.0021262932*J2^3+0,0.0024552319*J1^1*J2^2+0,0,0,0,0,-0.0052083333*J1^2*J2^1+0.0104166667*J1^1*J2^2+-0.0052083333*J2^3+0,-0.0030070327*J1^2*J2^1+0.0060140653*J1^1*J2^2+-0.0030070327*J2^3+0,-0.0030070327*J1^2*J2^1+0.0060140653*J1^1*J2^2+-0.0030070327*J2^3+0,-0.0017361111*J1^2*J2^1+0.0034722222*J1^1*J2^2+-0.0017361111*J2^3+0},
{0,0,0,0,0,0,0,0,0,0,0,0,0,0,0,0,0,0,0,0,0,0,0,0,0,0,0,0,0,0,0,0,0,0,0,0,0,0,0,0,0,0,0,0,0,0,0,0,0,0,0,0,0,0,0,0,0,0,0,0,0,0,0,0,0,0,0,0,0,0,0,0,0,0,0,0,-0.0042525864*J1^1*J2^2+0,0.0036828478*J1^2*J2^1+-0.0049104638*J1^1*J2^2+0.0036828478*J2^3+0,0.0012276159*J1^2*J2^1+0.0012276159*J2^3+0,0.0014175288*J1^2*J2^1+-0.0042525864*J1^1*J2^2+0.0014175288*J2^3+0,0,0,0,0,-0.0021262932*J1^2*J2^1+-0.0021262932*J2^3+0,-0.0024552319*J1^2*J2^1+0.0073656956*J1^1*J2^2+-0.0024552319*J2^3+0,0.0024552319*J1^1*J2^2+0,-0.0021262932*J1^2*J2^1+0.0028350576*J1^1*J2^2+-0.0021262932*J2^3+0,0,0,0,0,-0.0030070327*J1^2*J2^1+0.0060140653*J1^1*J2^2+-0.0030070327*J2^3+0,-0.0086805556*J1^2*J2^1+0.0173611111*J1^1*J2^2+-0.0086805556*J2^3+0,-0.0017361111*J1^2*J2^1+0.0034722222*J1^1*J2^2+-0.0017361111*J2^3+0,-0.0050117211*J1^2*J2^1+0.0100234422*J1^1*J2^2+-0.0050117211*J2^3+0},
{0,0,0,0,0,0,0,0,0,0,0,0,0,0,0,0,0,0,0,0,0,0,0,0,0,0,0,0,0,0,0,0,0,0,0,0,0,0,0,0,0,0,0,0,0,0,0,0,0,0,0,0,0,0,0,0,0,0,0,0,0,0,0,0,0,0,0,0,0,0,0,0,0,0,0,0,-0.0042525864*J1^1*J2^2+0,0.0012276159*J1^2*J2^1+0.0012276159*J2^3+0,-0.0012276159*J1^2*J2^1+0.0049104638*J1^1*J2^2+-0.0012276159*J2^3+0,-0.0014175288*J1^2*J2^1+0.0014175288*J1^1*J2^2+-0.0014175288*J2^3+0,0,0,0,0,-0.0021262932*J1^2*J2^1+-0.0021262932*J2^3+0,0.0024552319*J1^1*J2^2+0,0.0024552319*J1^2*J2^1+-0.0024552319*J1^1*J2^2+0.0024552319*J2^3+0,0.0007087644*J1^2*J2^1+-0.0028350576*J1^1*J2^2+0.0007087644*J2^3+0,0,0,0,0,-0.0030070327*J1^2*J2^1+0.0060140653*J1^1*J2^2+-0.0030070327*J2^3+0,-0.0017361111*J1^2*J2^1+0.0034722222*J1^1*J2^2+-0.0017361111*J2^3+0,0.0052083333*J1^2*J2^1+-0.0104166667*J1^1*J2^2+0.0052083333*J2^3+0,0.0030070327*J1^2*J2^1+-0.0060140653*J1^1*J2^2+0.0030070327*J2^3+0},
{0,0,0,0,0,0,0,0,0,0,0,0,0,0,0,0,0,0,0,0,0,0,0,0,0,0,0,0,0,0,0,0,0,0,0,0,0,0,0,0,0,0,0,0,0,0,0,0,0,0,0,0,0,0,0,0,0,0,0,0,0,0,0,0,0,0,0,0,0,0,0,0,0,0,0,0,0.0012276159*J1^2*J2^1+0.0012276159*J2^3+0,0.0014175288*J1^2*J2^1+-0.0042525864*J1^1*J2^2+0.0014175288*J2^3+0,-0.0014175288*J1^2*J2^1+0.0014175288*J1^1*J2^2+-0.0014175288*J2^3+0,-0.0028644372*J1^2*J2^1+0.0065472850*J1^1*J2^2+-0.0028644372*J2^3+0,0,0,0,0,0.0024552319*J1^1*J2^2+0,-0.0021262932*J1^2*J2^1+0.0028350576*J1^1*J2^2+-0.0021262932*J2^3+0,0.0007087644*J1^2*J2^1+-0.0028350576*J1^1*J2^2+0.0007087644*J2^3+0,0.0032736425*J1^2*J2^1+-0.0057288744*J1^1*J2^2+0.0032736425*J2^3+0,0,0,0,0,-0.0017361111*J1^2*J2^1+0.0034722222*J1^1*J2^2+-0.0017361111*J2^3+0,-0.0050117211*J1^2*J2^1+0.0100234422*J1^1*J2^2+-0.0050117211*J2^3+0,0.0030070327*J1^2*J2^1+-0.0060140653*J1^1*J2^2+0.0030070327*J2^3+0,0.0086805556*J1^2*J2^1+-0.0173611111*J1^1*J2^2+0.0086805556*J2^3+0},
{0,0,0,0,0,0,0,0,0,0,0,0,0,0,0,0,0,0,0,0,0,0,0,0,0,0,0,0,0,0,0,0,0,0,0,0,0,0,0,0,0,0,0,0,0,0,0,0,0,0,0,0,0,0,0,0,-0.0156250000*J1^1*J2^2+0,0.0045105490*J1^2*J2^1+0.0045105490*J2^3+0,0.0045105490*J1^2*J2^1+0.0045105490*J2^3+0,-0.0052083333*J1^1*J2^2+0,0.0045105490*J1^2*J2^1+0.0045105490*J2^3+0,-0.0052083333*J1^1*J2^2+0,-0.0052083333*J1^1*J2^2+0,0.0015035163*J1^2*J2^1+0.0015035163*J2^3+0,0,0,0,0,0,0,0,0,0,0,0,0,0,0,0,0,0,0,0,0,0,0,0,0,0,0,0,0,0,0,0,0},
{0,0,0,0,0,0,0,0,0,0,0,0,0,0,0,0,0,0,0,0,0,0,0,0,0,0,0,0,0,0,0,0,0,0,0,0,0,0,0,0,0,0,0,0,0,0,0,0,0,0,0,0,0,0,0,0,0.0045105490*J1^2*J2^1+0.0045105490*J2^3+0,0.0052083333*J1^2*J2^1+-0.0156250000*J1^1*J2^2+0.0052083333*J2^3+0,-0.0052083333*J1^1*J2^2+0,0.0045105490*J1^2*J2^1+-0.0060140653*J1^1*J2^2+0.0045105490*J2^3+0,-0.0052083333*J1^1*J2^2+0,0.0045105490*J1^2*J2^1+-0.0060140653*J1^1*J2^2+0.0045105490*J2^3+0,0.0015035163*J1^2*J2^1+0.0015035163*J2^3+0,0.0017361111*J1^2*J2^1+-0.0052083333*J1^1*J2^2+0.0017361111*J2^3+0,0,0,0,0,0,0,0,0,0,0,0,0,0,0,0,0,0,0,0,0,0,0,0,0,0,0,0,0,0,0,0,0},
{0,0,0,0,0,0,0,0,0,0,0,0,0,0,0,0,0,0,0,0,0,0,0,0,0,0,0,0,0,0,0,0,0,0,0,0,0,0,0,0,0,0,0,0,0,0,0,0,0,0,0,0,0,0,0,0,0.0045105490*J1^2*J2^1+0.0045105490*J2^3+0,-0.0052083333*J1^1*J2^2+0,-0.0052083333*J1^2*J2^1+0.0052083333*J1^1*J2^2+-0.0052083333*J2^3+0,-0.0015035163*J1^2*J2^1+0.0060140653*J1^1*J2^2+-0.0015035163*J2^3+0,-0.0052083333*J1^1*J2^2+0,0.0015035163*J1^2*J2^1+0.0015035163*J2^3+0,-0.0015035163*J1^2*J2^1+0.0060140653*J1^1*J2^2+-0.0015035163*J2^3+0,-0.0017361111*J1^2*J2^1+0.0017361111*J1^1*J2^2+-0.0017361111*J2^3+0,0,0,0,0,0,0,0,0,0,0,0,0,0,0,0,0,0,0,0,0,0,0,0,0,0,0,0,0,0,0,0,0},
{0,0,0,0,0,0,0,0,0,0,0,0,0,0,0,0,0,0,0,0,0,0,0,0,0,0,0,0,0,0,0,0,0,0,0,0,0,0,0,0,0,0,0,0,0,0,0,0,0,0,0,0,0,0,0,0,-0.0052083333*J1^1*J2^2+0,0.0045105490*J1^2*J2^1+-0.0060140653*J1^1*J2^2+0.0045105490*J2^3+0,-0.0015035163*J1^2*J2^1+0.0060140653*J1^1*J2^2+-0.0015035163*J2^3+0,-0.0069444444*J1^2*J2^1+0.0121527778*J1^1*J2^2+-0.0069444444*J2^3+0,0.0015035163*J1^2*J2^1+0.0015035163*J2^3+0,0.0017361111*J1^2*J2^1+-0.0052083333*J1^1*J2^2+0.0017361111*J2^3+0,-0.0017361111*J1^2*J2^1+0.0017361111*J1^1*J2^2+-0.0017361111*J2^3+0,-0.0035082048*J1^2*J2^1+0.0080187537*J1^1*J2^2+-0.0035082048*J2^3+0,0,0,0,0,0,0,0,0,0,0,0,0,0,0,0,0,0,0,0,0,0,0,0,0,0,0,0,0,0,0,0,0},
{0,0,0,0,0,0,0,0,0,0,0,0,0,0,0,0,0,0,0,0,0,0,0,0,0,0,0,0,0,0,0,0,0,0,0,0,0,0,0,0,0,0,0,0,0,0,0,0,0.0090210980*J1^1*J2^2+0,-0.0026041667*J1^2*J2^1+-0.0026041667*J2^3+0,-0.0026041667*J1^2*J2^1+-0.0026041667*J2^3+0,0.0030070327*J1^1*J2^2+0,-0.0026041667*J1^2*J2^1+-0.0026041667*J2^3+0,0.0030070327*J1^1*J2^2+0,0.0030070327*J1^1*J2^2+0,-0.0008680556*J1^2*J2^1+-0.0008680556*J2^3+0,0,0,0,0,0,0,0,0,-0.0127577591*J1^1*J2^2+0,0.0036828478*J1^2*J2^1+0.0036828478*J2^3+0,0.0036828478*J1^2*J2^1+0.0036828478*J2^3+0,-0.0042525864*J1^1*J2^2+0,0.0036828478*J1^2*J2^1+0.0036828478*J2^3+0,-0.0042525864*J1^1*J2^2+0,-0.0042525864*J1^1*J2^2+0,0.0012276159*J1^2*J2^1+0.0012276159*J2^3+0,0,0,0,0,0,0,0,0,0,0,0,0,0,0,0,0,0,0,0,0,0,0,0,0},
{0,0,0,0,0,0,0,0,0,0,0,0,0,0,0,0,0,0,0,0,0,0,0,0,0,0,0,0,0,0,0,0,0,0,0,0,0,0,0,0,0,0,0,0,0,0,0,0,-0.0026041667*J1^2*J2^1+-0.0026041667*J2^3+0,-0.0030070327*J1^2*J2^1+0.0090210980*J1^1*J2^2+-0.0030070327*J2^3+0,0.0030070327*J1^1*J2^2+0,-0.0026041667*J1^2*J2^1+0.0034722222*J1^1*J2^2+-0.0026041667*J2^3+0,0.0030070327*J1^1*J2^2+0,-0.0026041667*J1^2*J2^1+0.0034722222*J1^1*J2^2+-0.0026041667*J2^3+0,-0.0008680556*J1^2*J2^1+-0.0008680556*J2^3+0,-0.0010023442*J1^2*J2^1+0.0030070327*J1^1*J2^2+-0.0010023442*J2^3+0,0,0,0,0,0,0,0,0,0.0036828478*J1^2*J2^1+0.0036828478*J2^3+0,0.0042525864*J1^2*J2^1+-0.0127577591*J1^1*J2^2+0.0042525864*J2^3+0,-0.0042525864*J1^1*J2^2+0,0.0036828478*J1^2*J2^1+-0.0049104638*J1^1*J2^2+0.0036828478*J2^3+0,-0.0042525864*J1^1*J2^2+0,0.0036828478*J1^2*J2^1+-0.0049104638*J1^1*J2^2+0.0036828478*J2^3+0,0.0012276159*J1^2*J2^1+0.0012276159*J2^3+0,0.0014175288*J1^2*J2^1+-0.0042525864*J1^1*J2^2+0.0014175288*J2^3+0,0,0,0,0,0,0,0,0,0,0,0,0,0,0,0,0,0,0,0,0,0,0,0,0},
{0,0,0,0,0,0,0,0,0,0,0,0,0,0,0,0,0,0,0,0,0,0,0,0,0,0,0,0,0,0,0,0,0,0,0,0,0,0,0,0,0,0,0,0,0,0,0,0,-0.0026041667*J1^2*J2^1+-0.0026041667*J2^3+0,0.0030070327*J1^1*J2^2+0,0.0030070327*J1^2*J2^1+-0.0030070327*J1^1*J2^2+0.0030070327*J2^3+0,0.0008680556*J1^2*J2^1+-0.0034722222*J1^1*J2^2+0.0008680556*J2^3+0,0.0030070327*J1^1*J2^2+0,-0.0008680556*J1^2*J2^1+-0.0008680556*J2^3+0,0.0008680556*J1^2*J2^1+-0.0034722222*J1^1*J2^2+0.0008680556*J2^3+0,0.0010023442*J1^2*J2^1+-0.0010023442*J1^1*J2^2+0.0010023442*J2^3+0,0,0,0,0,0,0,0,0,0.0036828478*J1^2*J2^1+0.0036828478*J2^3+0,-0.0042525864*J1^1*J2^2+0,-0.0042525864*J1^2*J2^1+0.0042525864*J1^1*J2^2+-0.0042525864*J2^3+0,-0.0012276159*J1^2*J2^1+0.0049104638*J1^1*J2^2+-0.0012276159*J2^3+0,-0.0042525864*J1^1*J2^2+0,0.0012276159*J1^2*J2^1+0.0012276159*J2^3+0,-0.0012276159*J1^2*J2^1+0.0049104638*J1^1*J2^2+-0.0012276159*J2^3+0,-0.0014175288*J1^2*J2^1+0.0014175288*J1^1*J2^2+-0.0014175288*J2^3+0,0,0,0,0,0,0,0,0,0,0,0,0,0,0,0,0,0,0,0,0,0,0,0,0},
{0,0,0,0,0,0,0,0,0,0,0,0,0,0,0,0,0,0,0,0,0,0,0,0,0,0,0,0,0,0,0,0,0,0,0,0,0,0,0,0,0,0,0,0,0,0,0,0,0.0030070327*J1^1*J2^2+0,-0.0026041667*J1^2*J2^1+0.0034722222*J1^1*J2^2+-0.0026041667*J2^3+0,0.0008680556*J1^2*J2^1+-0.0034722222*J1^1*J2^2+0.0008680556*J2^3+0,0.0040093769*J1^2*J2^1+-0.0070164095*J1^1*J2^2+0.0040093769*J2^3+0,-0.0008680556*J1^2*J2^1+-0.0008680556*J2^3+0,-0.0010023442*J1^2*J2^1+0.0030070327*J1^1*J2^2+-0.0010023442*J2^3+0,0.0010023442*J1^2*J2^1+-0.0010023442*J1^1*J2^2+0.0010023442*J2^3+0,0.0020254630*J1^2*J2^1+-0.0046296296*J1^1*J2^2+0.0020254630*J2^3+0,0,0,0,0,0,0,0,0,-0.0042525864*J1^1*J2^2+0,0.0036828478*J1^2*J2^1+-0.0049104638*J1^1*J2^2+0.0036828478*J2^3+0,-0.0012276159*J1^2*J2^1+0.0049104638*J1^1*J2^2+-0.0012276159*J2^3+0,-0.0056701151*J1^2*J2^1+0.0099227015*J1^1*J2^2+-0.0056701151*J2^3+0,0.0012276159*J1^2*J2^1+0.0012276159*J2^3+0,0.0014175288*J1^2*J2^1+-0.0042525864*J1^1*J2^2+0.0014175288*J2^3+0,-0.0014175288*J1^2*J2^1+0.0014175288*J1^1*J2^2+-0.0014175288*J2^3+0,-0.0028644372*J1^2*J2^1+0.0065472850*J1^1*J2^2+-0.0028644372*J2^3+0,0,0,0,0,0,0,0,0,0,0,0,0,0,0,0,0,0,0,0,0,0,0,0,0},
{0,0,0,0,0,0,0,0,0,0,0,0,0,0,0,0,0,0,0,0,0,0,0,0,0,0,0,0,0,0,0,0,0,0,0,0,0,0,0,0,0,0,0,0,0,0,0,0,0,0,0,0,0,0,0,0,-0.0078125000*J1^2*J2^1+-0.0078125000*J2^3+0,0.0090210980*J1^1*J2^2+0,0.0090210980*J1^1*J2^2+0,-0.0026041667*J1^2*J2^1+-0.0026041667*J2^3+0,0.0090210980*J1^1*J2^2+0,-0.0026041667*J1^2*J2^1+-0.0026041667*J2^3+0,-0.0026041667*J1^2*J2^1+-0.0026041667*J2^3+0,0.0030070327*J1^1*J2^2+0,0,0,0,0,0,0,0,0,0,0,0,0,0,0,0,0,0,0,0,0,0,0,0,0,0,0,0,0,0,0,0,0},
{0,0,0,0,0,0,0,0,0,0,0,0,0,0,0,0,0,0,0,0,0,0,0,0,0,0,0,0,0,0,0,0,0,0,0,0,0,0,0,0,0,0,0,0,0,0,0,0,0,0,0,0,0,0,0,0,0.0090210980*J1^1*J2^2+0,-0.0078125000*J1^2*J2^1+0.0104166667*J1^1*J2^2+-0.0078125000*J2^3+0,-0.0026041667*J1^2*J2^1+-0.0026041667*J2^3+0,-0.0030070327*J1^2*J2^1+0.0090210980*J1^1*J2^2+-0.0030070327*J2^3+0,-0.0026041667*J1^2*J2^1+-0.0026041667*J2^3+0,-0.0030070327*J1^2*J2^1+0.0090210980*J1^1*J2^2+-0.0030070327*J2^3+0,0.0030070327*J1^1*J2^2+0,-0.0026041667*J1^2*J2^1+0.0034722222*J1^1*J2^2+-0.0026041667*J2^3+0,0,0,0,0,0,0,0,0,0,0,0,0,0,0,0,0,0,0,0,0,0,0,0,0,0,0,0,0,0,0,0,0},
{0,0,0,0,0,0,0,0,0,0,0,0,0,0,0,0,0,0,0,0,0,0,0,0,0,0,0,0,0,0,0,0,0,0,0,0,0,0,0,0,0,0,0,0,0,0,0,0,0,0,0,0,0,0,0,0,0.0090210980*J1^1*J2^2+0,-0.0026041667*J1^2*J2^1+-0.0026041667*J2^3+0,0.0026041667*J1^2*J2^1+-0.0104166667*J1^1*J2^2+0.0026041667*J2^3+0,0.0030070327*J1^2*J2^1+-0.0030070327*J1^1*J2^2+0.0030070327*J2^3+0,-0.0026041667*J1^2*J2^1+-0.0026041667*J2^3+0,0.0030070327*J1^1*J2^2+0,0.0030070327*J1^2*J2^1+-0.0030070327*J1^1*J2^2+0.0030070327*J2^3+0,0.0008680556*J1^2*J2^1+-0.0034722222*J1^1*J2^2+0.0008680556*J2^3+0,0,0,0,0,0,0,0,0,0,0,0,0,0,0,0,0,0,0,0,0,0,0,0,0,0,0,0,0,0,0,0,0},
{0,0,0,0,0,0,0,0,0,0,0,0,0,0,0,0,0,0,0,0,0,0,0,0,0,0,0,0,0,0,0,0,0,0,0,0,0,0,0,0,0,0,0,0,0,0,0,0,0,0,0,0,0,0,0,0,-0.0026041667*J1^2*J2^1+-0.0026041667*J2^3+0,-0.0030070327*J1^2*J2^1+0.0090210980*J1^1*J2^2+-0.0030070327*J2^3+0,0.0030070327*J1^2*J2^1+-0.0030070327*J1^1*J2^2+0.0030070327*J2^3+0,0.0060763889*J1^2*J2^1+-0.0138888889*J1^1*J2^2+0.0060763889*J2^3+0,0.0030070327*J1^1*J2^2+0,-0.0026041667*J1^2*J2^1+0.0034722222*J1^1*J2^2+-0.0026041667*J2^3+0,0.0008680556*J1^2*J2^1+-0.0034722222*J1^1*J2^2+0.0008680556*J2^3+0,0.0040093769*J1^2*J2^1+-0.0070164095*J1^1*J2^2+0.0040093769*J2^3+0,0,0,0,0,0,0,0,0,0,0,0,0,0,0,0,0,0,0,0,0,0,0,0,0,0,0,0,0,0,0,0,0},
{0,0,0,0,0,0,0,0,0,0,0,0,0,0,0,0,0,0,0,0,0,0,0,0,0,0,0,0,0,0,0,0,0,0,0,0,0,0,0,0,0,0,0,0,0,0,0,0,0.0045105490*J1^2*J2^1+0.0045105490*J2^3+0,-0.0052083333*J1^1*J2^2+0,-0.0052083333*J1^1*J2^2+0,0.0015035163*J1^2*J2^1+0.0015035163*J2^3+0,-0.0052083333*J1^1*J2^2+0,0.0015035163*J1^2*J2^1+0.0015035163*J2^3+0,0.0015035163*J1^2*J2^1+0.0015035163*J2^3+0,-0.0017361111*J1^1*J2^2+0,0,0,0,0,0,0,0,0,-0.0063788795*J1^2*J2^1+-0.0063788795*J2^3+0,0.0073656956*J1^1*J2^2+0,0.0073656956*J1^1*J2^2+0,-0.0021262932*J1^2*J2^1+-0.0021262932*J2^3+0,0.0073656956*J1^1*J2^2+0,-0.0021262932*J1^2*J2^1+-0.0021262932*J2^3+0,-0.0021262932*J1^2*J2^1+-0.0021262932*J2^3+0,0.0024552319*J1^1*J2^2+0,0,0,0,0,0,0,0,0,0,0,0,0,0,0,0,0,0,0,0,0,0,0,0,0},
{0,0,0,0,0,0,0,0,0,0,0,0,0,0,0,0,0,0,0,0,0,0,0,0,0,0,0,0,0,0,0,0,0,0,0,0,0,0,0,0,0,0,0,0,0,0,0,0,-0.0052083333*J1^1*J2^2+0,0.0045105490*J1^2*J2^1+-0.0060140653*J1^1*J2^2+0.0045105490*J2^3+0,0.0015035163*J1^2*J2^1+0.0015035163*J2^3+0,0.0017361111*J1^2*J2^1+-0.0052083333*J1^1*J2^2+0.0017361111*J2^3+0,0.0015035163*J1^2*J2^1+0.0015035163*J2^3+0,0.0017361111*J1^2*J2^1+-0.0052083333*J1^1*J2^2+0.0017361111*J2^3+0,-0.0017361111*J1^1*J2^2+0,0.0015035163*J1^2*J2^1+-0.0020046884*J1^1*J2^2+0.0015035163*J2^3+0,0,0,0,0,0,0,0,0,0.0073656956*J1^1*J2^2+0,-0.0063788795*J1^2*J2^1+0.0085051727*J1^1*J2^2+-0.0063788795*J2^3+0,-0.0021262932*J1^2*J2^1+-0.0021262932*J2^3+0,-0.0024552319*J1^2*J2^1+0.0073656956*J1^1*J2^2+-0.0024552319*J2^3+0,-0.0021262932*J1^2*J2^1+-0.0021262932*J2^3+0,-0.0024552319*J1^2*J2^1+0.0073656956*J1^1*J2^2+-0.0024552319*J2^3+0,0.0024552319*J1^1*J2^2+0,-0.0021262932*J1^2*J2^1+0.0028350576*J1^1*J2^2+-0.0021262932*J2^3+0,0,0,0,0,0,0,0,0,0,0,0,0,0,0,0,0,0,0,0,0,0,0,0,0},
{0,0,0,0,0,0,0,0,0,0,0,0,0,0,0,0,0,0,0,0,0,0,0,0,0,0,0,0,0,0,0,0,0,0,0,0,0,0,0,0,0,0,0,0,0,0,0,0,-0.0052083333*J1^1*J2^2+0,0.0015035163*J1^2*J2^1+0.0015035163*J2^3+0,-0.0015035163*J1^2*J2^1+0.0060140653*J1^1*J2^2+-0.0015035163*J2^3+0,-0.0017361111*J1^2*J2^1+0.0017361111*J1^1*J2^2+-0.0017361111*J2^3+0,0.0015035163*J1^2*J2^1+0.0015035163*J2^3+0,-0.0017361111*J1^1*J2^2+0,-0.0017361111*J1^2*J2^1+0.0017361111*J1^1*J2^2+-0.0017361111*J2^3+0,-0.0005011721*J1^2*J2^1+0.0020046884*J1^1*J2^2+-0.0005011721*J2^3+0,0,0,0,0,0,0,0,0,0.0073656956*J1^1*J2^2+0,-0.0021262932*J1^2*J2^1+-0.0021262932*J2^3+0,0.0021262932*J1^2*J2^1+-0.0085051727*J1^1*J2^2+0.0021262932*J2^3+0,0.0024552319*J1^2*J2^1+-0.0024552319*J1^1*J2^2+0.0024552319*J2^3+0,-0.0021262932*J1^2*J2^1+-0.0021262932*J2^3+0,0.0024552319*J1^1*J2^2+0,0.0024552319*J1^2*J2^1+-0.0024552319*J1^1*J2^2+0.0024552319*J2^3+0,0.0007087644*J1^2*J2^1+-0.0028350576*J1^1*J2^2+0.0007087644*J2^3+0,0,0,0,0,0,0,0,0,0,0,0,0,0,0,0,0,0,0,0,0,0,0,0,0},
{0,0,0,0,0,0,0,0,0,0,0,0,0,0,0,0,0,0,0,0,0,0,0,0,0,0,0,0,0,0,0,0,0,0,0,0,0,0,0,0,0,0,0,0,0,0,0,0,0.0015035163*J1^2*J2^1+0.0015035163*J2^3+0,0.0017361111*J1^2*J2^1+-0.0052083333*J1^1*J2^2+0.0017361111*J2^3+0,-0.0017361111*J1^2*J2^1+0.0017361111*J1^1*J2^2+-0.0017361111*J2^3+0,-0.0035082048*J1^2*J2^1+0.0080187537*J1^1*J2^2+-0.0035082048*J2^3+0,-0.0017361111*J1^1*J2^2+0,0.0015035163*J1^2*J2^1+-0.0020046884*J1^1*J2^2+0.0015035163*J2^3+0,-0.0005011721*J1^2*J2^1+0.0020046884*J1^1*J2^2+-0.0005011721*J2^3+0,-0.0023148148*J1^2*J2^1+0.0040509259*J1^1*J2^2+-0.0023148148*J2^3+0,0,0,0,0,0,0,0,0,-0.0021262932*J1^2*J2^1+-0.0021262932*J2^3+0,-0.0024552319*J1^2*J2^1+0.0073656956*J1^1*J2^2+-0.0024552319*J2^3+0,0.0024552319*J1^2*J2^1+-0.0024552319*J1^1*J2^2+0.0024552319*J2^3+0,0.0049613508*J1^2*J2^1+-0.0113402303*J1^1*J2^2+0.0049613508*J2^3+0,0.0024552319*J1^1*J2^2+0,-0.0021262932*J1^2*J2^1+0.0028350576*J1^1*J2^2+-0.0021262932*J2^3+0,0.0007087644*J1^2*J2^1+-0.0028350576*J1^1*J2^2+0.0007087644*J2^3+0,0.0032736425*J1^2*J2^1+-0.0057288744*J1^1*J2^2+0.0032736425*J2^3+0,0,0,0,0,0,0,0,0,0,0,0,0,0,0,0,0,0,0,0,0,0,0,0,0},
{0,0,0,0,0,0,0,0,0,0,0,0,0,0,0,0,0,0,0,0,0,0,0,0,0,0,0,0,0,0,0,0,0,0,0,0,0,0,0,0,0,0,0,0,0,0,0,0,0,0,0,0,0,0,0,0,0,0,0,0,-0.0063788795*J1^2*J2^1+0.0127577591*J1^1*J2^2+-0.0063788795*J2^3+0,-0.0036828478*J1^2*J2^1+0.0073656956*J1^1*J2^2+-0.0036828478*J2^3+0,-0.0036828478*J1^2*J2^1+0.0073656956*J1^1*J2^2+-0.0036828478*J2^3+0,-0.0021262932*J1^2*J2^1+0.0042525864*J1^1*J2^2+-0.0021262932*J2^3+0,0,0,0,0,0,0,0,0,0,0,0,0,0,0,0,0,0,0,0,0,0,0,0,0,0,0,0,0,0,0,0,0},
{0,0,0,0,0,0,0,0,0,0,0,0,0,0,0,0,0,0,0,0,0,0,0,0,0,0,0,0,0,0,0,0,0,0,0,0,0,0,0,0,0,0,0,0,0,0,0,0,0,0,0,0,0,0,0,0,0,0,0,0,-0.0036828478*J1^2*J2^1+0.0073656956*J1^1*J2^2+-0.0036828478*J2^3+0,-0.0106314659*J1^2*J2^1+0.0212629318*J1^1*J2^2+-0.0106314659*J2^3+0,-0.0021262932*J1^2*J2^1+0.0042525864*J1^1*J2^2+-0.0021262932*J2^3+0,-0.0061380797*J1^2*J2^1+0.0122761594*J1^1*J2^2+-0.0061380797*J2^3+0,0,0,0,0,0,0,0,0,0,0,0,0,0,0,0,0,0,0,0,0,0,0,0,0,0,0,0,0,0,0,0,0},
{0,0,0,0,0,0,0,0,0,0,0,0,0,0,0,0,0,0,0,0,0,0,0,0,0,0,0,0,0,0,0,0,0,0,0,0,0,0,0,0,0,0,0,0,0,0,0,0,0,0,0,0,0,0,0,0,0,0,0,0,-0.0036828478*J1^2*J2^1+0.0073656956*J1^1*J2^2+-0.0036828478*J2^3+0,-0.0021262932*J1^2*J2^1+0.0042525864*J1^1*J2^2+-0.0021262932*J2^3+0,0.0063788795*J1^2*J2^1+-0.0127577591*J1^1*J2^2+0.0063788795*J2^3+0,0.0036828478*J1^2*J2^1+-0.0073656956*J1^1*J2^2+0.0036828478*J2^3+0,0,0,0,0,0,0,0,0,0,0,0,0,0,0,0,0,0,0,0,0,0,0,0,0,0,0,0,0,0,0,0,0},
{0,0,0,0,0,0,0,0,0,0,0,0,0,0,0,0,0,0,0,0,0,0,0,0,0,0,0,0,0,0,0,0,0,0,0,0,0,0,0,0,0,0,0,0,0,0,0,0,0,0,0,0,0,0,0,0,0,0,0,0,-0.0021262932*J1^2*J2^1+0.0042525864*J1^1*J2^2+-0.0021262932*J2^3+0,-0.0061380797*J1^2*J2^1+0.0122761594*J1^1*J2^2+-0.0061380797*J2^3+0,0.0036828478*J1^2*J2^1+-0.0073656956*J1^1*J2^2+0.0036828478*J2^3+0,0.0106314659*J1^2*J2^1+-0.0212629318*J1^1*J2^2+0.0106314659*J2^3+0,0,0,0,0,0,0,0,0,0,0,0,0,0,0,0,0,0,0,0,0,0,0,0,0,0,0,0,0,0,0,0,0},
{0,0,0,0,0,0,0,0,0,0,0,0,0,0,0,0,0,0,0,0,0,0,0,0,0,0,0,0,0,0,0,0,0,0,0,0,0,0,0,0,0,0,0,0,0,0,0,0,0,0,0,0,0.0036828478*J1^2*J2^1+-0.0073656956*J1^1*J2^2+0.0036828478*J2^3+0,0.0021262932*J1^2*J2^1+-0.0042525864*J1^1*J2^2+0.0021262932*J2^3+0,0.0021262932*J1^2*J2^1+-0.0042525864*J1^1*J2^2+0.0021262932*J2^3+0,0.0012276159*J1^2*J2^1+-0.0024552319*J1^1*J2^2+0.0012276159*J2^3+0,0,0,0,0,0,0,0,0,0,0,0,0,-0.0052083333*J1^2*J2^1+0.0104166667*J1^1*J2^2+-0.0052083333*J2^3+0,-0.0030070327*J1^2*J2^1+0.0060140653*J1^1*J2^2+-0.0030070327*J2^3+0,-0.0030070327*J1^2*J2^1+0.0060140653*J1^1*J2^2+-0.0030070327*J2^3+0,-0.0017361111*J1^2*J2^1+0.0034722222*J1^1*J2^2+-0.0017361111*J2^3+0,0,0,0,0,0,0,0,0,0,0,0,0,0,0,0,0,0,0,0,0,0,0,0,0},
{0,0,0,0,0,0,0,0,0,0,0,0,0,0,0,0,0,0,0,0,0,0,0,0,0,0,0,0,0,0,0,0,0,0,0,0,0,0,0,0,0,0,0,0,0,0,0,0,0,0,0,0,0.0021262932*J1^2*J2^1+-0.0042525864*J1^1*J2^2+0.0021262932*J2^3+0,0.0061380797*J1^2*J2^1+-0.0122761594*J1^1*J2^2+0.0061380797*J2^3+0,0.0012276159*J1^2*J2^1+-0.0024552319*J1^1*J2^2+0.0012276159*J2^3+0,0.0035438220*J1^2*J2^1+-0.0070876439*J1^1*J2^2+0.0035438220*J2^3+0,0,0,0,0,0,0,0,0,0,0,0,0,-0.0030070327*J1^2*J2^1+0.0060140653*J1^1*J2^2+-0.0030070327*J2^3+0,-0.0086805556*J1^2*J2^1+0.0173611111*J1^1*J2^2+-0.0086805556*J2^3+0,-0.0017361111*J1^2*J2^1+0.0034722222*J1^1*J2^2+-0.0017361111*J2^3+0,-0.0050117211*J1^2*J2^1+0.0100234422*J1^1*J2^2+-0.0050117211*J2^3+0,0,0,0,0,0,0,0,0,0,0,0,0,0,0,0,0,0,0,0,0,0,0,0,0},
{0,0,0,0,0,0,0,0,0,0,0,0,0,0,0,0,0,0,0,0,0,0,0,0,0,0,0,0,0,0,0,0,0,0,0,0,0,0,0,0,0,0,0,0,0,0,0,0,0,0,0,0,0.0021262932*J1^2*J2^1+-0.0042525864*J1^1*J2^2+0.0021262932*J2^3+0,0.0012276159*J1^2*J2^1+-0.0024552319*J1^1*J2^2+0.0012276159*J2^3+0,-0.0036828478*J1^2*J2^1+0.0073656956*J1^1*J2^2+-0.0036828478*J2^3+0,-0.0021262932*J1^2*J2^1+0.0042525864*J1^1*J2^2+-0.0021262932*J2^3+0,0,0,0,0,0,0,0,0,0,0,0,0,-0.0030070327*J1^2*J2^1+0.0060140653*J1^1*J2^2+-0.0030070327*J2^3+0,-0.0017361111*J1^2*J2^1+0.0034722222*J1^1*J2^2+-0.0017361111*J2^3+0,0.0052083333*J1^2*J2^1+-0.0104166667*J1^1*J2^2+0.0052083333*J2^3+0,0.0030070327*J1^2*J2^1+-0.0060140653*J1^1*J2^2+0.0030070327*J2^3+0,0,0,0,0,0,0,0,0,0,0,0,0,0,0,0,0,0,0,0,0,0,0,0,0},
{0,0,0,0,0,0,0,0,0,0,0,0,0,0,0,0,0,0,0,0,0,0,0,0,0,0,0,0,0,0,0,0,0,0,0,0,0,0,0,0,0,0,0,0,0,0,0,0,0,0,0,0,0.0012276159*J1^2*J2^1+-0.0024552319*J1^1*J2^2+0.0012276159*J2^3+0,0.0035438220*J1^2*J2^1+-0.0070876439*J1^1*J2^2+0.0035438220*J2^3+0,-0.0021262932*J1^2*J2^1+0.0042525864*J1^1*J2^2+-0.0021262932*J2^3+0,-0.0061380797*J1^2*J2^1+0.0122761594*J1^1*J2^2+-0.0061380797*J2^3+0,0,0,0,0,0,0,0,0,0,0,0,0,-0.0017361111*J1^2*J2^1+0.0034722222*J1^1*J2^2+-0.0017361111*J2^3+0,-0.0050117211*J1^2*J2^1+0.0100234422*J1^1*J2^2+-0.0050117211*J2^3+0,0.0030070327*J1^2*J2^1+-0.0060140653*J1^1*J2^2+0.0030070327*J2^3+0,0.0086805556*J1^2*J2^1+-0.0173611111*J1^1*J2^2+0.0086805556*J2^3+0,0,0,0,0,0,0,0,0,0,0,0,0,0,0,0,0,0,0,0,0,0,0,0,0}
}