96
{{0,0,0,0,0,0,0,0,0,0,0,0,0,0,0,0,0,0,0,0,0,0,0,0,0,0,0,0,0,0,0,0,0,0,0,0,0,0,0,0,0,0,0,0,0,0,0,0,0,0,0,0,0,0,0,0,0,0,0,0,0,0,0,0,0,0,0,0,0,0,0,0,0,0,0,0,0,0,0,0,0,0,0,0,0,0,0,0,0,0,0,0,0,0,0,0},
{0,0,0,0,0,0,0,0,0,0,0,0,0,0,0,0,0,0,0,0,0,0,0,0,0,0,0,0,0,0,0,0,0,0,0,0,0,0,0,0,0,0,0,0,0,0,0,0,0,0,0,0,0,0,0,0,0,0,0,0,0,0,0,0,0,0,0,0,0,0,0,0,0,0,0,0,0,0,0,0,0,0,0,0,0,0,0,0,0,0,0,0,0,0,0,0},
{0,0,0,0,0,0,0,0,0,0,0,0,0,0,0,0,0,0,0,0,0,0,0,0,0,0,0,0,0,0,0,0,0,0,0,0,0,0,0,0,0,0,0,0,0,0,0,0,0,0,0,0,0,0,0,0,0,0,0,0,0,0,0,0,0,0,0,0,0,0,0,0,0,0,0,0,0,0,0,0,0,0,0,0,0,0,0,0,0,0,0,0,0,0,0,0},
{0,0,0,0,0,0,0,0,0,0,0,0,0,0,0,0,0,0,0,0,0,0,0,0,0,0,0,0,0,0,0,0,0,0,0,0,0,0,0,0,0,0,0,0,0,0,0,0,0,0,0,0,0,0,0,0,0,0,0,0,0,0,0,0,0,0,0,0,0,0,0,0,0,0,0,0,0,0,0,0,0,0,0,0,0,0,0,0,0,0,0,0,0,0,0,0},
{0,0,0,0,0,0,0,0,0,0,0,0,0,0,0,0,0,0,0,0,0,0,0,0,0,0,0,0,0,0,0,0,0,0,0,0,0,0,0,0,0,0,0,0,0,0,0,0,0,0,0,0,0,0,0,0,0,0,0,0,0,0,0,0,0,0,0,0,0,0,0,0,0,0,0,0,0,0,0,0,0,0,0,0,0,0,0,0,0,0,0,0,0,0,0,0},
{0,0,0,0,0,0,0,0,0,0,0,0,0,0,0,0,0,0,0,0,0,0,0,0,0,0,0,0,0,0,0,0,0,0,0,0,0,0,0,0,0,0,0,0,0,0,0,0,0,0,0,0,0,0,0,0,0,0,0,0,0,0,0,0,0,0,0,0,0,0,0,0,0,0,0,0,0,0,0,0,0,0,0,0,0,0,0,0,0,0,0,0,0,0,0,0},
{0,0,0,0,0,0,0,0,0,0,0,0,0,0,0,0,0,0,0,0,0,0,0,0,0,0,0,0,0,0,0,0,0,0,0,0,0,0,0,0,0,0,0,0,0,0,0,0,0,0,0,0,0,0,0,0,0,0,0,0,0,0,0,0,0,0,0,0,0,0,0,0,0,0,0,0,0,0,0,0,0,0,0,0,0,0,0,0,0,0,0,0,0,0,0,0},
{0,0,0,0,0,0,0,0,0,0,0,0,0,0,0,0,0,0,0,0,0,0,0,0,0,0,0,0,0,0,0,0,0,0,0,0,0,0,0,0,0,0,0,0,0,0,0,0,0,0,0,0,0,0,0,0,0,0,0,0,0,0,0,0,0,0,0,0,0,0,0,0,0,0,0,0,0,0,0,0,0,0,0,0,0,0,0,0,0,0,0,0,0,0,0,0},
{0,0,0,0,0,0,0,0,0,0,0,0,0,0,0,0,0,0,0,0,0,0,0,0,0,0,0,0,0,0,0,0,0,0,0,0,0,0,0,0,0,0,0,0,0,0,0,0,0,0,0,0,0,0,0,0,0,0,0,0,0,0,0,0,0,0,0,0,0,0,0,0,0,0,0,0,0,0,0,0,0,0,0,0,0,0,0,0,0,0,0,0,0,0,0,0},
{0,0,0,0,0,0,0,0,0,0,0,0,0,0,0,0,0,0,0,0,0,0,0,0,0,0,0,0,0,0,0,0,0,0,0,0,0,0,0,0,0,0,0,0,0,0,0,0,0,0,0,0,0,0,0,0,0,0,0,0,0,0,0,0,0,0,0,0,0,0,0,0,0,0,0,0,0,0,0,0,0,0,0,0,0,0,0,0,0,0,0,0,0,0,0,0},
{0,0,0,0,0,0,0,0,0,0,0,0,0,0,0,0,0,0,0,0,0,0,0,0,0,0,0,0,0,0,0,0,0,0,0,0,0,0,0,0,0,0,0,0,0,0,0,0,0,0,0,0,0,0,0,0,0,0,0,0,0,0,0,0,0,0,0,0,0,0,0,0,0,0,0,0,0,0,0,0,0,0,0,0,0,0,0,0,0,0,0,0,0,0,0,0},
{0,0,0,0,0,0,0,0,0,0,0,0,0,0,0,0,0,0,0,0,0,0,0,0,0,0,0,0,0,0,0,0,0,0,0,0,0,0,0,0,0,0,0,0,0,0,0,0,0,0,0,0,0,0,0,0,0,0,0,0,0,0,0,0,0,0,0,0,0,0,0,0,0,0,0,0,0,0,0,0,0,0,0,0,0,0,0,0,0,0,0,0,0,0,0,0},
{0,0,0,0,0,0,0,0,0,0,0,0,0,0,0,0,0,0,0,0,0,0,0,0,0,0,0,0,0,0,0,0,0,0,0,0,0,0,0,0,0,0,0,0,0,0,0,0,0,0,0,0,0,0,0,0,0,0,0,0,0,0,0,0,0,0,0,0,0,0,0,0,0,0,0,0,0,0,0,0,0,0,0,0,0,0,0,0,0,0,0,0,0,0,0,0},
{0,0,0,0,0,0,0,0,0,0,0,0,0,0,0,0,0,0,0,0,0,0,0,0,0,0,0,0,0,0,0,0,0,0,0,0,0,0,0,0,0,0,0,0,0,0,0,0,0,0,0,0,0,0,0,0,0,0,0,0,0,0,0,0,0,0,0,0,0,0,0,0,0,0,0,0,0,0,0,0,0,0,0,0,0,0,0,0,0,0,0,0,0,0,0,0},
{0,0,0,0,0,0,0,0,0,0,0,0,0,0,0,0,0,0,0,0,0,0,0,0,0,0,0,0,0,0,0,0,0,0,0,0,0,0,0,0,0,0,0,0,0,0,0,0,0,0,0,0,0,0,0,0,0,0,0,0,0,0,0,0,0,0,0,0,0,0,0,0,0,0,0,0,0,0,0,0,0,0,0,0,0,0,0,0,0,0,0,0,0,0,0,0},
{0,0,0,0,0,0,0,0,0,0,0,0,0,0,0,0,0,0,0,0,0,0,0,0,0,0,0,0,0,0,0,0,0,0,0,0,0,0,0,0,0,0,0,0,0,0,0,0,0,0,0,0,0,0,0,0,0,0,0,0,0,0,0,0,0,0,0,0,0,0,0,0,0,0,0,0,0,0,0,0,0,0,0,0,0,0,0,0,0,0,0,0,0,0,0,0},
{0,0,0,0,0,0,0,0,0,0,0,0,0,0,0,0,0,0,0,0,0,0,0,0,0,0,0,0,0,0,0,0,0,0,0,0,0,0,0,0,0,0,0,0,0,0,0,0,0,0,0,0,0,0,0,0,0,0,0,0,0,0,0,0,0,0,0,0,0,0,0,0,0,0,0,0,0,0,0,0,0,0,0,0,0,0,0,0,0,0,0,0,0,0,0,0},
{0,0,0,0,0,0,0,0,0,0,0,0,0,0,0,0,0,0,0,0,0,0,0,0,0,0,0,0,0,0,0,0,0,0,0,0,0,0,0,0,0,0,0,0,0,0,0,0,0,0,0,0,0,0,0,0,0,0,0,0,0,0,0,0,0,0,0,0,0,0,0,0,0,0,0,0,0,0,0,0,0,0,0,0,0,0,0,0,0,0,0,0,0,0,0,0},
{0,0,0,0,0,0,0,0,0,0,0,0,0,0,0,0,0,0,0,0,0,0,0,0,0,0,0,0,0,0,0,0,0,0,0,0,0,0,0,0,0,0,0,0,0,0,0,0,0,0,0,0,0,0,0,0,0,0,0,0,0,0,0,0,0,0,0,0,0,0,0,0,0,0,0,0,0,0,0,0,0,0,0,0,0,0,0,0,0,0,0,0,0,0,0,0},
{0,0,0,0,0,0,0,0,0,0,0,0,0,0,0,0,0,0,0,0,0,0,0,0,0,0,0,0,0,0,0,0,0,0,0,0,0,0,0,0,0,0,0,0,0,0,0,0,0,0,0,0,0,0,0,0,0,0,0,0,0,0,0,0,0,0,0,0,0,0,0,0,0,0,0,0,0,0,0,0,0,0,0,0,0,0,0,0,0,0,0,0,0,0,0,0},
{0,0,0,0,0,0,0,0,0,0,0,0,0,0,0,0,0,0,0,0,0,0,0,0,0,0,0,0,0,0,0,0,0,0,0,0,0,0,0,0,0,0,0,0,0,0,0,0,0,0,0,0,0,0,0,0,0,0,0,0,0,0,0,0,0,0,0,0,0,0,0,0,0,0,0,0,0,0,0,0,0,0,0,0,0,0,0,0,0,0,0,0,0,0,0,0},
{0,0,0,0,0,0,0,0,0,0,0,0,0,0,0,0,0,0,0,0,0,0,0,0,0,0,0,0,0,0,0,0,0,0,0,0,0,0,0,0,0,0,0,0,0,0,0,0,0,0,0,0,0,0,0,0,0,0,0,0,0,0,0,0,0,0,0,0,0,0,0,0,0,0,0,0,0,0,0,0,0,0,0,0,0,0,0,0,0,0,0,0,0,0,0,0},
{0,0,0,0,0,0,0,0,0,0,0,0,0,0,0,0,0,0,0,0,0,0,0,0,0,0,0,0,0,0,0,0,0,0,0,0,0,0,0,0,0,0,0,0,0,0,0,0,0,0,0,0,0,0,0,0,0,0,0,0,0,0,0,0,0,0,0,0,0,0,0,0,0,0,0,0,0,0,0,0,0,0,0,0,0,0,0,0,0,0,0,0,0,0,0,0},
{0,0,0,0,0,0,0,0,0,0,0,0,0,0,0,0,0,0,0,0,0,0,0,0,0,0,0,0,0,0,0,0,0,0,0,0,0,0,0,0,0,0,0,0,0,0,0,0,0,0,0,0,0,0,0,0,0,0,0,0,0,0,0,0,0,0,0,0,0,0,0,0,0,0,0,0,0,0,0,0,0,0,0,0,0,0,0,0,0,0,0,0,0,0,0,0},
{0,0,0,0,0,0,0,0,0,0,0,0,0,0,0,0,0,0,0,0,0,0,0,0,0,0,0,0,0,0,0,0,0,0,0,0,0,0,0,0,0,0,0,0,0,0,0,0,0,0,0,0,0,0,0,0,0,0,0,0,0,0,0,0,0,0,0,0,0,0,0,0,0.0078125000*J1^2*J2^1+-0.0078125000*J2^3+0,0.0045105490*J1^3+-0.0045105490*J1^1*J2^2+0,0.0045105490*J1^3+-0.0045105490*J1^1*J2^2+0,0.0026041667*J1^2*J2^1+-0.0026041667*J2^3+0,0.0045105490*J1^3+-0.0045105490*J1^1*J2^2+0,0.0026041667*J1^2*J2^1+-0.0026041667*J2^3+0,0.0026041667*J1^2*J2^1+-0.0026041667*J2^3+0,0.0015035163*J1^3+-0.0015035163*J1^1*J2^2+0,-0.0078125000*J1^3+0.0078125000*J1^1*J2^2+0,-0.0045105490*J1^2*J2^1+0.0045105490*J2^3+0,-0.0045105490*J1^2*J2^1+0.0045105490*J2^3+0,-0.0026041667*J1^3+0.0026041667*J1^1*J2^2+0,-0.0045105490*J1^2*J2^1+0.0045105490*J2^3+0,-0.0026041667*J1^3+0.0026041667*J1^1*J2^2+0,-0.0026041667*J1^3+0.0026041667*J1^1*J2^2+0,-0.0015035163*J1^2*J2^1+0.0015035163*J2^3+0,0,0,0,0,0,0,0,0},
{0,0,0,0,0,0,0,0,0,0,0,0,0,0,0,0,0,0,0,0,0,0,0,0,0,0,0,0,0,0,0,0,0,0,0,0,0,0,0,0,0,0,0,0,0,0,0,0,0,0,0,0,0,0,0,0,0,0,0,0,0,0,0,0,0,0,0,0,0,0,0,0,0.0045105490*J1^3+-0.0045105490*J1^1*J2^2+0,0.0052083333*J1^3+-0.0026041667*J1^2*J2^1+-0.0052083333*J1^1*J2^2+0.0026041667*J2^3+0,0.0026041667*J1^2*J2^1+-0.0026041667*J2^3+0,-0.0015035163*J1^3+0.0030070327*J1^2*J2^1+0.0015035163*J1^1*J2^2+-0.0030070327*J2^3+0,0.0026041667*J1^2*J2^1+-0.0026041667*J2^3+0,0.0045105490*J1^3+-0.0030070327*J1^2*J2^1+-0.0045105490*J1^1*J2^2+0.0030070327*J2^3+0,0.0015035163*J1^3+-0.0015035163*J1^1*J2^2+0,-0.0017361111*J1^3+0.0026041667*J1^2*J2^1+0.0017361111*J1^1*J2^2+-0.0026041667*J2^3+0,-0.0045105490*J1^2*J2^1+0.0045105490*J2^3+0,-0.0078125000*J1^3+0.0052083333*J1^2*J2^1+0.0078125000*J1^1*J2^2+-0.0052083333*J2^3+0,-0.0026041667*J1^3+0.0026041667*J1^1*J2^2+0,0.0030070327*J1^3+-0.0045105490*J1^2*J2^1+-0.0030070327*J1^1*J2^2+0.0045105490*J2^3+0,-0.0026041667*J1^3+0.0026041667*J1^1*J2^2+0,-0.0030070327*J1^3+0.0015035163*J1^2*J2^1+0.0030070327*J1^1*J2^2+-0.0015035163*J2^3+0,-0.0015035163*J1^2*J2^1+0.0015035163*J2^3+0,0.0008680556*J1^3+-0.0017361111*J1^2*J2^1+-0.0008680556*J1^1*J2^2+0.0017361111*J2^3+0,0,0,0,0,0,0,0,0},
{0,0,0,0,0,0,0,0,0,0,0,0,0,0,0,0,0,0,0,0,0,0,0,0,0,0,0,0,0,0,0,0,0,0,0,0,0,0,0,0,0,0,0,0,0,0,0,0,0,0,0,0,0,0,0,0,0,0,0,0,0,0,0,0,0,0,0,0,0,0,0,0,0.0045105490*J1^3+-0.0045105490*J1^1*J2^2+0,0.0026041667*J1^2*J2^1+-0.0026041667*J2^3+0,0.0026041667*J1^2*J2^1+-0.0026041667*J2^3+0,0.0015035163*J1^3+-0.0015035163*J1^1*J2^2+0,-0.0052083333*J1^3+0.0078125000*J1^2*J2^1+0.0052083333*J1^1*J2^2+-0.0078125000*J2^3+0,-0.0015035163*J1^3+0.0030070327*J1^2*J2^1+0.0015035163*J1^1*J2^2+-0.0030070327*J2^3+0,-0.0015035163*J1^3+0.0030070327*J1^2*J2^1+0.0015035163*J1^1*J2^2+-0.0030070327*J2^3+0,-0.0017361111*J1^3+0.0026041667*J1^2*J2^1+0.0017361111*J1^1*J2^2+-0.0026041667*J2^3+0,-0.0045105490*J1^2*J2^1+0.0045105490*J2^3+0,-0.0026041667*J1^3+0.0026041667*J1^1*J2^2+0,-0.0026041667*J1^3+0.0026041667*J1^1*J2^2+0,-0.0015035163*J1^2*J2^1+0.0015035163*J2^3+0,-0.0078125000*J1^3+0.0052083333*J1^2*J2^1+0.0078125000*J1^1*J2^2+-0.0052083333*J2^3+0,-0.0030070327*J1^3+0.0015035163*J1^2*J2^1+0.0030070327*J1^1*J2^2+-0.0015035163*J2^3+0,-0.0030070327*J1^3+0.0015035163*J1^2*J2^1+0.0030070327*J1^1*J2^2+-0.0015035163*J2^3+0,-0.0026041667*J1^3+0.0017361111*J1^2*J2^1+0.0026041667*J1^1*J2^2+-0.0017361111*J2^3+0,0,0,0,0,0,0,0,0},
{0,0,0,0,0,0,0,0,0,0,0,0,0,0,0,0,0,0,0,0,0,0,0,0,0,0,0,0,0,0,0,0,0,0,0,0,0,0,0,0,0,0,0,0,0,0,0,0,0,0,0,0,0,0,0,0,0,0,0,0,0,0,0,0,0,0,0,0,0,0,0,0,0.0026041667*J1^2*J2^1+-0.0026041667*J2^3+0,0.0045105490*J1^3+-0.0030070327*J1^2*J2^1+-0.0045105490*J1^1*J2^2+0.0030070327*J2^3+0,0.0015035163*J1^3+-0.0015035163*J1^1*J2^2+0,-0.0017361111*J1^3+0.0026041667*J1^2*J2^1+0.0017361111*J1^1*J2^2+-0.0026041667*J2^3+0,-0.0015035163*J1^3+0.0030070327*J1^2*J2^1+0.0015035163*J1^1*J2^2+-0.0030070327*J2^3+0,-0.0069444444*J1^3+0.0217013889*J1^2*J2^1+-0.0208333333*J1^1*J2^2+0.0060763889*J2^3+0,-0.0017361111*J1^3+0.0026041667*J1^2*J2^1+0.0017361111*J1^1*J2^2+-0.0026041667*J2^3+0,0.0025058605*J1^3+-0.0100234422*J1^2*J2^1+0.0135316469*J1^1*J2^2+-0.0060140653*J2^3+0,-0.0026041667*J1^3+0.0026041667*J1^1*J2^2+0,-0.0030070327*J1^3+0.0015035163*J1^2*J2^1+0.0030070327*J1^1*J2^2+-0.0015035163*J2^3+0,-0.0015035163*J1^2*J2^1+0.0015035163*J2^3+0,0.0008680556*J1^3+-0.0017361111*J1^2*J2^1+-0.0008680556*J1^1*J2^2+0.0017361111*J2^3+0,-0.0030070327*J1^3+0.0015035163*J1^2*J2^1+0.0030070327*J1^1*J2^2+-0.0015035163*J2^3+0,-0.0112847222*J1^3+0.0243055556*J1^2*J2^1+-0.0164930556*J1^1*J2^2+0.0034722222*J2^3+0,-0.0026041667*J1^3+0.0017361111*J1^2*J2^1+0.0026041667*J1^1*J2^2+-0.0017361111*J2^3+0,0.0040093769*J1^3+-0.0125293027*J1^2*J2^1+0.0120281306*J1^1*J2^2+-0.0035082048*J2^3+0,0,0,0,0,0,0,0,0},
{0,0,0,0,0,0,0,0,0,0,0,0,0,0,0,0,0,0,0,0,0,0,0,0,0,0,0,0,0,0,0,0,0,0,0,0,0,0,0,0,0,0,0,0,0,0,0,0,0,0,0,0,0,0,0,0,0,0,0,0,0,0,0,0,0,0,0,0,0,0,0,0,0.0045105490*J1^3+-0.0045105490*J1^1*J2^2+0,0.0026041667*J1^2*J2^1+-0.0026041667*J2^3+0,0.0026041667*J1^2*J2^1+-0.0026041667*J2^3+0,0.0015035163*J1^3+-0.0015035163*J1^1*J2^2+0,0.0026041667*J1^2*J2^1+-0.0026041667*J2^3+0,0.0015035163*J1^3+-0.0015035163*J1^1*J2^2+0,0.0015035163*J1^3+-0.0015035163*J1^1*J2^2+0,0.0008680556*J1^2*J2^1+-0.0008680556*J2^3+0,-0.0045105490*J1^2*J2^1+0.0045105490*J2^3+0,-0.0026041667*J1^3+0.0026041667*J1^1*J2^2+0,-0.0026041667*J1^3+0.0026041667*J1^1*J2^2+0,-0.0015035163*J1^2*J2^1+0.0015035163*J2^3+0,-0.0026041667*J1^3+0.0026041667*J1^1*J2^2+0,-0.0015035163*J1^2*J2^1+0.0015035163*J2^3+0,-0.0015035163*J1^2*J2^1+0.0015035163*J2^3+0,-0.0008680556*J1^3+0.0008680556*J1^1*J2^2+0,-0.0063788795*J1^3+0.0063788795*J1^2*J2^1+0.0063788795*J1^1*J2^2+-0.0063788795*J2^3+0,0.0036828478*J1^3+-0.0036828478*J1^2*J2^1+-0.0036828478*J1^1*J2^2+0.0036828478*J2^3+0,0.0036828478*J1^3+-0.0036828478*J1^2*J2^1+-0.0036828478*J1^1*J2^2+0.0036828478*J2^3+0,-0.0021262932*J1^3+0.0021262932*J1^2*J2^1+0.0021262932*J1^1*J2^2+-0.0021262932*J2^3+0,0.0036828478*J1^3+-0.0036828478*J1^2*J2^1+-0.0036828478*J1^1*J2^2+0.0036828478*J2^3+0,-0.0021262932*J1^3+0.0021262932*J1^2*J2^1+0.0021262932*J1^1*J2^2+-0.0021262932*J2^3+0,-0.0021262932*J1^3+0.0021262932*J1^2*J2^1+0.0021262932*J1^1*J2^2+-0.0021262932*J2^3+0,0.0012276159*J1^3+-0.0012276159*J1^2*J2^1+-0.0012276159*J1^1*J2^2+0.0012276159*J2^3+0},
{0,0,0,0,0,0,0,0,0,0,0,0,0,0,0,0,0,0,0,0,0,0,0,0,0,0,0,0,0,0,0,0,0,0,0,0,0,0,0,0,0,0,0,0,0,0,0,0,0,0,0,0,0,0,0,0,0,0,0,0,0,0,0,0,0,0,0,0,0,0,0,0,0.0026041667*J1^2*J2^1+-0.0026041667*J2^3+0,0.0045105490*J1^3+-0.0030070327*J1^2*J2^1+-0.0045105490*J1^1*J2^2+0.0030070327*J2^3+0,0.0015035163*J1^3+-0.0015035163*J1^1*J2^2+0,-0.0017361111*J1^3+0.0026041667*J1^2*J2^1+0.0017361111*J1^1*J2^2+-0.0026041667*J2^3+0,0.0015035163*J1^3+-0.0015035163*J1^1*J2^2+0,0.0017361111*J1^3+-0.0008680556*J1^2*J2^1+-0.0017361111*J1^1*J2^2+0.0008680556*J2^3+0,0.0008680556*J1^2*J2^1+-0.0008680556*J2^3+0,-0.0005011721*J1^3+0.0010023442*J1^2*J2^1+0.0005011721*J1^1*J2^2+-0.0010023442*J2^3+0,-0.0026041667*J1^3+0.0026041667*J1^1*J2^2+0,-0.0030070327*J1^3+0.0015035163*J1^2*J2^1+0.0030070327*J1^1*J2^2+-0.0015035163*J2^3+0,-0.0015035163*J1^2*J2^1+0.0015035163*J2^3+0,0.0008680556*J1^3+-0.0017361111*J1^2*J2^1+-0.0008680556*J1^1*J2^2+0.0017361111*J2^3+0,-0.0015035163*J1^2*J2^1+0.0015035163*J2^3+0,-0.0026041667*J1^3+0.0017361111*J1^2*J2^1+0.0026041667*J1^1*J2^2+-0.0017361111*J2^3+0,-0.0008680556*J1^3+0.0008680556*J1^1*J2^2+0,0.0010023442*J1^3+-0.0015035163*J1^2*J2^1+-0.0010023442*J1^1*J2^2+0.0015035163*J2^3+0,0.0036828478*J1^3+-0.0036828478*J1^2*J2^1+-0.0036828478*J1^1*J2^2+0.0036828478*J2^3+0,-0.0021262932*J1^3+0.0021262932*J1^2*J2^1+0.0021262932*J1^1*J2^2+-0.0021262932*J2^3+0,-0.0021262932*J1^3+0.0021262932*J1^2*J2^1+0.0021262932*J1^1*J2^2+-0.0021262932*J2^3+0,0.0012276159*J1^3+-0.0012276159*J1^2*J2^1+-0.0012276159*J1^1*J2^2+0.0012276159*J2^3+0,-0.0021262932*J1^3+0.0021262932*J1^2*J2^1+0.0021262932*J1^1*J2^2+-0.0021262932*J2^3+0,0.0012276159*J1^3+-0.0012276159*J1^2*J2^1+-0.0012276159*J1^1*J2^2+0.0012276159*J2^3+0,0.0012276159*J1^3+-0.0012276159*J1^2*J2^1+-0.0012276159*J1^1*J2^2+0.0012276159*J2^3+0,-0.0007087644*J1^3+0.0007087644*J1^2*J2^1+0.0007087644*J1^1*J2^2+-0.0007087644*J2^3+0},
{0,0,0,0,0,0,0,0,0,0,0,0,0,0,0,0,0,0,0,0,0,0,0,0,0,0,0,0,0,0,0,0,0,0,0,0,0,0,0,0,0,0,0,0,0,0,0,0,0,0,0,0,0,0,0,0,0,0,0,0,0,0,0,0,0,0,0,0,0,0,0,0,0.0026041667*J1^2*J2^1+-0.0026041667*J2^3+0,0.0015035163*J1^3+-0.0015035163*J1^1*J2^2+0,0.0015035163*J1^3+-0.0015035163*J1^1*J2^2+0,0.0008680556*J1^2*J2^1+-0.0008680556*J2^3+0,0.0045105490*J1^3+-0.0030070327*J1^2*J2^1+-0.0045105490*J1^1*J2^2+0.0030070327*J2^3+0,0.0017361111*J1^3+-0.0008680556*J1^2*J2^1+-0.0017361111*J1^1*J2^2+0.0008680556*J2^3+0,0.0017361111*J1^3+-0.0008680556*J1^2*J2^1+-0.0017361111*J1^1*J2^2+0.0008680556*J2^3+0,0.0015035163*J1^3+-0.0010023442*J1^2*J2^1+-0.0015035163*J1^1*J2^2+0.0010023442*J2^3+0,-0.0026041667*J1^3+0.0026041667*J1^1*J2^2+0,-0.0015035163*J1^2*J2^1+0.0015035163*J2^3+0,-0.0015035163*J1^2*J2^1+0.0015035163*J2^3+0,-0.0008680556*J1^3+0.0008680556*J1^1*J2^2+0,0.0030070327*J1^3+-0.0045105490*J1^2*J2^1+-0.0030070327*J1^1*J2^2+0.0045105490*J2^3+0,0.0008680556*J1^3+-0.0017361111*J1^2*J2^1+-0.0008680556*J1^1*J2^2+0.0017361111*J2^3+0,0.0008680556*J1^3+-0.0017361111*J1^2*J2^1+-0.0008680556*J1^1*J2^2+0.0017361111*J2^3+0,0.0010023442*J1^3+-0.0015035163*J1^2*J2^1+-0.0010023442*J1^1*J2^2+0.0015035163*J2^3+0,0.0036828478*J1^3+-0.0036828478*J1^2*J2^1+-0.0036828478*J1^1*J2^2+0.0036828478*J2^3+0,-0.0021262932*J1^3+0.0021262932*J1^2*J2^1+0.0021262932*J1^1*J2^2+-0.0021262932*J2^3+0,-0.0021262932*J1^3+0.0021262932*J1^2*J2^1+0.0021262932*J1^1*J2^2+-0.0021262932*J2^3+0,0.0012276159*J1^3+-0.0012276159*J1^2*J2^1+-0.0012276159*J1^1*J2^2+0.0012276159*J2^3+0,-0.0106314659*J1^3+0.0106314659*J1^2*J2^1+0.0106314659*J1^1*J2^2+-0.0106314659*J2^3+0,-0.0036828478*J1^3+0.0036828478*J1^2*J2^1+0.0036828478*J1^1*J2^2+-0.0036828478*J2^3+0,-0.0036828478*J1^3+0.0036828478*J1^2*J2^1+0.0036828478*J1^1*J2^2+-0.0036828478*J2^3+0,-0.0035438220*J1^3+0.0035438220*J1^2*J2^1+0.0035438220*J1^1*J2^2+-0.0035438220*J2^3+0},
{0,0,0,0,0,0,0,0,0,0,0,0,0,0,0,0,0,0,0,0,0,0,0,0,0,0,0,0,0,0,0,0,0,0,0,0,0,0,0,0,0,0,0,0,0,0,0,0,0,0,0,0,0,0,0,0,0,0,0,0,0,0,0,0,0,0,0,0,0,0,0,0,0.0015035163*J1^3+-0.0015035163*J1^1*J2^2+0,0.0017361111*J1^3+-0.0008680556*J1^2*J2^1+-0.0017361111*J1^1*J2^2+0.0008680556*J2^3+0,0.0008680556*J1^2*J2^1+-0.0008680556*J2^3+0,-0.0005011721*J1^3+0.0010023442*J1^2*J2^1+0.0005011721*J1^1*J2^2+-0.0010023442*J2^3+0,0.0017361111*J1^3+-0.0008680556*J1^2*J2^1+-0.0017361111*J1^1*J2^2+0.0008680556*J2^3+0,0.0065152374*J1^3+-0.0140328190*J1^2*J2^1+0.0095222701*J1^1*J2^2+-0.0020046884*J2^3+0,0.0015035163*J1^3+-0.0010023442*J1^2*J2^1+-0.0015035163*J1^1*J2^2+0.0010023442*J2^3+0,-0.0023148148*J1^3+0.0072337963*J1^2*J2^1+-0.0069444444*J1^1*J2^2+0.0020254630*J2^3+0,-0.0015035163*J1^2*J2^1+0.0015035163*J2^3+0,-0.0026041667*J1^3+0.0017361111*J1^2*J2^1+0.0026041667*J1^1*J2^2+-0.0017361111*J2^3+0,-0.0008680556*J1^3+0.0008680556*J1^1*J2^2+0,0.0010023442*J1^3+-0.0015035163*J1^2*J2^1+-0.0010023442*J1^1*J2^2+0.0015035163*J2^3+0,0.0008680556*J1^3+-0.0017361111*J1^2*J2^1+-0.0008680556*J1^1*J2^2+0.0017361111*J2^3+0,0.0040093769*J1^3+-0.0125293027*J1^2*J2^1+0.0120281306*J1^1*J2^2+-0.0035082048*J2^3+0,0.0010023442*J1^3+-0.0015035163*J1^2*J2^1+-0.0010023442*J1^1*J2^2+0.0015035163*J2^3+0,-0.0014467593*J1^3+0.0057870370*J1^2*J2^1+-0.0078125000*J1^1*J2^2+0.0034722222*J2^3+0,-0.0021262932*J1^3+0.0021262932*J1^2*J2^1+0.0021262932*J1^1*J2^2+-0.0021262932*J2^3+0,0.0012276159*J1^3+-0.0012276159*J1^2*J2^1+-0.0012276159*J1^1*J2^2+0.0012276159*J2^3+0,0.0012276159*J1^3+-0.0012276159*J1^2*J2^1+-0.0012276159*J1^1*J2^2+0.0012276159*J2^3+0,-0.0007087644*J1^3+0.0007087644*J1^2*J2^1+0.0007087644*J1^1*J2^2+-0.0007087644*J2^3+0,-0.0036828478*J1^3+0.0036828478*J1^2*J2^1+0.0036828478*J1^1*J2^2+-0.0036828478*J2^3+0,-0.0148840523*J1^3+0.0375645128*J1^2*J2^1+-0.0304768689*J1^1*J2^2+0.0077964083*J2^3+0,-0.0035438220*J1^3+0.0035438220*J1^2*J2^1+0.0035438220*J1^1*J2^2+-0.0035438220*J2^3+0,0.0053196691*J1^3+-0.0184142391*J1^2*J2^1+0.0208694710*J1^1*J2^2+-0.0077749010*J2^3+0},
{0,0,0,0,0,0,0,0,0,0,0,0,0,0,0,0,0,0,0,0,0,0,0,0,0,0,0,0,0,0,0,0,0,0,0,0,0,0,0,0,0,0,0,0,0,0,0,0,0,0,0,0,0,0,0,0,0,0,0,0,0,0,0,0,0,0,0,0,0,0,0,0,-0.0078125000*J1^3+0.0078125000*J1^1*J2^2+0,-0.0045105490*J1^2*J2^1+0.0045105490*J2^3+0,-0.0045105490*J1^2*J2^1+0.0045105490*J2^3+0,-0.0026041667*J1^3+0.0026041667*J1^1*J2^2+0,-0.0045105490*J1^2*J2^1+0.0045105490*J2^3+0,-0.0026041667*J1^3+0.0026041667*J1^1*J2^2+0,-0.0026041667*J1^3+0.0026041667*J1^1*J2^2+0,-0.0015035163*J1^2*J2^1+0.0015035163*J2^3+0,0.0078125000*J1^2*J2^1+-0.0078125000*J2^3+0,0.0045105490*J1^3+-0.0045105490*J1^1*J2^2+0,0.0045105490*J1^3+-0.0045105490*J1^1*J2^2+0,0.0026041667*J1^2*J2^1+-0.0026041667*J2^3+0,0.0045105490*J1^3+-0.0045105490*J1^1*J2^2+0,0.0026041667*J1^2*J2^1+-0.0026041667*J2^3+0,0.0026041667*J1^2*J2^1+-0.0026041667*J2^3+0,0.0015035163*J1^3+-0.0015035163*J1^1*J2^2+0,0,0,0,0,0,0,0,0},
{0,0,0,0,0,0,0,0,0,0,0,0,0,0,0,0,0,0,0,0,0,0,0,0,0,0,0,0,0,0,0,0,0,0,0,0,0,0,0,0,0,0,0,0,0,0,0,0,0,0,0,0,0,0,0,0,0,0,0,0,0,0,0,0,0,0,0,0,0,0,0,0,-0.0045105490*J1^2*J2^1+0.0045105490*J2^3+0,0.0026041667*J1^3+-0.0052083333*J1^2*J2^1+-0.0026041667*J1^1*J2^2+0.0052083333*J2^3+0,-0.0026041667*J1^3+0.0026041667*J1^1*J2^2+0,-0.0030070327*J1^3+0.0015035163*J1^2*J2^1+0.0030070327*J1^1*J2^2+-0.0015035163*J2^3+0,-0.0026041667*J1^3+0.0026041667*J1^1*J2^2+0,0.0030070327*J1^3+-0.0045105490*J1^2*J2^1+-0.0030070327*J1^1*J2^2+0.0045105490*J2^3+0,-0.0015035163*J1^2*J2^1+0.0015035163*J2^3+0,-0.0026041667*J1^3+0.0017361111*J1^2*J2^1+0.0026041667*J1^1*J2^2+-0.0017361111*J2^3+0,0.0045105490*J1^3+-0.0045105490*J1^1*J2^2+0,-0.0052083333*J1^3+0.0078125000*J1^2*J2^1+0.0052083333*J1^1*J2^2+-0.0078125000*J2^3+0,0.0026041667*J1^2*J2^1+-0.0026041667*J2^3+0,0.0045105490*J1^3+-0.0030070327*J1^2*J2^1+-0.0045105490*J1^1*J2^2+0.0030070327*J2^3+0,0.0026041667*J1^2*J2^1+-0.0026041667*J2^3+0,-0.0015035163*J1^3+0.0030070327*J1^2*J2^1+0.0015035163*J1^1*J2^2+-0.0030070327*J2^3+0,0.0015035163*J1^3+-0.0015035163*J1^1*J2^2+0,0.0017361111*J1^3+-0.0008680556*J1^2*J2^1+-0.0017361111*J1^1*J2^2+0.0008680556*J2^3+0,0,0,0,0,0,0,0,0},
{0,0,0,0,0,0,0,0,0,0,0,0,0,0,0,0,0,0,0,0,0,0,0,0,0,0,0,0,0,0,0,0,0,0,0,0,0,0,0,0,0,0,0,0,0,0,0,0,0,0,0,0,0,0,0,0,0,0,0,0,0,0,0,0,0,0,0,0,0,0,0,0,-0.0045105490*J1^2*J2^1+0.0045105490*J2^3+0,-0.0026041667*J1^3+0.0026041667*J1^1*J2^2+0,-0.0026041667*J1^3+0.0026041667*J1^1*J2^2+0,-0.0015035163*J1^2*J2^1+0.0015035163*J2^3+0,0.0026041667*J1^3+-0.0052083333*J1^2*J2^1+-0.0026041667*J1^1*J2^2+0.0052083333*J2^3+0,0.0030070327*J1^3+-0.0045105490*J1^2*J2^1+-0.0030070327*J1^1*J2^2+0.0045105490*J2^3+0,0.0030070327*J1^3+-0.0045105490*J1^2*J2^1+-0.0030070327*J1^1*J2^2+0.0045105490*J2^3+0,0.0008680556*J1^3+-0.0017361111*J1^2*J2^1+-0.0008680556*J1^1*J2^2+0.0017361111*J2^3+0,0.0045105490*J1^3+-0.0045105490*J1^1*J2^2+0,0.0026041667*J1^2*J2^1+-0.0026041667*J2^3+0,0.0026041667*J1^2*J2^1+-0.0026041667*J2^3+0,0.0015035163*J1^3+-0.0015035163*J1^1*J2^2+0,0.0052083333*J1^3+-0.0026041667*J1^2*J2^1+-0.0052083333*J1^1*J2^2+0.0026041667*J2^3+0,0.0045105490*J1^3+-0.0030070327*J1^2*J2^1+-0.0045105490*J1^1*J2^2+0.0030070327*J2^3+0,0.0045105490*J1^3+-0.0030070327*J1^2*J2^1+-0.0045105490*J1^1*J2^2+0.0030070327*J2^3+0,0.0017361111*J1^3+-0.0008680556*J1^2*J2^1+-0.0017361111*J1^1*J2^2+0.0008680556*J2^3+0,0,0,0,0,0,0,0,0},
{0,0,0,0,0,0,0,0,0,0,0,0,0,0,0,0,0,0,0,0,0,0,0,0,0,0,0,0,0,0,0,0,0,0,0,0,0,0,0,0,0,0,0,0,0,0,0,0,0,0,0,0,0,0,0,0,0,0,0,0,0,0,0,0,0,0,0,0,0,0,0,0,-0.0026041667*J1^3+0.0026041667*J1^1*J2^2+0,0.0030070327*J1^3+-0.0045105490*J1^2*J2^1+-0.0030070327*J1^1*J2^2+0.0045105490*J2^3+0,-0.0015035163*J1^2*J2^1+0.0015035163*J2^3+0,-0.0026041667*J1^3+0.0017361111*J1^2*J2^1+0.0026041667*J1^1*J2^2+-0.0017361111*J2^3+0,0.0030070327*J1^3+-0.0045105490*J1^2*J2^1+-0.0030070327*J1^1*J2^2+0.0045105490*J2^3+0,-0.0043402778*J1^3+0.0173611111*J1^2*J2^1+-0.0234375000*J1^1*J2^2+0.0104166667*J2^3+0,0.0008680556*J1^3+-0.0017361111*J1^2*J2^1+-0.0008680556*J1^1*J2^2+0.0017361111*J2^3+0,0.0040093769*J1^3+-0.0125293027*J1^2*J2^1+0.0120281306*J1^1*J2^2+-0.0035082048*J2^3+0,0.0026041667*J1^2*J2^1+-0.0026041667*J2^3+0,-0.0015035163*J1^3+0.0030070327*J1^2*J2^1+0.0015035163*J1^1*J2^2+-0.0030070327*J2^3+0,0.0015035163*J1^3+-0.0015035163*J1^1*J2^2+0,0.0017361111*J1^3+-0.0008680556*J1^2*J2^1+-0.0017361111*J1^1*J2^2+0.0008680556*J2^3+0,0.0045105490*J1^3+-0.0030070327*J1^2*J2^1+-0.0045105490*J1^1*J2^2+0.0030070327*J2^3+0,-0.0069444444*J1^3+0.0217013889*J1^2*J2^1+-0.0208333333*J1^1*J2^2+0.0060763889*J2^3+0,0.0017361111*J1^3+-0.0008680556*J1^2*J2^1+-0.0017361111*J1^1*J2^2+0.0008680556*J2^3+0,0.0065152374*J1^3+-0.0140328190*J1^2*J2^1+0.0095222701*J1^1*J2^2+-0.0020046884*J2^3+0,0,0,0,0,0,0,0,0},
{0,0,0,0,0,0,0,0,0,0,0,0,0,0,0,0,0,0,0,0,0,0,0,0,0,0,0,0,0,0,0,0,0,0,0,0,0,0,0,0,0,0,0,0,0,0,0,0,0,0,0,0,0,0,0,0,0,0,0,0,0,0,0,0,0,0,0,0,0,0,0,0,-0.0045105490*J1^2*J2^1+0.0045105490*J2^3+0,-0.0026041667*J1^3+0.0026041667*J1^1*J2^2+0,-0.0026041667*J1^3+0.0026041667*J1^1*J2^2+0,-0.0015035163*J1^2*J2^1+0.0015035163*J2^3+0,-0.0026041667*J1^3+0.0026041667*J1^1*J2^2+0,-0.0015035163*J1^2*J2^1+0.0015035163*J2^3+0,-0.0015035163*J1^2*J2^1+0.0015035163*J2^3+0,-0.0008680556*J1^3+0.0008680556*J1^1*J2^2+0,0.0045105490*J1^3+-0.0045105490*J1^1*J2^2+0,0.0026041667*J1^2*J2^1+-0.0026041667*J2^3+0,0.0026041667*J1^2*J2^1+-0.0026041667*J2^3+0,0.0015035163*J1^3+-0.0015035163*J1^1*J2^2+0,0.0026041667*J1^2*J2^1+-0.0026041667*J2^3+0,0.0015035163*J1^3+-0.0015035163*J1^1*J2^2+0,0.0015035163*J1^3+-0.0015035163*J1^1*J2^2+0,0.0008680556*J1^2*J2^1+-0.0008680556*J2^3+0,-0.0063788795*J1^3+0.0063788795*J1^2*J2^1+0.0063788795*J1^1*J2^2+-0.0063788795*J2^3+0,0.0036828478*J1^3+-0.0036828478*J1^2*J2^1+-0.0036828478*J1^1*J2^2+0.0036828478*J2^3+0,0.0036828478*J1^3+-0.0036828478*J1^2*J2^1+-0.0036828478*J1^1*J2^2+0.0036828478*J2^3+0,-0.0021262932*J1^3+0.0021262932*J1^2*J2^1+0.0021262932*J1^1*J2^2+-0.0021262932*J2^3+0,0.0036828478*J1^3+-0.0036828478*J1^2*J2^1+-0.0036828478*J1^1*J2^2+0.0036828478*J2^3+0,-0.0021262932*J1^3+0.0021262932*J1^2*J2^1+0.0021262932*J1^1*J2^2+-0.0021262932*J2^3+0,-0.0021262932*J1^3+0.0021262932*J1^2*J2^1+0.0021262932*J1^1*J2^2+-0.0021262932*J2^3+0,0.0012276159*J1^3+-0.0012276159*J1^2*J2^1+-0.0012276159*J1^1*J2^2+0.0012276159*J2^3+0},
{0,0,0,0,0,0,0,0,0,0,0,0,0,0,0,0,0,0,0,0,0,0,0,0,0,0,0,0,0,0,0,0,0,0,0,0,0,0,0,0,0,0,0,0,0,0,0,0,0,0,0,0,0,0,0,0,0,0,0,0,0,0,0,0,0,0,0,0,0,0,0,0,-0.0026041667*J1^3+0.0026041667*J1^1*J2^2+0,0.0030070327*J1^3+-0.0045105490*J1^2*J2^1+-0.0030070327*J1^1*J2^2+0.0045105490*J2^3+0,-0.0015035163*J1^2*J2^1+0.0015035163*J2^3+0,-0.0026041667*J1^3+0.0017361111*J1^2*J2^1+0.0026041667*J1^1*J2^2+-0.0017361111*J2^3+0,-0.0015035163*J1^2*J2^1+0.0015035163*J2^3+0,0.0008680556*J1^3+-0.0017361111*J1^2*J2^1+-0.0008680556*J1^1*J2^2+0.0017361111*J2^3+0,-0.0008680556*J1^3+0.0008680556*J1^1*J2^2+0,-0.0010023442*J1^3+0.0005011721*J1^2*J2^1+0.0010023442*J1^1*J2^2+-0.0005011721*J2^3+0,0.0026041667*J1^2*J2^1+-0.0026041667*J2^3+0,-0.0015035163*J1^3+0.0030070327*J1^2*J2^1+0.0015035163*J1^1*J2^2+-0.0030070327*J2^3+0,0.0015035163*J1^3+-0.0015035163*J1^1*J2^2+0,0.0017361111*J1^3+-0.0008680556*J1^2*J2^1+-0.0017361111*J1^1*J2^2+0.0008680556*J2^3+0,0.0015035163*J1^3+-0.0015035163*J1^1*J2^2+0,-0.0017361111*J1^3+0.0026041667*J1^2*J2^1+0.0017361111*J1^1*J2^2+-0.0026041667*J2^3+0,0.0008680556*J1^2*J2^1+-0.0008680556*J2^3+0,0.0015035163*J1^3+-0.0010023442*J1^2*J2^1+-0.0015035163*J1^1*J2^2+0.0010023442*J2^3+0,0.0036828478*J1^3+-0.0036828478*J1^2*J2^1+-0.0036828478*J1^1*J2^2+0.0036828478*J2^3+0,-0.0021262932*J1^3+0.0021262932*J1^2*J2^1+0.0021262932*J1^1*J2^2+-0.0021262932*J2^3+0,-0.0021262932*J1^3+0.0021262932*J1^2*J2^1+0.0021262932*J1^1*J2^2+-0.0021262932*J2^3+0,0.0012276159*J1^3+-0.0012276159*J1^2*J2^1+-0.0012276159*J1^1*J2^2+0.0012276159*J2^3+0,-0.0021262932*J1^3+0.0021262932*J1^2*J2^1+0.0021262932*J1^1*J2^2+-0.0021262932*J2^3+0,0.0012276159*J1^3+-0.0012276159*J1^2*J2^1+-0.0012276159*J1^1*J2^2+0.0012276159*J2^3+0,0.0012276159*J1^3+-0.0012276159*J1^2*J2^1+-0.0012276159*J1^1*J2^2+0.0012276159*J2^3+0,-0.0007087644*J1^3+0.0007087644*J1^2*J2^1+0.0007087644*J1^1*J2^2+-0.0007087644*J2^3+0},
{0,0,0,0,0,0,0,0,0,0,0,0,0,0,0,0,0,0,0,0,0,0,0,0,0,0,0,0,0,0,0,0,0,0,0,0,0,0,0,0,0,0,0,0,0,0,0,0,0,0,0,0,0,0,0,0,0,0,0,0,0,0,0,0,0,0,0,0,0,0,0,0,-0.0026041667*J1^3+0.0026041667*J1^1*J2^2+0,-0.0015035163*J1^2*J2^1+0.0015035163*J2^3+0,-0.0015035163*J1^2*J2^1+0.0015035163*J2^3+0,-0.0008680556*J1^3+0.0008680556*J1^1*J2^2+0,-0.0030070327*J1^3+0.0015035163*J1^2*J2^1+0.0030070327*J1^1*J2^2+-0.0015035163*J2^3+0,-0.0026041667*J1^3+0.0017361111*J1^2*J2^1+0.0026041667*J1^1*J2^2+-0.0017361111*J2^3+0,-0.0026041667*J1^3+0.0017361111*J1^2*J2^1+0.0026041667*J1^1*J2^2+-0.0017361111*J2^3+0,-0.0010023442*J1^3+0.0005011721*J1^2*J2^1+0.0010023442*J1^1*J2^2+-0.0005011721*J2^3+0,0.0026041667*J1^2*J2^1+-0.0026041667*J2^3+0,0.0015035163*J1^3+-0.0015035163*J1^1*J2^2+0,0.0015035163*J1^3+-0.0015035163*J1^1*J2^2+0,0.0008680556*J1^2*J2^1+-0.0008680556*J2^3+0,-0.0015035163*J1^3+0.0030070327*J1^2*J2^1+0.0015035163*J1^1*J2^2+-0.0030070327*J2^3+0,-0.0017361111*J1^3+0.0026041667*J1^2*J2^1+0.0017361111*J1^1*J2^2+-0.0026041667*J2^3+0,-0.0017361111*J1^3+0.0026041667*J1^2*J2^1+0.0017361111*J1^1*J2^2+-0.0026041667*J2^3+0,-0.0005011721*J1^3+0.0010023442*J1^2*J2^1+0.0005011721*J1^1*J2^2+-0.0010023442*J2^3+0,0.0036828478*J1^3+-0.0036828478*J1^2*J2^1+-0.0036828478*J1^1*J2^2+0.0036828478*J2^3+0,-0.0021262932*J1^3+0.0021262932*J1^2*J2^1+0.0021262932*J1^1*J2^2+-0.0021262932*J2^3+0,-0.0021262932*J1^3+0.0021262932*J1^2*J2^1+0.0021262932*J1^1*J2^2+-0.0021262932*J2^3+0,0.0012276159*J1^3+-0.0012276159*J1^2*J2^1+-0.0012276159*J1^1*J2^2+0.0012276159*J2^3+0,0.0063788795*J1^3+-0.0063788795*J1^2*J2^1+-0.0063788795*J1^1*J2^2+0.0063788795*J2^3+0,0.0061380797*J1^3+-0.0061380797*J1^2*J2^1+-0.0061380797*J1^1*J2^2+0.0061380797*J2^3+0,0.0061380797*J1^3+-0.0061380797*J1^2*J2^1+-0.0061380797*J1^1*J2^2+0.0061380797*J2^3+0,0.0021262932*J1^3+-0.0021262932*J1^2*J2^1+-0.0021262932*J1^1*J2^2+0.0021262932*J2^3+0},
{0,0,0,0,0,0,0,0,0,0,0,0,0,0,0,0,0,0,0,0,0,0,0,0,0,0,0,0,0,0,0,0,0,0,0,0,0,0,0,0,0,0,0,0,0,0,0,0,0,0,0,0,0,0,0,0,0,0,0,0,0,0,0,0,0,0,0,0,0,0,0,0,-0.0015035163*J1^2*J2^1+0.0015035163*J2^3+0,0.0008680556*J1^3+-0.0017361111*J1^2*J2^1+-0.0008680556*J1^1*J2^2+0.0017361111*J2^3+0,-0.0008680556*J1^3+0.0008680556*J1^1*J2^2+0,-0.0010023442*J1^3+0.0005011721*J1^2*J2^1+0.0010023442*J1^1*J2^2+-0.0005011721*J2^3+0,-0.0026041667*J1^3+0.0017361111*J1^2*J2^1+0.0026041667*J1^1*J2^2+-0.0017361111*J2^3+0,0.0040093769*J1^3+-0.0125293027*J1^2*J2^1+0.0120281306*J1^1*J2^2+-0.0035082048*J2^3+0,-0.0010023442*J1^3+0.0005011721*J1^2*J2^1+0.0010023442*J1^1*J2^2+-0.0005011721*J2^3+0,-0.0037615741*J1^3+0.0081018519*J1^2*J2^1+-0.0054976852*J1^1*J2^2+0.0011574074*J2^3+0,0.0015035163*J1^3+-0.0015035163*J1^1*J2^2+0,-0.0017361111*J1^3+0.0026041667*J1^2*J2^1+0.0017361111*J1^1*J2^2+-0.0026041667*J2^3+0,0.0008680556*J1^2*J2^1+-0.0008680556*J2^3+0,0.0015035163*J1^3+-0.0010023442*J1^2*J2^1+-0.0015035163*J1^1*J2^2+0.0010023442*J2^3+0,-0.0017361111*J1^3+0.0026041667*J1^2*J2^1+0.0017361111*J1^1*J2^2+-0.0026041667*J2^3+0,0.0025058605*J1^3+-0.0100234422*J1^2*J2^1+0.0135316469*J1^1*J2^2+-0.0060140653*J2^3+0,-0.0005011721*J1^3+0.0010023442*J1^2*J2^1+0.0005011721*J1^1*J2^2+-0.0010023442*J2^3+0,-0.0023148148*J1^3+0.0072337963*J1^2*J2^1+-0.0069444444*J1^1*J2^2+0.0020254630*J2^3+0,-0.0021262932*J1^3+0.0021262932*J1^2*J2^1+0.0021262932*J1^1*J2^2+-0.0021262932*J2^3+0,0.0012276159*J1^3+-0.0012276159*J1^2*J2^1+-0.0012276159*J1^1*J2^2+0.0012276159*J2^3+0,0.0012276159*J1^3+-0.0012276159*J1^2*J2^1+-0.0012276159*J1^1*J2^2+0.0012276159*J2^3+0,-0.0007087644*J1^3+0.0007087644*J1^2*J2^1+0.0007087644*J1^1*J2^2+-0.0007087644*J2^3+0,0.0061380797*J1^3+-0.0061380797*J1^2*J2^1+-0.0061380797*J1^1*J2^2+0.0061380797*J2^3+0,-0.0092139371*J1^3+0.0318943977*J1^2*J2^1+-0.0361469841*J1^1*J2^2+0.0134665235*J2^3+0,0.0021262932*J1^3+-0.0021262932*J1^2*J2^1+-0.0021262932*J1^1*J2^2+0.0021262932*J2^3+0,0.0085933116*J1^3+-0.0216878816*J1^2*J2^1+0.0175958285*J1^1*J2^2+-0.0045012584*J2^3+0},
{0,0,0,0,0,0,0,0,0,0,0,0,0,0,0,0,0,0,0,0,0,0,0,0,0,0,0,0,0,0,0,0,0,0,0,0,0,0,0,0,0,0,0,0,0,0,0,0,0,0,0,0,0,0,0,0,0,0,0,0,0,0,0,0,0,0,0,0,0,0,0,0,0,0,-0.0063788795*J1^3+0.0063788795*J1^2*J2^1+0.0063788795*J1^1*J2^2+-0.0063788795*J2^3+0,0.0036828478*J1^3+-0.0036828478*J1^2*J2^1+-0.0036828478*J1^1*J2^2+0.0036828478*J2^3+0,0,0,0.0036828478*J1^3+-0.0036828478*J1^2*J2^1+-0.0036828478*J1^1*J2^2+0.0036828478*J2^3+0,-0.0021262932*J1^3+0.0021262932*J1^2*J2^1+0.0021262932*J1^1*J2^2+-0.0021262932*J2^3+0,0,0,-0.0063788795*J1^3+0.0063788795*J1^2*J2^1+0.0063788795*J1^1*J2^2+-0.0063788795*J2^3+0,0.0036828478*J1^3+-0.0036828478*J1^2*J2^1+-0.0036828478*J1^1*J2^2+0.0036828478*J2^3+0,0,0,0.0036828478*J1^3+-0.0036828478*J1^2*J2^1+-0.0036828478*J1^1*J2^2+0.0036828478*J2^3+0,-0.0021262932*J1^3+0.0021262932*J1^2*J2^1+0.0021262932*J1^1*J2^2+-0.0021262932*J2^3+0,0,0,0,0,0,0,0,0},
{0,0,0,0,0,0,0,0,0,0,0,0,0,0,0,0,0,0,0,0,0,0,0,0,0,0,0,0,0,0,0,0,0,0,0,0,0,0,0,0,0,0,0,0,0,0,0,0,0,0,0,0,0,0,0,0,0,0,0,0,0,0,0,0,0,0,0,0,0,0,0,0,0,0,0.0036828478*J1^3+-0.0036828478*J1^2*J2^1+-0.0036828478*J1^1*J2^2+0.0036828478*J2^3+0,0.0063788795*J1^3+-0.0063788795*J1^2*J2^1+-0.0063788795*J1^1*J2^2+0.0063788795*J2^3+0,0,0,-0.0021262932*J1^3+0.0021262932*J1^2*J2^1+0.0021262932*J1^1*J2^2+-0.0021262932*J2^3+0,0.0061380797*J1^3+-0.0061380797*J1^2*J2^1+-0.0061380797*J1^1*J2^2+0.0061380797*J2^3+0,0,0,0.0036828478*J1^3+-0.0036828478*J1^2*J2^1+-0.0036828478*J1^1*J2^2+0.0036828478*J2^3+0,-0.0106314659*J1^3+0.0106314659*J1^2*J2^1+0.0106314659*J1^1*J2^2+-0.0106314659*J2^3+0,0,0,-0.0021262932*J1^3+0.0021262932*J1^2*J2^1+0.0021262932*J1^1*J2^2+-0.0021262932*J2^3+0,-0.0036828478*J1^3+0.0036828478*J1^2*J2^1+0.0036828478*J1^1*J2^2+-0.0036828478*J2^3+0,0,0,0,0,0,0,0,0},
{0,0,0,0,0,0,0,0,0,0,0,0,0,0,0,0,0,0,0,0,0,0,0,0,0,0,0,0,0,0,0,0,0,0,0,0,0,0,0,0,0,0,0,0,0,0,0,0,0,0,0,0,0,0,0,0,0,0,0,0,0,0,0,0,0,0,0,0,0,0,0,0,0,0,0.0036828478*J1^3+-0.0036828478*J1^2*J2^1+-0.0036828478*J1^1*J2^2+0.0036828478*J2^3+0,-0.0021262932*J1^3+0.0021262932*J1^2*J2^1+0.0021262932*J1^1*J2^2+-0.0021262932*J2^3+0,0,0,-0.0021262932*J1^3+0.0021262932*J1^2*J2^1+0.0021262932*J1^1*J2^2+-0.0021262932*J2^3+0,0.0012276159*J1^3+-0.0012276159*J1^2*J2^1+-0.0012276159*J1^1*J2^2+0.0012276159*J2^3+0,0,0,0.0036828478*J1^3+-0.0036828478*J1^2*J2^1+-0.0036828478*J1^1*J2^2+0.0036828478*J2^3+0,-0.0021262932*J1^3+0.0021262932*J1^2*J2^1+0.0021262932*J1^1*J2^2+-0.0021262932*J2^3+0,0,0,-0.0021262932*J1^3+0.0021262932*J1^2*J2^1+0.0021262932*J1^1*J2^2+-0.0021262932*J2^3+0,0.0012276159*J1^3+-0.0012276159*J1^2*J2^1+-0.0012276159*J1^1*J2^2+0.0012276159*J2^3+0,0,0,0,0,0,0,0,0},
{0,0,0,0,0,0,0,0,0,0,0,0,0,0,0,0,0,0,0,0,0,0,0,0,0,0,0,0,0,0,0,0,0,0,0,0,0,0,0,0,0,0,0,0,0,0,0,0,0,0,0,0,0,0,0,0,0,0,0,0,0,0,0,0,0,0,0,0,0,0,0,0,0,0,-0.0021262932*J1^3+0.0021262932*J1^2*J2^1+0.0021262932*J1^1*J2^2+-0.0021262932*J2^3+0,0.0061380797*J1^3+-0.0061380797*J1^2*J2^1+-0.0061380797*J1^1*J2^2+0.0061380797*J2^3+0,0,0,0.0012276159*J1^3+-0.0012276159*J1^2*J2^1+-0.0012276159*J1^1*J2^2+0.0012276159*J2^3+0,-0.0092139371*J1^3+0.0318943977*J1^2*J2^1+-0.0361469841*J1^1*J2^2+0.0134665235*J2^3+0,0,0,-0.0021262932*J1^3+0.0021262932*J1^2*J2^1+0.0021262932*J1^1*J2^2+-0.0021262932*J2^3+0,-0.0036828478*J1^3+0.0036828478*J1^2*J2^1+0.0036828478*J1^1*J2^2+-0.0036828478*J2^3+0,0,0,0.0012276159*J1^3+-0.0012276159*J1^2*J2^1+-0.0012276159*J1^1*J2^2+0.0012276159*J2^3+0,-0.0148840523*J1^3+0.0375645128*J1^2*J2^1+-0.0304768689*J1^1*J2^2+0.0077964083*J2^3+0,0,0,0,0,0,0,0,0},
{0,0,0,0,0,0,0,0,0,0,0,0,0,0,0,0,0,0,0,0,0,0,0,0,0,0,0,0,0,0,0,0,0,0,0,0,0,0,0,0,0,0,0,0,0,0,0,0,0,0,0,0,0,0,0,0,0,0,0,0,0,0,0,0,0,0,0,0,0,0,0,0,0,0,0.0036828478*J1^3+-0.0036828478*J1^2*J2^1+-0.0036828478*J1^1*J2^2+0.0036828478*J2^3+0,-0.0021262932*J1^3+0.0021262932*J1^2*J2^1+0.0021262932*J1^1*J2^2+-0.0021262932*J2^3+0,0,0,-0.0021262932*J1^3+0.0021262932*J1^2*J2^1+0.0021262932*J1^1*J2^2+-0.0021262932*J2^3+0,0.0012276159*J1^3+-0.0012276159*J1^2*J2^1+-0.0012276159*J1^1*J2^2+0.0012276159*J2^3+0,0,0,0.0036828478*J1^3+-0.0036828478*J1^2*J2^1+-0.0036828478*J1^1*J2^2+0.0036828478*J2^3+0,-0.0021262932*J1^3+0.0021262932*J1^2*J2^1+0.0021262932*J1^1*J2^2+-0.0021262932*J2^3+0,0,0,-0.0021262932*J1^3+0.0021262932*J1^2*J2^1+0.0021262932*J1^1*J2^2+-0.0021262932*J2^3+0,0.0012276159*J1^3+-0.0012276159*J1^2*J2^1+-0.0012276159*J1^1*J2^2+0.0012276159*J2^3+0,0,0,-0.0104166667*J1^3+0.0104166667*J1^2*J2^1+0.0104166667*J1^1*J2^2+-0.0104166667*J2^3+0,0.0060140653*J1^3+-0.0060140653*J1^2*J2^1+-0.0060140653*J1^1*J2^2+0.0060140653*J2^3+0,0,0,0.0060140653*J1^3+-0.0060140653*J1^2*J2^1+-0.0060140653*J1^1*J2^2+0.0060140653*J2^3+0,-0.0034722222*J1^3+0.0034722222*J1^2*J2^1+0.0034722222*J1^1*J2^2+-0.0034722222*J2^3+0},
{0,0,0,0,0,0,0,0,0,0,0,0,0,0,0,0,0,0,0,0,0,0,0,0,0,0,0,0,0,0,0,0,0,0,0,0,0,0,0,0,0,0,0,0,0,0,0,0,0,0,0,0,0,0,0,0,0,0,0,0,0,0,0,0,0,0,0,0,0,0,0,0,0,0,-0.0021262932*J1^3+0.0021262932*J1^2*J2^1+0.0021262932*J1^1*J2^2+-0.0021262932*J2^3+0,0.0061380797*J1^3+-0.0061380797*J1^2*J2^1+-0.0061380797*J1^1*J2^2+0.0061380797*J2^3+0,0,0,0.0012276159*J1^3+-0.0012276159*J1^2*J2^1+-0.0012276159*J1^1*J2^2+0.0012276159*J2^3+0,0.0021262932*J1^3+-0.0021262932*J1^2*J2^1+-0.0021262932*J1^1*J2^2+0.0021262932*J2^3+0,0,0,-0.0021262932*J1^3+0.0021262932*J1^2*J2^1+0.0021262932*J1^1*J2^2+-0.0021262932*J2^3+0,-0.0036828478*J1^3+0.0036828478*J1^2*J2^1+0.0036828478*J1^1*J2^2+-0.0036828478*J2^3+0,0,0,0.0012276159*J1^3+-0.0012276159*J1^2*J2^1+-0.0012276159*J1^1*J2^2+0.0012276159*J2^3+0,-0.0035438220*J1^3+0.0035438220*J1^2*J2^1+0.0035438220*J1^1*J2^2+-0.0035438220*J2^3+0,0,0,0.0060140653*J1^3+-0.0060140653*J1^2*J2^1+-0.0060140653*J1^1*J2^2+0.0060140653*J2^3+0,-0.0034722222*J1^3+0.0034722222*J1^2*J2^1+0.0034722222*J1^1*J2^2+-0.0034722222*J2^3+0,0,0,-0.0034722222*J1^3+0.0034722222*J1^2*J2^1+0.0034722222*J1^1*J2^2+-0.0034722222*J2^3+0,0.0020046884*J1^3+-0.0020046884*J1^2*J2^1+-0.0020046884*J1^1*J2^2+0.0020046884*J2^3+0},
{0,0,0,0,0,0,0,0,0,0,0,0,0,0,0,0,0,0,0,0,0,0,0,0,0,0,0,0,0,0,0,0,0,0,0,0,0,0,0,0,0,0,0,0,0,0,0,0,0,0,0,0,0,0,0,0,0,0,0,0,0,0,0,0,0,0,0,0,0,0,0,0,0,0,-0.0021262932*J1^3+0.0021262932*J1^2*J2^1+0.0021262932*J1^1*J2^2+-0.0021262932*J2^3+0,0.0012276159*J1^3+-0.0012276159*J1^2*J2^1+-0.0012276159*J1^1*J2^2+0.0012276159*J2^3+0,0,0,0.0012276159*J1^3+-0.0012276159*J1^2*J2^1+-0.0012276159*J1^1*J2^2+0.0012276159*J2^3+0,-0.0007087644*J1^3+0.0007087644*J1^2*J2^1+0.0007087644*J1^1*J2^2+-0.0007087644*J2^3+0,0,0,-0.0021262932*J1^3+0.0021262932*J1^2*J2^1+0.0021262932*J1^1*J2^2+-0.0021262932*J2^3+0,0.0012276159*J1^3+-0.0012276159*J1^2*J2^1+-0.0012276159*J1^1*J2^2+0.0012276159*J2^3+0,0,0,0.0012276159*J1^3+-0.0012276159*J1^2*J2^1+-0.0012276159*J1^1*J2^2+0.0012276159*J2^3+0,-0.0007087644*J1^3+0.0007087644*J1^2*J2^1+0.0007087644*J1^1*J2^2+-0.0007087644*J2^3+0,0,0,0.0060140653*J1^3+-0.0060140653*J1^2*J2^1+-0.0060140653*J1^1*J2^2+0.0060140653*J2^3+0,-0.0034722222*J1^3+0.0034722222*J1^2*J2^1+0.0034722222*J1^1*J2^2+-0.0034722222*J2^3+0,0,0,-0.0034722222*J1^3+0.0034722222*J1^2*J2^1+0.0034722222*J1^1*J2^2+-0.0034722222*J2^3+0,0.0020046884*J1^3+-0.0020046884*J1^2*J2^1+-0.0020046884*J1^1*J2^2+0.0020046884*J2^3+0},
{0,0,0,0,0,0,0,0,0,0,0,0,0,0,0,0,0,0,0,0,0,0,0,0,0,0,0,0,0,0,0,0,0,0,0,0,0,0,0,0,0,0,0,0,0,0,0,0,0,0,0,0,0,0,0,0,0,0,0,0,0,0,0,0,0,0,0,0,0,0,0,0,0,0,0.0012276159*J1^3+-0.0012276159*J1^2*J2^1+-0.0012276159*J1^1*J2^2+0.0012276159*J2^3+0,0.0021262932*J1^3+-0.0021262932*J1^2*J2^1+-0.0021262932*J1^1*J2^2+0.0021262932*J2^3+0,0,0,-0.0007087644*J1^3+0.0007087644*J1^2*J2^1+0.0007087644*J1^1*J2^2+-0.0007087644*J2^3+0,0.0085933116*J1^3+-0.0216878816*J1^2*J2^1+0.0175958285*J1^1*J2^2+-0.0045012584*J2^3+0,0,0,0.0012276159*J1^3+-0.0012276159*J1^2*J2^1+-0.0012276159*J1^1*J2^2+0.0012276159*J2^3+0,-0.0035438220*J1^3+0.0035438220*J1^2*J2^1+0.0035438220*J1^1*J2^2+-0.0035438220*J2^3+0,0,0,-0.0007087644*J1^3+0.0007087644*J1^2*J2^1+0.0007087644*J1^1*J2^2+-0.0007087644*J2^3+0,0.0053196691*J1^3+-0.0184142391*J1^2*J2^1+0.0208694710*J1^1*J2^2+-0.0077749010*J2^3+0,0,0,-0.0034722222*J1^3+0.0034722222*J1^2*J2^1+0.0034722222*J1^1*J2^2+-0.0034722222*J2^3+0,0.0020046884*J1^3+-0.0020046884*J1^2*J2^1+-0.0020046884*J1^1*J2^2+0.0020046884*J2^3+0,0,0,0.0020046884*J1^3+-0.0020046884*J1^2*J2^1+-0.0020046884*J1^1*J2^2+0.0020046884*J2^3+0,-0.0196759259*J1^3+0.0567129630*J1^2*J2^1+-0.0543981481*J1^1*J2^2+0.0173611111*J2^3+0},
{0,0,0,0,0,0,0,0,0,0,0,0,0,0,0,0,0,0,0,0,0,0,0,0,0,0,0,0,0,0,0,0,0,0,0,0,0,0,0,0,0,0,0,0,0,0,0,0,0,0,0,0,0,0,0,0,0,0,0,0,0,0,0,0,0,0,0,0,0,0,0,0,0,0,0,0,0,0,0,0,0,0,0,0,0,0,0,0,0,0,0,0,0,0,0,0},
{0,0,0,0,0,0,0,0,0,0,0,0,0,0,0,0,0,0,0,0,0,0,0,0,0,0,0,0,0,0,0,0,0,0,0,0,0,0,0,0,0,0,0,0,0,0,0,0,0,0,0,0,0,0,0,0,0,0,0,0,0,0,0,0,0,0,0,0,0,0,0,0,0,0,0,0,0,0,0,0,0,0,0,0,0,0,0,0,0,0,0,0,0,0,0,0},
{0,0,0,0,0,0,0,0,0,0,0,0,0,0,0,0,0,0,0,0,0,0,0,0,0,0,0,0,0,0,0,0,0,0,0,0,0,0,0,0,0,0,0,0,0,0,0,0,0,0,0,0,0,0,0,0,0,0,0,0,0,0,0,0,0,0,0,0,0,0,0,0,0,0,0,0,0,0,0,0,0,0,0,0,0,0,0,0,0,0,0,0,0,0,0,0},
{0,0,0,0,0,0,0,0,0,0,0,0,0,0,0,0,0,0,0,0,0,0,0,0,0,0,0,0,0,0,0,0,0,0,0,0,0,0,0,0,0,0,0,0,0,0,0,0,0,0,0,0,0,0,0,0,0,0,0,0,0,0,0,0,0,0,0,0,0,0,0,0,0,0,0,0,0,0,0,0,0,0,0,0,0,0,0,0,0,0,0,0,0,0,0,0},
{0,0,0,0,0,0,0,0,0,0,0,0,0,0,0,0,0,0,0,0,0,0,0,0,0,0,0,0,0,0,0,0,0,0,0,0,0,0,0,0,0,0,0,0,0,0,0,0,0,0,0,0,0,0,0,0,0,0,0,0,0,0,0,0,0,0,0,0,0,0,0,0,0,0,0,0,0,0,0,0,0,0,0,0,0,0,0,0,0,0,0,0,0,0,0,0},
{0,0,0,0,0,0,0,0,0,0,0,0,0,0,0,0,0,0,0,0,0,0,0,0,0,0,0,0,0,0,0,0,0,0,0,0,0,0,0,0,0,0,0,0,0,0,0,0,0,0,0,0,0,0,0,0,0,0,0,0,0,0,0,0,0,0,0,0,0,0,0,0,0,0,0,0,0,0,0,0,0,0,0,0,0,0,0,0,0,0,0,0,0,0,0,0},
{0,0,0,0,0,0,0,0,0,0,0,0,0,0,0,0,0,0,0,0,0,0,0,0,0,0,0,0,0,0,0,0,0,0,0,0,0,0,0,0,0,0,0,0,0,0,0,0,0,0,0,0,0,0,0,0,0,0,0,0,0,0,0,0,0,0,0,0,0,0,0,0,0,0,0,0,0,0,0,0,0,0,0,0,0,0,0,0,0,0,0,0,0,0,0,0},
{0,0,0,0,0,0,0,0,0,0,0,0,0,0,0,0,0,0,0,0,0,0,0,0,0,0,0,0,0,0,0,0,0,0,0,0,0,0,0,0,0,0,0,0,0,0,0,0,0,0,0,0,0,0,0,0,0,0,0,0,0,0,0,0,0,0,0,0,0,0,0,0,0,0,0,0,0,0,0,0,0,0,0,0,0,0,0,0,0,0,0,0,0,0,0,0},
{0,0,0,0,0,0,0,0,0,0,0,0,0,0,0,0,0,0,0,0,0,0,0,0,0,0,0,0,0,0,0,0,0,0,0,0,0,0,0,0,0,0,0,0,0,0,0,0,0,0,0,0,0,0,0,0,0,0,0,0,0,0,0,0,0,0,0,0,0,0,0,0,0,0,0,0,0,0,0,0,0,0,0,0,0,0,0,0,0,0,0,0,0,0,0,0},
{0,0,0,0,0,0,0,0,0,0,0,0,0,0,0,0,0,0,0,0,0,0,0,0,0,0,0,0,0,0,0,0,0,0,0,0,0,0,0,0,0,0,0,0,0,0,0,0,0,0,0,0,0,0,0,0,0,0,0,0,0,0,0,0,0,0,0,0,0,0,0,0,0,0,0,0,0,0,0,0,0,0,0,0,0,0,0,0,0,0,0,0,0,0,0,0},
{0,0,0,0,0,0,0,0,0,0,0,0,0,0,0,0,0,0,0,0,0,0,0,0,0,0,0,0,0,0,0,0,0,0,0,0,0,0,0,0,0,0,0,0,0,0,0,0,0,0,0,0,0,0,0,0,0,0,0,0,0,0,0,0,0,0,0,0,0,0,0,0,0,0,0,0,0,0,0,0,0,0,0,0,0,0,0,0,0,0,0,0,0,0,0,0},
{0,0,0,0,0,0,0,0,0,0,0,0,0,0,0,0,0,0,0,0,0,0,0,0,0,0,0,0,0,0,0,0,0,0,0,0,0,0,0,0,0,0,0,0,0,0,0,0,0,0,0,0,0,0,0,0,0,0,0,0,0,0,0,0,0,0,0,0,0,0,0,0,0,0,0,0,0,0,0,0,0,0,0,0,0,0,0,0,0,0,0,0,0,0,0,0},
{0,0,0,0,0,0,0,0,0,0,0,0,0,0,0,0,0,0,0,0,0,0,0,0,0,0,0,0,0,0,0,0,0,0,0,0,0,0,0,0,0,0,0,0,0,0,0,0,0,0,0,0,0,0,0,0,0,0,0,0,0,0,0,0,0,0,0,0,0,0,0,0,0,0,0,0,0,0,0,0,0,0,0,0,0,0,0,0,0,0,0,0,0,0,0,0},
{0,0,0,0,0,0,0,0,0,0,0,0,0,0,0,0,0,0,0,0,0,0,0,0,0,0,0,0,0,0,0,0,0,0,0,0,0,0,0,0,0,0,0,0,0,0,0,0,0,0,0,0,0,0,0,0,0,0,0,0,0,0,0,0,0,0,0,0,0,0,0,0,0,0,0,0,0,0,0,0,0,0,0,0,0,0,0,0,0,0,0,0,0,0,0,0},
{0,0,0,0,0,0,0,0,0,0,0,0,0,0,0,0,0,0,0,0,0,0,0,0,0,0,0,0,0,0,0,0,0,0,0,0,0,0,0,0,0,0,0,0,0,0,0,0,0,0,0,0,0,0,0,0,0,0,0,0,0,0,0,0,0,0,0,0,0,0,0,0,0,0,0,0,0,0,0,0,0,0,0,0,0,0,0,0,0,0,0,0,0,0,0,0},
{0,0,0,0,0,0,0,0,0,0,0,0,0,0,0,0,0,0,0,0,0,0,0,0,0,0,0,0,0,0,0,0,0,0,0,0,0,0,0,0,0,0,0,0,0,0,0,0,0,0,0,0,0,0,0,0,0,0,0,0,0,0,0,0,0,0,0,0,0,0,0,0,0,0,0,0,0,0,0,0,0,0,0,0,0,0,0,0,0,0,0,0,0,0,0,0},
{0,0,0,0,0,0,0,0,0,0,0,0,0,0,0,0,0,0,0,0,0,0,0,0,0,0,0,0,0,0,0,0,0,0,0,0,0,0,0,0,0,0,0,0,0,0,0,0,0,0,0,0,0,0,0,0,0,0,0,0,0,0,0,0,0,0,0,0,0,0,0,0,0,0,0,0,0,0,0,0,0,0,0,0,0,0,0,0,0,0,0,0,0,0,0,0},
{0,0,0,0,0,0,0,0,0,0,0,0,0,0,0,0,0,0,0,0,0,0,0,0,0,0,0,0,0,0,0,0,0,0,0,0,0,0,0,0,0,0,0,0,0,0,0,0,0,0,0,0,0,0,0,0,0,0,0,0,0,0,0,0,0,0,0,0,0,0,0,0,0,0,0,0,0,0,0,0,0,0,0,0,0,0,0,0,0,0,0,0,0,0,0,0},
{0,0,0,0,0,0,0,0,0,0,0,0,0,0,0,0,0,0,0,0,0,0,0,0,0,0,0,0,0,0,0,0,0,0,0,0,0,0,0,0,0,0,0,0,0,0,0,0,0,0,0,0,0,0,0,0,0,0,0,0,0,0,0,0,0,0,0,0,0,0,0,0,0,0,0,0,0,0,0,0,0,0,0,0,0,0,0,0,0,0,0,0,0,0,0,0},
{0,0,0,0,0,0,0,0,0,0,0,0,0,0,0,0,0,0,0,0,0,0,0,0,0,0,0,0,0,0,0,0,0,0,0,0,0,0,0,0,0,0,0,0,0,0,0,0,0,0,0,0,0,0,0,0,0,0,0,0,0,0,0,0,0,0,0,0,0,0,0,0,0,0,0,0,0,0,0,0,0,0,0,0,0,0,0,0,0,0,0,0,0,0,0,0},
{0,0,0,0,0,0,0,0,0,0,0,0,0,0,0,0,0,0,0,0,0,0,0,0,0,0,0,0,0,0,0,0,0,0,0,0,0,0,0,0,0,0,0,0,0,0,0,0,0,0,0,0,0,0,0,0,0,0,0,0,0,0,0,0,0,0,0,0,0,0,0,0,0,0,0,0,0,0,0,0,0,0,0,0,0,0,0,0,0,0,0,0,0,0,0,0},
{0,0,0,0,0,0,0,0,0,0,0,0,0,0,0,0,0,0,0,0,0,0,0,0,0,0,0,0,0,0,0,0,0,0,0,0,0,0,0,0,0,0,0,0,0,0,0,0,0,0,0,0,0,0,0,0,0,0,0,0,0,0,0,0,0,0,0,0,0,0,0,0,0,0,0,0,0,0,0,0,0,0,0,0,0,0,0,0,0,0,0,0,0,0,0,0},
{0,0,0,0,0,0,0,0,0,0,0,0,0,0,0,0,0,0,0,0,0,0,0,0,0,0,0,0,0,0,0,0,0,0,0,0,0,0,0,0,0,0,0,0,0,0,0,0,0,0,0,0,0,0,0,0,0,0,0,0,0,0,0,0,0,0,0,0,0,0,0,0,0,0,0,0,0,0,0,0,0,0,0,0,0,0,0,0,0,0,0,0,0,0,0,0},
{0,0,0,0,0,0,0,0,0,0,0,0,0,0,0,0,0,0,0,0,0,0,0,0,0,0,0,0,0,0,0,0,0,0,0,0,0,0,0,0,0,0,0,0,0,0,0,0,0,0,0,0,0,0,0,0,0,0,0,0,0,0,0,0,0,0,0,0,0,0,0,0,0,0,0,0,0,0,0,0,0,0,0,0,0,0,0,0,0,0,0,0,0,0,0,0},
{0,0,0,0,0,0,0,0,0,0,0,0,0,0,0,0,0,0,0,0,0,0,0,0,0.0078125000*J1^2*J2^1+-0.0078125000*J2^3+0,0.0045105490*J1^3+-0.0045105490*J1^1*J2^2+0,0.0045105490*J1^3+-0.0045105490*J1^1*J2^2+0,0.0026041667*J1^2*J2^1+-0.0026041667*J2^3+0,0.0045105490*J1^3+-0.0045105490*J1^1*J2^2+0,0.0026041667*J1^2*J2^1+-0.0026041667*J2^3+0,0.0026041667*J1^2*J2^1+-0.0026041667*J2^3+0,0.0015035163*J1^3+-0.0015035163*J1^1*J2^2+0,-0.0078125000*J1^3+0.0078125000*J1^1*J2^2+0,-0.0045105490*J1^2*J2^1+0.0045105490*J2^3+0,-0.0045105490*J1^2*J2^1+0.0045105490*J2^3+0,-0.0026041667*J1^3+0.0026041667*J1^1*J2^2+0,-0.0045105490*J1^2*J2^1+0.0045105490*J2^3+0,-0.0026041667*J1^3+0.0026041667*J1^1*J2^2+0,-0.0026041667*J1^3+0.0026041667*J1^1*J2^2+0,-0.0015035163*J1^2*J2^1+0.0015035163*J2^3+0,0,0,0,0,0,0,0,0,0,0,0,0,0,0,0,0,0,0,0,0,0,0,0,0,0,0,0,0,0,0,0,0,0,0,0,0,0,0,0,0,0,0,0,0,0,0,0,0,0,0,0,0,0,0,0,0},
{0,0,0,0,0,0,0,0,0,0,0,0,0,0,0,0,0,0,0,0,0,0,0,0,0.0045105490*J1^3+-0.0045105490*J1^1*J2^2+0,0.0052083333*J1^3+-0.0026041667*J1^2*J2^1+-0.0052083333*J1^1*J2^2+0.0026041667*J2^3+0,0.0026041667*J1^2*J2^1+-0.0026041667*J2^3+0,0.0045105490*J1^3+-0.0030070327*J1^2*J2^1+-0.0045105490*J1^1*J2^2+0.0030070327*J2^3+0,0.0026041667*J1^2*J2^1+-0.0026041667*J2^3+0,0.0045105490*J1^3+-0.0030070327*J1^2*J2^1+-0.0045105490*J1^1*J2^2+0.0030070327*J2^3+0,0.0015035163*J1^3+-0.0015035163*J1^1*J2^2+0,0.0017361111*J1^3+-0.0008680556*J1^2*J2^1+-0.0017361111*J1^1*J2^2+0.0008680556*J2^3+0,-0.0045105490*J1^2*J2^1+0.0045105490*J2^3+0,0.0026041667*J1^3+-0.0052083333*J1^2*J2^1+-0.0026041667*J1^1*J2^2+0.0052083333*J2^3+0,-0.0026041667*J1^3+0.0026041667*J1^1*J2^2+0,0.0030070327*J1^3+-0.0045105490*J1^2*J2^1+-0.0030070327*J1^1*J2^2+0.0045105490*J2^3+0,-0.0026041667*J1^3+0.0026041667*J1^1*J2^2+0,0.0030070327*J1^3+-0.0045105490*J1^2*J2^1+-0.0030070327*J1^1*J2^2+0.0045105490*J2^3+0,-0.0015035163*J1^2*J2^1+0.0015035163*J2^3+0,0.0008680556*J1^3+-0.0017361111*J1^2*J2^1+-0.0008680556*J1^1*J2^2+0.0017361111*J2^3+0,0,0,0,0,0,0,0,0,0,0,0,0,0,0,0,0,0,0,0,0,0,0,0,0,0,0,0,0,0,0,0,0,0,0,0,0,0,0,0,0,0,0,0,0,0,0,0,0,0,0,0,0,0,0,0,0},
{0,0,0,0,0,0,0,0,0,0,0,0,0,0,0,0,0,0,0,0,0,0,0,0,0.0045105490*J1^3+-0.0045105490*J1^1*J2^2+0,0.0026041667*J1^2*J2^1+-0.0026041667*J2^3+0,0.0026041667*J1^2*J2^1+-0.0026041667*J2^3+0,0.0015035163*J1^3+-0.0015035163*J1^1*J2^2+0,0.0026041667*J1^2*J2^1+-0.0026041667*J2^3+0,0.0015035163*J1^3+-0.0015035163*J1^1*J2^2+0,0.0015035163*J1^3+-0.0015035163*J1^1*J2^2+0,0.0008680556*J1^2*J2^1+-0.0008680556*J2^3+0,-0.0045105490*J1^2*J2^1+0.0045105490*J2^3+0,-0.0026041667*J1^3+0.0026041667*J1^1*J2^2+0,-0.0026041667*J1^3+0.0026041667*J1^1*J2^2+0,-0.0015035163*J1^2*J2^1+0.0015035163*J2^3+0,-0.0026041667*J1^3+0.0026041667*J1^1*J2^2+0,-0.0015035163*J1^2*J2^1+0.0015035163*J2^3+0,-0.0015035163*J1^2*J2^1+0.0015035163*J2^3+0,-0.0008680556*J1^3+0.0008680556*J1^1*J2^2+0,-0.0063788795*J1^3+0.0063788795*J1^2*J2^1+0.0063788795*J1^1*J2^2+-0.0063788795*J2^3+0,0.0036828478*J1^3+-0.0036828478*J1^2*J2^1+-0.0036828478*J1^1*J2^2+0.0036828478*J2^3+0,0.0036828478*J1^3+-0.0036828478*J1^2*J2^1+-0.0036828478*J1^1*J2^2+0.0036828478*J2^3+0,-0.0021262932*J1^3+0.0021262932*J1^2*J2^1+0.0021262932*J1^1*J2^2+-0.0021262932*J2^3+0,0.0036828478*J1^3+-0.0036828478*J1^2*J2^1+-0.0036828478*J1^1*J2^2+0.0036828478*J2^3+0,-0.0021262932*J1^3+0.0021262932*J1^2*J2^1+0.0021262932*J1^1*J2^2+-0.0021262932*J2^3+0,-0.0021262932*J1^3+0.0021262932*J1^2*J2^1+0.0021262932*J1^1*J2^2+-0.0021262932*J2^3+0,0.0012276159*J1^3+-0.0012276159*J1^2*J2^1+-0.0012276159*J1^1*J2^2+0.0012276159*J2^3+0,0,0,0,0,0,0,0,0,0,0,0,0,0,0,0,0,0,0,0,0,0,0,0,0,0,0,0,0,0,0,0,0,0,0,0,0,0,0,0,0,0,0,0,0,0,0,0,0},
{0,0,0,0,0,0,0,0,0,0,0,0,0,0,0,0,0,0,0,0,0,0,0,0,0.0026041667*J1^2*J2^1+-0.0026041667*J2^3+0,-0.0015035163*J1^3+0.0030070327*J1^2*J2^1+0.0015035163*J1^1*J2^2+-0.0030070327*J2^3+0,0.0015035163*J1^3+-0.0015035163*J1^1*J2^2+0,-0.0017361111*J1^3+0.0026041667*J1^2*J2^1+0.0017361111*J1^1*J2^2+-0.0026041667*J2^3+0,0.0015035163*J1^3+-0.0015035163*J1^1*J2^2+0,-0.0017361111*J1^3+0.0026041667*J1^2*J2^1+0.0017361111*J1^1*J2^2+-0.0026041667*J2^3+0,0.0008680556*J1^2*J2^1+-0.0008680556*J2^3+0,-0.0005011721*J1^3+0.0010023442*J1^2*J2^1+0.0005011721*J1^1*J2^2+-0.0010023442*J2^3+0,-0.0026041667*J1^3+0.0026041667*J1^1*J2^2+0,-0.0030070327*J1^3+0.0015035163*J1^2*J2^1+0.0030070327*J1^1*J2^2+-0.0015035163*J2^3+0,-0.0015035163*J1^2*J2^1+0.0015035163*J2^3+0,-0.0026041667*J1^3+0.0017361111*J1^2*J2^1+0.0026041667*J1^1*J2^2+-0.0017361111*J2^3+0,-0.0015035163*J1^2*J2^1+0.0015035163*J2^3+0,-0.0026041667*J1^3+0.0017361111*J1^2*J2^1+0.0026041667*J1^1*J2^2+-0.0017361111*J2^3+0,-0.0008680556*J1^3+0.0008680556*J1^1*J2^2+0,-0.0010023442*J1^3+0.0005011721*J1^2*J2^1+0.0010023442*J1^1*J2^2+-0.0005011721*J2^3+0,0.0036828478*J1^3+-0.0036828478*J1^2*J2^1+-0.0036828478*J1^1*J2^2+0.0036828478*J2^3+0,0.0063788795*J1^3+-0.0063788795*J1^2*J2^1+-0.0063788795*J1^1*J2^2+0.0063788795*J2^3+0,-0.0021262932*J1^3+0.0021262932*J1^2*J2^1+0.0021262932*J1^1*J2^2+-0.0021262932*J2^3+0,0.0061380797*J1^3+-0.0061380797*J1^2*J2^1+-0.0061380797*J1^1*J2^2+0.0061380797*J2^3+0,-0.0021262932*J1^3+0.0021262932*J1^2*J2^1+0.0021262932*J1^1*J2^2+-0.0021262932*J2^3+0,0.0061380797*J1^3+-0.0061380797*J1^2*J2^1+-0.0061380797*J1^1*J2^2+0.0061380797*J2^3+0,0.0012276159*J1^3+-0.0012276159*J1^2*J2^1+-0.0012276159*J1^1*J2^2+0.0012276159*J2^3+0,0.0021262932*J1^3+-0.0021262932*J1^2*J2^1+-0.0021262932*J1^1*J2^2+0.0021262932*J2^3+0,0,0,0,0,0,0,0,0,0,0,0,0,0,0,0,0,0,0,0,0,0,0,0,0,0,0,0,0,0,0,0,0,0,0,0,0,0,0,0,0,0,0,0,0,0,0,0,0},
{0,0,0,0,0,0,0,0,0,0,0,0,0,0,0,0,0,0,0,0,0,0,0,0,0.0045105490*J1^3+-0.0045105490*J1^1*J2^2+0,0.0026041667*J1^2*J2^1+-0.0026041667*J2^3+0,-0.0052083333*J1^3+0.0078125000*J1^2*J2^1+0.0052083333*J1^1*J2^2+-0.0078125000*J2^3+0,-0.0015035163*J1^3+0.0030070327*J1^2*J2^1+0.0015035163*J1^1*J2^2+-0.0030070327*J2^3+0,0.0026041667*J1^2*J2^1+-0.0026041667*J2^3+0,0.0015035163*J1^3+-0.0015035163*J1^1*J2^2+0,0.0045105490*J1^3+-0.0030070327*J1^2*J2^1+-0.0045105490*J1^1*J2^2+0.0030070327*J2^3+0,0.0017361111*J1^3+-0.0008680556*J1^2*J2^1+-0.0017361111*J1^1*J2^2+0.0008680556*J2^3+0,-0.0045105490*J1^2*J2^1+0.0045105490*J2^3+0,-0.0026041667*J1^3+0.0026041667*J1^1*J2^2+0,0.0026041667*J1^3+-0.0052083333*J1^2*J2^1+-0.0026041667*J1^1*J2^2+0.0052083333*J2^3+0,0.0030070327*J1^3+-0.0045105490*J1^2*J2^1+-0.0030070327*J1^1*J2^2+0.0045105490*J2^3+0,-0.0026041667*J1^3+0.0026041667*J1^1*J2^2+0,-0.0015035163*J1^2*J2^1+0.0015035163*J2^3+0,-0.0030070327*J1^3+0.0015035163*J1^2*J2^1+0.0030070327*J1^1*J2^2+-0.0015035163*J2^3+0,-0.0026041667*J1^3+0.0017361111*J1^2*J2^1+0.0026041667*J1^1*J2^2+-0.0017361111*J2^3+0,0,0,0,0,0,0,0,0,0,0,0,0,0,0,0,0,0,0,0,0,0,0,0,0,0,0,0,0,0,0,0,0,0,0,0,0,0,0,0,0,0,0,0,0,0,0,0,0,0,0,0,0,0,0,0,0},
{0,0,0,0,0,0,0,0,0,0,0,0,0,0,0,0,0,0,0,0,0,0,0,0,0.0026041667*J1^2*J2^1+-0.0026041667*J2^3+0,0.0045105490*J1^3+-0.0030070327*J1^2*J2^1+-0.0045105490*J1^1*J2^2+0.0030070327*J2^3+0,-0.0015035163*J1^3+0.0030070327*J1^2*J2^1+0.0015035163*J1^1*J2^2+-0.0030070327*J2^3+0,-0.0069444444*J1^3+0.0217013889*J1^2*J2^1+-0.0208333333*J1^1*J2^2+0.0060763889*J2^3+0,0.0015035163*J1^3+-0.0015035163*J1^1*J2^2+0,0.0017361111*J1^3+-0.0008680556*J1^2*J2^1+-0.0017361111*J1^1*J2^2+0.0008680556*J2^3+0,0.0017361111*J1^3+-0.0008680556*J1^2*J2^1+-0.0017361111*J1^1*J2^2+0.0008680556*J2^3+0,0.0065152374*J1^3+-0.0140328190*J1^2*J2^1+0.0095222701*J1^1*J2^2+-0.0020046884*J2^3+0,-0.0026041667*J1^3+0.0026041667*J1^1*J2^2+0,0.0030070327*J1^3+-0.0045105490*J1^2*J2^1+-0.0030070327*J1^1*J2^2+0.0045105490*J2^3+0,0.0030070327*J1^3+-0.0045105490*J1^2*J2^1+-0.0030070327*J1^1*J2^2+0.0045105490*J2^3+0,-0.0043402778*J1^3+0.0173611111*J1^2*J2^1+-0.0234375000*J1^1*J2^2+0.0104166667*J2^3+0,-0.0015035163*J1^2*J2^1+0.0015035163*J2^3+0,0.0008680556*J1^3+-0.0017361111*J1^2*J2^1+-0.0008680556*J1^1*J2^2+0.0017361111*J2^3+0,-0.0026041667*J1^3+0.0017361111*J1^2*J2^1+0.0026041667*J1^1*J2^2+-0.0017361111*J2^3+0,0.0040093769*J1^3+-0.0125293027*J1^2*J2^1+0.0120281306*J1^1*J2^2+-0.0035082048*J2^3+0,0,0,0,0,0,0,0,0,0,0,0,0,0,0,0,0,0,0,0,0,0,0,0,0,0,0,0,0,0,0,0,0,0,0,0,0,0,0,0,0,0,0,0,0,0,0,0,0,0,0,0,0,0,0,0,0},
{0,0,0,0,0,0,0,0,0,0,0,0,0,0,0,0,0,0,0,0,0,0,0,0,0.0026041667*J1^2*J2^1+-0.0026041667*J2^3+0,0.0015035163*J1^3+-0.0015035163*J1^1*J2^2+0,-0.0015035163*J1^3+0.0030070327*J1^2*J2^1+0.0015035163*J1^1*J2^2+-0.0030070327*J2^3+0,-0.0017361111*J1^3+0.0026041667*J1^2*J2^1+0.0017361111*J1^1*J2^2+-0.0026041667*J2^3+0,0.0015035163*J1^3+-0.0015035163*J1^1*J2^2+0,0.0008680556*J1^2*J2^1+-0.0008680556*J2^3+0,0.0017361111*J1^3+-0.0008680556*J1^2*J2^1+-0.0017361111*J1^1*J2^2+0.0008680556*J2^3+0,0.0015035163*J1^3+-0.0010023442*J1^2*J2^1+-0.0015035163*J1^1*J2^2+0.0010023442*J2^3+0,-0.0026041667*J1^3+0.0026041667*J1^1*J2^2+0,-0.0015035163*J1^2*J2^1+0.0015035163*J2^3+0,0.0030070327*J1^3+-0.0045105490*J1^2*J2^1+-0.0030070327*J1^1*J2^2+0.0045105490*J2^3+0,0.0008680556*J1^3+-0.0017361111*J1^2*J2^1+-0.0008680556*J1^1*J2^2+0.0017361111*J2^3+0,-0.0015035163*J1^2*J2^1+0.0015035163*J2^3+0,-0.0008680556*J1^3+0.0008680556*J1^1*J2^2+0,-0.0026041667*J1^3+0.0017361111*J1^2*J2^1+0.0026041667*J1^1*J2^2+-0.0017361111*J2^3+0,-0.0010023442*J1^3+0.0005011721*J1^2*J2^1+0.0010023442*J1^1*J2^2+-0.0005011721*J2^3+0,0.0036828478*J1^3+-0.0036828478*J1^2*J2^1+-0.0036828478*J1^1*J2^2+0.0036828478*J2^3+0,-0.0021262932*J1^3+0.0021262932*J1^2*J2^1+0.0021262932*J1^1*J2^2+-0.0021262932*J2^3+0,-0.0021262932*J1^3+0.0021262932*J1^2*J2^1+0.0021262932*J1^1*J2^2+-0.0021262932*J2^3+0,0.0012276159*J1^3+-0.0012276159*J1^2*J2^1+-0.0012276159*J1^1*J2^2+0.0012276159*J2^3+0,-0.0021262932*J1^3+0.0021262932*J1^2*J2^1+0.0021262932*J1^1*J2^2+-0.0021262932*J2^3+0,0.0012276159*J1^3+-0.0012276159*J1^2*J2^1+-0.0012276159*J1^1*J2^2+0.0012276159*J2^3+0,0.0012276159*J1^3+-0.0012276159*J1^2*J2^1+-0.0012276159*J1^1*J2^2+0.0012276159*J2^3+0,-0.0007087644*J1^3+0.0007087644*J1^2*J2^1+0.0007087644*J1^1*J2^2+-0.0007087644*J2^3+0,0,0,0,0,0,0,0,0,0,0,0,0,0,0,0,0,0,0,0,0,0,0,0,0,0,0,0,0,0,0,0,0,0,0,0,0,0,0,0,0,0,0,0,0,0,0,0,0},
{0,0,0,0,0,0,0,0,0,0,0,0,0,0,0,0,0,0,0,0,0,0,0,0,0.0015035163*J1^3+-0.0015035163*J1^1*J2^2+0,-0.0017361111*J1^3+0.0026041667*J1^2*J2^1+0.0017361111*J1^1*J2^2+-0.0026041667*J2^3+0,-0.0017361111*J1^3+0.0026041667*J1^2*J2^1+0.0017361111*J1^1*J2^2+-0.0026041667*J2^3+0,0.0025058605*J1^3+-0.0100234422*J1^2*J2^1+0.0135316469*J1^1*J2^2+-0.0060140653*J2^3+0,0.0008680556*J1^2*J2^1+-0.0008680556*J2^3+0,-0.0005011721*J1^3+0.0010023442*J1^2*J2^1+0.0005011721*J1^1*J2^2+-0.0010023442*J2^3+0,0.0015035163*J1^3+-0.0010023442*J1^2*J2^1+-0.0015035163*J1^1*J2^2+0.0010023442*J2^3+0,-0.0023148148*J1^3+0.0072337963*J1^2*J2^1+-0.0069444444*J1^1*J2^2+0.0020254630*J2^3+0,-0.0015035163*J1^2*J2^1+0.0015035163*J2^3+0,-0.0026041667*J1^3+0.0017361111*J1^2*J2^1+0.0026041667*J1^1*J2^2+-0.0017361111*J2^3+0,0.0008680556*J1^3+-0.0017361111*J1^2*J2^1+-0.0008680556*J1^1*J2^2+0.0017361111*J2^3+0,0.0040093769*J1^3+-0.0125293027*J1^2*J2^1+0.0120281306*J1^1*J2^2+-0.0035082048*J2^3+0,-0.0008680556*J1^3+0.0008680556*J1^1*J2^2+0,-0.0010023442*J1^3+0.0005011721*J1^2*J2^1+0.0010023442*J1^1*J2^2+-0.0005011721*J2^3+0,-0.0010023442*J1^3+0.0005011721*J1^2*J2^1+0.0010023442*J1^1*J2^2+-0.0005011721*J2^3+0,-0.0037615741*J1^3+0.0081018519*J1^2*J2^1+-0.0054976852*J1^1*J2^2+0.0011574074*J2^3+0,-0.0021262932*J1^3+0.0021262932*J1^2*J2^1+0.0021262932*J1^1*J2^2+-0.0021262932*J2^3+0,0.0061380797*J1^3+-0.0061380797*J1^2*J2^1+-0.0061380797*J1^1*J2^2+0.0061380797*J2^3+0,0.0012276159*J1^3+-0.0012276159*J1^2*J2^1+-0.0012276159*J1^1*J2^2+0.0012276159*J2^3+0,-0.0092139371*J1^3+0.0318943977*J1^2*J2^1+-0.0361469841*J1^1*J2^2+0.0134665235*J2^3+0,0.0012276159*J1^3+-0.0012276159*J1^2*J2^1+-0.0012276159*J1^1*J2^2+0.0012276159*J2^3+0,0.0021262932*J1^3+-0.0021262932*J1^2*J2^1+-0.0021262932*J1^1*J2^2+0.0021262932*J2^3+0,-0.0007087644*J1^3+0.0007087644*J1^2*J2^1+0.0007087644*J1^1*J2^2+-0.0007087644*J2^3+0,0.0085933116*J1^3+-0.0216878816*J1^2*J2^1+0.0175958285*J1^1*J2^2+-0.0045012584*J2^3+0,0,0,0,0,0,0,0,0,0,0,0,0,0,0,0,0,0,0,0,0,0,0,0,0,0,0,0,0,0,0,0,0,0,0,0,0,0,0,0,0,0,0,0,0,0,0,0,0},
{0,0,0,0,0,0,0,0,0,0,0,0,0,0,0,0,0,0,0,0,0,0,0,0,-0.0078125000*J1^3+0.0078125000*J1^1*J2^2+0,-0.0045105490*J1^2*J2^1+0.0045105490*J2^3+0,-0.0045105490*J1^2*J2^1+0.0045105490*J2^3+0,-0.0026041667*J1^3+0.0026041667*J1^1*J2^2+0,-0.0045105490*J1^2*J2^1+0.0045105490*J2^3+0,-0.0026041667*J1^3+0.0026041667*J1^1*J2^2+0,-0.0026041667*J1^3+0.0026041667*J1^1*J2^2+0,-0.0015035163*J1^2*J2^1+0.0015035163*J2^3+0,0.0078125000*J1^2*J2^1+-0.0078125000*J2^3+0,0.0045105490*J1^3+-0.0045105490*J1^1*J2^2+0,0.0045105490*J1^3+-0.0045105490*J1^1*J2^2+0,0.0026041667*J1^2*J2^1+-0.0026041667*J2^3+0,0.0045105490*J1^3+-0.0045105490*J1^1*J2^2+0,0.0026041667*J1^2*J2^1+-0.0026041667*J2^3+0,0.0026041667*J1^2*J2^1+-0.0026041667*J2^3+0,0.0015035163*J1^3+-0.0015035163*J1^1*J2^2+0,0,0,0,0,0,0,0,0,0,0,0,0,0,0,0,0,0,0,0,0,0,0,0,0,0,0,0,0,0,0,0,0,0,0,0,0,0,0,0,0,0,0,0,0,0,0,0,0,0,0,0,0,0,0,0,0},
{0,0,0,0,0,0,0,0,0,0,0,0,0,0,0,0,0,0,0,0,0,0,0,0,-0.0045105490*J1^2*J2^1+0.0045105490*J2^3+0,-0.0078125000*J1^3+0.0052083333*J1^2*J2^1+0.0078125000*J1^1*J2^2+-0.0052083333*J2^3+0,-0.0026041667*J1^3+0.0026041667*J1^1*J2^2+0,-0.0030070327*J1^3+0.0015035163*J1^2*J2^1+0.0030070327*J1^1*J2^2+-0.0015035163*J2^3+0,-0.0026041667*J1^3+0.0026041667*J1^1*J2^2+0,-0.0030070327*J1^3+0.0015035163*J1^2*J2^1+0.0030070327*J1^1*J2^2+-0.0015035163*J2^3+0,-0.0015035163*J1^2*J2^1+0.0015035163*J2^3+0,-0.0026041667*J1^3+0.0017361111*J1^2*J2^1+0.0026041667*J1^1*J2^2+-0.0017361111*J2^3+0,0.0045105490*J1^3+-0.0045105490*J1^1*J2^2+0,-0.0052083333*J1^3+0.0078125000*J1^2*J2^1+0.0052083333*J1^1*J2^2+-0.0078125000*J2^3+0,0.0026041667*J1^2*J2^1+-0.0026041667*J2^3+0,-0.0015035163*J1^3+0.0030070327*J1^2*J2^1+0.0015035163*J1^1*J2^2+-0.0030070327*J2^3+0,0.0026041667*J1^2*J2^1+-0.0026041667*J2^3+0,-0.0015035163*J1^3+0.0030070327*J1^2*J2^1+0.0015035163*J1^1*J2^2+-0.0030070327*J2^3+0,0.0015035163*J1^3+-0.0015035163*J1^1*J2^2+0,-0.0017361111*J1^3+0.0026041667*J1^2*J2^1+0.0017361111*J1^1*J2^2+-0.0026041667*J2^3+0,0,0,0,0,0,0,0,0,0,0,0,0,0,0,0,0,0,0,0,0,0,0,0,0,0,0,0,0,0,0,0,0,0,0,0,0,0,0,0,0,0,0,0,0,0,0,0,0,0,0,0,0,0,0,0,0},
{0,0,0,0,0,0,0,0,0,0,0,0,0,0,0,0,0,0,0,0,0,0,0,0,-0.0045105490*J1^2*J2^1+0.0045105490*J2^3+0,-0.0026041667*J1^3+0.0026041667*J1^1*J2^2+0,-0.0026041667*J1^3+0.0026041667*J1^1*J2^2+0,-0.0015035163*J1^2*J2^1+0.0015035163*J2^3+0,-0.0026041667*J1^3+0.0026041667*J1^1*J2^2+0,-0.0015035163*J1^2*J2^1+0.0015035163*J2^3+0,-0.0015035163*J1^2*J2^1+0.0015035163*J2^3+0,-0.0008680556*J1^3+0.0008680556*J1^1*J2^2+0,0.0045105490*J1^3+-0.0045105490*J1^1*J2^2+0,0.0026041667*J1^2*J2^1+-0.0026041667*J2^3+0,0.0026041667*J1^2*J2^1+-0.0026041667*J2^3+0,0.0015035163*J1^3+-0.0015035163*J1^1*J2^2+0,0.0026041667*J1^2*J2^1+-0.0026041667*J2^3+0,0.0015035163*J1^3+-0.0015035163*J1^1*J2^2+0,0.0015035163*J1^3+-0.0015035163*J1^1*J2^2+0,0.0008680556*J1^2*J2^1+-0.0008680556*J2^3+0,-0.0063788795*J1^3+0.0063788795*J1^2*J2^1+0.0063788795*J1^1*J2^2+-0.0063788795*J2^3+0,0.0036828478*J1^3+-0.0036828478*J1^2*J2^1+-0.0036828478*J1^1*J2^2+0.0036828478*J2^3+0,0.0036828478*J1^3+-0.0036828478*J1^2*J2^1+-0.0036828478*J1^1*J2^2+0.0036828478*J2^3+0,-0.0021262932*J1^3+0.0021262932*J1^2*J2^1+0.0021262932*J1^1*J2^2+-0.0021262932*J2^3+0,0.0036828478*J1^3+-0.0036828478*J1^2*J2^1+-0.0036828478*J1^1*J2^2+0.0036828478*J2^3+0,-0.0021262932*J1^3+0.0021262932*J1^2*J2^1+0.0021262932*J1^1*J2^2+-0.0021262932*J2^3+0,-0.0021262932*J1^3+0.0021262932*J1^2*J2^1+0.0021262932*J1^1*J2^2+-0.0021262932*J2^3+0,0.0012276159*J1^3+-0.0012276159*J1^2*J2^1+-0.0012276159*J1^1*J2^2+0.0012276159*J2^3+0,0,0,0,0,0,0,0,0,0,0,0,0,0,0,0,0,0,0,0,0,0,0,0,0,0,0,0,0,0,0,0,0,0,0,0,0,0,0,0,0,0,0,0,0,0,0,0,0},
{0,0,0,0,0,0,0,0,0,0,0,0,0,0,0,0,0,0,0,0,0,0,0,0,-0.0026041667*J1^3+0.0026041667*J1^1*J2^2+0,0.0030070327*J1^3+-0.0045105490*J1^2*J2^1+-0.0030070327*J1^1*J2^2+0.0045105490*J2^3+0,-0.0015035163*J1^2*J2^1+0.0015035163*J2^3+0,0.0008680556*J1^3+-0.0017361111*J1^2*J2^1+-0.0008680556*J1^1*J2^2+0.0017361111*J2^3+0,-0.0015035163*J1^2*J2^1+0.0015035163*J2^3+0,0.0008680556*J1^3+-0.0017361111*J1^2*J2^1+-0.0008680556*J1^1*J2^2+0.0017361111*J2^3+0,-0.0008680556*J1^3+0.0008680556*J1^1*J2^2+0,0.0010023442*J1^3+-0.0015035163*J1^2*J2^1+-0.0010023442*J1^1*J2^2+0.0015035163*J2^3+0,0.0026041667*J1^2*J2^1+-0.0026041667*J2^3+0,0.0045105490*J1^3+-0.0030070327*J1^2*J2^1+-0.0045105490*J1^1*J2^2+0.0030070327*J2^3+0,0.0015035163*J1^3+-0.0015035163*J1^1*J2^2+0,0.0017361111*J1^3+-0.0008680556*J1^2*J2^1+-0.0017361111*J1^1*J2^2+0.0008680556*J2^3+0,0.0015035163*J1^3+-0.0015035163*J1^1*J2^2+0,0.0017361111*J1^3+-0.0008680556*J1^2*J2^1+-0.0017361111*J1^1*J2^2+0.0008680556*J2^3+0,0.0008680556*J1^2*J2^1+-0.0008680556*J2^3+0,0.0015035163*J1^3+-0.0010023442*J1^2*J2^1+-0.0015035163*J1^1*J2^2+0.0010023442*J2^3+0,0.0036828478*J1^3+-0.0036828478*J1^2*J2^1+-0.0036828478*J1^1*J2^2+0.0036828478*J2^3+0,-0.0106314659*J1^3+0.0106314659*J1^2*J2^1+0.0106314659*J1^1*J2^2+-0.0106314659*J2^3+0,-0.0021262932*J1^3+0.0021262932*J1^2*J2^1+0.0021262932*J1^1*J2^2+-0.0021262932*J2^3+0,-0.0036828478*J1^3+0.0036828478*J1^2*J2^1+0.0036828478*J1^1*J2^2+-0.0036828478*J2^3+0,-0.0021262932*J1^3+0.0021262932*J1^2*J2^1+0.0021262932*J1^1*J2^2+-0.0021262932*J2^3+0,-0.0036828478*J1^3+0.0036828478*J1^2*J2^1+0.0036828478*J1^1*J2^2+-0.0036828478*J2^3+0,0.0012276159*J1^3+-0.0012276159*J1^2*J2^1+-0.0012276159*J1^1*J2^2+0.0012276159*J2^3+0,-0.0035438220*J1^3+0.0035438220*J1^2*J2^1+0.0035438220*J1^1*J2^2+-0.0035438220*J2^3+0,0,0,0,0,0,0,0,0,0,0,0,0,0,0,0,0,0,0,0,0,0,0,0,0,0,0,0,0,0,0,0,0,0,0,0,0,0,0,0,0,0,0,0,0,0,0,0,0},
{0,0,0,0,0,0,0,0,0,0,0,0,0,0,0,0,0,0,0,0,0,0,0,0,-0.0045105490*J1^2*J2^1+0.0045105490*J2^3+0,-0.0026041667*J1^3+0.0026041667*J1^1*J2^2+0,-0.0078125000*J1^3+0.0052083333*J1^2*J2^1+0.0078125000*J1^1*J2^2+-0.0052083333*J2^3+0,-0.0030070327*J1^3+0.0015035163*J1^2*J2^1+0.0030070327*J1^1*J2^2+-0.0015035163*J2^3+0,-0.0026041667*J1^3+0.0026041667*J1^1*J2^2+0,-0.0015035163*J1^2*J2^1+0.0015035163*J2^3+0,0.0030070327*J1^3+-0.0045105490*J1^2*J2^1+-0.0030070327*J1^1*J2^2+0.0045105490*J2^3+0,0.0008680556*J1^3+-0.0017361111*J1^2*J2^1+-0.0008680556*J1^1*J2^2+0.0017361111*J2^3+0,0.0045105490*J1^3+-0.0045105490*J1^1*J2^2+0,0.0026041667*J1^2*J2^1+-0.0026041667*J2^3+0,0.0052083333*J1^3+-0.0026041667*J1^2*J2^1+-0.0052083333*J1^1*J2^2+0.0026041667*J2^3+0,0.0045105490*J1^3+-0.0030070327*J1^2*J2^1+-0.0045105490*J1^1*J2^2+0.0030070327*J2^3+0,0.0026041667*J1^2*J2^1+-0.0026041667*J2^3+0,0.0015035163*J1^3+-0.0015035163*J1^1*J2^2+0,-0.0015035163*J1^3+0.0030070327*J1^2*J2^1+0.0015035163*J1^1*J2^2+-0.0030070327*J2^3+0,-0.0017361111*J1^3+0.0026041667*J1^2*J2^1+0.0017361111*J1^1*J2^2+-0.0026041667*J2^3+0,0,0,0,0,0,0,0,0,0,0,0,0,0,0,0,0,0,0,0,0,0,0,0,0,0,0,0,0,0,0,0,0,0,0,0,0,0,0,0,0,0,0,0,0,0,0,0,0,0,0,0,0,0,0,0,0},
{0,0,0,0,0,0,0,0,0,0,0,0,0,0,0,0,0,0,0,0,0,0,0,0,-0.0026041667*J1^3+0.0026041667*J1^1*J2^2+0,-0.0030070327*J1^3+0.0015035163*J1^2*J2^1+0.0030070327*J1^1*J2^2+-0.0015035163*J2^3+0,-0.0030070327*J1^3+0.0015035163*J1^2*J2^1+0.0030070327*J1^1*J2^2+-0.0015035163*J2^3+0,-0.0112847222*J1^3+0.0243055556*J1^2*J2^1+-0.0164930556*J1^1*J2^2+0.0034722222*J2^3+0,-0.0015035163*J1^2*J2^1+0.0015035163*J2^3+0,-0.0026041667*J1^3+0.0017361111*J1^2*J2^1+0.0026041667*J1^1*J2^2+-0.0017361111*J2^3+0,0.0008680556*J1^3+-0.0017361111*J1^2*J2^1+-0.0008680556*J1^1*J2^2+0.0017361111*J2^3+0,0.0040093769*J1^3+-0.0125293027*J1^2*J2^1+0.0120281306*J1^1*J2^2+-0.0035082048*J2^3+0,0.0026041667*J1^2*J2^1+-0.0026041667*J2^3+0,-0.0015035163*J1^3+0.0030070327*J1^2*J2^1+0.0015035163*J1^1*J2^2+-0.0030070327*J2^3+0,0.0045105490*J1^3+-0.0030070327*J1^2*J2^1+-0.0045105490*J1^1*J2^2+0.0030070327*J2^3+0,-0.0069444444*J1^3+0.0217013889*J1^2*J2^1+-0.0208333333*J1^1*J2^2+0.0060763889*J2^3+0,0.0015035163*J1^3+-0.0015035163*J1^1*J2^2+0,-0.0017361111*J1^3+0.0026041667*J1^2*J2^1+0.0017361111*J1^1*J2^2+-0.0026041667*J2^3+0,-0.0017361111*J1^3+0.0026041667*J1^2*J2^1+0.0017361111*J1^1*J2^2+-0.0026041667*J2^3+0,0.0025058605*J1^3+-0.0100234422*J1^2*J2^1+0.0135316469*J1^1*J2^2+-0.0060140653*J2^3+0,0,0,0,0,0,0,0,0,0,0,0,0,0,0,0,0,0,0,0,0,0,0,0,0,0,0,0,0,0,0,0,0,0,0,0,0,0,0,0,0,0,0,0,0,0,0,0,0,0,0,0,0,0,0,0,0},
{0,0,0,0,0,0,0,0,0,0,0,0,0,0,0,0,0,0,0,0,0,0,0,0,-0.0026041667*J1^3+0.0026041667*J1^1*J2^2+0,-0.0015035163*J1^2*J2^1+0.0015035163*J2^3+0,-0.0030070327*J1^3+0.0015035163*J1^2*J2^1+0.0030070327*J1^1*J2^2+-0.0015035163*J2^3+0,-0.0026041667*J1^3+0.0017361111*J1^2*J2^1+0.0026041667*J1^1*J2^2+-0.0017361111*J2^3+0,-0.0015035163*J1^2*J2^1+0.0015035163*J2^3+0,-0.0008680556*J1^3+0.0008680556*J1^1*J2^2+0,0.0008680556*J1^3+-0.0017361111*J1^2*J2^1+-0.0008680556*J1^1*J2^2+0.0017361111*J2^3+0,0.0010023442*J1^3+-0.0015035163*J1^2*J2^1+-0.0010023442*J1^1*J2^2+0.0015035163*J2^3+0,0.0026041667*J1^2*J2^1+-0.0026041667*J2^3+0,0.0015035163*J1^3+-0.0015035163*J1^1*J2^2+0,0.0045105490*J1^3+-0.0030070327*J1^2*J2^1+-0.0045105490*J1^1*J2^2+0.0030070327*J2^3+0,0.0017361111*J1^3+-0.0008680556*J1^2*J2^1+-0.0017361111*J1^1*J2^2+0.0008680556*J2^3+0,0.0015035163*J1^3+-0.0015035163*J1^1*J2^2+0,0.0008680556*J1^2*J2^1+-0.0008680556*J2^3+0,-0.0017361111*J1^3+0.0026041667*J1^2*J2^1+0.0017361111*J1^1*J2^2+-0.0026041667*J2^3+0,-0.0005011721*J1^3+0.0010023442*J1^2*J2^1+0.0005011721*J1^1*J2^2+-0.0010023442*J2^3+0,0.0036828478*J1^3+-0.0036828478*J1^2*J2^1+-0.0036828478*J1^1*J2^2+0.0036828478*J2^3+0,-0.0021262932*J1^3+0.0021262932*J1^2*J2^1+0.0021262932*J1^1*J2^2+-0.0021262932*J2^3+0,-0.0021262932*J1^3+0.0021262932*J1^2*J2^1+0.0021262932*J1^1*J2^2+-0.0021262932*J2^3+0,0.0012276159*J1^3+-0.0012276159*J1^2*J2^1+-0.0012276159*J1^1*J2^2+0.0012276159*J2^3+0,-0.0021262932*J1^3+0.0021262932*J1^2*J2^1+0.0021262932*J1^1*J2^2+-0.0021262932*J2^3+0,0.0012276159*J1^3+-0.0012276159*J1^2*J2^1+-0.0012276159*J1^1*J2^2+0.0012276159*J2^3+0,0.0012276159*J1^3+-0.0012276159*J1^2*J2^1+-0.0012276159*J1^1*J2^2+0.0012276159*J2^3+0,-0.0007087644*J1^3+0.0007087644*J1^2*J2^1+0.0007087644*J1^1*J2^2+-0.0007087644*J2^3+0,0,0,0,0,0,0,0,0,0,0,0,0,0,0,0,0,0,0,0,0,0,0,0,0,0,0,0,0,0,0,0,0,0,0,0,0,0,0,0,0,0,0,0,0,0,0,0,0},
{0,0,0,0,0,0,0,0,0,0,0,0,0,0,0,0,0,0,0,0,0,0,0,0,-0.0015035163*J1^2*J2^1+0.0015035163*J2^3+0,0.0008680556*J1^3+-0.0017361111*J1^2*J2^1+-0.0008680556*J1^1*J2^2+0.0017361111*J2^3+0,-0.0026041667*J1^3+0.0017361111*J1^2*J2^1+0.0026041667*J1^1*J2^2+-0.0017361111*J2^3+0,0.0040093769*J1^3+-0.0125293027*J1^2*J2^1+0.0120281306*J1^1*J2^2+-0.0035082048*J2^3+0,-0.0008680556*J1^3+0.0008680556*J1^1*J2^2+0,0.0010023442*J1^3+-0.0015035163*J1^2*J2^1+-0.0010023442*J1^1*J2^2+0.0015035163*J2^3+0,0.0010023442*J1^3+-0.0015035163*J1^2*J2^1+-0.0010023442*J1^1*J2^2+0.0015035163*J2^3+0,-0.0014467593*J1^3+0.0057870370*J1^2*J2^1+-0.0078125000*J1^1*J2^2+0.0034722222*J2^3+0,0.0015035163*J1^3+-0.0015035163*J1^1*J2^2+0,0.0017361111*J1^3+-0.0008680556*J1^2*J2^1+-0.0017361111*J1^1*J2^2+0.0008680556*J2^3+0,0.0017361111*J1^3+-0.0008680556*J1^2*J2^1+-0.0017361111*J1^1*J2^2+0.0008680556*J2^3+0,0.0065152374*J1^3+-0.0140328190*J1^2*J2^1+0.0095222701*J1^1*J2^2+-0.0020046884*J2^3+0,0.0008680556*J1^2*J2^1+-0.0008680556*J2^3+0,0.0015035163*J1^3+-0.0010023442*J1^2*J2^1+-0.0015035163*J1^1*J2^2+0.0010023442*J2^3+0,-0.0005011721*J1^3+0.0010023442*J1^2*J2^1+0.0005011721*J1^1*J2^2+-0.0010023442*J2^3+0,-0.0023148148*J1^3+0.0072337963*J1^2*J2^1+-0.0069444444*J1^1*J2^2+0.0020254630*J2^3+0,-0.0021262932*J1^3+0.0021262932*J1^2*J2^1+0.0021262932*J1^1*J2^2+-0.0021262932*J2^3+0,-0.0036828478*J1^3+0.0036828478*J1^2*J2^1+0.0036828478*J1^1*J2^2+-0.0036828478*J2^3+0,0.0012276159*J1^3+-0.0012276159*J1^2*J2^1+-0.0012276159*J1^1*J2^2+0.0012276159*J2^3+0,-0.0148840523*J1^3+0.0375645128*J1^2*J2^1+-0.0304768689*J1^1*J2^2+0.0077964083*J2^3+0,0.0012276159*J1^3+-0.0012276159*J1^2*J2^1+-0.0012276159*J1^1*J2^2+0.0012276159*J2^3+0,-0.0035438220*J1^3+0.0035438220*J1^2*J2^1+0.0035438220*J1^1*J2^2+-0.0035438220*J2^3+0,-0.0007087644*J1^3+0.0007087644*J1^2*J2^1+0.0007087644*J1^1*J2^2+-0.0007087644*J2^3+0,0.0053196691*J1^3+-0.0184142391*J1^2*J2^1+0.0208694710*J1^1*J2^2+-0.0077749010*J2^3+0,0,0,0,0,0,0,0,0,0,0,0,0,0,0,0,0,0,0,0,0,0,0,0,0,0,0,0,0,0,0,0,0,0,0,0,0,0,0,0,0,0,0,0,0,0,0,0,0},
{0,0,0,0,0,0,0,0,0,0,0,0,0,0,0,0,0,0,0,0,0,0,0,0,0,0,0,0,-0.0063788795*J1^3+0.0063788795*J1^2*J2^1+0.0063788795*J1^1*J2^2+-0.0063788795*J2^3+0,0.0036828478*J1^3+-0.0036828478*J1^2*J2^1+-0.0036828478*J1^1*J2^2+0.0036828478*J2^3+0,0.0036828478*J1^3+-0.0036828478*J1^2*J2^1+-0.0036828478*J1^1*J2^2+0.0036828478*J2^3+0,-0.0021262932*J1^3+0.0021262932*J1^2*J2^1+0.0021262932*J1^1*J2^2+-0.0021262932*J2^3+0,0,0,0,0,-0.0063788795*J1^3+0.0063788795*J1^2*J2^1+0.0063788795*J1^1*J2^2+-0.0063788795*J2^3+0,0.0036828478*J1^3+-0.0036828478*J1^2*J2^1+-0.0036828478*J1^1*J2^2+0.0036828478*J2^3+0,0.0036828478*J1^3+-0.0036828478*J1^2*J2^1+-0.0036828478*J1^1*J2^2+0.0036828478*J2^3+0,-0.0021262932*J1^3+0.0021262932*J1^2*J2^1+0.0021262932*J1^1*J2^2+-0.0021262932*J2^3+0,0,0,0,0,0,0,0,0,0,0,0,0,0,0,0,0,0,0,0,0,0,0,0,0,0,0,0,0,0,0,0,0,0,0,0,0,0,0,0,0,0,0,0,0,0,0,0,0,0,0,0,0,0,0,0,0},
{0,0,0,0,0,0,0,0,0,0,0,0,0,0,0,0,0,0,0,0,0,0,0,0,0,0,0,0,0.0036828478*J1^3+-0.0036828478*J1^2*J2^1+-0.0036828478*J1^1*J2^2+0.0036828478*J2^3+0,-0.0021262932*J1^3+0.0021262932*J1^2*J2^1+0.0021262932*J1^1*J2^2+-0.0021262932*J2^3+0,-0.0021262932*J1^3+0.0021262932*J1^2*J2^1+0.0021262932*J1^1*J2^2+-0.0021262932*J2^3+0,0.0012276159*J1^3+-0.0012276159*J1^2*J2^1+-0.0012276159*J1^1*J2^2+0.0012276159*J2^3+0,0,0,0,0,0.0036828478*J1^3+-0.0036828478*J1^2*J2^1+-0.0036828478*J1^1*J2^2+0.0036828478*J2^3+0,-0.0021262932*J1^3+0.0021262932*J1^2*J2^1+0.0021262932*J1^1*J2^2+-0.0021262932*J2^3+0,-0.0021262932*J1^3+0.0021262932*J1^2*J2^1+0.0021262932*J1^1*J2^2+-0.0021262932*J2^3+0,0.0012276159*J1^3+-0.0012276159*J1^2*J2^1+-0.0012276159*J1^1*J2^2+0.0012276159*J2^3+0,0,0,0,0,0,0,0,0,0,0,0,0,0,0,0,0,0,0,0,0,0,0,0,0,0,0,0,0,0,0,0,0,0,0,0,0,0,0,0,0,0,0,0,0,0,0,0,0,0,0,0,0,0,0,0,0},
{0,0,0,0,0,0,0,0,0,0,0,0,0,0,0,0,0,0,0,0,0,0,0,0,0,0,0,0,0.0036828478*J1^3+-0.0036828478*J1^2*J2^1+-0.0036828478*J1^1*J2^2+0.0036828478*J2^3+0,-0.0021262932*J1^3+0.0021262932*J1^2*J2^1+0.0021262932*J1^1*J2^2+-0.0021262932*J2^3+0,-0.0021262932*J1^3+0.0021262932*J1^2*J2^1+0.0021262932*J1^1*J2^2+-0.0021262932*J2^3+0,0.0012276159*J1^3+-0.0012276159*J1^2*J2^1+-0.0012276159*J1^1*J2^2+0.0012276159*J2^3+0,0,0,0,0,0.0036828478*J1^3+-0.0036828478*J1^2*J2^1+-0.0036828478*J1^1*J2^2+0.0036828478*J2^3+0,-0.0021262932*J1^3+0.0021262932*J1^2*J2^1+0.0021262932*J1^1*J2^2+-0.0021262932*J2^3+0,-0.0021262932*J1^3+0.0021262932*J1^2*J2^1+0.0021262932*J1^1*J2^2+-0.0021262932*J2^3+0,0.0012276159*J1^3+-0.0012276159*J1^2*J2^1+-0.0012276159*J1^1*J2^2+0.0012276159*J2^3+0,0,0,0,0,-0.0104166667*J1^3+0.0104166667*J1^2*J2^1+0.0104166667*J1^1*J2^2+-0.0104166667*J2^3+0,0.0060140653*J1^3+-0.0060140653*J1^2*J2^1+-0.0060140653*J1^1*J2^2+0.0060140653*J2^3+0,0.0060140653*J1^3+-0.0060140653*J1^2*J2^1+-0.0060140653*J1^1*J2^2+0.0060140653*J2^3+0,-0.0034722222*J1^3+0.0034722222*J1^2*J2^1+0.0034722222*J1^1*J2^2+-0.0034722222*J2^3+0,0,0,0,0,0,0,0,0,0,0,0,0,0,0,0,0,0,0,0,0,0,0,0,0,0,0,0,0,0,0,0,0,0,0,0,0,0,0,0,0,0,0,0,0,0,0,0,0},
{0,0,0,0,0,0,0,0,0,0,0,0,0,0,0,0,0,0,0,0,0,0,0,0,0,0,0,0,-0.0021262932*J1^3+0.0021262932*J1^2*J2^1+0.0021262932*J1^1*J2^2+-0.0021262932*J2^3+0,0.0012276159*J1^3+-0.0012276159*J1^2*J2^1+-0.0012276159*J1^1*J2^2+0.0012276159*J2^3+0,0.0012276159*J1^3+-0.0012276159*J1^2*J2^1+-0.0012276159*J1^1*J2^2+0.0012276159*J2^3+0,-0.0007087644*J1^3+0.0007087644*J1^2*J2^1+0.0007087644*J1^1*J2^2+-0.0007087644*J2^3+0,0,0,0,0,-0.0021262932*J1^3+0.0021262932*J1^2*J2^1+0.0021262932*J1^1*J2^2+-0.0021262932*J2^3+0,0.0012276159*J1^3+-0.0012276159*J1^2*J2^1+-0.0012276159*J1^1*J2^2+0.0012276159*J2^3+0,0.0012276159*J1^3+-0.0012276159*J1^2*J2^1+-0.0012276159*J1^1*J2^2+0.0012276159*J2^3+0,-0.0007087644*J1^3+0.0007087644*J1^2*J2^1+0.0007087644*J1^1*J2^2+-0.0007087644*J2^3+0,0,0,0,0,0.0060140653*J1^3+-0.0060140653*J1^2*J2^1+-0.0060140653*J1^1*J2^2+0.0060140653*J2^3+0,-0.0034722222*J1^3+0.0034722222*J1^2*J2^1+0.0034722222*J1^1*J2^2+-0.0034722222*J2^3+0,-0.0034722222*J1^3+0.0034722222*J1^2*J2^1+0.0034722222*J1^1*J2^2+-0.0034722222*J2^3+0,0.0020046884*J1^3+-0.0020046884*J1^2*J2^1+-0.0020046884*J1^1*J2^2+0.0020046884*J2^3+0,0,0,0,0,0,0,0,0,0,0,0,0,0,0,0,0,0,0,0,0,0,0,0,0,0,0,0,0,0,0,0,0,0,0,0,0,0,0,0,0,0,0,0,0,0,0,0,0},
{0,0,0,0,0,0,0,0,0,0,0,0,0,0,0,0,0,0,0,0,0,0,0,0,0,0,0,0,0.0036828478*J1^3+-0.0036828478*J1^2*J2^1+-0.0036828478*J1^1*J2^2+0.0036828478*J2^3+0,-0.0021262932*J1^3+0.0021262932*J1^2*J2^1+0.0021262932*J1^1*J2^2+-0.0021262932*J2^3+0,-0.0106314659*J1^3+0.0106314659*J1^2*J2^1+0.0106314659*J1^1*J2^2+-0.0106314659*J2^3+0,-0.0036828478*J1^3+0.0036828478*J1^2*J2^1+0.0036828478*J1^1*J2^2+-0.0036828478*J2^3+0,0,0,0,0,0.0036828478*J1^3+-0.0036828478*J1^2*J2^1+-0.0036828478*J1^1*J2^2+0.0036828478*J2^3+0,-0.0021262932*J1^3+0.0021262932*J1^2*J2^1+0.0021262932*J1^1*J2^2+-0.0021262932*J2^3+0,0.0063788795*J1^3+-0.0063788795*J1^2*J2^1+-0.0063788795*J1^1*J2^2+0.0063788795*J2^3+0,0.0061380797*J1^3+-0.0061380797*J1^2*J2^1+-0.0061380797*J1^1*J2^2+0.0061380797*J2^3+0,0,0,0,0,0,0,0,0,0,0,0,0,0,0,0,0,0,0,0,0,0,0,0,0,0,0,0,0,0,0,0,0,0,0,0,0,0,0,0,0,0,0,0,0,0,0,0,0,0,0,0,0,0,0,0,0},
{0,0,0,0,0,0,0,0,0,0,0,0,0,0,0,0,0,0,0,0,0,0,0,0,0,0,0,0,-0.0021262932*J1^3+0.0021262932*J1^2*J2^1+0.0021262932*J1^1*J2^2+-0.0021262932*J2^3+0,0.0012276159*J1^3+-0.0012276159*J1^2*J2^1+-0.0012276159*J1^1*J2^2+0.0012276159*J2^3+0,-0.0036828478*J1^3+0.0036828478*J1^2*J2^1+0.0036828478*J1^1*J2^2+-0.0036828478*J2^3+0,-0.0148840523*J1^3+0.0375645128*J1^2*J2^1+-0.0304768689*J1^1*J2^2+0.0077964083*J2^3+0,0,0,0,0,-0.0021262932*J1^3+0.0021262932*J1^2*J2^1+0.0021262932*J1^1*J2^2+-0.0021262932*J2^3+0,0.0012276159*J1^3+-0.0012276159*J1^2*J2^1+-0.0012276159*J1^1*J2^2+0.0012276159*J2^3+0,0.0061380797*J1^3+-0.0061380797*J1^2*J2^1+-0.0061380797*J1^1*J2^2+0.0061380797*J2^3+0,-0.0092139371*J1^3+0.0318943977*J1^2*J2^1+-0.0361469841*J1^1*J2^2+0.0134665235*J2^3+0,0,0,0,0,0,0,0,0,0,0,0,0,0,0,0,0,0,0,0,0,0,0,0,0,0,0,0,0,0,0,0,0,0,0,0,0,0,0,0,0,0,0,0,0,0,0,0,0,0,0,0,0,0,0,0,0},
{0,0,0,0,0,0,0,0,0,0,0,0,0,0,0,0,0,0,0,0,0,0,0,0,0,0,0,0,-0.0021262932*J1^3+0.0021262932*J1^2*J2^1+0.0021262932*J1^1*J2^2+-0.0021262932*J2^3+0,0.0012276159*J1^3+-0.0012276159*J1^2*J2^1+-0.0012276159*J1^1*J2^2+0.0012276159*J2^3+0,-0.0036828478*J1^3+0.0036828478*J1^2*J2^1+0.0036828478*J1^1*J2^2+-0.0036828478*J2^3+0,-0.0035438220*J1^3+0.0035438220*J1^2*J2^1+0.0035438220*J1^1*J2^2+-0.0035438220*J2^3+0,0,0,0,0,-0.0021262932*J1^3+0.0021262932*J1^2*J2^1+0.0021262932*J1^1*J2^2+-0.0021262932*J2^3+0,0.0012276159*J1^3+-0.0012276159*J1^2*J2^1+-0.0012276159*J1^1*J2^2+0.0012276159*J2^3+0,0.0061380797*J1^3+-0.0061380797*J1^2*J2^1+-0.0061380797*J1^1*J2^2+0.0061380797*J2^3+0,0.0021262932*J1^3+-0.0021262932*J1^2*J2^1+-0.0021262932*J1^1*J2^2+0.0021262932*J2^3+0,0,0,0,0,0.0060140653*J1^3+-0.0060140653*J1^2*J2^1+-0.0060140653*J1^1*J2^2+0.0060140653*J2^3+0,-0.0034722222*J1^3+0.0034722222*J1^2*J2^1+0.0034722222*J1^1*J2^2+-0.0034722222*J2^3+0,-0.0034722222*J1^3+0.0034722222*J1^2*J2^1+0.0034722222*J1^1*J2^2+-0.0034722222*J2^3+0,0.0020046884*J1^3+-0.0020046884*J1^2*J2^1+-0.0020046884*J1^1*J2^2+0.0020046884*J2^3+0,0,0,0,0,0,0,0,0,0,0,0,0,0,0,0,0,0,0,0,0,0,0,0,0,0,0,0,0,0,0,0,0,0,0,0,0,0,0,0,0,0,0,0,0,0,0,0,0},
{0,0,0,0,0,0,0,0,0,0,0,0,0,0,0,0,0,0,0,0,0,0,0,0,0,0,0,0,0.0012276159*J1^3+-0.0012276159*J1^2*J2^1+-0.0012276159*J1^1*J2^2+0.0012276159*J2^3+0,-0.0007087644*J1^3+0.0007087644*J1^2*J2^1+0.0007087644*J1^1*J2^2+-0.0007087644*J2^3+0,-0.0035438220*J1^3+0.0035438220*J1^2*J2^1+0.0035438220*J1^1*J2^2+-0.0035438220*J2^3+0,0.0053196691*J1^3+-0.0184142391*J1^2*J2^1+0.0208694710*J1^1*J2^2+-0.0077749010*J2^3+0,0,0,0,0,0.0012276159*J1^3+-0.0012276159*J1^2*J2^1+-0.0012276159*J1^1*J2^2+0.0012276159*J2^3+0,-0.0007087644*J1^3+0.0007087644*J1^2*J2^1+0.0007087644*J1^1*J2^2+-0.0007087644*J2^3+0,0.0021262932*J1^3+-0.0021262932*J1^2*J2^1+-0.0021262932*J1^1*J2^2+0.0021262932*J2^3+0,0.0085933116*J1^3+-0.0216878816*J1^2*J2^1+0.0175958285*J1^1*J2^2+-0.0045012584*J2^3+0,0,0,0,0,-0.0034722222*J1^3+0.0034722222*J1^2*J2^1+0.0034722222*J1^1*J2^2+-0.0034722222*J2^3+0,0.0020046884*J1^3+-0.0020046884*J1^2*J2^1+-0.0020046884*J1^1*J2^2+0.0020046884*J2^3+0,0.0020046884*J1^3+-0.0020046884*J1^2*J2^1+-0.0020046884*J1^1*J2^2+0.0020046884*J2^3+0,-0.0196759259*J1^3+0.0567129630*J1^2*J2^1+-0.0543981481*J1^1*J2^2+0.0173611111*J2^3+0,0,0,0,0,0,0,0,0,0,0,0,0,0,0,0,0,0,0,0,0,0,0,0,0,0,0,0,0,0,0,0,0,0,0,0,0,0,0,0,0,0,0,0,0,0,0,0,0}
}