96
{{0,0,0,0,0,0,0,0,0,0,0,0,0,0,0,0,0,0,0,0,0,0,0,0,0,0,0,0,0,0,0,0,0,0,0,0,0,0,0,0,0,0,0,0,0,0,0,0,0,0,0,0,0,0,0,0,0,0,0,0,0,0,0,0,0,0,0,0,0,0,0,0,0,0,0,0,0,0,0,0,0,0,0,0,0,0,0,0,0,0,0,0,0,0,0,0},
{0,0,0,0,0,0,0,0,0,0,0,0,0,0,0,0,0,0,0,0,0,0,0,0,0,0,0,0,0,0,0,0,0,0,0,0,0,0,0,0,0,0,0,0,0,0,0,0,0,0,0,0,0,0,0,0,0,0,0,0,0,0,0,0,0,0,0,0,0,0,0,0,0,0,0,0,0,0,0,0,0,0,0,0,0,0,0,0,0,0,0,0,0,0,0,0},
{0,0,0,0,0,0,0,0,0,0,0,0,0,0,0,0,0,0,0,0,0,0,0,0,0,0,0,0,0,0,0,0,0,0,0,0,0,0,0,0,0,0,0,0,0,0,0,0,0,0,0,0,0,0,0,0,0,0,0,0,0,0,0,0,0,0,0,0,0,0,0,0,0,0,0,0,0,0,0,0,0,0,0,0,0,0,0,0,0,0,0,0,0,0,0,0},
{0,0,0,0,0,0,0,0,0,0,0,0,0,0,0,0,0,0,0,0,0,0,0,0,0,0,0,0,0,0,0,0,0,0,0,0,0,0,0,0,0,0,0,0,0,0,0,0,0,0,0,0,0,0,0,0,0,0,0,0,0,0,0,0,0,0,0,0,0,0,0,0,0,0,0,0,0,0,0,0,0,0,0,0,0,0,0,0,0,0,0,0,0,0,0,0},
{0,0,0,0,0,0,0,0,0,0,0,0,0,0,0,0,0,0,0,0,0,0,0,0,0,0,0,0,0,0,0,0,0,0,0,0,0,0,0,0,0,0,0,0,0,0,0,0,0,0,0,0,0,0,0,0,0,0,0,0,0,0,0,0,0,0,0,0,0,0,0,0,0,0,0,0,0,0,0,0,0,0,0,0,0,0,0,0,0,0,0,0,0,0,0,0},
{0,0,0,0,0,0,0,0,0,0,0,0,0,0,0,0,0,0,0,0,0,0,0,0,0,0,0,0,0,0,0,0,0,0,0,0,0,0,0,0,0,0,0,0,0,0,0,0,0,0,0,0,0,0,0,0,0,0,0,0,0,0,0,0,0,0,0,0,0,0,0,0,0,0,0,0,0,0,0,0,0,0,0,0,0,0,0,0,0,0,0,0,0,0,0,0},
{0,0,0,0,0,0,0,0,0,0,0,0,0,0,0,0,0,0,0,0,0,0,0,0,0,0,0,0,0,0,0,0,0,0,0,0,0,0,0,0,0,0,0,0,0,0,0,0,0,0,0,0,0,0,0,0,0,0,0,0,0,0,0,0,0,0,0,0,0,0,0,0,0,0,0,0,0,0,0,0,0,0,0,0,0,0,0,0,0,0,0,0,0,0,0,0},
{0,0,0,0,0,0,0,0,0,0,0,0,0,0,0,0,0,0,0,0,0,0,0,0,0,0,0,0,0,0,0,0,0,0,0,0,0,0,0,0,0,0,0,0,0,0,0,0,0,0,0,0,0,0,0,0,0,0,0,0,0,0,0,0,0,0,0,0,0,0,0,0,0,0,0,0,0,0,0,0,0,0,0,0,0,0,0,0,0,0,0,0,0,0,0,0},
{0,0,0,0,0,0,0,0,0,0,0,0,0,0,0,0,0,0,0,0,0,0,0,0,0,0,0,0,0,0,0,0,0,0,0,0,0,0,0,0,0,0,0,0,0,0,0,0,0,0,0,0,0,0,0,0,0,0,0,0,0,0,0,0,0,0,0,0,0,0,0,0,0,0,0,0,0,0,0,0,0,0,0,0,0,0,0,0,0,0,0,0,0,0,0,0},
{0,0,0,0,0,0,0,0,0,0,0,0,0,0,0,0,0,0,0,0,0,0,0,0,0,0,0,0,0,0,0,0,0,0,0,0,0,0,0,0,0,0,0,0,0,0,0,0,0,0,0,0,0,0,0,0,0,0,0,0,0,0,0,0,0,0,0,0,0,0,0,0,0,0,0,0,0,0,0,0,0,0,0,0,0,0,0,0,0,0,0,0,0,0,0,0},
{0,0,0,0,0,0,0,0,0,0,0,0,0,0,0,0,0,0,0,0,0,0,0,0,0,0,0,0,0,0,0,0,0,0,0,0,0,0,0,0,0,0,0,0,0,0,0,0,0,0,0,0,0,0,0,0,0,0,0,0,0,0,0,0,0,0,0,0,0,0,0,0,0,0,0,0,0,0,0,0,0,0,0,0,0,0,0,0,0,0,0,0,0,0,0,0},
{0,0,0,0,0,0,0,0,0,0,0,0,0,0,0,0,0,0,0,0,0,0,0,0,0,0,0,0,0,0,0,0,0,0,0,0,0,0,0,0,0,0,0,0,0,0,0,0,0,0,0,0,0,0,0,0,0,0,0,0,0,0,0,0,0,0,0,0,0,0,0,0,0,0,0,0,0,0,0,0,0,0,0,0,0,0,0,0,0,0,0,0,0,0,0,0},
{0,0,0,0,0,0,0,0,0,0,0,0,0,0,0,0,0,0,0,0,0,0,0,0,0,0,0,0,0,0,0,0,0,0,0,0,0,0,0,0,0,0,0,0,0,0,0,0,0,0,0,0,0,0,0,0,0,0,0,0,0,0,0,0,0,0,0,0,0,0,0,0,0,0,0,0,0,0,0,0,0,0,0,0,0,0,0,0,0,0,0,0,0,0,0,0},
{0,0,0,0,0,0,0,0,0,0,0,0,0,0,0,0,0,0,0,0,0,0,0,0,0,0,0,0,0,0,0,0,0,0,0,0,0,0,0,0,0,0,0,0,0,0,0,0,0,0,0,0,0,0,0,0,0,0,0,0,0,0,0,0,0,0,0,0,0,0,0,0,0,0,0,0,0,0,0,0,0,0,0,0,0,0,0,0,0,0,0,0,0,0,0,0},
{0,0,0,0,0,0,0,0,0,0,0,0,0,0,0,0,0,0,0,0,0,0,0,0,0,0,0,0,0,0,0,0,0,0,0,0,0,0,0,0,0,0,0,0,0,0,0,0,0,0,0,0,0,0,0,0,0,0,0,0,0,0,0,0,0,0,0,0,0,0,0,0,0,0,0,0,0,0,0,0,0,0,0,0,0,0,0,0,0,0,0,0,0,0,0,0},
{0,0,0,0,0,0,0,0,0,0,0,0,0,0,0,0,0,0,0,0,0,0,0,0,0,0,0,0,0,0,0,0,0,0,0,0,0,0,0,0,0,0,0,0,0,0,0,0,0,0,0,0,0,0,0,0,0,0,0,0,0,0,0,0,0,0,0,0,0,0,0,0,0,0,0,0,0,0,0,0,0,0,0,0,0,0,0,0,0,0,0,0,0,0,0,0},
{0,0,0,0,0,0,0,0,0,0,0,0,0,0,0,0,0,0,0,0,0,0,0,0,0,0,0,0,0,0,0,0,0,0,0,0,0,0,0,0,0,0,0,0,0,0,0,0,0,0,0,0,0,0,0,0,0,0,0,0,0,0,0,0,0,0,0,0,0,0,0,0,0,0,0,0,0,0,0,0,0,0,0,0,0,0,0,0,0,0,0,0,0,0,0,0},
{0,0,0,0,0,0,0,0,0,0,0,0,0,0,0,0,0,0,0,0,0,0,0,0,0,0,0,0,0,0,0,0,0,0,0,0,0,0,0,0,0,0,0,0,0,0,0,0,0,0,0,0,0,0,0,0,0,0,0,0,0,0,0,0,0,0,0,0,0,0,0,0,0,0,0,0,0,0,0,0,0,0,0,0,0,0,0,0,0,0,0,0,0,0,0,0},
{0,0,0,0,0,0,0,0,0,0,0,0,0,0,0,0,0,0,0,0,0,0,0,0,0,0,0,0,0,0,0,0,0,0,0,0,0,0,0,0,0,0,0,0,0,0,0,0,0,0,0,0,0,0,0,0,0,0,0,0,0,0,0,0,0,0,0,0,0,0,0,0,0,0,0,0,0,0,0,0,0,0,0,0,0,0,0,0,0,0,0,0,0,0,0,0},
{0,0,0,0,0,0,0,0,0,0,0,0,0,0,0,0,0,0,0,0,0,0,0,0,0,0,0,0,0,0,0,0,0,0,0,0,0,0,0,0,0,0,0,0,0,0,0,0,0,0,0,0,0,0,0,0,0,0,0,0,0,0,0,0,0,0,0,0,0,0,0,0,0,0,0,0,0,0,0,0,0,0,0,0,0,0,0,0,0,0,0,0,0,0,0,0},
{0,0,0,0,0,0,0,0,0,0,0,0,0,0,0,0,0,0,0,0,0,0,0,0,0,0,0,0,0,0,0,0,0,0,0,0,0,0,0,0,0,0,0,0,0,0,0,0,0,0,0,0,0,0,0,0,0,0,0,0,0,0,0,0,0,0,0,0,0,0,0,0,0,0,0,0,0,0,0,0,0,0,0,0,0,0,0,0,0,0,0,0,0,0,0,0},
{0,0,0,0,0,0,0,0,0,0,0,0,0,0,0,0,0,0,0,0,0,0,0,0,0,0,0,0,0,0,0,0,0,0,0,0,0,0,0,0,0,0,0,0,0,0,0,0,0,0,0,0,0,0,0,0,0,0,0,0,0,0,0,0,0,0,0,0,0,0,0,0,0,0,0,0,0,0,0,0,0,0,0,0,0,0,0,0,0,0,0,0,0,0,0,0},
{0,0,0,0,0,0,0,0,0,0,0,0,0,0,0,0,0,0,0,0,0,0,0,0,0,0,0,0,0,0,0,0,0,0,0,0,0,0,0,0,0,0,0,0,0,0,0,0,0,0,0,0,0,0,0,0,0,0,0,0,0,0,0,0,0,0,0,0,0,0,0,0,0,0,0,0,0,0,0,0,0,0,0,0,0,0,0,0,0,0,0,0,0,0,0,0},
{0,0,0,0,0,0,0,0,0,0,0,0,0,0,0,0,0,0,0,0,0,0,0,0,0,0,0,0,0,0,0,0,0,0,0,0,0,0,0,0,0,0,0,0,0,0,0,0,0,0,0,0,0,0,0,0,0,0,0,0,0,0,0,0,0,0,0,0,0,0,0,0,0,0,0,0,0,0,0,0,0,0,0,0,0,0,0,0,0,0,0,0,0,0,0,0},
{0,0,0,0,0,0,0,0,0,0,0,0,0,0,0,0,0,0,0,0,0,0,0,0,0,0,0,0,0,0,0,0,0,0,0,0,0,0,0,0,0,0,0,0,0,0,0,0,0,0,0,0,0,0,0,0,0,0,0,0,0,0,0,0,0,0,0,0,0,0,0,0,0,0,0,0,0,0,0,0,0,0,0,0,0,0,0,0,0,0,0,0,0,0,0,0},
{0,0,0,0,0,0,0,0,0,0,0,0,0,0,0,0,0,0,0,0,0,0,0,0,0,0,0,0,0,0,0,0,0,0,0,0,0,0,0,0,0,0,0,0,0,0,0,0,0,0,0,0,0,0,0,0,0,0,0,0,0,0,0,0,0,0,0,0,0,0,0,0,0,0,0,0,0,0,0,0,0,0,0,0,0,0,0,0,0,0,0,0,0,0,0,0},
{0,0,0,0,0,0,0,0,0,0,0,0,0,0,0,0,0,0,0,0,0,0,0,0,0,0,0,0,0,0,0,0,0,0,0,0,0,0,0,0,0,0,0,0,0,0,0,0,0,0,0,0,0,0,0,0,0,0,0,0,0,0,0,0,0,0,0,0,0,0,0,0,0,0,0,0,0,0,0,0,0,0,0,0,0,0,0,0,0,0,0,0,0,0,0,0},
{0,0,0,0,0,0,0,0,0,0,0,0,0,0,0,0,0,0,0,0,0,0,0,0,0,0,0,0,0,0,0,0,0,0,0,0,0,0,0,0,0,0,0,0,0,0,0,0,0,0,0,0,0,0,0,0,0,0,0,0,0,0,0,0,0,0,0,0,0,0,0,0,0,0,0,0,0,0,0,0,0,0,0,0,0,0,0,0,0,0,0,0,0,0,0,0},
{0,0,0,0,0,0,0,0,0,0,0,0,0,0,0,0,0,0,0,0,0,0,0,0,0,0,0,0,0,0,0,0,0,0,0,0,0,0,0,0,0,0,0,0,0,0,0,0,0,0,0,0,0,0,0,0,0,0,0,0,0,0,0,0,0,0,0,0,0,0,0,0,0,0,0,0,0,0,0,0,0,0,0,0,0,0,0,0,0,0,0,0,0,0,0,0},
{0,0,0,0,0,0,0,0,0,0,0,0,0,0,0,0,0,0,0,0,0,0,0,0,0,0,0,0,0,0,0,0,0,0,0,0,0,0,0,0,0,0,0,0,0,0,0,0,0,0,0,0,0,0,0,0,0,0,0,0,0,0,0,0,0,0,0,0,0,0,0,0,0,0,0,0,0,0,0,0,0,0,0,0,0,0,0,0,0,0,0,0,0,0,0,0},
{0,0,0,0,0,0,0,0,0,0,0,0,0,0,0,0,0,0,0,0,0,0,0,0,0,0,0,0,0,0,0,0,0,0,0,0,0,0,0,0,0,0,0,0,0,0,0,0,0,0,0,0,0,0,0,0,0,0,0,0,0,0,0,0,0,0,0,0,0,0,0,0,0,0,0,0,0,0,0,0,0,0,0,0,0,0,0,0,0,0,0,0,0,0,0,0},
{0,0,0,0,0,0,0,0,0,0,0,0,0,0,0,0,0,0,0,0,0,0,0,0,0,0,0,0,0,0,0,0,0,0,0,0,0,0,0,0,0,0,0,0,0,0,0,0,0,0,0,0,0,0,0,0,0,0,0,0,0,0,0,0,0,0,0,0,0,0,0,0,0,0,0,0,0,0,0,0,0,0,0,0,0,0,0,0,0,0,0,0,0,0,0,0},
{0,0,0,0,0,0,0,0,0,0,0,0,0,0,0,0,0,0,0,0,0,0,0,0,0,0,0,0,0,0,0,0,0,0,0,0,0,0,0,0,0,0,0,0,0,0,0,0,0,0,0,0,0,0,0,0,0,0,0,0,0,0,0,0,0,0,0,0,0,0,0,0,0,0,0,0,0,0,0,0,0,0,0,0,0,0,0,0,0,0,0,0,0,0,0,0},
{0,0,0,0,0,0,0,0,0,0,0,0,0,0,0,0,0,0,0,0,0,0,0,0,0,0,0,0,0,0,0,0,0,0,0,0,0,0,0,0,0,0,0,0,0,0,0,0,0,0,0,0,0,0,0,0,0,0,0,0,0,0,0,0,0,0,0,0,0,0,0,0,0,0,0,0,0,0,0,0,0,0,0,0,0,0,0,0,0,0,0,0,0,0,0,0},
{0,0,0,0,0,0,0,0,0,0,0,0,0,0,0,0,0,0,0,0,0,0,0,0,0,0,0,0,0,0,0,0,0,0,0,0,0,0,0,0,0,0,0,0,0,0,0,0,0,0,0,0,0,0,0,0,0,0,0,0,0,0,0,0,0,0,0,0,0,0,0,0,0,0,0,0,0,0,0,0,0,0,0,0,0,0,0,0,0,0,0,0,0,0,0,0},
{0,0,0,0,0,0,0,0,0,0,0,0,0,0,0,0,0,0,0,0,0,0,0,0,0,0,0,0,0,0,0,0,0,0,0,0,0,0,0,0,0,0,0,0,0,0,0,0,0,0,0,0,0,0,0,0,0,0,0,0,0,0,0,0,0,0,0,0,0,0,0,0,0,0,0,0,0,0,0,0,0,0,0,0,0,0,0,0,0,0,0,0,0,0,0,0},
{0,0,0,0,0,0,0,0,0,0,0,0,0,0,0,0,0,0,0,0,0,0,0,0,0,0,0,0,0,0,0,0,0,0,0,0,0,0,0,0,0,0,0,0,0,0,0,0,0,0,0,0,0,0,0,0,0,0,0,0,0,0,0,0,0,0,0,0,0,0,0,0,0,0,0,0,0,0,0,0,0,0,0,0,0,0,0,0,0,0,0,0,0,0,0,0},
{0,0,0,0,0,0,0,0,0,0,0,0,0,0,0,0,0,0,0,0,0,0,0,0,0,0,0,0,0,0,0,0,0,0,0,0,0,0,0,0,0,0,0,0,0,0,0,0,0,0,0,0,0,0,0,0,0,0,0,0,0,0,0,0,0,0,0,0,0,0,0,0,0,0,0,0,0,0,0,0,0,0,0,0,0,0,0,0,0,0,0,0,0,0,0,0},
{0,0,0,0,0,0,0,0,0,0,0,0,0,0,0,0,0,0,0,0,0,0,0,0,0,0,0,0,0,0,0,0,0,0,0,0,0,0,0,0,0,0,0,0,0,0,0,0,0,0,0,0,0,0,0,0,0,0,0,0,0,0,0,0,0,0,0,0,0,0,0,0,0,0,0,0,0,0,0,0,0,0,0,0,0,0,0,0,0,0,0,0,0,0,0,0},
{0,0,0,0,0,0,0,0,0,0,0,0,0,0,0,0,0,0,0,0,0,0,0,0,0,0,0,0,0,0,0,0,0,0,0,0,0,0,0,0,0,0,0,0,0,0,0,0,0,0,0,0,0,0,0,0,0,0,0,0,0,0,0,0,0,0,0,0,0,0,0,0,0,0,0,0,0,0,0,0,0,0,0,0,0,0,0,0,0,0,0,0,0,0,0,0},
{0,0,0,0,0,0,0,0,0,0,0,0,0,0,0,0,0,0,0,0,0,0,0,0,0,0,0,0,0,0,0,0,0,0,0,0,0,0,0,0,0,0,0,0,0,0,0,0,0,0,0,0,0,0,0,0,0,0,0,0,0,0,0,0,0,0,0,0,0,0,0,0,0,0,0,0,0,0,0,0,0,0,0,0,0,0,0,0,0,0,0,0,0,0,0,0},
{0,0,0,0,0,0,0,0,0,0,0,0,0,0,0,0,0,0,0,0,0,0,0,0,0,0,0,0,0,0,0,0,0,0,0,0,0,0,0,0,0,0,0,0,0,0,0,0,0,0,0,0,0,0,0,0,0,0,0,0,0,0,0,0,0,0,0,0,0,0,0,0,0,0,0,0,0,0,0,0,0,0,0,0,0,0,0,0,0,0,0,0,0,0,0,0},
{0,0,0,0,0,0,0,0,0,0,0,0,0,0,0,0,0,0,0,0,0,0,0,0,0,0,0,0,0,0,0,0,0,0,0,0,0,0,0,0,0,0,0,0,0,0,0,0,0,0,0,0,0,0,0,0,0,0,0,0,0,0,0,0,0,0,0,0,0,0,0,0,0,0,0,0,0,0,0,0,0,0,0,0,0,0,0,0,0,0,0,0,0,0,0,0},
{0,0,0,0,0,0,0,0,0,0,0,0,0,0,0,0,0,0,0,0,0,0,0,0,0,0,0,0,0,0,0,0,0,0,0,0,0,0,0,0,0,0,0,0,0,0,0,0,0,0,0,0,0,0,0,0,0,0,0,0,0,0,0,0,0,0,0,0,0,0,0,0,0,0,0,0,0,0,0,0,0,0,0,0,0,0,0,0,0,0,0,0,0,0,0,0},
{0,0,0,0,0,0,0,0,0,0,0,0,0,0,0,0,0,0,0,0,0,0,0,0,0,0,0,0,0,0,0,0,0,0,0,0,0,0,0,0,0,0,0,0,0,0,0,0,0,0,0,0,0,0,0,0,0,0,0,0,0,0,0,0,0,0,0,0,0,0,0,0,0,0,0,0,0,0,0,0,0,0,0,0,0,0,0,0,0,0,0,0,0,0,0,0},
{0,0,0,0,0,0,0,0,0,0,0,0,0,0,0,0,0,0,0,0,0,0,0,0,0,0,0,0,0,0,0,0,0,0,0,0,0,0,0,0,0,0,0,0,0,0,0,0,0,0,0,0,0,0,0,0,0,0,0,0,0,0,0,0,0,0,0,0,0,0,0,0,0,0,0,0,0,0,0,0,0,0,0,0,0,0,0,0,0,0,0,0,0,0,0,0},
{0,0,0,0,0,0,0,0,0,0,0,0,0,0,0,0,0,0,0,0,0,0,0,0,0,0,0,0,0,0,0,0,0,0,0,0,0,0,0,0,0,0,0,0,0,0,0,0,0,0,0,0,0,0,0,0,0,0,0,0,0,0,0,0,0,0,0,0,0,0,0,0,0,0,0,0,0,0,0,0,0,0,0,0,0,0,0,0,0,0,0,0,0,0,0,0},
{0,0,0,0,0,0,0,0,0,0,0,0,0,0,0,0,0,0,0,0,0,0,0,0,0,0,0,0,0,0,0,0,0,0,0,0,0,0,0,0,0,0,0,0,0,0,0,0,0,0,0,0,0,0,0,0,0,0,0,0,0,0,0,0,0,0,0,0,0,0,0,0,0,0,0,0,0,0,0,0,0,0,0,0,0,0,0,0,0,0,0,0,0,0,0,0},
{0,0,0,0,0,0,0,0,0,0,0,0,0,0,0,0,0,0,0,0,0,0,0,0,0,0,0,0,0,0,0,0,0,0,0,0,0,0,0,0,0,0,0,0,0,0,0,0,0,0,0,0,0,0,0,0,0,0,0,0,0,0,0,0,0,0,0,0,0,0,0,0,0,0,0,0,0,0.0026041667*J1^2*J2^1+-0.0026041667*J2^3+0,0.0026041667*J1^2*J2^1+-0.0026041667*J2^3+0,0,0,0,0,0,-0.0045105490*J1^2*J2^1+0.0045105490*J2^3+0,0,0,-0.0015035163*J1^2*J2^1+0.0015035163*J2^3+0,0,0,0,0,0,0,0,0},
{0,0,0,0,0,0,0,0,0,0,0,0,0,0,0,0,0,0,0,0,0,0,0,0,0,0,0,0,0,0,0,0,0,0,0,0,0,0,0,0,0,0,0,0,0,0,0,0,0,0,0,0,0,0,0,0,0,0,0,0,0,0,0,0,0,0,0,0,0,0,0,0,0,0,0,0,0.0026041667*J1^2*J2^1+-0.0026041667*J2^3+0,0.0030070327*J1^2*J2^1+-0.0030070327*J2^3+0,0,0.0026041667*J1^2*J2^1+-0.0026041667*J2^3+0,0,0,0,0,0,-0.0045105490*J1^2*J2^1+0.0045105490*J2^3+0,-0.0015035163*J1^2*J2^1+0.0015035163*J2^3+0,-0.0017361111*J1^2*J2^1+0.0017361111*J2^3+0,0,0,0,0,0,0,0,0},
{0,0,0,0,0,0,0,0,0,0,0,0,0,0,0,0,0,0,0,0,0,0,0,0,0,0,0,0,0,0,0,0,0,0,0,0,0,0,0,0,0,0,0,0,0,0,0,0,0,0,0,0,0,0,0,0,0,0,0,0,0,0,0,0,0,0,0,0,0,0,0,0,0,0,0,0,0.0026041667*J1^2*J2^1+-0.0026041667*J2^3+0,0,0.0030070327*J1^2*J2^1+-0.0060140653*J1^1*J2^2+0.0030070327*J2^3+0,0.0026041667*J1^2*J2^1+-0.0034722222*J1^1*J2^2+0.0008680556*J2^3+0,0,0,0,0,0,-0.0015035163*J1^2*J2^1+0.0015035163*J2^3+0,0.0015035163*J1^2*J2^1+-0.0060140653*J1^1*J2^2+0.0045105490*J2^3+0,0.0017361111*J1^2*J2^1+-0.0034722222*J1^1*J2^2+0.0017361111*J2^3+0,0,0,0,0,0,0,0,0},
{0,0,0,0,0,0,0,0,0,0,0,0,0,0,0,0,0,0,0,0,0,0,0,0,0,0,0,0,0,0,0,0,0,0,0,0,0,0,0,0,0,0,0,0,0,0,0,0,0,0,0,0,0,0,0,0,0,0,0,0,0,0,0,0,0,0,0,0,0,0,0,0,0,0,0,0,0,0.0026041667*J1^2*J2^1+-0.0026041667*J2^3+0,0.0026041667*J1^2*J2^1+-0.0034722222*J1^1*J2^2+0.0008680556*J2^3+0,0.0060140653*J1^2*J2^1+-0.0100234422*J1^1*J2^2+0.0040093769*J2^3+0,0,0,0,0,-0.0015035163*J1^2*J2^1+0.0015035163*J2^3+0,-0.0017361111*J1^2*J2^1+0.0017361111*J2^3+0,0.0017361111*J1^2*J2^1+-0.0034722222*J1^1*J2^2+0.0017361111*J2^3+0,0.0035082048*J1^2*J2^1+-0.0100234422*J1^1*J2^2+0.0065152374*J2^3+0,0,0,0,0,0,0,0,0},
{0,0,0,0,0,0,0,0,0,0,0,0,0,0,0,0,0,0,0,0,0,0,0,0,0,0,0,0,0,0,0,0,0,0,0,0,0,0,0,0,0,0,0,0,0,0,0,0,0,0,0,0,0,0,0,0,0,0,0,0,0,0,0,0,0,0,0,0,0,0,0,0,0,0,0,0,0.0026041667*J1^2*J2^1+-0.0026041667*J2^3+0,0,0,0.0008680556*J1^2*J2^1+-0.0008680556*J2^3+0,0,0,0,0,0,-0.0015035163*J1^2*J2^1+0.0015035163*J2^3+0,-0.0015035163*J1^2*J2^1+0.0015035163*J2^3+0,0,0,0,0,0,0.0036828478*J1^2*J2^1+-0.0036828478*J2^3+0,-0.0021262932*J1^2*J2^1+0.0021262932*J2^3+0,-0.0021262932*J1^2*J2^1+0.0021262932*J2^3+0,0.0012276159*J1^2*J2^1+-0.0012276159*J2^3+0},
{0,0,0,0,0,0,0,0,0,0,0,0,0,0,0,0,0,0,0,0,0,0,0,0,0,0,0,0,0,0,0,0,0,0,0,0,0,0,0,0,0,0,0,0,0,0,0,0,0,0,0,0,0,0,0,0,0,0,0,0,0,0,0,0,0,0,0,0,0,0,0,0,0,0,0,0,0,0.0026041667*J1^2*J2^1+-0.0026041667*J2^3+0,0.0008680556*J1^2*J2^1+-0.0008680556*J2^3+0,0.0010023442*J1^2*J2^1+-0.0010023442*J2^3+0,0,0,0,0,-0.0015035163*J1^2*J2^1+0.0015035163*J2^3+0,-0.0017361111*J1^2*J2^1+0.0017361111*J2^3+0,0,-0.0015035163*J1^2*J2^1+0.0015035163*J2^3+0,0,0,0,0,-0.0021262932*J1^2*J2^1+0.0021262932*J2^3+0,0.0012276159*J1^2*J2^1+-0.0012276159*J2^3+0,0.0012276159*J1^2*J2^1+-0.0012276159*J2^3+0,-0.0007087644*J1^2*J2^1+0.0007087644*J2^3+0},
{0,0,0,0,0,0,0,0,0,0,0,0,0,0,0,0,0,0,0,0,0,0,0,0,0,0,0,0,0,0,0,0,0,0,0,0,0,0,0,0,0,0,0,0,0,0,0,0,0,0,0,0,0,0,0,0,0,0,0,0,0,0,0,0,0,0,0,0,0,0,0,0,0,0,0,0,0,0.0008680556*J1^2*J2^1+-0.0008680556*J2^3+0,-0.0008680556*J1^2*J2^1+0.0034722222*J1^1*J2^2+-0.0026041667*J2^3+0,-0.0010023442*J1^2*J2^1+0.0020046884*J1^1*J2^2+-0.0010023442*J2^3+0,0,0,0,0,-0.0015035163*J1^2*J2^1+0.0015035163*J2^3+0,0,-0.0017361111*J1^2*J2^1+0.0034722222*J1^1*J2^2+-0.0017361111*J2^3+0,-0.0015035163*J1^2*J2^1+0.0020046884*J1^1*J2^2+-0.0005011721*J2^3+0,0,0,0,0,-0.0021262932*J1^2*J2^1+0.0021262932*J2^3+0,0.0012276159*J1^2*J2^1+-0.0012276159*J2^3+0,-0.0036828478*J1^2*J2^1+0.0098209275*J1^1*J2^2+-0.0061380797*J2^3+0,-0.0035438220*J1^2*J2^1+0.0056701151*J1^1*J2^2+-0.0021262932*J2^3+0},
{0,0,0,0,0,0,0,0,0,0,0,0,0,0,0,0,0,0,0,0,0,0,0,0,0,0,0,0,0,0,0,0,0,0,0,0,0,0,0,0,0,0,0,0,0,0,0,0,0,0,0,0,0,0,0,0,0,0,0,0,0,0,0,0,0,0,0,0,0,0,0,0,0,0,0,0,0.0008680556*J1^2*J2^1+-0.0008680556*J2^3+0,0.0010023442*J1^2*J2^1+-0.0010023442*J2^3+0,-0.0010023442*J1^2*J2^1+0.0020046884*J1^1*J2^2+-0.0010023442*J2^3+0,-0.0020254630*J1^2*J2^1+0.0057870370*J1^1*J2^2+-0.0037615741*J2^3+0,0,0,0,0,0,-0.0015035163*J1^2*J2^1+0.0015035163*J2^3+0,-0.0015035163*J1^2*J2^1+0.0020046884*J1^1*J2^2+-0.0005011721*J2^3+0,-0.0034722222*J1^2*J2^1+0.0057870370*J1^1*J2^2+-0.0023148148*J2^3+0,0,0,0,0,0.0012276159*J1^2*J2^1+-0.0012276159*J2^3+0,-0.0007087644*J1^2*J2^1+0.0007087644*J2^3+0,-0.0035438220*J1^2*J2^1+0.0056701151*J1^1*J2^2+-0.0021262932*J2^3+0,-0.0077749010*J1^2*J2^1+0.0163682125*J1^1*J2^2+-0.0085933116*J2^3+0},
{0,0,0,0,0,0,0,0,0,0,0,0,0,0,0,0,0,0,0,0,0,0,0,0,0,0,0,0,0,0,0,0,0,0,0,0,0,0,0,0,0,0,0,0,0,0,0,0,0,0,0,0,0,0,0,0,0,0,0,0,0,0,0,0,0,0,0,0,0,0,0,0,0,-0.0045105490*J1^2*J2^1+0.0045105490*J2^3+0,-0.0045105490*J1^2*J2^1+0.0045105490*J2^3+0,0,0,0,0,0,0.0078125000*J1^2*J2^1+-0.0078125000*J2^3+0,0,0,0.0026041667*J1^2*J2^1+-0.0026041667*J2^3+0,0,0,0,0,0,0,0,0,0,0,0,0},
{0,0,0,0,0,0,0,0,0,0,0,0,0,0,0,0,0,0,0,0,0,0,0,0,0,0,0,0,0,0,0,0,0,0,0,0,0,0,0,0,0,0,0,0,0,0,0,0,0,0,0,0,0,0,0,0,0,0,0,0,0,0,0,0,0,0,0,0,0,0,0,0,-0.0045105490*J1^2*J2^1+0.0045105490*J2^3+0,-0.0052083333*J1^2*J2^1+0.0052083333*J2^3+0,0,-0.0045105490*J1^2*J2^1+0.0045105490*J2^3+0,0,0,0,0,0,0.0078125000*J1^2*J2^1+-0.0078125000*J2^3+0,0.0026041667*J1^2*J2^1+-0.0026041667*J2^3+0,0.0030070327*J1^2*J2^1+-0.0030070327*J2^3+0,0,0,0,0,0,0,0,0,0,0,0,0},
{0,0,0,0,0,0,0,0,0,0,0,0,0,0,0,0,0,0,0,0,0,0,0,0,0,0,0,0,0,0,0,0,0,0,0,0,0,0,0,0,0,0,0,0,0,0,0,0,0,0,0,0,0,0,0,0,0,0,0,0,0,0,0,0,0,0,0,0,0,0,0,0,-0.0045105490*J1^2*J2^1+0.0045105490*J2^3+0,0,-0.0052083333*J1^2*J2^1+0.0104166667*J1^1*J2^2+-0.0052083333*J2^3+0,-0.0045105490*J1^2*J2^1+0.0060140653*J1^1*J2^2+-0.0015035163*J2^3+0,0,0,0,0,0,0.0026041667*J1^2*J2^1+-0.0026041667*J2^3+0,-0.0026041667*J1^2*J2^1+0.0104166667*J1^1*J2^2+-0.0078125000*J2^3+0,-0.0030070327*J1^2*J2^1+0.0060140653*J1^1*J2^2+-0.0030070327*J2^3+0,0,0,0,0,0,0,0,0,0,0,0,0},
{0,0,0,0,0,0,0,0,0,0,0,0,0,0,0,0,0,0,0,0,0,0,0,0,0,0,0,0,0,0,0,0,0,0,0,0,0,0,0,0,0,0,0,0,0,0,0,0,0,0,0,0,0,0,0,0,0,0,0,0,0,0,0,0,0,0,0,0,0,0,0,0,0,-0.0045105490*J1^2*J2^1+0.0045105490*J2^3+0,-0.0045105490*J1^2*J2^1+0.0060140653*J1^1*J2^2+-0.0015035163*J2^3+0,-0.0104166667*J1^2*J2^1+0.0173611111*J1^1*J2^2+-0.0069444444*J2^3+0,0,0,0,0,0.0026041667*J1^2*J2^1+-0.0026041667*J2^3+0,0.0030070327*J1^2*J2^1+-0.0030070327*J2^3+0,-0.0030070327*J1^2*J2^1+0.0060140653*J1^1*J2^2+-0.0030070327*J2^3+0,-0.0060763889*J1^2*J2^1+0.0173611111*J1^1*J2^2+-0.0112847222*J2^3+0,0,0,0,0,0,0,0,0,0,0,0,0},
{0,0,0,0,0,0,0,0,0,0,0,0,0,0,0,0,0,0,0,0,0,0,0,0,0,0,0,0,0,0,0,0,0,0,0,0,0,0,0,0,0,0,0,0,0,0,0,0,0,0,0,0,0,0,0,0,0,0,0,0,0,0,0,0,0,0,0,0,0,0,0,0,-0.0045105490*J1^2*J2^1+0.0045105490*J2^3+0,0,0,-0.0015035163*J1^2*J2^1+0.0015035163*J2^3+0,0,0,0,0,0,0.0026041667*J1^2*J2^1+-0.0026041667*J2^3+0,0.0026041667*J1^2*J2^1+-0.0026041667*J2^3+0,0,0,0,0,0,-0.0063788795*J1^2*J2^1+0.0063788795*J2^3+0,0.0036828478*J1^2*J2^1+-0.0036828478*J2^3+0,0.0036828478*J1^2*J2^1+-0.0036828478*J2^3+0,-0.0021262932*J1^2*J2^1+0.0021262932*J2^3+0,0,0,0,0},
{0,0,0,0,0,0,0,0,0,0,0,0,0,0,0,0,0,0,0,0,0,0,0,0,0,0,0,0,0,0,0,0,0,0,0,0,0,0,0,0,0,0,0,0,0,0,0,0,0,0,0,0,0,0,0,0,0,0,0,0,0,0,0,0,0,0,0,0,0,0,0,0,0,-0.0045105490*J1^2*J2^1+0.0045105490*J2^3+0,-0.0015035163*J1^2*J2^1+0.0015035163*J2^3+0,-0.0017361111*J1^2*J2^1+0.0017361111*J2^3+0,0,0,0,0,0.0026041667*J1^2*J2^1+-0.0026041667*J2^3+0,0.0030070327*J1^2*J2^1+-0.0030070327*J2^3+0,0,0.0026041667*J1^2*J2^1+-0.0026041667*J2^3+0,0,0,0,0,0.0036828478*J1^2*J2^1+-0.0036828478*J2^3+0,-0.0021262932*J1^2*J2^1+0.0021262932*J2^3+0,-0.0021262932*J1^2*J2^1+0.0021262932*J2^3+0,0.0012276159*J1^2*J2^1+-0.0012276159*J2^3+0,0,0,0,0},
{0,0,0,0,0,0,0,0,0,0,0,0,0,0,0,0,0,0,0,0,0,0,0,0,0,0,0,0,0,0,0,0,0,0,0,0,0,0,0,0,0,0,0,0,0,0,0,0,0,0,0,0,0,0,0,0,0,0,0,0,0,0,0,0,0,0,0,0,0,0,0,0,0,-0.0015035163*J1^2*J2^1+0.0015035163*J2^3+0,0.0015035163*J1^2*J2^1+-0.0060140653*J1^1*J2^2+0.0045105490*J2^3+0,0.0017361111*J1^2*J2^1+-0.0034722222*J1^1*J2^2+0.0017361111*J2^3+0,0,0,0,0,0.0026041667*J1^2*J2^1+-0.0026041667*J2^3+0,0,0.0030070327*J1^2*J2^1+-0.0060140653*J1^1*J2^2+0.0030070327*J2^3+0,0.0026041667*J1^2*J2^1+-0.0034722222*J1^1*J2^2+0.0008680556*J2^3+0,0,0,0,0,0.0036828478*J1^2*J2^1+-0.0036828478*J2^3+0,-0.0021262932*J1^2*J2^1+0.0021262932*J2^3+0,0.0063788795*J1^2*J2^1+-0.0170103454*J1^1*J2^2+0.0106314659*J2^3+0,0.0061380797*J1^2*J2^1+-0.0098209275*J1^1*J2^2+0.0036828478*J2^3+0,0,0,0,0},
{0,0,0,0,0,0,0,0,0,0,0,0,0,0,0,0,0,0,0,0,0,0,0,0,0,0,0,0,0,0,0,0,0,0,0,0,0,0,0,0,0,0,0,0,0,0,0,0,0,0,0,0,0,0,0,0,0,0,0,0,0,0,0,0,0,0,0,0,0,0,0,0,-0.0015035163*J1^2*J2^1+0.0015035163*J2^3+0,-0.0017361111*J1^2*J2^1+0.0017361111*J2^3+0,0.0017361111*J1^2*J2^1+-0.0034722222*J1^1*J2^2+0.0017361111*J2^3+0,0.0035082048*J1^2*J2^1+-0.0100234422*J1^1*J2^2+0.0065152374*J2^3+0,0,0,0,0,0,0.0026041667*J1^2*J2^1+-0.0026041667*J2^3+0,0.0026041667*J1^2*J2^1+-0.0034722222*J1^1*J2^2+0.0008680556*J2^3+0,0.0060140653*J1^2*J2^1+-0.0100234422*J1^1*J2^2+0.0040093769*J2^3+0,0,0,0,0,-0.0021262932*J1^2*J2^1+0.0021262932*J2^3+0,0.0012276159*J1^2*J2^1+-0.0012276159*J2^3+0,0.0061380797*J1^2*J2^1+-0.0098209275*J1^1*J2^2+0.0036828478*J2^3+0,0.0134665235*J1^2*J2^1+-0.0283505757*J1^1*J2^2+0.0148840523*J2^3+0,0,0,0,0},
{0,0,0,0,0,0,0,0,0,0,0,0,0,0,0,0,0,0,0,0,0,0,0,0,0,0,0,0,0,0,0,0,0,0,0,0,0,0,0,0,0,0,0,0,0,0,0,0,0,0,0,0,0,0,0,0,0,0,0,0,0,0,0,0,0,0,0,0,0,0,0,0,0,0,0,0,0,-0.0036828478*J1^2*J2^1+0.0036828478*J2^3+0,-0.0036828478*J1^2*J2^1+0.0036828478*J2^3+0,0,0,0,0,0,0.0063788795*J1^2*J2^1+-0.0063788795*J2^3+0,0,0,0.0021262932*J1^2*J2^1+-0.0021262932*J2^3+0,0,0,0,0,0,0,0,0},
{0,0,0,0,0,0,0,0,0,0,0,0,0,0,0,0,0,0,0,0,0,0,0,0,0,0,0,0,0,0,0,0,0,0,0,0,0,0,0,0,0,0,0,0,0,0,0,0,0,0,0,0,0,0,0,0,0,0,0,0,0,0,0,0,0,0,0,0,0,0,0,0,0,0,0,0,-0.0036828478*J1^2*J2^1+0.0036828478*J2^3+0,-0.0042525864*J1^2*J2^1+0.0042525864*J2^3+0,0,-0.0036828478*J1^2*J2^1+0.0036828478*J2^3+0,0,0,0,0,0,0.0063788795*J1^2*J2^1+-0.0063788795*J2^3+0,0.0021262932*J1^2*J2^1+-0.0021262932*J2^3+0,0.0024552319*J1^2*J2^1+-0.0024552319*J2^3+0,0,0,0,0,0,0,0,0},
{0,0,0,0,0,0,0,0,0,0,0,0,0,0,0,0,0,0,0,0,0,0,0,0,0,0,0,0,0,0,0,0,0,0,0,0,0,0,0,0,0,0,0,0,0,0,0,0,0,0,0,0,0,0,0,0,0,0,0,0,0,0,0,0,0,0,0,0,0,0,0,0,0,0,0,0,-0.0036828478*J1^2*J2^1+0.0036828478*J2^3+0,0,-0.0042525864*J1^2*J2^1+0.0085051727*J1^1*J2^2+-0.0042525864*J2^3+0,-0.0036828478*J1^2*J2^1+0.0049104638*J1^1*J2^2+-0.0012276159*J2^3+0,0,0,0,0,0,0.0021262932*J1^2*J2^1+-0.0021262932*J2^3+0,-0.0021262932*J1^2*J2^1+0.0085051727*J1^1*J2^2+-0.0063788795*J2^3+0,-0.0024552319*J1^2*J2^1+0.0049104638*J1^1*J2^2+-0.0024552319*J2^3+0,0,0,0,0,0,0,0,0},
{0,0,0,0,0,0,0,0,0,0,0,0,0,0,0,0,0,0,0,0,0,0,0,0,0,0,0,0,0,0,0,0,0,0,0,0,0,0,0,0,0,0,0,0,0,0,0,0,0,0,0,0,0,0,0,0,0,0,0,0,0,0,0,0,0,0,0,0,0,0,0,0,0,0,0,0,0,-0.0036828478*J1^2*J2^1+0.0036828478*J2^3+0,-0.0036828478*J1^2*J2^1+0.0049104638*J1^1*J2^2+-0.0012276159*J2^3+0,-0.0085051727*J1^2*J2^1+0.0141752879*J1^1*J2^2+-0.0056701151*J2^3+0,0,0,0,0,0.0021262932*J1^2*J2^1+-0.0021262932*J2^3+0,0.0024552319*J1^2*J2^1+-0.0024552319*J2^3+0,-0.0024552319*J1^2*J2^1+0.0049104638*J1^1*J2^2+-0.0024552319*J2^3+0,-0.0049613508*J1^2*J2^1+0.0141752879*J1^1*J2^2+-0.0092139371*J2^3+0,0,0,0,0,0,0,0,0},
{0,0,0,0,0,0,0,0,0,0,0,0,0,0,0,0,0,0,0,0,0,0,0,0,0,0,0,0,0,0,0,0,0,0,0,0,0,0,0,0,0,0,0,0,0,0,0,0,0,0,0,0,0,0,0,0,0,0,0,0,0,0,0,0,0,0,0,0,0,0,0,0,0,0,0,0,-0.0036828478*J1^2*J2^1+0.0036828478*J2^3+0,0,0,-0.0012276159*J1^2*J2^1+0.0012276159*J2^3+0,0,0,0,0,0,0.0021262932*J1^2*J2^1+-0.0021262932*J2^3+0,0.0021262932*J1^2*J2^1+-0.0021262932*J2^3+0,0,0,0,0,0,-0.0052083333*J1^2*J2^1+0.0052083333*J2^3+0,0.0030070327*J1^2*J2^1+-0.0030070327*J2^3+0,0.0030070327*J1^2*J2^1+-0.0030070327*J2^3+0,-0.0017361111*J1^2*J2^1+0.0017361111*J2^3+0},
{0,0,0,0,0,0,0,0,0,0,0,0,0,0,0,0,0,0,0,0,0,0,0,0,0,0,0,0,0,0,0,0,0,0,0,0,0,0,0,0,0,0,0,0,0,0,0,0,0,0,0,0,0,0,0,0,0,0,0,0,0,0,0,0,0,0,0,0,0,0,0,0,0,0,0,0,0,-0.0036828478*J1^2*J2^1+0.0036828478*J2^3+0,-0.0012276159*J1^2*J2^1+0.0012276159*J2^3+0,-0.0014175288*J1^2*J2^1+0.0014175288*J2^3+0,0,0,0,0,0.0021262932*J1^2*J2^1+-0.0021262932*J2^3+0,0.0024552319*J1^2*J2^1+-0.0024552319*J2^3+0,0,0.0021262932*J1^2*J2^1+-0.0021262932*J2^3+0,0,0,0,0,0.0030070327*J1^2*J2^1+-0.0030070327*J2^3+0,-0.0017361111*J1^2*J2^1+0.0017361111*J2^3+0,-0.0017361111*J1^2*J2^1+0.0017361111*J2^3+0,0.0010023442*J1^2*J2^1+-0.0010023442*J2^3+0},
{0,0,0,0,0,0,0,0,0,0,0,0,0,0,0,0,0,0,0,0,0,0,0,0,0,0,0,0,0,0,0,0,0,0,0,0,0,0,0,0,0,0,0,0,0,0,0,0,0,0,0,0,0,0,0,0,0,0,0,0,0,0,0,0,0,0,0,0,0,0,0,0,0,0,0,0,0,-0.0012276159*J1^2*J2^1+0.0012276159*J2^3+0,0.0012276159*J1^2*J2^1+-0.0049104638*J1^1*J2^2+0.0036828478*J2^3+0,0.0014175288*J1^2*J2^1+-0.0028350576*J1^1*J2^2+0.0014175288*J2^3+0,0,0,0,0,0.0021262932*J1^2*J2^1+-0.0021262932*J2^3+0,0,0.0024552319*J1^2*J2^1+-0.0049104638*J1^1*J2^2+0.0024552319*J2^3+0,0.0021262932*J1^2*J2^1+-0.0028350576*J1^1*J2^2+0.0007087644*J2^3+0,0,0,0,0,0.0030070327*J1^2*J2^1+-0.0030070327*J2^3+0,-0.0017361111*J1^2*J2^1+0.0017361111*J2^3+0,0.0052083333*J1^2*J2^1+-0.0138888889*J1^1*J2^2+0.0086805556*J2^3+0,0.0050117211*J1^2*J2^1+-0.0080187537*J1^1*J2^2+0.0030070327*J2^3+0},
{0,0,0,0,0,0,0,0,0,0,0,0,0,0,0,0,0,0,0,0,0,0,0,0,0,0,0,0,0,0,0,0,0,0,0,0,0,0,0,0,0,0,0,0,0,0,0,0,0,0,0,0,0,0,0,0,0,0,0,0,0,0,0,0,0,0,0,0,0,0,0,0,0,0,0,0,-0.0012276159*J1^2*J2^1+0.0012276159*J2^3+0,-0.0014175288*J1^2*J2^1+0.0014175288*J2^3+0,0.0014175288*J1^2*J2^1+-0.0028350576*J1^1*J2^2+0.0014175288*J2^3+0,0.0028644372*J1^2*J2^1+-0.0081841063*J1^1*J2^2+0.0053196691*J2^3+0,0,0,0,0,0,0.0021262932*J1^2*J2^1+-0.0021262932*J2^3+0,0.0021262932*J1^2*J2^1+-0.0028350576*J1^1*J2^2+0.0007087644*J2^3+0,0.0049104638*J1^2*J2^1+-0.0081841063*J1^1*J2^2+0.0032736425*J2^3+0,0,0,0,0,-0.0017361111*J1^2*J2^1+0.0017361111*J2^3+0,0.0010023442*J1^2*J2^1+-0.0010023442*J2^3+0,0.0050117211*J1^2*J2^1+-0.0080187537*J1^1*J2^2+0.0030070327*J2^3+0,0.0109953704*J1^2*J2^1+-0.0231481481*J1^1*J2^2+0.0121527778*J2^3+0},
{0,0,0,0,0,0,0,0,0,0,0,0,0,0,0,0,0,0,0,0,0,0,0,0,0,0,0,0,0,0,0,0,0,0,0,0,0,0,0,0,0,0,0,0,0,0,0,0,0,0,0,0,0,0,0,0,0,-0.0045105490*J1^2*J2^1+0.0045105490*J2^3+0,-0.0045105490*J1^2*J2^1+0.0045105490*J2^3+0,0,-0.0045105490*J1^2*J2^1+0.0045105490*J2^3+0,0,0,-0.0015035163*J1^2*J2^1+0.0015035163*J2^3+0,0,0,0,0,0,0,0,0,0,0,0,0,0,0,0,0,0,0,0,0,0,0,0,0,0,0,0,0,0,0,0,0},
{0,0,0,0,0,0,0,0,0,0,0,0,0,0,0,0,0,0,0,0,0,0,0,0,0,0,0,0,0,0,0,0,0,0,0,0,0,0,0,0,0,0,0,0,0,0,0,0,0,0,0,0,0,0,0,0,-0.0045105490*J1^2*J2^1+0.0045105490*J2^3+0,-0.0052083333*J1^2*J2^1+0.0052083333*J2^3+0,0,-0.0045105490*J1^2*J2^1+0.0045105490*J2^3+0,0,-0.0045105490*J1^2*J2^1+0.0045105490*J2^3+0,-0.0015035163*J1^2*J2^1+0.0015035163*J2^3+0,-0.0017361111*J1^2*J2^1+0.0017361111*J2^3+0,0,0,0,0,0,0,0,0,0,0,0,0,0,0,0,0,0,0,0,0,0,0,0,0,0,0,0,0,0,0,0,0},
{0,0,0,0,0,0,0,0,0,0,0,0,0,0,0,0,0,0,0,0,0,0,0,0,0,0,0,0,0,0,0,0,0,0,0,0,0,0,0,0,0,0,0,0,0,0,0,0,0,0,0,0,0,0,0,0,-0.0045105490*J1^2*J2^1+0.0045105490*J2^3+0,0,-0.0052083333*J1^2*J2^1+0.0104166667*J1^1*J2^2+-0.0052083333*J2^3+0,-0.0045105490*J1^2*J2^1+0.0060140653*J1^1*J2^2+-0.0015035163*J2^3+0,0,-0.0015035163*J1^2*J2^1+0.0015035163*J2^3+0,0.0015035163*J1^2*J2^1+-0.0060140653*J1^1*J2^2+0.0045105490*J2^3+0,0.0017361111*J1^2*J2^1+-0.0034722222*J1^1*J2^2+0.0017361111*J2^3+0,0,0,0,0,0,0,0,0,0,0,0,0,0,0,0,0,0,0,0,0,0,0,0,0,0,0,0,0,0,0,0,0},
{0,0,0,0,0,0,0,0,0,0,0,0,0,0,0,0,0,0,0,0,0,0,0,0,0,0,0,0,0,0,0,0,0,0,0,0,0,0,0,0,0,0,0,0,0,0,0,0,0,0,0,0,0,0,0,0,0,-0.0045105490*J1^2*J2^1+0.0045105490*J2^3+0,-0.0045105490*J1^2*J2^1+0.0060140653*J1^1*J2^2+-0.0015035163*J2^3+0,-0.0104166667*J1^2*J2^1+0.0173611111*J1^1*J2^2+-0.0069444444*J2^3+0,-0.0015035163*J1^2*J2^1+0.0015035163*J2^3+0,-0.0017361111*J1^2*J2^1+0.0017361111*J2^3+0,0.0017361111*J1^2*J2^1+-0.0034722222*J1^1*J2^2+0.0017361111*J2^3+0,0.0035082048*J1^2*J2^1+-0.0100234422*J1^1*J2^2+0.0065152374*J2^3+0,0,0,0,0,0,0,0,0,0,0,0,0,0,0,0,0,0,0,0,0,0,0,0,0,0,0,0,0,0,0,0,0},
{0,0,0,0,0,0,0,0,0,0,0,0,0,0,0,0,0,0,0,0,0,0,0,0,0,0,0,0,0,0,0,0,0,0,0,0,0,0,0,0,0,0,0,0,0,0,0,0,0,0.0026041667*J1^2*J2^1+-0.0026041667*J2^3+0,0.0026041667*J1^2*J2^1+-0.0026041667*J2^3+0,0,0.0026041667*J1^2*J2^1+-0.0026041667*J2^3+0,0,0,0.0008680556*J1^2*J2^1+-0.0008680556*J2^3+0,0,0,0,0,0,0,0,0,0,-0.0036828478*J1^2*J2^1+0.0036828478*J2^3+0,-0.0036828478*J1^2*J2^1+0.0036828478*J2^3+0,0,-0.0036828478*J1^2*J2^1+0.0036828478*J2^3+0,0,0,-0.0012276159*J1^2*J2^1+0.0012276159*J2^3+0,0,0,0,0,0,0,0,0,0,0,0,0,0,0,0,0,0,0,0,0,0,0,0,0},
{0,0,0,0,0,0,0,0,0,0,0,0,0,0,0,0,0,0,0,0,0,0,0,0,0,0,0,0,0,0,0,0,0,0,0,0,0,0,0,0,0,0,0,0,0,0,0,0,0.0026041667*J1^2*J2^1+-0.0026041667*J2^3+0,0.0030070327*J1^2*J2^1+-0.0030070327*J2^3+0,0,0.0026041667*J1^2*J2^1+-0.0026041667*J2^3+0,0,0.0026041667*J1^2*J2^1+-0.0026041667*J2^3+0,0.0008680556*J1^2*J2^1+-0.0008680556*J2^3+0,0.0010023442*J1^2*J2^1+-0.0010023442*J2^3+0,0,0,0,0,0,0,0,0,-0.0036828478*J1^2*J2^1+0.0036828478*J2^3+0,-0.0042525864*J1^2*J2^1+0.0042525864*J2^3+0,0,-0.0036828478*J1^2*J2^1+0.0036828478*J2^3+0,0,-0.0036828478*J1^2*J2^1+0.0036828478*J2^3+0,-0.0012276159*J1^2*J2^1+0.0012276159*J2^3+0,-0.0014175288*J1^2*J2^1+0.0014175288*J2^3+0,0,0,0,0,0,0,0,0,0,0,0,0,0,0,0,0,0,0,0,0,0,0,0,0},
{0,0,0,0,0,0,0,0,0,0,0,0,0,0,0,0,0,0,0,0,0,0,0,0,0,0,0,0,0,0,0,0,0,0,0,0,0,0,0,0,0,0,0,0,0,0,0,0,0.0026041667*J1^2*J2^1+-0.0026041667*J2^3+0,0,0.0030070327*J1^2*J2^1+-0.0060140653*J1^1*J2^2+0.0030070327*J2^3+0,0.0026041667*J1^2*J2^1+-0.0034722222*J1^1*J2^2+0.0008680556*J2^3+0,0,0.0008680556*J1^2*J2^1+-0.0008680556*J2^3+0,-0.0008680556*J1^2*J2^1+0.0034722222*J1^1*J2^2+-0.0026041667*J2^3+0,-0.0010023442*J1^2*J2^1+0.0020046884*J1^1*J2^2+-0.0010023442*J2^3+0,0,0,0,0,0,0,0,0,-0.0036828478*J1^2*J2^1+0.0036828478*J2^3+0,0,-0.0042525864*J1^2*J2^1+0.0085051727*J1^1*J2^2+-0.0042525864*J2^3+0,-0.0036828478*J1^2*J2^1+0.0049104638*J1^1*J2^2+-0.0012276159*J2^3+0,0,-0.0012276159*J1^2*J2^1+0.0012276159*J2^3+0,0.0012276159*J1^2*J2^1+-0.0049104638*J1^1*J2^2+0.0036828478*J2^3+0,0.0014175288*J1^2*J2^1+-0.0028350576*J1^1*J2^2+0.0014175288*J2^3+0,0,0,0,0,0,0,0,0,0,0,0,0,0,0,0,0,0,0,0,0,0,0,0,0},
{0,0,0,0,0,0,0,0,0,0,0,0,0,0,0,0,0,0,0,0,0,0,0,0,0,0,0,0,0,0,0,0,0,0,0,0,0,0,0,0,0,0,0,0,0,0,0,0,0,0.0026041667*J1^2*J2^1+-0.0026041667*J2^3+0,0.0026041667*J1^2*J2^1+-0.0034722222*J1^1*J2^2+0.0008680556*J2^3+0,0.0060140653*J1^2*J2^1+-0.0100234422*J1^1*J2^2+0.0040093769*J2^3+0,0.0008680556*J1^2*J2^1+-0.0008680556*J2^3+0,0.0010023442*J1^2*J2^1+-0.0010023442*J2^3+0,-0.0010023442*J1^2*J2^1+0.0020046884*J1^1*J2^2+-0.0010023442*J2^3+0,-0.0020254630*J1^2*J2^1+0.0057870370*J1^1*J2^2+-0.0037615741*J2^3+0,0,0,0,0,0,0,0,0,0,-0.0036828478*J1^2*J2^1+0.0036828478*J2^3+0,-0.0036828478*J1^2*J2^1+0.0049104638*J1^1*J2^2+-0.0012276159*J2^3+0,-0.0085051727*J1^2*J2^1+0.0141752879*J1^1*J2^2+-0.0056701151*J2^3+0,-0.0012276159*J1^2*J2^1+0.0012276159*J2^3+0,-0.0014175288*J1^2*J2^1+0.0014175288*J2^3+0,0.0014175288*J1^2*J2^1+-0.0028350576*J1^1*J2^2+0.0014175288*J2^3+0,0.0028644372*J1^2*J2^1+-0.0081841063*J1^1*J2^2+0.0053196691*J2^3+0,0,0,0,0,0,0,0,0,0,0,0,0,0,0,0,0,0,0,0,0,0,0,0,0},
{0,0,0,0,0,0,0,0,0,0,0,0,0,0,0,0,0,0,0,0,0,0,0,0,0,0,0,0,0,0,0,0,0,0,0,0,0,0,0,0,0,0,0,0,0,0,0,0,0,0,0,0,0,0,0,0,0.0078125000*J1^2*J2^1+-0.0078125000*J2^3+0,0,0,0.0026041667*J1^2*J2^1+-0.0026041667*J2^3+0,0,0.0026041667*J1^2*J2^1+-0.0026041667*J2^3+0,0.0026041667*J1^2*J2^1+-0.0026041667*J2^3+0,0,0,0,0,0,0,0,0,0,0,0,0,0,0,0,0,0,0,0,0,0,0,0,0,0,0,0,0,0,0,0,0,0},
{0,0,0,0,0,0,0,0,0,0,0,0,0,0,0,0,0,0,0,0,0,0,0,0,0,0,0,0,0,0,0,0,0,0,0,0,0,0,0,0,0,0,0,0,0,0,0,0,0,0,0,0,0,0,0,0,0,0.0078125000*J1^2*J2^1+-0.0078125000*J2^3+0,0.0026041667*J1^2*J2^1+-0.0026041667*J2^3+0,0.0030070327*J1^2*J2^1+-0.0030070327*J2^3+0,0.0026041667*J1^2*J2^1+-0.0026041667*J2^3+0,0.0030070327*J1^2*J2^1+-0.0030070327*J2^3+0,0,0.0026041667*J1^2*J2^1+-0.0026041667*J2^3+0,0,0,0,0,0,0,0,0,0,0,0,0,0,0,0,0,0,0,0,0,0,0,0,0,0,0,0,0,0,0,0,0},
{0,0,0,0,0,0,0,0,0,0,0,0,0,0,0,0,0,0,0,0,0,0,0,0,0,0,0,0,0,0,0,0,0,0,0,0,0,0,0,0,0,0,0,0,0,0,0,0,0,0,0,0,0,0,0,0,0,0.0026041667*J1^2*J2^1+-0.0026041667*J2^3+0,-0.0026041667*J1^2*J2^1+0.0104166667*J1^1*J2^2+-0.0078125000*J2^3+0,-0.0030070327*J1^2*J2^1+0.0060140653*J1^1*J2^2+-0.0030070327*J2^3+0,0.0026041667*J1^2*J2^1+-0.0026041667*J2^3+0,0,0.0030070327*J1^2*J2^1+-0.0060140653*J1^1*J2^2+0.0030070327*J2^3+0,0.0026041667*J1^2*J2^1+-0.0034722222*J1^1*J2^2+0.0008680556*J2^3+0,0,0,0,0,0,0,0,0,0,0,0,0,0,0,0,0,0,0,0,0,0,0,0,0,0,0,0,0,0,0,0,0},
{0,0,0,0,0,0,0,0,0,0,0,0,0,0,0,0,0,0,0,0,0,0,0,0,0,0,0,0,0,0,0,0,0,0,0,0,0,0,0,0,0,0,0,0,0,0,0,0,0,0,0,0,0,0,0,0,0.0026041667*J1^2*J2^1+-0.0026041667*J2^3+0,0.0030070327*J1^2*J2^1+-0.0030070327*J2^3+0,-0.0030070327*J1^2*J2^1+0.0060140653*J1^1*J2^2+-0.0030070327*J2^3+0,-0.0060763889*J1^2*J2^1+0.0173611111*J1^1*J2^2+-0.0112847222*J2^3+0,0,0.0026041667*J1^2*J2^1+-0.0026041667*J2^3+0,0.0026041667*J1^2*J2^1+-0.0034722222*J1^1*J2^2+0.0008680556*J2^3+0,0.0060140653*J1^2*J2^1+-0.0100234422*J1^1*J2^2+0.0040093769*J2^3+0,0,0,0,0,0,0,0,0,0,0,0,0,0,0,0,0,0,0,0,0,0,0,0,0,0,0,0,0,0,0,0,0},
{0,0,0,0,0,0,0,0,0,0,0,0,0,0,0,0,0,0,0,0,0,0,0,0,0,0,0,0,0,0,0,0,0,0,0,0,0,0,0,0,0,0,0,0,0,0,0,0,-0.0045105490*J1^2*J2^1+0.0045105490*J2^3+0,0,0,-0.0015035163*J1^2*J2^1+0.0015035163*J2^3+0,0,-0.0015035163*J1^2*J2^1+0.0015035163*J2^3+0,-0.0015035163*J1^2*J2^1+0.0015035163*J2^3+0,0,0,0,0,0,0,0,0,0,0.0063788795*J1^2*J2^1+-0.0063788795*J2^3+0,0,0,0.0021262932*J1^2*J2^1+-0.0021262932*J2^3+0,0,0.0021262932*J1^2*J2^1+-0.0021262932*J2^3+0,0.0021262932*J1^2*J2^1+-0.0021262932*J2^3+0,0,0,0,0,0,0,0,0,0,0,0,0,0,0,0,0,0,0,0,0,0,0,0,0,0},
{0,0,0,0,0,0,0,0,0,0,0,0,0,0,0,0,0,0,0,0,0,0,0,0,0,0,0,0,0,0,0,0,0,0,0,0,0,0,0,0,0,0,0,0,0,0,0,0,0,-0.0045105490*J1^2*J2^1+0.0045105490*J2^3+0,-0.0015035163*J1^2*J2^1+0.0015035163*J2^3+0,-0.0017361111*J1^2*J2^1+0.0017361111*J2^3+0,-0.0015035163*J1^2*J2^1+0.0015035163*J2^3+0,-0.0017361111*J1^2*J2^1+0.0017361111*J2^3+0,0,-0.0015035163*J1^2*J2^1+0.0015035163*J2^3+0,0,0,0,0,0,0,0,0,0,0.0063788795*J1^2*J2^1+-0.0063788795*J2^3+0,0.0021262932*J1^2*J2^1+-0.0021262932*J2^3+0,0.0024552319*J1^2*J2^1+-0.0024552319*J2^3+0,0.0021262932*J1^2*J2^1+-0.0021262932*J2^3+0,0.0024552319*J1^2*J2^1+-0.0024552319*J2^3+0,0,0.0021262932*J1^2*J2^1+-0.0021262932*J2^3+0,0,0,0,0,0,0,0,0,0,0,0,0,0,0,0,0,0,0,0,0,0,0,0,0},
{0,0,0,0,0,0,0,0,0,0,0,0,0,0,0,0,0,0,0,0,0,0,0,0,0,0,0,0,0,0,0,0,0,0,0,0,0,0,0,0,0,0,0,0,0,0,0,0,0,-0.0015035163*J1^2*J2^1+0.0015035163*J2^3+0,0.0015035163*J1^2*J2^1+-0.0060140653*J1^1*J2^2+0.0045105490*J2^3+0,0.0017361111*J1^2*J2^1+-0.0034722222*J1^1*J2^2+0.0017361111*J2^3+0,-0.0015035163*J1^2*J2^1+0.0015035163*J2^3+0,0,-0.0017361111*J1^2*J2^1+0.0034722222*J1^1*J2^2+-0.0017361111*J2^3+0,-0.0015035163*J1^2*J2^1+0.0020046884*J1^1*J2^2+-0.0005011721*J2^3+0,0,0,0,0,0,0,0,0,0,0.0021262932*J1^2*J2^1+-0.0021262932*J2^3+0,-0.0021262932*J1^2*J2^1+0.0085051727*J1^1*J2^2+-0.0063788795*J2^3+0,-0.0024552319*J1^2*J2^1+0.0049104638*J1^1*J2^2+-0.0024552319*J2^3+0,0.0021262932*J1^2*J2^1+-0.0021262932*J2^3+0,0,0.0024552319*J1^2*J2^1+-0.0049104638*J1^1*J2^2+0.0024552319*J2^3+0,0.0021262932*J1^2*J2^1+-0.0028350576*J1^1*J2^2+0.0007087644*J2^3+0,0,0,0,0,0,0,0,0,0,0,0,0,0,0,0,0,0,0,0,0,0,0,0,0},
{0,0,0,0,0,0,0,0,0,0,0,0,0,0,0,0,0,0,0,0,0,0,0,0,0,0,0,0,0,0,0,0,0,0,0,0,0,0,0,0,0,0,0,0,0,0,0,0,-0.0015035163*J1^2*J2^1+0.0015035163*J2^3+0,-0.0017361111*J1^2*J2^1+0.0017361111*J2^3+0,0.0017361111*J1^2*J2^1+-0.0034722222*J1^1*J2^2+0.0017361111*J2^3+0,0.0035082048*J1^2*J2^1+-0.0100234422*J1^1*J2^2+0.0065152374*J2^3+0,0,-0.0015035163*J1^2*J2^1+0.0015035163*J2^3+0,-0.0015035163*J1^2*J2^1+0.0020046884*J1^1*J2^2+-0.0005011721*J2^3+0,-0.0034722222*J1^2*J2^1+0.0057870370*J1^1*J2^2+-0.0023148148*J2^3+0,0,0,0,0,0,0,0,0,0.0021262932*J1^2*J2^1+-0.0021262932*J2^3+0,0.0024552319*J1^2*J2^1+-0.0024552319*J2^3+0,-0.0024552319*J1^2*J2^1+0.0049104638*J1^1*J2^2+-0.0024552319*J2^3+0,-0.0049613508*J1^2*J2^1+0.0141752879*J1^1*J2^2+-0.0092139371*J2^3+0,0,0.0021262932*J1^2*J2^1+-0.0021262932*J2^3+0,0.0021262932*J1^2*J2^1+-0.0028350576*J1^1*J2^2+0.0007087644*J2^3+0,0.0049104638*J1^2*J2^1+-0.0081841063*J1^1*J2^2+0.0032736425*J2^3+0,0,0,0,0,0,0,0,0,0,0,0,0,0,0,0,0,0,0,0,0,0,0,0,0},
{0,0,0,0,0,0,0,0,0,0,0,0,0,0,0,0,0,0,0,0,0,0,0,0,0,0,0,0,0,0,0,0,0,0,0,0,0,0,0,0,0,0,0,0,0,0,0,0,0,0,0,0,0,0,0,0,0,0,0,0,-0.0063788795*J1^2*J2^1+0.0063788795*J2^3+0,0.0036828478*J1^2*J2^1+-0.0036828478*J2^3+0,0.0036828478*J1^2*J2^1+-0.0036828478*J2^3+0,-0.0021262932*J1^2*J2^1+0.0021262932*J2^3+0,0,0,0,0,0,0,0,0,0,0,0,0,0,0,0,0,0,0,0,0,0,0,0,0,0,0,0,0,0,0,0,0},
{0,0,0,0,0,0,0,0,0,0,0,0,0,0,0,0,0,0,0,0,0,0,0,0,0,0,0,0,0,0,0,0,0,0,0,0,0,0,0,0,0,0,0,0,0,0,0,0,0,0,0,0,0,0,0,0,0,0,0,0,0.0036828478*J1^2*J2^1+-0.0036828478*J2^3+0,-0.0021262932*J1^2*J2^1+0.0021262932*J2^3+0,-0.0021262932*J1^2*J2^1+0.0021262932*J2^3+0,0.0012276159*J1^2*J2^1+-0.0012276159*J2^3+0,0,0,0,0,0,0,0,0,0,0,0,0,0,0,0,0,0,0,0,0,0,0,0,0,0,0,0,0,0,0,0,0},
{0,0,0,0,0,0,0,0,0,0,0,0,0,0,0,0,0,0,0,0,0,0,0,0,0,0,0,0,0,0,0,0,0,0,0,0,0,0,0,0,0,0,0,0,0,0,0,0,0,0,0,0,0,0,0,0,0,0,0,0,0.0036828478*J1^2*J2^1+-0.0036828478*J2^3+0,-0.0021262932*J1^2*J2^1+0.0021262932*J2^3+0,0.0063788795*J1^2*J2^1+-0.0170103454*J1^1*J2^2+0.0106314659*J2^3+0,0.0061380797*J1^2*J2^1+-0.0098209275*J1^1*J2^2+0.0036828478*J2^3+0,0,0,0,0,0,0,0,0,0,0,0,0,0,0,0,0,0,0,0,0,0,0,0,0,0,0,0,0,0,0,0,0},
{0,0,0,0,0,0,0,0,0,0,0,0,0,0,0,0,0,0,0,0,0,0,0,0,0,0,0,0,0,0,0,0,0,0,0,0,0,0,0,0,0,0,0,0,0,0,0,0,0,0,0,0,0,0,0,0,0,0,0,0,-0.0021262932*J1^2*J2^1+0.0021262932*J2^3+0,0.0012276159*J1^2*J2^1+-0.0012276159*J2^3+0,0.0061380797*J1^2*J2^1+-0.0098209275*J1^1*J2^2+0.0036828478*J2^3+0,0.0134665235*J1^2*J2^1+-0.0283505757*J1^1*J2^2+0.0148840523*J2^3+0,0,0,0,0,0,0,0,0,0,0,0,0,0,0,0,0,0,0,0,0,0,0,0,0,0,0,0,0,0,0,0,0},
{0,0,0,0,0,0,0,0,0,0,0,0,0,0,0,0,0,0,0,0,0,0,0,0,0,0,0,0,0,0,0,0,0,0,0,0,0,0,0,0,0,0,0,0,0,0,0,0,0,0,0,0,0.0036828478*J1^2*J2^1+-0.0036828478*J2^3+0,-0.0021262932*J1^2*J2^1+0.0021262932*J2^3+0,-0.0021262932*J1^2*J2^1+0.0021262932*J2^3+0,0.0012276159*J1^2*J2^1+-0.0012276159*J2^3+0,0,0,0,0,0,0,0,0,0,0,0,0,-0.0052083333*J1^2*J2^1+0.0052083333*J2^3+0,0.0030070327*J1^2*J2^1+-0.0030070327*J2^3+0,0.0030070327*J1^2*J2^1+-0.0030070327*J2^3+0,-0.0017361111*J1^2*J2^1+0.0017361111*J2^3+0,0,0,0,0,0,0,0,0,0,0,0,0,0,0,0,0,0,0,0,0,0,0,0,0},
{0,0,0,0,0,0,0,0,0,0,0,0,0,0,0,0,0,0,0,0,0,0,0,0,0,0,0,0,0,0,0,0,0,0,0,0,0,0,0,0,0,0,0,0,0,0,0,0,0,0,0,0,-0.0021262932*J1^2*J2^1+0.0021262932*J2^3+0,0.0012276159*J1^2*J2^1+-0.0012276159*J2^3+0,0.0012276159*J1^2*J2^1+-0.0012276159*J2^3+0,-0.0007087644*J1^2*J2^1+0.0007087644*J2^3+0,0,0,0,0,0,0,0,0,0,0,0,0,0.0030070327*J1^2*J2^1+-0.0030070327*J2^3+0,-0.0017361111*J1^2*J2^1+0.0017361111*J2^3+0,-0.0017361111*J1^2*J2^1+0.0017361111*J2^3+0,0.0010023442*J1^2*J2^1+-0.0010023442*J2^3+0,0,0,0,0,0,0,0,0,0,0,0,0,0,0,0,0,0,0,0,0,0,0,0,0},
{0,0,0,0,0,0,0,0,0,0,0,0,0,0,0,0,0,0,0,0,0,0,0,0,0,0,0,0,0,0,0,0,0,0,0,0,0,0,0,0,0,0,0,0,0,0,0,0,0,0,0,0,-0.0021262932*J1^2*J2^1+0.0021262932*J2^3+0,0.0012276159*J1^2*J2^1+-0.0012276159*J2^3+0,-0.0036828478*J1^2*J2^1+0.0098209275*J1^1*J2^2+-0.0061380797*J2^3+0,-0.0035438220*J1^2*J2^1+0.0056701151*J1^1*J2^2+-0.0021262932*J2^3+0,0,0,0,0,0,0,0,0,0,0,0,0,0.0030070327*J1^2*J2^1+-0.0030070327*J2^3+0,-0.0017361111*J1^2*J2^1+0.0017361111*J2^3+0,0.0052083333*J1^2*J2^1+-0.0138888889*J1^1*J2^2+0.0086805556*J2^3+0,0.0050117211*J1^2*J2^1+-0.0080187537*J1^1*J2^2+0.0030070327*J2^3+0,0,0,0,0,0,0,0,0,0,0,0,0,0,0,0,0,0,0,0,0,0,0,0,0},
{0,0,0,0,0,0,0,0,0,0,0,0,0,0,0,0,0,0,0,0,0,0,0,0,0,0,0,0,0,0,0,0,0,0,0,0,0,0,0,0,0,0,0,0,0,0,0,0,0,0,0,0,0.0012276159*J1^2*J2^1+-0.0012276159*J2^3+0,-0.0007087644*J1^2*J2^1+0.0007087644*J2^3+0,-0.0035438220*J1^2*J2^1+0.0056701151*J1^1*J2^2+-0.0021262932*J2^3+0,-0.0077749010*J1^2*J2^1+0.0163682125*J1^1*J2^2+-0.0085933116*J2^3+0,0,0,0,0,0,0,0,0,0,0,0,0,-0.0017361111*J1^2*J2^1+0.0017361111*J2^3+0,0.0010023442*J1^2*J2^1+-0.0010023442*J2^3+0,0.0050117211*J1^2*J2^1+-0.0080187537*J1^1*J2^2+0.0030070327*J2^3+0,0.0109953704*J1^2*J2^1+-0.0231481481*J1^1*J2^2+0.0121527778*J2^3+0,0,0,0,0,0,0,0,0,0,0,0,0,0,0,0,0,0,0,0,0,0,0,0,0}
}