96
{{0,0,0,0,0,0,0,0,0,0,0,0,0,0,0,0,0,0,0,0,0,0,0,0,0,0,0,0,0,0,0,0,0,0,0,0,0,0,0,0,0,0,0,0,0,0,0,0,0,0,0,0,0,0,0,0,0,0,0,0,0,0,0,0,0,0,0,0,0,0,0,0,0,0,0,0,0,0,0,0,0,0,0,0,0,0,0,0,0,0,0,0,0,0,0,0},
{0,0,0,0,0,0,0,0,0,0,0,0,0,0,0,0,0,0,0,0,0,0,0,0,0,0,0,0,0,0,0,0,0,0,0,0,0,0,0,0,0,0,0,0,0,0,0,0,0,0,0,0,0,0,0,0,0,0,0,0,0,0,0,0,0,0,0,0,0,0,0,0,0,0,0,0,0,0,0,0,0,0,0,0,0,0,0,0,0,0,0,0,0,0,0,0},
{0,0,0,0,0,0,0,0,0,0,0,0,0,0,0,0,0,0,0,0,0,0,0,0,0,0,0,0,0,0,0,0,0,0,0,0,0,0,0,0,0,0,0,0,0,0,0,0,0,0,0,0,0,0,0,0,0,0,0,0,0,0,0,0,0,0,0,0,0,0,0,0,0,0,0,0,0,0,0,0,0,0,0,0,0,0,0,0,0,0,0,0,0,0,0,0},
{0,0,0,0,0,0,0,0,0,0,0,0,0,0,0,0,0,0,0,0,0,0,0,0,0,0,0,0,0,0,0,0,0,0,0,0,0,0,0,0,0,0,0,0,0,0,0,0,0,0,0,0,0,0,0,0,0,0,0,0,0,0,0,0,0,0,0,0,0,0,0,0,0,0,0,0,0,0,0,0,0,0,0,0,0,0,0,0,0,0,0,0,0,0,0,0},
{0,0,0,0,0,0,0,0,0,0,0,0,0,0,0,0,0,0,0,0,0,0,0,0,0,0,0,0,0,0,0,0,0,0,0,0,0,0,0,0,0,0,0,0,0,0,0,0,0,0,0,0,0,0,0,0,0,0,0,0,0,0,0,0,0,0,0,0,0,0,0,0,0,0,0,0,0,0,0,0,0,0,0,0,0,0,0,0,0,0,0,0,0,0,0,0},
{0,0,0,0,0,0,0,0,0,0,0,0,0,0,0,0,0,0,0,0,0,0,0,0,0,0,0,0,0,0,0,0,0,0,0,0,0,0,0,0,0,0,0,0,0,0,0,0,0,0,0,0,0,0,0,0,0,0,0,0,0,0,0,0,0,0,0,0,0,0,0,0,0,0,0,0,0,0,0,0,0,0,0,0,0,0,0,0,0,0,0,0,0,0,0,0},
{0,0,0,0,0,0,0,0,0,0,0,0,0,0,0,0,0,0,0,0,0,0,0,0,0,0,0,0,0,0,0,0,0,0,0,0,0,0,0,0,0,0,0,0,0,0,0,0,0,0,0,0,0,0,0,0,0,0,0,0,0,0,0,0,0,0,0,0,0,0,0,0,0,0,0,0,0,0,0,0,0,0,0,0,0,0,0,0,0,0,0,0,0,0,0,0},
{0,0,0,0,0,0,0,0,0,0,0,0,0,0,0,0,0,0,0,0,0,0,0,0,0,0,0,0,0,0,0,0,0,0,0,0,0,0,0,0,0,0,0,0,0,0,0,0,0,0,0,0,0,0,0,0,0,0,0,0,0,0,0,0,0,0,0,0,0,0,0,0,0,0,0,0,0,0,0,0,0,0,0,0,0,0,0,0,0,0,0,0,0,0,0,0},
{0,0,0,0,0,0,0,0,0,0,0,0,0,0,0,0,0,0,0,0,0,0,0,0,0,0,0,0,0,0,0,0,0,0,0,0,0,0,0,0,0,0,0,0,0,0,0,0,0,0,0,0,0,0,0,0,0,0,0,0,0,0,0,0,0,0,0,0,0,0,0,0,0,0,0,0,0,0,0,0,0,0,0,0,0,0,0,0,0,0,0,0,0,0,0,0},
{0,0,0,0,0,0,0,0,0,0,0,0,0,0,0,0,0,0,0,0,0,0,0,0,0,0,0,0,0,0,0,0,0,0,0,0,0,0,0,0,0,0,0,0,0,0,0,0,0,0,0,0,0,0,0,0,0,0,0,0,0,0,0,0,0,0,0,0,0,0,0,0,0,0,0,0,0,0,0,0,0,0,0,0,0,0,0,0,0,0,0,0,0,0,0,0},
{0,0,0,0,0,0,0,0,0,0,0,0,0,0,0,0,0,0,0,0,0,0,0,0,0,0,0,0,0,0,0,0,0,0,0,0,0,0,0,0,0,0,0,0,0,0,0,0,0,0,0,0,0,0,0,0,0,0,0,0,0,0,0,0,0,0,0,0,0,0,0,0,0,0,0,0,0,0,0,0,0,0,0,0,0,0,0,0,0,0,0,0,0,0,0,0},
{0,0,0,0,0,0,0,0,0,0,0,0,0,0,0,0,0,0,0,0,0,0,0,0,0,0,0,0,0,0,0,0,0,0,0,0,0,0,0,0,0,0,0,0,0,0,0,0,0,0,0,0,0,0,0,0,0,0,0,0,0,0,0,0,0,0,0,0,0,0,0,0,0,0,0,0,0,0,0,0,0,0,0,0,0,0,0,0,0,0,0,0,0,0,0,0},
{0,0,0,0,0,0,0,0,0,0,0,0,0,0,0,0,0,0,0,0,0,0,0,0,0,0,0,0,0,0,0,0,0,0,0,0,0,0,0,0,0,0,0,0,0,0,0,0,0,0,0,0,0,0,0,0,0,0,0,0,0,0,0,0,0,0,0,0,0,0,0,0,0,0,0,0,0,0,0,0,0,0,0,0,0,0,0,0,0,0,0,0,0,0,0,0},
{0,0,0,0,0,0,0,0,0,0,0,0,0,0,0,0,0,0,0,0,0,0,0,0,0,0,0,0,0,0,0,0,0,0,0,0,0,0,0,0,0,0,0,0,0,0,0,0,0,0,0,0,0,0,0,0,0,0,0,0,0,0,0,0,0,0,0,0,0,0,0,0,0,0,0,0,0,0,0,0,0,0,0,0,0,0,0,0,0,0,0,0,0,0,0,0},
{0,0,0,0,0,0,0,0,0,0,0,0,0,0,0,0,0,0,0,0,0,0,0,0,0,0,0,0,0,0,0,0,0,0,0,0,0,0,0,0,0,0,0,0,0,0,0,0,0,0,0,0,0,0,0,0,0,0,0,0,0,0,0,0,0,0,0,0,0,0,0,0,0,0,0,0,0,0,0,0,0,0,0,0,0,0,0,0,0,0,0,0,0,0,0,0},
{0,0,0,0,0,0,0,0,0,0,0,0,0,0,0,0,0,0,0,0,0,0,0,0,0,0,0,0,0,0,0,0,0,0,0,0,0,0,0,0,0,0,0,0,0,0,0,0,0,0,0,0,0,0,0,0,0,0,0,0,0,0,0,0,0,0,0,0,0,0,0,0,0,0,0,0,0,0,0,0,0,0,0,0,0,0,0,0,0,0,0,0,0,0,0,0},
{0,0,0,0,0,0,0,0,0,0,0,0,0,0,0,0,0,0,0,0,0,0,0,0,0,0,0,0,0,0,0,0,0,0,0,0,0,0,0,0,0,0,0,0,0,0,0,0,0,0,0,0,0,0,0,0,0,0,0,0,0,0,0,0,0,0,0,0,0,0,0,0,0,0,0,0,0,0,0,0,0,0,0,0,0,0,0,0,0,0,0,0,0,0,0,0},
{0,0,0,0,0,0,0,0,0,0,0,0,0,0,0,0,0,0,0,0,0,0,0,0,0,0,0,0,0,0,0,0,0,0,0,0,0,0,0,0,0,0,0,0,0,0,0,0,0,0,0,0,0,0,0,0,0,0,0,0,0,0,0,0,0,0,0,0,0,0,0,0,0,0,0,0,0,0,0,0,0,0,0,0,0,0,0,0,0,0,0,0,0,0,0,0},
{0,0,0,0,0,0,0,0,0,0,0,0,0,0,0,0,0,0,0,0,0,0,0,0,0,0,0,0,0,0,0,0,0,0,0,0,0,0,0,0,0,0,0,0,0,0,0,0,0,0,0,0,0,0,0,0,0,0,0,0,0,0,0,0,0,0,0,0,0,0,0,0,0,0,0,0,0,0,0,0,0,0,0,0,0,0,0,0,0,0,0,0,0,0,0,0},
{0,0,0,0,0,0,0,0,0,0,0,0,0,0,0,0,0,0,0,0,0,0,0,0,0,0,0,0,0,0,0,0,0,0,0,0,0,0,0,0,0,0,0,0,0,0,0,0,0,0,0,0,0,0,0,0,0,0,0,0,0,0,0,0,0,0,0,0,0,0,0,0,0,0,0,0,0,0,0,0,0,0,0,0,0,0,0,0,0,0,0,0,0,0,0,0},
{0,0,0,0,0,0,0,0,0,0,0,0,0,0,0,0,0,0,0,0,0,0,0,0,0,0,0,0,0,0,0,0,0,0,0,0,0,0,0,0,0,0,0,0,0,0,0,0,0,0,0,0,0,0,0,0,0,0,0,0,0,0,0,0,0,0,0,0,0,0,0,0,0,0,0,0,0,0,0,0,0,0,0,0,0,0,0,0,0,0,0,0,0,0,0,0},
{0,0,0,0,0,0,0,0,0,0,0,0,0,0,0,0,0,0,0,0,0,0,0,0,0,0,0,0,0,0,0,0,0,0,0,0,0,0,0,0,0,0,0,0,0,0,0,0,0,0,0,0,0,0,0,0,0,0,0,0,0,0,0,0,0,0,0,0,0,0,0,0,0,0,0,0,0,0,0,0,0,0,0,0,0,0,0,0,0,0,0,0,0,0,0,0},
{0,0,0,0,0,0,0,0,0,0,0,0,0,0,0,0,0,0,0,0,0,0,0,0,0,0,0,0,0,0,0,0,0,0,0,0,0,0,0,0,0,0,0,0,0,0,0,0,0,0,0,0,0,0,0,0,0,0,0,0,0,0,0,0,0,0,0,0,0,0,0,0,0,0,0,0,0,0,0,0,0,0,0,0,0,0,0,0,0,0,0,0,0,0,0,0},
{0,0,0,0,0,0,0,0,0,0,0,0,0,0,0,0,0,0,0,0,0,0,0,0,0,0,0,0,0,0,0,0,0,0,0,0,0,0,0,0,0,0,0,0,0,0,0,0,0,0,0,0,0,0,0,0,0,0,0,0,0,0,0,0,0,0,0,0,0,0,0,0,0,0,0,0,0,0,0,0,0,0,0,0,0,0,0,0,0,0,0,0,0,0,0,0},
{0,0,0,0,0,0,0,0,0,0,0,0,0,0,0,0,0,0,0,0,0,0,0,0,0,0,0,0,0,0,0,0,0,0,0,0,0,0,0,0,0,0,0,0,0,0,0,0,0,0,0,0,0,0,0,0,0,0,0,0,0,0,0,0,0,0,0,0,0,0,0,0,0,0,0,0,0,0,0,0,0,0,0,0,0,0,0,0,0,0,0,0,0,0,0,0},
{0,0,0,0,0,0,0,0,0,0,0,0,0,0,0,0,0,0,0,0,0,0,0,0,0,0,0,0,0,0,0,0,0,0,0,0,0,0,0,0,0,0,0,0,0,0,0,0,0,0,0,0,0,0,0,0,0,0,0,0,0,0,0,0,0,0,0,0,0,0,0,0,0,0,0,0,0,0,0,0,0,0,0,0,0,0,0,0,0,0,0,0,0,0,0,0},
{0,0,0,0,0,0,0,0,0,0,0,0,0,0,0,0,0,0,0,0,0,0,0,0,0,0,0,0,0,0,0,0,0,0,0,0,0,0,0,0,0,0,0,0,0,0,0,0,0,0,0,0,0,0,0,0,0,0,0,0,0,0,0,0,0,0,0,0,0,0,0,0,0,0,0,0,0,0,0,0,0,0,0,0,0,0,0,0,0,0,0,0,0,0,0,0},
{0,0,0,0,0,0,0,0,0,0,0,0,0,0,0,0,0,0,0,0,0,0,0,0,0,0,0,0,0,0,0,0,0,0,0,0,0,0,0,0,0,0,0,0,0,0,0,0,0,0,0,0,0,0,0,0,0,0,0,0,0,0,0,0,0,0,0,0,0,0,0,0,0,0,0,0,0,0,0,0,0,0,0,0,0,0,0,0,0,0,0,0,0,0,0,0},
{0,0,0,0,0,0,0,0,0,0,0,0,0,0,0,0,0,0,0,0,0,0,0,0,0,0,0,0,0,0,0,0,0,0,0,0,0,0,0,0,0,0,0,0,0,0,0,0,0,0,0,0,0,0,0,0,0,0,0,0,0,0,0,0,0,0,0,0,0,0,0,0,0,0,0,0,0,0,0,0,0,0,0,0,0,0,0,0,0,0,0,0,0,0,0,0},
{0,0,0,0,0,0,0,0,0,0,0,0,0,0,0,0,0,0,0,0,0,0,0,0,0,0,0,0,0,0,0,0,0,0,0,0,0,0,0,0,0,0,0,0,0,0,0,0,0,0,0,0,0,0,0,0,0,0,0,0,0,0,0,0,0,0,0,0,0,0,0,0,0,0,0,0,0,0,0,0,0,0,0,0,0,0,0,0,0,0,0,0,0,0,0,0},
{0,0,0,0,0,0,0,0,0,0,0,0,0,0,0,0,0,0,0,0,0,0,0,0,0,0,0,0,0,0,0,0,0,0,0,0,0,0,0,0,0,0,0,0,0,0,0,0,0,0,0,0,0,0,0,0,0,0,0,0,0,0,0,0,0,0,0,0,0,0,0,0,0,0,0,0,0,0,0,0,0,0,0,0,0,0,0,0,0,0,0,0,0,0,0,0},
{0,0,0,0,0,0,0,0,0,0,0,0,0,0,0,0,0,0,0,0,0,0,0,0,0,0,0,0,0,0,0,0,0,0,0,0,0,0,0,0,0,0,0,0,0,0,0,0,0,0,0,0,0,0,0,0,0,0,0,0,0,0,0,0,0,0,0,0,0,0,0,0,0,0,0,0,0,0,0,0,0,0,0,0,0,0,0,0,0,0,0,0,0,0,0,0},
{0,0,0,0,0,0,0,0,0,0,0,0,0,0,0,0,0,0,0,0,0,0,0,0,0,0,0,0,0,0,0,0,0,0,0,0,0,0,0,0,0,0,0,0,0,0,0,0,0,0,0,0,0,0,0,0,0,0,0,0,0,0,0,0,0,0,0,0,0,0,0,0,0,0,0,0,0,0,0,0,0,0,0,0,0,0,0,0,0,0,0,0,0,0,0,0},
{0,0,0,0,0,0,0,0,0,0,0,0,0,0,0,0,0,0,0,0,0,0,0,0,0,0,0,0,0,0,0,0,0,0,0,0,0,0,0,0,0,0,0,0,0,0,0,0,0,0,0,0,0,0,0,0,0,0,0,0,0,0,0,0,0,0,0,0,0,0,0,0,0,0,0,0,0,0,0,0,0,0,0,0,0,0,0,0,0,0,0,0,0,0,0,0},
{0,0,0,0,0,0,0,0,0,0,0,0,0,0,0,0,0,0,0,0,0,0,0,0,0,0,0,0,0,0,0,0,0,0,0,0,0,0,0,0,0,0,0,0,0,0,0,0,0,0,0,0,0,0,0,0,0,0,0,0,0,0,0,0,0,0,0,0,0,0,0,0,0,0,0,0,0,0,0,0,0,0,0,0,0,0,0,0,0,0,0,0,0,0,0,0},
{0,0,0,0,0,0,0,0,0,0,0,0,0,0,0,0,0,0,0,0,0,0,0,0,0,0,0,0,0,0,0,0,0,0,0,0,0,0,0,0,0,0,0,0,0,0,0,0,0,0,0,0,0,0,0,0,0,0,0,0,0,0,0,0,0,0,0,0,0,0,0,0,0,0,0,0,0,0,0,0,0,0,0,0,0,0,0,0,0,0,0,0,0,0,0,0},
{0,0,0,0,0,0,0,0,0,0,0,0,0,0,0,0,0,0,0,0,0,0,0,0,0,0,0,0,0,0,0,0,0,0,0,0,0,0,0,0,0,0,0,0,0,0,0,0,0,0,0,0,0,0,0,0,0,0,0,0,0,0,0,0,0,0,0,0,0,0,0,0,0,0,0,0,0,0,0,0,0,0,0,0,0,0,0,0,0,0,0,0,0,0,0,0},
{0,0,0,0,0,0,0,0,0,0,0,0,0,0,0,0,0,0,0,0,0,0,0,0,0,0,0,0,0,0,0,0,0,0,0,0,0,0,0,0,0,0,0,0,0,0,0,0,0,0,0,0,0,0,0,0,0,0,0,0,0,0,0,0,0,0,0,0,0,0,0,0,0,0,0,0,0,0,0,0,0,0,0,0,0,0,0,0,0,0,0,0,0,0,0,0},
{0,0,0,0,0,0,0,0,0,0,0,0,0,0,0,0,0,0,0,0,0,0,0,0,0,0,0,0,0,0,0,0,0,0,0,0,0,0,0,0,0,0,0,0,0,0,0,0,0,0,0,0,0,0,0,0,0,0,0,0,0,0,0,0,0,0,0,0,0,0,0,0,0,0,0,0,0,0,0,0,0,0,0,0,0,0,0,0,0,0,0,0,0,0,0,0},
{0,0,0,0,0,0,0,0,0,0,0,0,0,0,0,0,0,0,0,0,0,0,0,0,0,0,0,0,0,0,0,0,0,0,0,0,0,0,0,0,0,0,0,0,0,0,0,0,0,0,0,0,0,0,0,0,0,0,0,0,0,0,0,0,0,0,0,0,0,0,0,0,0,0,0,0,0,0,0,0,0,0,0,0,0,0,0,0,0,0,0,0,0,0,0,0},
{0,0,0,0,0,0,0,0,0,0,0,0,0,0,0,0,0,0,0,0,0,0,0,0,0,0,0,0,0,0,0,0,0,0,0,0,0,0,0,0,0,0,0,0,0,0,0,0,0,0,0,0,0,0,0,0,0,0,0,0,0,0,0,0,0,0,0,0,0,0,0,0,0,0,0,0,0,0,0,0,0,0,0,0,0,0,0,0,0,0,0,0,0,0,0,0},
{0,0,0,0,0,0,0,0,0,0,0,0,0,0,0,0,0,0,0,0,0,0,0,0,0,0,0,0,0,0,0,0,0,0,0,0,0,0,0,0,0,0,0,0,0,0,0,0,0,0,0,0,0,0,0,0,0,0,0,0,0,0,0,0,0,0,0,0,0,0,0,0,0,0,0,0,0,0,0,0,0,0,0,0,0,0,0,0,0,0,0,0,0,0,0,0},
{0,0,0,0,0,0,0,0,0,0,0,0,0,0,0,0,0,0,0,0,0,0,0,0,0,0,0,0,0,0,0,0,0,0,0,0,0,0,0,0,0,0,0,0,0,0,0,0,0,0,0,0,0,0,0,0,0,0,0,0,0,0,0,0,0,0,0,0,0,0,0,0,0,0,0,0,0,0,0,0,0,0,0,0,0,0,0,0,0,0,0,0,0,0,0,0},
{0,0,0,0,0,0,0,0,0,0,0,0,0,0,0,0,0,0,0,0,0,0,0,0,0,0,0,0,0,0,0,0,0,0,0,0,0,0,0,0,0,0,0,0,0,0,0,0,0,0,0,0,0,0,0,0,0,0,0,0,0,0,0,0,0,0,0,0,0,0,0,0,0,0,0,0,0,0,0,0,0,0,0,0,0,0,0,0,0,0,0,0,0,0,0,0},
{0,0,0,0,0,0,0,0,0,0,0,0,0,0,0,0,0,0,0,0,0,0,0,0,0,0,0,0,0,0,0,0,0,0,0,0,0,0,0,0,0,0,0,0,0,0,0,0,0,0,0,0,0,0,0,0,0,0,0,0,0,0,0,0,0,0,0,0,0,0,0,0,0,0,0,0,0,0,0,0,0,0,0,0,0,0,0,0,0,0,0,0,0,0,0,0},
{0,0,0,0,0,0,0,0,0,0,0,0,0,0,0,0,0,0,0,0,0,0,0,0,0,0,0,0,0,0,0,0,0,0,0,0,0,0,0,0,0,0,0,0,0,0,0,0,0,0,0,0,0,0,0,0,0,0,0,0,0,0,0,0,0,0,0,0,0,0,0,0,0,0,0,0,0,0,0,0,0,0,0,0,0,0,0,0,0,0,0,0,0,0,0,0},
{0,0,0,0,0,0,0,0,0,0,0,0,0,0,0,0,0,0,0,0,0,0,0,0,0,0,0,0,0,0,0,0,0,0,0,0,0,0,0,0,0,0,0,0,0,0,0,0,0,0,0,0,0,0,0,0,0,0,0,0,0,0,0,0,0,0,0,0,0,0,0,0,0,0,0,0,0,0,0,0,0,0,0,0,0,0,0,0,0,0,0,0,0,0,0,0},
{0,0,0,0,0,0,0,0,0,0,0,0,0,0,0,0,0,0,0,0,0,0,0,0,0,0,0,0,0,0,0,0,0,0,0,0,0,0,0,0,0,0,0,0,0,0,0,0,0,0,0,0,0,0,0,0,0,0,0,0,0,0,0,0,0,0,0,0,0,0,0,0,0,0,0,0,0,0,0,0,0,0,0,0,0,0,0,0,0,0,0,0,0,0,0,0},
{0,0,0,0,0,0,0,0,0,0,0,0,0,0,0,0,0,0,0,0,0,0,0,0,0,0,0,0,0,0,0,0,0,0,0,0,0,0,0,0,0,0,0,0,0,0,0,0,0,0,0,0,0,0,0,0,0,0,0,0,0,0,0,0,0,0,0,0,0,0,0,0,0,0,0,0,0.0045105490*J1^2*J2^2+-0.0022552745*J1^1*J2^2*(J2-J1)^1+0,-0.0052083333*J1^1*J2^3+0.0026041667*J2^4+-0.0039062500*J2^3*(J2-J1)^1+0,-0.0013020833*J1^1*J2^3+-0.0013020833*J2^4+-0.0026041667*J2^3*(J2-J1)^1+0,0.0005011721*J1^2*J2^2+-0.0002505861*J1^1*J2^3+0.0012529303*J2^4+0.0045105490*J1^1*J2^2*(J2-J1)^1+0,0,0,0,0,0,0,0,0,0,0,0,0,0,0,0,0},
{0,0,0,0,0,0,0,0,0,0,0,0,0,0,0,0,0,0,0,0,0,0,0,0,0,0,0,0,0,0,0,0,0,0,0,0,0,0,0,0,0,0,0,0,0,0,0,0,0,0,0,0,0,0,0,0,0,0,0,0,0,0,0,0,0,0,0,0,0,0,0,0,0,0,0,0,-0.0052083333*J1^1*J2^3+0.0026041667*J2^4+0.0039062500*J2^3*(J2-J1)^1+0,0.0045105490*J1^2*J2^2+-0.0060140653*J1^1*J2^3+0.0030070327*J2^4+0.0007517582*J1^1*J2^2*(J2-J1)^1+0,0.0005011721*J1^2*J2^2+-0.0002505861*J1^1*J2^3+0.0012529303*J2^4+0,0.0005787037*J1^2*J2^2+-0.0015914352*J1^1*J2^3+0.0001446759*J2^4+0.0026041667*J1^1*J2^2*(J2-J1)^1+-0.0043402778*J2^3*(J2-J1)^1+0,0,0,0,0,0,0,0,0,0,0,0,0,0,0,0,0},
{0,0,0,0,0,0,0,0,0,0,0,0,0,0,0,0,0,0,0,0,0,0,0,0,0,0,0,0,0,0,0,0,0,0,0,0,0,0,0,0,0,0,0,0,0,0,0,0,0,0,0,0,0,0,0,0,0,0,0,0,0,0,0,0,0,0,0,0,0,0,0,0,0,0,0,0,-0.0013020833*J1^1*J2^3+-0.0013020833*J2^4+0.0013020833*J2^3*(J2-J1)^1+0,0.0005011721*J1^2*J2^2+-0.0002505861*J1^1*J2^3+0.0012529303*J2^4+0.0022552745*J1^1*J2^2*(J2-J1)^1+0,0.0045105490*J1^2*J2^2+-0.0015035163*J1^1*J2^3+-0.0015035163*J2^4+0.0022552745*J1^1*J2^2*(J2-J1)^1+-0.0007517582*J2^3*(J2-J1)^1+0,0.0005787037*J1^2*J2^2+-0.0054976852*J1^1*J2^3+0.0040509259*J2^4+0.0039062500*J1^1*J2^2*(J2-J1)^1+-0.0065104167*J2^3*(J2-J1)^1+0,0,0,0,0,0,0,0,0,0,0,0,0,0,0,0,0},
{0,0,0,0,0,0,0,0,0,0,0,0,0,0,0,0,0,0,0,0,0,0,0,0,0,0,0,0,0,0,0,0,0,0,0,0,0,0,0,0,0,0,0,0,0,0,0,0,0,0,0,0,0,0,0,0,0,0,0,0,0,0,0,0,0,0,0,0,0,0,0,0,0,0,0,0,0.0005011721*J1^2*J2^2+-0.0002505861*J1^1*J2^3+0.0012529303*J2^4+-0.0022552745*J1^1*J2^2*(J2-J1)^1+0,0.0005787037*J1^2*J2^2+-0.0015914352*J1^1*J2^3+0.0001446759*J2^4+-0.0004340278*J2^3*(J2-J1)^1+0,0.0005787037*J1^2*J2^2+-0.0054976852*J1^1*J2^3+0.0040509259*J2^4+-0.0013020833*J1^1*J2^2*(J2-J1)^1+0.0013020833*J2^3*(J2-J1)^1+0,0.0051787785*J1^2*J2^2+-0.0078516964*J1^1*J2^3+0.0031740900*J2^4+0.0067658235*J1^1*J2^2*(J2-J1)^1+-0.0057634792*J2^3*(J2-J1)^1+0,0,0,0,0,0,0,0,0,0,0,0,0,0,0,0,0},
{0,0,0,0,0,0,0,0,0,0,0,0,0,0,0,0,0,0,0,0,0,0,0,0,0,0,0,0,0,0,0,0,0,0,0,0,0,0,0,0,0,0,0,0,0,0,0,0,0,0,0,0,0,0,0,0,0,0,0,0,0,0,0,0,0,0,0,0,0,0,0,0,0,0,0,0,0,0,0,0,0,0,0,0,-0.0026041667*J1^2*J2^2+0.0013020833*J1^1*J2^2*(J2-J1)^1+0,0.0030070327*J1^1*J2^3+-0.0015035163*J2^4+0.0022552745*J2^3*(J2-J1)^1+0,0.0007517582*J1^1*J2^3+0.0007517582*J2^4+0.0015035163*J2^3*(J2-J1)^1+0,-0.0002893519*J1^2*J2^2+0.0001446759*J1^1*J2^3+-0.0007233796*J2^4+-0.0026041667*J1^1*J2^2*(J2-J1)^1+0,0,0,0,0,0.0036828478*J1^2*J2^2+-0.0018414239*J1^1*J2^2*(J2-J1)^1+0,-0.0042525864*J1^1*J2^3+0.0021262932*J2^4+-0.0031894398*J2^3*(J2-J1)^1+0,-0.0010631466*J1^1*J2^3+-0.0010631466*J2^4+-0.0021262932*J2^3*(J2-J1)^1+0,0.0004092053*J1^2*J2^2+-0.0002046027*J1^1*J2^3+0.0010230133*J2^4+0.0036828478*J1^1*J2^2*(J2-J1)^1+0},
{0,0,0,0,0,0,0,0,0,0,0,0,0,0,0,0,0,0,0,0,0,0,0,0,0,0,0,0,0,0,0,0,0,0,0,0,0,0,0,0,0,0,0,0,0,0,0,0,0,0,0,0,0,0,0,0,0,0,0,0,0,0,0,0,0,0,0,0,0,0,0,0,0,0,0,0,0,0,0,0,0,0,0,0,0.0030070327*J1^1*J2^3+-0.0015035163*J2^4+-0.0022552745*J2^3*(J2-J1)^1+0,-0.0026041667*J1^2*J2^2+0.0034722222*J1^1*J2^3+-0.0017361111*J2^4+-0.0004340278*J1^1*J2^2*(J2-J1)^1+0,-0.0002893519*J1^2*J2^2+0.0001446759*J1^1*J2^3+-0.0007233796*J2^4+0,-0.0003341147*J1^2*J2^2+0.0009188155*J1^1*J2^3+-0.0000835287*J2^4+-0.0015035163*J1^1*J2^2*(J2-J1)^1+0.0025058605*J2^3*(J2-J1)^1+0,0,0,0,0,-0.0042525864*J1^1*J2^3+0.0021262932*J2^4+0.0031894398*J2^3*(J2-J1)^1+0,0.0036828478*J1^2*J2^2+-0.0049104638*J1^1*J2^3+0.0024552319*J2^4+0.0006138080*J1^1*J2^2*(J2-J1)^1+0,0.0004092053*J1^2*J2^2+-0.0002046027*J1^1*J2^3+0.0010230133*J2^4+0,0.0004725096*J1^2*J2^2+-0.0012994014*J1^1*J2^3+0.0001181274*J2^4+0.0021262932*J1^1*J2^2*(J2-J1)^1+-0.0035438220*J2^3*(J2-J1)^1+0},
{0,0,0,0,0,0,0,0,0,0,0,0,0,0,0,0,0,0,0,0,0,0,0,0,0,0,0,0,0,0,0,0,0,0,0,0,0,0,0,0,0,0,0,0,0,0,0,0,0,0,0,0,0,0,0,0,0,0,0,0,0,0,0,0,0,0,0,0,0,0,0,0,0,0,0,0,0,0,0,0,0,0,0,0,0.0007517582*J1^1*J2^3+0.0007517582*J2^4+-0.0007517582*J2^3*(J2-J1)^1+0,-0.0002893519*J1^2*J2^2+0.0001446759*J1^1*J2^3+-0.0007233796*J2^4+-0.0013020833*J1^1*J2^2*(J2-J1)^1+0,-0.0026041667*J1^2*J2^2+0.0008680556*J1^1*J2^3+0.0008680556*J2^4+-0.0013020833*J1^1*J2^2*(J2-J1)^1+0.0004340278*J2^3*(J2-J1)^1+0,-0.0003341147*J1^2*J2^2+0.0031740900*J1^1*J2^3+-0.0023388032*J2^4+-0.0022552745*J1^1*J2^2*(J2-J1)^1+0.0037587908*J2^3*(J2-J1)^1+0,0,0,0,0,-0.0010631466*J1^1*J2^3+-0.0010631466*J2^4+0.0010631466*J2^3*(J2-J1)^1+0,0.0004092053*J1^2*J2^2+-0.0002046027*J1^1*J2^3+0.0010230133*J2^4+0.0018414239*J1^1*J2^2*(J2-J1)^1+0,0.0036828478*J1^2*J2^2+-0.0012276159*J1^1*J2^3+-0.0012276159*J2^4+0.0018414239*J1^1*J2^2*(J2-J1)^1+-0.0006138080*J2^3*(J2-J1)^1+0,0.0004725096*J1^2*J2^2+-0.0044888412*J1^1*J2^3+0.0033075672*J2^4+0.0031894398*J1^1*J2^2*(J2-J1)^1+-0.0053157329*J2^3*(J2-J1)^1+0},
{0,0,0,0,0,0,0,0,0,0,0,0,0,0,0,0,0,0,0,0,0,0,0,0,0,0,0,0,0,0,0,0,0,0,0,0,0,0,0,0,0,0,0,0,0,0,0,0,0,0,0,0,0,0,0,0,0,0,0,0,0,0,0,0,0,0,0,0,0,0,0,0,0,0,0,0,0,0,0,0,0,0,0,0,-0.0002893519*J1^2*J2^2+0.0001446759*J1^1*J2^3+-0.0007233796*J2^4+0.0013020833*J1^1*J2^2*(J2-J1)^1+0,-0.0003341147*J1^2*J2^2+0.0009188155*J1^1*J2^3+-0.0000835287*J2^4+0.0002505861*J2^3*(J2-J1)^1+0,-0.0003341147*J1^2*J2^2+0.0031740900*J1^1*J2^3+-0.0023388032*J2^4+0.0007517582*J1^1*J2^2*(J2-J1)^1+-0.0007517582*J2^3*(J2-J1)^1+0,-0.0029899691*J1^2*J2^2+0.0045331790*J1^1*J2^3+-0.0018325617*J2^4+-0.0039062500*J1^1*J2^2*(J2-J1)^1+0.0033275463*J2^3*(J2-J1)^1+0,0,0,0,0,0.0004092053*J1^2*J2^2+-0.0002046027*J1^1*J2^3+0.0010230133*J2^4+-0.0018414239*J1^1*J2^2*(J2-J1)^1+0,0.0004725096*J1^2*J2^2+-0.0012994014*J1^1*J2^3+0.0001181274*J2^4+-0.0003543822*J2^3*(J2-J1)^1+0,0.0004725096*J1^2*J2^2+-0.0044888412*J1^1*J2^3+0.0033075672*J2^4+-0.0010631466*J1^1*J2^2*(J2-J1)^1+0.0010631466*J2^3*(J2-J1)^1+0,0.0042284549*J1^2*J2^2+-0.0064108832*J1^1*J2^3+0.0025916337*J2^4+0.0055242717*J1^1*J2^2*(J2-J1)^1+-0.0047058611*J2^3*(J2-J1)^1+0},
{0,0,0,0,0,0,0,0,0,0,0,0,0,0,0,0,0,0,0,0,0,0,0,0,0,0,0,0,0,0,0,0,0,0,0,0,0,0,0,0,0,0,0,0,0,0,0,0,0,0,0,0,0,0,0,0,0,0,0,0,0,0,0,0,0,0,0,0,0,0,0,0,-0.0078125000*J1^2*J2^2+0.0156250000*J1^1*J2^2*(J2-J1)^1+0,0.0090210980*J1^1*J2^3+-0.0045105490*J2^4+0,0.0022552745*J1^1*J2^3+0.0022552745*J2^4+-0.0022552745*J2^3*(J2-J1)^1+0,-0.0008680556*J1^2*J2^2+0.0004340278*J1^1*J2^3+-0.0021701389*J2^4+-0.0039062500*J1^1*J2^2*(J2-J1)^1+0,0,0,0,0,0,0,0,0,0,0,0,0,0,0,0,0,0,0,0,0},
{0,0,0,0,0,0,0,0,0,0,0,0,0,0,0,0,0,0,0,0,0,0,0,0,0,0,0,0,0,0,0,0,0,0,0,0,0,0,0,0,0,0,0,0,0,0,0,0,0,0,0,0,0,0,0,0,0,0,0,0,0,0,0,0,0,0,0,0,0,0,0,0,0.0090210980*J1^1*J2^3+-0.0045105490*J2^4+-0.0135316469*J2^3*(J2-J1)^1+0,-0.0078125000*J1^2*J2^2+0.0104166667*J1^1*J2^3+-0.0052083333*J2^4+0.0104166667*J1^1*J2^2*(J2-J1)^1+-0.0078125000*J2^3*(J2-J1)^1+0,-0.0008680556*J1^2*J2^2+0.0004340278*J1^1*J2^3+-0.0021701389*J2^4+0.0039062500*J1^1*J2^2*(J2-J1)^1+0,-0.0010023442*J1^2*J2^2+0.0027564466*J1^1*J2^3+-0.0002505861*J2^4+0.0007517582*J2^3*(J2-J1)^1+0,0,0,0,0,0,0,0,0,0,0,0,0,0,0,0,0,0,0,0,0},
{0,0,0,0,0,0,0,0,0,0,0,0,0,0,0,0,0,0,0,0,0,0,0,0,0,0,0,0,0,0,0,0,0,0,0,0,0,0,0,0,0,0,0,0,0,0,0,0,0,0,0,0,0,0,0,0,0,0,0,0,0,0,0,0,0,0,0,0,0,0,0,0,0.0022552745*J1^1*J2^3+0.0022552745*J2^4+-0.0090210980*J2^3*(J2-J1)^1+0,-0.0008680556*J1^2*J2^2+0.0004340278*J1^1*J2^3+-0.0021701389*J2^4+0,-0.0078125000*J1^2*J2^2+0.0026041667*J1^1*J2^3+0.0026041667*J2^4+0.0078125000*J1^1*J2^2*(J2-J1)^1+-0.0065104167*J2^3*(J2-J1)^1+0,-0.0010023442*J1^2*J2^2+0.0095222701*J1^1*J2^3+-0.0070164095*J2^4+-0.0022552745*J1^1*J2^2*(J2-J1)^1+0.0045105490*J2^3*(J2-J1)^1+0,0,0,0,0,0,0,0,0,0,0,0,0,0,0,0,0,0,0,0,0},
{0,0,0,0,0,0,0,0,0,0,0,0,0,0,0,0,0,0,0,0,0,0,0,0,0,0,0,0,0,0,0,0,0,0,0,0,0,0,0,0,0,0,0,0,0,0,0,0,0,0,0,0,0,0,0,0,0,0,0,0,0,0,0,0,0,0,0,0,0,0,0,0,-0.0008680556*J1^2*J2^2+0.0004340278*J1^1*J2^3+-0.0021701389*J2^4+0.0078125000*J1^1*J2^2*(J2-J1)^1+0,-0.0010023442*J1^2*J2^2+0.0027564466*J1^1*J2^3+-0.0002505861*J2^4+0.0045105490*J1^1*J2^2*(J2-J1)^1+-0.0060140653*J2^3*(J2-J1)^1+0,-0.0010023442*J1^2*J2^2+0.0095222701*J1^1*J2^3+-0.0070164095*J2^4+0.0067658235*J1^1*J2^2*(J2-J1)^1+-0.0090210980*J2^3*(J2-J1)^1+0,-0.0089699074*J1^2*J2^2+0.0135995370*J1^1*J2^3+-0.0054976852*J2^4+0.0052083333*J1^1*J2^2*(J2-J1)^1+-0.0056423611*J2^3*(J2-J1)^1+0,0,0,0,0,0,0,0,0,0,0,0,0,0,0,0,0,0,0,0,0},
{0,0,0,0,0,0,0,0,0,0,0,0,0,0,0,0,0,0,0,0,0,0,0,0,0,0,0,0,0,0,0,0,0,0,0,0,0,0,0,0,0,0,0,0,0,0,0,0,0,0,0,0,0,0,0,0,0,0,0,0,0,0,0,0,0,0,0,0,0,0,0,0,0,0,0,0,0,0,0,0,0.0045105490*J1^2*J2^2+-0.0090210980*J1^1*J2^2*(J2-J1)^1+0,-0.0052083333*J1^1*J2^3+0.0026041667*J2^4+0,-0.0013020833*J1^1*J2^3+-0.0013020833*J2^4+0.0013020833*J2^3*(J2-J1)^1+0,0.0005011721*J1^2*J2^2+-0.0002505861*J1^1*J2^3+0.0012529303*J2^4+0.0022552745*J1^1*J2^2*(J2-J1)^1+0,0,0,0,0,-0.0063788795*J1^2*J2^2+0.0127577591*J1^1*J2^2*(J2-J1)^1+0,0.0073656956*J1^1*J2^3+-0.0036828478*J2^4+0,0.0018414239*J1^1*J2^3+0.0018414239*J2^4+-0.0018414239*J2^3*(J2-J1)^1+0,-0.0007087644*J1^2*J2^2+0.0003543822*J1^1*J2^3+-0.0017719110*J2^4+-0.0031894398*J1^1*J2^2*(J2-J1)^1+0,0,0,0,0},
{0,0,0,0,0,0,0,0,0,0,0,0,0,0,0,0,0,0,0,0,0,0,0,0,0,0,0,0,0,0,0,0,0,0,0,0,0,0,0,0,0,0,0,0,0,0,0,0,0,0,0,0,0,0,0,0,0,0,0,0,0,0,0,0,0,0,0,0,0,0,0,0,0,0,0,0,0,0,0,0,-0.0052083333*J1^1*J2^3+0.0026041667*J2^4+0.0078125000*J2^3*(J2-J1)^1+0,0.0045105490*J1^2*J2^2+-0.0060140653*J1^1*J2^3+0.0030070327*J2^4+-0.0060140653*J1^1*J2^2*(J2-J1)^1+0.0045105490*J2^3*(J2-J1)^1+0,0.0005011721*J1^2*J2^2+-0.0002505861*J1^1*J2^3+0.0012529303*J2^4+-0.0022552745*J1^1*J2^2*(J2-J1)^1+0,0.0005787037*J1^2*J2^2+-0.0015914352*J1^1*J2^3+0.0001446759*J2^4+-0.0004340278*J2^3*(J2-J1)^1+0,0,0,0,0,0.0073656956*J1^1*J2^3+-0.0036828478*J2^4+-0.0110485435*J2^3*(J2-J1)^1+0,-0.0063788795*J1^2*J2^2+0.0085051727*J1^1*J2^3+-0.0042525864*J2^4+0.0085051727*J1^1*J2^2*(J2-J1)^1+-0.0063788795*J2^3*(J2-J1)^1+0,-0.0007087644*J1^2*J2^2+0.0003543822*J1^1*J2^3+-0.0017719110*J2^4+0.0031894398*J1^1*J2^2*(J2-J1)^1+0,-0.0008184106*J1^2*J2^2+0.0022506292*J1^1*J2^3+-0.0002046027*J2^4+0.0006138080*J2^3*(J2-J1)^1+0,0,0,0,0},
{0,0,0,0,0,0,0,0,0,0,0,0,0,0,0,0,0,0,0,0,0,0,0,0,0,0,0,0,0,0,0,0,0,0,0,0,0,0,0,0,0,0,0,0,0,0,0,0,0,0,0,0,0,0,0,0,0,0,0,0,0,0,0,0,0,0,0,0,0,0,0,0,0,0,0,0,0,0,0,0,-0.0013020833*J1^1*J2^3+-0.0013020833*J2^4+0.0052083333*J2^3*(J2-J1)^1+0,0.0005011721*J1^2*J2^2+-0.0002505861*J1^1*J2^3+0.0012529303*J2^4+0,0.0045105490*J1^2*J2^2+-0.0015035163*J1^1*J2^3+-0.0015035163*J2^4+-0.0045105490*J1^1*J2^2*(J2-J1)^1+0.0037587908*J2^3*(J2-J1)^1+0,0.0005787037*J1^2*J2^2+-0.0054976852*J1^1*J2^3+0.0040509259*J2^4+0.0013020833*J1^1*J2^2*(J2-J1)^1+-0.0026041667*J2^3*(J2-J1)^1+0,0,0,0,0,0.0018414239*J1^1*J2^3+0.0018414239*J2^4+-0.0073656956*J2^3*(J2-J1)^1+0,-0.0007087644*J1^2*J2^2+0.0003543822*J1^1*J2^3+-0.0017719110*J2^4+0,-0.0063788795*J1^2*J2^2+0.0021262932*J1^1*J2^3+0.0021262932*J2^4+0.0063788795*J1^1*J2^2*(J2-J1)^1+-0.0053157329*J2^3*(J2-J1)^1+0,-0.0008184106*J1^2*J2^2+0.0077749010*J1^1*J2^3+-0.0057288744*J2^4+-0.0018414239*J1^1*J2^2*(J2-J1)^1+0.0036828478*J2^3*(J2-J1)^1+0,0,0,0,0},
{0,0,0,0,0,0,0,0,0,0,0,0,0,0,0,0,0,0,0,0,0,0,0,0,0,0,0,0,0,0,0,0,0,0,0,0,0,0,0,0,0,0,0,0,0,0,0,0,0,0,0,0,0,0,0,0,0,0,0,0,0,0,0,0,0,0,0,0,0,0,0,0,0,0,0,0,0,0,0,0,0.0005011721*J1^2*J2^2+-0.0002505861*J1^1*J2^3+0.0012529303*J2^4+-0.0045105490*J1^1*J2^2*(J2-J1)^1+0,0.0005787037*J1^2*J2^2+-0.0015914352*J1^1*J2^3+0.0001446759*J2^4+-0.0026041667*J1^1*J2^2*(J2-J1)^1+0.0034722222*J2^3*(J2-J1)^1+0,0.0005787037*J1^2*J2^2+-0.0054976852*J1^1*J2^3+0.0040509259*J2^4+-0.0039062500*J1^1*J2^2*(J2-J1)^1+0.0052083333*J2^3*(J2-J1)^1+0,0.0051787785*J1^2*J2^2+-0.0078516964*J1^1*J2^3+0.0031740900*J2^4+-0.0030070327*J1^1*J2^2*(J2-J1)^1+0.0032576187*J2^3*(J2-J1)^1+0,0,0,0,0,-0.0007087644*J1^2*J2^2+0.0003543822*J1^1*J2^3+-0.0017719110*J2^4+0.0063788795*J1^1*J2^2*(J2-J1)^1+0,-0.0008184106*J1^2*J2^2+0.0022506292*J1^1*J2^3+-0.0002046027*J2^4+0.0036828478*J1^1*J2^2*(J2-J1)^1+-0.0049104638*J2^3*(J2-J1)^1+0,-0.0008184106*J1^2*J2^2+0.0077749010*J1^1*J2^3+-0.0057288744*J2^4+0.0055242717*J1^1*J2^2*(J2-J1)^1+-0.0073656956*J2^3*(J2-J1)^1+0,-0.0073238987*J1^2*J2^2+0.0111039755*J1^1*J2^3+-0.0044888412*J2^4+0.0042525864*J1^1*J2^2*(J2-J1)^1+-0.0046069686*J2^3*(J2-J1)^1+0,0,0,0,0},
{0,0,0,0,0,0,0,0,0,0,0,0,0,0,0,0,0,0,0,0,0,0,0,0,0,0,0,0,0,0,0,0,0,0,0,0,0,0,0,0,0,0,0,0,0,0,0,0,0,0,0,0,0,0,0,0,0,0,0,0,0,0,0,0,0,0,0,0,0,0,0,0,0,0,0,0,-0.0063788795*J1^2*J2^2+0.0079735994*J1^1*J2^2*(J2-J1)^1+0,0.0073656956*J1^1*J2^3+-0.0036828478*J2^4+0.0027621359*J2^3*(J2-J1)^1+0,0.0018414239*J1^1*J2^3+0.0018414239*J2^4+0.0009207120*J2^3*(J2-J1)^1+0,-0.0007087644*J1^2*J2^2+0.0003543822*J1^1*J2^3+-0.0017719110*J2^4+-0.0047841597*J1^1*J2^2*(J2-J1)^1+0,0,0,0,0,0,0,0,0,0,0,0,0,0,0,0,0},
{0,0,0,0,0,0,0,0,0,0,0,0,0,0,0,0,0,0,0,0,0,0,0,0,0,0,0,0,0,0,0,0,0,0,0,0,0,0,0,0,0,0,0,0,0,0,0,0,0,0,0,0,0,0,0,0,0,0,0,0,0,0,0,0,0,0,0,0,0,0,0,0,0,0,0,0,0.0073656956*J1^1*J2^3+-0.0036828478*J2^4+-0.0082864076*J2^3*(J2-J1)^1+0,-0.0063788795*J1^2*J2^2+0.0085051727*J1^1*J2^3+-0.0042525864*J2^4+0.0037210131*J1^1*J2^2*(J2-J1)^1+-0.0031894398*J2^3*(J2-J1)^1+0,-0.0007087644*J1^2*J2^2+0.0003543822*J1^1*J2^3+-0.0017719110*J2^4+0.0015947199*J1^1*J2^2*(J2-J1)^1+0,-0.0008184106*J1^2*J2^2+0.0022506292*J1^1*J2^3+-0.0002046027*J2^4+-0.0018414239*J1^1*J2^2*(J2-J1)^1+0.0033759438*J2^3*(J2-J1)^1+0,0,0,0,0,0,0,0,0,0,0,0,0,0,0,0,0},
{0,0,0,0,0,0,0,0,0,0,0,0,0,0,0,0,0,0,0,0,0,0,0,0,0,0,0,0,0,0,0,0,0,0,0,0,0,0,0,0,0,0,0,0,0,0,0,0,0,0,0,0,0,0,0,0,0,0,0,0,0,0,0,0,0,0,0,0,0,0,0,0,0,0,0,0,0.0018414239*J1^1*J2^3+0.0018414239*J2^4+-0.0046035598*J2^3*(J2-J1)^1+0,-0.0007087644*J1^2*J2^2+0.0003543822*J1^1*J2^3+-0.0017719110*J2^4+-0.0015947199*J1^1*J2^2*(J2-J1)^1+0,-0.0063788795*J1^2*J2^2+0.0021262932*J1^1*J2^3+0.0021262932*J2^4+0.0015947199*J1^1*J2^2*(J2-J1)^1+-0.0021262932*J2^3*(J2-J1)^1+0,-0.0008184106*J1^2*J2^2+0.0077749010*J1^1*J2^3+-0.0057288744*J2^4+-0.0036828478*J1^1*J2^2*(J2-J1)^1+0.0064449837*J2^3*(J2-J1)^1+0,0,0,0,0,0,0,0,0,0,0,0,0,0,0,0,0},
{0,0,0,0,0,0,0,0,0,0,0,0,0,0,0,0,0,0,0,0,0,0,0,0,0,0,0,0,0,0,0,0,0,0,0,0,0,0,0,0,0,0,0,0,0,0,0,0,0,0,0,0,0,0,0,0,0,0,0,0,0,0,0,0,0,0,0,0,0,0,0,0,0,0,0,0,-0.0007087644*J1^2*J2^2+0.0003543822*J1^1*J2^3+-0.0017719110*J2^4+0.0047841597*J1^1*J2^2*(J2-J1)^1+0,-0.0008184106*J1^2*J2^2+0.0022506292*J1^1*J2^3+-0.0002046027*J2^4+0.0018414239*J1^1*J2^2*(J2-J1)^1+-0.0021483279*J2^3*(J2-J1)^1+0,-0.0008184106*J1^2*J2^2+0.0077749010*J1^1*J2^3+-0.0057288744*J2^4+0.0036828478*J1^1*J2^2*(J2-J1)^1+-0.0046035598*J2^3*(J2-J1)^1+0,-0.0073238987*J1^2*J2^2+0.0111039755*J1^1*J2^3+-0.0044888412*J2^4+-0.0026578665*J1^1*J2^2*(J2-J1)^1+0.0017719110*J2^3*(J2-J1)^1+0,0,0,0,0,0,0,0,0,0,0,0,0,0,0,0,0},
{0,0,0,0,0,0,0,0,0,0,0,0,0,0,0,0,0,0,0,0,0,0,0,0,0,0,0,0,0,0,0,0,0,0,0,0,0,0,0,0,0,0,0,0,0,0,0,0,0,0,0,0,0,0,0,0,0,0,0,0,0,0,0,0,0,0,0,0,0,0,0,0,0,0,0,0,0,0,0,0,0,0,0,0,0.0036828478*J1^2*J2^2+-0.0046035598*J1^1*J2^2*(J2-J1)^1+0,-0.0042525864*J1^1*J2^3+0.0021262932*J2^4+-0.0015947199*J2^3*(J2-J1)^1+0,-0.0010631466*J1^1*J2^3+-0.0010631466*J2^4+-0.0005315733*J2^3*(J2-J1)^1+0,0.0004092053*J1^2*J2^2+-0.0002046027*J1^1*J2^3+0.0010230133*J2^4+0.0027621359*J1^1*J2^2*(J2-J1)^1+0,0,0,0,0,-0.0052083333*J1^2*J2^2+0.0065104167*J1^1*J2^2*(J2-J1)^1+0,0.0060140653*J1^1*J2^3+-0.0030070327*J2^4+0.0022552745*J2^3*(J2-J1)^1+0,0.0015035163*J1^1*J2^3+0.0015035163*J2^4+0.0007517582*J2^3*(J2-J1)^1+0,-0.0005787037*J1^2*J2^2+0.0002893519*J1^1*J2^3+-0.0014467593*J2^4+-0.0039062500*J1^1*J2^2*(J2-J1)^1+0},
{0,0,0,0,0,0,0,0,0,0,0,0,0,0,0,0,0,0,0,0,0,0,0,0,0,0,0,0,0,0,0,0,0,0,0,0,0,0,0,0,0,0,0,0,0,0,0,0,0,0,0,0,0,0,0,0,0,0,0,0,0,0,0,0,0,0,0,0,0,0,0,0,0,0,0,0,0,0,0,0,0,0,0,0,-0.0042525864*J1^1*J2^3+0.0021262932*J2^4+0.0047841597*J2^3*(J2-J1)^1+0,0.0036828478*J1^2*J2^2+-0.0049104638*J1^1*J2^3+0.0024552319*J2^4+-0.0021483279*J1^1*J2^2*(J2-J1)^1+0.0018414239*J2^3*(J2-J1)^1+0,0.0004092053*J1^2*J2^2+-0.0002046027*J1^1*J2^3+0.0010230133*J2^4+-0.0009207120*J1^1*J2^2*(J2-J1)^1+0,0.0004725096*J1^2*J2^2+-0.0012994014*J1^1*J2^3+0.0001181274*J2^4+0.0010631466*J1^1*J2^2*(J2-J1)^1+-0.0019491021*J2^3*(J2-J1)^1+0,0,0,0,0,0.0060140653*J1^1*J2^3+-0.0030070327*J2^4+-0.0067658235*J2^3*(J2-J1)^1+0,-0.0052083333*J1^2*J2^2+0.0069444444*J1^1*J2^3+-0.0034722222*J2^4+0.0030381944*J1^1*J2^2*(J2-J1)^1+-0.0026041667*J2^3*(J2-J1)^1+0,-0.0005787037*J1^2*J2^2+0.0002893519*J1^1*J2^3+-0.0014467593*J2^4+0.0013020833*J1^1*J2^2*(J2-J1)^1+0,-0.0006682295*J1^2*J2^2+0.0018376311*J1^1*J2^3+-0.0001670574*J2^4+-0.0015035163*J1^1*J2^2*(J2-J1)^1+0.0027564466*J2^3*(J2-J1)^1+0},
{0,0,0,0,0,0,0,0,0,0,0,0,0,0,0,0,0,0,0,0,0,0,0,0,0,0,0,0,0,0,0,0,0,0,0,0,0,0,0,0,0,0,0,0,0,0,0,0,0,0,0,0,0,0,0,0,0,0,0,0,0,0,0,0,0,0,0,0,0,0,0,0,0,0,0,0,0,0,0,0,0,0,0,0,-0.0010631466*J1^1*J2^3+-0.0010631466*J2^4+0.0026578665*J2^3*(J2-J1)^1+0,0.0004092053*J1^2*J2^2+-0.0002046027*J1^1*J2^3+0.0010230133*J2^4+0.0009207120*J1^1*J2^2*(J2-J1)^1+0,0.0036828478*J1^2*J2^2+-0.0012276159*J1^1*J2^3+-0.0012276159*J2^4+-0.0009207120*J1^1*J2^2*(J2-J1)^1+0.0012276159*J2^3*(J2-J1)^1+0,0.0004725096*J1^2*J2^2+-0.0044888412*J1^1*J2^3+0.0033075672*J2^4+0.0021262932*J1^1*J2^2*(J2-J1)^1+-0.0037210131*J2^3*(J2-J1)^1+0,0,0,0,0,0.0015035163*J1^1*J2^3+0.0015035163*J2^4+-0.0037587908*J2^3*(J2-J1)^1+0,-0.0005787037*J1^2*J2^2+0.0002893519*J1^1*J2^3+-0.0014467593*J2^4+-0.0013020833*J1^1*J2^2*(J2-J1)^1+0,-0.0052083333*J1^2*J2^2+0.0017361111*J1^1*J2^3+0.0017361111*J2^4+0.0013020833*J1^1*J2^2*(J2-J1)^1+-0.0017361111*J2^3*(J2-J1)^1+0,-0.0006682295*J1^2*J2^2+0.0063481800*J1^1*J2^3+-0.0046776063*J2^4+-0.0030070327*J1^1*J2^2*(J2-J1)^1+0.0052623071*J2^3*(J2-J1)^1+0},
{0,0,0,0,0,0,0,0,0,0,0,0,0,0,0,0,0,0,0,0,0,0,0,0,0,0,0,0,0,0,0,0,0,0,0,0,0,0,0,0,0,0,0,0,0,0,0,0,0,0,0,0,0,0,0,0,0,0,0,0,0,0,0,0,0,0,0,0,0,0,0,0,0,0,0,0,0,0,0,0,0,0,0,0,0.0004092053*J1^2*J2^2+-0.0002046027*J1^1*J2^3+0.0010230133*J2^4+-0.0027621359*J1^1*J2^2*(J2-J1)^1+0,0.0004725096*J1^2*J2^2+-0.0012994014*J1^1*J2^3+0.0001181274*J2^4+-0.0010631466*J1^1*J2^2*(J2-J1)^1+0.0012403377*J2^3*(J2-J1)^1+0,0.0004725096*J1^2*J2^2+-0.0044888412*J1^1*J2^3+0.0033075672*J2^4+-0.0021262932*J1^1*J2^2*(J2-J1)^1+0.0026578665*J2^3*(J2-J1)^1+0,0.0042284549*J1^2*J2^2+-0.0064108832*J1^1*J2^3+0.0025916337*J2^4+0.0015345199*J1^1*J2^2*(J2-J1)^1+-0.0010230133*J2^3*(J2-J1)^1+0,0,0,0,0,-0.0005787037*J1^2*J2^2+0.0002893519*J1^1*J2^3+-0.0014467593*J2^4+0.0039062500*J1^1*J2^2*(J2-J1)^1+0,-0.0006682295*J1^2*J2^2+0.0018376311*J1^1*J2^3+-0.0001670574*J2^4+0.0015035163*J1^1*J2^2*(J2-J1)^1+-0.0017541024*J2^3*(J2-J1)^1+0,-0.0006682295*J1^2*J2^2+0.0063481800*J1^1*J2^3+-0.0046776063*J2^4+0.0030070327*J1^1*J2^2*(J2-J1)^1+-0.0037587908*J2^3*(J2-J1)^1+0,-0.0059799383*J1^2*J2^2+0.0090663580*J1^1*J2^3+-0.0036651235*J2^4+-0.0021701389*J1^1*J2^2*(J2-J1)^1+0.0014467593*J2^3*(J2-J1)^1+0},
{0,0,0,0,0,0,0,0,0,0,0,0,0,0,0,0,0,0,0,0,0,0,0,0,0,0,0,0,0,0,0,0,0,0,0,0,0,0,0,0,0,0,0,0,0,0,0,0,0,0,0,0,0,0,0,0,-0.0078125000*J1^2*J2^2+0.0156250000*J1^1*J2^2*(J2-J1)^1+0,0.0022552745*J1^1*J2^3+0.0022552745*J2^4+-0.0022552745*J2^3*(J2-J1)^1+0,0.0090210980*J1^1*J2^3+-0.0045105490*J2^4+0,-0.0008680556*J1^2*J2^2+0.0004340278*J1^1*J2^3+-0.0021701389*J2^4+-0.0039062500*J1^1*J2^2*(J2-J1)^1+0,0,0,0,0,0,0,0,0,0,0,0,0,0,0,0,0,0,0,0,0,0,0,0,0,0,0,0,0,0,0,0,0,0,0,0,0},
{0,0,0,0,0,0,0,0,0,0,0,0,0,0,0,0,0,0,0,0,0,0,0,0,0,0,0,0,0,0,0,0,0,0,0,0,0,0,0,0,0,0,0,0,0,0,0,0,0,0,0,0,0,0,0,0,0.0022552745*J1^1*J2^3+0.0022552745*J2^4+-0.0090210980*J2^3*(J2-J1)^1+0,-0.0078125000*J1^2*J2^2+0.0026041667*J1^1*J2^3+0.0026041667*J2^4+0.0078125000*J1^1*J2^2*(J2-J1)^1+-0.0065104167*J2^3*(J2-J1)^1+0,-0.0008680556*J1^2*J2^2+0.0004340278*J1^1*J2^3+-0.0021701389*J2^4+0,-0.0010023442*J1^2*J2^2+0.0095222701*J1^1*J2^3+-0.0070164095*J2^4+-0.0022552745*J1^1*J2^2*(J2-J1)^1+0.0045105490*J2^3*(J2-J1)^1+0,0,0,0,0,0,0,0,0,0,0,0,0,0,0,0,0,0,0,0,0,0,0,0,0,0,0,0,0,0,0,0,0,0,0,0,0},
{0,0,0,0,0,0,0,0,0,0,0,0,0,0,0,0,0,0,0,0,0,0,0,0,0,0,0,0,0,0,0,0,0,0,0,0,0,0,0,0,0,0,0,0,0,0,0,0,0,0,0,0,0,0,0,0,0.0090210980*J1^1*J2^3+-0.0045105490*J2^4+-0.0135316469*J2^3*(J2-J1)^1+0,-0.0008680556*J1^2*J2^2+0.0004340278*J1^1*J2^3+-0.0021701389*J2^4+0.0039062500*J1^1*J2^2*(J2-J1)^1+0,-0.0078125000*J1^2*J2^2+0.0104166667*J1^1*J2^3+-0.0052083333*J2^4+0.0104166667*J1^1*J2^2*(J2-J1)^1+-0.0078125000*J2^3*(J2-J1)^1+0,-0.0010023442*J1^2*J2^2+0.0027564466*J1^1*J2^3+-0.0002505861*J2^4+0.0007517582*J2^3*(J2-J1)^1+0,0,0,0,0,0,0,0,0,0,0,0,0,0,0,0,0,0,0,0,0,0,0,0,0,0,0,0,0,0,0,0,0,0,0,0,0},
{0,0,0,0,0,0,0,0,0,0,0,0,0,0,0,0,0,0,0,0,0,0,0,0,0,0,0,0,0,0,0,0,0,0,0,0,0,0,0,0,0,0,0,0,0,0,0,0,0,0,0,0,0,0,0,0,-0.0008680556*J1^2*J2^2+0.0004340278*J1^1*J2^3+-0.0021701389*J2^4+0.0078125000*J1^1*J2^2*(J2-J1)^1+0,-0.0010023442*J1^2*J2^2+0.0095222701*J1^1*J2^3+-0.0070164095*J2^4+0.0067658235*J1^1*J2^2*(J2-J1)^1+-0.0090210980*J2^3*(J2-J1)^1+0,-0.0010023442*J1^2*J2^2+0.0027564466*J1^1*J2^3+-0.0002505861*J2^4+0.0045105490*J1^1*J2^2*(J2-J1)^1+-0.0060140653*J2^3*(J2-J1)^1+0,-0.0089699074*J1^2*J2^2+0.0135995370*J1^1*J2^3+-0.0054976852*J2^4+0.0052083333*J1^1*J2^2*(J2-J1)^1+-0.0056423611*J2^3*(J2-J1)^1+0,0,0,0,0,0,0,0,0,0,0,0,0,0,0,0,0,0,0,0,0,0,0,0,0,0,0,0,0,0,0,0,0,0,0,0,0},
{0,0,0,0,0,0,0,0,0,0,0,0,0,0,0,0,0,0,0,0,0,0,0,0,0,0,0,0,0,0,0,0,0,0,0,0,0,0,0,0,0,0,0,0,0,0,0,0,0.0045105490*J1^2*J2^2+-0.0090210980*J1^1*J2^2*(J2-J1)^1+0,-0.0013020833*J1^1*J2^3+-0.0013020833*J2^4+0.0013020833*J2^3*(J2-J1)^1+0,-0.0052083333*J1^1*J2^3+0.0026041667*J2^4+0,0.0005011721*J1^2*J2^2+-0.0002505861*J1^1*J2^3+0.0012529303*J2^4+0.0022552745*J1^1*J2^2*(J2-J1)^1+0,0,0,0,0,0,0,0,0,0,0,0,0,-0.0063788795*J1^2*J2^2+0.0127577591*J1^1*J2^2*(J2-J1)^1+0,0.0018414239*J1^1*J2^3+0.0018414239*J2^4+-0.0018414239*J2^3*(J2-J1)^1+0,0.0073656956*J1^1*J2^3+-0.0036828478*J2^4+0,-0.0007087644*J1^2*J2^2+0.0003543822*J1^1*J2^3+-0.0017719110*J2^4+-0.0031894398*J1^1*J2^2*(J2-J1)^1+0,0,0,0,0,0,0,0,0,0,0,0,0,0,0,0,0,0,0,0,0,0,0,0,0,0,0,0,0},
{0,0,0,0,0,0,0,0,0,0,0,0,0,0,0,0,0,0,0,0,0,0,0,0,0,0,0,0,0,0,0,0,0,0,0,0,0,0,0,0,0,0,0,0,0,0,0,0,-0.0013020833*J1^1*J2^3+-0.0013020833*J2^4+0.0052083333*J2^3*(J2-J1)^1+0,0.0045105490*J1^2*J2^2+-0.0015035163*J1^1*J2^3+-0.0015035163*J2^4+-0.0045105490*J1^1*J2^2*(J2-J1)^1+0.0037587908*J2^3*(J2-J1)^1+0,0.0005011721*J1^2*J2^2+-0.0002505861*J1^1*J2^3+0.0012529303*J2^4+0,0.0005787037*J1^2*J2^2+-0.0054976852*J1^1*J2^3+0.0040509259*J2^4+0.0013020833*J1^1*J2^2*(J2-J1)^1+-0.0026041667*J2^3*(J2-J1)^1+0,0,0,0,0,0,0,0,0,0,0,0,0,0.0018414239*J1^1*J2^3+0.0018414239*J2^4+-0.0073656956*J2^3*(J2-J1)^1+0,-0.0063788795*J1^2*J2^2+0.0021262932*J1^1*J2^3+0.0021262932*J2^4+0.0063788795*J1^1*J2^2*(J2-J1)^1+-0.0053157329*J2^3*(J2-J1)^1+0,-0.0007087644*J1^2*J2^2+0.0003543822*J1^1*J2^3+-0.0017719110*J2^4+0,-0.0008184106*J1^2*J2^2+0.0077749010*J1^1*J2^3+-0.0057288744*J2^4+-0.0018414239*J1^1*J2^2*(J2-J1)^1+0.0036828478*J2^3*(J2-J1)^1+0,0,0,0,0,0,0,0,0,0,0,0,0,0,0,0,0,0,0,0,0,0,0,0,0,0,0,0,0},
{0,0,0,0,0,0,0,0,0,0,0,0,0,0,0,0,0,0,0,0,0,0,0,0,0,0,0,0,0,0,0,0,0,0,0,0,0,0,0,0,0,0,0,0,0,0,0,0,-0.0052083333*J1^1*J2^3+0.0026041667*J2^4+0.0078125000*J2^3*(J2-J1)^1+0,0.0005011721*J1^2*J2^2+-0.0002505861*J1^1*J2^3+0.0012529303*J2^4+-0.0022552745*J1^1*J2^2*(J2-J1)^1+0,0.0045105490*J1^2*J2^2+-0.0060140653*J1^1*J2^3+0.0030070327*J2^4+-0.0060140653*J1^1*J2^2*(J2-J1)^1+0.0045105490*J2^3*(J2-J1)^1+0,0.0005787037*J1^2*J2^2+-0.0015914352*J1^1*J2^3+0.0001446759*J2^4+-0.0004340278*J2^3*(J2-J1)^1+0,0,0,0,0,0,0,0,0,0,0,0,0,0.0073656956*J1^1*J2^3+-0.0036828478*J2^4+-0.0110485435*J2^3*(J2-J1)^1+0,-0.0007087644*J1^2*J2^2+0.0003543822*J1^1*J2^3+-0.0017719110*J2^4+0.0031894398*J1^1*J2^2*(J2-J1)^1+0,-0.0063788795*J1^2*J2^2+0.0085051727*J1^1*J2^3+-0.0042525864*J2^4+0.0085051727*J1^1*J2^2*(J2-J1)^1+-0.0063788795*J2^3*(J2-J1)^1+0,-0.0008184106*J1^2*J2^2+0.0022506292*J1^1*J2^3+-0.0002046027*J2^4+0.0006138080*J2^3*(J2-J1)^1+0,0,0,0,0,0,0,0,0,0,0,0,0,0,0,0,0,0,0,0,0,0,0,0,0,0,0,0,0},
{0,0,0,0,0,0,0,0,0,0,0,0,0,0,0,0,0,0,0,0,0,0,0,0,0,0,0,0,0,0,0,0,0,0,0,0,0,0,0,0,0,0,0,0,0,0,0,0,0.0005011721*J1^2*J2^2+-0.0002505861*J1^1*J2^3+0.0012529303*J2^4+-0.0045105490*J1^1*J2^2*(J2-J1)^1+0,0.0005787037*J1^2*J2^2+-0.0054976852*J1^1*J2^3+0.0040509259*J2^4+-0.0039062500*J1^1*J2^2*(J2-J1)^1+0.0052083333*J2^3*(J2-J1)^1+0,0.0005787037*J1^2*J2^2+-0.0015914352*J1^1*J2^3+0.0001446759*J2^4+-0.0026041667*J1^1*J2^2*(J2-J1)^1+0.0034722222*J2^3*(J2-J1)^1+0,0.0051787785*J1^2*J2^2+-0.0078516964*J1^1*J2^3+0.0031740900*J2^4+-0.0030070327*J1^1*J2^2*(J2-J1)^1+0.0032576187*J2^3*(J2-J1)^1+0,0,0,0,0,0,0,0,0,0,0,0,0,-0.0007087644*J1^2*J2^2+0.0003543822*J1^1*J2^3+-0.0017719110*J2^4+0.0063788795*J1^1*J2^2*(J2-J1)^1+0,-0.0008184106*J1^2*J2^2+0.0077749010*J1^1*J2^3+-0.0057288744*J2^4+0.0055242717*J1^1*J2^2*(J2-J1)^1+-0.0073656956*J2^3*(J2-J1)^1+0,-0.0008184106*J1^2*J2^2+0.0022506292*J1^1*J2^3+-0.0002046027*J2^4+0.0036828478*J1^1*J2^2*(J2-J1)^1+-0.0049104638*J2^3*(J2-J1)^1+0,-0.0073238987*J1^2*J2^2+0.0111039755*J1^1*J2^3+-0.0044888412*J2^4+0.0042525864*J1^1*J2^2*(J2-J1)^1+-0.0046069686*J2^3*(J2-J1)^1+0,0,0,0,0,0,0,0,0,0,0,0,0,0,0,0,0,0,0,0,0,0,0,0,0,0,0,0,0},
{0,0,0,0,0,0,0,0,0,0,0,0,0,0,0,0,0,0,0,0,0,0,0,0,0,0,0,0,0,0,0,0,0,0,0,0,0,0,0,0,0,0,0,0,0,0,0,0,0,0,0,0,0,0,0,0,0,0,0,0,0.0045105490*J1^2*J2^2+-0.0022552745*J1^1*J2^2*(J2-J1)^1+0,-0.0013020833*J1^1*J2^3+-0.0013020833*J2^4+-0.0026041667*J2^3*(J2-J1)^1+0,-0.0052083333*J1^1*J2^3+0.0026041667*J2^4+-0.0039062500*J2^3*(J2-J1)^1+0,0.0005011721*J1^2*J2^2+-0.0002505861*J1^1*J2^3+0.0012529303*J2^4+0.0045105490*J1^1*J2^2*(J2-J1)^1+0,0,0,0,0,0,0,0,0,0,0,0,0,0,0,0,0,0,0,0,0,0,0,0,0,0,0,0,0,0,0,0,0},
{0,0,0,0,0,0,0,0,0,0,0,0,0,0,0,0,0,0,0,0,0,0,0,0,0,0,0,0,0,0,0,0,0,0,0,0,0,0,0,0,0,0,0,0,0,0,0,0,0,0,0,0,0,0,0,0,0,0,0,0,-0.0013020833*J1^1*J2^3+-0.0013020833*J2^4+0.0013020833*J2^3*(J2-J1)^1+0,0.0045105490*J1^2*J2^2+-0.0015035163*J1^1*J2^3+-0.0015035163*J2^4+0.0022552745*J1^1*J2^2*(J2-J1)^1+-0.0007517582*J2^3*(J2-J1)^1+0,0.0005011721*J1^2*J2^2+-0.0002505861*J1^1*J2^3+0.0012529303*J2^4+0.0022552745*J1^1*J2^2*(J2-J1)^1+0,0.0005787037*J1^2*J2^2+-0.0054976852*J1^1*J2^3+0.0040509259*J2^4+0.0039062500*J1^1*J2^2*(J2-J1)^1+-0.0065104167*J2^3*(J2-J1)^1+0,0,0,0,0,0,0,0,0,0,0,0,0,0,0,0,0,0,0,0,0,0,0,0,0,0,0,0,0,0,0,0,0},
{0,0,0,0,0,0,0,0,0,0,0,0,0,0,0,0,0,0,0,0,0,0,0,0,0,0,0,0,0,0,0,0,0,0,0,0,0,0,0,0,0,0,0,0,0,0,0,0,0,0,0,0,0,0,0,0,0,0,0,0,-0.0052083333*J1^1*J2^3+0.0026041667*J2^4+0.0039062500*J2^3*(J2-J1)^1+0,0.0005011721*J1^2*J2^2+-0.0002505861*J1^1*J2^3+0.0012529303*J2^4+0,0.0045105490*J1^2*J2^2+-0.0060140653*J1^1*J2^3+0.0030070327*J2^4+0.0007517582*J1^1*J2^2*(J2-J1)^1+0,0.0005787037*J1^2*J2^2+-0.0015914352*J1^1*J2^3+0.0001446759*J2^4+0.0026041667*J1^1*J2^2*(J2-J1)^1+-0.0043402778*J2^3*(J2-J1)^1+0,0,0,0,0,0,0,0,0,0,0,0,0,0,0,0,0,0,0,0,0,0,0,0,0,0,0,0,0,0,0,0,0},
{0,0,0,0,0,0,0,0,0,0,0,0,0,0,0,0,0,0,0,0,0,0,0,0,0,0,0,0,0,0,0,0,0,0,0,0,0,0,0,0,0,0,0,0,0,0,0,0,0,0,0,0,0,0,0,0,0,0,0,0,0.0005011721*J1^2*J2^2+-0.0002505861*J1^1*J2^3+0.0012529303*J2^4+-0.0022552745*J1^1*J2^2*(J2-J1)^1+0,0.0005787037*J1^2*J2^2+-0.0054976852*J1^1*J2^3+0.0040509259*J2^4+-0.0013020833*J1^1*J2^2*(J2-J1)^1+0.0013020833*J2^3*(J2-J1)^1+0,0.0005787037*J1^2*J2^2+-0.0015914352*J1^1*J2^3+0.0001446759*J2^4+-0.0004340278*J2^3*(J2-J1)^1+0,0.0051787785*J1^2*J2^2+-0.0078516964*J1^1*J2^3+0.0031740900*J2^4+0.0067658235*J1^1*J2^2*(J2-J1)^1+-0.0057634792*J2^3*(J2-J1)^1+0,0,0,0,0,0,0,0,0,0,0,0,0,0,0,0,0,0,0,0,0,0,0,0,0,0,0,0,0,0,0,0,0},
{0,0,0,0,0,0,0,0,0,0,0,0,0,0,0,0,0,0,0,0,0,0,0,0,0,0,0,0,0,0,0,0,0,0,0,0,0,0,0,0,0,0,0,0,0,0,0,0,0,0,0,0,-0.0026041667*J1^2*J2^2+0.0013020833*J1^1*J2^2*(J2-J1)^1+0,0.0007517582*J1^1*J2^3+0.0007517582*J2^4+0.0015035163*J2^3*(J2-J1)^1+0,0.0030070327*J1^1*J2^3+-0.0015035163*J2^4+0.0022552745*J2^3*(J2-J1)^1+0,-0.0002893519*J1^2*J2^2+0.0001446759*J1^1*J2^3+-0.0007233796*J2^4+-0.0026041667*J1^1*J2^2*(J2-J1)^1+0,0,0,0,0,0,0,0,0,0,0,0,0,0.0036828478*J1^2*J2^2+-0.0018414239*J1^1*J2^2*(J2-J1)^1+0,-0.0010631466*J1^1*J2^3+-0.0010631466*J2^4+-0.0021262932*J2^3*(J2-J1)^1+0,-0.0042525864*J1^1*J2^3+0.0021262932*J2^4+-0.0031894398*J2^3*(J2-J1)^1+0,0.0004092053*J1^2*J2^2+-0.0002046027*J1^1*J2^3+0.0010230133*J2^4+0.0036828478*J1^1*J2^2*(J2-J1)^1+0,0,0,0,0,0,0,0,0,0,0,0,0,0,0,0,0,0,0,0,0,0,0,0,0},
{0,0,0,0,0,0,0,0,0,0,0,0,0,0,0,0,0,0,0,0,0,0,0,0,0,0,0,0,0,0,0,0,0,0,0,0,0,0,0,0,0,0,0,0,0,0,0,0,0,0,0,0,0.0007517582*J1^1*J2^3+0.0007517582*J2^4+-0.0007517582*J2^3*(J2-J1)^1+0,-0.0026041667*J1^2*J2^2+0.0008680556*J1^1*J2^3+0.0008680556*J2^4+-0.0013020833*J1^1*J2^2*(J2-J1)^1+0.0004340278*J2^3*(J2-J1)^1+0,-0.0002893519*J1^2*J2^2+0.0001446759*J1^1*J2^3+-0.0007233796*J2^4+-0.0013020833*J1^1*J2^2*(J2-J1)^1+0,-0.0003341147*J1^2*J2^2+0.0031740900*J1^1*J2^3+-0.0023388032*J2^4+-0.0022552745*J1^1*J2^2*(J2-J1)^1+0.0037587908*J2^3*(J2-J1)^1+0,0,0,0,0,0,0,0,0,0,0,0,0,-0.0010631466*J1^1*J2^3+-0.0010631466*J2^4+0.0010631466*J2^3*(J2-J1)^1+0,0.0036828478*J1^2*J2^2+-0.0012276159*J1^1*J2^3+-0.0012276159*J2^4+0.0018414239*J1^1*J2^2*(J2-J1)^1+-0.0006138080*J2^3*(J2-J1)^1+0,0.0004092053*J1^2*J2^2+-0.0002046027*J1^1*J2^3+0.0010230133*J2^4+0.0018414239*J1^1*J2^2*(J2-J1)^1+0,0.0004725096*J1^2*J2^2+-0.0044888412*J1^1*J2^3+0.0033075672*J2^4+0.0031894398*J1^1*J2^2*(J2-J1)^1+-0.0053157329*J2^3*(J2-J1)^1+0,0,0,0,0,0,0,0,0,0,0,0,0,0,0,0,0,0,0,0,0,0,0,0,0},
{0,0,0,0,0,0,0,0,0,0,0,0,0,0,0,0,0,0,0,0,0,0,0,0,0,0,0,0,0,0,0,0,0,0,0,0,0,0,0,0,0,0,0,0,0,0,0,0,0,0,0,0,0.0030070327*J1^1*J2^3+-0.0015035163*J2^4+-0.0022552745*J2^3*(J2-J1)^1+0,-0.0002893519*J1^2*J2^2+0.0001446759*J1^1*J2^3+-0.0007233796*J2^4+0,-0.0026041667*J1^2*J2^2+0.0034722222*J1^1*J2^3+-0.0017361111*J2^4+-0.0004340278*J1^1*J2^2*(J2-J1)^1+0,-0.0003341147*J1^2*J2^2+0.0009188155*J1^1*J2^3+-0.0000835287*J2^4+-0.0015035163*J1^1*J2^2*(J2-J1)^1+0.0025058605*J2^3*(J2-J1)^1+0,0,0,0,0,0,0,0,0,0,0,0,0,-0.0042525864*J1^1*J2^3+0.0021262932*J2^4+0.0031894398*J2^3*(J2-J1)^1+0,0.0004092053*J1^2*J2^2+-0.0002046027*J1^1*J2^3+0.0010230133*J2^4+0,0.0036828478*J1^2*J2^2+-0.0049104638*J1^1*J2^3+0.0024552319*J2^4+0.0006138080*J1^1*J2^2*(J2-J1)^1+0,0.0004725096*J1^2*J2^2+-0.0012994014*J1^1*J2^3+0.0001181274*J2^4+0.0021262932*J1^1*J2^2*(J2-J1)^1+-0.0035438220*J2^3*(J2-J1)^1+0,0,0,0,0,0,0,0,0,0,0,0,0,0,0,0,0,0,0,0,0,0,0,0,0},
{0,0,0,0,0,0,0,0,0,0,0,0,0,0,0,0,0,0,0,0,0,0,0,0,0,0,0,0,0,0,0,0,0,0,0,0,0,0,0,0,0,0,0,0,0,0,0,0,0,0,0,0,-0.0002893519*J1^2*J2^2+0.0001446759*J1^1*J2^3+-0.0007233796*J2^4+0.0013020833*J1^1*J2^2*(J2-J1)^1+0,-0.0003341147*J1^2*J2^2+0.0031740900*J1^1*J2^3+-0.0023388032*J2^4+0.0007517582*J1^1*J2^2*(J2-J1)^1+-0.0007517582*J2^3*(J2-J1)^1+0,-0.0003341147*J1^2*J2^2+0.0009188155*J1^1*J2^3+-0.0000835287*J2^4+0.0002505861*J2^3*(J2-J1)^1+0,-0.0029899691*J1^2*J2^2+0.0045331790*J1^1*J2^3+-0.0018325617*J2^4+-0.0039062500*J1^1*J2^2*(J2-J1)^1+0.0033275463*J2^3*(J2-J1)^1+0,0,0,0,0,0,0,0,0,0,0,0,0,0.0004092053*J1^2*J2^2+-0.0002046027*J1^1*J2^3+0.0010230133*J2^4+-0.0018414239*J1^1*J2^2*(J2-J1)^1+0,0.0004725096*J1^2*J2^2+-0.0044888412*J1^1*J2^3+0.0033075672*J2^4+-0.0010631466*J1^1*J2^2*(J2-J1)^1+0.0010631466*J2^3*(J2-J1)^1+0,0.0004725096*J1^2*J2^2+-0.0012994014*J1^1*J2^3+0.0001181274*J2^4+-0.0003543822*J2^3*(J2-J1)^1+0,0.0042284549*J1^2*J2^2+-0.0064108832*J1^1*J2^3+0.0025916337*J2^4+0.0055242717*J1^1*J2^2*(J2-J1)^1+-0.0047058611*J2^3*(J2-J1)^1+0,0,0,0,0,0,0,0,0,0,0,0,0,0,0,0,0,0,0,0,0,0,0,0,0},
{0,0,0,0,0,0,0,0,0,0,0,0,0,0,0,0,0,0,0,0,0,0,0,0,0,0,0,0,0,0,0,0,0,0,0,0,0,0,0,0,0,0,0,0,0,0,0,0,0,0,0,0,0,0,0,0,0,0,0,0,-0.0063788795*J1^2*J2^2+0.0079735994*J1^1*J2^2*(J2-J1)^1+0,0.0018414239*J1^1*J2^3+0.0018414239*J2^4+0.0009207120*J2^3*(J2-J1)^1+0,0.0073656956*J1^1*J2^3+-0.0036828478*J2^4+0.0027621359*J2^3*(J2-J1)^1+0,-0.0007087644*J1^2*J2^2+0.0003543822*J1^1*J2^3+-0.0017719110*J2^4+-0.0047841597*J1^1*J2^2*(J2-J1)^1+0,0,0,0,0,0,0,0,0,0,0,0,0,0,0,0,0,0,0,0,0,0,0,0,0,0,0,0,0,0,0,0,0},
{0,0,0,0,0,0,0,0,0,0,0,0,0,0,0,0,0,0,0,0,0,0,0,0,0,0,0,0,0,0,0,0,0,0,0,0,0,0,0,0,0,0,0,0,0,0,0,0,0,0,0,0,0,0,0,0,0,0,0,0,0.0018414239*J1^1*J2^3+0.0018414239*J2^4+-0.0046035598*J2^3*(J2-J1)^1+0,-0.0063788795*J1^2*J2^2+0.0021262932*J1^1*J2^3+0.0021262932*J2^4+0.0015947199*J1^1*J2^2*(J2-J1)^1+-0.0021262932*J2^3*(J2-J1)^1+0,-0.0007087644*J1^2*J2^2+0.0003543822*J1^1*J2^3+-0.0017719110*J2^4+-0.0015947199*J1^1*J2^2*(J2-J1)^1+0,-0.0008184106*J1^2*J2^2+0.0077749010*J1^1*J2^3+-0.0057288744*J2^4+-0.0036828478*J1^1*J2^2*(J2-J1)^1+0.0064449837*J2^3*(J2-J1)^1+0,0,0,0,0,0,0,0,0,0,0,0,0,0,0,0,0,0,0,0,0,0,0,0,0,0,0,0,0,0,0,0,0},
{0,0,0,0,0,0,0,0,0,0,0,0,0,0,0,0,0,0,0,0,0,0,0,0,0,0,0,0,0,0,0,0,0,0,0,0,0,0,0,0,0,0,0,0,0,0,0,0,0,0,0,0,0,0,0,0,0,0,0,0,0.0073656956*J1^1*J2^3+-0.0036828478*J2^4+-0.0082864076*J2^3*(J2-J1)^1+0,-0.0007087644*J1^2*J2^2+0.0003543822*J1^1*J2^3+-0.0017719110*J2^4+0.0015947199*J1^1*J2^2*(J2-J1)^1+0,-0.0063788795*J1^2*J2^2+0.0085051727*J1^1*J2^3+-0.0042525864*J2^4+0.0037210131*J1^1*J2^2*(J2-J1)^1+-0.0031894398*J2^3*(J2-J1)^1+0,-0.0008184106*J1^2*J2^2+0.0022506292*J1^1*J2^3+-0.0002046027*J2^4+-0.0018414239*J1^1*J2^2*(J2-J1)^1+0.0033759438*J2^3*(J2-J1)^1+0,0,0,0,0,0,0,0,0,0,0,0,0,0,0,0,0,0,0,0,0,0,0,0,0,0,0,0,0,0,0,0,0},
{0,0,0,0,0,0,0,0,0,0,0,0,0,0,0,0,0,0,0,0,0,0,0,0,0,0,0,0,0,0,0,0,0,0,0,0,0,0,0,0,0,0,0,0,0,0,0,0,0,0,0,0,0,0,0,0,0,0,0,0,-0.0007087644*J1^2*J2^2+0.0003543822*J1^1*J2^3+-0.0017719110*J2^4+0.0047841597*J1^1*J2^2*(J2-J1)^1+0,-0.0008184106*J1^2*J2^2+0.0077749010*J1^1*J2^3+-0.0057288744*J2^4+0.0036828478*J1^1*J2^2*(J2-J1)^1+-0.0046035598*J2^3*(J2-J1)^1+0,-0.0008184106*J1^2*J2^2+0.0022506292*J1^1*J2^3+-0.0002046027*J2^4+0.0018414239*J1^1*J2^2*(J2-J1)^1+-0.0021483279*J2^3*(J2-J1)^1+0,-0.0073238987*J1^2*J2^2+0.0111039755*J1^1*J2^3+-0.0044888412*J2^4+-0.0026578665*J1^1*J2^2*(J2-J1)^1+0.0017719110*J2^3*(J2-J1)^1+0,0,0,0,0,0,0,0,0,0,0,0,0,0,0,0,0,0,0,0,0,0,0,0,0,0,0,0,0,0,0,0,0},
{0,0,0,0,0,0,0,0,0,0,0,0,0,0,0,0,0,0,0,0,0,0,0,0,0,0,0,0,0,0,0,0,0,0,0,0,0,0,0,0,0,0,0,0,0,0,0,0,0,0,0,0,0.0036828478*J1^2*J2^2+-0.0046035598*J1^1*J2^2*(J2-J1)^1+0,-0.0010631466*J1^1*J2^3+-0.0010631466*J2^4+-0.0005315733*J2^3*(J2-J1)^1+0,-0.0042525864*J1^1*J2^3+0.0021262932*J2^4+-0.0015947199*J2^3*(J2-J1)^1+0,0.0004092053*J1^2*J2^2+-0.0002046027*J1^1*J2^3+0.0010230133*J2^4+0.0027621359*J1^1*J2^2*(J2-J1)^1+0,0,0,0,0,0,0,0,0,0,0,0,0,-0.0052083333*J1^2*J2^2+0.0065104167*J1^1*J2^2*(J2-J1)^1+0,0.0015035163*J1^1*J2^3+0.0015035163*J2^4+0.0007517582*J2^3*(J2-J1)^1+0,0.0060140653*J1^1*J2^3+-0.0030070327*J2^4+0.0022552745*J2^3*(J2-J1)^1+0,-0.0005787037*J1^2*J2^2+0.0002893519*J1^1*J2^3+-0.0014467593*J2^4+-0.0039062500*J1^1*J2^2*(J2-J1)^1+0,0,0,0,0,0,0,0,0,0,0,0,0,0,0,0,0,0,0,0,0,0,0,0,0},
{0,0,0,0,0,0,0,0,0,0,0,0,0,0,0,0,0,0,0,0,0,0,0,0,0,0,0,0,0,0,0,0,0,0,0,0,0,0,0,0,0,0,0,0,0,0,0,0,0,0,0,0,-0.0010631466*J1^1*J2^3+-0.0010631466*J2^4+0.0026578665*J2^3*(J2-J1)^1+0,0.0036828478*J1^2*J2^2+-0.0012276159*J1^1*J2^3+-0.0012276159*J2^4+-0.0009207120*J1^1*J2^2*(J2-J1)^1+0.0012276159*J2^3*(J2-J1)^1+0,0.0004092053*J1^2*J2^2+-0.0002046027*J1^1*J2^3+0.0010230133*J2^4+0.0009207120*J1^1*J2^2*(J2-J1)^1+0,0.0004725096*J1^2*J2^2+-0.0044888412*J1^1*J2^3+0.0033075672*J2^4+0.0021262932*J1^1*J2^2*(J2-J1)^1+-0.0037210131*J2^3*(J2-J1)^1+0,0,0,0,0,0,0,0,0,0,0,0,0,0.0015035163*J1^1*J2^3+0.0015035163*J2^4+-0.0037587908*J2^3*(J2-J1)^1+0,-0.0052083333*J1^2*J2^2+0.0017361111*J1^1*J2^3+0.0017361111*J2^4+0.0013020833*J1^1*J2^2*(J2-J1)^1+-0.0017361111*J2^3*(J2-J1)^1+0,-0.0005787037*J1^2*J2^2+0.0002893519*J1^1*J2^3+-0.0014467593*J2^4+-0.0013020833*J1^1*J2^2*(J2-J1)^1+0,-0.0006682295*J1^2*J2^2+0.0063481800*J1^1*J2^3+-0.0046776063*J2^4+-0.0030070327*J1^1*J2^2*(J2-J1)^1+0.0052623071*J2^3*(J2-J1)^1+0,0,0,0,0,0,0,0,0,0,0,0,0,0,0,0,0,0,0,0,0,0,0,0,0},
{0,0,0,0,0,0,0,0,0,0,0,0,0,0,0,0,0,0,0,0,0,0,0,0,0,0,0,0,0,0,0,0,0,0,0,0,0,0,0,0,0,0,0,0,0,0,0,0,0,0,0,0,-0.0042525864*J1^1*J2^3+0.0021262932*J2^4+0.0047841597*J2^3*(J2-J1)^1+0,0.0004092053*J1^2*J2^2+-0.0002046027*J1^1*J2^3+0.0010230133*J2^4+-0.0009207120*J1^1*J2^2*(J2-J1)^1+0,0.0036828478*J1^2*J2^2+-0.0049104638*J1^1*J2^3+0.0024552319*J2^4+-0.0021483279*J1^1*J2^2*(J2-J1)^1+0.0018414239*J2^3*(J2-J1)^1+0,0.0004725096*J1^2*J2^2+-0.0012994014*J1^1*J2^3+0.0001181274*J2^4+0.0010631466*J1^1*J2^2*(J2-J1)^1+-0.0019491021*J2^3*(J2-J1)^1+0,0,0,0,0,0,0,0,0,0,0,0,0,0.0060140653*J1^1*J2^3+-0.0030070327*J2^4+-0.0067658235*J2^3*(J2-J1)^1+0,-0.0005787037*J1^2*J2^2+0.0002893519*J1^1*J2^3+-0.0014467593*J2^4+0.0013020833*J1^1*J2^2*(J2-J1)^1+0,-0.0052083333*J1^2*J2^2+0.0069444444*J1^1*J2^3+-0.0034722222*J2^4+0.0030381944*J1^1*J2^2*(J2-J1)^1+-0.0026041667*J2^3*(J2-J1)^1+0,-0.0006682295*J1^2*J2^2+0.0018376311*J1^1*J2^3+-0.0001670574*J2^4+-0.0015035163*J1^1*J2^2*(J2-J1)^1+0.0027564466*J2^3*(J2-J1)^1+0,0,0,0,0,0,0,0,0,0,0,0,0,0,0,0,0,0,0,0,0,0,0,0,0},
{0,0,0,0,0,0,0,0,0,0,0,0,0,0,0,0,0,0,0,0,0,0,0,0,0,0,0,0,0,0,0,0,0,0,0,0,0,0,0,0,0,0,0,0,0,0,0,0,0,0,0,0,0.0004092053*J1^2*J2^2+-0.0002046027*J1^1*J2^3+0.0010230133*J2^4+-0.0027621359*J1^1*J2^2*(J2-J1)^1+0,0.0004725096*J1^2*J2^2+-0.0044888412*J1^1*J2^3+0.0033075672*J2^4+-0.0021262932*J1^1*J2^2*(J2-J1)^1+0.0026578665*J2^3*(J2-J1)^1+0,0.0004725096*J1^2*J2^2+-0.0012994014*J1^1*J2^3+0.0001181274*J2^4+-0.0010631466*J1^1*J2^2*(J2-J1)^1+0.0012403377*J2^3*(J2-J1)^1+0,0.0042284549*J1^2*J2^2+-0.0064108832*J1^1*J2^3+0.0025916337*J2^4+0.0015345199*J1^1*J2^2*(J2-J1)^1+-0.0010230133*J2^3*(J2-J1)^1+0,0,0,0,0,0,0,0,0,0,0,0,0,-0.0005787037*J1^2*J2^2+0.0002893519*J1^1*J2^3+-0.0014467593*J2^4+0.0039062500*J1^1*J2^2*(J2-J1)^1+0,-0.0006682295*J1^2*J2^2+0.0063481800*J1^1*J2^3+-0.0046776063*J2^4+0.0030070327*J1^1*J2^2*(J2-J1)^1+-0.0037587908*J2^3*(J2-J1)^1+0,-0.0006682295*J1^2*J2^2+0.0018376311*J1^1*J2^3+-0.0001670574*J2^4+0.0015035163*J1^1*J2^2*(J2-J1)^1+-0.0017541024*J2^3*(J2-J1)^1+0,-0.0059799383*J1^2*J2^2+0.0090663580*J1^1*J2^3+-0.0036651235*J2^4+-0.0021701389*J1^1*J2^2*(J2-J1)^1+0.0014467593*J2^3*(J2-J1)^1+0,0,0,0,0,0,0,0,0,0,0,0,0,0,0,0,0,0,0,0,0,0,0,0,0}
}