96
{{0,0,0,0,0,0,0,0,0,0,0,0,0,0,0,0,0,0,0,0,0,0,0,0,0,0,0,0,0,0,0,0,0,0,0,0,0,0,0,0,0,0,0,0,0,0,0,0,0,0,0,0,0,0,0,0,0,0,0,0,0,0,0,0,0,0,0,0,0,0,0,0,0,0,0,0,0,0,0,0,0,0,0,0,0,0,0,0,0,0,0,0,0,0,0,0},
{0,0,0,0,0,0,0,0,0,0,0,0,0,0,0,0,0,0,0,0,0,0,0,0,0,0,0,0,0,0,0,0,0,0,0,0,0,0,0,0,0,0,0,0,0,0,0,0,0,0,0,0,0,0,0,0,0,0,0,0,0,0,0,0,0,0,0,0,0,0,0,0,0,0,0,0,0,0,0,0,0,0,0,0,0,0,0,0,0,0,0,0,0,0,0,0},
{0,0,0,0,0,0,0,0,0,0,0,0,0,0,0,0,0,0,0,0,0,0,0,0,0,0,0,0,0,0,0,0,0,0,0,0,0,0,0,0,0,0,0,0,0,0,0,0,0,0,0,0,0,0,0,0,0,0,0,0,0,0,0,0,0,0,0,0,0,0,0,0,0,0,0,0,0,0,0,0,0,0,0,0,0,0,0,0,0,0,0,0,0,0,0,0},
{0,0,0,0,0,0,0,0,0,0,0,0,0,0,0,0,0,0,0,0,0,0,0,0,0,0,0,0,0,0,0,0,0,0,0,0,0,0,0,0,0,0,0,0,0,0,0,0,0,0,0,0,0,0,0,0,0,0,0,0,0,0,0,0,0,0,0,0,0,0,0,0,0,0,0,0,0,0,0,0,0,0,0,0,0,0,0,0,0,0,0,0,0,0,0,0},
{0,0,0,0,0,0,0,0,0,0,0,0,0,0,0,0,0,0,0,0,0,0,0,0,0,0,0,0,0,0,0,0,0,0,0,0,0,0,0,0,0,0,0,0,0,0,0,0,0,0,0,0,0,0,0,0,0,0,0,0,0,0,0,0,0,0,0,0,0,0,0,0,0,0,0,0,0,0,0,0,0,0,0,0,0,0,0,0,0,0,0,0,0,0,0,0},
{0,0,0,0,0,0,0,0,0,0,0,0,0,0,0,0,0,0,0,0,0,0,0,0,0,0,0,0,0,0,0,0,0,0,0,0,0,0,0,0,0,0,0,0,0,0,0,0,0,0,0,0,0,0,0,0,0,0,0,0,0,0,0,0,0,0,0,0,0,0,0,0,0,0,0,0,0,0,0,0,0,0,0,0,0,0,0,0,0,0,0,0,0,0,0,0},
{0,0,0,0,0,0,0,0,0,0,0,0,0,0,0,0,0,0,0,0,0,0,0,0,0,0,0,0,0,0,0,0,0,0,0,0,0,0,0,0,0,0,0,0,0,0,0,0,0,0,0,0,0,0,0,0,0,0,0,0,0,0,0,0,0,0,0,0,0,0,0,0,0,0,0,0,0,0,0,0,0,0,0,0,0,0,0,0,0,0,0,0,0,0,0,0},
{0,0,0,0,0,0,0,0,0,0,0,0,0,0,0,0,0,0,0,0,0,0,0,0,0,0,0,0,0,0,0,0,0,0,0,0,0,0,0,0,0,0,0,0,0,0,0,0,0,0,0,0,0,0,0,0,0,0,0,0,0,0,0,0,0,0,0,0,0,0,0,0,0,0,0,0,0,0,0,0,0,0,0,0,0,0,0,0,0,0,0,0,0,0,0,0},
{0,0,0,0,0,0,0,0,0,0,0,0,0,0,0,0,0,0,0,0,0,0,0,0,0,0,0,0,0,0,0,0,0,0,0,0,0,0,0,0,0,0,0,0,0,0,0,0,0,0,0,0,0,0,0,0,0,0,0,0,0,0,0,0,0,0,0,0,0,0,0,0,0,0,0,0,0,0,0,0,0,0,0,0,0,0,0,0,0,0,0,0,0,0,0,0},
{0,0,0,0,0,0,0,0,0,0,0,0,0,0,0,0,0,0,0,0,0,0,0,0,0,0,0,0,0,0,0,0,0,0,0,0,0,0,0,0,0,0,0,0,0,0,0,0,0,0,0,0,0,0,0,0,0,0,0,0,0,0,0,0,0,0,0,0,0,0,0,0,0,0,0,0,0,0,0,0,0,0,0,0,0,0,0,0,0,0,0,0,0,0,0,0},
{0,0,0,0,0,0,0,0,0,0,0,0,0,0,0,0,0,0,0,0,0,0,0,0,0,0,0,0,0,0,0,0,0,0,0,0,0,0,0,0,0,0,0,0,0,0,0,0,0,0,0,0,0,0,0,0,0,0,0,0,0,0,0,0,0,0,0,0,0,0,0,0,0,0,0,0,0,0,0,0,0,0,0,0,0,0,0,0,0,0,0,0,0,0,0,0},
{0,0,0,0,0,0,0,0,0,0,0,0,0,0,0,0,0,0,0,0,0,0,0,0,0,0,0,0,0,0,0,0,0,0,0,0,0,0,0,0,0,0,0,0,0,0,0,0,0,0,0,0,0,0,0,0,0,0,0,0,0,0,0,0,0,0,0,0,0,0,0,0,0,0,0,0,0,0,0,0,0,0,0,0,0,0,0,0,0,0,0,0,0,0,0,0},
{0,0,0,0,0,0,0,0,0,0,0,0,0,0,0,0,0,0,0,0,0,0,0,0,0,0,0,0,0,0,0,0,0,0,0,0,0,0,0,0,0,0,0,0,0,0,0,0,0,0,0,0,0,0,0,0,0,0,0,0,0,0,0,0,0,0,0,0,0,0,0,0,0,0,0,0,0,0,0,0,0,0,0,0,0,0,0,0,0,0,0,0,0,0,0,0},
{0,0,0,0,0,0,0,0,0,0,0,0,0,0,0,0,0,0,0,0,0,0,0,0,0,0,0,0,0,0,0,0,0,0,0,0,0,0,0,0,0,0,0,0,0,0,0,0,0,0,0,0,0,0,0,0,0,0,0,0,0,0,0,0,0,0,0,0,0,0,0,0,0,0,0,0,0,0,0,0,0,0,0,0,0,0,0,0,0,0,0,0,0,0,0,0},
{0,0,0,0,0,0,0,0,0,0,0,0,0,0,0,0,0,0,0,0,0,0,0,0,0,0,0,0,0,0,0,0,0,0,0,0,0,0,0,0,0,0,0,0,0,0,0,0,0,0,0,0,0,0,0,0,0,0,0,0,0,0,0,0,0,0,0,0,0,0,0,0,0,0,0,0,0,0,0,0,0,0,0,0,0,0,0,0,0,0,0,0,0,0,0,0},
{0,0,0,0,0,0,0,0,0,0,0,0,0,0,0,0,0,0,0,0,0,0,0,0,0,0,0,0,0,0,0,0,0,0,0,0,0,0,0,0,0,0,0,0,0,0,0,0,0,0,0,0,0,0,0,0,0,0,0,0,0,0,0,0,0,0,0,0,0,0,0,0,0,0,0,0,0,0,0,0,0,0,0,0,0,0,0,0,0,0,0,0,0,0,0,0},
{0,0,0,0,0,0,0,0,0,0,0,0,0,0,0,0,0,0,0,0,0,0,0,0,0,0,0,0,0,0,0,0,0,0,0,0,0,0,0,0,0,0,0,0,0,0,0,0,0,0,0,0,0,0,0,0,0,0,0,0,0,0,0,0,0,0,0,0,0,0,0,0,0,0,0,0,0,0,0,0,0,0,0,0,0,0,0,0,0,0,0,0,0,0,0,0},
{0,0,0,0,0,0,0,0,0,0,0,0,0,0,0,0,0,0,0,0,0,0,0,0,0,0,0,0,0,0,0,0,0,0,0,0,0,0,0,0,0,0,0,0,0,0,0,0,0,0,0,0,0,0,0,0,0,0,0,0,0,0,0,0,0,0,0,0,0,0,0,0,0,0,0,0,0,0,0,0,0,0,0,0,0,0,0,0,0,0,0,0,0,0,0,0},
{0,0,0,0,0,0,0,0,0,0,0,0,0,0,0,0,0,0,0,0,0,0,0,0,0,0,0,0,0,0,0,0,0,0,0,0,0,0,0,0,0,0,0,0,0,0,0,0,0,0,0,0,0,0,0,0,0,0,0,0,0,0,0,0,0,0,0,0,0,0,0,0,0,0,0,0,0,0,0,0,0,0,0,0,0,0,0,0,0,0,0,0,0,0,0,0},
{0,0,0,0,0,0,0,0,0,0,0,0,0,0,0,0,0,0,0,0,0,0,0,0,0,0,0,0,0,0,0,0,0,0,0,0,0,0,0,0,0,0,0,0,0,0,0,0,0,0,0,0,0,0,0,0,0,0,0,0,0,0,0,0,0,0,0,0,0,0,0,0,0,0,0,0,0,0,0,0,0,0,0,0,0,0,0,0,0,0,0,0,0,0,0,0},
{0,0,0,0,0,0,0,0,0,0,0,0,0,0,0,0,0,0,0,0,0,0,0,0,0,0,0,0,0,0,0,0,0,0,0,0,0,0,0,0,0,0,0,0,0,0,0,0,0,0,0,0,0,0,0,0,0,0,0,0,0,0,0,0,0,0,0,0,0,0,0,0,0,0,0,0,0,0,0,0,0,0,0,0,0,0,0,0,0,0,0,0,0,0,0,0},
{0,0,0,0,0,0,0,0,0,0,0,0,0,0,0,0,0,0,0,0,0,0,0,0,0,0,0,0,0,0,0,0,0,0,0,0,0,0,0,0,0,0,0,0,0,0,0,0,0,0,0,0,0,0,0,0,0,0,0,0,0,0,0,0,0,0,0,0,0,0,0,0,0,0,0,0,0,0,0,0,0,0,0,0,0,0,0,0,0,0,0,0,0,0,0,0},
{0,0,0,0,0,0,0,0,0,0,0,0,0,0,0,0,0,0,0,0,0,0,0,0,0,0,0,0,0,0,0,0,0,0,0,0,0,0,0,0,0,0,0,0,0,0,0,0,0,0,0,0,0,0,0,0,0,0,0,0,0,0,0,0,0,0,0,0,0,0,0,0,0,0,0,0,0,0,0,0,0,0,0,0,0,0,0,0,0,0,0,0,0,0,0,0},
{0,0,0,0,0,0,0,0,0,0,0,0,0,0,0,0,0,0,0,0,0,0,0,0,0,0,0,0,0,0,0,0,0,0,0,0,0,0,0,0,0,0,0,0,0,0,0,0,0,0,0,0,0,0,0,0,0,0,0,0,0,0,0,0,0,0,0,0,0,0,0,0,0,0,0,0,0,0,0,0,0,0,0,0,0,0,0,0,0,0,0,0,0,0,0,0},
{0,0,0,0,0,0,0,0,0,0,0,0,0,0,0,0,0,0,0,0,0,0,0,0,0,0,0,0,0,0,0,0,0,0,0,0,0,0,0,0,0,0,0,0,0,0,0,0,0,0,0,0,0,0,0,0,0,0,0,0,0,0,0,0,0,0,0,0,0,0,0,0,0,0,0,0,0,0,0,0,0,0,0,0,0,0,0,0,0,0,0,0,0,0,0,0},
{0,0,0,0,0,0,0,0,0,0,0,0,0,0,0,0,0,0,0,0,0,0,0,0,0,0,0,0,0,0,0,0,0,0,0,0,0,0,0,0,0,0,0,0,0,0,0,0,0,0,0,0,0,0,0,0,0,0,0,0,0,0,0,0,0,0,0,0,0,0,0,0,0,0,0,0,0,0,0,0,0,0,0,0,0,0,0,0,0,0,0,0,0,0,0,0},
{0,0,0,0,0,0,0,0,0,0,0,0,0,0,0,0,0,0,0,0,0,0,0,0,0,0,0,0,0,0,0,0,0,0,0,0,0,0,0,0,0,0,0,0,0,0,0,0,0,0,0,0,0,0,0,0,0,0,0,0,0,0,0,0,0,0,0,0,0,0,0,0,0,0,0,0,0,0,0,0,0,0,0,0,0,0,0,0,0,0,0,0,0,0,0,0},
{0,0,0,0,0,0,0,0,0,0,0,0,0,0,0,0,0,0,0,0,0,0,0,0,0,0,0,0,0,0,0,0,0,0,0,0,0,0,0,0,0,0,0,0,0,0,0,0,0,0,0,0,0,0,0,0,0,0,0,0,0,0,0,0,0,0,0,0,0,0,0,0,0,0,0,0,0,0,0,0,0,0,0,0,0,0,0,0,0,0,0,0,0,0,0,0},
{0,0,0,0,0,0,0,0,0,0,0,0,0,0,0,0,0,0,0,0,0,0,0,0,0,0,0,0,0,0,0,0,0,0,0,0,0,0,0,0,0,0,0,0,0,0,0,0,0,0,0,0,0,0,0,0,0,0,0,0,0,0,0,0,0,0,0,0,0,0,0,0,0,0,0,0,0,0,0,0,0,0,0,0,0,0,0,0,0,0,0,0,0,0,0,0},
{0,0,0,0,0,0,0,0,0,0,0,0,0,0,0,0,0,0,0,0,0,0,0,0,0,0,0,0,0,0,0,0,0,0,0,0,0,0,0,0,0,0,0,0,0,0,0,0,0,0,0,0,0,0,0,0,0,0,0,0,0,0,0,0,0,0,0,0,0,0,0,0,0,0,0,0,0,0,0,0,0,0,0,0,0,0,0,0,0,0,0,0,0,0,0,0},
{0,0,0,0,0,0,0,0,0,0,0,0,0,0,0,0,0,0,0,0,0,0,0,0,0,0,0,0,0,0,0,0,0,0,0,0,0,0,0,0,0,0,0,0,0,0,0,0,0,0,0,0,0,0,0,0,0,0,0,0,0,0,0,0,0,0,0,0,0,0,0,0,0,0,0,0,0,0,0,0,0,0,0,0,0,0,0,0,0,0,0,0,0,0,0,0},
{0,0,0,0,0,0,0,0,0,0,0,0,0,0,0,0,0,0,0,0,0,0,0,0,0,0,0,0,0,0,0,0,0,0,0,0,0,0,0,0,0,0,0,0,0,0,0,0,0,0,0,0,0,0,0,0,0,0,0,0,0,0,0,0,0,0,0,0,0,0,0,0,0,0,0,0,0,0,0,0,0,0,0,0,0,0,0,0,0,0,0,0,0,0,0,0},
{0,0,0,0,0,0,0,0,0,0,0,0,0,0,0,0,0,0,0,0,0,0,0,0,0,0,0,0,0,0,0,0,0,0,0,0,0,0,0,0,0,0,0,0,0,0,0,0,0,0,0,0,0,0,0,0,0,0,0,0,0,0,0,0,0,0,0,0,0,0,0,0,0,0,0,0,0,0,0,0,0,0,0,0,0,0,0,0,0,0,0,0,0,0,0,0},
{0,0,0,0,0,0,0,0,0,0,0,0,0,0,0,0,0,0,0,0,0,0,0,0,0,0,0,0,0,0,0,0,0,0,0,0,0,0,0,0,0,0,0,0,0,0,0,0,0,0,0,0,0,0,0,0,0,0,0,0,0,0,0,0,0,0,0,0,0,0,0,0,0,0,0,0,0,0,0,0,0,0,0,0,0,0,0,0,0,0,0,0,0,0,0,0},
{0,0,0,0,0,0,0,0,0,0,0,0,0,0,0,0,0,0,0,0,0,0,0,0,0,0,0,0,0,0,0,0,0,0,0,0,0,0,0,0,0,0,0,0,0,0,0,0,0,0,0,0,0,0,0,0,0,0,0,0,0,0,0,0,0,0,0,0,0,0,0,0,0,0,0,0,0,0,0,0,0,0,0,0,0,0,0,0,0,0,0,0,0,0,0,0},
{0,0,0,0,0,0,0,0,0,0,0,0,0,0,0,0,0,0,0,0,0,0,0,0,0,0,0,0,0,0,0,0,0,0,0,0,0,0,0,0,0,0,0,0,0,0,0,0,0,0,0,0,0,0,0,0,0,0,0,0,0,0,0,0,0,0,0,0,0,0,0,0,0,0,0,0,0,0,0,0,0,0,0,0,0,0,0,0,0,0,0,0,0,0,0,0},
{0,0,0,0,0,0,0,0,0,0,0,0,0,0,0,0,0,0,0,0,0,0,0,0,0,0,0,0,0,0,0,0,0,0,0,0,0,0,0,0,0,0,0,0,0,0,0,0,0,0,0,0,0,0,0,0,0,0,0,0,0,0,0,0,0,0,0,0,0,0,0,0,0,0,0,0,0,0,0,0,0,0,0,0,0,0,0,0,0,0,0,0,0,0,0,0},
{0,0,0,0,0,0,0,0,0,0,0,0,0,0,0,0,0,0,0,0,0,0,0,0,0,0,0,0,0,0,0,0,0,0,0,0,0,0,0,0,0,0,0,0,0,0,0,0,0,0,0,0,0,0,0,0,0,0,0,0,0,0,0,0,0,0,0,0,0,0,0,0,0,0,0,0,0,0,0,0,0,0,0,0,0,0,0,0,0,0,0,0,0,0,0,0},
{0,0,0,0,0,0,0,0,0,0,0,0,0,0,0,0,0,0,0,0,0,0,0,0,0,0,0,0,0,0,0,0,0,0,0,0,0,0,0,0,0,0,0,0,0,0,0,0,0,0,0,0,0,0,0,0,0,0,0,0,0,0,0,0,0,0,0,0,0,0,0,0,0,0,0,0,0,0,0,0,0,0,0,0,0,0,0,0,0,0,0,0,0,0,0,0},
{0,0,0,0,0,0,0,0,0,0,0,0,0,0,0,0,0,0,0,0,0,0,0,0,0,0,0,0,0,0,0,0,0,0,0,0,0,0,0,0,0,0,0,0,0,0,0,0,0,0,0,0,0,0,0,0,0,0,0,0,0,0,0,0,0,0,0,0,0,0,0,0,0,0,0,0,0,0,0,0,0,0,0,0,0,0,0,0,0,0,0,0,0,0,0,0},
{0,0,0,0,0,0,0,0,0,0,0,0,0,0,0,0,0,0,0,0,0,0,0,0,0,0,0,0,0,0,0,0,0,0,0,0,0,0,0,0,0,0,0,0,0,0,0,0,0,0,0,0,0,0,0,0,0,0,0,0,0,0,0,0,0,0,0,0,0,0,0,0,0,0,0,0,0,0,0,0,0,0,0,0,0,0,0,0,0,0,0,0,0,0,0,0},
{0,0,0,0,0,0,0,0,0,0,0,0,0,0,0,0,0,0,0,0,0,0,0,0,0,0,0,0,0,0,0,0,0,0,0,0,0,0,0,0,0,0,0,0,0,0,0,0,0,0,0,0,0,0,0,0,0,0,0,0,0,0,0,0,0,0,0,0,0,0,0,0,0,0,0,0,0,0,0,0,0,0,0,0,0,0,0,0,0,0,0,0,0,0,0,0},
{0,0,0,0,0,0,0,0,0,0,0,0,0,0,0,0,0,0,0,0,0,0,0,0,0,0,0,0,0,0,0,0,0,0,0,0,0,0,0,0,0,0,0,0,0,0,0,0,0,0,0,0,0,0,0,0,0,0,0,0,0,0,0,0,0,0,0,0,0,0,0,0,0,0,0,0,0,0,0,0,0,0,0,0,0,0,0,0,0,0,0,0,0,0,0,0},
{0,0,0,0,0,0,0,0,0,0,0,0,0,0,0,0,0,0,0,0,0,0,0,0,0,0,0,0,0,0,0,0,0,0,0,0,0,0,0,0,0,0,0,0,0,0,0,0,0,0,0,0,0,0,0,0,0,0,0,0,0,0,0,0,0,0,0,0,0,0,0,0,0,0,0,0,0,0,0,0,0,0,0,0,0,0,0,0,0,0,0,0,0,0,0,0},
{0,0,0,0,0,0,0,0,0,0,0,0,0,0,0,0,0,0,0,0,0,0,0,0,0,0,0,0,0,0,0,0,0,0,0,0,0,0,0,0,0,0,0,0,0,0,0,0,0,0,0,0,0,0,0,0,0,0,0,0,0,0,0,0,0,0,0,0,0,0,0,0,0,0,0,0,0,0,0,0,0,0,0,0,0,0,0,0,0,0,0,0,0,0,0,0},
{0,0,0,0,0,0,0,0,0,0,0,0,0,0,0,0,0,0,0,0,0,0,0,0,0,0,0,0,0,0,0,0,0,0,0,0,0,0,0,0,0,0,0,0,0,0,0,0,0,0,0,0,0,0,0,0,0,0,0,0,0,0,0,0,0,0,0,0,0,0,0,0,0,0,0,0,0,0,0,0,0,0,0,0,0,0,0,0,0,0,0,0,0,0,0,0},
{0,0,0,0,0,0,0,0,0,0,0,0,0,0,0,0,0,0,0,0,0,0,0,0,0,0,0,0,0,0,0,0,0,0,0,0,0,0,0,0,0,0,0,0,0,0,0,0,0,0,0,0,0,0,0,0,0,0,0,0,0,0,0,0,0,0,0,0,0,0,0,0,0,0,0,0,0,0,0,0,0,0,0,0,0,0,0,0,0,0,0,0,0,0,0,0},
{0,0,0,0,0,0,0,0,0,0,0,0,0,0,0,0,0,0,0,0,0,0,0,0,0,0,0,0,0,0,0,0,0,0,0,0,0,0,0,0,0,0,0,0,0,0,0,0,0,0,0,0,0,0,0,0,0,0,0,0,0,0,0,0,0,0,0,0,0,0,0,0,0,0,0,0,0,0,0,0,0,0,0,0,0,0,0,0,0,0,0,0,0,0,0,0},
{0,0,0,0,0,0,0,0,0,0,0,0,0,0,0,0,0,0,0,0,0,0,0,0,0,0,0,0,0,0,0,0,0,0,0,0,0,0,0,0,0,0,0,0,0,0,0,0,0,0,0,0,0,0,0,0,0,0,0,0,0,0,0,0,0,0,0,0,0,0,0,0,0,0,0,0,0,0,0,0,-0.0013382523*J1^3*J2^1+0.0050998264*J1^1*J2^3+0,0.0003132326*J1^2*J2^2+0.0018585132*J2^4+0,-0.0001670574*J1^3*J2^1+-0.0018167489*J1^2*J2^2+0.0047611350*J1^1*J2^3+-0.0006055830*J2^4+0,-0.0003496335*J1^3*J2^1+0.0012297454*J1^2*J2^2+-0.0010489005*J1^1*J2^3+0.0014226466*J2^4+0,0.0029443861*J1^2*J2^2+-0.0007726403*J2^4+0,0.0010730131*J1^3*J2^1+0.0001808449*J1^1*J2^3+0,-0.0003496335*J1^3*J2^1+0.0027488426*J1^2*J2^2+-0.0010489005*J1^1*J2^3+-0.0000964506*J2^4+0,0.0008213654*J1^3*J2^1+-0.0006055830*J1^2*J2^2+0.0007099938*J1^1*J2^3+-0.0002018610*J2^4+0,0,0,0,0,0,0,0,0},
{0,0,0,0,0,0,0,0,0,0,0,0,0,0,0,0,0,0,0,0,0,0,0,0,0,0,0,0,0,0,0,0,0,0,0,0,0,0,0,0,0,0,0,0,0,0,0,0,0,0,0,0,0,0,0,0,0,0,0,0,0,0,0,0,0,0,0,0,0,0,0,0,0,0,0,0,0,0,0,0,0.0003132326*J1^2*J2^2+0.0018585132*J2^4+0,-0.0013382523*J1^3*J2^1+-0.0003616898*J1^2*J2^2+0.0050998264*J1^1*J2^3+-0.0021460262*J2^4+0,-0.0003496335*J1^3*J2^1+0.0012297454*J1^2*J2^2+-0.0010489005*J1^1*J2^3+0.0014226466*J2^4+0,0.0002366646*J1^3*J2^1+-0.0032367365*J1^2*J2^2+0.0059723010*J1^1*J2^3+-0.0022483138*J2^4+0,0.0010730131*J1^3*J2^1+0.0001808449*J1^1*J2^3+0,-0.0012390088*J1^3*J2^1+0.0029443861*J1^2*J2^2+-0.0002088217*J1^1*J2^3+-0.0007726403*J2^4+0,0.0008213654*J1^3*J2^1+-0.0006055830*J1^2*J2^2+0.0007099938*J1^1*J2^3+-0.0002018610*J2^4+0,-0.0012980646*J1^3*J2^1+0.0034481096*J1^2*J2^2+-0.0018687307*J1^1*J2^3+0.0001366384*J2^4+0,0,0,0,0,0,0,0,0},
{0,0,0,0,0,0,0,0,0,0,0,0,0,0,0,0,0,0,0,0,0,0,0,0,0,0,0,0,0,0,0,0,0,0,0,0,0,0,0,0,0,0,0,0,0,0,0,0,0,0,0,0,0,0,0,0,0,0,0,0,0,0,0,0,0,0,0,0,0,0,0,0,0,0,0,0,0,0,0,0,-0.0001670574*J1^3*J2^1+-0.0018167489*J1^2*J2^2+0.0047611350*J1^1*J2^3+-0.0006055830*J2^4+0,-0.0003496335*J1^3*J2^1+0.0012297454*J1^2*J2^2+-0.0010489005*J1^1*J2^3+0.0014226466*J2^4+0,-0.0011453511*J1^3*J2^1+0.0020978009*J1^2*J2^2+-0.0003978588*J1^1*J2^3+0.0006992670*J2^4+0,0.0004037220*J1^3*J2^1+-0.0011067551*J1^2*J2^2+0.0012111659*J1^1*J2^3+0.0002157824*J2^4+0,-0.0003496335*J1^3*J2^1+0.0027488426*J1^2*J2^2+-0.0010489005*J1^1*J2^3+-0.0000964506*J2^4+0,0.0008213654*J1^3*J2^1+-0.0006055830*J1^2*J2^2+0.0007099938*J1^1*J2^3+-0.0002018610*J2^4+0,0.0004037220*J1^3*J2^1+-0.0002297039*J1^2*J2^2+0.0012111659*J1^1*J2^3+-0.0006612688*J2^4+0,0.0001245820*J1^3*J2^1+0.0006992670*J1^2*J2^2+-0.0006389853*J1^1*J2^3+0.0002330890*J2^4+0,0,0,0,0,0,0,0,0},
{0,0,0,0,0,0,0,0,0,0,0,0,0,0,0,0,0,0,0,0,0,0,0,0,0,0,0,0,0,0,0,0,0,0,0,0,0,0,0,0,0,0,0,0,0,0,0,0,0,0,0,0,0,0,0,0,0,0,0,0,0,0,0,0,0,0,0,0,0,0,0,0,0,0,0,0,0,0,0,0,-0.0003496335*J1^3*J2^1+0.0012297454*J1^2*J2^2+-0.0010489005*J1^1*J2^3+0.0014226466*J2^4+0,0.0002366646*J1^3*J2^1+-0.0032367365*J1^2*J2^2+0.0059723010*J1^1*J2^3+-0.0022483138*J2^4+0,0.0004037220*J1^3*J2^1+-0.0011067551*J1^2*J2^2+0.0012111659*J1^1*J2^3+0.0002157824*J2^4+0,-0.0016115291*J1^3*J2^1+0.0033757716*J1^2*J2^2+-0.0017963927*J1^1*J2^3+0.0004501029*J2^4+0,0.0008213654*J1^3*J2^1+-0.0006055830*J1^2*J2^2+0.0007099938*J1^1*J2^3+-0.0002018610*J2^4+0,-0.0012980646*J1^3*J2^1+0.0034481096*J1^2*J2^2+-0.0018687307*J1^1*J2^3+0.0001366384*J2^4+0,0.0001245820*J1^3*J2^1+0.0006992670*J1^2*J2^2+-0.0006389853*J1^1*J2^3+0.0002330890*J2^4+0,0.0002598670*J1^3*J2^1+-0.0010371478*J1^2*J2^2+0.0019490026*J1^1*J2^3+-0.0009304167*J2^4+0,0,0,0,0,0,0,0,0},
{0,0,0,0,0,0,0,0,0,0,0,0,0,0,0,0,0,0,0,0,0,0,0,0,0,0,0,0,0,0,0,0,0,0,0,0,0,0,0,0,0,0,0,0,0,0,0,0,0,0,0,0,0,0,0,0,0,0,0,0,0,0,0,0,0,0,0,0,0,0,0,0,0.0007726403*J1^3*J2^1+-0.0029443861*J1^1*J2^3+0,-0.0001808449*J1^2*J2^2+-0.0010730131*J2^4+0,0.0000964506*J1^3*J2^1+0.0010489005*J1^2*J2^2+-0.0027488426*J1^1*J2^3+0.0003496335*J2^4+0,0.0002018610*J1^3*J2^1+-0.0007099938*J1^2*J2^2+0.0006055830*J1^1*J2^3+-0.0008213654*J2^4+0,-0.0016999421*J1^2*J2^2+0.0004460841*J2^4+0,-0.0006195044*J1^3*J2^1+-0.0001044109*J1^1*J2^3+0,0.0002018610*J1^3*J2^1+-0.0015870450*J1^2*J2^2+0.0006055830*J1^1*J2^3+0.0000556858*J2^4+0,-0.0004742155*J1^3*J2^1+0.0003496335*J1^2*J2^2+-0.0004099151*J1^1*J2^3+0.0001165445*J2^4+0,0,0,0,0,0,0,0,0,-0.0010926784*J1^3*J2^1+0.0041639908*J1^1*J2^3+0,0.0002557533*J1^2*J2^2+0.0015174697*J2^4+0,-0.0001364018*J1^3*J2^1+-0.0014833693*J1^2*J2^2+0.0038874505*J1^1*J2^3+-0.0004944564*J2^4+0,-0.0002854745*J1^3*J2^1+0.0010040829*J1^2*J2^2+-0.0008564236*J1^1*J2^3+0.0011615861*J2^4+0,0.0024040812*J1^2*J2^2+-0.0006308582*J2^4+0,0.0008761115*J1^3*J2^1+0.0001476592*J1^1*J2^3+0,-0.0002854745*J1^3*J2^1+0.0022444206*J1^2*J2^2+-0.0008564236*J1^1*J2^3+-0.0000787516*J2^4+0,0.0006706420*J1^3*J2^1+-0.0004944564*J1^2*J2^2+0.0005797075*J1^1*J2^3+-0.0001648188*J2^4+0},
{0,0,0,0,0,0,0,0,0,0,0,0,0,0,0,0,0,0,0,0,0,0,0,0,0,0,0,0,0,0,0,0,0,0,0,0,0,0,0,0,0,0,0,0,0,0,0,0,0,0,0,0,0,0,0,0,0,0,0,0,0,0,0,0,0,0,0,0,0,0,0,0,-0.0001808449*J1^2*J2^2+-0.0010730131*J2^4+0,0.0007726403*J1^3*J2^1+0.0002088217*J1^2*J2^2+-0.0029443861*J1^1*J2^3+0.0012390088*J2^4+0,0.0002018610*J1^3*J2^1+-0.0007099938*J1^2*J2^2+0.0006055830*J1^1*J2^3+-0.0008213654*J2^4+0,-0.0001366384*J1^3*J2^1+0.0018687307*J1^2*J2^2+-0.0034481096*J1^1*J2^3+0.0012980646*J2^4+0,-0.0006195044*J1^3*J2^1+-0.0001044109*J1^1*J2^3+0,0.0007153421*J1^3*J2^1+-0.0016999421*J1^2*J2^2+0.0001205633*J1^1*J2^3+0.0004460841*J2^4+0,-0.0004742155*J1^3*J2^1+0.0003496335*J1^2*J2^2+-0.0004099151*J1^1*J2^3+0.0001165445*J2^4+0,0.0007494379*J1^3*J2^1+-0.0019907670*J1^2*J2^2+0.0010789122*J1^1*J2^3+-0.0000788882*J2^4+0,0,0,0,0,0,0,0,0,0.0002557533*J1^2*J2^2+0.0015174697*J2^4+0,-0.0010926784*J1^3*J2^1+-0.0002953185*J1^2*J2^2+0.0041639908*J1^1*J2^3+-0.0017522231*J2^4+0,-0.0002854745*J1^3*J2^1+0.0010040829*J1^2*J2^2+-0.0008564236*J1^1*J2^3+0.0011615861*J2^4+0,0.0001932358*J1^3*J2^1+-0.0026427843*J1^2*J2^2+0.0048763633*J1^1*J2^3+-0.0018357405*J2^4+0,0.0008761115*J1^3*J2^1+0.0001476592*J1^1*J2^3+0,-0.0010116465*J1^3*J2^1+0.0024040812*J1^2*J2^2+-0.0001705022*J1^1*J2^3+-0.0006308582*J2^4+0,0.0006706420*J1^3*J2^1+-0.0004944564*J1^2*J2^2+0.0005797075*J1^1*J2^3+-0.0001648188*J2^4+0,-0.0010598653*J1^3*J2^1+0.0028153697*J1^2*J2^2+-0.0015258122*J1^1*J2^3+0.0001115648*J2^4+0},
{0,0,0,0,0,0,0,0,0,0,0,0,0,0,0,0,0,0,0,0,0,0,0,0,0,0,0,0,0,0,0,0,0,0,0,0,0,0,0,0,0,0,0,0,0,0,0,0,0,0,0,0,0,0,0,0,0,0,0,0,0,0,0,0,0,0,0,0,0,0,0,0,0.0000964506*J1^3*J2^1+0.0010489005*J1^2*J2^2+-0.0027488426*J1^1*J2^3+0.0003496335*J2^4+0,0.0002018610*J1^3*J2^1+-0.0007099938*J1^2*J2^2+0.0006055830*J1^1*J2^3+-0.0008213654*J2^4+0,0.0006612688*J1^3*J2^1+-0.0012111659*J1^2*J2^2+0.0002297039*J1^1*J2^3+-0.0004037220*J2^4+0,-0.0002330890*J1^3*J2^1+0.0006389853*J1^2*J2^2+-0.0006992670*J1^1*J2^3+-0.0001245820*J2^4+0,0.0002018610*J1^3*J2^1+-0.0015870450*J1^2*J2^2+0.0006055830*J1^1*J2^3+0.0000556858*J2^4+0,-0.0004742155*J1^3*J2^1+0.0003496335*J1^2*J2^2+-0.0004099151*J1^1*J2^3+0.0001165445*J2^4+0,-0.0002330890*J1^3*J2^1+0.0001326196*J1^2*J2^2+-0.0006992670*J1^1*J2^3+0.0003817837*J2^4+0,-0.0000719275*J1^3*J2^1+-0.0004037220*J1^2*J2^2+0.0003689184*J1^1*J2^3+-0.0001345740*J2^4+0,0,0,0,0,0,0,0,0,-0.0001364018*J1^3*J2^1+-0.0014833693*J1^2*J2^2+0.0038874505*J1^1*J2^3+-0.0004944564*J2^4+0,-0.0002854745*J1^3*J2^1+0.0010040829*J1^2*J2^2+-0.0008564236*J1^1*J2^3+0.0011615861*J2^4+0,-0.0009351752*J1^3*J2^1+0.0017128473*J1^2*J2^2+-0.0003248503*J1^1*J2^3+0.0005709491*J2^4+0,0.0003296376*J1^3*J2^1+-0.0009036617*J1^2*J2^2+0.0009889128*J1^1*J2^3+0.0001761856*J2^4+0,-0.0002854745*J1^3*J2^1+0.0022444206*J1^2*J2^2+-0.0008564236*J1^1*J2^3+-0.0000787516*J2^4+0,0.0006706420*J1^3*J2^1+-0.0004944564*J1^2*J2^2+0.0005797075*J1^1*J2^3+-0.0001648188*J2^4+0,0.0003296376*J1^3*J2^1+-0.0001875524*J1^2*J2^2+0.0009889128*J1^1*J2^3+-0.0005399237*J2^4+0,0.0001017208*J1^3*J2^1+0.0005709491*J1^2*J2^2+-0.0005217293*J1^1*J2^3+0.0001903164*J2^4+0},
{0,0,0,0,0,0,0,0,0,0,0,0,0,0,0,0,0,0,0,0,0,0,0,0,0,0,0,0,0,0,0,0,0,0,0,0,0,0,0,0,0,0,0,0,0,0,0,0,0,0,0,0,0,0,0,0,0,0,0,0,0,0,0,0,0,0,0,0,0,0,0,0,0.0002018610*J1^3*J2^1+-0.0007099938*J1^2*J2^2+0.0006055830*J1^1*J2^3+-0.0008213654*J2^4+0,-0.0001366384*J1^3*J2^1+0.0018687307*J1^2*J2^2+-0.0034481096*J1^1*J2^3+0.0012980646*J2^4+0,-0.0002330890*J1^3*J2^1+0.0006389853*J1^2*J2^2+-0.0006992670*J1^1*J2^3+-0.0001245820*J2^4+0,0.0009304167*J1^3*J2^1+-0.0019490026*J1^2*J2^2+0.0010371478*J1^1*J2^3+-0.0002598670*J2^4+0,-0.0004742155*J1^3*J2^1+0.0003496335*J1^2*J2^2+-0.0004099151*J1^1*J2^3+0.0001165445*J2^4+0,0.0007494379*J1^3*J2^1+-0.0019907670*J1^2*J2^2+0.0010789122*J1^1*J2^3+-0.0000788882*J2^4+0,-0.0000719275*J1^3*J2^1+-0.0004037220*J1^2*J2^2+0.0003689184*J1^1*J2^3+-0.0001345740*J2^4+0,-0.0001500343*J1^3*J2^1+0.0005987976*J1^2*J2^2+-0.0011252572*J1^1*J2^3+0.0005371764*J2^4+0,0,0,0,0,0,0,0,0,-0.0002854745*J1^3*J2^1+0.0010040829*J1^2*J2^2+-0.0008564236*J1^1*J2^3+0.0011615861*J2^4+0,0.0001932358*J1^3*J2^1+-0.0026427843*J1^2*J2^2+0.0048763633*J1^1*J2^3+-0.0018357405*J2^4+0,0.0003296376*J1^3*J2^1+-0.0009036617*J1^2*J2^2+0.0009889128*J1^1*J2^3+0.0001761856*J2^4+0,-0.0013158080*J1^3*J2^1+0.0027563060*J1^2*J2^2+-0.0014667485*J1^1*J2^3+0.0003675075*J2^4+0,0.0006706420*J1^3*J2^1+-0.0004944564*J1^2*J2^2+0.0005797075*J1^1*J2^3+-0.0001648188*J2^4+0,-0.0010598653*J1^3*J2^1+0.0028153697*J1^2*J2^2+-0.0015258122*J1^1*J2^3+0.0001115648*J2^4+0,0.0001017208*J1^3*J2^1+0.0005709491*J1^2*J2^2+-0.0005217293*J1^1*J2^3+0.0001903164*J2^4+0,0.0002121805*J1^3*J2^1+-0.0008468277*J1^2*J2^2+0.0015913540*J1^1*J2^3+-0.0007596821*J2^4+0},
{0,0,0,0,0,0,0,0,0,0,0,0,0,0,0,0,0,0,0,0,0,0,0,0,0,0,0,0,0,0,0,0,0,0,0,0,0,0,0,0,0,0,0,0,0,0,0,0,0,0,0,0,0,0,0,0,0,0,0,0,0,0,0,0,0,0,0,0,0,0,0,0,0,0,0,0,0,0,0,0,-0.0050998264*J1^2*J2^2+0.0013382523*J2^4+0,-0.0018585132*J1^3*J2^1+-0.0003132326*J1^1*J2^3+0,0.0006055830*J1^3*J2^1+-0.0047611350*J1^2*J2^2+0.0018167489*J1^1*J2^3+0.0001670574*J2^4+0,-0.0014226466*J1^3*J2^1+0.0010489005*J1^2*J2^2+-0.0012297454*J1^1*J2^3+0.0003496335*J2^4+0,0.0007726403*J1^3*J2^1+-0.0029443861*J1^1*J2^3+0,-0.0001808449*J1^2*J2^2+-0.0010730131*J2^4+0,0.0000964506*J1^3*J2^1+0.0010489005*J1^2*J2^2+-0.0027488426*J1^1*J2^3+0.0003496335*J2^4+0,0.0002018610*J1^3*J2^1+-0.0007099938*J1^2*J2^2+0.0006055830*J1^1*J2^3+-0.0008213654*J2^4+0,0,0,0,0,0,0,0,0},
{0,0,0,0,0,0,0,0,0,0,0,0,0,0,0,0,0,0,0,0,0,0,0,0,0,0,0,0,0,0,0,0,0,0,0,0,0,0,0,0,0,0,0,0,0,0,0,0,0,0,0,0,0,0,0,0,0,0,0,0,0,0,0,0,0,0,0,0,0,0,0,0,0,0,0,0,0,0,0,0,-0.0018585132*J1^3*J2^1+-0.0003132326*J1^1*J2^3+0,0.0021460262*J1^3*J2^1+-0.0050998264*J1^2*J2^2+0.0003616898*J1^1*J2^3+0.0013382523*J2^4+0,-0.0014226466*J1^3*J2^1+0.0010489005*J1^2*J2^2+-0.0012297454*J1^1*J2^3+0.0003496335*J2^4+0,0.0022483138*J1^3*J2^1+-0.0059723010*J1^2*J2^2+0.0032367365*J1^1*J2^3+-0.0002366646*J2^4+0,-0.0001808449*J1^2*J2^2+-0.0010730131*J2^4+0,0.0007726403*J1^3*J2^1+0.0002088217*J1^2*J2^2+-0.0029443861*J1^1*J2^3+0.0012390088*J2^4+0,0.0002018610*J1^3*J2^1+-0.0007099938*J1^2*J2^2+0.0006055830*J1^1*J2^3+-0.0008213654*J2^4+0,-0.0001366384*J1^3*J2^1+0.0018687307*J1^2*J2^2+-0.0034481096*J1^1*J2^3+0.0012980646*J2^4+0,0,0,0,0,0,0,0,0},
{0,0,0,0,0,0,0,0,0,0,0,0,0,0,0,0,0,0,0,0,0,0,0,0,0,0,0,0,0,0,0,0,0,0,0,0,0,0,0,0,0,0,0,0,0,0,0,0,0,0,0,0,0,0,0,0,0,0,0,0,0,0,0,0,0,0,0,0,0,0,0,0,0,0,0,0,0,0,0,0,0.0006055830*J1^3*J2^1+-0.0047611350*J1^2*J2^2+0.0018167489*J1^1*J2^3+0.0001670574*J2^4+0,-0.0014226466*J1^3*J2^1+0.0010489005*J1^2*J2^2+-0.0012297454*J1^1*J2^3+0.0003496335*J2^4+0,-0.0006992670*J1^3*J2^1+0.0003978588*J1^2*J2^2+-0.0020978009*J1^1*J2^3+0.0011453511*J2^4+0,-0.0002157824*J1^3*J2^1+-0.0012111659*J1^2*J2^2+0.0011067551*J1^1*J2^3+-0.0004037220*J2^4+0,0.0000964506*J1^3*J2^1+0.0010489005*J1^2*J2^2+-0.0027488426*J1^1*J2^3+0.0003496335*J2^4+0,0.0002018610*J1^3*J2^1+-0.0007099938*J1^2*J2^2+0.0006055830*J1^1*J2^3+-0.0008213654*J2^4+0,0.0006612688*J1^3*J2^1+-0.0012111659*J1^2*J2^2+0.0002297039*J1^1*J2^3+-0.0004037220*J2^4+0,-0.0002330890*J1^3*J2^1+0.0006389853*J1^2*J2^2+-0.0006992670*J1^1*J2^3+-0.0001245820*J2^4+0,0,0,0,0,0,0,0,0},
{0,0,0,0,0,0,0,0,0,0,0,0,0,0,0,0,0,0,0,0,0,0,0,0,0,0,0,0,0,0,0,0,0,0,0,0,0,0,0,0,0,0,0,0,0,0,0,0,0,0,0,0,0,0,0,0,0,0,0,0,0,0,0,0,0,0,0,0,0,0,0,0,0,0,0,0,0,0,0,0,-0.0014226466*J1^3*J2^1+0.0010489005*J1^2*J2^2+-0.0012297454*J1^1*J2^3+0.0003496335*J2^4+0,0.0022483138*J1^3*J2^1+-0.0059723010*J1^2*J2^2+0.0032367365*J1^1*J2^3+-0.0002366646*J2^4+0,-0.0002157824*J1^3*J2^1+-0.0012111659*J1^2*J2^2+0.0011067551*J1^1*J2^3+-0.0004037220*J2^4+0,-0.0004501029*J1^3*J2^1+0.0017963927*J1^2*J2^2+-0.0033757716*J1^1*J2^3+0.0016115291*J2^4+0,0.0002018610*J1^3*J2^1+-0.0007099938*J1^2*J2^2+0.0006055830*J1^1*J2^3+-0.0008213654*J2^4+0,-0.0001366384*J1^3*J2^1+0.0018687307*J1^2*J2^2+-0.0034481096*J1^1*J2^3+0.0012980646*J2^4+0,-0.0002330890*J1^3*J2^1+0.0006389853*J1^2*J2^2+-0.0006992670*J1^1*J2^3+-0.0001245820*J2^4+0,0.0009304167*J1^3*J2^1+-0.0019490026*J1^2*J2^2+0.0010371478*J1^1*J2^3+-0.0002598670*J2^4+0,0,0,0,0,0,0,0,0},
{0,0,0,0,0,0,0,0,0,0,0,0,0,0,0,0,0,0,0,0,0,0,0,0,0,0,0,0,0,0,0,0,0,0,0,0,0,0,0,0,0,0,0,0,0,0,0,0,0,0,0,0,0,0,0,0,0,0,0,0,0,0,0,0,0,0,0,0,0,0,0,0,0.0029443861*J1^2*J2^2+-0.0007726403*J2^4+0,0.0010730131*J1^3*J2^1+0.0001808449*J1^1*J2^3+0,-0.0003496335*J1^3*J2^1+0.0027488426*J1^2*J2^2+-0.0010489005*J1^1*J2^3+-0.0000964506*J2^4+0,0.0008213654*J1^3*J2^1+-0.0006055830*J1^2*J2^2+0.0007099938*J1^1*J2^3+-0.0002018610*J2^4+0,-0.0004460841*J1^3*J2^1+0.0016999421*J1^1*J2^3+0,0.0001044109*J1^2*J2^2+0.0006195044*J2^4+0,-0.0000556858*J1^3*J2^1+-0.0006055830*J1^2*J2^2+0.0015870450*J1^1*J2^3+-0.0002018610*J2^4+0,-0.0001165445*J1^3*J2^1+0.0004099151*J1^2*J2^2+-0.0003496335*J1^1*J2^3+0.0004742155*J2^4+0,0,0,0,0,0,0,0,0,-0.0041639908*J1^2*J2^2+0.0010926784*J2^4+0,-0.0015174697*J1^3*J2^1+-0.0002557533*J1^1*J2^3+0,0.0004944564*J1^3*J2^1+-0.0038874505*J1^2*J2^2+0.0014833693*J1^1*J2^3+0.0001364018*J2^4+0,-0.0011615861*J1^3*J2^1+0.0008564236*J1^2*J2^2+-0.0010040829*J1^1*J2^3+0.0002854745*J2^4+0,0.0006308582*J1^3*J2^1+-0.0024040812*J1^1*J2^3+0,-0.0001476592*J1^2*J2^2+-0.0008761115*J2^4+0,0.0000787516*J1^3*J2^1+0.0008564236*J1^2*J2^2+-0.0022444206*J1^1*J2^3+0.0002854745*J2^4+0,0.0001648188*J1^3*J2^1+-0.0005797075*J1^2*J2^2+0.0004944564*J1^1*J2^3+-0.0006706420*J2^4+0},
{0,0,0,0,0,0,0,0,0,0,0,0,0,0,0,0,0,0,0,0,0,0,0,0,0,0,0,0,0,0,0,0,0,0,0,0,0,0,0,0,0,0,0,0,0,0,0,0,0,0,0,0,0,0,0,0,0,0,0,0,0,0,0,0,0,0,0,0,0,0,0,0,0.0010730131*J1^3*J2^1+0.0001808449*J1^1*J2^3+0,-0.0012390088*J1^3*J2^1+0.0029443861*J1^2*J2^2+-0.0002088217*J1^1*J2^3+-0.0007726403*J2^4+0,0.0008213654*J1^3*J2^1+-0.0006055830*J1^2*J2^2+0.0007099938*J1^1*J2^3+-0.0002018610*J2^4+0,-0.0012980646*J1^3*J2^1+0.0034481096*J1^2*J2^2+-0.0018687307*J1^1*J2^3+0.0001366384*J2^4+0,0.0001044109*J1^2*J2^2+0.0006195044*J2^4+0,-0.0004460841*J1^3*J2^1+-0.0001205633*J1^2*J2^2+0.0016999421*J1^1*J2^3+-0.0007153421*J2^4+0,-0.0001165445*J1^3*J2^1+0.0004099151*J1^2*J2^2+-0.0003496335*J1^1*J2^3+0.0004742155*J2^4+0,0.0000788882*J1^3*J2^1+-0.0010789122*J1^2*J2^2+0.0019907670*J1^1*J2^3+-0.0007494379*J2^4+0,0,0,0,0,0,0,0,0,-0.0015174697*J1^3*J2^1+-0.0002557533*J1^1*J2^3+0,0.0017522231*J1^3*J2^1+-0.0041639908*J1^2*J2^2+0.0002953185*J1^1*J2^3+0.0010926784*J2^4+0,-0.0011615861*J1^3*J2^1+0.0008564236*J1^2*J2^2+-0.0010040829*J1^1*J2^3+0.0002854745*J2^4+0,0.0018357405*J1^3*J2^1+-0.0048763633*J1^2*J2^2+0.0026427843*J1^1*J2^3+-0.0001932358*J2^4+0,-0.0001476592*J1^2*J2^2+-0.0008761115*J2^4+0,0.0006308582*J1^3*J2^1+0.0001705022*J1^2*J2^2+-0.0024040812*J1^1*J2^3+0.0010116465*J2^4+0,0.0001648188*J1^3*J2^1+-0.0005797075*J1^2*J2^2+0.0004944564*J1^1*J2^3+-0.0006706420*J2^4+0,-0.0001115648*J1^3*J2^1+0.0015258122*J1^2*J2^2+-0.0028153697*J1^1*J2^3+0.0010598653*J2^4+0},
{0,0,0,0,0,0,0,0,0,0,0,0,0,0,0,0,0,0,0,0,0,0,0,0,0,0,0,0,0,0,0,0,0,0,0,0,0,0,0,0,0,0,0,0,0,0,0,0,0,0,0,0,0,0,0,0,0,0,0,0,0,0,0,0,0,0,0,0,0,0,0,0,-0.0003496335*J1^3*J2^1+0.0027488426*J1^2*J2^2+-0.0010489005*J1^1*J2^3+-0.0000964506*J2^4+0,0.0008213654*J1^3*J2^1+-0.0006055830*J1^2*J2^2+0.0007099938*J1^1*J2^3+-0.0002018610*J2^4+0,0.0004037220*J1^3*J2^1+-0.0002297039*J1^2*J2^2+0.0012111659*J1^1*J2^3+-0.0006612688*J2^4+0,0.0001245820*J1^3*J2^1+0.0006992670*J1^2*J2^2+-0.0006389853*J1^1*J2^3+0.0002330890*J2^4+0,-0.0000556858*J1^3*J2^1+-0.0006055830*J1^2*J2^2+0.0015870450*J1^1*J2^3+-0.0002018610*J2^4+0,-0.0001165445*J1^3*J2^1+0.0004099151*J1^2*J2^2+-0.0003496335*J1^1*J2^3+0.0004742155*J2^4+0,-0.0003817837*J1^3*J2^1+0.0006992670*J1^2*J2^2+-0.0001326196*J1^1*J2^3+0.0002330890*J2^4+0,0.0001345740*J1^3*J2^1+-0.0003689184*J1^2*J2^2+0.0004037220*J1^1*J2^3+0.0000719275*J2^4+0,0,0,0,0,0,0,0,0,0.0004944564*J1^3*J2^1+-0.0038874505*J1^2*J2^2+0.0014833693*J1^1*J2^3+0.0001364018*J2^4+0,-0.0011615861*J1^3*J2^1+0.0008564236*J1^2*J2^2+-0.0010040829*J1^1*J2^3+0.0002854745*J2^4+0,-0.0005709491*J1^3*J2^1+0.0003248503*J1^2*J2^2+-0.0017128473*J1^1*J2^3+0.0009351752*J2^4+0,-0.0001761856*J1^3*J2^1+-0.0009889128*J1^2*J2^2+0.0009036617*J1^1*J2^3+-0.0003296376*J2^4+0,0.0000787516*J1^3*J2^1+0.0008564236*J1^2*J2^2+-0.0022444206*J1^1*J2^3+0.0002854745*J2^4+0,0.0001648188*J1^3*J2^1+-0.0005797075*J1^2*J2^2+0.0004944564*J1^1*J2^3+-0.0006706420*J2^4+0,0.0005399237*J1^3*J2^1+-0.0009889128*J1^2*J2^2+0.0001875524*J1^1*J2^3+-0.0003296376*J2^4+0,-0.0001903164*J1^3*J2^1+0.0005217293*J1^2*J2^2+-0.0005709491*J1^1*J2^3+-0.0001017208*J2^4+0},
{0,0,0,0,0,0,0,0,0,0,0,0,0,0,0,0,0,0,0,0,0,0,0,0,0,0,0,0,0,0,0,0,0,0,0,0,0,0,0,0,0,0,0,0,0,0,0,0,0,0,0,0,0,0,0,0,0,0,0,0,0,0,0,0,0,0,0,0,0,0,0,0,0.0008213654*J1^3*J2^1+-0.0006055830*J1^2*J2^2+0.0007099938*J1^1*J2^3+-0.0002018610*J2^4+0,-0.0012980646*J1^3*J2^1+0.0034481096*J1^2*J2^2+-0.0018687307*J1^1*J2^3+0.0001366384*J2^4+0,0.0001245820*J1^3*J2^1+0.0006992670*J1^2*J2^2+-0.0006389853*J1^1*J2^3+0.0002330890*J2^4+0,0.0002598670*J1^3*J2^1+-0.0010371478*J1^2*J2^2+0.0019490026*J1^1*J2^3+-0.0009304167*J2^4+0,-0.0001165445*J1^3*J2^1+0.0004099151*J1^2*J2^2+-0.0003496335*J1^1*J2^3+0.0004742155*J2^4+0,0.0000788882*J1^3*J2^1+-0.0010789122*J1^2*J2^2+0.0019907670*J1^1*J2^3+-0.0007494379*J2^4+0,0.0001345740*J1^3*J2^1+-0.0003689184*J1^2*J2^2+0.0004037220*J1^1*J2^3+0.0000719275*J2^4+0,-0.0005371764*J1^3*J2^1+0.0011252572*J1^2*J2^2+-0.0005987976*J1^1*J2^3+0.0001500343*J2^4+0,0,0,0,0,0,0,0,0,-0.0011615861*J1^3*J2^1+0.0008564236*J1^2*J2^2+-0.0010040829*J1^1*J2^3+0.0002854745*J2^4+0,0.0018357405*J1^3*J2^1+-0.0048763633*J1^2*J2^2+0.0026427843*J1^1*J2^3+-0.0001932358*J2^4+0,-0.0001761856*J1^3*J2^1+-0.0009889128*J1^2*J2^2+0.0009036617*J1^1*J2^3+-0.0003296376*J2^4+0,-0.0003675075*J1^3*J2^1+0.0014667485*J1^2*J2^2+-0.0027563060*J1^1*J2^3+0.0013158080*J2^4+0,0.0001648188*J1^3*J2^1+-0.0005797075*J1^2*J2^2+0.0004944564*J1^1*J2^3+-0.0006706420*J2^4+0,-0.0001115648*J1^3*J2^1+0.0015258122*J1^2*J2^2+-0.0028153697*J1^1*J2^3+0.0010598653*J2^4+0,-0.0001903164*J1^3*J2^1+0.0005217293*J1^2*J2^2+-0.0005709491*J1^1*J2^3+-0.0001017208*J2^4+0,0.0007596821*J1^3*J2^1+-0.0015913540*J1^2*J2^2+0.0008468277*J1^1*J2^3+-0.0002121805*J2^4+0},
{0,0,0,0,0,0,0,0,0,0,0,0,0,0,0,0,0,0,0,0,0,0,0,0,0,0,0,0,0,0,0,0,0,0,0,0,0,0,0,0,0,0,0,0,0,0,0,0,0,0,0,0,0,0,0,0,0,0,0,0,0,0,0,0,0,0,0,0,0,0,0,0,0,0,0,0,0,0,0,0,0,0,0,0,-0.0010926784*J1^3*J2^1+-0.0041639908*J1^2*J2^2+0.0041639908*J1^1*J2^3+0.0010926784*J2^4+0,-0.0015174697*J1^3*J2^1+0.0002557533*J1^2*J2^2+-0.0002557533*J1^1*J2^3+0.0015174697*J2^4+0,0.0003580546*J1^3*J2^1+-0.0053708197*J1^2*J2^2+0.0053708197*J1^1*J2^3+-0.0003580546*J2^4+0,-0.0014470606*J1^3*J2^1+0.0018605065*J1^2*J2^2+-0.0018605065*J1^1*J2^3+0.0014470606*J2^4+0,0,0,0,0,0,0,0,0},
{0,0,0,0,0,0,0,0,0,0,0,0,0,0,0,0,0,0,0,0,0,0,0,0,0,0,0,0,0,0,0,0,0,0,0,0,0,0,0,0,0,0,0,0,0,0,0,0,0,0,0,0,0,0,0,0,0,0,0,0,0,0,0,0,0,0,0,0,0,0,0,0,0,0,0,0,0,0,0,0,0,0,0,0,-0.0015174697*J1^3*J2^1+0.0002557533*J1^2*J2^2+-0.0002557533*J1^1*J2^3+0.0015174697*J2^4+0,0.0006595446*J1^3*J2^1+-0.0044593093*J1^2*J2^2+0.0044593093*J1^1*J2^3+-0.0006595446*J2^4+0,-0.0014470606*J1^3*J2^1+0.0018605065*J1^2*J2^2+-0.0018605065*J1^1*J2^3+0.0014470606*J2^4+0,0.0020289763*J1^3*J2^1+-0.0075191476*J1^2*J2^2+0.0075191476*J1^1*J2^3+-0.0020289763*J2^4+0,0,0,0,0,0,0,0,0},
{0,0,0,0,0,0,0,0,0,0,0,0,0,0,0,0,0,0,0,0,0,0,0,0,0,0,0,0,0,0,0,0,0,0,0,0,0,0,0,0,0,0,0,0,0,0,0,0,0,0,0,0,0,0,0,0,0,0,0,0,0,0,0,0,0,0,0,0,0,0,0,0,0,0,0,0,0,0,0,0,0,0,0,0,0.0003580546*J1^3*J2^1+-0.0053708197*J1^2*J2^2+0.0053708197*J1^1*J2^3+-0.0003580546*J2^4+0,-0.0014470606*J1^3*J2^1+0.0018605065*J1^2*J2^2+-0.0018605065*J1^1*J2^3+0.0014470606*J2^4+0,-0.0015061243*J1^3*J2^1+0.0020376976*J1^2*J2^2+-0.0020376976*J1^1*J2^3+0.0015061243*J2^4+0,0.0001534520*J1^3*J2^1+-0.0018925746*J1^2*J2^2+0.0018925746*J1^1*J2^3+-0.0001534520*J2^4+0,0,0,0,0,0,0,0,0},
{0,0,0,0,0,0,0,0,0,0,0,0,0,0,0,0,0,0,0,0,0,0,0,0,0,0,0,0,0,0,0,0,0,0,0,0,0,0,0,0,0,0,0,0,0,0,0,0,0,0,0,0,0,0,0,0,0,0,0,0,0,0,0,0,0,0,0,0,0,0,0,0,0,0,0,0,0,0,0,0,0,0,0,0,-0.0014470606*J1^3*J2^1+0.0018605065*J1^2*J2^2+-0.0018605065*J1^1*J2^3+0.0014470606*J2^4+0,0.0020289763*J1^3*J2^1+-0.0075191476*J1^2*J2^2+0.0075191476*J1^1*J2^3+-0.0020289763*J2^4+0,0.0001534520*J1^3*J2^1+-0.0018925746*J1^2*J2^2+0.0018925746*J1^1*J2^3+-0.0001534520*J2^4+0,-0.0016833154*J1^3*J2^1+0.0042230545*J1^2*J2^2+-0.0042230545*J1^1*J2^3+0.0016833154*J2^4+0,0,0,0,0,0,0,0,0},
{0,0,0,0,0,0,0,0,0,0,0,0,0,0,0,0,0,0,0,0,0,0,0,0,0,0,0,0,0,0,0,0,0,0,0,0,0,0,0,0,0,0,0,0,0,0,0,0,0,0,0,0,0,0,0,0,0,0,0,0,0,0,0,0,0,0,0,0,0,0,0,0,0,0,0,0,0.0006308582*J1^3*J2^1+0.0024040812*J1^2*J2^2+-0.0024040812*J1^1*J2^3+-0.0006308582*J2^4+0,0.0008761115*J1^3*J2^1+-0.0001476592*J1^2*J2^2+0.0001476592*J1^1*J2^3+-0.0008761115*J2^4+0,-0.0002067229*J1^3*J2^1+0.0031008442*J1^2*J2^2+-0.0031008442*J1^1*J2^3+0.0002067229*J2^4+0,0.0008354608*J1^3*J2^1+-0.0010741639*J1^2*J2^2+0.0010741639*J1^1*J2^3+-0.0008354608*J2^4+0,0,0,0,0,0,0,0,0,0,0,0,0,-0.0008921682*J1^3*J2^1+-0.0033998843*J1^2*J2^2+0.0033998843*J1^1*J2^3+0.0008921682*J2^4+0,-0.0012390088*J1^3*J2^1+0.0002088217*J1^2*J2^2+-0.0002088217*J1^1*J2^3+0.0012390088*J2^4+0,0.0002923504*J1^3*J2^1+-0.0043852560*J1^2*J2^2+0.0043852560*J1^1*J2^3+-0.0002923504*J2^4+0,-0.0011815201*J1^3*J2^1+0.0015190972*J1^2*J2^2+-0.0015190972*J1^1*J2^3+0.0011815201*J2^4+0},
{0,0,0,0,0,0,0,0,0,0,0,0,0,0,0,0,0,0,0,0,0,0,0,0,0,0,0,0,0,0,0,0,0,0,0,0,0,0,0,0,0,0,0,0,0,0,0,0,0,0,0,0,0,0,0,0,0,0,0,0,0,0,0,0,0,0,0,0,0,0,0,0,0,0,0,0,0.0008761115*J1^3*J2^1+-0.0001476592*J1^2*J2^2+0.0001476592*J1^1*J2^3+-0.0008761115*J2^4+0,-0.0003807883*J1^3*J2^1+0.0025745834*J1^2*J2^2+-0.0025745834*J1^1*J2^3+0.0003807883*J2^4+0,0.0008354608*J1^3*J2^1+-0.0010741639*J1^2*J2^2+0.0010741639*J1^1*J2^3+-0.0008354608*J2^4+0,-0.0011714300*J1^3*J2^1+0.0043411819*J1^2*J2^2+-0.0043411819*J1^1*J2^3+0.0011714300*J2^4+0,0,0,0,0,0,0,0,0,0,0,0,0,-0.0012390088*J1^3*J2^1+0.0002088217*J1^2*J2^2+-0.0002088217*J1^1*J2^3+0.0012390088*J2^4+0,0.0005385159*J1^3*J2^1+-0.0036410108*J1^2*J2^2+0.0036410108*J1^1*J2^3+-0.0005385159*J2^4+0,-0.0011815201*J1^3*J2^1+0.0015190972*J1^2*J2^2+-0.0015190972*J1^1*J2^3+0.0011815201*J2^4+0,0.0016566522*J1^3*J2^1+-0.0061393583*J1^2*J2^2+0.0061393583*J1^1*J2^3+-0.0016566522*J2^4+0},
{0,0,0,0,0,0,0,0,0,0,0,0,0,0,0,0,0,0,0,0,0,0,0,0,0,0,0,0,0,0,0,0,0,0,0,0,0,0,0,0,0,0,0,0,0,0,0,0,0,0,0,0,0,0,0,0,0,0,0,0,0,0,0,0,0,0,0,0,0,0,0,0,0,0,0,0,-0.0002067229*J1^3*J2^1+0.0031008442*J1^2*J2^2+-0.0031008442*J1^1*J2^3+0.0002067229*J2^4+0,0.0008354608*J1^3*J2^1+-0.0010741639*J1^2*J2^2+0.0010741639*J1^1*J2^3+-0.0008354608*J2^4+0,0.0008695613*J1^3*J2^1+-0.0011764653*J1^2*J2^2+0.0011764653*J1^1*J2^3+-0.0008695613*J2^4+0,-0.0000885955*J1^3*J2^1+0.0010926784*J1^2*J2^2+-0.0010926784*J1^1*J2^3+0.0000885955*J2^4+0,0,0,0,0,0,0,0,0,0,0,0,0,0.0002923504*J1^3*J2^1+-0.0043852560*J1^2*J2^2+0.0043852560*J1^1*J2^3+-0.0002923504*J2^4+0,-0.0011815201*J1^3*J2^1+0.0015190972*J1^2*J2^2+-0.0015190972*J1^1*J2^3+0.0011815201*J2^4+0,-0.0012297454*J1^3*J2^1+0.0016637731*J1^2*J2^2+-0.0016637731*J1^1*J2^3+0.0012297454*J2^4+0,0.0001252930*J1^3*J2^1+-0.0015452807*J1^2*J2^2+0.0015452807*J1^1*J2^3+-0.0001252930*J2^4+0},
{0,0,0,0,0,0,0,0,0,0,0,0,0,0,0,0,0,0,0,0,0,0,0,0,0,0,0,0,0,0,0,0,0,0,0,0,0,0,0,0,0,0,0,0,0,0,0,0,0,0,0,0,0,0,0,0,0,0,0,0,0,0,0,0,0,0,0,0,0,0,0,0,0,0,0,0,0.0008354608*J1^3*J2^1+-0.0010741639*J1^2*J2^2+0.0010741639*J1^1*J2^3+-0.0008354608*J2^4+0,-0.0011714300*J1^3*J2^1+0.0043411819*J1^2*J2^2+-0.0043411819*J1^1*J2^3+0.0011714300*J2^4+0,-0.0000885955*J1^3*J2^1+0.0010926784*J1^2*J2^2+-0.0010926784*J1^1*J2^3+0.0000885955*J2^4+0,0.0009718626*J1^3*J2^1+-0.0024381817*J1^2*J2^2+0.0024381817*J1^1*J2^3+-0.0009718626*J2^4+0,0,0,0,0,0,0,0,0,0,0,0,0,-0.0011815201*J1^3*J2^1+0.0015190972*J1^2*J2^2+-0.0015190972*J1^1*J2^3+0.0011815201*J2^4+0,0.0016566522*J1^3*J2^1+-0.0061393583*J1^2*J2^2+0.0061393583*J1^1*J2^3+-0.0016566522*J2^4+0,0.0001252930*J1^3*J2^1+-0.0015452807*J1^2*J2^2+0.0015452807*J1^1*J2^3+-0.0001252930*J2^4+0,-0.0013744213*J1^3*J2^1+0.0034481096*J1^2*J2^2+-0.0034481096*J1^1*J2^3+0.0013744213*J2^4+0},
{0,0,0,0,0,0,0,0,0,0,0,0,0,0,0,0,0,0,0,0,0,0,0,0,0,0,0,0,0,0,0,0,0,0,0,0,0,0,0,0,0,0,0,0,0,0,0,0,0,0,0,0,0.0007726403*J1^3*J2^1+-0.0029443861*J1^1*J2^3+0,-0.0001808449*J1^2*J2^2+-0.0010730131*J2^4+0,0.0000964506*J1^3*J2^1+0.0010489005*J1^2*J2^2+-0.0027488426*J1^1*J2^3+0.0003496335*J2^4+0,0.0002018610*J1^3*J2^1+-0.0007099938*J1^2*J2^2+0.0006055830*J1^1*J2^3+-0.0008213654*J2^4+0,0,0,0,0,0.0029443861*J1^2*J2^2+-0.0007726403*J2^4+0,0.0010730131*J1^3*J2^1+0.0001808449*J1^1*J2^3+0,-0.0003496335*J1^3*J2^1+0.0027488426*J1^2*J2^2+-0.0010489005*J1^1*J2^3+-0.0000964506*J2^4+0,0.0008213654*J1^3*J2^1+-0.0006055830*J1^2*J2^2+0.0007099938*J1^1*J2^3+-0.0002018610*J2^4+0,0,0,0,0,0,0,0,0,0,0,0,0,0,0,0,0,0,0,0,0,0,0,0,0,0,0,0,0,0,0,0,0},
{0,0,0,0,0,0,0,0,0,0,0,0,0,0,0,0,0,0,0,0,0,0,0,0,0,0,0,0,0,0,0,0,0,0,0,0,0,0,0,0,0,0,0,0,0,0,0,0,0,0,0,0,-0.0001808449*J1^2*J2^2+-0.0010730131*J2^4+0,0.0007726403*J1^3*J2^1+0.0002088217*J1^2*J2^2+-0.0029443861*J1^1*J2^3+0.0012390088*J2^4+0,0.0002018610*J1^3*J2^1+-0.0007099938*J1^2*J2^2+0.0006055830*J1^1*J2^3+-0.0008213654*J2^4+0,-0.0001366384*J1^3*J2^1+0.0018687307*J1^2*J2^2+-0.0034481096*J1^1*J2^3+0.0012980646*J2^4+0,0,0,0,0,0.0010730131*J1^3*J2^1+0.0001808449*J1^1*J2^3+0,-0.0012390088*J1^3*J2^1+0.0029443861*J1^2*J2^2+-0.0002088217*J1^1*J2^3+-0.0007726403*J2^4+0,0.0008213654*J1^3*J2^1+-0.0006055830*J1^2*J2^2+0.0007099938*J1^1*J2^3+-0.0002018610*J2^4+0,-0.0012980646*J1^3*J2^1+0.0034481096*J1^2*J2^2+-0.0018687307*J1^1*J2^3+0.0001366384*J2^4+0,0,0,0,0,0,0,0,0,0,0,0,0,0,0,0,0,0,0,0,0,0,0,0,0,0,0,0,0,0,0,0,0},
{0,0,0,0,0,0,0,0,0,0,0,0,0,0,0,0,0,0,0,0,0,0,0,0,0,0,0,0,0,0,0,0,0,0,0,0,0,0,0,0,0,0,0,0,0,0,0,0,0,0,0,0,0.0000964506*J1^3*J2^1+0.0010489005*J1^2*J2^2+-0.0027488426*J1^1*J2^3+0.0003496335*J2^4+0,0.0002018610*J1^3*J2^1+-0.0007099938*J1^2*J2^2+0.0006055830*J1^1*J2^3+-0.0008213654*J2^4+0,0.0006612688*J1^3*J2^1+-0.0012111659*J1^2*J2^2+0.0002297039*J1^1*J2^3+-0.0004037220*J2^4+0,-0.0002330890*J1^3*J2^1+0.0006389853*J1^2*J2^2+-0.0006992670*J1^1*J2^3+-0.0001245820*J2^4+0,0,0,0,0,-0.0003496335*J1^3*J2^1+0.0027488426*J1^2*J2^2+-0.0010489005*J1^1*J2^3+-0.0000964506*J2^4+0,0.0008213654*J1^3*J2^1+-0.0006055830*J1^2*J2^2+0.0007099938*J1^1*J2^3+-0.0002018610*J2^4+0,0.0004037220*J1^3*J2^1+-0.0002297039*J1^2*J2^2+0.0012111659*J1^1*J2^3+-0.0006612688*J2^4+0,0.0001245820*J1^3*J2^1+0.0006992670*J1^2*J2^2+-0.0006389853*J1^1*J2^3+0.0002330890*J2^4+0,0,0,0,0,0,0,0,0,0,0,0,0,0,0,0,0,0,0,0,0,0,0,0,0,0,0,0,0,0,0,0,0},
{0,0,0,0,0,0,0,0,0,0,0,0,0,0,0,0,0,0,0,0,0,0,0,0,0,0,0,0,0,0,0,0,0,0,0,0,0,0,0,0,0,0,0,0,0,0,0,0,0,0,0,0,0.0002018610*J1^3*J2^1+-0.0007099938*J1^2*J2^2+0.0006055830*J1^1*J2^3+-0.0008213654*J2^4+0,-0.0001366384*J1^3*J2^1+0.0018687307*J1^2*J2^2+-0.0034481096*J1^1*J2^3+0.0012980646*J2^4+0,-0.0002330890*J1^3*J2^1+0.0006389853*J1^2*J2^2+-0.0006992670*J1^1*J2^3+-0.0001245820*J2^4+0,0.0009304167*J1^3*J2^1+-0.0019490026*J1^2*J2^2+0.0010371478*J1^1*J2^3+-0.0002598670*J2^4+0,0,0,0,0,0.0008213654*J1^3*J2^1+-0.0006055830*J1^2*J2^2+0.0007099938*J1^1*J2^3+-0.0002018610*J2^4+0,-0.0012980646*J1^3*J2^1+0.0034481096*J1^2*J2^2+-0.0018687307*J1^1*J2^3+0.0001366384*J2^4+0,0.0001245820*J1^3*J2^1+0.0006992670*J1^2*J2^2+-0.0006389853*J1^1*J2^3+0.0002330890*J2^4+0,0.0002598670*J1^3*J2^1+-0.0010371478*J1^2*J2^2+0.0019490026*J1^1*J2^3+-0.0009304167*J2^4+0,0,0,0,0,0,0,0,0,0,0,0,0,0,0,0,0,0,0,0,0,0,0,0,0,0,0,0,0,0,0,0,0},
{0,0,0,0,0,0,0,0,0,0,0,0,0,0,0,0,0,0,0,0,0,0,0,0,0,0,0,0,0,0,0,0,0,0,0,0,0,0,0,0,0,0,0,0,0,0,0,0,0,0,0,0,-0.0016999421*J1^2*J2^2+0.0004460841*J2^4+0,-0.0006195044*J1^3*J2^1+-0.0001044109*J1^1*J2^3+0,0.0002018610*J1^3*J2^1+-0.0015870450*J1^2*J2^2+0.0006055830*J1^1*J2^3+0.0000556858*J2^4+0,-0.0004742155*J1^3*J2^1+0.0003496335*J1^2*J2^2+-0.0004099151*J1^1*J2^3+0.0001165445*J2^4+0,0,0,0,0,-0.0004460841*J1^3*J2^1+0.0016999421*J1^1*J2^3+0,0.0001044109*J1^2*J2^2+0.0006195044*J2^4+0,-0.0000556858*J1^3*J2^1+-0.0006055830*J1^2*J2^2+0.0015870450*J1^1*J2^3+-0.0002018610*J2^4+0,-0.0001165445*J1^3*J2^1+0.0004099151*J1^2*J2^2+-0.0003496335*J1^1*J2^3+0.0004742155*J2^4+0,0,0,0,0,0.0006308582*J1^3*J2^1+0.0024040812*J1^2*J2^2+-0.0024040812*J1^1*J2^3+-0.0006308582*J2^4+0,0.0008761115*J1^3*J2^1+-0.0001476592*J1^2*J2^2+0.0001476592*J1^1*J2^3+-0.0008761115*J2^4+0,-0.0002067229*J1^3*J2^1+0.0031008442*J1^2*J2^2+-0.0031008442*J1^1*J2^3+0.0002067229*J2^4+0,0.0008354608*J1^3*J2^1+-0.0010741639*J1^2*J2^2+0.0010741639*J1^1*J2^3+-0.0008354608*J2^4+0,0,0,0,0,0,0,0,0,0,0,0,0,0,0,0,0,0,0,0,0,0,0,0,0},
{0,0,0,0,0,0,0,0,0,0,0,0,0,0,0,0,0,0,0,0,0,0,0,0,0,0,0,0,0,0,0,0,0,0,0,0,0,0,0,0,0,0,0,0,0,0,0,0,0,0,0,0,-0.0006195044*J1^3*J2^1+-0.0001044109*J1^1*J2^3+0,0.0007153421*J1^3*J2^1+-0.0016999421*J1^2*J2^2+0.0001205633*J1^1*J2^3+0.0004460841*J2^4+0,-0.0004742155*J1^3*J2^1+0.0003496335*J1^2*J2^2+-0.0004099151*J1^1*J2^3+0.0001165445*J2^4+0,0.0007494379*J1^3*J2^1+-0.0019907670*J1^2*J2^2+0.0010789122*J1^1*J2^3+-0.0000788882*J2^4+0,0,0,0,0,0.0001044109*J1^2*J2^2+0.0006195044*J2^4+0,-0.0004460841*J1^3*J2^1+-0.0001205633*J1^2*J2^2+0.0016999421*J1^1*J2^3+-0.0007153421*J2^4+0,-0.0001165445*J1^3*J2^1+0.0004099151*J1^2*J2^2+-0.0003496335*J1^1*J2^3+0.0004742155*J2^4+0,0.0000788882*J1^3*J2^1+-0.0010789122*J1^2*J2^2+0.0019907670*J1^1*J2^3+-0.0007494379*J2^4+0,0,0,0,0,0.0008761115*J1^3*J2^1+-0.0001476592*J1^2*J2^2+0.0001476592*J1^1*J2^3+-0.0008761115*J2^4+0,-0.0003807883*J1^3*J2^1+0.0025745834*J1^2*J2^2+-0.0025745834*J1^1*J2^3+0.0003807883*J2^4+0,0.0008354608*J1^3*J2^1+-0.0010741639*J1^2*J2^2+0.0010741639*J1^1*J2^3+-0.0008354608*J2^4+0,-0.0011714300*J1^3*J2^1+0.0043411819*J1^2*J2^2+-0.0043411819*J1^1*J2^3+0.0011714300*J2^4+0,0,0,0,0,0,0,0,0,0,0,0,0,0,0,0,0,0,0,0,0,0,0,0,0},
{0,0,0,0,0,0,0,0,0,0,0,0,0,0,0,0,0,0,0,0,0,0,0,0,0,0,0,0,0,0,0,0,0,0,0,0,0,0,0,0,0,0,0,0,0,0,0,0,0,0,0,0,0.0002018610*J1^3*J2^1+-0.0015870450*J1^2*J2^2+0.0006055830*J1^1*J2^3+0.0000556858*J2^4+0,-0.0004742155*J1^3*J2^1+0.0003496335*J1^2*J2^2+-0.0004099151*J1^1*J2^3+0.0001165445*J2^4+0,-0.0002330890*J1^3*J2^1+0.0001326196*J1^2*J2^2+-0.0006992670*J1^1*J2^3+0.0003817837*J2^4+0,-0.0000719275*J1^3*J2^1+-0.0004037220*J1^2*J2^2+0.0003689184*J1^1*J2^3+-0.0001345740*J2^4+0,0,0,0,0,-0.0000556858*J1^3*J2^1+-0.0006055830*J1^2*J2^2+0.0015870450*J1^1*J2^3+-0.0002018610*J2^4+0,-0.0001165445*J1^3*J2^1+0.0004099151*J1^2*J2^2+-0.0003496335*J1^1*J2^3+0.0004742155*J2^4+0,-0.0003817837*J1^3*J2^1+0.0006992670*J1^2*J2^2+-0.0001326196*J1^1*J2^3+0.0002330890*J2^4+0,0.0001345740*J1^3*J2^1+-0.0003689184*J1^2*J2^2+0.0004037220*J1^1*J2^3+0.0000719275*J2^4+0,0,0,0,0,-0.0002067229*J1^3*J2^1+0.0031008442*J1^2*J2^2+-0.0031008442*J1^1*J2^3+0.0002067229*J2^4+0,0.0008354608*J1^3*J2^1+-0.0010741639*J1^2*J2^2+0.0010741639*J1^1*J2^3+-0.0008354608*J2^4+0,0.0008695613*J1^3*J2^1+-0.0011764653*J1^2*J2^2+0.0011764653*J1^1*J2^3+-0.0008695613*J2^4+0,-0.0000885955*J1^3*J2^1+0.0010926784*J1^2*J2^2+-0.0010926784*J1^1*J2^3+0.0000885955*J2^4+0,0,0,0,0,0,0,0,0,0,0,0,0,0,0,0,0,0,0,0,0,0,0,0,0},
{0,0,0,0,0,0,0,0,0,0,0,0,0,0,0,0,0,0,0,0,0,0,0,0,0,0,0,0,0,0,0,0,0,0,0,0,0,0,0,0,0,0,0,0,0,0,0,0,0,0,0,0,-0.0004742155*J1^3*J2^1+0.0003496335*J1^2*J2^2+-0.0004099151*J1^1*J2^3+0.0001165445*J2^4+0,0.0007494379*J1^3*J2^1+-0.0019907670*J1^2*J2^2+0.0010789122*J1^1*J2^3+-0.0000788882*J2^4+0,-0.0000719275*J1^3*J2^1+-0.0004037220*J1^2*J2^2+0.0003689184*J1^1*J2^3+-0.0001345740*J2^4+0,-0.0001500343*J1^3*J2^1+0.0005987976*J1^2*J2^2+-0.0011252572*J1^1*J2^3+0.0005371764*J2^4+0,0,0,0,0,-0.0001165445*J1^3*J2^1+0.0004099151*J1^2*J2^2+-0.0003496335*J1^1*J2^3+0.0004742155*J2^4+0,0.0000788882*J1^3*J2^1+-0.0010789122*J1^2*J2^2+0.0019907670*J1^1*J2^3+-0.0007494379*J2^4+0,0.0001345740*J1^3*J2^1+-0.0003689184*J1^2*J2^2+0.0004037220*J1^1*J2^3+0.0000719275*J2^4+0,-0.0005371764*J1^3*J2^1+0.0011252572*J1^2*J2^2+-0.0005987976*J1^1*J2^3+0.0001500343*J2^4+0,0,0,0,0,0.0008354608*J1^3*J2^1+-0.0010741639*J1^2*J2^2+0.0010741639*J1^1*J2^3+-0.0008354608*J2^4+0,-0.0011714300*J1^3*J2^1+0.0043411819*J1^2*J2^2+-0.0043411819*J1^1*J2^3+0.0011714300*J2^4+0,-0.0000885955*J1^3*J2^1+0.0010926784*J1^2*J2^2+-0.0010926784*J1^1*J2^3+0.0000885955*J2^4+0,0.0009718626*J1^3*J2^1+-0.0024381817*J1^2*J2^2+0.0024381817*J1^1*J2^3+-0.0009718626*J2^4+0,0,0,0,0,0,0,0,0,0,0,0,0,0,0,0,0,0,0,0,0,0,0,0,0},
{0,0,0,0,0,0,0,0,0,0,0,0,0,0,0,0,0,0,0,0,0,0,0,0,0,0,0,0,0,0,0,0,0,0,0,0,0,0,0,0,0,0,0,0,0,0,0,0,-0.0013382523*J1^3*J2^1+0.0050998264*J1^1*J2^3+0,0.0003132326*J1^2*J2^2+0.0018585132*J2^4+0,-0.0001670574*J1^3*J2^1+-0.0018167489*J1^2*J2^2+0.0047611350*J1^1*J2^3+-0.0006055830*J2^4+0,-0.0003496335*J1^3*J2^1+0.0012297454*J1^2*J2^2+-0.0010489005*J1^1*J2^3+0.0014226466*J2^4+0,0,0,0,0,-0.0050998264*J1^2*J2^2+0.0013382523*J2^4+0,-0.0018585132*J1^3*J2^1+-0.0003132326*J1^1*J2^3+0,0.0006055830*J1^3*J2^1+-0.0047611350*J1^2*J2^2+0.0018167489*J1^1*J2^3+0.0001670574*J2^4+0,-0.0014226466*J1^3*J2^1+0.0010489005*J1^2*J2^2+-0.0012297454*J1^1*J2^3+0.0003496335*J2^4+0,0,0,0,0,0,0,0,0,0,0,0,0,0,0,0,0,0,0,0,0,0,0,0,0,0,0,0,0,0,0,0,0,0,0,0,0},
{0,0,0,0,0,0,0,0,0,0,0,0,0,0,0,0,0,0,0,0,0,0,0,0,0,0,0,0,0,0,0,0,0,0,0,0,0,0,0,0,0,0,0,0,0,0,0,0,0.0003132326*J1^2*J2^2+0.0018585132*J2^4+0,-0.0013382523*J1^3*J2^1+-0.0003616898*J1^2*J2^2+0.0050998264*J1^1*J2^3+-0.0021460262*J2^4+0,-0.0003496335*J1^3*J2^1+0.0012297454*J1^2*J2^2+-0.0010489005*J1^1*J2^3+0.0014226466*J2^4+0,0.0002366646*J1^3*J2^1+-0.0032367365*J1^2*J2^2+0.0059723010*J1^1*J2^3+-0.0022483138*J2^4+0,0,0,0,0,-0.0018585132*J1^3*J2^1+-0.0003132326*J1^1*J2^3+0,0.0021460262*J1^3*J2^1+-0.0050998264*J1^2*J2^2+0.0003616898*J1^1*J2^3+0.0013382523*J2^4+0,-0.0014226466*J1^3*J2^1+0.0010489005*J1^2*J2^2+-0.0012297454*J1^1*J2^3+0.0003496335*J2^4+0,0.0022483138*J1^3*J2^1+-0.0059723010*J1^2*J2^2+0.0032367365*J1^1*J2^3+-0.0002366646*J2^4+0,0,0,0,0,0,0,0,0,0,0,0,0,0,0,0,0,0,0,0,0,0,0,0,0,0,0,0,0,0,0,0,0,0,0,0,0},
{0,0,0,0,0,0,0,0,0,0,0,0,0,0,0,0,0,0,0,0,0,0,0,0,0,0,0,0,0,0,0,0,0,0,0,0,0,0,0,0,0,0,0,0,0,0,0,0,-0.0001670574*J1^3*J2^1+-0.0018167489*J1^2*J2^2+0.0047611350*J1^1*J2^3+-0.0006055830*J2^4+0,-0.0003496335*J1^3*J2^1+0.0012297454*J1^2*J2^2+-0.0010489005*J1^1*J2^3+0.0014226466*J2^4+0,-0.0011453511*J1^3*J2^1+0.0020978009*J1^2*J2^2+-0.0003978588*J1^1*J2^3+0.0006992670*J2^4+0,0.0004037220*J1^3*J2^1+-0.0011067551*J1^2*J2^2+0.0012111659*J1^1*J2^3+0.0002157824*J2^4+0,0,0,0,0,0.0006055830*J1^3*J2^1+-0.0047611350*J1^2*J2^2+0.0018167489*J1^1*J2^3+0.0001670574*J2^4+0,-0.0014226466*J1^3*J2^1+0.0010489005*J1^2*J2^2+-0.0012297454*J1^1*J2^3+0.0003496335*J2^4+0,-0.0006992670*J1^3*J2^1+0.0003978588*J1^2*J2^2+-0.0020978009*J1^1*J2^3+0.0011453511*J2^4+0,-0.0002157824*J1^3*J2^1+-0.0012111659*J1^2*J2^2+0.0011067551*J1^1*J2^3+-0.0004037220*J2^4+0,0,0,0,0,0,0,0,0,0,0,0,0,0,0,0,0,0,0,0,0,0,0,0,0,0,0,0,0,0,0,0,0,0,0,0,0},
{0,0,0,0,0,0,0,0,0,0,0,0,0,0,0,0,0,0,0,0,0,0,0,0,0,0,0,0,0,0,0,0,0,0,0,0,0,0,0,0,0,0,0,0,0,0,0,0,-0.0003496335*J1^3*J2^1+0.0012297454*J1^2*J2^2+-0.0010489005*J1^1*J2^3+0.0014226466*J2^4+0,0.0002366646*J1^3*J2^1+-0.0032367365*J1^2*J2^2+0.0059723010*J1^1*J2^3+-0.0022483138*J2^4+0,0.0004037220*J1^3*J2^1+-0.0011067551*J1^2*J2^2+0.0012111659*J1^1*J2^3+0.0002157824*J2^4+0,-0.0016115291*J1^3*J2^1+0.0033757716*J1^2*J2^2+-0.0017963927*J1^1*J2^3+0.0004501029*J2^4+0,0,0,0,0,-0.0014226466*J1^3*J2^1+0.0010489005*J1^2*J2^2+-0.0012297454*J1^1*J2^3+0.0003496335*J2^4+0,0.0022483138*J1^3*J2^1+-0.0059723010*J1^2*J2^2+0.0032367365*J1^1*J2^3+-0.0002366646*J2^4+0,-0.0002157824*J1^3*J2^1+-0.0012111659*J1^2*J2^2+0.0011067551*J1^1*J2^3+-0.0004037220*J2^4+0,-0.0004501029*J1^3*J2^1+0.0017963927*J1^2*J2^2+-0.0033757716*J1^1*J2^3+0.0016115291*J2^4+0,0,0,0,0,0,0,0,0,0,0,0,0,0,0,0,0,0,0,0,0,0,0,0,0,0,0,0,0,0,0,0,0,0,0,0,0},
{0,0,0,0,0,0,0,0,0,0,0,0,0,0,0,0,0,0,0,0,0,0,0,0,0,0,0,0,0,0,0,0,0,0,0,0,0,0,0,0,0,0,0,0,0,0,0,0,0.0029443861*J1^2*J2^2+-0.0007726403*J2^4+0,0.0010730131*J1^3*J2^1+0.0001808449*J1^1*J2^3+0,-0.0003496335*J1^3*J2^1+0.0027488426*J1^2*J2^2+-0.0010489005*J1^1*J2^3+-0.0000964506*J2^4+0,0.0008213654*J1^3*J2^1+-0.0006055830*J1^2*J2^2+0.0007099938*J1^1*J2^3+-0.0002018610*J2^4+0,0,0,0,0,0.0007726403*J1^3*J2^1+-0.0029443861*J1^1*J2^3+0,-0.0001808449*J1^2*J2^2+-0.0010730131*J2^4+0,0.0000964506*J1^3*J2^1+0.0010489005*J1^2*J2^2+-0.0027488426*J1^1*J2^3+0.0003496335*J2^4+0,0.0002018610*J1^3*J2^1+-0.0007099938*J1^2*J2^2+0.0006055830*J1^1*J2^3+-0.0008213654*J2^4+0,0,0,0,0,-0.0010926784*J1^3*J2^1+-0.0041639908*J1^2*J2^2+0.0041639908*J1^1*J2^3+0.0010926784*J2^4+0,-0.0015174697*J1^3*J2^1+0.0002557533*J1^2*J2^2+-0.0002557533*J1^1*J2^3+0.0015174697*J2^4+0,0.0003580546*J1^3*J2^1+-0.0053708197*J1^2*J2^2+0.0053708197*J1^1*J2^3+-0.0003580546*J2^4+0,-0.0014470606*J1^3*J2^1+0.0018605065*J1^2*J2^2+-0.0018605065*J1^1*J2^3+0.0014470606*J2^4+0,0,0,0,0,0,0,0,0,0,0,0,0,0,0,0,0,0,0,0,0,0,0,0,0,0,0,0,0},
{0,0,0,0,0,0,0,0,0,0,0,0,0,0,0,0,0,0,0,0,0,0,0,0,0,0,0,0,0,0,0,0,0,0,0,0,0,0,0,0,0,0,0,0,0,0,0,0,0.0010730131*J1^3*J2^1+0.0001808449*J1^1*J2^3+0,-0.0012390088*J1^3*J2^1+0.0029443861*J1^2*J2^2+-0.0002088217*J1^1*J2^3+-0.0007726403*J2^4+0,0.0008213654*J1^3*J2^1+-0.0006055830*J1^2*J2^2+0.0007099938*J1^1*J2^3+-0.0002018610*J2^4+0,-0.0012980646*J1^3*J2^1+0.0034481096*J1^2*J2^2+-0.0018687307*J1^1*J2^3+0.0001366384*J2^4+0,0,0,0,0,-0.0001808449*J1^2*J2^2+-0.0010730131*J2^4+0,0.0007726403*J1^3*J2^1+0.0002088217*J1^2*J2^2+-0.0029443861*J1^1*J2^3+0.0012390088*J2^4+0,0.0002018610*J1^3*J2^1+-0.0007099938*J1^2*J2^2+0.0006055830*J1^1*J2^3+-0.0008213654*J2^4+0,-0.0001366384*J1^3*J2^1+0.0018687307*J1^2*J2^2+-0.0034481096*J1^1*J2^3+0.0012980646*J2^4+0,0,0,0,0,-0.0015174697*J1^3*J2^1+0.0002557533*J1^2*J2^2+-0.0002557533*J1^1*J2^3+0.0015174697*J2^4+0,0.0006595446*J1^3*J2^1+-0.0044593093*J1^2*J2^2+0.0044593093*J1^1*J2^3+-0.0006595446*J2^4+0,-0.0014470606*J1^3*J2^1+0.0018605065*J1^2*J2^2+-0.0018605065*J1^1*J2^3+0.0014470606*J2^4+0,0.0020289763*J1^3*J2^1+-0.0075191476*J1^2*J2^2+0.0075191476*J1^1*J2^3+-0.0020289763*J2^4+0,0,0,0,0,0,0,0,0,0,0,0,0,0,0,0,0,0,0,0,0,0,0,0,0,0,0,0,0},
{0,0,0,0,0,0,0,0,0,0,0,0,0,0,0,0,0,0,0,0,0,0,0,0,0,0,0,0,0,0,0,0,0,0,0,0,0,0,0,0,0,0,0,0,0,0,0,0,-0.0003496335*J1^3*J2^1+0.0027488426*J1^2*J2^2+-0.0010489005*J1^1*J2^3+-0.0000964506*J2^4+0,0.0008213654*J1^3*J2^1+-0.0006055830*J1^2*J2^2+0.0007099938*J1^1*J2^3+-0.0002018610*J2^4+0,0.0004037220*J1^3*J2^1+-0.0002297039*J1^2*J2^2+0.0012111659*J1^1*J2^3+-0.0006612688*J2^4+0,0.0001245820*J1^3*J2^1+0.0006992670*J1^2*J2^2+-0.0006389853*J1^1*J2^3+0.0002330890*J2^4+0,0,0,0,0,0.0000964506*J1^3*J2^1+0.0010489005*J1^2*J2^2+-0.0027488426*J1^1*J2^3+0.0003496335*J2^4+0,0.0002018610*J1^3*J2^1+-0.0007099938*J1^2*J2^2+0.0006055830*J1^1*J2^3+-0.0008213654*J2^4+0,0.0006612688*J1^3*J2^1+-0.0012111659*J1^2*J2^2+0.0002297039*J1^1*J2^3+-0.0004037220*J2^4+0,-0.0002330890*J1^3*J2^1+0.0006389853*J1^2*J2^2+-0.0006992670*J1^1*J2^3+-0.0001245820*J2^4+0,0,0,0,0,0.0003580546*J1^3*J2^1+-0.0053708197*J1^2*J2^2+0.0053708197*J1^1*J2^3+-0.0003580546*J2^4+0,-0.0014470606*J1^3*J2^1+0.0018605065*J1^2*J2^2+-0.0018605065*J1^1*J2^3+0.0014470606*J2^4+0,-0.0015061243*J1^3*J2^1+0.0020376976*J1^2*J2^2+-0.0020376976*J1^1*J2^3+0.0015061243*J2^4+0,0.0001534520*J1^3*J2^1+-0.0018925746*J1^2*J2^2+0.0018925746*J1^1*J2^3+-0.0001534520*J2^4+0,0,0,0,0,0,0,0,0,0,0,0,0,0,0,0,0,0,0,0,0,0,0,0,0,0,0,0,0},
{0,0,0,0,0,0,0,0,0,0,0,0,0,0,0,0,0,0,0,0,0,0,0,0,0,0,0,0,0,0,0,0,0,0,0,0,0,0,0,0,0,0,0,0,0,0,0,0,0.0008213654*J1^3*J2^1+-0.0006055830*J1^2*J2^2+0.0007099938*J1^1*J2^3+-0.0002018610*J2^4+0,-0.0012980646*J1^3*J2^1+0.0034481096*J1^2*J2^2+-0.0018687307*J1^1*J2^3+0.0001366384*J2^4+0,0.0001245820*J1^3*J2^1+0.0006992670*J1^2*J2^2+-0.0006389853*J1^1*J2^3+0.0002330890*J2^4+0,0.0002598670*J1^3*J2^1+-0.0010371478*J1^2*J2^2+0.0019490026*J1^1*J2^3+-0.0009304167*J2^4+0,0,0,0,0,0.0002018610*J1^3*J2^1+-0.0007099938*J1^2*J2^2+0.0006055830*J1^1*J2^3+-0.0008213654*J2^4+0,-0.0001366384*J1^3*J2^1+0.0018687307*J1^2*J2^2+-0.0034481096*J1^1*J2^3+0.0012980646*J2^4+0,-0.0002330890*J1^3*J2^1+0.0006389853*J1^2*J2^2+-0.0006992670*J1^1*J2^3+-0.0001245820*J2^4+0,0.0009304167*J1^3*J2^1+-0.0019490026*J1^2*J2^2+0.0010371478*J1^1*J2^3+-0.0002598670*J2^4+0,0,0,0,0,-0.0014470606*J1^3*J2^1+0.0018605065*J1^2*J2^2+-0.0018605065*J1^1*J2^3+0.0014470606*J2^4+0,0.0020289763*J1^3*J2^1+-0.0075191476*J1^2*J2^2+0.0075191476*J1^1*J2^3+-0.0020289763*J2^4+0,0.0001534520*J1^3*J2^1+-0.0018925746*J1^2*J2^2+0.0018925746*J1^1*J2^3+-0.0001534520*J2^4+0,-0.0016833154*J1^3*J2^1+0.0042230545*J1^2*J2^2+-0.0042230545*J1^1*J2^3+0.0016833154*J2^4+0,0,0,0,0,0,0,0,0,0,0,0,0,0,0,0,0,0,0,0,0,0,0,0,0,0,0,0,0},
{0,0,0,0,0,0,0,0,0,0,0,0,0,0,0,0,0,0,0,0,0,0,0,0,0,0,0,0,0,0,0,0,0,0,0,0,0,0,0,0,0,0,0,0,0,0,0,0,0,0,0,0,-0.0010926784*J1^3*J2^1+0.0041639908*J1^1*J2^3+0,0.0002557533*J1^2*J2^2+0.0015174697*J2^4+0,-0.0001364018*J1^3*J2^1+-0.0014833693*J1^2*J2^2+0.0038874505*J1^1*J2^3+-0.0004944564*J2^4+0,-0.0002854745*J1^3*J2^1+0.0010040829*J1^2*J2^2+-0.0008564236*J1^1*J2^3+0.0011615861*J2^4+0,0,0,0,0,-0.0041639908*J1^2*J2^2+0.0010926784*J2^4+0,-0.0015174697*J1^3*J2^1+-0.0002557533*J1^1*J2^3+0,0.0004944564*J1^3*J2^1+-0.0038874505*J1^2*J2^2+0.0014833693*J1^1*J2^3+0.0001364018*J2^4+0,-0.0011615861*J1^3*J2^1+0.0008564236*J1^2*J2^2+-0.0010040829*J1^1*J2^3+0.0002854745*J2^4+0,0,0,0,0,0,0,0,0,0,0,0,0,0,0,0,0,0,0,0,0,0,0,0,0,0,0,0,0,0,0,0,0},
{0,0,0,0,0,0,0,0,0,0,0,0,0,0,0,0,0,0,0,0,0,0,0,0,0,0,0,0,0,0,0,0,0,0,0,0,0,0,0,0,0,0,0,0,0,0,0,0,0,0,0,0,0.0002557533*J1^2*J2^2+0.0015174697*J2^4+0,-0.0010926784*J1^3*J2^1+-0.0002953185*J1^2*J2^2+0.0041639908*J1^1*J2^3+-0.0017522231*J2^4+0,-0.0002854745*J1^3*J2^1+0.0010040829*J1^2*J2^2+-0.0008564236*J1^1*J2^3+0.0011615861*J2^4+0,0.0001932358*J1^3*J2^1+-0.0026427843*J1^2*J2^2+0.0048763633*J1^1*J2^3+-0.0018357405*J2^4+0,0,0,0,0,-0.0015174697*J1^3*J2^1+-0.0002557533*J1^1*J2^3+0,0.0017522231*J1^3*J2^1+-0.0041639908*J1^2*J2^2+0.0002953185*J1^1*J2^3+0.0010926784*J2^4+0,-0.0011615861*J1^3*J2^1+0.0008564236*J1^2*J2^2+-0.0010040829*J1^1*J2^3+0.0002854745*J2^4+0,0.0018357405*J1^3*J2^1+-0.0048763633*J1^2*J2^2+0.0026427843*J1^1*J2^3+-0.0001932358*J2^4+0,0,0,0,0,0,0,0,0,0,0,0,0,0,0,0,0,0,0,0,0,0,0,0,0,0,0,0,0,0,0,0,0},
{0,0,0,0,0,0,0,0,0,0,0,0,0,0,0,0,0,0,0,0,0,0,0,0,0,0,0,0,0,0,0,0,0,0,0,0,0,0,0,0,0,0,0,0,0,0,0,0,0,0,0,0,-0.0001364018*J1^3*J2^1+-0.0014833693*J1^2*J2^2+0.0038874505*J1^1*J2^3+-0.0004944564*J2^4+0,-0.0002854745*J1^3*J2^1+0.0010040829*J1^2*J2^2+-0.0008564236*J1^1*J2^3+0.0011615861*J2^4+0,-0.0009351752*J1^3*J2^1+0.0017128473*J1^2*J2^2+-0.0003248503*J1^1*J2^3+0.0005709491*J2^4+0,0.0003296376*J1^3*J2^1+-0.0009036617*J1^2*J2^2+0.0009889128*J1^1*J2^3+0.0001761856*J2^4+0,0,0,0,0,0.0004944564*J1^3*J2^1+-0.0038874505*J1^2*J2^2+0.0014833693*J1^1*J2^3+0.0001364018*J2^4+0,-0.0011615861*J1^3*J2^1+0.0008564236*J1^2*J2^2+-0.0010040829*J1^1*J2^3+0.0002854745*J2^4+0,-0.0005709491*J1^3*J2^1+0.0003248503*J1^2*J2^2+-0.0017128473*J1^1*J2^3+0.0009351752*J2^4+0,-0.0001761856*J1^3*J2^1+-0.0009889128*J1^2*J2^2+0.0009036617*J1^1*J2^3+-0.0003296376*J2^4+0,0,0,0,0,0,0,0,0,0,0,0,0,0,0,0,0,0,0,0,0,0,0,0,0,0,0,0,0,0,0,0,0},
{0,0,0,0,0,0,0,0,0,0,0,0,0,0,0,0,0,0,0,0,0,0,0,0,0,0,0,0,0,0,0,0,0,0,0,0,0,0,0,0,0,0,0,0,0,0,0,0,0,0,0,0,-0.0002854745*J1^3*J2^1+0.0010040829*J1^2*J2^2+-0.0008564236*J1^1*J2^3+0.0011615861*J2^4+0,0.0001932358*J1^3*J2^1+-0.0026427843*J1^2*J2^2+0.0048763633*J1^1*J2^3+-0.0018357405*J2^4+0,0.0003296376*J1^3*J2^1+-0.0009036617*J1^2*J2^2+0.0009889128*J1^1*J2^3+0.0001761856*J2^4+0,-0.0013158080*J1^3*J2^1+0.0027563060*J1^2*J2^2+-0.0014667485*J1^1*J2^3+0.0003675075*J2^4+0,0,0,0,0,-0.0011615861*J1^3*J2^1+0.0008564236*J1^2*J2^2+-0.0010040829*J1^1*J2^3+0.0002854745*J2^4+0,0.0018357405*J1^3*J2^1+-0.0048763633*J1^2*J2^2+0.0026427843*J1^1*J2^3+-0.0001932358*J2^4+0,-0.0001761856*J1^3*J2^1+-0.0009889128*J1^2*J2^2+0.0009036617*J1^1*J2^3+-0.0003296376*J2^4+0,-0.0003675075*J1^3*J2^1+0.0014667485*J1^2*J2^2+-0.0027563060*J1^1*J2^3+0.0013158080*J2^4+0,0,0,0,0,0,0,0,0,0,0,0,0,0,0,0,0,0,0,0,0,0,0,0,0,0,0,0,0,0,0,0,0},
{0,0,0,0,0,0,0,0,0,0,0,0,0,0,0,0,0,0,0,0,0,0,0,0,0,0,0,0,0,0,0,0,0,0,0,0,0,0,0,0,0,0,0,0,0,0,0,0,0,0,0,0,0.0024040812*J1^2*J2^2+-0.0006308582*J2^4+0,0.0008761115*J1^3*J2^1+0.0001476592*J1^1*J2^3+0,-0.0002854745*J1^3*J2^1+0.0022444206*J1^2*J2^2+-0.0008564236*J1^1*J2^3+-0.0000787516*J2^4+0,0.0006706420*J1^3*J2^1+-0.0004944564*J1^2*J2^2+0.0005797075*J1^1*J2^3+-0.0001648188*J2^4+0,0,0,0,0,0.0006308582*J1^3*J2^1+-0.0024040812*J1^1*J2^3+0,-0.0001476592*J1^2*J2^2+-0.0008761115*J2^4+0,0.0000787516*J1^3*J2^1+0.0008564236*J1^2*J2^2+-0.0022444206*J1^1*J2^3+0.0002854745*J2^4+0,0.0001648188*J1^3*J2^1+-0.0005797075*J1^2*J2^2+0.0004944564*J1^1*J2^3+-0.0006706420*J2^4+0,0,0,0,0,-0.0008921682*J1^3*J2^1+-0.0033998843*J1^2*J2^2+0.0033998843*J1^1*J2^3+0.0008921682*J2^4+0,-0.0012390088*J1^3*J2^1+0.0002088217*J1^2*J2^2+-0.0002088217*J1^1*J2^3+0.0012390088*J2^4+0,0.0002923504*J1^3*J2^1+-0.0043852560*J1^2*J2^2+0.0043852560*J1^1*J2^3+-0.0002923504*J2^4+0,-0.0011815201*J1^3*J2^1+0.0015190972*J1^2*J2^2+-0.0015190972*J1^1*J2^3+0.0011815201*J2^4+0,0,0,0,0,0,0,0,0,0,0,0,0,0,0,0,0,0,0,0,0,0,0,0,0},
{0,0,0,0,0,0,0,0,0,0,0,0,0,0,0,0,0,0,0,0,0,0,0,0,0,0,0,0,0,0,0,0,0,0,0,0,0,0,0,0,0,0,0,0,0,0,0,0,0,0,0,0,0.0008761115*J1^3*J2^1+0.0001476592*J1^1*J2^3+0,-0.0010116465*J1^3*J2^1+0.0024040812*J1^2*J2^2+-0.0001705022*J1^1*J2^3+-0.0006308582*J2^4+0,0.0006706420*J1^3*J2^1+-0.0004944564*J1^2*J2^2+0.0005797075*J1^1*J2^3+-0.0001648188*J2^4+0,-0.0010598653*J1^3*J2^1+0.0028153697*J1^2*J2^2+-0.0015258122*J1^1*J2^3+0.0001115648*J2^4+0,0,0,0,0,-0.0001476592*J1^2*J2^2+-0.0008761115*J2^4+0,0.0006308582*J1^3*J2^1+0.0001705022*J1^2*J2^2+-0.0024040812*J1^1*J2^3+0.0010116465*J2^4+0,0.0001648188*J1^3*J2^1+-0.0005797075*J1^2*J2^2+0.0004944564*J1^1*J2^3+-0.0006706420*J2^4+0,-0.0001115648*J1^3*J2^1+0.0015258122*J1^2*J2^2+-0.0028153697*J1^1*J2^3+0.0010598653*J2^4+0,0,0,0,0,-0.0012390088*J1^3*J2^1+0.0002088217*J1^2*J2^2+-0.0002088217*J1^1*J2^3+0.0012390088*J2^4+0,0.0005385159*J1^3*J2^1+-0.0036410108*J1^2*J2^2+0.0036410108*J1^1*J2^3+-0.0005385159*J2^4+0,-0.0011815201*J1^3*J2^1+0.0015190972*J1^2*J2^2+-0.0015190972*J1^1*J2^3+0.0011815201*J2^4+0,0.0016566522*J1^3*J2^1+-0.0061393583*J1^2*J2^2+0.0061393583*J1^1*J2^3+-0.0016566522*J2^4+0,0,0,0,0,0,0,0,0,0,0,0,0,0,0,0,0,0,0,0,0,0,0,0,0},
{0,0,0,0,0,0,0,0,0,0,0,0,0,0,0,0,0,0,0,0,0,0,0,0,0,0,0,0,0,0,0,0,0,0,0,0,0,0,0,0,0,0,0,0,0,0,0,0,0,0,0,0,-0.0002854745*J1^3*J2^1+0.0022444206*J1^2*J2^2+-0.0008564236*J1^1*J2^3+-0.0000787516*J2^4+0,0.0006706420*J1^3*J2^1+-0.0004944564*J1^2*J2^2+0.0005797075*J1^1*J2^3+-0.0001648188*J2^4+0,0.0003296376*J1^3*J2^1+-0.0001875524*J1^2*J2^2+0.0009889128*J1^1*J2^3+-0.0005399237*J2^4+0,0.0001017208*J1^3*J2^1+0.0005709491*J1^2*J2^2+-0.0005217293*J1^1*J2^3+0.0001903164*J2^4+0,0,0,0,0,0.0000787516*J1^3*J2^1+0.0008564236*J1^2*J2^2+-0.0022444206*J1^1*J2^3+0.0002854745*J2^4+0,0.0001648188*J1^3*J2^1+-0.0005797075*J1^2*J2^2+0.0004944564*J1^1*J2^3+-0.0006706420*J2^4+0,0.0005399237*J1^3*J2^1+-0.0009889128*J1^2*J2^2+0.0001875524*J1^1*J2^3+-0.0003296376*J2^4+0,-0.0001903164*J1^3*J2^1+0.0005217293*J1^2*J2^2+-0.0005709491*J1^1*J2^3+-0.0001017208*J2^4+0,0,0,0,0,0.0002923504*J1^3*J2^1+-0.0043852560*J1^2*J2^2+0.0043852560*J1^1*J2^3+-0.0002923504*J2^4+0,-0.0011815201*J1^3*J2^1+0.0015190972*J1^2*J2^2+-0.0015190972*J1^1*J2^3+0.0011815201*J2^4+0,-0.0012297454*J1^3*J2^1+0.0016637731*J1^2*J2^2+-0.0016637731*J1^1*J2^3+0.0012297454*J2^4+0,0.0001252930*J1^3*J2^1+-0.0015452807*J1^2*J2^2+0.0015452807*J1^1*J2^3+-0.0001252930*J2^4+0,0,0,0,0,0,0,0,0,0,0,0,0,0,0,0,0,0,0,0,0,0,0,0,0},
{0,0,0,0,0,0,0,0,0,0,0,0,0,0,0,0,0,0,0,0,0,0,0,0,0,0,0,0,0,0,0,0,0,0,0,0,0,0,0,0,0,0,0,0,0,0,0,0,0,0,0,0,0.0006706420*J1^3*J2^1+-0.0004944564*J1^2*J2^2+0.0005797075*J1^1*J2^3+-0.0001648188*J2^4+0,-0.0010598653*J1^3*J2^1+0.0028153697*J1^2*J2^2+-0.0015258122*J1^1*J2^3+0.0001115648*J2^4+0,0.0001017208*J1^3*J2^1+0.0005709491*J1^2*J2^2+-0.0005217293*J1^1*J2^3+0.0001903164*J2^4+0,0.0002121805*J1^3*J2^1+-0.0008468277*J1^2*J2^2+0.0015913540*J1^1*J2^3+-0.0007596821*J2^4+0,0,0,0,0,0.0001648188*J1^3*J2^1+-0.0005797075*J1^2*J2^2+0.0004944564*J1^1*J2^3+-0.0006706420*J2^4+0,-0.0001115648*J1^3*J2^1+0.0015258122*J1^2*J2^2+-0.0028153697*J1^1*J2^3+0.0010598653*J2^4+0,-0.0001903164*J1^3*J2^1+0.0005217293*J1^2*J2^2+-0.0005709491*J1^1*J2^3+-0.0001017208*J2^4+0,0.0007596821*J1^3*J2^1+-0.0015913540*J1^2*J2^2+0.0008468277*J1^1*J2^3+-0.0002121805*J2^4+0,0,0,0,0,-0.0011815201*J1^3*J2^1+0.0015190972*J1^2*J2^2+-0.0015190972*J1^1*J2^3+0.0011815201*J2^4+0,0.0016566522*J1^3*J2^1+-0.0061393583*J1^2*J2^2+0.0061393583*J1^1*J2^3+-0.0016566522*J2^4+0,0.0001252930*J1^3*J2^1+-0.0015452807*J1^2*J2^2+0.0015452807*J1^1*J2^3+-0.0001252930*J2^4+0,-0.0013744213*J1^3*J2^1+0.0034481096*J1^2*J2^2+-0.0034481096*J1^1*J2^3+0.0013744213*J2^4+0,0,0,0,0,0,0,0,0,0,0,0,0,0,0,0,0,0,0,0,0,0,0,0,0}
}