96
{{0,0,0,0,0,0,0,0,0,0,0,0,0,0,0,0,0,0,0,0,0,0,0,0,0,0,0,0,0,0,0,0,0,0,0,0,0,0,0,0,0,0,0,0,0,0,0,0,0,0,0,0,0,0,0,0,0,0,0,0,0,0,0,0,0,0,0,0,0,0,0,0,0,0,0,0,0,0,0,0,0,0,0,0,0,0,0,0,0,0,0,0,0,0,0,0},
{0,0,0,0,0,0,0,0,0,0,0,0,0,0,0,0,0,0,0,0,0,0,0,0,0,0,0,0,0,0,0,0,0,0,0,0,0,0,0,0,0,0,0,0,0,0,0,0,0,0,0,0,0,0,0,0,0,0,0,0,0,0,0,0,0,0,0,0,0,0,0,0,0,0,0,0,0,0,0,0,0,0,0,0,0,0,0,0,0,0,0,0,0,0,0,0},
{0,0,0,0,0,0,0,0,0,0,0,0,0,0,0,0,0,0,0,0,0,0,0,0,0,0,0,0,0,0,0,0,0,0,0,0,0,0,0,0,0,0,0,0,0,0,0,0,0,0,0,0,0,0,0,0,0,0,0,0,0,0,0,0,0,0,0,0,0,0,0,0,0,0,0,0,0,0,0,0,0,0,0,0,0,0,0,0,0,0,0,0,0,0,0,0},
{0,0,0,0,0,0,0,0,0,0,0,0,0,0,0,0,0,0,0,0,0,0,0,0,0,0,0,0,0,0,0,0,0,0,0,0,0,0,0,0,0,0,0,0,0,0,0,0,0,0,0,0,0,0,0,0,0,0,0,0,0,0,0,0,0,0,0,0,0,0,0,0,0,0,0,0,0,0,0,0,0,0,0,0,0,0,0,0,0,0,0,0,0,0,0,0},
{0,0,0,0,0,0,0,0,0,0,0,0,0,0,0,0,0,0,0,0,0,0,0,0,0,0,0,0,0,0,0,0,0,0,0,0,0,0,0,0,0,0,0,0,0,0,0,0,0,0,0,0,0,0,0,0,0,0,0,0,0,0,0,0,0,0,0,0,0,0,0,0,0,0,0,0,0,0,0,0,0,0,0,0,0,0,0,0,0,0,0,0,0,0,0,0},
{0,0,0,0,0,0,0,0,0,0,0,0,0,0,0,0,0,0,0,0,0,0,0,0,0,0,0,0,0,0,0,0,0,0,0,0,0,0,0,0,0,0,0,0,0,0,0,0,0,0,0,0,0,0,0,0,0,0,0,0,0,0,0,0,0,0,0,0,0,0,0,0,0,0,0,0,0,0,0,0,0,0,0,0,0,0,0,0,0,0,0,0,0,0,0,0},
{0,0,0,0,0,0,0,0,0,0,0,0,0,0,0,0,0,0,0,0,0,0,0,0,0,0,0,0,0,0,0,0,0,0,0,0,0,0,0,0,0,0,0,0,0,0,0,0,0,0,0,0,0,0,0,0,0,0,0,0,0,0,0,0,0,0,0,0,0,0,0,0,0,0,0,0,0,0,0,0,0,0,0,0,0,0,0,0,0,0,0,0,0,0,0,0},
{0,0,0,0,0,0,0,0,0,0,0,0,0,0,0,0,0,0,0,0,0,0,0,0,0,0,0,0,0,0,0,0,0,0,0,0,0,0,0,0,0,0,0,0,0,0,0,0,0,0,0,0,0,0,0,0,0,0,0,0,0,0,0,0,0,0,0,0,0,0,0,0,0,0,0,0,0,0,0,0,0,0,0,0,0,0,0,0,0,0,0,0,0,0,0,0},
{0,0,0,0,0,0,0,0,0,0,0,0,0,0,0,0,0,0,0,0,0,0,0,0,0,0,0,0,0,0,0,0,0,0,0,0,0,0,0,0,0,0,0,0,0,0,0,0,0,0,0,0,0,0,0,0,0,0,0,0,0,0,0,0,0,0,0,0,0,0,0,0,0,0,0,0,0,0,0,0,0,0,0,0,0,0,0,0,0,0,0,0,0,0,0,0},
{0,0,0,0,0,0,0,0,0,0,0,0,0,0,0,0,0,0,0,0,0,0,0,0,0,0,0,0,0,0,0,0,0,0,0,0,0,0,0,0,0,0,0,0,0,0,0,0,0,0,0,0,0,0,0,0,0,0,0,0,0,0,0,0,0,0,0,0,0,0,0,0,0,0,0,0,0,0,0,0,0,0,0,0,0,0,0,0,0,0,0,0,0,0,0,0},
{0,0,0,0,0,0,0,0,0,0,0,0,0,0,0,0,0,0,0,0,0,0,0,0,0,0,0,0,0,0,0,0,0,0,0,0,0,0,0,0,0,0,0,0,0,0,0,0,0,0,0,0,0,0,0,0,0,0,0,0,0,0,0,0,0,0,0,0,0,0,0,0,0,0,0,0,0,0,0,0,0,0,0,0,0,0,0,0,0,0,0,0,0,0,0,0},
{0,0,0,0,0,0,0,0,0,0,0,0,0,0,0,0,0,0,0,0,0,0,0,0,0,0,0,0,0,0,0,0,0,0,0,0,0,0,0,0,0,0,0,0,0,0,0,0,0,0,0,0,0,0,0,0,0,0,0,0,0,0,0,0,0,0,0,0,0,0,0,0,0,0,0,0,0,0,0,0,0,0,0,0,0,0,0,0,0,0,0,0,0,0,0,0},
{0,0,0,0,0,0,0,0,0,0,0,0,0,0,0,0,0,0,0,0,0,0,0,0,0,0,0,0,0,0,0,0,0,0,0,0,0,0,0,0,0,0,0,0,0,0,0,0,0,0,0,0,0,0,0,0,0,0,0,0,0,0,0,0,0,0,0,0,0,0,0,0,0,0,0,0,0,0,0,0,0,0,0,0,0,0,0,0,0,0,0,0,0,0,0,0},
{0,0,0,0,0,0,0,0,0,0,0,0,0,0,0,0,0,0,0,0,0,0,0,0,0,0,0,0,0,0,0,0,0,0,0,0,0,0,0,0,0,0,0,0,0,0,0,0,0,0,0,0,0,0,0,0,0,0,0,0,0,0,0,0,0,0,0,0,0,0,0,0,0,0,0,0,0,0,0,0,0,0,0,0,0,0,0,0,0,0,0,0,0,0,0,0},
{0,0,0,0,0,0,0,0,0,0,0,0,0,0,0,0,0,0,0,0,0,0,0,0,0,0,0,0,0,0,0,0,0,0,0,0,0,0,0,0,0,0,0,0,0,0,0,0,0,0,0,0,0,0,0,0,0,0,0,0,0,0,0,0,0,0,0,0,0,0,0,0,0,0,0,0,0,0,0,0,0,0,0,0,0,0,0,0,0,0,0,0,0,0,0,0},
{0,0,0,0,0,0,0,0,0,0,0,0,0,0,0,0,0,0,0,0,0,0,0,0,0,0,0,0,0,0,0,0,0,0,0,0,0,0,0,0,0,0,0,0,0,0,0,0,0,0,0,0,0,0,0,0,0,0,0,0,0,0,0,0,0,0,0,0,0,0,0,0,0,0,0,0,0,0,0,0,0,0,0,0,0,0,0,0,0,0,0,0,0,0,0,0},
{0,0,0,0,0,0,0,0,0,0,0,0,0,0,0,0,0,0,0,0,0,0,0,0,0,0,0,0,0,0,0,0,0,0,0,0,0,0,0,0,0,0,0,0,0,0,0,0,0,0,0,0,0,0,0,0,0,0,0,0,0,0,0,0,0,0,0,0,0,0,0,0,0,0,0,0,0,0,0,0,0,0,0,0,0,0,0,0,0,0,0,0,0,0,0,0},
{0,0,0,0,0,0,0,0,0,0,0,0,0,0,0,0,0,0,0,0,0,0,0,0,0,0,0,0,0,0,0,0,0,0,0,0,0,0,0,0,0,0,0,0,0,0,0,0,0,0,0,0,0,0,0,0,0,0,0,0,0,0,0,0,0,0,0,0,0,0,0,0,0,0,0,0,0,0,0,0,0,0,0,0,0,0,0,0,0,0,0,0,0,0,0,0},
{0,0,0,0,0,0,0,0,0,0,0,0,0,0,0,0,0,0,0,0,0,0,0,0,0,0,0,0,0,0,0,0,0,0,0,0,0,0,0,0,0,0,0,0,0,0,0,0,0,0,0,0,0,0,0,0,0,0,0,0,0,0,0,0,0,0,0,0,0,0,0,0,0,0,0,0,0,0,0,0,0,0,0,0,0,0,0,0,0,0,0,0,0,0,0,0},
{0,0,0,0,0,0,0,0,0,0,0,0,0,0,0,0,0,0,0,0,0,0,0,0,0,0,0,0,0,0,0,0,0,0,0,0,0,0,0,0,0,0,0,0,0,0,0,0,0,0,0,0,0,0,0,0,0,0,0,0,0,0,0,0,0,0,0,0,0,0,0,0,0,0,0,0,0,0,0,0,0,0,0,0,0,0,0,0,0,0,0,0,0,0,0,0},
{0,0,0,0,0,0,0,0,0,0,0,0,0,0,0,0,0,0,0,0,0,0,0,0,0,0,0,0,0,0,0,0,0,0,0,0,0,0,0,0,0,0,0,0,0,0,0,0,0,0,0,0,0,0,0,0,0,0,0,0,0,0,0,0,0,0,0,0,0,0,0,0,0,0,0,0,0,0,0,0,0,0,0,0,0,0,0,0,0,0,0,0,0,0,0,0},
{0,0,0,0,0,0,0,0,0,0,0,0,0,0,0,0,0,0,0,0,0,0,0,0,0,0,0,0,0,0,0,0,0,0,0,0,0,0,0,0,0,0,0,0,0,0,0,0,0,0,0,0,0,0,0,0,0,0,0,0,0,0,0,0,0,0,0,0,0,0,0,0,0,0,0,0,0,0,0,0,0,0,0,0,0,0,0,0,0,0,0,0,0,0,0,0},
{0,0,0,0,0,0,0,0,0,0,0,0,0,0,0,0,0,0,0,0,0,0,0,0,0,0,0,0,0,0,0,0,0,0,0,0,0,0,0,0,0,0,0,0,0,0,0,0,0,0,0,0,0,0,0,0,0,0,0,0,0,0,0,0,0,0,0,0,0,0,0,0,0,0,0,0,0,0,0,0,0,0,0,0,0,0,0,0,0,0,0,0,0,0,0,0},
{0,0,0,0,0,0,0,0,0,0,0,0,0,0,0,0,0,0,0,0,0,0,0,0,0,0,0,0,0,0,0,0,0,0,0,0,0,0,0,0,0,0,0,0,0,0,0,0,0,0,0,0,0,0,0,0,0,0,0,0,0,0,0,0,0,0,0,0,0,0,0,0,0,0,0,0,0,0,0,0,0,0,0,0,0,0,0,0,0,0,0,0,0,0,0,0},
{0,0,0,0,0,0,0,0,0,0,0,0,0,0,0,0,0,0,0,0,0,0,0,0,0,0,0,0,0,0,0,0,0,0,0,0,0,0,0,0,0,0,0,0,0,0,0,0,0,0,0,0,0,0,0,0,0,0,0,0,0,0,0,0,0,0,0,0,0,0,0,0,0,0,0,0,0,0,0,0,0.0077763310*J1^3*J2^1+0.0013382523*J1^1*J2^3+0,-0.0001670574*J1^3*J2^1+-0.0118401911*J1^2*J2^2+-0.0111093151*J1^1*J2^3+-0.0062020048*J2^4+0,0.0007726403*J1^2*J2^2+0.0044896668*J2^4+0,-0.0035807292*J1^3*J2^1+-0.0064139660*J1^2*J2^2+-0.0068359375*J1^1*J2^3+-0.0000964506*J2^4+0,-0.0071208204*J1^2*J2^2+0.0018585132*J2^4+0,0.0016276042*J1^3*J2^1+0.0033516590*J1^2*J2^2+0.0087890625*J1^1*J2^3+0.0031587577*J2^4+0,0.0010730131*J1^3*J2^1+-0.0041112076*J1^1*J2^3+0,0.0018237096*J1^3*J2^1+0.0050743676*J1^2*J2^2+0.0019350812*J1^1*J2^3+0.0009396977*J2^4+0,0,0,0,0,0,0,0,0},
{0,0,0,0,0,0,0,0,0,0,0,0,0,0,0,0,0,0,0,0,0,0,0,0,0,0,0,0,0,0,0,0,0,0,0,0,0,0,0,0,0,0,0,0,0,0,0,0,0,0,0,0,0,0,0,0,0,0,0,0,0,0,0,0,0,0,0,0,0,0,0,0,0,0,0,0,0,0,0,0,-0.0001670574*J1^3*J2^1+-0.0084990437*J1^2*J2^2+0.0107752003*J1^1*J2^3+-0.0028608575*J2^4+0,0.0075834298*J1^3*J2^1+-0.0012779707*J1^2*J2^2+0.0097294560*J1^1*J2^3+0.0052324460*J2^4+0,-0.0016517168*J1^3*J2^1+0.0062210648*J1^2*J2^2+-0.0049069252*J1^1*J2^3+-0.0000964506*J2^4+0,0.0030209541*J1^3*J2^1+0.0056173041*J1^2*J2^2+-0.0007378367*J1^1*J2^3+0.0043782952*J2^4+0,0.0016276042*J1^3*J2^1+-0.0029658565*J1^2*J2^2+0.0049310378*J1^1*J2^3+-0.0031587577*J2^4+0,0.0018793954*J1^3*J2^1+-0.0093760949*J1^2*J2^2+-0.0041625128*J1^1*J2^3+-0.0006195044*J2^4+0,-0.0018237096*J1^3*J2^1+0.0028469360*J1^2*J2^2+-0.0017123380*J1^1*J2^3+0.0009396977*J2^4+0,-0.0003576710*J1^3*J2^1+-0.0024032279*J1^2*J2^2+-0.0054132909*J1^1*J2^3+0.0010850694*J2^4+0,0,0,0,0,0,0,0,0},
{0,0,0,0,0,0,0,0,0,0,0,0,0,0,0,0,0,0,0,0,0,0,0,0,0,0,0,0,0,0,0,0,0,0,0,0,0,0,0,0,0,0,0,0,0,0,0,0,0,0,0,0,0,0,0,0,0,0,0,0,0,0,0,0,0,0,0,0,0,0,0,0,0,0,0,0,0,0,0,0,-0.0071208204*J1^2*J2^2+0.0018585132*J2^4+0,0.0016276042*J1^3*J2^1+0.0033516590*J1^2*J2^2+0.0087890625*J1^1*J2^3+0.0031587577*J2^4+0,0.0010730131*J1^3*J2^1+-0.0041112076*J1^1*J2^3+0,0.0018237096*J1^3*J2^1+0.0050743676*J1^2*J2^2+0.0019350812*J1^1*J2^3+0.0009396977*J2^4+0,0.0077763310*J1^3*J2^1+-0.0082224151*J1^2*J2^2+0.0013382523*J1^1*J2^3+0.0021460262*J2^4+0,0.0017123380*J1^3*J2^1+-0.0079700287*J1^2*J2^2+-0.0009605799*J1^1*J2^3+-0.0025545856*J2^4+0,0.0012390088*J1^3*J2^1+0.0007726403*J1^2*J2^2+-0.0047472136*J1^1*J2^3+0.0044896668*J2^4+0,-0.0014748907*J1^3*J2^1+-0.0005545910*J1^2*J2^2+-0.0046014982*J1^1*J2^3+0.0009886188*J2^4+0,0,0,0,0,0,0,0,0},
{0,0,0,0,0,0,0,0,0,0,0,0,0,0,0,0,0,0,0,0,0,0,0,0,0,0,0,0,0,0,0,0,0,0,0,0,0,0,0,0,0,0,0,0,0,0,0,0,0,0,0,0,0,0,0,0,0,0,0,0,0,0,0,0,0,0,0,0,0,0,0,0,0,0,0,0,0,0,0,0,0.0016276042*J1^3*J2^1+-0.0029658565*J1^2*J2^2+0.0049310378*J1^1*J2^3+-0.0031587577*J2^4+0,0.0018793954*J1^3*J2^1+-0.0093760949*J1^2*J2^2+-0.0041625128*J1^1*J2^3+-0.0006195044*J2^4+0,-0.0018237096*J1^3*J2^1+0.0028469360*J1^2*J2^2+-0.0017123380*J1^1*J2^3+0.0009396977*J2^4+0,-0.0003576710*J1^3*J2^1+-0.0024032279*J1^2*J2^2+-0.0054132909*J1^1*J2^3+0.0010850694*J2^4+0,0.0017123380*J1^3*J2^1+-0.0119237198*J1^2*J2^2+0.0164690723*J1^1*J2^3+-0.0065082767*J2^4+0,0.0097535687*J1^3*J2^1+-0.0121045525*J1^2*J2^2+0.0049230003*J1^1*J2^3+0.0045171039*J2^4+0,-0.0037575553*J1^3*J2^1+0.0095084234*J1^2*J2^2+-0.0068841628*J1^1*J2^3+0.0009886188*J2^4+0,0.0026079512*J1^3*J2^1+0.0028422955*J1^2*J2^2+-0.0069885666*J1^1*J2^3+0.0056312255*J2^4+0,0,0,0,0,0,0,0,0},
{0,0,0,0,0,0,0,0,0,0,0,0,0,0,0,0,0,0,0,0,0,0,0,0,0,0,0,0,0,0,0,0,0,0,0,0,0,0,0,0,0,0,0,0,0,0,0,0,0,0,0,0,0,0,0,0,0,0,0,0,0,0,0,0,0,0,0,0,0,0,0,0,-0.0044896668*J1^3*J2^1+-0.0007726403*J1^1*J2^3+0,0.0000964506*J1^3*J2^1+0.0068359375*J1^2*J2^2+0.0064139660*J1^1*J2^3+0.0035807292*J2^4+0,-0.0004460841*J1^2*J2^2+-0.0025921103*J2^4+0,0.0020673349*J1^3*J2^1+0.0037031050*J1^2*J2^2+0.0039467304*J1^1*J2^3+0.0000556858*J2^4+0,0.0041112076*J1^2*J2^2+-0.0010730131*J2^4+0,-0.0009396977*J1^3*J2^1+-0.0019350812*J1^2*J2^2+-0.0050743676*J1^1*J2^3+-0.0018237096*J2^4+0,-0.0006195044*J1^3*J2^1+0.0023736068*J1^1*J2^3+0,-0.0010529192*J1^3*J2^1+-0.0029296875*J1^2*J2^2+-0.0011172197*J1^1*J2^3+-0.0005425347*J2^4+0,0,0,0,0,0,0,0,0,0.0063493477*J1^3*J2^1+0.0010926784*J1^1*J2^3+0,-0.0001364018*J1^3*J2^1+-0.0096674755*J1^2*J2^2+-0.0090707178*J1^1*J2^3+-0.0050639158*J2^4+0,0.0006308582*J1^2*J2^2+0.0036657976*J2^4+0,-0.0029236531*J1^3*J2^1+-0.0052369813*J1^2*J2^2+-0.0055815196*J1^1*J2^3+-0.0000787516*J2^4+0,-0.0058141255*J1^2*J2^2+0.0015174697*J2^4+0,0.0013289332*J1^3*J2^1+0.0027366181*J1^2*J2^2+0.0071762395*J1^1*J2^3+0.0025791149*J2^4+0,0.0008761115*J1^3*J2^1+-0.0033567869*J1^1*J2^3+0,0.0014890527*J1^3*J2^1+0.0041432038*J1^2*J2^2+0.0015799872*J1^1*J2^3+0.0007672600*J2^4+0},
{0,0,0,0,0,0,0,0,0,0,0,0,0,0,0,0,0,0,0,0,0,0,0,0,0,0,0,0,0,0,0,0,0,0,0,0,0,0,0,0,0,0,0,0,0,0,0,0,0,0,0,0,0,0,0,0,0,0,0,0,0,0,0,0,0,0,0,0,0,0,0,0,0.0000964506*J1^3*J2^1+0.0049069252*J1^2*J2^2+-0.0062210648*J1^1*J2^3+0.0016517168*J2^4+0,-0.0043782952*J1^3*J2^1+0.0007378367*J1^2*J2^2+-0.0056173041*J1^1*J2^3+-0.0030209541*J2^4+0,0.0009536192*J1^3*J2^1+-0.0035917334*J1^2*J2^2+0.0028330146*J1^1*J2^3+0.0000556858*J2^4+0,-0.0017441487*J1^3*J2^1+-0.0032431520*J1^2*J2^2+0.0004259902*J1^1*J2^3+-0.0025278099*J2^4+0,-0.0009396977*J1^3*J2^1+0.0017123380*J1^2*J2^2+-0.0028469360*J1^1*J2^3+0.0018237096*J2^4+0,-0.0010850694*J1^3*J2^1+0.0054132909*J1^2*J2^2+0.0024032279*J1^1*J2^3+0.0003576710*J2^4+0,0.0010529192*J1^3*J2^1+-0.0016436793*J1^2*J2^2+0.0009886188*J1^1*J2^3+-0.0005425347*J2^4+0,0.0002065015*J1^3*J2^1+0.0013875043*J1^2*J2^2+0.0031253650*J1^1*J2^3+-0.0006264651*J2^4+0,0,0,0,0,0,0,0,0,-0.0001364018*J1^3*J2^1+-0.0069394401*J1^2*J2^2+0.0087979142*J1^1*J2^3+-0.0023358803*J2^4+0,0.0061918445*J1^3*J2^1+-0.0010434587*J1^2*J2^2+0.0079440676*J1^1*J2^3+0.0042722743*J2^4+0,-0.0013486211*J1^3*J2^1+0.0050794782*J1^2*J2^2+-0.0040064876*J1^1*J2^3+-0.0000787516*J2^4+0,0.0024665987*J1^3*J2^1+0.0045865096*J1^2*J2^2+-0.0006024412*J1^1*J2^3+0.0035748631*J2^4+0,0.0013289332*J1^3*J2^1+-0.0024216117*J1^2*J2^2+0.0040261755*J1^1*J2^3+-0.0025791149*J2^4+0,0.0015345199*J1^3*J2^1+-0.0076555494*J1^2*J2^2+-0.0033986775*J1^1*J2^3+-0.0005058232*J2^4+0,-0.0014890527*J1^3*J2^1+0.0023245135*J1^2*J2^2+-0.0013981182*J1^1*J2^3+0.0007672600*J2^4+0,-0.0002920372*J1^3*J2^1+-0.0019622273*J1^2*J2^2+-0.0044199335*J1^1*J2^3+0.0008859555*J2^4+0},
{0,0,0,0,0,0,0,0,0,0,0,0,0,0,0,0,0,0,0,0,0,0,0,0,0,0,0,0,0,0,0,0,0,0,0,0,0,0,0,0,0,0,0,0,0,0,0,0,0,0,0,0,0,0,0,0,0,0,0,0,0,0,0,0,0,0,0,0,0,0,0,0,0.0041112076*J1^2*J2^2+-0.0010730131*J2^4+0,-0.0009396977*J1^3*J2^1+-0.0019350812*J1^2*J2^2+-0.0050743676*J1^1*J2^3+-0.0018237096*J2^4+0,-0.0006195044*J1^3*J2^1+0.0023736068*J1^1*J2^3+0,-0.0010529192*J1^3*J2^1+-0.0029296875*J1^2*J2^2+-0.0011172197*J1^1*J2^3+-0.0005425347*J2^4+0,-0.0044896668*J1^3*J2^1+0.0047472136*J1^2*J2^2+-0.0007726403*J1^1*J2^3+-0.0012390088*J2^4+0,-0.0009886188*J1^3*J2^1+0.0046014982*J1^2*J2^2+0.0005545910*J1^1*J2^3+0.0014748907*J2^4+0,-0.0007153421*J1^3*J2^1+-0.0004460841*J1^2*J2^2+0.0027408050*J1^1*J2^3+-0.0025921103*J2^4+0,0.0008515285*J1^3*J2^1+0.0003201933*J1^2*J2^2+0.0026566762*J1^1*J2^3+-0.0005707793*J2^4+0,0,0,0,0,0,0,0,0,-0.0058141255*J1^2*J2^2+0.0015174697*J2^4+0,0.0013289332*J1^3*J2^1+0.0027366181*J1^2*J2^2+0.0071762395*J1^1*J2^3+0.0025791149*J2^4+0,0.0008761115*J1^3*J2^1+-0.0033567869*J1^1*J2^3+0,0.0014890527*J1^3*J2^1+0.0041432038*J1^2*J2^2+0.0015799872*J1^1*J2^3+0.0007672600*J2^4+0,0.0063493477*J1^3*J2^1+-0.0067135738*J1^2*J2^2+0.0010926784*J1^1*J2^3+0.0017522231*J2^4+0,0.0013981182*J1^3*J2^1+-0.0065075012*J1^2*J2^2+-0.0007843102*J1^1*J2^3+-0.0020858104*J2^4+0,0.0010116465*J1^3*J2^1+0.0006308582*J1^2*J2^2+-0.0038760837*J1^1*J2^3+0.0036657976*J2^4+0,-0.0012042432*J1^3*J2^1+-0.0004528217*J1^2*J2^2+-0.0037571075*J1^1*J2^3+0.0008072039*J2^4+0},
{0,0,0,0,0,0,0,0,0,0,0,0,0,0,0,0,0,0,0,0,0,0,0,0,0,0,0,0,0,0,0,0,0,0,0,0,0,0,0,0,0,0,0,0,0,0,0,0,0,0,0,0,0,0,0,0,0,0,0,0,0,0,0,0,0,0,0,0,0,0,0,0,-0.0009396977*J1^3*J2^1+0.0017123380*J1^2*J2^2+-0.0028469360*J1^1*J2^3+0.0018237096*J2^4+0,-0.0010850694*J1^3*J2^1+0.0054132909*J1^2*J2^2+0.0024032279*J1^1*J2^3+0.0003576710*J2^4+0,0.0010529192*J1^3*J2^1+-0.0016436793*J1^2*J2^2+0.0009886188*J1^1*J2^3+-0.0005425347*J2^4+0,0.0002065015*J1^3*J2^1+0.0013875043*J1^2*J2^2+0.0031253650*J1^1*J2^3+-0.0006264651*J2^4+0,-0.0009886188*J1^3*J2^1+0.0068841628*J1^2*J2^2+-0.0095084234*J1^1*J2^3+0.0037575553*J2^4+0,-0.0056312255*J1^3*J2^1+0.0069885666*J1^2*J2^2+-0.0028422955*J1^1*J2^3+-0.0026079512*J2^4+0,0.0021694256*J1^3*J2^1+-0.0054896908*J1^2*J2^2+0.0039745733*J1^1*J2^3+-0.0005707793*J2^4+0,-0.0015057013*J1^3*J2^1+-0.0016410001*J1^2*J2^2+0.0040348508*J1^1*J2^3+-0.0032511896*J2^4+0,0,0,0,0,0,0,0,0,0.0013289332*J1^3*J2^1+-0.0024216117*J1^2*J2^2+0.0040261755*J1^1*J2^3+-0.0025791149*J2^4+0,0.0015345199*J1^3*J2^1+-0.0076555494*J1^2*J2^2+-0.0033986775*J1^1*J2^3+-0.0005058232*J2^4+0,-0.0014890527*J1^3*J2^1+0.0023245135*J1^2*J2^2+-0.0013981182*J1^1*J2^3+0.0007672600*J2^4+0,-0.0002920372*J1^3*J2^1+-0.0019622273*J1^2*J2^2+-0.0044199335*J1^1*J2^3+0.0008859555*J2^4+0,0.0013981182*J1^3*J2^1+-0.0097356764*J1^2*J2^2+0.0134469413*J1^1*J2^3+-0.0053139857*J2^4+0,0.0079637555*J1^3*J2^1+-0.0098833257*J1^2*J2^2+0.0040196129*J1^1*J2^3+0.0036881999*J2^4+0,-0.0030680311*J1^3*J2^1+0.0077635952*J1^2*J2^2+-0.0056208954*J1^1*J2^3+0.0008072039*J2^4+0,0.0021293832*J1^3*J2^1+0.0023207246*J1^2*J2^2+-0.0057061408*J1^1*J2^3+0.0045978764*J2^4+0},
{0,0,0,0,0,0,0,0,0,0,0,0,0,0,0,0,0,0,0,0,0,0,0,0,0,0,0,0,0,0,0,0,0,0,0,0,0,0,0,0,0,0,0,0,0,0,0,0,0,0,0,0,0,0,0,0,0,0,0,0,0,0,0,0,0,0,0,0,0,0,0,0,0,0,0,0,0,0,0,0,-0.0013382523*J1^2*J2^2+-0.0077763310*J2^4+0,0.0062020048*J1^3*J2^1+0.0111093151*J1^2*J2^2+0.0118401911*J1^1*J2^3+0.0001670574*J2^4+0,-0.0044896668*J1^3*J2^1+-0.0007726403*J1^1*J2^3+0,0.0000964506*J1^3*J2^1+0.0068359375*J1^2*J2^2+0.0064139660*J1^1*J2^3+0.0035807292*J2^4+0,-0.0018585132*J1^3*J2^1+0.0071208204*J1^1*J2^3+0,-0.0031587577*J1^3*J2^1+-0.0087890625*J1^2*J2^2+-0.0033516590*J1^1*J2^3+-0.0016276042*J2^4+0,0.0041112076*J1^2*J2^2+-0.0010730131*J2^4+0,-0.0009396977*J1^3*J2^1+-0.0019350812*J1^2*J2^2+-0.0050743676*J1^1*J2^3+-0.0018237096*J2^4+0,0,0,0,0,0,0,0,0},
{0,0,0,0,0,0,0,0,0,0,0,0,0,0,0,0,0,0,0,0,0,0,0,0,0,0,0,0,0,0,0,0,0,0,0,0,0,0,0,0,0,0,0,0,0,0,0,0,0,0,0,0,0,0,0,0,0,0,0,0,0,0,0,0,0,0,0,0,0,0,0,0,0,0,0,0,0,0,0,0,0.0028608575*J1^3*J2^1+-0.0107752003*J1^2*J2^2+0.0084990437*J1^1*J2^3+0.0001670574*J2^4+0,-0.0052324460*J1^3*J2^1+-0.0097294560*J1^2*J2^2+0.0012779707*J1^1*J2^3+-0.0075834298*J2^4+0,0.0000964506*J1^3*J2^1+0.0049069252*J1^2*J2^2+-0.0062210648*J1^1*J2^3+0.0016517168*J2^4+0,-0.0043782952*J1^3*J2^1+0.0007378367*J1^2*J2^2+-0.0056173041*J1^1*J2^3+-0.0030209541*J2^4+0,0.0031587577*J1^3*J2^1+-0.0049310378*J1^2*J2^2+0.0029658565*J1^1*J2^3+-0.0016276042*J2^4+0,0.0006195044*J1^3*J2^1+0.0041625128*J1^2*J2^2+0.0093760949*J1^1*J2^3+-0.0018793954*J2^4+0,-0.0009396977*J1^3*J2^1+0.0017123380*J1^2*J2^2+-0.0028469360*J1^1*J2^3+0.0018237096*J2^4+0,-0.0010850694*J1^3*J2^1+0.0054132909*J1^2*J2^2+0.0024032279*J1^1*J2^3+0.0003576710*J2^4+0,0,0,0,0,0,0,0,0},
{0,0,0,0,0,0,0,0,0,0,0,0,0,0,0,0,0,0,0,0,0,0,0,0,0,0,0,0,0,0,0,0,0,0,0,0,0,0,0,0,0,0,0,0,0,0,0,0,0,0,0,0,0,0,0,0,0,0,0,0,0,0,0,0,0,0,0,0,0,0,0,0,0,0,0,0,0,0,0,0,-0.0018585132*J1^3*J2^1+0.0071208204*J1^1*J2^3+0,-0.0031587577*J1^3*J2^1+-0.0087890625*J1^2*J2^2+-0.0033516590*J1^1*J2^3+-0.0016276042*J2^4+0,0.0041112076*J1^2*J2^2+-0.0010730131*J2^4+0,-0.0009396977*J1^3*J2^1+-0.0019350812*J1^2*J2^2+-0.0050743676*J1^1*J2^3+-0.0018237096*J2^4+0,-0.0021460262*J1^3*J2^1+-0.0013382523*J1^2*J2^2+0.0082224151*J1^1*J2^3+-0.0077763310*J2^4+0,0.0025545856*J1^3*J2^1+0.0009605799*J1^2*J2^2+0.0079700287*J1^1*J2^3+-0.0017123380*J2^4+0,-0.0044896668*J1^3*J2^1+0.0047472136*J1^2*J2^2+-0.0007726403*J1^1*J2^3+-0.0012390088*J2^4+0,-0.0009886188*J1^3*J2^1+0.0046014982*J1^2*J2^2+0.0005545910*J1^1*J2^3+0.0014748907*J2^4+0,0,0,0,0,0,0,0,0},
{0,0,0,0,0,0,0,0,0,0,0,0,0,0,0,0,0,0,0,0,0,0,0,0,0,0,0,0,0,0,0,0,0,0,0,0,0,0,0,0,0,0,0,0,0,0,0,0,0,0,0,0,0,0,0,0,0,0,0,0,0,0,0,0,0,0,0,0,0,0,0,0,0,0,0,0,0,0,0,0,0.0031587577*J1^3*J2^1+-0.0049310378*J1^2*J2^2+0.0029658565*J1^1*J2^3+-0.0016276042*J2^4+0,0.0006195044*J1^3*J2^1+0.0041625128*J1^2*J2^2+0.0093760949*J1^1*J2^3+-0.0018793954*J2^4+0,-0.0009396977*J1^3*J2^1+0.0017123380*J1^2*J2^2+-0.0028469360*J1^1*J2^3+0.0018237096*J2^4+0,-0.0010850694*J1^3*J2^1+0.0054132909*J1^2*J2^2+0.0024032279*J1^1*J2^3+0.0003576710*J2^4+0,0.0065082767*J1^3*J2^1+-0.0164690723*J1^2*J2^2+0.0119237198*J1^1*J2^3+-0.0017123380*J2^4+0,-0.0045171039*J1^3*J2^1+-0.0049230003*J1^2*J2^2+0.0121045525*J1^1*J2^3+-0.0097535687*J2^4+0,-0.0009886188*J1^3*J2^1+0.0068841628*J1^2*J2^2+-0.0095084234*J1^1*J2^3+0.0037575553*J2^4+0,-0.0056312255*J1^3*J2^1+0.0069885666*J1^2*J2^2+-0.0028422955*J1^1*J2^3+-0.0026079512*J2^4+0,0,0,0,0,0,0,0,0},
{0,0,0,0,0,0,0,0,0,0,0,0,0,0,0,0,0,0,0,0,0,0,0,0,0,0,0,0,0,0,0,0,0,0,0,0,0,0,0,0,0,0,0,0,0,0,0,0,0,0,0,0,0,0,0,0,0,0,0,0,0,0,0,0,0,0,0,0,0,0,0,0,0.0007726403*J1^2*J2^2+0.0044896668*J2^4+0,-0.0035807292*J1^3*J2^1+-0.0064139660*J1^2*J2^2+-0.0068359375*J1^1*J2^3+-0.0000964506*J2^4+0,0.0025921103*J1^3*J2^1+0.0004460841*J1^1*J2^3+0,-0.0000556858*J1^3*J2^1+-0.0039467304*J1^2*J2^2+-0.0037031050*J1^1*J2^3+-0.0020673349*J2^4+0,0.0010730131*J1^3*J2^1+-0.0041112076*J1^1*J2^3+0,0.0018237096*J1^3*J2^1+0.0050743676*J1^2*J2^2+0.0019350812*J1^1*J2^3+0.0009396977*J2^4+0,-0.0023736068*J1^2*J2^2+0.0006195044*J2^4+0,0.0005425347*J1^3*J2^1+0.0011172197*J1^2*J2^2+0.0029296875*J1^1*J2^3+0.0010529192*J2^4+0,0,0,0,0,0,0,0,0,-0.0010926784*J1^2*J2^2+-0.0063493477*J2^4+0,0.0050639158*J1^3*J2^1+0.0090707178*J1^2*J2^2+0.0096674755*J1^1*J2^3+0.0001364018*J2^4+0,-0.0036657976*J1^3*J2^1+-0.0006308582*J1^1*J2^3+0,0.0000787516*J1^3*J2^1+0.0055815196*J1^2*J2^2+0.0052369813*J1^1*J2^3+0.0029236531*J2^4+0,-0.0015174697*J1^3*J2^1+0.0058141255*J1^1*J2^3+0,-0.0025791149*J1^3*J2^1+-0.0071762395*J1^2*J2^2+-0.0027366181*J1^1*J2^3+-0.0013289332*J2^4+0,0.0033567869*J1^2*J2^2+-0.0008761115*J2^4+0,-0.0007672600*J1^3*J2^1+-0.0015799872*J1^2*J2^2+-0.0041432038*J1^1*J2^3+-0.0014890527*J2^4+0},
{0,0,0,0,0,0,0,0,0,0,0,0,0,0,0,0,0,0,0,0,0,0,0,0,0,0,0,0,0,0,0,0,0,0,0,0,0,0,0,0,0,0,0,0,0,0,0,0,0,0,0,0,0,0,0,0,0,0,0,0,0,0,0,0,0,0,0,0,0,0,0,0,-0.0016517168*J1^3*J2^1+0.0062210648*J1^2*J2^2+-0.0049069252*J1^1*J2^3+-0.0000964506*J2^4+0,0.0030209541*J1^3*J2^1+0.0056173041*J1^2*J2^2+-0.0007378367*J1^1*J2^3+0.0043782952*J2^4+0,-0.0000556858*J1^3*J2^1+-0.0028330146*J1^2*J2^2+0.0035917334*J1^1*J2^3+-0.0009536192*J2^4+0,0.0025278099*J1^3*J2^1+-0.0004259902*J1^2*J2^2+0.0032431520*J1^1*J2^3+0.0017441487*J2^4+0,-0.0018237096*J1^3*J2^1+0.0028469360*J1^2*J2^2+-0.0017123380*J1^1*J2^3+0.0009396977*J2^4+0,-0.0003576710*J1^3*J2^1+-0.0024032279*J1^2*J2^2+-0.0054132909*J1^1*J2^3+0.0010850694*J2^4+0,0.0005425347*J1^3*J2^1+-0.0009886188*J1^2*J2^2+0.0016436793*J1^1*J2^3+-0.0010529192*J2^4+0,0.0006264651*J1^3*J2^1+-0.0031253650*J1^2*J2^2+-0.0013875043*J1^1*J2^3+-0.0002065015*J2^4+0,0,0,0,0,0,0,0,0,0.0023358803*J1^3*J2^1+-0.0087979142*J1^2*J2^2+0.0069394401*J1^1*J2^3+0.0001364018*J2^4+0,-0.0042722743*J1^3*J2^1+-0.0079440676*J1^2*J2^2+0.0010434587*J1^1*J2^3+-0.0061918445*J2^4+0,0.0000787516*J1^3*J2^1+0.0040064876*J1^2*J2^2+-0.0050794782*J1^1*J2^3+0.0013486211*J2^4+0,-0.0035748631*J1^3*J2^1+0.0006024412*J1^2*J2^2+-0.0045865096*J1^1*J2^3+-0.0024665987*J2^4+0,0.0025791149*J1^3*J2^1+-0.0040261755*J1^2*J2^2+0.0024216117*J1^1*J2^3+-0.0013289332*J2^4+0,0.0005058232*J1^3*J2^1+0.0033986775*J1^2*J2^2+0.0076555494*J1^1*J2^3+-0.0015345199*J2^4+0,-0.0007672600*J1^3*J2^1+0.0013981182*J1^2*J2^2+-0.0023245135*J1^1*J2^3+0.0014890527*J2^4+0,-0.0008859555*J1^3*J2^1+0.0044199335*J1^2*J2^2+0.0019622273*J1^1*J2^3+0.0002920372*J2^4+0},
{0,0,0,0,0,0,0,0,0,0,0,0,0,0,0,0,0,0,0,0,0,0,0,0,0,0,0,0,0,0,0,0,0,0,0,0,0,0,0,0,0,0,0,0,0,0,0,0,0,0,0,0,0,0,0,0,0,0,0,0,0,0,0,0,0,0,0,0,0,0,0,0,0.0010730131*J1^3*J2^1+-0.0041112076*J1^1*J2^3+0,0.0018237096*J1^3*J2^1+0.0050743676*J1^2*J2^2+0.0019350812*J1^1*J2^3+0.0009396977*J2^4+0,-0.0023736068*J1^2*J2^2+0.0006195044*J2^4+0,0.0005425347*J1^3*J2^1+0.0011172197*J1^2*J2^2+0.0029296875*J1^1*J2^3+0.0010529192*J2^4+0,0.0012390088*J1^3*J2^1+0.0007726403*J1^2*J2^2+-0.0047472136*J1^1*J2^3+0.0044896668*J2^4+0,-0.0014748907*J1^3*J2^1+-0.0005545910*J1^2*J2^2+-0.0046014982*J1^1*J2^3+0.0009886188*J2^4+0,0.0025921103*J1^3*J2^1+-0.0027408050*J1^2*J2^2+0.0004460841*J1^1*J2^3+0.0007153421*J2^4+0,0.0005707793*J1^3*J2^1+-0.0026566762*J1^2*J2^2+-0.0003201933*J1^1*J2^3+-0.0008515285*J2^4+0,0,0,0,0,0,0,0,0,-0.0015174697*J1^3*J2^1+0.0058141255*J1^1*J2^3+0,-0.0025791149*J1^3*J2^1+-0.0071762395*J1^2*J2^2+-0.0027366181*J1^1*J2^3+-0.0013289332*J2^4+0,0.0033567869*J1^2*J2^2+-0.0008761115*J2^4+0,-0.0007672600*J1^3*J2^1+-0.0015799872*J1^2*J2^2+-0.0041432038*J1^1*J2^3+-0.0014890527*J2^4+0,-0.0017522231*J1^3*J2^1+-0.0010926784*J1^2*J2^2+0.0067135738*J1^1*J2^3+-0.0063493477*J2^4+0,0.0020858104*J1^3*J2^1+0.0007843102*J1^2*J2^2+0.0065075012*J1^1*J2^3+-0.0013981182*J2^4+0,-0.0036657976*J1^3*J2^1+0.0038760837*J1^2*J2^2+-0.0006308582*J1^1*J2^3+-0.0010116465*J2^4+0,-0.0008072039*J1^3*J2^1+0.0037571075*J1^2*J2^2+0.0004528217*J1^1*J2^3+0.0012042432*J2^4+0},
{0,0,0,0,0,0,0,0,0,0,0,0,0,0,0,0,0,0,0,0,0,0,0,0,0,0,0,0,0,0,0,0,0,0,0,0,0,0,0,0,0,0,0,0,0,0,0,0,0,0,0,0,0,0,0,0,0,0,0,0,0,0,0,0,0,0,0,0,0,0,0,0,-0.0018237096*J1^3*J2^1+0.0028469360*J1^2*J2^2+-0.0017123380*J1^1*J2^3+0.0009396977*J2^4+0,-0.0003576710*J1^3*J2^1+-0.0024032279*J1^2*J2^2+-0.0054132909*J1^1*J2^3+0.0010850694*J2^4+0,0.0005425347*J1^3*J2^1+-0.0009886188*J1^2*J2^2+0.0016436793*J1^1*J2^3+-0.0010529192*J2^4+0,0.0006264651*J1^3*J2^1+-0.0031253650*J1^2*J2^2+-0.0013875043*J1^1*J2^3+-0.0002065015*J2^4+0,-0.0037575553*J1^3*J2^1+0.0095084234*J1^2*J2^2+-0.0068841628*J1^1*J2^3+0.0009886188*J2^4+0,0.0026079512*J1^3*J2^1+0.0028422955*J1^2*J2^2+-0.0069885666*J1^1*J2^3+0.0056312255*J2^4+0,0.0005707793*J1^3*J2^1+-0.0039745733*J1^2*J2^2+0.0054896908*J1^1*J2^3+-0.0021694256*J2^4+0,0.0032511896*J1^3*J2^1+-0.0040348508*J1^2*J2^2+0.0016410001*J1^1*J2^3+0.0015057013*J2^4+0,0,0,0,0,0,0,0,0,0.0025791149*J1^3*J2^1+-0.0040261755*J1^2*J2^2+0.0024216117*J1^1*J2^3+-0.0013289332*J2^4+0,0.0005058232*J1^3*J2^1+0.0033986775*J1^2*J2^2+0.0076555494*J1^1*J2^3+-0.0015345199*J2^4+0,-0.0007672600*J1^3*J2^1+0.0013981182*J1^2*J2^2+-0.0023245135*J1^1*J2^3+0.0014890527*J2^4+0,-0.0008859555*J1^3*J2^1+0.0044199335*J1^2*J2^2+0.0019622273*J1^1*J2^3+0.0002920372*J2^4+0,0.0053139857*J1^3*J2^1+-0.0134469413*J1^2*J2^2+0.0097356764*J1^1*J2^3+-0.0013981182*J2^4+0,-0.0036881999*J1^3*J2^1+-0.0040196129*J1^2*J2^2+0.0098833257*J1^1*J2^3+-0.0079637555*J2^4+0,-0.0008072039*J1^3*J2^1+0.0056208954*J1^2*J2^2+-0.0077635952*J1^1*J2^3+0.0030680311*J2^4+0,-0.0045978764*J1^3*J2^1+0.0057061408*J1^2*J2^2+-0.0023207246*J1^1*J2^3+-0.0021293832*J2^4+0},
{0,0,0,0,0,0,0,0,0,0,0,0,0,0,0,0,0,0,0,0,0,0,0,0,0,0,0,0,0,0,0,0,0,0,0,0,0,0,0,0,0,0,0,0,0,0,0,0,0,0,0,0,0,0,0,0,0,0,0,0,0,0,0,0,0,0,0,0,0,0,0,0,0,0,0,0,0,0,0,0,0,0,0.0063493477*J1^3*J2^1+-0.0010926784*J1^2*J2^2+0.0010926784*J1^1*J2^3+-0.0063493477*J2^4+0,0.0049275140*J1^3*J2^1+-0.0005967577*J1^2*J2^2+0.0005967577*J1^1*J2^3+-0.0049275140*J2^4+0,0,0,-0.0015174697*J1^3*J2^1+-0.0058141255*J1^2*J2^2+0.0058141255*J1^1*J2^3+0.0015174697*J2^4+0,-0.0012501816*J1^3*J2^1+-0.0044396214*J1^2*J2^2+0.0044396214*J1^1*J2^3+0.0012501816*J2^4+0,0,0,0,0,0,0,0,0},
{0,0,0,0,0,0,0,0,0,0,0,0,0,0,0,0,0,0,0,0,0,0,0,0,0,0,0,0,0,0,0,0,0,0,0,0,0,0,0,0,0,0,0,0,0,0,0,0,0,0,0,0,0,0,0,0,0,0,0,0,0,0,0,0,0,0,0,0,0,0,0,0,0,0,0,0,0,0,0,0,0,0,0.0021994786*J1^3*J2^1+-0.0157373543*J1^2*J2^2+0.0157373543*J1^1*J2^3+-0.0021994786*J2^4+0,0.0019195702*J1^3*J2^1+-0.0089875263*J1^2*J2^2+0.0089875263*J1^1*J2^3+-0.0019195702*J2^4+0,0,0,0.0039080481*J1^3*J2^1+-0.0064477872*J1^2*J2^2+0.0064477872*J1^1*J2^3+-0.0039080481*J2^4+0,0.0020403432*J1^3*J2^1+-0.0042568719*J1^2*J2^2+0.0042568719*J1^1*J2^3+-0.0020403432*J2^4+0,0,0,0,0,0,0,0,0},
{0,0,0,0,0,0,0,0,0,0,0,0,0,0,0,0,0,0,0,0,0,0,0,0,0,0,0,0,0,0,0,0,0,0,0,0,0,0,0,0,0,0,0,0,0,0,0,0,0,0,0,0,0,0,0,0,0,0,0,0,0,0,0,0,0,0,0,0,0,0,0,0,0,0,0,0,0,0,0,0,0,0,-0.0015174697*J1^3*J2^1+-0.0058141255*J1^2*J2^2+0.0058141255*J1^1*J2^3+0.0015174697*J2^4+0,-0.0012501816*J1^3*J2^1+-0.0044396214*J1^2*J2^2+0.0044396214*J1^1*J2^3+0.0012501816*J2^4+0,0,0,0.0045971246*J1^3*J2^1+-0.0078062523*J1^2*J2^2+0.0078062523*J1^1*J2^3+-0.0045971246*J2^4+0,0.0034839286*J1^3*J2^1+-0.0057231910*J1^2*J2^2+0.0057231910*J1^1*J2^3+-0.0034839286*J2^4+0,0,0,0,0,0,0,0,0},
{0,0,0,0,0,0,0,0,0,0,0,0,0,0,0,0,0,0,0,0,0,0,0,0,0,0,0,0,0,0,0,0,0,0,0,0,0,0,0,0,0,0,0,0,0,0,0,0,0,0,0,0,0,0,0,0,0,0,0,0,0,0,0,0,0,0,0,0,0,0,0,0,0,0,0,0,0,0,0,0,0,0,0.0039080481*J1^3*J2^1+-0.0064477872*J1^2*J2^2+0.0064477872*J1^1*J2^3+-0.0039080481*J2^4+0,0.0020403432*J1^3*J2^1+-0.0042568719*J1^2*J2^2+0.0042568719*J1^1*J2^3+-0.0020403432*J2^4+0,0,0,0.0067121038*J1^3*J2^1+-0.0231826177*J1^2*J2^2+0.0231826177*J1^1*J2^3+-0.0067121038*J2^4+0,0.0042755556*J1^3*J2^1+-0.0139029386*J1^2*J2^2+0.0139029386*J1^1*J2^3+-0.0042755556*J2^4+0,0,0,0,0,0,0,0,0},
{0,0,0,0,0,0,0,0,0,0,0,0,0,0,0,0,0,0,0,0,0,0,0,0,0,0,0,0,0,0,0,0,0,0,0,0,0,0,0,0,0,0,0,0,0,0,0,0,0,0,0,0,0,0,0,0,0,0,0,0,0,0,0,0,0,0,0,0,0,0,0,0,0,0,-0.0036657976*J1^3*J2^1+0.0006308582*J1^2*J2^2+-0.0006308582*J1^1*J2^3+0.0036657976*J2^4+0,-0.0028449015*J1^3*J2^1+0.0003445382*J1^2*J2^2+-0.0003445382*J1^1*J2^3+0.0028449015*J2^4+0,0,0,0.0008761115*J1^3*J2^1+0.0033567869*J1^2*J2^2+-0.0033567869*J1^1*J2^3+-0.0008761115*J2^4+0,0.0007217927*J1^3*J2^1+0.0025632166*J1^2*J2^2+-0.0025632166*J1^1*J2^3+-0.0007217927*J2^4+0,0,0,0,0,0,0,0,0,0,0,0.0051842207*J1^3*J2^1+-0.0008921682*J1^2*J2^2+0.0008921682*J1^1*J2^3+-0.0051842207*J2^4+0,0.0040232983*J1^3*J2^1+-0.0004872507*J1^2*J2^2+0.0004872507*J1^1*J2^3+-0.0040232983*J2^4+0,0,0,-0.0012390088*J1^3*J2^1+-0.0047472136*J1^2*J2^2+0.0047472136*J1^1*J2^3+0.0012390088*J2^4+0,-0.0010207690*J1^3*J2^1+-0.0036249357*J1^2*J2^2+0.0036249357*J1^1*J2^3+0.0010207690*J2^4+0},
{0,0,0,0,0,0,0,0,0,0,0,0,0,0,0,0,0,0,0,0,0,0,0,0,0,0,0,0,0,0,0,0,0,0,0,0,0,0,0,0,0,0,0,0,0,0,0,0,0,0,0,0,0,0,0,0,0,0,0,0,0,0,0,0,0,0,0,0,0,0,0,0,0,0,-0.0012698695*J1^3*J2^1+0.0090859658*J1^2*J2^2+-0.0090859658*J1^1*J2^3+0.0012698695*J2^4+0,-0.0011082644*J1^3*J2^1+0.0051889507*J1^2*J2^2+-0.0051889507*J1^1*J2^3+0.0011082644*J2^4+0,0,0,-0.0022563126*J1^3*J2^1+0.0037226317*J1^2*J2^2+-0.0037226317*J1^1*J2^3+0.0022563126*J2^4+0,-0.0011779927*J1^3*J2^1+0.0024577062*J1^2*J2^2+-0.0024577062*J1^1*J2^3+0.0011779927*J2^4+0,0,0,0,0,0,0,0,0,0,0,0.0017958667*J1^3*J2^1+-0.0128494960*J1^2*J2^2+0.0128494960*J1^1*J2^3+-0.0017958667*J2^4+0,0.0015673225*J1^3*J2^1+-0.0073382845*J1^2*J2^2+0.0073382845*J1^1*J2^3+-0.0015673225*J2^4+0,0,0,0.0031909079*J1^3*J2^1+-0.0052645962*J1^2*J2^2+0.0052645962*J1^1*J2^3+-0.0031909079*J2^4+0,0.0016659332*J1^3*J2^1+-0.0034757214*J1^2*J2^2+0.0034757214*J1^1*J2^3+-0.0016659332*J2^4+0},
{0,0,0,0,0,0,0,0,0,0,0,0,0,0,0,0,0,0,0,0,0,0,0,0,0,0,0,0,0,0,0,0,0,0,0,0,0,0,0,0,0,0,0,0,0,0,0,0,0,0,0,0,0,0,0,0,0,0,0,0,0,0,0,0,0,0,0,0,0,0,0,0,0,0,0.0008761115*J1^3*J2^1+0.0033567869*J1^2*J2^2+-0.0033567869*J1^1*J2^3+-0.0008761115*J2^4+0,0.0007217927*J1^3*J2^1+0.0025632166*J1^2*J2^2+-0.0025632166*J1^1*J2^3+-0.0007217927*J2^4+0,0,0,-0.0026541511*J1^3*J2^1+0.0045069419*J1^2*J2^2+-0.0045069419*J1^1*J2^3+0.0026541511*J2^4+0,-0.0020114471*J1^3*J2^1+0.0033042859*J1^2*J2^2+-0.0033042859*J1^1*J2^3+0.0020114471*J2^4+0,0,0,0,0,0,0,0,0,0,0,-0.0012390088*J1^3*J2^1+-0.0047472136*J1^2*J2^2+0.0047472136*J1^1*J2^3+0.0012390088*J2^4+0,-0.0010207690*J1^3*J2^1+-0.0036249357*J1^2*J2^2+0.0036249357*J1^1*J2^3+0.0010207690*J2^4+0,0,0,0.0037535365*J1^3*J2^1+-0.0063737783*J1^2*J2^2+0.0063737783*J1^1*J2^3+-0.0037535365*J2^4+0,0.0028446158*J1^3*J2^1+-0.0046729659*J1^2*J2^2+0.0046729659*J1^1*J2^3+-0.0028446158*J2^4+0},
{0,0,0,0,0,0,0,0,0,0,0,0,0,0,0,0,0,0,0,0,0,0,0,0,0,0,0,0,0,0,0,0,0,0,0,0,0,0,0,0,0,0,0,0,0,0,0,0,0,0,0,0,0,0,0,0,0,0,0,0,0,0,0,0,0,0,0,0,0,0,0,0,0,0,-0.0022563126*J1^3*J2^1+0.0037226317*J1^2*J2^2+-0.0037226317*J1^1*J2^3+0.0022563126*J2^4+0,-0.0011779927*J1^3*J2^1+0.0024577062*J1^2*J2^2+-0.0024577062*J1^1*J2^3+0.0011779927*J2^4+0,0,0,-0.0038752349*J1^3*J2^1+0.0133844906*J1^2*J2^2+-0.0133844906*J1^1*J2^3+0.0038752349*J2^4+0,-0.0024684932*J1^3*J2^1+0.0080268653*J1^2*J2^2+-0.0080268653*J1^1*J2^3+0.0024684932*J2^4+0,0,0,0,0,0,0,0,0,0,0,0.0031909079*J1^3*J2^1+-0.0052645962*J1^2*J2^2+0.0052645962*J1^1*J2^3+-0.0031909079*J2^4+0,0.0016659332*J1^3*J2^1+-0.0034757214*J1^2*J2^2+0.0034757214*J1^1*J2^3+-0.0016659332*J2^4+0,0,0,0.0054804098*J1^3*J2^1+-0.0189285281*J1^2*J2^2+0.0189285281*J1^1*J2^3+-0.0054804098*J2^4+0,0.0034909765*J1^3*J2^1+-0.0113517018*J1^2*J2^2+0.0113517018*J1^1*J2^3+-0.0034909765*J2^4+0},
{0,0,0,0,0,0,0,0,0,0,0,0,0,0,0,0,0,0,0,0,0,0,0,0,0,0,0,0,0,0,0,0,0,0,0,0,0,0,0,0,0,0,0,0,0,0,0,0,0,0,0,0,0,0,0,0,0,0,0,0,0,0,0,0,0,0,0,0,0,0,0,0,0,0,0,0,0,0,0,0,0,0,0,0,0,0,0,0,0,0,0,0,0,0,0,0},
{0,0,0,0,0,0,0,0,0,0,0,0,0,0,0,0,0,0,0,0,0,0,0,0,0,0,0,0,0,0,0,0,0,0,0,0,0,0,0,0,0,0,0,0,0,0,0,0,0,0,0,0,0,0,0,0,0,0,0,0,0,0,0,0,0,0,0,0,0,0,0,0,0,0,0,0,0,0,0,0,0,0,0,0,0,0,0,0,0,0,0,0,0,0,0,0},
{0,0,0,0,0,0,0,0,0,0,0,0,0,0,0,0,0,0,0,0,0,0,0,0,0,0,0,0,0,0,0,0,0,0,0,0,0,0,0,0,0,0,0,0,0,0,0,0,0,0,0,0,0,0,0,0,0,0,0,0,0,0,0,0,0,0,0,0,0,0,0,0,0,0,0,0,0,0,0,0,0,0,0,0,0,0,0,0,0,0,0,0,0,0,0,0},
{0,0,0,0,0,0,0,0,0,0,0,0,0,0,0,0,0,0,0,0,0,0,0,0,0,0,0,0,0,0,0,0,0,0,0,0,0,0,0,0,0,0,0,0,0,0,0,0,0,0,0,0,0,0,0,0,0,0,0,0,0,0,0,0,0,0,0,0,0,0,0,0,0,0,0,0,0,0,0,0,0,0,0,0,0,0,0,0,0,0,0,0,0,0,0,0},
{0,0,0,0,0,0,0,0,0,0,0,0,0,0,0,0,0,0,0,0,0,0,0,0,0,0,0,0,0,0,0,0,0,0,0,0,0,0,0,0,0,0,0,0,0,0,0,0,0,0,0,0,0,0,0,0,0,0,0,0,0,0,0,0,0,0,0,0,0,0,0,0,0,0,0,0,0,0,0,0,0,0,0,0,0,0,0,0,0,0,0,0,0,0,0,0},
{0,0,0,0,0,0,0,0,0,0,0,0,0,0,0,0,0,0,0,0,0,0,0,0,0,0,0,0,0,0,0,0,0,0,0,0,0,0,0,0,0,0,0,0,0,0,0,0,0,0,0,0,0,0,0,0,0,0,0,0,0,0,0,0,0,0,0,0,0,0,0,0,0,0,0,0,0,0,0,0,0,0,0,0,0,0,0,0,0,0,0,0,0,0,0,0},
{0,0,0,0,0,0,0,0,0,0,0,0,0,0,0,0,0,0,0,0,0,0,0,0,0,0,0,0,0,0,0,0,0,0,0,0,0,0,0,0,0,0,0,0,0,0,0,0,0,0,0,0,0,0,0,0,0,0,0,0,0,0,0,0,0,0,0,0,0,0,0,0,0,0,0,0,0,0,0,0,0,0,0,0,0,0,0,0,0,0,0,0,0,0,0,0},
{0,0,0,0,0,0,0,0,0,0,0,0,0,0,0,0,0,0,0,0,0,0,0,0,0,0,0,0,0,0,0,0,0,0,0,0,0,0,0,0,0,0,0,0,0,0,0,0,0,0,0,0,0,0,0,0,0,0,0,0,0,0,0,0,0,0,0,0,0,0,0,0,0,0,0,0,0,0,0,0,0,0,0,0,0,0,0,0,0,0,0,0,0,0,0,0},
{0,0,0,0,0,0,0,0,0,0,0,0,0,0,0,0,0,0,0,0,0,0,0,0,0,0,0,0,0,0,0,0,0,0,0,0,0,0,0,0,0,0,0,0,0,0,0,0,0,0,0,0,0,0,0,0,0,0,0,0,0,0,0,0,0,0,0,0,0,0,0,0,0,0,0,0,0,0,0,0,0,0,0,0,0,0,0,0,0,0,0,0,0,0,0,0},
{0,0,0,0,0,0,0,0,0,0,0,0,0,0,0,0,0,0,0,0,0,0,0,0,0,0,0,0,0,0,0,0,0,0,0,0,0,0,0,0,0,0,0,0,0,0,0,0,0,0,0,0,0,0,0,0,0,0,0,0,0,0,0,0,0,0,0,0,0,0,0,0,0,0,0,0,0,0,0,0,0,0,0,0,0,0,0,0,0,0,0,0,0,0,0,0},
{0,0,0,0,0,0,0,0,0,0,0,0,0,0,0,0,0,0,0,0,0,0,0,0,0,0,0,0,0,0,0,0,0,0,0,0,0,0,0,0,0,0,0,0,0,0,0,0,0,0,0,0,0,0,0,0,0,0,0,0,0,0,0,0,0,0,0,0,0,0,0,0,0,0,0,0,0,0,0,0,0,0,0,0,0,0,0,0,0,0,0,0,0,0,0,0},
{0,0,0,0,0,0,0,0,0,0,0,0,0,0,0,0,0,0,0,0,0,0,0,0,0,0,0,0,0,0,0,0,0,0,0,0,0,0,0,0,0,0,0,0,0,0,0,0,0,0,0,0,0,0,0,0,0,0,0,0,0,0,0,0,0,0,0,0,0,0,0,0,0,0,0,0,0,0,0,0,0,0,0,0,0,0,0,0,0,0,0,0,0,0,0,0},
{0,0,0,0,0,0,0,0,0,0,0,0,0,0,0,0,0,0,0,0,0,0,0,0,0,0,0,0,0,0,0,0,0,0,0,0,0,0,0,0,0,0,0,0,0,0,0,0,0,0,0,0,0,0,0,0,0,0,0,0,0,0,0,0,0,0,0,0,0,0,0,0,0,0,0,0,0,0,0,0,0,0,0,0,0,0,0,0,0,0,0,0,0,0,0,0},
{0,0,0,0,0,0,0,0,0,0,0,0,0,0,0,0,0,0,0,0,0,0,0,0,0,0,0,0,0,0,0,0,0,0,0,0,0,0,0,0,0,0,0,0,0,0,0,0,0,0,0,0,0,0,0,0,0,0,0,0,0,0,0,0,0,0,0,0,0,0,0,0,0,0,0,0,0,0,0,0,0,0,0,0,0,0,0,0,0,0,0,0,0,0,0,0},
{0,0,0,0,0,0,0,0,0,0,0,0,0,0,0,0,0,0,0,0,0,0,0,0,0,0,0,0,0,0,0,0,0,0,0,0,0,0,0,0,0,0,0,0,0,0,0,0,0,0,0,0,0,0,0,0,0,0,0,0,0,0,0,0,0,0,0,0,0,0,0,0,0,0,0,0,0,0,0,0,0,0,0,0,0,0,0,0,0,0,0,0,0,0,0,0},
{0,0,0,0,0,0,0,0,0,0,0,0,0,0,0,0,0,0,0,0,0,0,0,0,0,0,0,0,0,0,0,0,0,0,0,0,0,0,0,0,0,0,0,0,0,0,0,0,0,0,0,0,0,0,0,0,0,0,0,0,0,0,0,0,0,0,0,0,0,0,0,0,0,0,0,0,0,0,0,0,0,0,0,0,0,0,0,0,0,0,0,0,0,0,0,0},
{0,0,0,0,0,0,0,0,0,0,0,0,0,0,0,0,0,0,0,0,0,0,0,0,0,0,0,0,0,0,0,0,0,0,0,0,0,0,0,0,0,0,0,0,0,0,0,0,0,0,0,0,0,0,0,0,0,0,0,0,0,0,0,0,0,0,0,0,0,0,0,0,0,0,0,0,0,0,0,0,0,0,0,0,0,0,0,0,0,0,0,0,0,0,0,0},
{0,0,0,0,0,0,0,0,0,0,0,0,0,0,0,0,0,0,0,0,0,0,0,0,0,0,0,0,0,0,0,0,0,0,0,0,0,0,0,0,0,0,0,0,0,0,0,0,0,0,0,0,0,0,0,0,0,0,0,0,0,0,0,0,0,0,0,0,0,0,0,0,0,0,0,0,0,0,0,0,0,0,0,0,0,0,0,0,0,0,0,0,0,0,0,0},
{0,0,0,0,0,0,0,0,0,0,0,0,0,0,0,0,0,0,0,0,0,0,0,0,0,0,0,0,0,0,0,0,0,0,0,0,0,0,0,0,0,0,0,0,0,0,0,0,0,0,0,0,0,0,0,0,0,0,0,0,0,0,0,0,0,0,0,0,0,0,0,0,0,0,0,0,0,0,0,0,0,0,0,0,0,0,0,0,0,0,0,0,0,0,0,0},
{0,0,0,0,0,0,0,0,0,0,0,0,0,0,0,0,0,0,0,0,0,0,0,0,0,0,0,0,0,0,0,0,0,0,0,0,0,0,0,0,0,0,0,0,0,0,0,0,0,0,0,0,0,0,0,0,0,0,0,0,0,0,0,0,0,0,0,0,0,0,0,0,0,0,0,0,0,0,0,0,0,0,0,0,0,0,0,0,0,0,0,0,0,0,0,0},
{0,0,0,0,0,0,0,0,0,0,0,0,0,0,0,0,0,0,0,0,0,0,0,0,0,0,0,0,0,0,0,0,0,0,0,0,0,0,0,0,0,0,0,0,0,0,0,0,0,0,0,0,0,0,0,0,0,0,0,0,0,0,0,0,0,0,0,0,0,0,0,0,0,0,0,0,0,0,0,0,0,0,0,0,0,0,0,0,0,0,0,0,0,0,0,0},
{0,0,0,0,0,0,0,0,0,0,0,0,0,0,0,0,0,0,0,0,0,0,0,0,0,0,0,0,0,0,0,0,0,0,0,0,0,0,0,0,0,0,0,0,0,0,0,0,0,0,0,0,0,0,0,0,0,0,0,0,0,0,0,0,0,0,0,0,0,0,0,0,0,0,0,0,0,0,0,0,0,0,0,0,0,0,0,0,0,0,0,0,0,0,0,0},
{0,0,0,0,0,0,0,0,0,0,0,0,0,0,0,0,0,0,0,0,0,0,0,0,0,0,0,0,0,0,0,0,0,0,0,0,0,0,0,0,0,0,0,0,0,0,0,0,0,0,0,0,0,0,0,0,0,0,0,0,0,0,0,0,0,0,0,0,0,0,0,0,0,0,0,0,0,0,0,0,0,0,0,0,0,0,0,0,0,0,0,0,0,0,0,0},
{0,0,0,0,0,0,0,0,0,0,0,0,0,0,0,0,0,0,0,0,0,0,0,0,0,0,0,0,0,0,0,0,0,0,0,0,0,0,0,0,0,0,0,0,0,0,0,0,0,0,0,0,0,0,0,0,0,0,0,0,0,0,0,0,0,0,0,0,0,0,0,0,0,0,0,0,0,0,0,0,0,0,0,0,0,0,0,0,0,0,0,0,0,0,0,0},
{0,0,0,0,0,0,0,0,0,0,0,0,0,0,0,0,0,0,0,0,0,0,0,0,0,0,0,0,-0.0044896668*J1^3*J2^1+-0.0007726403*J1^1*J2^3+0,0.0000964506*J1^3*J2^1+0.0010006752*J1^2*J2^2+-0.0010127315*J1^1*J2^3+-0.0022545332*J2^4+0,0.0041112076*J1^2*J2^2+-0.0010730131*J2^4+0,-0.0009396977*J1^3*J2^1+0.0002088217*J1^2*J2^2+0.0016636130*J1^1*J2^3+0.0003201933*J2^4+0,0,0,0,0,0.0007726403*J1^2*J2^2+0.0044896668*J2^4+0,0.0022545332*J1^3*J2^1+0.0010127315*J1^2*J2^2+-0.0010006752*J1^1*J2^3+-0.0000964506*J2^4+0,0.0010730131*J1^3*J2^1+-0.0041112076*J1^1*J2^3+0,-0.0003201933*J1^3*J2^1+-0.0016636130*J1^2*J2^2+-0.0002088217*J1^1*J2^3+0.0009396977*J2^4+0,0,0,0,0,0,0,0,0,0,0,0,0,0,0,0,0,0,0,0,0,0,0,0,0,0,0,0,0,0,0,0,0,0,0,0,0,0,0,0,0,0,0,0,0,0,0,0,0,0,0,0,0,0,0,0,0},
{0,0,0,0,0,0,0,0,0,0,0,0,0,0,0,0,0,0,0,0,0,0,0,0,0,0,0,0,0.0000964506*J1^3*J2^1+0.0029296875*J1^2*J2^2+0.0012056327*J1^1*J2^3+-0.0003255208*J2^4+0,-0.0043782952*J1^3*J2^1+0.0052483857*J1^2*J2^2+-0.0056173041*J1^1*J2^3+0.0014895949*J2^4+0,-0.0009396977*J1^3*J2^1+-0.0004315649*J1^2*J2^2+-0.0005638186*J1^1*J2^3+-0.0003201933*J2^4+0,-0.0010850694*J1^3*J2^1+0.0054132909*J1^2*J2^2+-0.0028051055*J1^1*J2^3+0.0003576710*J2^4+0,0,0,0,0,0.0003255208*J1^3*J2^1+-0.0012056327*J1^2*J2^2+-0.0029296875*J1^1*J2^3+-0.0000964506*J2^4+0,-0.0014895949*J1^3*J2^1+0.0056173041*J1^2*J2^2+-0.0052483857*J1^1*J2^3+0.0043782952*J2^4+0,0.0003201933*J1^3*J2^1+0.0005638186*J1^2*J2^2+0.0004315649*J1^1*J2^3+0.0009396977*J2^4+0,-0.0003576710*J1^3*J2^1+0.0028051055*J1^2*J2^2+-0.0054132909*J1^1*J2^3+0.0010850694*J2^4+0,0,0,0,0,0,0,0,0,0,0,0,0,0,0,0,0,0,0,0,0,0,0,0,0,0,0,0,0,0,0,0,0,0,0,0,0,0,0,0,0,0,0,0,0,0,0,0,0,0,0,0,0,0,0,0,0},
{0,0,0,0,0,0,0,0,0,0,0,0,0,0,0,0,0,0,0,0,0,0,0,0,0,0,0,0,-0.0004460841*J1^2*J2^2+-0.0025921103*J2^4+0,-0.0013016553*J1^3*J2^1+-0.0005847008*J1^2*J2^2+0.0005777401*J1^1*J2^3+0.0000556858*J2^4+0,-0.0006195044*J1^3*J2^1+0.0023736068*J1^1*J2^3+0,0.0001848637*J1^3*J2^1+0.0009604874*J1^2*J2^2+0.0001205633*J1^1*J2^3+-0.0005425347*J2^4+0,0,0,0,0,0.0025921103*J1^3*J2^1+0.0004460841*J1^1*J2^3+0,-0.0000556858*J1^3*J2^1+-0.0005777401*J1^2*J2^2+0.0005847008*J1^1*J2^3+0.0013016553*J2^4+0,-0.0023736068*J1^2*J2^2+0.0006195044*J2^4+0,0.0005425347*J1^3*J2^1+-0.0001205633*J1^2*J2^2+-0.0009604874*J1^1*J2^3+-0.0001848637*J2^4+0,0,0,0,0,-0.0036657976*J1^3*J2^1+0.0006308582*J1^2*J2^2+-0.0006308582*J1^1*J2^3+0.0036657976*J2^4+0,0.0019195702*J1^3*J2^1+0.0016439396*J1^2*J2^2+-0.0016439396*J1^1*J2^3+-0.0019195702*J2^4+0,0.0008761115*J1^3*J2^1+0.0033567869*J1^2*J2^2+-0.0033567869*J1^1*J2^3+-0.0008761115*J2^4+0,-0.0010286967*J1^3*J2^1+-0.0011878321*J1^2*J2^2+0.0011878321*J1^1*J2^3+0.0010286967*J2^4+0,0,0,0,0,0,0,0,0,0,0,0,0,0,0,0,0,0,0,0,0,0,0,0,0,0,0,0,0,0,0,0,0,0,0,0,0,0,0,0,0,0,0,0,0,0,0,0,0},
{0,0,0,0,0,0,0,0,0,0,0,0,0,0,0,0,0,0,0,0,0,0,0,0,0,0,0,0,-0.0001879395*J1^3*J2^1+0.0006960724*J1^2*J2^2+0.0016914559*J1^1*J2^3+0.0000556858*J2^4+0,0.0008600180*J1^3*J2^1+-0.0032431520*J1^2*J2^2+0.0030301569*J1^1*J2^3+-0.0025278099*J2^4+0,-0.0001848637*J1^3*J2^1+-0.0003255208*J1^2*J2^2+-0.0002491641*J1^1*J2^3+-0.0005425347*J2^4+0,0.0002065015*J1^3*J2^1+-0.0016195284*J1^2*J2^2+0.0031253650*J1^1*J2^3+-0.0006264651*J2^4+0,0,0,0,0,-0.0000556858*J1^3*J2^1+-0.0016914559*J1^2*J2^2+-0.0006960724*J1^1*J2^3+0.0001879395*J2^4+0,0.0025278099*J1^3*J2^1+-0.0030301569*J1^2*J2^2+0.0032431520*J1^1*J2^3+-0.0008600180*J2^4+0,0.0005425347*J1^3*J2^1+0.0002491641*J1^2*J2^2+0.0003255208*J1^1*J2^3+0.0001848637*J2^4+0,0.0006264651*J1^3*J2^1+-0.0031253650*J1^2*J2^2+0.0016195284*J1^1*J2^3+-0.0002065015*J2^4+0,0,0,0,0,0.0003445382*J1^3*J2^1+0.0014076848*J1^2*J2^2+-0.0014076848*J1^1*J2^3+-0.0003445382*J2^4+0,-0.0047911122*J1^3*J2^1+0.0088717985*J1^2*J2^2+-0.0088717985*J1^1*J2^3+0.0047911122*J2^4+0,-0.0005058232*J1^3*J2^1+0.0001079847*J1^2*J2^2+-0.0001079847*J1^1*J2^3+0.0005058232*J2^4+0,-0.0011779927*J1^3*J2^1+0.0067102925*J1^2*J2^2+-0.0067102925*J1^1*J2^3+0.0011779927*J2^4+0,0,0,0,0,0,0,0,0,0,0,0,0,0,0,0,0,0,0,0,0,0,0,0,0,0,0,0,0,0,0,0,0,0,0,0,0,0,0,0,0,0,0,0,0,0,0,0,0},
{0,0,0,0,0,0,0,0,0,0,0,0,0,0,0,0,0,0,0,0,0,0,0,0,0,0,0,0,0.0041112076*J1^2*J2^2+-0.0010730131*J2^4+0,-0.0009396977*J1^3*J2^1+0.0002088217*J1^2*J2^2+0.0016636130*J1^1*J2^3+0.0003201933*J2^4+0,-0.0044896668*J1^3*J2^1+0.0047472136*J1^2*J2^2+-0.0007726403*J1^1*J2^3+-0.0012390088*J2^4+0,-0.0009886188*J1^3*J2^1+0.0012418017*J1^2*J2^2+0.0009082433*J1^1*J2^3+-0.0018848058*J2^4+0,0,0,0,0,0.0010730131*J1^3*J2^1+-0.0041112076*J1^1*J2^3+0,-0.0003201933*J1^3*J2^1+-0.0016636130*J1^2*J2^2+-0.0002088217*J1^1*J2^3+0.0009396977*J2^4+0,0.0012390088*J1^3*J2^1+0.0007726403*J1^2*J2^2+-0.0047472136*J1^1*J2^3+0.0044896668*J2^4+0,0.0018848058*J1^3*J2^1+-0.0009082433*J1^2*J2^2+-0.0012418017*J1^1*J2^3+0.0009886188*J2^4+0,0,0,0,0,0,0,0,0,0,0,0,0,0,0,0,0,0,0,0,0,0,0,0,0,0,0,0,0,0,0,0,0,0,0,0,0,0,0,0,0,0,0,0,0,0,0,0,0,0,0,0,0,0,0,0,0},
{0,0,0,0,0,0,0,0,0,0,0,0,0,0,0,0,0,0,0,0,0,0,0,0,0,0,0,0,-0.0009396977*J1^3*J2^1+-0.0004315649*J1^2*J2^2+-0.0005638186*J1^1*J2^3+-0.0003201933*J2^4+0,-0.0010850694*J1^3*J2^1+0.0054132909*J1^2*J2^2+-0.0028051055*J1^1*J2^3+0.0003576710*J2^4+0,-0.0009886188*J1^3*J2^1+0.0024313593*J1^2*J2^2+0.0005545910*J1^1*J2^3+-0.0006952482*J2^4+0,-0.0056312255*J1^3*J2^1+0.0114991156*J1^2*J2^2+-0.0088563608*J1^1*J2^3+0.0019025978*J2^4+0,0,0,0,0,0.0003201933*J1^3*J2^1+0.0005638186*J1^2*J2^2+0.0004315649*J1^1*J2^3+0.0009396977*J2^4+0,-0.0003576710*J1^3*J2^1+0.0028051055*J1^2*J2^2+-0.0054132909*J1^1*J2^3+0.0010850694*J2^4+0,0.0006952482*J1^3*J2^1+-0.0005545910*J1^2*J2^2+-0.0024313593*J1^1*J2^3+0.0009886188*J2^4+0,-0.0019025978*J1^3*J2^1+0.0088563608*J1^2*J2^2+-0.0114991156*J1^1*J2^3+0.0056312255*J2^4+0,0,0,0,0,0,0,0,0,0,0,0,0,0,0,0,0,0,0,0,0,0,0,0,0,0,0,0,0,0,0,0,0,0,0,0,0,0,0,0,0,0,0,0,0,0,0,0,0,0,0,0,0,0,0,0,0},
{0,0,0,0,0,0,0,0,0,0,0,0,0,0,0,0,0,0,0,0,0,0,0,0,0,0,0,0,-0.0006195044*J1^3*J2^1+0.0023736068*J1^1*J2^3+0,0.0001848637*J1^3*J2^1+0.0009604874*J1^2*J2^2+0.0001205633*J1^1*J2^3+-0.0005425347*J2^4+0,-0.0007153421*J1^3*J2^1+-0.0004460841*J1^2*J2^2+0.0027408050*J1^1*J2^3+-0.0025921103*J2^4+0,-0.0010881931*J1^3*J2^1+0.0005243745*J1^2*J2^2+0.0007169545*J1^1*J2^3+-0.0005707793*J2^4+0,0,0,0,0,-0.0023736068*J1^2*J2^2+0.0006195044*J2^4+0,0.0005425347*J1^3*J2^1+-0.0001205633*J1^2*J2^2+-0.0009604874*J1^1*J2^3+-0.0001848637*J2^4+0,0.0025921103*J1^3*J2^1+-0.0027408050*J1^2*J2^2+0.0004460841*J1^1*J2^3+0.0007153421*J2^4+0,0.0005707793*J1^3*J2^1+-0.0007169545*J1^2*J2^2+-0.0005243745*J1^1*J2^3+0.0010881931*J2^4+0,0,0,0,0,0.0008761115*J1^3*J2^1+0.0033567869*J1^2*J2^2+-0.0033567869*J1^1*J2^3+-0.0008761115*J2^4+0,-0.0010286967*J1^3*J2^1+-0.0011878321*J1^2*J2^2+0.0011878321*J1^1*J2^3+0.0010286967*J2^4+0,-0.0026541511*J1^3*J2^1+0.0045069419*J1^2*J2^2+-0.0045069419*J1^1*J2^3+0.0026541511*J2^4+0,0.0007317336*J1^3*J2^1+0.0002723493*J1^2*J2^2+-0.0002723493*J1^1*J2^3+-0.0007317336*J2^4+0,0,0,0,0,0,0,0,0,0,0,0,0,0,0,0,0,0,0,0,0,0,0,0,0,0,0,0,0,0,0,0,0,0,0,0,0,0,0,0,0,0,0,0,0,0,0,0,0},
{0,0,0,0,0,0,0,0,0,0,0,0,0,0,0,0,0,0,0,0,0,0,0,0,0,0,0,0,-0.0001848637*J1^3*J2^1+-0.0003255208*J1^2*J2^2+-0.0002491641*J1^1*J2^3+-0.0005425347*J2^4+0,0.0002065015*J1^3*J2^1+-0.0016195284*J1^2*J2^2+0.0031253650*J1^1*J2^3+-0.0006264651*J2^4+0,-0.0004014017*J1^3*J2^1+0.0003201933*J1^2*J2^2+0.0014037460*J1^1*J2^3+-0.0005707793*J2^4+0,0.0010984654*J1^3*J2^1+-0.0051132223*J1^2*J2^2+0.0066390175*J1^1*J2^3+-0.0032511896*J2^4+0,0,0,0,0,0.0005425347*J1^3*J2^1+0.0002491641*J1^2*J2^2+0.0003255208*J1^1*J2^3+0.0001848637*J2^4+0,0.0006264651*J1^3*J2^1+-0.0031253650*J1^2*J2^2+0.0016195284*J1^1*J2^3+-0.0002065015*J2^4+0,0.0005707793*J1^3*J2^1+-0.0014037460*J1^2*J2^2+-0.0003201933*J1^1*J2^3+0.0004014017*J2^4+0,0.0032511896*J1^3*J2^1+-0.0066390175*J1^2*J2^2+0.0051132223*J1^1*J2^3+-0.0010984654*J2^4+0,0,0,0,0,-0.0005058232*J1^3*J2^1+0.0001079847*J1^2*J2^2+-0.0001079847*J1^1*J2^3+0.0005058232*J2^4+0,-0.0011779927*J1^3*J2^1+0.0067102925*J1^2*J2^2+-0.0067102925*J1^1*J2^3+0.0011779927*J2^4+0,-0.0002395361*J1^3*J2^1+0.0015323749*J1^2*J2^2+-0.0015323749*J1^1*J2^3+0.0002395361*J2^4+0,-0.0061513410*J1^3*J2^1+0.0166201769*J1^2*J2^2+-0.0166201769*J1^1*J2^3+0.0061513410*J2^4+0,0,0,0,0,0,0,0,0,0,0,0,0,0,0,0,0,0,0,0,0,0,0,0,0,0,0,0,0,0,0,0,0,0,0,0,0,0,0,0,0,0,0,0,0,0,0,0,0},
{0,0,0,0,0,0,0,0,0,0,0,0,0,0,0,0,0,0,0,0,0,0,0,0,0.0077763310*J1^3*J2^1+0.0013382523*J1^1*J2^3+0,-0.0001670574*J1^3*J2^1+-0.0017332202*J1^2*J2^2+0.0017541024*J1^1*J2^3+0.0039049660*J2^4+0,-0.0071208204*J1^2*J2^2+0.0018585132*J2^4+0,0.0016276042*J1^3*J2^1+-0.0003616898*J1^2*J2^2+-0.0028814622*J1^1*J2^3+-0.0005545910*J2^4+0,0,0,0,0,-0.0013382523*J1^2*J2^2+-0.0077763310*J2^4+0,-0.0039049660*J1^3*J2^1+-0.0017541024*J1^2*J2^2+0.0017332202*J1^1*J2^3+0.0001670574*J2^4+0,-0.0018585132*J1^3*J2^1+0.0071208204*J1^1*J2^3+0,0.0005545910*J1^3*J2^1+0.0028814622*J1^2*J2^2+0.0003616898*J1^1*J2^3+-0.0016276042*J2^4+0,0,0,0,0,0,0,0,0,0,0,0,0,0,0,0,0,0,0,0,0,0,0,0,0,0,0,0,0,0,0,0,0,0,0,0,0,0,0,0,0,0,0,0,0,0,0,0,0,0,0,0,0,0,0,0,0,0,0,0,0},
{0,0,0,0,0,0,0,0,0,0,0,0,0,0,0,0,0,0,0,0,0,0,0,0,-0.0001670574*J1^3*J2^1+-0.0050743676*J1^2*J2^2+-0.0020882171*J1^1*J2^3+0.0005638186*J2^4+0,0.0075834298*J1^3*J2^1+-0.0090904707*J1^2*J2^2+0.0097294560*J1^1*J2^3+-0.0025800540*J2^4+0,0.0016276042*J1^3*J2^1+0.0007474923*J1^2*J2^2+0.0009765625*J1^1*J2^3+0.0005545910*J2^4+0,0.0018793954*J1^3*J2^1+-0.0093760949*J1^2*J2^2+0.0048585852*J1^1*J2^3+-0.0006195044*J2^4+0,0,0,0,0,-0.0005638186*J1^3*J2^1+0.0020882171*J1^2*J2^2+0.0050743676*J1^1*J2^3+0.0001670574*J2^4+0,0.0025800540*J1^3*J2^1+-0.0097294560*J1^2*J2^2+0.0090904707*J1^1*J2^3+-0.0075834298*J2^4+0,-0.0005545910*J1^3*J2^1+-0.0009765625*J1^2*J2^2+-0.0007474923*J1^1*J2^3+-0.0016276042*J2^4+0,0.0006195044*J1^3*J2^1+-0.0048585852*J1^2*J2^2+0.0093760949*J1^1*J2^3+-0.0018793954*J2^4+0,0,0,0,0,0,0,0,0,0,0,0,0,0,0,0,0,0,0,0,0,0,0,0,0,0,0,0,0,0,0,0,0,0,0,0,0,0,0,0,0,0,0,0,0,0,0,0,0,0,0,0,0,0,0,0,0,0,0,0,0},
{0,0,0,0,0,0,0,0,0,0,0,0,0,0,0,0,0,0,0,0,0,0,0,0,0.0007726403*J1^2*J2^2+0.0044896668*J2^4+0,0.0022545332*J1^3*J2^1+0.0010127315*J1^2*J2^2+-0.0010006752*J1^1*J2^3+-0.0000964506*J2^4+0,0.0010730131*J1^3*J2^1+-0.0041112076*J1^1*J2^3+0,-0.0003201933*J1^3*J2^1+-0.0016636130*J1^2*J2^2+-0.0002088217*J1^1*J2^3+0.0009396977*J2^4+0,0,0,0,0,-0.0044896668*J1^3*J2^1+-0.0007726403*J1^1*J2^3+0,0.0000964506*J1^3*J2^1+0.0010006752*J1^2*J2^2+-0.0010127315*J1^1*J2^3+-0.0022545332*J2^4+0,0.0041112076*J1^2*J2^2+-0.0010730131*J2^4+0,-0.0009396977*J1^3*J2^1+0.0002088217*J1^2*J2^2+0.0016636130*J1^1*J2^3+0.0003201933*J2^4+0,0,0,0,0,0.0063493477*J1^3*J2^1+-0.0010926784*J1^2*J2^2+0.0010926784*J1^1*J2^3+-0.0063493477*J2^4+0,-0.0033247932*J1^3*J2^1+-0.0028473870*J1^2*J2^2+0.0028473870*J1^1*J2^3+0.0033247932*J2^4+0,-0.0015174697*J1^3*J2^1+-0.0058141255*J1^2*J2^2+0.0058141255*J1^1*J2^3+0.0015174697*J2^4+0,0.0017817549*J1^3*J2^1+0.0020573855*J1^2*J2^2+-0.0020573855*J1^1*J2^3+-0.0017817549*J2^4+0,0,0,0,0,0,0,0,0,0,0,0,0,0,0,0,0,0,0,0,0,0,0,0,0,0,0,0,0,0,0,0,0,0,0,0,0,0,0,0,0,0,0,0,0,0,0,0,0,0,0,0,0},
{0,0,0,0,0,0,0,0,0,0,0,0,0,0,0,0,0,0,0,0,0,0,0,0,0.0003255208*J1^3*J2^1+-0.0012056327*J1^2*J2^2+-0.0029296875*J1^1*J2^3+-0.0000964506*J2^4+0,-0.0014895949*J1^3*J2^1+0.0056173041*J1^2*J2^2+-0.0052483857*J1^1*J2^3+0.0043782952*J2^4+0,0.0003201933*J1^3*J2^1+0.0005638186*J1^2*J2^2+0.0004315649*J1^1*J2^3+0.0009396977*J2^4+0,-0.0003576710*J1^3*J2^1+0.0028051055*J1^2*J2^2+-0.0054132909*J1^1*J2^3+0.0010850694*J2^4+0,0,0,0,0,0.0000964506*J1^3*J2^1+0.0029296875*J1^2*J2^2+0.0012056327*J1^1*J2^3+-0.0003255208*J2^4+0,-0.0043782952*J1^3*J2^1+0.0052483857*J1^2*J2^2+-0.0056173041*J1^1*J2^3+0.0014895949*J2^4+0,-0.0009396977*J1^3*J2^1+-0.0004315649*J1^2*J2^2+-0.0005638186*J1^1*J2^3+-0.0003201933*J2^4+0,-0.0010850694*J1^3*J2^1+0.0054132909*J1^2*J2^2+-0.0028051055*J1^1*J2^3+0.0003576710*J2^4+0,0,0,0,0,-0.0005967577*J1^3*J2^1+-0.0024381817*J1^2*J2^2+0.0024381817*J1^1*J2^3+0.0005967577*J2^4+0,0.0082984498*J1^3*J2^1+-0.0153664058*J1^2*J2^2+0.0153664058*J1^1*J2^3+-0.0082984498*J2^4+0,0.0008761115*J1^3*J2^1+-0.0001870350*J1^2*J2^2+0.0001870350*J1^1*J2^3+-0.0008761115*J2^4+0,0.0020403432*J1^3*J2^1+-0.0116225676*J1^2*J2^2+0.0116225676*J1^1*J2^3+-0.0020403432*J2^4+0,0,0,0,0,0,0,0,0,0,0,0,0,0,0,0,0,0,0,0,0,0,0,0,0,0,0,0,0,0,0,0,0,0,0,0,0,0,0,0,0,0,0,0,0,0,0,0,0,0,0,0,0},
{0,0,0,0,0,0,0,0,0,0,0,0,0,0,0,0,0,0,0,0,0,0,0,0,-0.0071208204*J1^2*J2^2+0.0018585132*J2^4+0,0.0016276042*J1^3*J2^1+-0.0003616898*J1^2*J2^2+-0.0028814622*J1^1*J2^3+-0.0005545910*J2^4+0,0.0077763310*J1^3*J2^1+-0.0082224151*J1^2*J2^2+0.0013382523*J1^1*J2^3+0.0021460262*J2^4+0,0.0017123380*J1^3*J2^1+-0.0021508636*J1^2*J2^2+-0.0015731236*J1^1*J2^3+0.0032645794*J2^4+0,0,0,0,0,-0.0018585132*J1^3*J2^1+0.0071208204*J1^1*J2^3+0,0.0005545910*J1^3*J2^1+0.0028814622*J1^2*J2^2+0.0003616898*J1^1*J2^3+-0.0016276042*J2^4+0,-0.0021460262*J1^3*J2^1+-0.0013382523*J1^2*J2^2+0.0082224151*J1^1*J2^3+-0.0077763310*J2^4+0,-0.0032645794*J1^3*J2^1+0.0015731236*J1^2*J2^2+0.0021508636*J1^1*J2^3+-0.0017123380*J2^4+0,0,0,0,0,0,0,0,0,0,0,0,0,0,0,0,0,0,0,0,0,0,0,0,0,0,0,0,0,0,0,0,0,0,0,0,0,0,0,0,0,0,0,0,0,0,0,0,0,0,0,0,0,0,0,0,0,0,0,0,0},
{0,0,0,0,0,0,0,0,0,0,0,0,0,0,0,0,0,0,0,0,0,0,0,0,0.0016276042*J1^3*J2^1+0.0007474923*J1^2*J2^2+0.0009765625*J1^1*J2^3+0.0005545910*J2^4+0,0.0018793954*J1^3*J2^1+-0.0093760949*J1^2*J2^2+0.0048585852*J1^1*J2^3+-0.0006195044*J2^4+0,0.0017123380*J1^3*J2^1+-0.0042112379*J1^2*J2^2+-0.0009605799*J1^1*J2^3+0.0012042052*J2^4+0,0.0097535687*J1^3*J2^1+-0.0199170525*J1^2*J2^2+0.0153396669*J1^1*J2^3+-0.0032953961*J2^4+0,0,0,0,0,-0.0005545910*J1^3*J2^1+-0.0009765625*J1^2*J2^2+-0.0007474923*J1^1*J2^3+-0.0016276042*J2^4+0,0.0006195044*J1^3*J2^1+-0.0048585852*J1^2*J2^2+0.0093760949*J1^1*J2^3+-0.0018793954*J2^4+0,-0.0012042052*J1^3*J2^1+0.0009605799*J1^2*J2^2+0.0042112379*J1^1*J2^3+-0.0017123380*J2^4+0,0.0032953961*J1^3*J2^1+-0.0153396669*J1^2*J2^2+0.0199170525*J1^1*J2^3+-0.0097535687*J2^4+0,0,0,0,0,0,0,0,0,0,0,0,0,0,0,0,0,0,0,0,0,0,0,0,0,0,0,0,0,0,0,0,0,0,0,0,0,0,0,0,0,0,0,0,0,0,0,0,0,0,0,0,0,0,0,0,0,0,0,0,0},
{0,0,0,0,0,0,0,0,0,0,0,0,0,0,0,0,0,0,0,0,0,0,0,0,0.0010730131*J1^3*J2^1+-0.0041112076*J1^1*J2^3+0,-0.0003201933*J1^3*J2^1+-0.0016636130*J1^2*J2^2+-0.0002088217*J1^1*J2^3+0.0009396977*J2^4+0,0.0012390088*J1^3*J2^1+0.0007726403*J1^2*J2^2+-0.0047472136*J1^1*J2^3+0.0044896668*J2^4+0,0.0018848058*J1^3*J2^1+-0.0009082433*J1^2*J2^2+-0.0012418017*J1^1*J2^3+0.0009886188*J2^4+0,0,0,0,0,0.0041112076*J1^2*J2^2+-0.0010730131*J2^4+0,-0.0009396977*J1^3*J2^1+0.0002088217*J1^2*J2^2+0.0016636130*J1^1*J2^3+0.0003201933*J2^4+0,-0.0044896668*J1^3*J2^1+0.0047472136*J1^2*J2^2+-0.0007726403*J1^1*J2^3+-0.0012390088*J2^4+0,-0.0009886188*J1^3*J2^1+0.0012418017*J1^2*J2^2+0.0009082433*J1^1*J2^3+-0.0018848058*J2^4+0,0,0,0,0,-0.0015174697*J1^3*J2^1+-0.0058141255*J1^2*J2^2+0.0058141255*J1^1*J2^3+0.0015174697*J2^4+0,0.0017817549*J1^3*J2^1+0.0020573855*J1^2*J2^2+-0.0020573855*J1^1*J2^3+-0.0017817549*J2^4+0,0.0045971246*J1^3*J2^1+-0.0078062523*J1^2*J2^2+0.0078062523*J1^1*J2^3+-0.0045971246*J2^4+0,-0.0012673998*J1^3*J2^1+-0.0004717228*J1^2*J2^2+0.0004717228*J1^1*J2^3+0.0012673998*J2^4+0,0,0,0,0,0,0,0,0,0,0,0,0,0,0,0,0,0,0,0,0,0,0,0,0,0,0,0,0,0,0,0,0,0,0,0,0,0,0,0,0,0,0,0,0,0,0,0,0,0,0,0,0},
{0,0,0,0,0,0,0,0,0,0,0,0,0,0,0,0,0,0,0,0,0,0,0,0,0.0003201933*J1^3*J2^1+0.0005638186*J1^2*J2^2+0.0004315649*J1^1*J2^3+0.0009396977*J2^4+0,-0.0003576710*J1^3*J2^1+0.0028051055*J1^2*J2^2+-0.0054132909*J1^1*J2^3+0.0010850694*J2^4+0,0.0006952482*J1^3*J2^1+-0.0005545910*J1^2*J2^2+-0.0024313593*J1^1*J2^3+0.0009886188*J2^4+0,-0.0019025978*J1^3*J2^1+0.0088563608*J1^2*J2^2+-0.0114991156*J1^1*J2^3+0.0056312255*J2^4+0,0,0,0,0,-0.0009396977*J1^3*J2^1+-0.0004315649*J1^2*J2^2+-0.0005638186*J1^1*J2^3+-0.0003201933*J2^4+0,-0.0010850694*J1^3*J2^1+0.0054132909*J1^2*J2^2+-0.0028051055*J1^1*J2^3+0.0003576710*J2^4+0,-0.0009886188*J1^3*J2^1+0.0024313593*J1^2*J2^2+0.0005545910*J1^1*J2^3+-0.0006952482*J2^4+0,-0.0056312255*J1^3*J2^1+0.0114991156*J1^2*J2^2+-0.0088563608*J1^1*J2^3+0.0019025978*J2^4+0,0,0,0,0,0.0008761115*J1^3*J2^1+-0.0001870350*J1^2*J2^2+0.0001870350*J1^1*J2^3+-0.0008761115*J2^4+0,0.0020403432*J1^3*J2^1+-0.0116225676*J1^2*J2^2+0.0116225676*J1^1*J2^3+-0.0020403432*J2^4+0,0.0004148887*J1^3*J2^1+-0.0026541511*J1^2*J2^2+0.0026541511*J1^1*J2^3+-0.0004148887*J2^4+0,0.0106544351*J1^3*J2^1+-0.0287869908*J1^2*J2^2+0.0287869908*J1^1*J2^3+-0.0106544351*J2^4+0,0,0,0,0,0,0,0,0,0,0,0,0,0,0,0,0,0,0,0,0,0,0,0,0,0,0,0,0,0,0,0,0,0,0,0,0,0,0,0,0,0,0,0,0,0,0,0,0,0,0,0,0},
{0,0,0,0,0,0,0,0,0,0,0,0,0,0,0,0,0,0,0,0,0,0,0,0,0,0,0,0,0.0063493477*J1^3*J2^1+0.0010926784*J1^1*J2^3+0,-0.0001364018*J1^3*J2^1+-0.0014151684*J1^2*J2^2+0.0014322186*J1^1*J2^3+0.0031883914*J2^4+0,-0.0058141255*J1^2*J2^2+0.0015174697*J2^4+0,0.0013289332*J1^3*J2^1+-0.0002953185*J1^2*J2^2+-0.0023527040*J1^1*J2^3+-0.0004528217*J2^4+0,0,0,0,0,-0.0010926784*J1^2*J2^2+-0.0063493477*J2^4+0,-0.0031883914*J1^3*J2^1+-0.0014322186*J1^2*J2^2+0.0014151684*J1^1*J2^3+0.0001364018*J2^4+0,-0.0015174697*J1^3*J2^1+0.0058141255*J1^1*J2^3+0,0.0004528217*J1^3*J2^1+0.0023527040*J1^2*J2^2+0.0002953185*J1^1*J2^3+-0.0013289332*J2^4+0,0,0,0,0,0,0,0,0,0,0,0,0,0,0,0,0,0,0,0,0,0,0,0,0,0,0,0,0,0,0,0,0,0,0,0,0,0,0,0,0,0,0,0,0,0,0,0,0,0,0,0,0,0,0,0,0},
{0,0,0,0,0,0,0,0,0,0,0,0,0,0,0,0,0,0,0,0,0,0,0,0,0,0,0,0,-0.0001364018*J1^3*J2^1+-0.0041432038*J1^2*J2^2+-0.0017050221*J1^1*J2^3+0.0004603560*J2^4+0,0.0061918445*J1^3*J2^1+-0.0074223382*J1^2*J2^2+0.0079440676*J1^1*J2^3+-0.0021066053*J2^4+0,0.0013289332*J1^3*J2^1+0.0006103249*J1^2*J2^2+0.0007973599*J1^1*J2^3+0.0004528217*J2^4+0,0.0015345199*J1^3*J2^1+-0.0076555494*J1^2*J2^2+0.0039670182*J1^1*J2^3+-0.0005058232*J2^4+0,0,0,0,0,-0.0004603560*J1^3*J2^1+0.0017050221*J1^2*J2^2+0.0041432038*J1^1*J2^3+0.0001364018*J2^4+0,0.0021066053*J1^3*J2^1+-0.0079440676*J1^2*J2^2+0.0074223382*J1^1*J2^3+-0.0061918445*J2^4+0,-0.0004528217*J1^3*J2^1+-0.0007973599*J1^2*J2^2+-0.0006103249*J1^1*J2^3+-0.0013289332*J2^4+0,0.0005058232*J1^3*J2^1+-0.0039670182*J1^2*J2^2+0.0076555494*J1^1*J2^3+-0.0015345199*J2^4+0,0,0,0,0,0,0,0,0,0,0,0,0,0,0,0,0,0,0,0,0,0,0,0,0,0,0,0,0,0,0,0,0,0,0,0,0,0,0,0,0,0,0,0,0,0,0,0,0,0,0,0,0,0,0,0,0},
{0,0,0,0,0,0,0,0,0,0,0,0,0,0,0,0,0,0,0,0,0,0,0,0,0,0,0,0,0.0006308582*J1^2*J2^2+0.0036657976*J2^4+0,0.0018408186*J1^3*J2^1+0.0008268918*J1^2*J2^2+-0.0008170478*J1^1*J2^3+-0.0000787516*J2^4+0,0.0008761115*J1^3*J2^1+-0.0033567869*J1^1*J2^3+0,-0.0002614367*J1^3*J2^1+-0.0013583343*J1^2*J2^2+-0.0001705022*J1^1*J2^3+0.0007672600*J2^4+0,0,0,0,0,-0.0036657976*J1^3*J2^1+-0.0006308582*J1^1*J2^3+0,0.0000787516*J1^3*J2^1+0.0008170478*J1^2*J2^2+-0.0008268918*J1^1*J2^3+-0.0018408186*J2^4+0,0.0033567869*J1^2*J2^2+-0.0008761115*J2^4+0,-0.0007672600*J1^3*J2^1+0.0001705022*J1^2*J2^2+0.0013583343*J1^1*J2^3+0.0002614367*J2^4+0,0,0,0,0,0.0051842207*J1^3*J2^1+-0.0008921682*J1^2*J2^2+0.0008921682*J1^1*J2^3+-0.0051842207*J2^4+0,-0.0027146823*J1^3*J2^1+-0.0023248817*J1^2*J2^2+0.0023248817*J1^1*J2^3+0.0027146823*J2^4+0,-0.0012390088*J1^3*J2^1+-0.0047472136*J1^2*J2^2+0.0047472136*J1^1*J2^3+0.0012390088*J2^4+0,0.0014547968*J1^3*J2^1+0.0016798483*J1^2*J2^2+-0.0016798483*J1^1*J2^3+-0.0014547968*J2^4+0,0,0,0,0,0,0,0,0,0,0,0,0,0,0,0,0,0,0,0,0,0,0,0,0,0,0,0,0,0,0,0,0,0,0,0,0,0,0,0,0,0,0,0,0,0,0,0,0},
{0,0,0,0,0,0,0,0,0,0,0,0,0,0,0,0,0,0,0,0,0,0,0,0,0,0,0,0,0.0002657866*J1^3*J2^1+-0.0009843950*J1^2*J2^2+-0.0023920798*J1^1*J2^3+-0.0000787516*J2^4+0,-0.0012162491*J1^3*J2^1+0.0045865096*J1^2*J2^2+-0.0042852890*J1^1*J2^3+0.0035748631*J2^4+0,0.0002614367*J1^3*J2^1+0.0004603560*J1^2*J2^2+0.0003523712*J1^1*J2^3+0.0007672600*J2^4+0,-0.0002920372*J1^3*J2^1+0.0022903590*J1^2*J2^2+-0.0044199335*J1^1*J2^3+0.0008859555*J2^4+0,0,0,0,0,0.0000787516*J1^3*J2^1+0.0023920798*J1^2*J2^2+0.0009843950*J1^1*J2^3+-0.0002657866*J2^4+0,-0.0035748631*J1^3*J2^1+0.0042852890*J1^2*J2^2+-0.0045865096*J1^1*J2^3+0.0012162491*J2^4+0,-0.0007672600*J1^3*J2^1+-0.0003523712*J1^2*J2^2+-0.0004603560*J1^1*J2^3+-0.0002614367*J2^4+0,-0.0008859555*J1^3*J2^1+0.0044199335*J1^2*J2^2+-0.0022903590*J1^1*J2^3+0.0002920372*J2^4+0,0,0,0,0,-0.0004872507*J1^3*J2^1+-0.0019907670*J1^2*J2^2+0.0019907670*J1^1*J2^3+0.0004872507*J2^4+0,0.0067756559*J1^3*J2^1+-0.0125466178*J1^2*J2^2+0.0125466178*J1^1*J2^3+-0.0067756559*J2^4+0,0.0007153421*J1^3*J2^1+-0.0001527135*J1^2*J2^2+0.0001527135*J1^1*J2^3+-0.0007153421*J2^4+0,0.0016659332*J1^3*J2^1+-0.0094897867*J1^2*J2^2+0.0094897867*J1^1*J2^3+-0.0016659332*J2^4+0,0,0,0,0,0,0,0,0,0,0,0,0,0,0,0,0,0,0,0,0,0,0,0,0,0,0,0,0,0,0,0,0,0,0,0,0,0,0,0,0,0,0,0,0,0,0,0,0},
{0,0,0,0,0,0,0,0,0,0,0,0,0,0,0,0,0,0,0,0,0,0,0,0,0,0,0,0,-0.0058141255*J1^2*J2^2+0.0015174697*J2^4+0,0.0013289332*J1^3*J2^1+-0.0002953185*J1^2*J2^2+-0.0023527040*J1^1*J2^3+-0.0004528217*J2^4+0,0.0063493477*J1^3*J2^1+-0.0067135738*J1^2*J2^2+0.0010926784*J1^1*J2^3+0.0017522231*J2^4+0,0.0013981182*J1^3*J2^1+-0.0017561728*J1^2*J2^2+-0.0012844500*J1^1*J2^3+0.0026655179*J2^4+0,0,0,0,0,-0.0015174697*J1^3*J2^1+0.0058141255*J1^1*J2^3+0,0.0004528217*J1^3*J2^1+0.0023527040*J1^2*J2^2+0.0002953185*J1^1*J2^3+-0.0013289332*J2^4+0,-0.0017522231*J1^3*J2^1+-0.0010926784*J1^2*J2^2+0.0067135738*J1^1*J2^3+-0.0063493477*J2^4+0,-0.0026655179*J1^3*J2^1+0.0012844500*J1^2*J2^2+0.0017561728*J1^1*J2^3+-0.0013981182*J2^4+0,0,0,0,0,0,0,0,0,0,0,0,0,0,0,0,0,0,0,0,0,0,0,0,0,0,0,0,0,0,0,0,0,0,0,0,0,0,0,0,0,0,0,0,0,0,0,0,0,0,0,0,0,0,0,0,0},
{0,0,0,0,0,0,0,0,0,0,0,0,0,0,0,0,0,0,0,0,0,0,0,0,0,0,0,0,0.0013289332*J1^3*J2^1+0.0006103249*J1^2*J2^2+0.0007973599*J1^1*J2^3+0.0004528217*J2^4+0,0.0015345199*J1^3*J2^1+-0.0076555494*J1^2*J2^2+0.0039670182*J1^1*J2^3+-0.0005058232*J2^4+0,0.0013981182*J1^3*J2^1+-0.0034384613*J1^2*J2^2+-0.0007843102*J1^1*J2^3+0.0009832294*J2^4+0,0.0079637555*J1^3*J2^1+-0.0162622052*J1^2*J2^2+0.0125247856*J1^1*J2^3+-0.0026906796*J2^4+0,0,0,0,0,-0.0004528217*J1^3*J2^1+-0.0007973599*J1^2*J2^2+-0.0006103249*J1^1*J2^3+-0.0013289332*J2^4+0,0.0005058232*J1^3*J2^1+-0.0039670182*J1^2*J2^2+0.0076555494*J1^1*J2^3+-0.0015345199*J2^4+0,-0.0009832294*J1^3*J2^1+0.0007843102*J1^2*J2^2+0.0034384613*J1^1*J2^3+-0.0013981182*J2^4+0,0.0026906796*J1^3*J2^1+-0.0125247856*J1^2*J2^2+0.0162622052*J1^1*J2^3+-0.0079637555*J2^4+0,0,0,0,0,0,0,0,0,0,0,0,0,0,0,0,0,0,0,0,0,0,0,0,0,0,0,0,0,0,0,0,0,0,0,0,0,0,0,0,0,0,0,0,0,0,0,0,0,0,0,0,0,0,0,0,0},
{0,0,0,0,0,0,0,0,0,0,0,0,0,0,0,0,0,0,0,0,0,0,0,0,0,0,0,0,0.0008761115*J1^3*J2^1+-0.0033567869*J1^1*J2^3+0,-0.0002614367*J1^3*J2^1+-0.0013583343*J1^2*J2^2+-0.0001705022*J1^1*J2^3+0.0007672600*J2^4+0,0.0010116465*J1^3*J2^1+0.0006308582*J1^2*J2^2+-0.0038760837*J1^1*J2^3+0.0036657976*J2^4+0,0.0015389375*J1^3*J2^1+-0.0007415776*J1^2*J2^2+-0.0010139268*J1^1*J2^3+0.0008072039*J2^4+0,0,0,0,0,0.0033567869*J1^2*J2^2+-0.0008761115*J2^4+0,-0.0007672600*J1^3*J2^1+0.0001705022*J1^2*J2^2+0.0013583343*J1^1*J2^3+0.0002614367*J2^4+0,-0.0036657976*J1^3*J2^1+0.0038760837*J1^2*J2^2+-0.0006308582*J1^1*J2^3+-0.0010116465*J2^4+0,-0.0008072039*J1^3*J2^1+0.0010139268*J1^2*J2^2+0.0007415776*J1^1*J2^3+-0.0015389375*J2^4+0,0,0,0,0,-0.0012390088*J1^3*J2^1+-0.0047472136*J1^2*J2^2+0.0047472136*J1^1*J2^3+0.0012390088*J2^4+0,0.0014547968*J1^3*J2^1+0.0016798483*J1^2*J2^2+-0.0016798483*J1^1*J2^3+-0.0014547968*J2^4+0,0.0037535365*J1^3*J2^1+-0.0063737783*J1^2*J2^2+0.0063737783*J1^1*J2^3+-0.0037535365*J2^4+0,-0.0010348276*J1^3*J2^1+-0.0003851600*J1^2*J2^2+0.0003851600*J1^1*J2^3+0.0010348276*J2^4+0,0,0,0,0,0,0,0,0,0,0,0,0,0,0,0,0,0,0,0,0,0,0,0,0,0,0,0,0,0,0,0,0,0,0,0,0,0,0,0,0,0,0,0,0,0,0,0,0},
{0,0,0,0,0,0,0,0,0,0,0,0,0,0,0,0,0,0,0,0,0,0,0,0,0,0,0,0,0.0002614367*J1^3*J2^1+0.0004603560*J1^2*J2^2+0.0003523712*J1^1*J2^3+0.0007672600*J2^4+0,-0.0002920372*J1^3*J2^1+0.0022903590*J1^2*J2^2+-0.0044199335*J1^1*J2^3+0.0008859555*J2^4+0,0.0005676678*J1^3*J2^1+-0.0004528217*J1^2*J2^2+-0.0019851966*J1^1*J2^3+0.0008072039*J2^4+0,-0.0015534646*J1^3*J2^1+0.0072311883*J1^2*J2^2+-0.0093889886*J1^1*J2^3+0.0045978764*J2^4+0,0,0,0,0,-0.0007672600*J1^3*J2^1+-0.0003523712*J1^2*J2^2+-0.0004603560*J1^1*J2^3+-0.0002614367*J2^4+0,-0.0008859555*J1^3*J2^1+0.0044199335*J1^2*J2^2+-0.0022903590*J1^1*J2^3+0.0002920372*J2^4+0,-0.0008072039*J1^3*J2^1+0.0019851966*J1^2*J2^2+0.0004528217*J1^1*J2^3+-0.0005676678*J2^4+0,-0.0045978764*J1^3*J2^1+0.0093889886*J1^2*J2^2+-0.0072311883*J1^1*J2^3+0.0015534646*J2^4+0,0,0,0,0,0.0007153421*J1^3*J2^1+-0.0001527135*J1^2*J2^2+0.0001527135*J1^1*J2^3+-0.0007153421*J2^4+0,0.0016659332*J1^3*J2^1+-0.0094897867*J1^2*J2^2+0.0094897867*J1^1*J2^3+-0.0016659332*J2^4+0,0.0003387552*J1^3*J2^1+-0.0021671053*J1^2*J2^2+0.0021671053*J1^1*J2^3+-0.0003387552*J2^4+0,0.0086993098*J1^3*J2^1+-0.0235044796*J1^2*J2^2+0.0235044796*J1^1*J2^3+-0.0086993098*J2^4+0,0,0,0,0,0,0,0,0,0,0,0,0,0,0,0,0,0,0,0,0,0,0,0,0,0,0,0,0,0,0,0,0,0,0,0,0,0,0,0,0,0,0,0,0,0,0,0,0}
}