96
{{0,0,0,0,0,0,0,0,0,0,0,0,0,0,0,0,0,0,0,0,0,0,0,0,0,0,0,0,0,0,0,0,0,0,0,0,0,0,0,0,0,0,0,0,0,0,0,0,0,0,0,0,0,0,0,0,0,0,0,0,0,0,0,0,0,0,0,0,0,0,0,0,0,0,0,0,0,0,0,0,0,-0.0045314311*J1^2*J2^2+-0.0045314311*J2^4+0,0,0.0009645062*J1^2*J2^2+0.0084635417*J1^1*J2^3+0.0009645062*J2^4+0,0,-0.0052324460*J1^1*J2^3+0,0,0.0024432140*J1^2*J2^2+0.0011137158*J1^1*J2^3+0.0024432140*J2^4+0,0,0,0,0,0,0,0,0},
{0,0,0,0,0,0,0,0,0,0,0,0,0,0,0,0,0,0,0,0,0,0,0,0,0,0,0,0,0,0,0,0,0,0,0,0,0,0,0,0,0,0,0,0,0,0,0,0,0,0,0,0,0,0,0,0,0,0,0,0,0,0,0,0,0,0,0,0,0,0,0,0,0,0,0,0,0,0,0,0,0,-0.0009645062*J1^2*J2^2+-0.0041714892*J1^1*J2^3+-0.0009645062*J2^4+0,0,0.0015104770*J1^2*J2^2+0.0024780176*J1^1*J2^3+0.0015104770*J2^4+0,0,-0.0012042052*J1^2*J2^2+-0.0011137158*J1^1*J2^3+-0.0012042052*J2^4+0,0,0.0007153421*J1^2*J2^2+0.0017441487*J1^1*J2^3+0.0007153421*J2^4+0,0,0,0,0,0,0,0,0},
{0,0,0,0,0,0,0,0,0,0,0,0,0,0,0,0,0,0,0,0,0,0,0,0,0,0,0,0,0,0,0,0,0,0,0,0,0,0,0,0,0,0,0,0,0,0,0,0,0,0,0,0,0,0,0,0,0,0,0,0,0,0,0,0,0,0,0,0,0,0,0,0,0,0,0,0,0,0,0,0,0,-0.0052324460*J1^1*J2^3+0,0,0.0024432140*J1^2*J2^2+0.0011137158*J1^1*J2^3+0.0024432140*J2^4+0,0,-0.0045314311*J1^2*J2^2+0.0060419082*J1^1*J2^3+-0.0045314311*J2^4+0,0,-0.0018566744*J1^2*J2^2+0.0071775334*J1^1*J2^3+-0.0018566744*J2^4+0,0,0,0,0,0,0,0,0},
{0,0,0,0,0,0,0,0,0,0,0,0,0,0,0,0,0,0,0,0,0,0,0,0,0,0,0,0,0,0,0,0,0,0,0,0,0,0,0,0,0,0,0,0,0,0,0,0,0,0,0,0,0,0,0,0,0,0,0,0,0,0,0,0,0,0,0,0,0,0,0,0,0,0,0,0,0,0,0,0,0,-0.0012042052*J1^2*J2^2+-0.0011137158*J1^1*J2^3+-0.0012042052*J2^4+0,0,0.0007153421*J1^2*J2^2+0.0017441487*J1^1*J2^3+0.0007153421*J2^4+0,0,0.0004259902*J1^2*J2^2+-0.0028854810*J1^1*J2^3+0.0004259902*J2^4+0,0,0.0006844712*J1^2*J2^2+0.0004640482*J1^1*J2^3+0.0006844712*J2^4+0,0,0,0,0,0,0,0,0},
{0,0,0,0,0,0,0,0,0,0,0,0,0,0,0,0,0,0,0,0,0,0,0,0,0,0,0,0,0,0,0,0,0,0,0,0,0,0,0,0,0,0,0,0,0,0,0,0,0,0,0,0,0,0,0,0,0,0,0,0,0,0,0,0,0,0,0,0,0,0,0,0,0,0.0026162230*J1^2*J2^2+0.0026162230*J2^4+0,0,-0.0005568579*J1^2*J2^2+-0.0048864281*J1^1*J2^3+-0.0005568579*J2^4+0,0,0.0030209541*J1^1*J2^3+0,0,-0.0014105903*J1^2*J2^2+-0.0006430041*J1^1*J2^3+-0.0014105903*J2^4+0,0,0,0,0,0,0,0,0,0,-0.0036998980*J1^2*J2^2+-0.0036998980*J2^4+0,0,0.0007875160*J1^2*J2^2+0.0069104528*J1^1*J2^3+0.0007875160*J2^4+0,0,-0.0042722743*J1^1*J2^3+0,0,0.0019948759*J1^2*J2^2+0.0009093451*J1^1*J2^3+0.0019948759*J2^4+0},
{0,0,0,0,0,0,0,0,0,0,0,0,0,0,0,0,0,0,0,0,0,0,0,0,0,0,0,0,0,0,0,0,0,0,0,0,0,0,0,0,0,0,0,0,0,0,0,0,0,0,0,0,0,0,0,0,0,0,0,0,0,0,0,0,0,0,0,0,0,0,0,0,0,0.0005568579*J1^2*J2^2+0.0024084104*J1^1*J2^3+0.0005568579*J2^4+0,0,-0.0008720743*J1^2*J2^2+-0.0014306842*J1^1*J2^3+-0.0008720743*J2^4+0,0,0.0006952482*J1^2*J2^2+0.0006430041*J1^1*J2^3+0.0006952482*J2^4+0,0,-0.0004130029*J1^2*J2^2+-0.0010069847*J1^1*J2^3+-0.0004130029*J2^4+0,0,0,0,0,0,0,0,0,0,-0.0007875160*J1^2*J2^2+-0.0034060067*J1^1*J2^3+-0.0007875160*J2^4+0,0,0.0012332993*J1^2*J2^2+0.0020232929*J1^1*J2^3+0.0012332993*J2^4+0,0,-0.0009832294*J1^2*J2^2+-0.0009093451*J1^1*J2^3+-0.0009832294*J2^4+0,0,0.0005840744*J1^2*J2^2+0.0014240914*J1^1*J2^3+0.0005840744*J2^4+0},
{0,0,0,0,0,0,0,0,0,0,0,0,0,0,0,0,0,0,0,0,0,0,0,0,0,0,0,0,0,0,0,0,0,0,0,0,0,0,0,0,0,0,0,0,0,0,0,0,0,0,0,0,0,0,0,0,0,0,0,0,0,0,0,0,0,0,0,0,0,0,0,0,0,0.0030209541*J1^1*J2^3+0,0,-0.0014105903*J1^2*J2^2+-0.0006430041*J1^1*J2^3+-0.0014105903*J2^4+0,0,0.0026162230*J1^2*J2^2+-0.0034882973*J1^1*J2^3+0.0026162230*J2^4+0,0,0.0010719515*J1^2*J2^2+-0.0041439509*J1^1*J2^3+0.0010719515*J2^4+0,0,0,0,0,0,0,0,0,0,-0.0042722743*J1^1*J2^3+0,0,0.0019948759*J1^2*J2^2+0.0009093451*J1^1*J2^3+0.0019948759*J2^4+0,0,-0.0036998980*J1^2*J2^2+0.0049331974*J1^1*J2^3+-0.0036998980*J2^4+0,0,-0.0015159683*J1^2*J2^2+0.0058604315*J1^1*J2^3+-0.0015159683*J2^4+0},
{0,0,0,0,0,0,0,0,0,0,0,0,0,0,0,0,0,0,0,0,0,0,0,0,0,0,0,0,0,0,0,0,0,0,0,0,0,0,0,0,0,0,0,0,0,0,0,0,0,0,0,0,0,0,0,0,0,0,0,0,0,0,0,0,0,0,0,0,0,0,0,0,0,0.0006952482*J1^2*J2^2+0.0006430041*J1^1*J2^3+0.0006952482*J2^4+0,0,-0.0004130029*J1^2*J2^2+-0.0010069847*J1^1*J2^3+-0.0004130029*J2^4+0,0,-0.0002459456*J1^2*J2^2+0.0016659332*J1^1*J2^3+-0.0002459456*J2^4+0,0,-0.0003951796*J1^2*J2^2+-0.0002679184*J1^1*J2^3+-0.0003951796*J2^4+0,0,0,0,0,0,0,0,0,0,-0.0009832294*J1^2*J2^2+-0.0009093451*J1^1*J2^3+-0.0009832294*J2^4+0,0,0.0005840744*J1^2*J2^2+0.0014240914*J1^1*J2^3+0.0005840744*J2^4+0,0,0.0003478196*J1^2*J2^2+-0.0023559853*J1^1*J2^3+0.0003478196*J2^4+0,0,0.0005588684*J1^2*J2^2+0.0003788938*J1^1*J2^3+0.0005588684*J2^4+0},
{0,0,0,0,0,0,0,0,0,0,0,0,0,0,0,0,0,0,0,0,0,0,0,0,0,0,0,0,0,0,0,0,0,0,0,0,0,0,0,0,0,0,0,0,0,0,0,0,0,0,0,0,0,0,0,0,0,0,0,0,0,0,0,0,0,0,0,0,0,0,0,0,0,0,0,0,0,0,0,0,0.0078486690*J1^2*J2^2+0.0078486690*J2^4+0,0,-0.0016705737*J1^2*J2^2+-0.0146592842*J1^1*J2^3+-0.0016705737*J2^4+0,0,0.0090628623*J1^1*J2^3+0,0,-0.0042317708*J1^2*J2^2+-0.0019290123*J1^1*J2^3+-0.0042317708*J2^4+0,0,0,0,0,0,0,0,0,0},
{0,0,0,0,0,0,0,0,0,0,0,0,0,0,0,0,0,0,0,0,0,0,0,0,0,0,0,0,0,0,0,0,0,0,0,0,0,0,0,0,0,0,0,0,0,0,0,0,0,0,0,0,0,0,0,0,0,0,0,0,0,0,0,0,0,0,0,0,0,0,0,0,0,0,0,0,0,0,0,0,0.0016705737*J1^2*J2^2+0.0072252312*J1^1*J2^3+0.0016705737*J2^4+0,0,-0.0026162230*J1^2*J2^2+-0.0042920525*J1^1*J2^3+-0.0026162230*J2^4+0,0,0.0020857446*J1^2*J2^2+0.0019290123*J1^1*J2^3+0.0020857446*J2^4+0,0,-0.0012390088*J1^2*J2^2+-0.0030209541*J1^1*J2^3+-0.0012390088*J2^4+0,0,0,0,0,0,0,0,0,0},
{0,0,0,0,0,0,0,0,0,0,0,0,0,0,0,0,0,0,0,0,0,0,0,0,0,0,0,0,0,0,0,0,0,0,0,0,0,0,0,0,0,0,0,0,0,0,0,0,0,0,0,0,0,0,0,0,0,0,0,0,0,0,0,0,0,0,0,0,0,0,0,0,0,0,0,0,0,0,0,0,0.0090628623*J1^1*J2^3+0,0,-0.0042317708*J1^2*J2^2+-0.0019290123*J1^1*J2^3+-0.0042317708*J2^4+0,0,0.0078486690*J1^2*J2^2+-0.0104648920*J1^1*J2^3+0.0078486690*J2^4+0,0,0.0032158544*J1^2*J2^2+-0.0124318526*J1^1*J2^3+0.0032158544*J2^4+0,0,0,0,0,0,0,0,0,0},
{0,0,0,0,0,0,0,0,0,0,0,0,0,0,0,0,0,0,0,0,0,0,0,0,0,0,0,0,0,0,0,0,0,0,0,0,0,0,0,0,0,0,0,0,0,0,0,0,0,0,0,0,0,0,0,0,0,0,0,0,0,0,0,0,0,0,0,0,0,0,0,0,0,0,0,0,0,0,0,0,0.0020857446*J1^2*J2^2+0.0019290123*J1^1*J2^3+0.0020857446*J2^4+0,0,-0.0012390088*J1^2*J2^2+-0.0030209541*J1^1*J2^3+-0.0012390088*J2^4+0,0,-0.0007378367*J1^2*J2^2+0.0049977996*J1^1*J2^3+-0.0007378367*J2^4+0,0,-0.0011855388*J1^2*J2^2+-0.0008037551*J1^1*J2^3+-0.0011855388*J2^4+0,0,0,0,0,0,0,0,0,0},
{0,0,0,0,0,0,0,0,0,0,0,0,0,0,0,0,0,0,0,0,0,0,0,0,0,0,0,0,0,0,0,0,0,0,0,0,0,0,0,0,0,0,0,0,0,0,0,0,0,0,0,0,0,0,0,0,0,0,0,0,0,0,0,0,0,0,0,0,0,0,0,0,-0.0045314311*J1^2*J2^2+-0.0045314311*J2^4+0,0,0.0009645062*J1^2*J2^2+0.0084635417*J1^1*J2^3+0.0009645062*J2^4+0,0,-0.0052324460*J1^1*J2^3+0,0,0.0024432140*J1^2*J2^2+0.0011137158*J1^1*J2^3+0.0024432140*J2^4+0,0,0,0,0,0,0,0,0,0,0.0064084114*J1^2*J2^2+0.0064084114*J2^4+0,0,-0.0013640177*J1^2*J2^2+-0.0119692554*J1^1*J2^3+-0.0013640177*J2^4+0,0,0.0073997961*J1^1*J2^3+0,0,-0.0034552264*J1^2*J2^2+-0.0015750320*J1^1*J2^3+-0.0034552264*J2^4+0,0},
{0,0,0,0,0,0,0,0,0,0,0,0,0,0,0,0,0,0,0,0,0,0,0,0,0,0,0,0,0,0,0,0,0,0,0,0,0,0,0,0,0,0,0,0,0,0,0,0,0,0,0,0,0,0,0,0,0,0,0,0,0,0,0,0,0,0,0,0,0,0,0,0,-0.0009645062*J1^2*J2^2+-0.0041714892*J1^1*J2^3+-0.0009645062*J2^4+0,0,0.0015104770*J1^2*J2^2+0.0024780176*J1^1*J2^3+0.0015104770*J2^4+0,0,-0.0012042052*J1^2*J2^2+-0.0011137158*J1^1*J2^3+-0.0012042052*J2^4+0,0,0.0007153421*J1^2*J2^2+0.0017441487*J1^1*J2^3+0.0007153421*J2^4+0,0,0,0,0,0,0,0,0,0,0.0013640177*J1^2*J2^2+0.0058993766*J1^1*J2^3+0.0013640177*J2^4+0,0,-0.0021361371*J1^2*J2^2+-0.0035044462*J1^1*J2^3+-0.0021361371*J2^4+0,0,0.0017030033*J1^2*J2^2+0.0015750320*J1^1*J2^3+0.0017030033*J2^4+0,0,-0.0010116465*J1^2*J2^2+-0.0024665987*J1^1*J2^3+-0.0010116465*J2^4+0,0},
{0,0,0,0,0,0,0,0,0,0,0,0,0,0,0,0,0,0,0,0,0,0,0,0,0,0,0,0,0,0,0,0,0,0,0,0,0,0,0,0,0,0,0,0,0,0,0,0,0,0,0,0,0,0,0,0,0,0,0,0,0,0,0,0,0,0,0,0,0,0,0,0,-0.0052324460*J1^1*J2^3+0,0,0.0024432140*J1^2*J2^2+0.0011137158*J1^1*J2^3+0.0024432140*J2^4+0,0,-0.0045314311*J1^2*J2^2+0.0060419082*J1^1*J2^3+-0.0045314311*J2^4+0,0,-0.0018566744*J1^2*J2^2+0.0071775334*J1^1*J2^3+-0.0018566744*J2^4+0,0,0,0,0,0,0,0,0,0,0.0073997961*J1^1*J2^3+0,0,-0.0034552264*J1^2*J2^2+-0.0015750320*J1^1*J2^3+-0.0034552264*J2^4+0,0,0.0064084114*J1^2*J2^2+-0.0085445485*J1^1*J2^3+0.0064084114*J2^4+0,0,0.0026257341*J1^2*J2^2+-0.0101505651*J1^1*J2^3+0.0026257341*J2^4+0,0},
{0,0,0,0,0,0,0,0,0,0,0,0,0,0,0,0,0,0,0,0,0,0,0,0,0,0,0,0,0,0,0,0,0,0,0,0,0,0,0,0,0,0,0,0,0,0,0,0,0,0,0,0,0,0,0,0,0,0,0,0,0,0,0,0,0,0,0,0,0,0,0,0,-0.0012042052*J1^2*J2^2+-0.0011137158*J1^1*J2^3+-0.0012042052*J2^4+0,0,0.0007153421*J1^2*J2^2+0.0017441487*J1^1*J2^3+0.0007153421*J2^4+0,0,0.0004259902*J1^2*J2^2+-0.0028854810*J1^1*J2^3+0.0004259902*J2^4+0,0,0.0006844712*J1^2*J2^2+0.0004640482*J1^1*J2^3+0.0006844712*J2^4+0,0,0,0,0,0,0,0,0,0,0.0017030033*J1^2*J2^2+0.0015750320*J1^1*J2^3+0.0017030033*J2^4+0,0,-0.0010116465*J1^2*J2^2+-0.0024665987*J1^1*J2^3+-0.0010116465*J2^4+0,0,-0.0006024412*J1^2*J2^2+0.0040806863*J1^1*J2^3+-0.0006024412*J2^4+0,0,-0.0009679884*J1^2*J2^2+-0.0006562633*J1^1*J2^3+-0.0009679884*J2^4+0,0},
{0,0,0,0,0,0,0,0,0,0,0,0,0,0,0,0,0,0,0,0,0,0,0,0,0,0,0,0,0,0,0,0,0,0,0,0,0,0,0,0,0,0,0,0,0,0,0,0,0,0,0,0,0,0,0,0,0,0,0,0,0,0,0,0,0,0,0,0,0,0,0,0,0,0,0,0,0,0,0,0,0,-0.0064084114*J1^2*J2^2+-0.0064084114*J2^4+0,0,0.0013640177*J1^2*J2^2+0.0119692554*J1^1*J2^3+0.0013640177*J2^4+0,0,-0.0073997961*J1^1*J2^3+0,0,0.0034552264*J1^2*J2^2+0.0015750320*J1^1*J2^3+0.0034552264*J2^4+0,0,0,0,0,0,0,0,0},
{0,0,0,0,0,0,0,0,0,0,0,0,0,0,0,0,0,0,0,0,0,0,0,0,0,0,0,0,0,0,0,0,0,0,0,0,0,0,0,0,0,0,0,0,0,0,0,0,0,0,0,0,0,0,0,0,0,0,0,0,0,0,0,0,0,0,0,0,0,0,0,0,0,0,0,0,0,0,0,0,0,-0.0013640177*J1^2*J2^2+-0.0058993766*J1^1*J2^3+-0.0013640177*J2^4+0,0,0.0021361371*J1^2*J2^2+0.0035044462*J1^1*J2^3+0.0021361371*J2^4+0,0,-0.0017030033*J1^2*J2^2+-0.0015750320*J1^1*J2^3+-0.0017030033*J2^4+0,0,0.0010116465*J1^2*J2^2+0.0024665987*J1^1*J2^3+0.0010116465*J2^4+0,0,0,0,0,0,0,0,0},
{0,0,0,0,0,0,0,0,0,0,0,0,0,0,0,0,0,0,0,0,0,0,0,0,0,0,0,0,0,0,0,0,0,0,0,0,0,0,0,0,0,0,0,0,0,0,0,0,0,0,0,0,0,0,0,0,0,0,0,0,0,0,0,0,0,0,0,0,0,0,0,0,0,0,0,0,0,0,0,0,0,-0.0073997961*J1^1*J2^3+0,0,0.0034552264*J1^2*J2^2+0.0015750320*J1^1*J2^3+0.0034552264*J2^4+0,0,-0.0064084114*J1^2*J2^2+0.0085445485*J1^1*J2^3+-0.0064084114*J2^4+0,0,-0.0026257341*J1^2*J2^2+0.0101505651*J1^1*J2^3+-0.0026257341*J2^4+0,0,0,0,0,0,0,0,0},
{0,0,0,0,0,0,0,0,0,0,0,0,0,0,0,0,0,0,0,0,0,0,0,0,0,0,0,0,0,0,0,0,0,0,0,0,0,0,0,0,0,0,0,0,0,0,0,0,0,0,0,0,0,0,0,0,0,0,0,0,0,0,0,0,0,0,0,0,0,0,0,0,0,0,0,0,0,0,0,0,0,-0.0017030033*J1^2*J2^2+-0.0015750320*J1^1*J2^3+-0.0017030033*J2^4+0,0,0.0010116465*J1^2*J2^2+0.0024665987*J1^1*J2^3+0.0010116465*J2^4+0,0,0.0006024412*J1^2*J2^2+-0.0040806863*J1^1*J2^3+0.0006024412*J2^4+0,0,0.0009679884*J1^2*J2^2+0.0006562633*J1^1*J2^3+0.0009679884*J2^4+0,0,0,0,0,0,0,0,0},
{0,0,0,0,0,0,0,0,0,0,0,0,0,0,0,0,0,0,0,0,0,0,0,0,0,0,0,0,0,0,0,0,0,0,0,0,0,0,0,0,0,0,0,0,0,0,0,0,0,0,0,0,0,0,0,0,0,0,0,0,0,0,0,0,0,0,0,0,0,0,0,0,0,0.0036998980*J1^2*J2^2+0.0036998980*J2^4+0,0,-0.0007875160*J1^2*J2^2+-0.0069104528*J1^1*J2^3+-0.0007875160*J2^4+0,0,0.0042722743*J1^1*J2^3+0,0,-0.0019948759*J1^2*J2^2+-0.0009093451*J1^1*J2^3+-0.0019948759*J2^4+0,0,0,0,0,0,0,0,0,0,-0.0052324460*J1^2*J2^2+-0.0052324460*J2^4+0,0,0.0011137158*J1^2*J2^2+0.0097728561*J1^1*J2^3+0.0011137158*J2^4+0,0,-0.0060419082*J1^1*J2^3+0,0,0.0028211806*J1^2*J2^2+0.0012860082*J1^1*J2^3+0.0028211806*J2^4+0},
{0,0,0,0,0,0,0,0,0,0,0,0,0,0,0,0,0,0,0,0,0,0,0,0,0,0,0,0,0,0,0,0,0,0,0,0,0,0,0,0,0,0,0,0,0,0,0,0,0,0,0,0,0,0,0,0,0,0,0,0,0,0,0,0,0,0,0,0,0,0,0,0,0,0.0007875160*J1^2*J2^2+0.0034060067*J1^1*J2^3+0.0007875160*J2^4+0,0,-0.0012332993*J1^2*J2^2+-0.0020232929*J1^1*J2^3+-0.0012332993*J2^4+0,0,0.0009832294*J1^2*J2^2+0.0009093451*J1^1*J2^3+0.0009832294*J2^4+0,0,-0.0005840744*J1^2*J2^2+-0.0014240914*J1^1*J2^3+-0.0005840744*J2^4+0,0,0,0,0,0,0,0,0,0,-0.0011137158*J1^2*J2^2+-0.0048168208*J1^1*J2^3+-0.0011137158*J2^4+0,0,0.0017441487*J1^2*J2^2+0.0028613683*J1^1*J2^3+0.0017441487*J2^4+0,0,-0.0013904964*J1^2*J2^2+-0.0012860082*J1^1*J2^3+-0.0013904964*J2^4+0,0,0.0008260059*J1^2*J2^2+0.0020139694*J1^1*J2^3+0.0008260059*J2^4+0},
{0,0,0,0,0,0,0,0,0,0,0,0,0,0,0,0,0,0,0,0,0,0,0,0,0,0,0,0,0,0,0,0,0,0,0,0,0,0,0,0,0,0,0,0,0,0,0,0,0,0,0,0,0,0,0,0,0,0,0,0,0,0,0,0,0,0,0,0,0,0,0,0,0,0.0042722743*J1^1*J2^3+0,0,-0.0019948759*J1^2*J2^2+-0.0009093451*J1^1*J2^3+-0.0019948759*J2^4+0,0,0.0036998980*J1^2*J2^2+-0.0049331974*J1^1*J2^3+0.0036998980*J2^4+0,0,0.0015159683*J1^2*J2^2+-0.0058604315*J1^1*J2^3+0.0015159683*J2^4+0,0,0,0,0,0,0,0,0,0,-0.0060419082*J1^1*J2^3+0,0,0.0028211806*J1^2*J2^2+0.0012860082*J1^1*J2^3+0.0028211806*J2^4+0,0,-0.0052324460*J1^2*J2^2+0.0069765947*J1^1*J2^3+-0.0052324460*J2^4+0,0,-0.0021439029*J1^2*J2^2+0.0082879017*J1^1*J2^3+-0.0021439029*J2^4+0},
{0,0,0,0,0,0,0,0,0,0,0,0,0,0,0,0,0,0,0,0,0,0,0,0,0,0,0,0,0,0,0,0,0,0,0,0,0,0,0,0,0,0,0,0,0,0,0,0,0,0,0,0,0,0,0,0,0,0,0,0,0,0,0,0,0,0,0,0,0,0,0,0,0,0.0009832294*J1^2*J2^2+0.0009093451*J1^1*J2^3+0.0009832294*J2^4+0,0,-0.0005840744*J1^2*J2^2+-0.0014240914*J1^1*J2^3+-0.0005840744*J2^4+0,0,-0.0003478196*J1^2*J2^2+0.0023559853*J1^1*J2^3+-0.0003478196*J2^4+0,0,-0.0005588684*J1^2*J2^2+-0.0003788938*J1^1*J2^3+-0.0005588684*J2^4+0,0,0,0,0,0,0,0,0,0,-0.0013904964*J1^2*J2^2+-0.0012860082*J1^1*J2^3+-0.0013904964*J2^4+0,0,0.0008260059*J1^2*J2^2+0.0020139694*J1^1*J2^3+0.0008260059*J2^4+0,0,0.0004918911*J1^2*J2^2+-0.0033318664*J1^1*J2^3+0.0004918911*J2^4+0,0,0.0007903592*J1^2*J2^2+0.0005358368*J1^1*J2^3+0.0007903592*J2^4+0},
{0,0,0,0,0,0,0,0,0,0,0,0,0,0,0,0,0,0,0,0,0,0,0,0,0,0,0,0,0,0,0,0,0,0,0,0,0,0,0,0,0,0,0,0,0,0,0,0,0,0,0,0,0,0,0,0,0,0,0,0,0,0,0,0,0,0,0,0,0,0,0,0,0,0,0,0,0,0,0,0,0,0,0,0,0,0,0,0,0,0,0,0,0,0,0,0},
{0,0,0,0,0,0,0,0,0,0,0,0,0,0,0,0,0,0,0,0,0,0,0,0,0,0,0,0,0,0,0,0,0,0,0,0,0,0,0,0,0,0,0,0,0,0,0,0,0,0,0,0,0,0,0,0,0,0,0,0,0,0,0,0,0,0,0,0,0,0,0,0,0,0,0,0,0,0,0,0,0,0,0,0,0,0,0,0,0,0,0,0,0,0,0,0},
{0,0,0,0,0,0,0,0,0,0,0,0,0,0,0,0,0,0,0,0,0,0,0,0,0,0,0,0,0,0,0,0,0,0,0,0,0,0,0,0,0,0,0,0,0,0,0,0,0,0,0,0,0,0,0,0,0,0,0,0,0,0,0,0,0,0,0,0,0,0,0,0,0,0,0,0,0,0,0,0,0,0,0,0,0,0,0,0,0,0,0,0,0,0,0,0},
{0,0,0,0,0,0,0,0,0,0,0,0,0,0,0,0,0,0,0,0,0,0,0,0,0,0,0,0,0,0,0,0,0,0,0,0,0,0,0,0,0,0,0,0,0,0,0,0,0,0,0,0,0,0,0,0,0,0,0,0,0,0,0,0,0,0,0,0,0,0,0,0,0,0,0,0,0,0,0,0,0,0,0,0,0,0,0,0,0,0,0,0,0,0,0,0},
{0,0,0,0,0,0,0,0,0,0,0,0,0,0,0,0,0,0,0,0,0,0,0,0,0,0,0,0,0,0,0,0,0,0,0,0,0,0,0,0,0,0,0,0,0,0,0,0,0,0,0,0,0,0,0,0,0,0,0,0,0,0,0,0,0,0,0,0,0,0,0,0,0,0,0,0,0,0,0,0,0,0,0,0,0,0,0,0,0,0,0,0,0,0,0,0},
{0,0,0,0,0,0,0,0,0,0,0,0,0,0,0,0,0,0,0,0,0,0,0,0,0,0,0,0,0,0,0,0,0,0,0,0,0,0,0,0,0,0,0,0,0,0,0,0,0,0,0,0,0,0,0,0,0,0,0,0,0,0,0,0,0,0,0,0,0,0,0,0,0,0,0,0,0,0,0,0,0,0,0,0,0,0,0,0,0,0,0,0,0,0,0,0},
{0,0,0,0,0,0,0,0,0,0,0,0,0,0,0,0,0,0,0,0,0,0,0,0,0,0,0,0,0,0,0,0,0,0,0,0,0,0,0,0,0,0,0,0,0,0,0,0,0,0,0,0,0,0,0,0,0,0,0,0,0,0,0,0,0,0,0,0,0,0,0,0,0,0,0,0,0,0,0,0,0,0,0,0,0,0,0,0,0,0,0,0,0,0,0,0},
{0,0,0,0,0,0,0,0,0,0,0,0,0,0,0,0,0,0,0,0,0,0,0,0,0,0,0,0,0,0,0,0,0,0,0,0,0,0,0,0,0,0,0,0,0,0,0,0,0,0,0,0,0,0,0,0,0,0,0,0,0,0,0,0,0,0,0,0,0,0,0,0,0,0,0,0,0,0,0,0,0,0,0,0,0,0,0,0,0,0,0,0,0,0,0,0},
{0,0,0,0,0,0,0,0,0,0,0,0,0,0,0,0,0,0,0,0,0,0,0,0,0,0,0,0,0,0,0,0,0,0,0,0,0,0,0,0,0,0,0,0,0,0,0,0,0,0,0,0,0,0,0,0,0,0,0,0,0,0,0,0,0,0,0,0,0,0,0,0,0,0,0,0,0,0,0,0,0,0,0,0,0,0,0,0,0,0,0,0,0,0,0,0},
{0,0,0,0,0,0,0,0,0,0,0,0,0,0,0,0,0,0,0,0,0,0,0,0,0,0,0,0,0,0,0,0,0,0,0,0,0,0,0,0,0,0,0,0,0,0,0,0,0,0,0,0,0,0,0,0,0,0,0,0,0,0,0,0,0,0,0,0,0,0,0,0,0,0,0,0,0,0,0,0,0,0,0,0,0,0,0,0,0,0,0,0,0,0,0,0},
{0,0,0,0,0,0,0,0,0,0,0,0,0,0,0,0,0,0,0,0,0,0,0,0,0,0,0,0,0,0,0,0,0,0,0,0,0,0,0,0,0,0,0,0,0,0,0,0,0,0,0,0,0,0,0,0,0,0,0,0,0,0,0,0,0,0,0,0,0,0,0,0,0,0,0,0,0,0,0,0,0,0,0,0,0,0,0,0,0,0,0,0,0,0,0,0},
{0,0,0,0,0,0,0,0,0,0,0,0,0,0,0,0,0,0,0,0,0,0,0,0,0,0,0,0,0,0,0,0,0,0,0,0,0,0,0,0,0,0,0,0,0,0,0,0,0,0,0,0,0,0,0,0,0,0,0,0,0,0,0,0,0,0,0,0,0,0,0,0,0,0,0,0,0,0,0,0,0,0,0,0,0,0,0,0,0,0,0,0,0,0,0,0},
{0,0,0,0,0,0,0,0,0,0,0,0,0,0,0,0,0,0,0,0,0,0,0,0,0,0,0,0,0,0,0,0,0,0,0,0,0,0,0,0,0,0,0,0,0,0,0,0,0,0,0,0,0,0,0,0,0,0,0,0,0,0,0,0,0,0,0,0,0,0,0,0,0,0,0,0,0,0,0,0,0,0,0,0,0,0,0,0,0,0,0,0,0,0,0,0},
{0,0,0,0,0,0,0,0,0,0,0,0,0,0,0,0,0,0,0,0,0,0,0,0,0,0,0,0,0,0,0,0,0,0,0,0,0,0,0,0,0,0,0,0,0,0,0,0,0,0,0,0,0,0,0,0,0,0,0,0,0,0,0,0,0,0,0,0,0,0,0,0,0,0,0,0,0,0,0,0,0,0,0,0,0,0,0,0,0,0,0,0,0,0,0,0},
{0,0,0,0,0,0,0,0,0,0,0,0,0,0,0,0,0,0,0,0,0,0,0,0,0,0,0,0,0,0,0,0,0,0,0,0,0,0,0,0,0,0,0,0,0,0,0,0,0,0,0,0,0,0,0,0,0,0,0,0,0,0,0,0,0,0,0,0,0,0,0,0,0,0,0,0,0,0,0,0,0,0,0,0,0,0,0,0,0,0,0,0,0,0,0,0},
{0,0,0,0,0,0,0,0,0,0,0,0,0,0,0,0,0,0,0,0,0,0,0,0,0,0,0,0,0,0,0,0,0,0,0,0,0,0,0,0,0,0,0,0,0,0,0,0,0,0,0,0,0,0,0,0,0,0,0,0,0,0,0,0,0,0,0,0,0,0,0,0,0,0,0,0,0,0,0,0,0,0,0,0,0,0,0,0,0,0,0,0,0,0,0,0},
{0,0,0,0,0,0,0,0,0,0,0,0,0,0,0,0,0,0,0,0,0,0,0,0,0,0,0,0,0,0,0,0,0,0,0,0,0,0,0,0,0,0,0,0,0,0,0,0,0,0,0,0,0,0,0,0,0,0,0,0,0,0,0,0,0,0,0,0,0,0,0,0,0,0,0,0,0,0,0,0,0,0,0,0,0,0,0,0,0,0,0,0,0,0,0,0},
{0,0,0,0,0,0,0,0,0,0,0,0,0,0,0,0,0,0,0,0,0,0,0,0,0,0,0,0,0,0,0,0,0,0,0,0,0,0,0,0,0,0,0,0,0,0,0,0,0,0,0,0,0,0,0,0,0,0,0,0,0,0,0,0,0,0,0,0,0,0,0,0,0,0,0,0,0,0,0,0,0,0,0,0,0,0,0,0,0,0,0,0,0,0,0,0},
{0,0,0,0,0,0,0,0,0,0,0,0,0,0,0,0,0,0,0,0,0,0,0,0,0,0,0,0,0,0,0,0,0,0,0,0,0,0,0,0,0,0,0,0,0,0,0,0,0,0,0,0,0,0,0,0,0,0,0,0,0,0,0,0,0,0,0,0,0,0,0,0,0,0,0,0,0,0,0,0,0,0,0,0,0,0,0,0,0,0,0,0,0,0,0,0},
{0,0,0,0,0,0,0,0,0,0,0,0,0,0,0,0,0,0,0,0,0,0,0,0,0,0,0,0,0,0,0,0,0,0,0,0,0,0,0,0,0,0,0,0,0,0,0,0,0,0,0,0,0,0,0,0,0,0,0,0,0,0,0,0,0,0,0,0,0,0,0,0,0,0,0,0,0,0,0,0,0,0,0,0,0,0,0,0,0,0,0,0,0,0,0,0},
{0,0,0,0,0,0,0,0,0,0,0,0,0,0,0,0,0,0,0,0,0,0,0,0,0,0,0,0,0,0,0,0,0,0,0,0,0,0,0,0,0,0,0,0,0,0,0,0,0,0,0,0,0,0,0,0,0,0,0,0,0,0,0,0,0,0,0,0,0,0,0,0,0,0,0,0,0,0,0,0,0,0,0,0,0,0,0,0,0,0,0,0,0,0,0,0},
{0,0,0,0,0,0,0,0,0,0,0,0,0,0,0,0,0,0,0,0,0,0,0,0,0,0,0,0,0,0,0,0,0,0,0,0,0,0,0,0,0,0,0,0,0,0,0,0,0,0,0,0,0,0,0,0,0,0,0,0,0,0,0,0,0,0,0,0,0,0,0,0,0,0,0,0,0,0,0,0,0,0,0,0,0,0,0,0,0,0,0,0,0,0,0,0},
{0,0,0,0,0,0,0,0,0,0,0,0,0,0,0,0,0,0,0,0,0,0,0,0,0,0,0,0,0,0,0,0,0,0,0,0,0,0,0,0,0,0,0,0,0,0,0,0,0,0,0,0,0,0,0,0,0,0,0,0,0,0,0,0,0,0,0,0,0,0,0,0,0,0,0,0,0,0,0,0,0,0,0,0,0,0,0,0,0,0,0,0,0,0,0,0},
{0,0,0,0,0,0,0,0,0,0,0,0,0,0,0,0,0,0,0,0,0,0,0,0,0,0,0,0,0,0,0,0,0,0,0,0,0,0,0,0,0,0,0,0,0,0,0,0,0,0,0,0,0,0,0,0,0,0,0,0,0,0,0,0,0,0,0,0,0,0,0,0,0,0,0,0,0,0,0,0,0,0,0,0,0,0,0,0,0,0,0,0,0,0,0,0},
{0,0,0,0,0,0,0,0,0,0,0,0,0,0,0,0,0,0,0,0,0,0,0,0,0,0,0,0,0,0,0,0,0,0,0,0,0,0,0,0,0,0,0,0,0,0,0,0,0,0,0,0,0,0,0,0,0,0,0,0,0,0,0,0,0,0,0,0,0,0,0,0,0,0,0,0,0,0,0,0,0,0,0,0,0,0,0,0,0,0,0,0,0,0,0,0},
{0,0,0,0,0,0,0,0,0,0,0,0,0,0,0,0,0,0,0,0,0,0,0,0,0,0,0,0,0,0,0,0,0,0,0,0,0,0,0,0,0,0,0,0,0,0,0,0,0,0,0,0,0,0,0,0,0,0,0,0,0,0,0,0,0,0,0,0,0,0,0,0,0,0,0,0,0,0,0,0,0,0,0,0,0,0,0,0,0,0,0,0,0,0,0,0},
{0,0,0,0,0,0,0,0,0,0,0,0,0,0,0,0,0,0,0,0,0,0,0,0,0,0,0,0,0,0,0,0,0,0,0,0,0,0,0,0,0,0,0,0,0,0,0,0,0,0,0,0,0,0,0,0,0,0,0,0,0,0,0,0,0,0,0,0,0,0,0,0,0,0,0,0,0,0,0,0,0,0,0,0,0,0,0,0,0,0,0,0,0,0,0,0},
{0,0,0,0,0,0,0,0,0,0,0,0,0,0,0,0,0,0,0,0,0,0,0,0,0,0,0,0,0,0,0,0,0,0,0,0,0,0,0,0,0,0,0,0,0,0,0,0,0,0,0,0,0,0,0,0,0,0,0,0,0,0,0,0,0,0,0,0,0,0,0,0,0,0,0,0,0,0,0,0,0,0,0,0,0,0,0,0,0,0,0,0,0,0,0,0},
{0,0,0,0,0,0,0,0,0,0,0,0,0,0,0,0,0,0,0,0,0,0,0,0,0,0,0,0,0,0,0,0,0,0,0,0,0,0,0,0,0,0,0,0,0,0,0,0,0,0,0,0,0,0,0,0,0,0,0,0,0,0,0,0,0,0,0,0,0,0,0,0,0,0,0,0,0,0,0,0,0,0,0,0,0,0,0,0,0,0,0,0,0,0,0,0},
{0,0,0,0,0,0,0,0,0,0,0,0,0,0,0,0,0,0,0,0,0,0,0,0,0,0,0,0,0,0,0,0,0,0,0,0,0,0,0,0,0,0,0,0,0,0,0,0,0,0,0,0,0,0,0,0,0,0,0,0,0,0,0,0,0,0,0,0,0,0,0,0,0,0,0,0,0,0,0,0,0,0,0,0,0,0,0,0,0,0,0,0,0,0,0,0},
{0,0,0,0,0,0,0,0,0,0,0,0,0,0,0,0,0,0,0,0,0,0,0,0,0,0,0,0,0,0,0,0,0,0,0,0,0,0,0,0,0,0,0,0,0,0,0,0,0,0,0,0,0,0,0,0,0,0,0,0,0,0,0,0,0,0,0,0,0,0,0,0,0,0,0,0,0,0,0,0,0,0,0,0,0,0,0,0,0,0,0,0,0,0,0,0},
{0,0,0,0,0,0,0,0,0,0,0,0,0,0,0,0,0,0,0,0,0,0,0,0,0,0,0,0,0,0,0,0,0,0,0,0,0,0,0,0,0,0,0,0,0,0,0,0,0,0,0,0,0,0,0,0,0,0,0,0,0,0,0,0,0,0,0,0,0,0,0,0,0,0,0,0,0,0,0,0,0,0,0,0,0,0,0,0,0,0,0,0,0,0,0,0},
{0,0,0,0,0,0,0,0,0,0,0,0,0,0,0,0,0,0,0,0,0,0,0,0,0,0,0,0,0,0,0,0,0,0,0,0,0,0,0,0,0,0,0,0,0,0,0,0,0,0,0,0,0,0,0,0,0,0,0,0,0,0,0,0,0,0,0,0,0,0,0,0,0,0,0,0,0,0,0,0,0,0,0,0,0,0,0,0,0,0,0,0,0,0,0,0},
{0,0,0,0,0,0,0,0,0,0,0,0,0,0,0,0,0,0,0,0,0,0,0,0,0,0,0,0,0,0,0,0,0,0,0,0,0,0,0,0,0,0,0,0,0,0,0,0,0,0,0,0,0,0,0,0,0,0,0,0,0,0,0,0,0,0,0,0,0,0,0,0,0,0,0,0,0,0,0,0,0,0,0,0,0,0,0,0,0,0,0,0,0,0,0,0},
{0,0,0,0,0,0,0,0,0,0,0,0,0,0,0,0,0,0,0,0,0,0,0,0,0,0,0,0,0,0,0,0,0,0,0,0,0,0,0,0,0,0,0,0,0,0,0,0,0,0,0,0,0,0,0,0,0,0,0,0,0,0,0,0,0,0,0,0,0,0,0,0,0,0,0,0,0,0,0,0,0,0,0,0,0,0,0,0,0,0,0,0,0,0,0,0},
{0,0,0,0,0,0,0,0,0,0,0,0,0,0,0,0,0,0,0,0,0,0,0,0,0,0,0,0,0,0,0,0,0,0,0,0,0,0,0,0,0,0,0,0,0,0,0,0,0,0,0,0,0,0,0,0,0,0,0,0,0,0,0,0,0,0,0,0,0,0,0,0,0,0,0,0,0,0,0,0,0,0,0,0,0,0,0,0,0,0,0,0,0,0,0,0},
{0,0,0,0,0,0,0,0,0,0,0,0,0,0,0,0,0,0,0,0,0,0,0,0,0,0,0,0,0,0,0,0,0,0,0,0,0,0,0,0,0,0,0,0,0,0,0,0,0,0,0,0,0,0,0,0,0,0,0,0,0,0,0,0,0,0,0,0,0,0,0,0,0,0,0,0,0,0,0,0,0,0,0,0,0,0,0,0,0,0,0,0,0,0,0,0},
{0,0,0,0,0,0,0,0,0,0,0,0,0,0,0,0,0,0,0,0,0,0,0,0,0,0,0,0,0,0,0,0,0,0,0,0,0,0,0,0,0,0,0,0,0,0,0,0,0,0,0,0,0,0,0,0,0,0,0,0,0,0,0,0,0,0,0,0,0,0,0,0,0,0,0,0,0,0,0,0,0,0,0,0,0,0,0,0,0,0,0,0,0,0,0,0},
{0,0,0,0,0,0,0,0,0,0,0,0,0,0,0,0,0,0,0,0,0,0,0,0,0,0,0,0,0,0,0,0,0,0,0,0,0,0,0,0,0,0,0,0,0,0,0,0,0,0,0,0,0,0,0,0,0,0,0,0,0,0,0,0,0,0,0,0,0,0,0,0,0,0,0,0,0,0,0,0,0,0,0,0,0,0,0,0,0,0,0,0,0,0,0,0},
{0,0,0,0,0,0,0,0,0,0,0,0,0,0,0,0,0,0,0,0,0,0,0,0,0,0,0,0,0,0,0,0,0,0,0,0,0,0,0,0,0,0,0,0,0,0,0,0,0,0,0,0,0,0,0,0,0,0,0,0,0,0,0,0,0,0,0,0,0,0,0,0,0,0,0,0,0,0,0,0,0,0,0,0,0,0,0,0,0,0,0,0,0,0,0,0},
{0,0,0,0,0,0,0,0,0,0,0,0,0,0,0,0,0,0,0,0,0,0,0,0,0,0,0,0,0,0,0,0,0,0,0,0,0,0,0,0,0,0,0,0,0,0,0,0,0,0,0,0,0,0,0,0,0,0,0,0,0,0,0,0,0,0,0,0,0,0,0,0,0,0,0,0,0,0,0,0,0,0,0,0,0,0,0,0,0,0,0,0,0,0,0,0},
{0,0,0,0,0,0,0,0,0,0,0,0,0,0,0,0,0,0,0,0,0,0,0,0,0,0,0,0,0,0,0,0,0,0,0,0,0,0,0,0,0,0,0,0,0,0,0,0,0,0,0,0,0,0,0,0,0,0,0,0,0,0,0,0,0,0,0,0,0,0,0,0,0,0,0,0,0,0,0,0,0,0,0,0,0,0,0,0,0,0,0,0,0,0,0,0},
{0,0,0,0,0,0,0,0,0,0,0,0,0,0,0,0,0,0,0,0,0,0,0,0,0,0,0,0,0,0,0,0,0,0,0,0,0,0,0,0,0,0,0,0,0,0,0,0,0,0,0,0,0,0,0,0,0,0,0,0,0,0,0,0,0,0,0,0,0,0,0,0,0,0,0,0,0,0,0,0,0,0,0,0,0,0,0,0,0,0,0,0,0,0,0,0},
{0,0,0,0,0,0,0,0,0,0,0,0,0,0,0,0,0,0,0,0,0,0,0,0,0,0,0,0,0,0,0,0,0,0,0,0,0,0,0,0,0,0,0,0,0,0,0,0,0,0,0,0,0,0,0,0,0,0,0,0,0,0,0,0,0,0,0,0,0,0,0,0,0,0,0,0,0,0,0,0,0,0,0,0,0,0,0,0,0,0,0,0,0,0,0,0},
{0,0,0,0,0,0,0,0,0,0,0,0,0,0,0,0,0,0,0,0,0,0,0,0,0,0,0,0,0,0,0,0,0,0,0,0,0,0,0,0,0,0,0,0,0,0,0,0,0,0,0,0,0,0,0,0,0,0,0,0,0,0,0,0,0,0,0,0,0,0,0,0,0,0,0,0,0,0,0,0,0,0,0,0,0,0,0,0,0,0,0,0,0,0,0,0},
{0,0,0,0,0,0,0,0,0,0,0,0,0,0,0,0,0,0,0,0,0,0,0,0,0,0,0,0,0,0,0,0,0,0,0,0,0,0,0,0,0,0,0,0,0,0,0,0,0,0,0,0,0,0,0,0,0,0,0,0,0,0,0,0,0,0,0,0,0,0,0,0,0,0,0,0,0,0,0,0,0,0,0,0,0,0,0,0,0,0,0,0,0,0,0,0},
{0,0,0,0,0,0,0,0,0,0,0,0,0,0,0,0,0,0,0,0,0,0,0,0,0,0,0,0,0,0,0,0,0,0,0,0,0,0,0,0,0,0,0,0,0,0,0,0,0,0,0,0,0,0,0,0,0,0,0,0,0,0,0,0,0,0,0,0,0,0,0,0,0,0,0,0,0,0,0,0,0,0,0,0,0,0,0,0,0,0,0,0,0,0,0,0},
{0,0,0,0,0,0,0,0,0,0,0,0,0,0,0,0,0,0,0,0,0,0,0,0,0,0,0,0,0,0,0,0,0,0,0,0,0,0,0,0,0,0,0,0,0,0,0,0,0,0,0,0,0,0,0,0,0,0,0,0,0,0,0,0,0,0,0,0,0,0,0,0,0,0,0,0,0,0,0,0,0,0,0,0,0,0,0,0,0,0,0,0,0,0,0,0},
{0,0,0,0,0,0,0,0,0,0,0,0,0.0022343923*J1^2*J2^2+0.0022343923*J2^4+0,-0.0009645062*J1^2*J2^2+0.0010368441*J1^1*J2^3+-0.0009645062*J2^4+0,0.0025800540*J1^1*J2^3+0,0.0002993111*J1^2*J2^2+-0.0011137158*J1^1*J2^3+0.0002993111*J2^4+0,0,0,0,0,0,0,0,0,0,0,0,0,0,0,0,0,0,0,0,0,0,0,0,0,0,0,0,0,0,0,0,0,0,0,0,0,0,0,0,0,0,0,0,0,0,0,0,0,0,0,0,0,0,0,0,0,0,0,0,0,0,0,0,0,0,0,0,0,0,0,0,0,0,0,0,0,0,0,0,0},
{0,0,0,0,-0.0012900270*J1^2*J2^2+-0.0012900270*J2^4+0,0.0005568579*J1^2*J2^2+-0.0005986222*J1^1*J2^3+0.0005568579*J2^4+0,-0.0014895949*J1^1*J2^3+0,-0.0001728074*J1^2*J2^2+0.0006430041*J1^1*J2^3+-0.0001728074*J2^4+0,0,0,0,0,0,0,0,0,0,0,0,0,-0.0018243737*J1^2*J2^2+-0.0018243737*J2^4+0,0.0007875160*J1^2*J2^2+-0.0008465797*J1^1*J2^3+0.0007875160*J2^4+0,-0.0021066053*J1^1*J2^3+0,-0.0002443865*J1^2*J2^2+0.0009093451*J1^1*J2^3+-0.0002443865*J2^4+0,0,0,0,0,0,0,0,0,0,0,0,0,0,0,0,0,0,0,0,0,0,0,0,0,0,0,0,0,0,0,0,0,0,0,0,0,0,0,0,0,0,0,0,0,0,0,0,0,0,0,0,0,0,0,0,0,0,0,0,0,0,0,0,0,0,0,0,0,0,0,0,0},
{0,0,0,0,0,0,0,0,0,0,0,0,0.0009645062*J1^2*J2^2+0.0032552083*J1^1*J2^3+0.0009645062*J2^4+0,-0.0007447974*J1^2*J2^2+0.0024780176*J1^1*J2^3+-0.0007447974*J2^4+0,0.0009396977*J1^2*J2^2+0.0011137158*J1^1*J2^3+0.0009396977*J2^4+0,0.0007153421*J1^2*J2^2+-0.0008600180*J1^1*J2^3+0.0007153421*J2^4+0,0,0,0,0,0,0,0,0,0,0,0,0,0,0,0,0,0,0,0,0,0,0,0,0,0,0,0,0,0,0,0,0,0,0,0,0,0,0,0,0,0,0,0,0,0,0,0,0,0,0,0,0,0,0,0,0,0,0,0,0,0,0,0,0,0,0,0,0,0,0,0,0,0,0,0,0,0,0,0,0},
{0,0,0,0,-0.0005568579*J1^2*J2^2+-0.0018793954*J1^1*J2^3+-0.0005568579*J2^4+0,0.0004300090*J1^2*J2^2+-0.0014306842*J1^1*J2^3+0.0004300090*J2^4+0,-0.0005425347*J1^2*J2^2+-0.0006430041*J1^1*J2^3+-0.0005425347*J2^4+0,-0.0004130029*J1^2*J2^2+0.0004965316*J1^1*J2^3+-0.0004130029*J2^4+0,0,0,0,0,0,0,0,0,0,0,0,0,-0.0007875160*J1^2*J2^2+-0.0026578665*J1^1*J2^3+-0.0007875160*J2^4+0,0.0006081246*J1^2*J2^2+-0.0020232929*J1^1*J2^3+0.0006081246*J2^4+0,-0.0007672600*J1^2*J2^2+-0.0009093451*J1^1*J2^3+-0.0007672600*J2^4+0,-0.0005840744*J1^2*J2^2+0.0007022018*J1^1*J2^3+-0.0005840744*J2^4+0,0,0,0,0,0,0,0,0,0,0,0,0,0,0,0,0,0,0,0,0,0,0,0,0,0,0,0,0,0,0,0,0,0,0,0,0,0,0,0,0,0,0,0,0,0,0,0,0,0,0,0,0,0,0,0,0,0,0,0,0,0,0,0,0,0,0,0,0,0,0,0,0},
{0,0,0,0,0,0,0,0,0,0,0,0,0.0025800540*J1^1*J2^3+0,0.0002993111*J1^2*J2^2+-0.0011137158*J1^1*J2^3+0.0002993111*J2^4+0,0.0022343923*J1^2*J2^2+-0.0029791898*J1^1*J2^3+0.0022343923*J2^4+0,-0.0013101209*J1^2*J2^2+0.0023228524*J1^1*J2^3+-0.0013101209*J2^4+0,0,0,0,0,0,0,0,0,0,0,0,0,0,0,0,0,0,0,0,0,0,0,0,0,0,0,0,0,0,0,0,0,0,0,0,0,0,0,0,0,0,0,0,0,0,0,0,0,0,0,0,0,0,0,0,0,0,0,0,0,0,0,0,0,0,0,0,0,0,0,0,0,0,0,0,0,0,0,0,0},
{0,0,0,0,-0.0014895949*J1^1*J2^3+0,-0.0001728074*J1^2*J2^2+0.0006430041*J1^1*J2^3+-0.0001728074*J2^4+0,-0.0012900270*J1^2*J2^2+0.0017200360*J1^1*J2^3+-0.0012900270*J2^4+0,0.0007563986*J1^2*J2^2+-0.0013410994*J1^1*J2^3+0.0007563986*J2^4+0,0,0,0,0,0,0,0,0,0,0,0,0,-0.0021066053*J1^1*J2^3+0,-0.0002443865*J1^2*J2^2+0.0009093451*J1^1*J2^3+-0.0002443865*J2^4+0,-0.0018243737*J1^2*J2^2+0.0024324983*J1^1*J2^3+-0.0018243737*J2^4+0,0.0010697092*J1^2*J2^2+-0.0018966010*J1^1*J2^3+0.0010697092*J2^4+0,0,0,0,0,0,0,0,0,0,0,0,0,0,0,0,0,0,0,0,0,0,0,0,0,0,0,0,0,0,0,0,0,0,0,0,0,0,0,0,0,0,0,0,0,0,0,0,0,0,0,0,0,0,0,0,0,0,0,0,0,0,0,0,0,0,0,0,0,0,0,0,0},
{0,0,0,0,0,0,0,0,0,0,0,0,0.0009396977*J1^2*J2^2+0.0011137158*J1^1*J2^3+0.0009396977*J2^4+0,0.0007153421*J1^2*J2^2+-0.0008600180*J1^1*J2^3+0.0007153421*J2^4+0,-0.0001205633*J1^2*J2^2+0.0019692001*J1^1*J2^3+-0.0001205633*J2^4+0,-0.0015708033*J1^2*J2^2+0.0034710809*J1^1*J2^3+-0.0015708033*J2^4+0,0,0,0,0,0,0,0,0,0,0,0,0,0,0,0,0,0,0,0,0,0,0,0,0,0,0,0,0,0,0,0,0,0,0,0,0,0,0,0,0,0,0,0,0,0,0,0,0,0,0,0,0,0,0,0,0,0,0,0,0,0,0,0,0,0,0,0,0,0,0,0,0,0,0,0,0,0,0,0,0},
{0,0,0,0,-0.0005425347*J1^2*J2^2+-0.0006430041*J1^1*J2^3+-0.0005425347*J2^4+0,-0.0004130029*J1^2*J2^2+0.0004965316*J1^1*J2^3+-0.0004130029*J2^4+0,0.0000696072*J1^2*J2^2+-0.0011369182*J1^1*J2^3+0.0000696072*J2^4+0,0.0009069037*J1^2*J2^2+-0.0020040295*J1^1*J2^3+0.0009069037*J2^4+0,0,0,0,0,0,0,0,0,0,0,0,0,-0.0007672600*J1^2*J2^2+-0.0009093451*J1^1*J2^3+-0.0007672600*J2^4+0,-0.0005840744*J1^2*J2^2+0.0007022018*J1^1*J2^3+-0.0005840744*J2^4+0,0.0000984395*J1^2*J2^2+-0.0016078452*J1^1*J2^3+0.0000984395*J2^4+0,0.0012825555*J1^2*J2^2+-0.0028341257*J1^1*J2^3+0.0012825555*J2^4+0,0,0,0,0,0,0,0,0,0,0,0,0,0,0,0,0,0,0,0,0,0,0,0,0,0,0,0,0,0,0,0,0,0,0,0,0,0,0,0,0,0,0,0,0,0,0,0,0,0,0,0,0,0,0,0,0,0,0,0,0,0,0,0,0,0,0,0,0,0,0,0,0},
{0,0,0,0,0,0,0,0,-0.0038700810*J1^2*J2^2+-0.0038700810*J2^4+0,0.0016705737*J1^2*J2^2+-0.0017958667*J1^1*J2^3+0.0016705737*J2^4+0,-0.0044687846*J1^1*J2^3+0,-0.0005184221*J1^2*J2^2+0.0019290123*J1^1*J2^3+-0.0005184221*J2^4+0,0,0,0,0,0,0,0,0,0,0,0,0,0,0,0,0,0,0,0,0,0,0,0,0,0,0,0,0,0,0,0,0,0,0,0,0,0,0,0,0,0,0,0,0,0,0,0,0,0,0,0,0,0,0,0,0,0,0,0,0,0,0,0,0,0,0,0,0,0,0,0,0,0,0,0,0,0,0,0,0,0,0,0,0},
{0.0022343923*J1^2*J2^2+0.0022343923*J2^4+0,-0.0009645062*J1^2*J2^2+0.0010368441*J1^1*J2^3+-0.0009645062*J2^4+0,0.0025800540*J1^1*J2^3+0,0.0002993111*J1^2*J2^2+-0.0011137158*J1^1*J2^3+0.0002993111*J2^4+0,0,0,0,0,0,0,0,0,0,0,0,0,0.0031599079*J1^2*J2^2+0.0031599079*J2^4+0,-0.0013640177*J1^2*J2^2+0.0014663190*J1^1*J2^3+-0.0013640177*J2^4+0,0.0036487474*J1^1*J2^3+0,0.0004232898*J1^2*J2^2+-0.0015750320*J1^1*J2^3+0.0004232898*J2^4+0,0,0,0,0,0,0,0,0,0,0,0,0,0,0,0,0,0,0,0,0,0,0,0,0,0,0,0,0,0,0,0,0,0,0,0,0,0,0,0,0,0,0,0,0,0,0,0,0,0,0,0,0,0,0,0,0,0,0,0,0,0,0,0,0,0,0,0,0,0,0,0,0,0,0,0,0},
{0,0,0,0,0,0,0,0,-0.0016705737*J1^2*J2^2+-0.0056381862*J1^1*J2^3+-0.0016705737*J2^4+0,0.0012900270*J1^2*J2^2+-0.0042920525*J1^1*J2^3+0.0012900270*J2^4+0,-0.0016276042*J1^2*J2^2+-0.0019290123*J1^1*J2^3+-0.0016276042*J2^4+0,-0.0012390088*J1^2*J2^2+0.0014895949*J1^1*J2^3+-0.0012390088*J2^4+0,0,0,0,0,0,0,0,0,0,0,0,0,0,0,0,0,0,0,0,0,0,0,0,0,0,0,0,0,0,0,0,0,0,0,0,0,0,0,0,0,0,0,0,0,0,0,0,0,0,0,0,0,0,0,0,0,0,0,0,0,0,0,0,0,0,0,0,0,0,0,0,0,0,0,0,0,0,0,0,0,0,0,0,0},
{0.0009645062*J1^2*J2^2+0.0032552083*J1^1*J2^3+0.0009645062*J2^4+0,-0.0007447974*J1^2*J2^2+0.0024780176*J1^1*J2^3+-0.0007447974*J2^4+0,0.0009396977*J1^2*J2^2+0.0011137158*J1^1*J2^3+0.0009396977*J2^4+0,0.0007153421*J1^2*J2^2+-0.0008600180*J1^1*J2^3+0.0007153421*J2^4+0,0,0,0,0,0,0,0,0,0,0,0,0,0.0013640177*J1^2*J2^2+0.0046035598*J1^1*J2^3+0.0013640177*J2^4+0,-0.0010533026*J1^2*J2^2+0.0035044462*J1^1*J2^3+-0.0010533026*J2^4+0,0.0013289332*J1^2*J2^2+0.0015750320*J1^1*J2^3+0.0013289332*J2^4+0,0.0010116465*J1^2*J2^2+-0.0012162491*J1^1*J2^3+0.0010116465*J2^4+0,0,0,0,0,0,0,0,0,0,0,0,0,0,0,0,0,0,0,0,0,0,0,0,0,0,0,0,0,0,0,0,0,0,0,0,0,0,0,0,0,0,0,0,0,0,0,0,0,0,0,0,0,0,0,0,0,0,0,0,0,0,0,0,0,0,0,0,0,0,0,0,0,0,0,0,0},
{0,0,0,0,0,0,0,0,-0.0044687846*J1^1*J2^3+0,-0.0005184221*J1^2*J2^2+0.0019290123*J1^1*J2^3+-0.0005184221*J2^4+0,-0.0038700810*J1^2*J2^2+0.0051601080*J1^1*J2^3+-0.0038700810*J2^4+0,0.0022691959*J1^2*J2^2+-0.0040232983*J1^1*J2^3+0.0022691959*J2^4+0,0,0,0,0,0,0,0,0,0,0,0,0,0,0,0,0,0,0,0,0,0,0,0,0,0,0,0,0,0,0,0,0,0,0,0,0,0,0,0,0,0,0,0,0,0,0,0,0,0,0,0,0,0,0,0,0,0,0,0,0,0,0,0,0,0,0,0,0,0,0,0,0,0,0,0,0,0,0,0,0,0,0,0,0},
{0.0025800540*J1^1*J2^3+0,0.0002993111*J1^2*J2^2+-0.0011137158*J1^1*J2^3+0.0002993111*J2^4+0,0.0022343923*J1^2*J2^2+-0.0029791898*J1^1*J2^3+0.0022343923*J2^4+0,-0.0013101209*J1^2*J2^2+0.0023228524*J1^1*J2^3+-0.0013101209*J2^4+0,0,0,0,0,0,0,0,0,0,0,0,0,0.0036487474*J1^1*J2^3+0,0.0004232898*J1^2*J2^2+-0.0015750320*J1^1*J2^3+0.0004232898*J2^4+0,0.0031599079*J1^2*J2^2+-0.0042132106*J1^1*J2^3+0.0031599079*J2^4+0,-0.0018527907*J1^2*J2^2+0.0032850093*J1^1*J2^3+-0.0018527907*J2^4+0,0,0,0,0,0,0,0,0,0,0,0,0,0,0,0,0,0,0,0,0,0,0,0,0,0,0,0,0,0,0,0,0,0,0,0,0,0,0,0,0,0,0,0,0,0,0,0,0,0,0,0,0,0,0,0,0,0,0,0,0,0,0,0,0,0,0,0,0,0,0,0,0,0,0,0,0},
{0,0,0,0,0,0,0,0,-0.0016276042*J1^2*J2^2+-0.0019290123*J1^1*J2^3+-0.0016276042*J2^4+0,-0.0012390088*J1^2*J2^2+0.0014895949*J1^1*J2^3+-0.0012390088*J2^4+0,0.0002088217*J1^2*J2^2+-0.0034107546*J1^1*J2^3+0.0002088217*J2^4+0,0.0027207112*J1^2*J2^2+-0.0060120885*J1^1*J2^3+0.0027207112*J2^4+0,0,0,0,0,0,0,0,0,0,0,0,0,0,0,0,0,0,0,0,0,0,0,0,0,0,0,0,0,0,0,0,0,0,0,0,0,0,0,0,0,0,0,0,0,0,0,0,0,0,0,0,0,0,0,0,0,0,0,0,0,0,0,0,0,0,0,0,0,0,0,0,0,0,0,0,0,0,0,0,0,0,0,0,0},
{0.0009396977*J1^2*J2^2+0.0011137158*J1^1*J2^3+0.0009396977*J2^4+0,0.0007153421*J1^2*J2^2+-0.0008600180*J1^1*J2^3+0.0007153421*J2^4+0,-0.0001205633*J1^2*J2^2+0.0019692001*J1^1*J2^3+-0.0001205633*J2^4+0,-0.0015708033*J1^2*J2^2+0.0034710809*J1^1*J2^3+-0.0015708033*J2^4+0,0,0,0,0,0,0,0,0,0,0,0,0,0.0013289332*J1^2*J2^2+0.0015750320*J1^1*J2^3+0.0013289332*J2^4+0,0.0010116465*J1^2*J2^2+-0.0012162491*J1^1*J2^3+0.0010116465*J2^4+0,-0.0001705022*J1^2*J2^2+0.0027848695*J1^1*J2^3+-0.0001705022*J2^4+0,-0.0022214514*J1^2*J2^2+0.0049088497*J1^1*J2^3+-0.0022214514*J2^4+0,0,0,0,0,0,0,0,0,0,0,0,0,0,0,0,0,0,0,0,0,0,0,0,0,0,0,0,0,0,0,0,0,0,0,0,0,0,0,0,0,0,0,0,0,0,0,0,0,0,0,0,0,0,0,0,0,0,0,0,0,0,0,0,0,0,0,0,0,0,0,0,0,0,0,0,0},
{0,0,0,0,0,0,0,0,0,0,0,0,-0.0031599079*J1^2*J2^2+-0.0031599079*J2^4+0,0.0013640177*J1^2*J2^2+-0.0014663190*J1^1*J2^3+0.0013640177*J2^4+0,-0.0036487474*J1^1*J2^3+0,-0.0004232898*J1^2*J2^2+0.0015750320*J1^1*J2^3+-0.0004232898*J2^4+0,0,0,0,0,0,0,0,0,0,0,0,0,0,0,0,0,0,0,0,0,0,0,0,0,0,0,0,0,0,0,0,0,0,0,0,0,0,0,0,0,0,0,0,0,0,0,0,0,0,0,0,0,0,0,0,0,0,0,0,0,0,0,0,0,0,0,0,0,0,0,0,0,0,0,0,0,0,0,0,0},
{0,0,0,0,0.0018243737*J1^2*J2^2+0.0018243737*J2^4+0,-0.0007875160*J1^2*J2^2+0.0008465797*J1^1*J2^3+-0.0007875160*J2^4+0,0.0021066053*J1^1*J2^3+0,0.0002443865*J1^2*J2^2+-0.0009093451*J1^1*J2^3+0.0002443865*J2^4+0,0,0,0,0,0,0,0,0,0,0,0,0,0.0025800540*J1^2*J2^2+0.0025800540*J2^4+0,-0.0011137158*J1^2*J2^2+0.0011972445*J1^1*J2^3+-0.0011137158*J2^4+0,0.0029791898*J1^1*J2^3+0,0.0003456147*J1^2*J2^2+-0.0012860082*J1^1*J2^3+0.0003456147*J2^4+0,0,0,0,0,0,0,0,0,0,0,0,0,0,0,0,0,0,0,0,0,0,0,0,0,0,0,0,0,0,0,0,0,0,0,0,0,0,0,0,0,0,0,0,0,0,0,0,0,0,0,0,0,0,0,0,0,0,0,0,0,0,0,0,0,0,0,0,0,0,0,0,0},
{0,0,0,0,0,0,0,0,0,0,0,0,-0.0013640177*J1^2*J2^2+-0.0046035598*J1^1*J2^3+-0.0013640177*J2^4+0,0.0010533026*J1^2*J2^2+-0.0035044462*J1^1*J2^3+0.0010533026*J2^4+0,-0.0013289332*J1^2*J2^2+-0.0015750320*J1^1*J2^3+-0.0013289332*J2^4+0,-0.0010116465*J1^2*J2^2+0.0012162491*J1^1*J2^3+-0.0010116465*J2^4+0,0,0,0,0,0,0,0,0,0,0,0,0,0,0,0,0,0,0,0,0,0,0,0,0,0,0,0,0,0,0,0,0,0,0,0,0,0,0,0,0,0,0,0,0,0,0,0,0,0,0,0,0,0,0,0,0,0,0,0,0,0,0,0,0,0,0,0,0,0,0,0,0,0,0,0,0,0,0,0,0},
{0,0,0,0,0.0007875160*J1^2*J2^2+0.0026578665*J1^1*J2^3+0.0007875160*J2^4+0,-0.0006081246*J1^2*J2^2+0.0020232929*J1^1*J2^3+-0.0006081246*J2^4+0,0.0007672600*J1^2*J2^2+0.0009093451*J1^1*J2^3+0.0007672600*J2^4+0,0.0005840744*J1^2*J2^2+-0.0007022018*J1^1*J2^3+0.0005840744*J2^4+0,0,0,0,0,0,0,0,0,0,0,0,0,0.0011137158*J1^2*J2^2+0.0037587908*J1^1*J2^3+0.0011137158*J2^4+0,-0.0008600180*J1^2*J2^2+0.0028613683*J1^1*J2^3+-0.0008600180*J2^4+0,0.0010850694*J1^2*J2^2+0.0012860082*J1^1*J2^3+0.0010850694*J2^4+0,0.0008260059*J1^2*J2^2+-0.0009930633*J1^1*J2^3+0.0008260059*J2^4+0,0,0,0,0,0,0,0,0,0,0,0,0,0,0,0,0,0,0,0,0,0,0,0,0,0,0,0,0,0,0,0,0,0,0,0,0,0,0,0,0,0,0,0,0,0,0,0,0,0,0,0,0,0,0,0,0,0,0,0,0,0,0,0,0,0,0,0,0,0,0,0,0},
{0,0,0,0,0,0,0,0,0,0,0,0,-0.0036487474*J1^1*J2^3+0,-0.0004232898*J1^2*J2^2+0.0015750320*J1^1*J2^3+-0.0004232898*J2^4+0,-0.0031599079*J1^2*J2^2+0.0042132106*J1^1*J2^3+-0.0031599079*J2^4+0,0.0018527907*J1^2*J2^2+-0.0032850093*J1^1*J2^3+0.0018527907*J2^4+0,0,0,0,0,0,0,0,0,0,0,0,0,0,0,0,0,0,0,0,0,0,0,0,0,0,0,0,0,0,0,0,0,0,0,0,0,0,0,0,0,0,0,0,0,0,0,0,0,0,0,0,0,0,0,0,0,0,0,0,0,0,0,0,0,0,0,0,0,0,0,0,0,0,0,0,0,0,0,0,0},
{0,0,0,0,0.0021066053*J1^1*J2^3+0,0.0002443865*J1^2*J2^2+-0.0009093451*J1^1*J2^3+0.0002443865*J2^4+0,0.0018243737*J1^2*J2^2+-0.0024324983*J1^1*J2^3+0.0018243737*J2^4+0,-0.0010697092*J1^2*J2^2+0.0018966010*J1^1*J2^3+-0.0010697092*J2^4+0,0,0,0,0,0,0,0,0,0,0,0,0,0.0029791898*J1^1*J2^3+0,0.0003456147*J1^2*J2^2+-0.0012860082*J1^1*J2^3+0.0003456147*J2^4+0,0.0025800540*J1^2*J2^2+-0.0034400720*J1^1*J2^3+0.0025800540*J2^4+0,-0.0015127973*J1^2*J2^2+0.0026821989*J1^1*J2^3+-0.0015127973*J2^4+0,0,0,0,0,0,0,0,0,0,0,0,0,0,0,0,0,0,0,0,0,0,0,0,0,0,0,0,0,0,0,0,0,0,0,0,0,0,0,0,0,0,0,0,0,0,0,0,0,0,0,0,0,0,0,0,0,0,0,0,0,0,0,0,0,0,0,0,0,0,0,0,0},
{0,0,0,0,0,0,0,0,0,0,0,0,-0.0013289332*J1^2*J2^2+-0.0015750320*J1^1*J2^3+-0.0013289332*J2^4+0,-0.0010116465*J1^2*J2^2+0.0012162491*J1^1*J2^3+-0.0010116465*J2^4+0,0.0001705022*J1^2*J2^2+-0.0027848695*J1^1*J2^3+0.0001705022*J2^4+0,0.0022214514*J1^2*J2^2+-0.0049088497*J1^1*J2^3+0.0022214514*J2^4+0,0,0,0,0,0,0,0,0,0,0,0,0,0,0,0,0,0,0,0,0,0,0,0,0,0,0,0,0,0,0,0,0,0,0,0,0,0,0,0,0,0,0,0,0,0,0,0,0,0,0,0,0,0,0,0,0,0,0,0,0,0,0,0,0,0,0,0,0,0,0,0,0,0,0,0,0,0,0,0,0},
{0,0,0,0,0.0007672600*J1^2*J2^2+0.0009093451*J1^1*J2^3+0.0007672600*J2^4+0,0.0005840744*J1^2*J2^2+-0.0007022018*J1^1*J2^3+0.0005840744*J2^4+0,-0.0000984395*J1^2*J2^2+0.0016078452*J1^1*J2^3+-0.0000984395*J2^4+0,-0.0012825555*J1^2*J2^2+0.0028341257*J1^1*J2^3+-0.0012825555*J2^4+0,0,0,0,0,0,0,0,0,0,0,0,0,0.0010850694*J1^2*J2^2+0.0012860082*J1^1*J2^3+0.0010850694*J2^4+0,0.0008260059*J1^2*J2^2+-0.0009930633*J1^1*J2^3+0.0008260059*J2^4+0,-0.0001392145*J1^2*J2^2+0.0022738364*J1^1*J2^3+-0.0001392145*J2^4+0,-0.0018138074*J1^2*J2^2+0.0040080590*J1^1*J2^3+-0.0018138074*J2^4+0,0,0,0,0,0,0,0,0,0,0,0,0,0,0,0,0,0,0,0,0,0,0,0,0,0,0,0,0,0,0,0,0,0,0,0,0,0,0,0,0,0,0,0,0,0,0,0,0,0,0,0,0,0,0,0,0,0,0,0,0,0,0,0,0,0,0,0,0,0,0,0,0}
}