96
{{0,0,0,0,0,0,0,0,0,0,0,0,0,0,0,0,0,0,0,0,0,0,0,0,0,0,0,0,0,0,0,0,0,0,0,0,0,0,0,0,0,0,0,0,0,0,0,0,0,0.0002192628*J1^1*J2^3+0,0,0.0001265914*J2^4+0,0,0,0,0,0,-0.0047924583*J2^4+0,0,-0.0027669271*J1^1*J2^3+0,0,0,0,0,0,0.0000442978*J1^1*J2^3+0,0,0.0000255753*J2^4+0,0,0,0,0,0,0,0,0,0,0,0,0,0,-0.0005638186*J2^4+0,0,-0.0003255208*J1^1*J2^3+0,0,0.0022786458*J1^1*J2^3+0,0,0.0013155768*J2^4+0,0,0,0,0,0,0,0,0},
{0,0,0,0,0,0,0,0,0,0,0,0,0,0,0,0,0,0,0,0,0,0,0,0,0,0,0,0,0,0,0,0,0,0,0,0,0,0,0,0,0,0,0,0,0,0,0,0,0,0.0001265914*J2^4+0,0,0.0002192628*J1^1*J2^3+-0.0001461752*J2^4+0,0,0,0,0,0,-0.0027669271*J1^1*J2^3+0,0,0.0031949722*J1^1*J2^3+-0.0047924583*J2^4+0,0,0,0,0,0,0.0000255753*J2^4+0,0,0.0000442978*J1^1*J2^3+-0.0000295318*J2^4+0,0,0,0,0,0,0,0,0,0,0,0,0,0,-0.0003255208*J1^1*J2^3+0,0,0.0003758791*J1^1*J2^3+-0.0005638186*J2^4+0,0,0.0013155768*J2^4+0,0,0.0022786458*J1^1*J2^3+-0.0015190972*J2^4+0,0,0,0,0,0,0,0,0},
{0,0,0,0,0,0,0,0,0,0,0,0,0,0,0,0,0,0,0,0,0,0,0,0,0,0,0,0,0,0,0,0,0,0,0,0,0,0,0,0,0,0,0,0,0,0,0,0,0,-0.0000361690*J1^1*J2^3+0.0027669271*J2^4+0,0,0.0015974861*J1^1*J2^3+-0.0000208822*J2^4+0,0,0,0,0,0,-0.0001627604*J1^1*J2^3+0,0,-0.0000939698*J2^4+0,0,0,0,0,0,-0.0002046027*J1^1*J2^3+0.0039130258*J2^4+0,0,0.0022591865*J1^1*J2^3+-0.0001181274*J2^4+0,0,0,0,0,0,0,0,0,0,0,0,0,0,0.0022786458*J1^1*J2^3+0,0,0.0013155768*J2^4+0,0,-0.0026311536*J1^1*J2^3+-0.0005638186*J2^4+0,0,-0.0003255208*J1^1*J2^3+-0.0015190972*J2^4+0,0,0,0,0,0,0,0,0},
{0,0,0,0,0,0,0,0,0,0,0,0,0,0,0,0,0,0,0,0,0,0,0,0,0,0,0,0,0,0,0,0,0,0,0,0,0,0,0,0,0,0,0,0,0,0,0,0,0,0.0015974861*J1^1*J2^3+-0.0000208822*J2^4+0,0,-0.0018807870*J1^1*J2^3+0.0027910397*J2^4+0,0,0,0,0,0,-0.0000939698*J2^4+0,0,-0.0001627604*J1^1*J2^3+0.0001085069*J2^4+0,0,0,0,0,0,0.0022591865*J1^1*J2^3+-0.0001181274*J2^4+0,0,-0.0028132865*J1^1*J2^3+0.0040494276*J2^4+0,0,0,0,0,0,0,0,0,0,0,0,0,0,0.0013155768*J2^4+0,0,0.0022786458*J1^1*J2^3+-0.0015190972*J2^4+0,0,-0.0003255208*J1^1*J2^3+-0.0015190972*J2^4+0,0,-0.0022552745*J1^1*J2^3+0.0011902838*J2^4+0,0,0,0,0,0,0,0,0},
{0,0,0,0,0,0,0,0,0,0,0,0,0,0,0,0,0,0,0,0,0,0,0,0,0,0,0,0,0,0,0,0,0,0,0,0,0,0,0,0,0,0,0,0,0,0,0,0,0,0,0,0,0,0.0002192628*J1^1*J2^3+0,0,0.0001265914*J2^4+0,0,0,0,0,0,-0.0047924583*J2^4+0,0,-0.0027669271*J1^1*J2^3+0,0,0,0,0,0,0.0000442978*J1^1*J2^3+0,0,0.0000255753*J2^4+0,0,0.0003255208*J2^4+0,0,0.0001879395*J1^1*J2^3+0,0,-0.0013155768*J1^1*J2^3+0,0,-0.0007595486*J2^4+0,0,0,0,0,0,0,0,0,0,-0.0004603560*J2^4+0,0,-0.0002657866*J1^1*J2^3+0,0,0.0018605065*J1^1*J2^3+0,0,0.0010741639*J2^4+0},
{0,0,0,0,0,0,0,0,0,0,0,0,0,0,0,0,0,0,0,0,0,0,0,0,0,0,0,0,0,0,0,0,0,0,0,0,0,0,0,0,0,0,0,0,0,0,0,0,0,0,0,0,0,0.0001265914*J2^4+0,0,0.0002192628*J1^1*J2^3+-0.0001461752*J2^4+0,0,0,0,0,0,-0.0027669271*J1^1*J2^3+0,0,0.0031949722*J1^1*J2^3+-0.0047924583*J2^4+0,0,0,0,0,0,0.0000255753*J2^4+0,0,0.0000442978*J1^1*J2^3+-0.0000295318*J2^4+0,0,0.0001879395*J1^1*J2^3+0,0,-0.0002170139*J1^1*J2^3+0.0003255208*J2^4+0,0,-0.0007595486*J2^4+0,0,-0.0013155768*J1^1*J2^3+0.0008770512*J2^4+0,0,0,0,0,0,0,0,0,0,-0.0002657866*J1^1*J2^3+0,0,0.0003069040*J1^1*J2^3+-0.0004603560*J2^4+0,0,0.0010741639*J2^4+0,0,0.0018605065*J1^1*J2^3+-0.0012403377*J2^4+0},
{0,0,0,0,0,0,0,0,0,0,0,0,0,0,0,0,0,0,0,0,0,0,0,0,0,0,0,0,0,0,0,0,0,0,0,0,0,0,0,0,0,0,0,0,0,0,0,0,0,0,0,0,0,-0.0000361690*J1^1*J2^3+0.0027669271*J2^4+0,0,0.0015974861*J1^1*J2^3+-0.0000208822*J2^4+0,0,0,0,0,0,-0.0001627604*J1^1*J2^3+0,0,-0.0000939698*J2^4+0,0,0,0,0,0,-0.0002046027*J1^1*J2^3+0.0039130258*J2^4+0,0,0.0022591865*J1^1*J2^3+-0.0001181274*J2^4+0,0,-0.0013155768*J1^1*J2^3+0,0,-0.0007595486*J2^4+0,0,0.0015190972*J1^1*J2^3+0.0003255208*J2^4+0,0,0.0001879395*J1^1*J2^3+0.0008770512*J2^4+0,0,0,0,0,0,0,0,0,0,0.0018605065*J1^1*J2^3+0,0,0.0010741639*J2^4+0,0,-0.0021483279*J1^1*J2^3+-0.0004603560*J2^4+0,0,-0.0002657866*J1^1*J2^3+-0.0012403377*J2^4+0},
{0,0,0,0,0,0,0,0,0,0,0,0,0,0,0,0,0,0,0,0,0,0,0,0,0,0,0,0,0,0,0,0,0,0,0,0,0,0,0,0,0,0,0,0,0,0,0,0,0,0,0,0,0,0.0015974861*J1^1*J2^3+-0.0000208822*J2^4+0,0,-0.0018807870*J1^1*J2^3+0.0027910397*J2^4+0,0,0,0,0,0,-0.0000939698*J2^4+0,0,-0.0001627604*J1^1*J2^3+0.0001085069*J2^4+0,0,0,0,0,0,0.0022591865*J1^1*J2^3+-0.0001181274*J2^4+0,0,-0.0028132865*J1^1*J2^3+0.0040494276*J2^4+0,0,-0.0007595486*J2^4+0,0,-0.0013155768*J1^1*J2^3+0.0008770512*J2^4+0,0,0.0001879395*J1^1*J2^3+0.0008770512*J2^4+0,0,0.0013020833*J1^1*J2^3+-0.0006872106*J2^4+0,0,0,0,0,0,0,0,0,0,0.0010741639*J2^4+0,0,0.0018605065*J1^1*J2^3+-0.0012403377*J2^4+0,0,-0.0002657866*J1^1*J2^3+-0.0012403377*J2^4+0,0,-0.0018414239*J1^1*J2^3+0.0009718626*J2^4+0},
{0,0,0,0,0,0,0,0,0,0,0,0,0,0,0,0,0,0,0,0,0,0,0,0,0,0,0,0,0,0,0,0,0,0,0,0,0,0,0,0,0,0,0,0,0,0,0,0,-0.0003797743*J1^1*J2^3+0,0,-0.0002192628*J2^4+0,0,0,0,0,0,0.0083007812*J2^4+0,0,0.0047924583*J1^1*J2^3+0,0,0,0,0,0,-0.0000767260*J1^1*J2^3+0,0,-0.0000442978*J2^4+0,0,0,0,0,0,0,0,0,0,0,0,0,0,0.0009765625*J2^4+0,0,0.0005638186*J1^1*J2^3+0,0,-0.0039467304*J1^1*J2^3+0,0,-0.0022786458*J2^4+0,0,0,0,0,0,0,0,0,0},
{0,0,0,0,0,0,0,0,0,0,0,0,0,0,0,0,0,0,0,0,0,0,0,0,0,0,0,0,0,0,0,0,0,0,0,0,0,0,0,0,0,0,0,0,0,0,0,0,-0.0002192628*J2^4+0,0,-0.0003797743*J1^1*J2^3+0.0002531829*J2^4+0,0,0,0,0,0,0.0047924583*J1^1*J2^3+0,0,-0.0055338542*J1^1*J2^3+0.0083007812*J2^4+0,0,0,0,0,0,-0.0000442978*J2^4+0,0,-0.0000767260*J1^1*J2^3+0.0000511507*J2^4+0,0,0,0,0,0,0,0,0,0,0,0,0,0,0.0005638186*J1^1*J2^3+0,0,-0.0006510417*J1^1*J2^3+0.0009765625*J2^4+0,0,-0.0022786458*J2^4+0,0,-0.0039467304*J1^1*J2^3+0.0026311536*J2^4+0,0,0,0,0,0,0,0,0,0},
{0,0,0,0,0,0,0,0,0,0,0,0,0,0,0,0,0,0,0,0,0,0,0,0,0,0,0,0,0,0,0,0,0,0,0,0,0,0,0,0,0,0,0,0,0,0,0,0,0.0000626465*J1^1*J2^3+-0.0047924583*J2^4+0,0,-0.0027669271*J1^1*J2^3+0.0000361690*J2^4+0,0,0,0,0,0,0.0002819093*J1^1*J2^3+0,0,0.0001627604*J2^4+0,0,0,0,0,0,0.0003543822*J1^1*J2^3+-0.0067775595*J2^4+0,0,-0.0039130258*J1^1*J2^3+0.0002046027*J2^4+0,0,0,0,0,0,0,0,0,0,0,0,0,0,-0.0039467304*J1^1*J2^3+0,0,-0.0022786458*J2^4+0,0,0.0045572917*J1^1*J2^3+0.0009765625*J2^4+0,0,0.0005638186*J1^1*J2^3+0.0026311536*J2^4+0,0,0,0,0,0,0,0,0,0},
{0,0,0,0,0,0,0,0,0,0,0,0,0,0,0,0,0,0,0,0,0,0,0,0,0,0,0,0,0,0,0,0,0,0,0,0,0,0,0,0,0,0,0,0,0,0,0,0,-0.0027669271*J1^1*J2^3+0.0000361690*J2^4+0,0,0.0032576187*J1^1*J2^3+-0.0048342226*J2^4+0,0,0,0,0,0,0.0001627604*J2^4+0,0,0.0002819093*J1^1*J2^3+-0.0001879395*J2^4+0,0,0,0,0,0,-0.0039130258*J1^1*J2^3+0.0002046027*J2^4+0,0,0.0048727552*J1^1*J2^3+-0.0070138143*J2^4+0,0,0,0,0,0,0,0,0,0,0,0,0,0,-0.0022786458*J2^4+0,0,-0.0039467304*J1^1*J2^3+0.0026311536*J2^4+0,0,0.0005638186*J1^1*J2^3+0.0026311536*J2^4+0,0,0.0039062500*J1^1*J2^3+-0.0020616319*J2^4+0,0,0,0,0,0,0,0,0,0},
{0,0,0,0,0,0,0,0,0,0,0,0,0,0,0,0,0,0,0,0,0,0,0,0,0,0,0,0,0,0,0,0,0,0,0,0,0,0,0,0,0,0,0,0,0,0,0,0,0,0,0,0,-0.0003797743*J1^1*J2^3+0,0,-0.0002192628*J2^4+0,0,0,0,0,0,0.0083007813*J2^4+0,0,0.0047924583*J1^1*J2^3+0,0,0,0,0,0,-0.0000767260*J1^1*J2^3+0,0,-0.0000442978*J2^4+0,0,-0.0005638186*J2^4+0,0,-0.0003255208*J1^1*J2^3+0,0,0.0022786458*J1^1*J2^3+0,0,0.0013155768*J2^4+0,0,0,0,0,0,0,0,0,0,0.0007973599*J2^4+0,0,0.0004603560*J1^1*J2^3+0,0,-0.0032224918*J1^1*J2^3+0,0,-0.0018605065*J2^4+0,0},
{0,0,0,0,0,0,0,0,0,0,0,0,0,0,0,0,0,0,0,0,0,0,0,0,0,0,0,0,0,0,0,0,0,0,0,0,0,0,0,0,0,0,0,0,0,0,0,0,0,0,0,0,-0.0002192628*J2^4+0,0,-0.0003797743*J1^1*J2^3+0.0002531829*J2^4+0,0,0,0,0,0,0.0047924583*J1^1*J2^3+0,0,-0.0055338542*J1^1*J2^3+0.0083007813*J2^4+0,0,0,0,0,0,-0.0000442978*J2^4+0,0,-0.0000767260*J1^1*J2^3+0.0000511507*J2^4+0,0,-0.0003255208*J1^1*J2^3+0,0,0.0003758791*J1^1*J2^3+-0.0005638186*J2^4+0,0,0.0013155768*J2^4+0,0,0.0022786458*J1^1*J2^3+-0.0015190972*J2^4+0,0,0,0,0,0,0,0,0,0,0.0004603560*J1^1*J2^3+0,0,-0.0005315733*J1^1*J2^3+0.0007973599*J2^4+0,0,-0.0018605065*J2^4+0,0,-0.0032224918*J1^1*J2^3+0.0021483279*J2^4+0,0},
{0,0,0,0,0,0,0,0,0,0,0,0,0,0,0,0,0,0,0,0,0,0,0,0,0,0,0,0,0,0,0,0,0,0,0,0,0,0,0,0,0,0,0,0,0,0,0,0,0,0,0,0,0.0000626465*J1^1*J2^3+-0.0047924583*J2^4+0,0,-0.0027669271*J1^1*J2^3+0.0000361690*J2^4+0,0,0,0,0,0,0.0002819093*J1^1*J2^3+0,0,0.0001627604*J2^4+0,0,0,0,0,0,0.0003543822*J1^1*J2^3+-0.0067775595*J2^4+0,0,-0.0039130258*J1^1*J2^3+0.0002046027*J2^4+0,0,0.0022786458*J1^1*J2^3+0,0,0.0013155768*J2^4+0,0,-0.0026311536*J1^1*J2^3+-0.0005638186*J2^4+0,0,-0.0003255208*J1^1*J2^3+-0.0015190972*J2^4+0,0,0,0,0,0,0,0,0,0,-0.0032224918*J1^1*J2^3+0,0,-0.0018605065*J2^4+0,0,0.0037210131*J1^1*J2^3+0.0007973599*J2^4+0,0,0.0004603560*J1^1*J2^3+0.0021483279*J2^4+0,0},
{0,0,0,0,0,0,0,0,0,0,0,0,0,0,0,0,0,0,0,0,0,0,0,0,0,0,0,0,0,0,0,0,0,0,0,0,0,0,0,0,0,0,0,0,0,0,0,0,0,0,0,0,-0.0027669271*J1^1*J2^3+0.0000361690*J2^4+0,0,0.0032576187*J1^1*J2^3+-0.0048342226*J2^4+0,0,0,0,0,0,0.0001627604*J2^4+0,0,0.0002819093*J1^1*J2^3+-0.0001879395*J2^4+0,0,0,0,0,0,-0.0039130258*J1^1*J2^3+0.0002046027*J2^4+0,0,0.0048727552*J1^1*J2^3+-0.0070138143*J2^4+0,0,0.0013155768*J2^4+0,0,0.0022786458*J1^1*J2^3+-0.0015190972*J2^4+0,0,-0.0003255208*J1^1*J2^3+-0.0015190972*J2^4+0,0,-0.0022552745*J1^1*J2^3+0.0011902838*J2^4+0,0,0,0,0,0,0,0,0,0,-0.0018605065*J2^4+0,0,-0.0032224918*J1^1*J2^3+0.0021483279*J2^4+0,0,0.0004603560*J1^1*J2^3+0.0021483279*J2^4+0,0,0.0031894398*J1^1*J2^3+-0.0016833154*J2^4+0,0},
{0,0,0,0,0,0,0,0,0,0,0,0,0,0,0,0,0,0,0,0,0,0,0,0,0,0,0,0,0,0,0,0,0,0,0,0,0,0,0,0,0,0,0,0,0,0,0,0,0,0.0003100844*J1^1*J2^3+0,0,0.0001790273*J2^4+0,0,0,0,0,0,-0.0067775595*J2^4+0,0,-0.0039130258*J1^1*J2^3+0,0,0,0,0,0,0.0000626465*J1^1*J2^3+0,0,0.0000361690*J2^4+0,0,0,0,0,0,0,0,0,0,0,0,0,0,-0.0007973599*J2^4+0,0,-0.0004603560*J1^1*J2^3+0,0,0.0032224918*J1^1*J2^3+0,0,0.0018605065*J2^4+0,0,0,0,0,0,0,0,0},
{0,0,0,0,0,0,0,0,0,0,0,0,0,0,0,0,0,0,0,0,0,0,0,0,0,0,0,0,0,0,0,0,0,0,0,0,0,0,0,0,0,0,0,0,0,0,0,0,0,0.0001790273*J2^4+0,0,0.0003100844*J1^1*J2^3+-0.0002067229*J2^4+0,0,0,0,0,0,-0.0039130258*J1^1*J2^3+0,0,0.0045183730*J1^1*J2^3+-0.0067775595*J2^4+0,0,0,0,0,0,0.0000361690*J2^4+0,0,0.0000626465*J1^1*J2^3+-0.0000417643*J2^4+0,0,0,0,0,0,0,0,0,0,0,0,0,0,-0.0004603560*J1^1*J2^3+0,0,0.0005315733*J1^1*J2^3+-0.0007973599*J2^4+0,0,0.0018605065*J2^4+0,0,0.0032224918*J1^1*J2^3+-0.0021483279*J2^4+0,0,0,0,0,0,0,0,0},
{0,0,0,0,0,0,0,0,0,0,0,0,0,0,0,0,0,0,0,0,0,0,0,0,0,0,0,0,0,0,0,0,0,0,0,0,0,0,0,0,0,0,0,0,0,0,0,0,0,-0.0000511507*J1^1*J2^3+0.0039130258*J2^4+0,0,0.0022591865*J1^1*J2^3+-0.0000295318*J2^4+0,0,0,0,0,0,-0.0002301780*J1^1*J2^3+0,0,-0.0001328933*J2^4+0,0,0,0,0,0,-0.0002893519*J1^1*J2^3+0.0055338542*J2^4+0,0,0.0031949722*J1^1*J2^3+-0.0001670574*J2^4+0,0,0,0,0,0,0,0,0,0,0,0,0,0,0.0032224918*J1^1*J2^3+0,0,0.0018605065*J2^4+0,0,-0.0037210131*J1^1*J2^3+-0.0007973599*J2^4+0,0,-0.0004603560*J1^1*J2^3+-0.0021483279*J2^4+0,0,0,0,0,0,0,0,0},
{0,0,0,0,0,0,0,0,0,0,0,0,0,0,0,0,0,0,0,0,0,0,0,0,0,0,0,0,0,0,0,0,0,0,0,0,0,0,0,0,0,0,0,0,0,0,0,0,0,0.0022591865*J1^1*J2^3+-0.0000295318*J2^4+0,0,-0.0026598345*J1^1*J2^3+0.0039471263*J2^4+0,0,0,0,0,0,-0.0001328933*J2^4+0,0,-0.0002301780*J1^1*J2^3+0.0001534520*J2^4+0,0,0,0,0,0,0.0031949722*J1^1*J2^3+-0.0001670574*J2^4+0,0,-0.0039785880*J1^1*J2^3+0.0057267554*J2^4+0,0,0,0,0,0,0,0,0,0,0,0,0,0,0.0018605065*J2^4+0,0,0.0032224918*J1^1*J2^3+-0.0021483279*J2^4+0,0,-0.0004603560*J1^1*J2^3+-0.0021483279*J2^4+0,0,-0.0031894398*J1^1*J2^3+0.0016833154*J2^4+0,0,0,0,0,0,0,0,0},
{0,0,0,0,0,0,0,0,0,0,0,0,0,0,0,0,0,0,0,0,0,0,0,0,0,0,0,0,0,0,0,0,0,0,0,0,0,0,0,0,0,0,0,0,0,0,0,0,0,0,0,0,0,0.0003100844*J1^1*J2^3+0,0,0.0001790273*J2^4+0,0,0,0,0,0,-0.0067775595*J2^4+0,0,-0.0039130258*J1^1*J2^3+0,0,0,0,0,0,0.0000626465*J1^1*J2^3+0,0,0.0000361690*J2^4+0,0,0.0004603560*J2^4+0,0,0.0002657866*J1^1*J2^3+0,0,-0.0018605065*J1^1*J2^3+0,0,-0.0010741639*J2^4+0,0,0,0,0,0,0,0,0,0,-0.0006510417*J2^4+0,0,-0.0003758791*J1^1*J2^3+0,0,0.0026311536*J1^1*J2^3+0,0,0.0015190972*J2^4+0},
{0,0,0,0,0,0,0,0,0,0,0,0,0,0,0,0,0,0,0,0,0,0,0,0,0,0,0,0,0,0,0,0,0,0,0,0,0,0,0,0,0,0,0,0,0,0,0,0,0,0,0,0,0,0.0001790273*J2^4+0,0,0.0003100844*J1^1*J2^3+-0.0002067229*J2^4+0,0,0,0,0,0,-0.0039130258*J1^1*J2^3+0,0,0.0045183730*J1^1*J2^3+-0.0067775595*J2^4+0,0,0,0,0,0,0.0000361690*J2^4+0,0,0.0000626465*J1^1*J2^3+-0.0000417643*J2^4+0,0,0.0002657866*J1^1*J2^3+0,0,-0.0003069040*J1^1*J2^3+0.0004603560*J2^4+0,0,-0.0010741639*J2^4+0,0,-0.0018605065*J1^1*J2^3+0.0012403377*J2^4+0,0,0,0,0,0,0,0,0,0,-0.0003758791*J1^1*J2^3+0,0,0.0004340278*J1^1*J2^3+-0.0006510417*J2^4+0,0,0.0015190972*J2^4+0,0,0.0026311536*J1^1*J2^3+-0.0017541024*J2^4+0},
{0,0,0,0,0,0,0,0,0,0,0,0,0,0,0,0,0,0,0,0,0,0,0,0,0,0,0,0,0,0,0,0,0,0,0,0,0,0,0,0,0,0,0,0,0,0,0,0,0,0,0,0,0,-0.0000511507*J1^1*J2^3+0.0039130258*J2^4+0,0,0.0022591865*J1^1*J2^3+-0.0000295318*J2^4+0,0,0,0,0,0,-0.0002301780*J1^1*J2^3+0,0,-0.0001328933*J2^4+0,0,0,0,0,0,-0.0002893519*J1^1*J2^3+0.0055338542*J2^4+0,0,0.0031949722*J1^1*J2^3+-0.0001670574*J2^4+0,0,-0.0018605065*J1^1*J2^3+0,0,-0.0010741639*J2^4+0,0,0.0021483279*J1^1*J2^3+0.0004603560*J2^4+0,0,0.0002657866*J1^1*J2^3+0.0012403377*J2^4+0,0,0,0,0,0,0,0,0,0,0.0026311536*J1^1*J2^3+0,0,0.0015190972*J2^4+0,0,-0.0030381944*J1^1*J2^3+-0.0006510417*J2^4+0,0,-0.0003758791*J1^1*J2^3+-0.0017541024*J2^4+0},
{0,0,0,0,0,0,0,0,0,0,0,0,0,0,0,0,0,0,0,0,0,0,0,0,0,0,0,0,0,0,0,0,0,0,0,0,0,0,0,0,0,0,0,0,0,0,0,0,0,0,0,0,0,0.0022591865*J1^1*J2^3+-0.0000295318*J2^4+0,0,-0.0026598345*J1^1*J2^3+0.0039471263*J2^4+0,0,0,0,0,0,-0.0001328933*J2^4+0,0,-0.0002301780*J1^1*J2^3+0.0001534520*J2^4+0,0,0,0,0,0,0.0031949722*J1^1*J2^3+-0.0001670574*J2^4+0,0,-0.0039785880*J1^1*J2^3+0.0057267554*J2^4+0,0,-0.0010741639*J2^4+0,0,-0.0018605065*J1^1*J2^3+0.0012403377*J2^4+0,0,0.0002657866*J1^1*J2^3+0.0012403377*J2^4+0,0,0.0018414239*J1^1*J2^3+-0.0009718626*J2^4+0,0,0,0,0,0,0,0,0,0,0.0015190972*J2^4+0,0,0.0026311536*J1^1*J2^3+-0.0017541024*J2^4+0,0,-0.0003758791*J1^1*J2^3+-0.0017541024*J2^4+0,0,-0.0026041667*J1^1*J2^3+0.0013744213*J2^4+0},
{0,0,0,0,0,0,0,0,0,0,0,0,0,0,0,0,0,0,0,0,0,0,0,0,0,0,0,0,0,0,0,0,0,0,0,0,0,0,0,0,0,0,0,0,0,0,0,0,0,0,0,0,0,0,0,0,0,0,0,0,0,0,0,0,0,0,0,0,0,0,0,0,0,0,0,0,0,0,0,0,0,0,0,0,0,0,0,0,0,0,0,0,0,0,0,0},
{0,0,0,0,0,0,0,0,0,0,0,0,0,0,0,0,0,0,0,0,0,0,0,0,0,0,0,0,0,0,0,0,0,0,0,0,0,0,0,0,0,0,0,0,0,0,0,0,0,0,0,0,0,0,0,0,0,0,0,0,0,0,0,0,0,0,0,0,0,0,0,0,0,0,0,0,0,0,0,0,0,0,0,0,0,0,0,0,0,0,0,0,0,0,0,0},
{0,0,0,0,0,0,0,0,0,0,0,0,0,0,0,0,0,0,0,0,0,0,0,0,0,0,0,0,0,0,0,0,0,0,0,0,0,0,0,0,0,0,0,0,0,0,0,0,0,0,0,0,0,0,0,0,0,0,0,0,0,0,0,0,0,0,0,0,0,0,0,0,0,0,0,0,0,0,0,0,0,0,0,0,0,0,0,0,0,0,0,0,0,0,0,0},
{0,0,0,0,0,0,0,0,0,0,0,0,0,0,0,0,0,0,0,0,0,0,0,0,0,0,0,0,0,0,0,0,0,0,0,0,0,0,0,0,0,0,0,0,0,0,0,0,0,0,0,0,0,0,0,0,0,0,0,0,0,0,0,0,0,0,0,0,0,0,0,0,0,0,0,0,0,0,0,0,0,0,0,0,0,0,0,0,0,0,0,0,0,0,0,0},
{0,0,0,0,0,0,0,0,0,0,0,0,0,0,0,0,0,0,0,0,0,0,0,0,0,0,0,0,0,0,0,0,0,0,0,0,0,0,0,0,0,0,0,0,0,0,0,0,0,0,0,0,0,0,0,0,0,0,0,0,0,0,0,0,0,0,0,0,0,0,0,0,0,0,0,0,0,0,0,0,0,0,0,0,0,0,0,0,0,0,0,0,0,0,0,0},
{0,0,0,0,0,0,0,0,0,0,0,0,0,0,0,0,0,0,0,0,0,0,0,0,0,0,0,0,0,0,0,0,0,0,0,0,0,0,0,0,0,0,0,0,0,0,0,0,0,0,0,0,0,0,0,0,0,0,0,0,0,0,0,0,0,0,0,0,0,0,0,0,0,0,0,0,0,0,0,0,0,0,0,0,0,0,0,0,0,0,0,0,0,0,0,0},
{0,0,0,0,0,0,0,0,0,0,0,0,0,0,0,0,0,0,0,0,0,0,0,0,0,0,0,0,0,0,0,0,0,0,0,0,0,0,0,0,0,0,0,0,0,0,0,0,0,0,0,0,0,0,0,0,0,0,0,0,0,0,0,0,0,0,0,0,0,0,0,0,0,0,0,0,0,0,0,0,0,0,0,0,0,0,0,0,0,0,0,0,0,0,0,0},
{0,0,0,0,0,0,0,0,0,0,0,0,0,0,0,0,0,0,0,0,0,0,0,0,0,0,0,0,0,0,0,0,0,0,0,0,0,0,0,0,0,0,0,0,0,0,0,0,0,0,0,0,0,0,0,0,0,0,0,0,0,0,0,0,0,0,0,0,0,0,0,0,0,0,0,0,0,0,0,0,0,0,0,0,0,0,0,0,0,0,0,0,0,0,0,0},
{0,0,0,0,0,0,0,0,0,0,0,0,0,0,0,0,0,0,0,0,0,0,0,0,0,0,0,0,0,0,0,0,0,0,0,0,0,0,0,0,0,0,0,0,0,0,0,0,0,0,0,0,0,0,0,0,0,0,0,0,0,0,0,0,0,0,0,0,0,0,0,0,0,0,0,0,0,0,0,0,0,0,0,0,0,0,0,0,0,0,0,0,0,0,0,0},
{0,0,0,0,0,0,0,0,0,0,0,0,0,0,0,0,0,0,0,0,0,0,0,0,0,0,0,0,0,0,0,0,0,0,0,0,0,0,0,0,0,0,0,0,0,0,0,0,0,0,0,0,0,0,0,0,0,0,0,0,0,0,0,0,0,0,0,0,0,0,0,0,0,0,0,0,0,0,0,0,0,0,0,0,0,0,0,0,0,0,0,0,0,0,0,0},
{0,0,0,0,0,0,0,0,0,0,0,0,0,0,0,0,0,0,0,0,0,0,0,0,0,0,0,0,0,0,0,0,0,0,0,0,0,0,0,0,0,0,0,0,0,0,0,0,0,0,0,0,0,0,0,0,0,0,0,0,0,0,0,0,0,0,0,0,0,0,0,0,0,0,0,0,0,0,0,0,0,0,0,0,0,0,0,0,0,0,0,0,0,0,0,0},
{0,0,0,0,0,0,0,0,0,0,0,0,0,0,0,0,0,0,0,0,0,0,0,0,0,0,0,0,0,0,0,0,0,0,0,0,0,0,0,0,0,0,0,0,0,0,0,0,0,0,0,0,0,0,0,0,0,0,0,0,0,0,0,0,0,0,0,0,0,0,0,0,0,0,0,0,0,0,0,0,0,0,0,0,0,0,0,0,0,0,0,0,0,0,0,0},
{0,0,0,0,0,0,0,0,0,0,0,0,0,0,0,0,0,0,0,0,0,0,0,0,0,0,0,0,0,0,0,0,0,0,0,0,0,0,0,0,0,0,0,0,0,0,0,0,0,0,0,0,0,0,0,0,0,0,0,0,0,0,0,0,0,0,0,0,0,0,0,0,0,0,0,0,0,0,0,0,0,0,0,0,0,0,0,0,0,0,0,0,0,0,0,0},
{0,0,0,0,0,0,0,0,0,0,0,0,0,0,0,0,0,0,0,0,0,0,0,0,0,0,0,0,0,0,0,0,0,0,0,0,0,0,0,0,0,0,0,0,0,0,0,0,0,0,0,0,0,0,0,0,0,0,0,0,0,0,0,0,0,0,0,0,0,0,0,0,0,0,0,0,0,0,0,0,0,0,0,0,0,0,0,0,0,0,0,0,0,0,0,0},
{0,0,0,0,0,0,0,0,0,0,0,0,0,0,0,0,0,0,0,0,0,0,0,0,0,0,0,0,0,0,0,0,0,0,0,0,0,0,0,0,0,0,0,0,0,0,0,0,0,0,0,0,0,0,0,0,0,0,0,0,0,0,0,0,0,0,0,0,0,0,0,0,0,0,0,0,0,0,0,0,0,0,0,0,0,0,0,0,0,0,0,0,0,0,0,0},
{0,0,0,0,0,0,0,0,0,0,0,0,0,0,0,0,0,0,0,0,0,0,0,0,0,0,0,0,0,0,0,0,0,0,0,0,0,0,0,0,0,0,0,0,0,0,0,0,0,0,0,0,0,0,0,0,0,0,0,0,0,0,0,0,0,0,0,0,0,0,0,0,0,0,0,0,0,0,0,0,0,0,0,0,0,0,0,0,0,0,0,0,0,0,0,0},
{0,0,0,0,0,0,0,0,0,0,0,0,0,0,0,0,0,0,0,0,0,0,0,0,0,0,0,0,0,0,0,0,0,0,0,0,0,0,0,0,0,0,0,0,0,0,0,0,0,0,0,0,0,0,0,0,0,0,0,0,0,0,0,0,0,0,0,0,0,0,0,0,0,0,0,0,0,0,0,0,0,0,0,0,0,0,0,0,0,0,0,0,0,0,0,0},
{0,0,0,0,0,0,0,0,0,0,0,0,0,0,0,0,0,0,0,0,0,0,0,0,0,0,0,0,0,0,0,0,0,0,0,0,0,0,0,0,0,0,0,0,0,0,0,0,0,0,0,0,0,0,0,0,0,0,0,0,0,0,0,0,0,0,0,0,0,0,0,0,0,0,0,0,0,0,0,0,0,0,0,0,0,0,0,0,0,0,0,0,0,0,0,0},
{0,0,0,0,0,0,0,0,0,0,0,0,0,0,0,0,0,0,0,0,0,0,0,0,0,0,0,0,0,0,0,0,0,0,0,0,0,0,0,0,0,0,0,0,0,0,0,0,0,0,0,0,0,0,0,0,0,0,0,0,0,0,0,0,0,0,0,0,0,0,0,0,0,0,0,0,0,0,0,0,0,0,0,0,0,0,0,0,0,0,0,0,0,0,0,0},
{0,0,0,0,0,0,0,0,0,0,0,0,0,0,0,0,0,0,0,0,0,0,0,0,0,0,0,0,0,0,0,0,0,0,0,0,0,0,0,0,0,0,0,0,0,0,0,0,0,0,0,0,0,0,0,0,0,0,0,0,0,0,0,0,0,0,0,0,0,0,0,0,0,0,0,0,0,0,0,0,0,0,0,0,0,0,0,0,0,0,0,0,0,0,0,0},
{0,0,0,0,0,0,0,0,0,0,0,0,0,0,0,0,0,0,0,0,0,0,0,0,0,0,0,0,0,0,0,0,0,0,0,0,0,0,0,0,0,0,0,0,0,0,0,0,0,0,0,0,0,0,0,0,0,0,0,0,0,0,0,0,0,0,0,0,0,0,0,0,0,0,0,0,0,0,0,0,0,0,0,0,0,0,0,0,0,0,0,0,0,0,0,0},
{0,0,0,0,0,0,0,0,0,0,0,0,0,0,0,0,0,0,0,0,0,0,0,0,0,0,0,0,0,0,0,0,0,0,0,0,0,0,0,0,0,0,0,0,0,0,0,0,0,0,0,0,0,0,0,0,0,0,0,0,0,0,0,0,0,0,0,0,0,0,0,0,0,0,0,0,0,0,0,0,0,0,0,0,0,0,0,0,0,0,0,0,0,0,0,0},
{0,0,0,0,0,0,0,0,0,0,0,0,0,0,0,0,0,0,0,0,0,0,0,0,0,0,0,0,0,0,0,0,0,0,0,0,0,0,0,0,0,0,0,0,0,0,0,0,0,0,0,0,0,0,0,0,0,0,0,0,0,0,0,0,0,0,0,0,0,0,0,0,0,0,0,0,0,0,0,0,0,0,0,0,0,0,0,0,0,0,0,0,0,0,0,0},
{0,0,0,0,0,0,0,0,0,0,0,0,0,0,0,0,0,0,0,0,0,0,0,0,0,0,0,0,0,0,0,0,0,0,0,0,0,0,0,0,0,0,0,0,0,0,0,0,0,0,0,0,0,0,0,0,0,0,0,0,0,0,0,0,0,0,0,0,0,0,0,0,0,0,0,0,0,0,0,0,0,0,0,0,0,0,0,0,0,0,0,0,0,0,0,0},
{0,0,0,0,0,0,0,0,0.0014166184*J1^1*J2^3+0,0.0008178850*J2^4+0,-0.0011554801*J1^1*J2^3+0.0042286397*J2^4+0,0.0024414063*J1^1*J2^3+-0.0006671168*J2^4+0,0,0,0,0,0,0,0,0,0,0,0,0,0,0,0,0,0,0,0,0,0,0,0,0,0,0,0,0,0,0,0,0,0,0,0,0,0,0,0,0,0,0,0,0,0,0,0,0,0,0,0,0,0,0,0,0,0,0,0,0,0,0,0,0,0,0,0,0,0,0,0,0,0,0,0,0,0,0,0,0,0,0,0,0},
{-0.0008178850*J1^1*J2^3+0,-0.0004722061*J2^4+0,0.0006671168*J1^1*J2^3+-0.0024414063*J2^4+0,-0.0014095466*J1^1*J2^3+0.0003851600*J2^4+0,0,0,0,0,0,0,0,0,0,0,0,0,-0.0011566641*J1^1*J2^3+0,-0.0006678003*J2^4+0,0.0009434456*J1^1*J2^3+-0.0034526698*J2^4+0,-0.0019933999*J1^1*J2^3+0.0005446986*J2^4+0,0,0,0,0,0,0,0,0,0,0,0,0,0,0,0,0,0,0,0,0,0,0,0,0,0,0,0,0,0,0,0,0,0,0,0,0,0,0,0,0,0,0,0,0,0,0,0,0,0,0,0,0,0,0,0,0,0,0,0,0,0,0,0,0,0,0,0,0,0,0,0,0,0,0,0,0},
{0,0,0,0,0,0,0,0,0.0008178850*J2^4+0,0.0014166184*J1^1*J2^3+-0.0009444123*J2^4+0,0.0024414063*J1^1*J2^3+-0.0006671168*J2^4+0,-0.0039745733*J1^1*J2^3+0.0049989598*J2^4+0,0,0,0,0,0,0,0,0,0,0,0,0,0,0,0,0,0,0,0,0,0,0,0,0,0,0,0,0,0,0,0,0,0,0,0,0,0,0,0,0,0,0,0,0,0,0,0,0,0,0,0,0,0,0,0,0,0,0,0,0,0,0,0,0,0,0,0,0,0,0,0,0,0,0,0,0,0,0,0,0,0,0,0,0},
{-0.0004722061*J2^4+0,-0.0008178850*J1^1*J2^3+0.0005452567*J2^4+0,-0.0014095466*J1^1*J2^3+0.0003851600*J2^4+0,0.0022947209*J1^1*J2^3+-0.0028861508*J2^4+0,0,0,0,0,0,0,0,0,0,0,0,0,-0.0006678003*J2^4+0,-0.0011566641*J1^1*J2^3+0.0007711094*J2^4+0,-0.0019933999*J1^1*J2^3+0.0005446986*J2^4+0,0.0032452255*J1^1*J2^3+-0.0040816336*J2^4+0,0,0,0,0,0,0,0,0,0,0,0,0,0,0,0,0,0,0,0,0,0,0,0,0,0,0,0,0,0,0,0,0,0,0,0,0,0,0,0,0,0,0,0,0,0,0,0,0,0,0,0,0,0,0,0,0,0,0,0,0,0,0,0,0,0,0,0,0,0,0,0,0,0,0,0,0},
{0,0,0,0,0,0,0,0,0,0,0,0,0.0014166184*J1^1*J2^3+0,0.0008178850*J2^4+0,-0.0011554801*J1^1*J2^3+0.0042286397*J2^4+0,0.0024414063*J1^1*J2^3+-0.0006671168*J2^4+0,0,0,0,0,0,0,0,0,0,0,0,0,0,0,0,0,0,0,0,0,0,0,0,0,0,0,0,0,0,0,0,0,0,0,0,0,0,0,0,0,0,0,0,0,0,0,0,0,0,0,0,0,0,0,0,0,0,0,0,0,0,0,0,0,0,0,0,0,0,0,0,0,0,0,0,0,0,0,0,0},
{0,0,0,0,-0.0008178850*J1^1*J2^3+0,-0.0004722061*J2^4+0,0.0006671168*J1^1*J2^3+-0.0024414063*J2^4+0,-0.0014095466*J1^1*J2^3+0.0003851600*J2^4+0,0,0,0,0,0,0,0,0,0,0,0,0,-0.0011566641*J1^1*J2^3+0,-0.0006678003*J2^4+0,0.0009434456*J1^1*J2^3+-0.0034526698*J2^4+0,-0.0019933999*J1^1*J2^3+0.0005446986*J2^4+0,0,0,0,0,0,0,0,0,0,0,0,0,0,0,0,0,0,0,0,0,0,0,0,0,0,0,0,0,0,0,0,0,0,0,0,0,0,0,0,0,0,0,0,0,0,0,0,0,0,0,0,0,0,0,0,0,0,0,0,0,0,0,0,0,0,0,0,0,0,0,0,0},
{0,0,0,0,0,0,0,0,0,0,0,0,0.0008178850*J2^4+0,0.0014166184*J1^1*J2^3+-0.0009444123*J2^4+0,0.0024414063*J1^1*J2^3+-0.0006671168*J2^4+0,-0.0039745733*J1^1*J2^3+0.0049989598*J2^4+0,0,0,0,0,0,0,0,0,0,0,0,0,0,0,0,0,0,0,0,0,0,0,0,0,0,0,0,0,0,0,0,0,0,0,0,0,0,0,0,0,0,0,0,0,0,0,0,0,0,0,0,0,0,0,0,0,0,0,0,0,0,0,0,0,0,0,0,0,0,0,0,0,0,0,0,0,0,0,0,0},
{0,0,0,0,-0.0004722061*J2^4+0,-0.0008178850*J1^1*J2^3+0.0005452567*J2^4+0,-0.0014095466*J1^1*J2^3+0.0003851600*J2^4+0,0.0022947209*J1^1*J2^3+-0.0028861508*J2^4+0,0,0,0,0,0,0,0,0,0,0,0,0,-0.0006678003*J2^4+0,-0.0011566641*J1^1*J2^3+0.0007711094*J2^4+0,-0.0019933999*J1^1*J2^3+0.0005446986*J2^4+0,0.0032452255*J1^1*J2^3+-0.0040816336*J2^4+0,0,0,0,0,0,0,0,0,0,0,0,0,0,0,0,0,0,0,0,0,0,0,0,0,0,0,0,0,0,0,0,0,0,0,0,0,0,0,0,0,0,0,0,0,0,0,0,0,0,0,0,0,0,0,0,0,0,0,0,0,0,0,0,0,0,0,0,0,0,0,0,0},
{0,0,0,0,0,0,0,0,-0.0073242187*J2^4+0,-0.0042286397*J1^1*J2^3+0,-0.0019733652*J1^1*J2^3+0,-0.0011393229*J2^4+0,0,0,0,0,0,0,0,0,0,0,0,0,0,0,0,0,0,0,0,0,0,0,0,0,0,0,0,0,0,0,0,0,0,0,0,0,0,0,0,0,0,0,0,0,0,0,0,0,0,0,0,0,0,0,0,0,0,0,0,0,0,0,0,0,0,0,0,0,0,0,0,0,0,0,0,0,0,0,0,0,0,0,0,0},
{0.0042286397*J2^4+0,0.0024414063*J1^1*J2^3+0,0.0011393229*J1^1*J2^3+0,0.0006577884*J2^4+0,0,0,0,0,0,0,0,0,0,0,0,0,0.0059801996*J2^4+0,0.0034526698*J1^1*J2^3+0,0.0016112459*J1^1*J2^3+0,0.0009302533*J2^4+0,0,0,0,0,0,0,0,0,0,0,0,0,0,0,0,0,0,0,0,0,0,0,0,0,0,0,0,0,0,0,0,0,0,0,0,0,0,0,0,0,0,0,0,0,0,0,0,0,0,0,0,0,0,0,0,0,0,0,0,0,0,0,0,0,0,0,0,0,0,0,0,0,0,0,0,0},
{0,0,0,0,0,0,0,0,-0.0042286397*J1^1*J2^3+0,0.0048828125*J1^1*J2^3+-0.0073242187*J2^4+0,-0.0011393229*J2^4+0,-0.0019733652*J1^1*J2^3+0.0013155768*J2^4+0,0,0,0,0,0,0,0,0,0,0,0,0,0,0,0,0,0,0,0,0,0,0,0,0,0,0,0,0,0,0,0,0,0,0,0,0,0,0,0,0,0,0,0,0,0,0,0,0,0,0,0,0,0,0,0,0,0,0,0,0,0,0,0,0,0,0,0,0,0,0,0,0,0,0,0,0,0,0,0,0,0,0,0,0},
{0.0024414063*J1^1*J2^3+0,-0.0028190931*J1^1*J2^3+0.0042286397*J2^4+0,0.0006577884*J2^4+0,0.0011393229*J1^1*J2^3+-0.0007595486*J2^4+0,0,0,0,0,0,0,0,0,0,0,0,0,0.0034526698*J1^1*J2^3+0,-0.0039867997*J1^1*J2^3+0.0059801996*J2^4+0,0.0009302533*J2^4+0,0.0016112459*J1^1*J2^3+-0.0010741639*J2^4+0,0,0,0,0,0,0,0,0,0,0,0,0,0,0,0,0,0,0,0,0,0,0,0,0,0,0,0,0,0,0,0,0,0,0,0,0,0,0,0,0,0,0,0,0,0,0,0,0,0,0,0,0,0,0,0,0,0,0,0,0,0,0,0,0,0,0,0,0,0,0,0,0,0,0,0,0},
{0,0,0,0,0,0,0,0,0,0,0,0,-0.0073242187*J2^4+0,-0.0042286397*J1^1*J2^3+0,-0.0019733652*J1^1*J2^3+0,-0.0011393229*J2^4+0,0,0,0,0,0,0,0,0,0,0,0,0,0,0,0,0,0,0,0,0,0,0,0,0,0,0,0,0,0,0,0,0,0,0,0,0,0,0,0,0,0,0,0,0,0,0,0,0,0,0,0,0,0,0,0,0,0,0,0,0,0,0,0,0,0,0,0,0,0,0,0,0,0,0,0,0,0,0,0,0},
{0,0,0,0,0.0042286397*J2^4+0,0.0024414063*J1^1*J2^3+0,0.0011393229*J1^1*J2^3+0,0.0006577884*J2^4+0,0,0,0,0,0,0,0,0,0,0,0,0,0.0059801996*J2^4+0,0.0034526698*J1^1*J2^3+0,0.0016112459*J1^1*J2^3+0,0.0009302533*J2^4+0,0,0,0,0,0,0,0,0,0,0,0,0,0,0,0,0,0,0,0,0,0,0,0,0,0,0,0,0,0,0,0,0,0,0,0,0,0,0,0,0,0,0,0,0,0,0,0,0,0,0,0,0,0,0,0,0,0,0,0,0,0,0,0,0,0,0,0,0,0,0,0,0},
{0,0,0,0,0,0,0,0,0,0,0,0,-0.0042286397*J1^1*J2^3+0,0.0048828125*J1^1*J2^3+-0.0073242188*J2^4+0,-0.0011393229*J2^4+0,-0.0019733652*J1^1*J2^3+0.0013155768*J2^4+0,0,0,0,0,0,0,0,0,0,0,0,0,0,0,0,0,0,0,0,0,0,0,0,0,0,0,0,0,0,0,0,0,0,0,0,0,0,0,0,0,0,0,0,0,0,0,0,0,0,0,0,0,0,0,0,0,0,0,0,0,0,0,0,0,0,0,0,0,0,0,0,0,0,0,0,0,0,0,0,0},
{0,0,0,0,0.0024414063*J1^1*J2^3+0,-0.0028190931*J1^1*J2^3+0.0042286397*J2^4+0,0.0006577884*J2^4+0,0.0011393229*J1^1*J2^3+-0.0007595486*J2^4+0,0,0,0,0,0,0,0,0,0,0,0,0,0.0034526698*J1^1*J2^3+0,-0.0039867997*J1^1*J2^3+0.0059801996*J2^4+0,0.0009302533*J2^4+0,0.0016112459*J1^1*J2^3+-0.0010741639*J2^4+0,0,0,0,0,0,0,0,0,0,0,0,0,0,0,0,0,0,0,0,0,0,0,0,0,0,0,0,0,0,0,0,0,0,0,0,0,0,0,0,0,0,0,0,0,0,0,0,0,0,0,0,0,0,0,0,0,0,0,0,0,0,0,0,0,0,0,0,0,0,0,0,0},
{0,0,0,0,0,0,0,0,0.0014151684*J1^1*J2^3+0,0.0008170478*J2^4+0,-0.0019737120*J1^1*J2^3+0.0059801996*J2^4+0,0.0034526698*J1^1*J2^3+-0.0011395231*J2^4+0,0,0,0,0,0,0,0,0,0,0,0,0,0,0,0,0,0,0,0,0,0,0,0,0,0,0,0,0,0,0,0,0,0,0,0,0,0,0,0,0,0,0,0,0,0,0,0,0,0,0,0,0,0,0,0,0,0,0,0,0,0,0,0,0,0,0,0,0,0,0,0,0,0,0,0,0,0,0,0,0,0,0,0,0},
{-0.0008170478*J1^1*J2^3+0,-0.0004717228*J2^4+0,0.0011395231*J1^1*J2^3+-0.0034526698*J2^4+0,-0.0019933999*J1^1*J2^3+0.0006579040*J2^4+0,0,0,0,0,0,0,0,0,0,0,0,0,-0.0011554801*J1^1*J2^3+0,-0.0006671168*J2^4+0,0.0016115291*J1^1*J2^3+-0.0048828125*J2^4+0,-0.0028190931*J1^1*J2^3+0.0009304167*J2^4+0,0,0,0,0,0,0,0,0,0,0,0,0,0,0,0,0,0,0,0,0,0,0,0,0,0,0,0,0,0,0,0,0,0,0,0,0,0,0,0,0,0,0,0,0,0,0,0,0,0,0,0,0,0,0,0,0,0,0,0,0,0,0,0,0,0,0,0,0,0,0,0,0,0,0,0,0},
{0,0,0,0,0,0,0,0,0.0008170478*J2^4+0,0.0014151684*J1^1*J2^3+-0.0009434456*J2^4+0,0.0034526698*J1^1*J2^3+-0.0011395231*J2^4+0,-0.0059605117*J1^1*J2^3+0.0072960075*J2^4+0,0,0,0,0,0,0,0,0,0,0,0,0,0,0,0,0,0,0,0,0,0,0,0,0,0,0,0,0,0,0,0,0,0,0,0,0,0,0,0,0,0,0,0,0,0,0,0,0,0,0,0,0,0,0,0,0,0,0,0,0,0,0,0,0,0,0,0,0,0,0,0,0,0,0,0,0,0,0,0,0,0,0,0,0},
{-0.0004717228*J2^4+0,-0.0008170478*J1^1*J2^3+0.0005446986*J2^4+0,-0.0019933999*J1^1*J2^3+0.0006579040*J2^4+0,0.0034413030*J1^1*J2^3+-0.0042123519*J2^4+0,0,0,0,0,0,0,0,0,0,0,0,0,-0.0006671168*J2^4+0,-0.0011554801*J1^1*J2^3+0.0007703201*J2^4+0,-0.0028190931*J1^1*J2^3+0.0009304167*J2^4+0,0.0048667374*J1^1*J2^3+-0.0059571652*J2^4+0,0,0,0,0,0,0,0,0,0,0,0,0,0,0,0,0,0,0,0,0,0,0,0,0,0,0,0,0,0,0,0,0,0,0,0,0,0,0,0,0,0,0,0,0,0,0,0,0,0,0,0,0,0,0,0,0,0,0,0,0,0,0,0,0,0,0,0,0,0,0,0,0,0,0,0,0},
{0,0,0,0,0,0,0,0,0,0,0,0,0.0014151684*J1^1*J2^3+0,0.0008170478*J2^4+0,-0.0019737120*J1^1*J2^3+0.0059801996*J2^4+0,0.0034526698*J1^1*J2^3+-0.0011395231*J2^4+0,0,0,0,0,0,0,0,0,0,0,0,0,0,0,0,0,0,0,0,0,0,0,0,0,0,0,0,0,0,0,0,0,0,0,0,0,0,0,0,0,0,0,0,0,0,0,0,0,0,0,0,0,0,0,0,0,0,0,0,0,0,0,0,0,0,0,0,0,0,0,0,0,0,0,0,0,0,0,0,0},
{0,0,0,0,-0.0008170478*J1^1*J2^3+0,-0.0004717228*J2^4+0,0.0011395231*J1^1*J2^3+-0.0034526698*J2^4+0,-0.0019933999*J1^1*J2^3+0.0006579040*J2^4+0,0,0,0,0,0,0,0,0,0,0,0,0,-0.0011554801*J1^1*J2^3+0,-0.0006671168*J2^4+0,0.0016115291*J1^1*J2^3+-0.0048828125*J2^4+0,-0.0028190931*J1^1*J2^3+0.0009304167*J2^4+0,0,0,0,0,0,0,0,0,0,0,0,0,0,0,0,0,0,0,0,0,0,0,0,0,0,0,0,0,0,0,0,0,0,0,0,0,0,0,0,0,0,0,0,0,0,0,0,0,0,0,0,0,0,0,0,0,0,0,0,0,0,0,0,0,0,0,0,0,0,0,0,0},
{0,0,0,0,0,0,0,0,0,0,0,0,0.0008170478*J2^4+0,0.0014151684*J1^1*J2^3+-0.0009434456*J2^4+0,0.0034526698*J1^1*J2^3+-0.0011395231*J2^4+0,-0.0059605117*J1^1*J2^3+0.0072960075*J2^4+0,0,0,0,0,0,0,0,0,0,0,0,0,0,0,0,0,0,0,0,0,0,0,0,0,0,0,0,0,0,0,0,0,0,0,0,0,0,0,0,0,0,0,0,0,0,0,0,0,0,0,0,0,0,0,0,0,0,0,0,0,0,0,0,0,0,0,0,0,0,0,0,0,0,0,0,0,0,0,0,0},
{0,0,0,0,-0.0004717228*J2^4+0,-0.0008170478*J1^1*J2^3+0.0005446986*J2^4+0,-0.0019933999*J1^1*J2^3+0.0006579040*J2^4+0,0.0034413030*J1^1*J2^3+-0.0042123519*J2^4+0,0,0,0,0,0,0,0,0,0,0,0,0,-0.0006671168*J2^4+0,-0.0011554801*J1^1*J2^3+0.0007703201*J2^4+0,-0.0028190931*J1^1*J2^3+0.0009304167*J2^4+0,0.0048667374*J1^1*J2^3+-0.0059571652*J2^4+0,0,0,0,0,0,0,0,0,0,0,0,0,0,0,0,0,0,0,0,0,0,0,0,0,0,0,0,0,0,0,0,0,0,0,0,0,0,0,0,0,0,0,0,0,0,0,0,0,0,0,0,0,0,0,0,0,0,0,0,0,0,0,0,0,0,0,0,0,0,0,0,0},
{0,0,0,0,0,0,0,0,0,0,0,0,0.0050743676*J2^4+0,0.0029296875*J1^1*J2^3+0,0.0016276042*J1^1*J2^3+0,0.0009396977*J2^4+0,0,0,0,0,0,0,0,0,0,0,0,0,0,0,0,0,0,0,0,0,0,0,0,0,0,0,0,0,0,0,0,0,0,0,0,0,0,0,0,0,0,0,0,0,0,0,0,0,0,0,0,0,0,0,0,0,0,0,0,0,0,0,0,0,0,0,0,0,0,0,0,0,0,0,0,0,0,0,0,0},
{0,0,0,0,-0.0029296875*J2^4+0,-0.0016914559*J1^1*J2^3+0,-0.0009396977*J1^1*J2^3+0,-0.0005425347*J2^4+0,0,0,0,0,0,0,0,0,0,0,0,0,-0.0041432038*J2^4+0,-0.0023920798*J1^1*J2^3+0,-0.0013289332*J1^1*J2^3+0,-0.0007672600*J2^4+0,0,0,0,0,0,0,0,0,0,0,0,0,0,0,0,0,0,0,0,0,0,0,0,0,0,0,0,0,0,0,0,0,0,0,0,0,0,0,0,0,0,0,0,0,0,0,0,0,0,0,0,0,0,0,0,0,0,0,0,0,0,0,0,0,0,0,0,0,0,0,0,0},
{0,0,0,0,0,0,0,0,0,0,0,0,0.0029296875*J1^1*J2^3+0,-0.0033829117*J1^1*J2^3+0.0050743676*J2^4+0,0.0009396977*J2^4+0,0.0016276042*J1^1*J2^3+-0.0010850694*J2^4+0,0,0,0,0,0,0,0,0,0,0,0,0,0,0,0,0,0,0,0,0,0,0,0,0,0,0,0,0,0,0,0,0,0,0,0,0,0,0,0,0,0,0,0,0,0,0,0,0,0,0,0,0,0,0,0,0,0,0,0,0,0,0,0,0,0,0,0,0,0,0,0,0,0,0,0,0,0,0,0,0},
{0,0,0,0,-0.0016914559*J1^1*J2^3+0,0.0019531250*J1^1*J2^3+-0.0029296875*J2^4+0,-0.0005425347*J2^4+0,-0.0009396977*J1^1*J2^3+0.0006264651*J2^4+0,0,0,0,0,0,0,0,0,0,0,0,0,-0.0023920798*J1^1*J2^3+0,0.0027621359*J1^1*J2^3+-0.0041432038*J2^4+0,-0.0007672600*J2^4+0,-0.0013289332*J1^1*J2^3+0.0008859555*J2^4+0,0,0,0,0,0,0,0,0,0,0,0,0,0,0,0,0,0,0,0,0,0,0,0,0,0,0,0,0,0,0,0,0,0,0,0,0,0,0,0,0,0,0,0,0,0,0,0,0,0,0,0,0,0,0,0,0,0,0,0,0,0,0,0,0,0,0,0,0,0,0,0,0},
{0,0,0,0,0,0,0,0,0,0,0,0,0.0016276042*J1^1*J2^3+0,0.0009396977*J2^4+0,-0.0018793954*J1^1*J2^3+0.0050743676*J2^4+0,0.0029296875*J1^1*J2^3+-0.0010850694*J2^4+0,0,0,0,0,0,0,0,0,0,0,0,0,0,0,0,0,0,0,0,0,0,0,0,0,0,0,0,0,0,0,0,0,0,0,0,0,0,0,0,0,0,0,0,0,0,0,0,0,0,0,0,0,0,0,0,0,0,0,0,0,0,0,0,0,0,0,0,0,0,0,0,0,0,0,0,0,0,0,0,0},
{0,0,0,0,-0.0009396977*J1^1*J2^3+0,-0.0005425347*J2^4+0,0.0010850694*J1^1*J2^3+-0.0029296875*J2^4+0,-0.0016914559*J1^1*J2^3+0.0006264651*J2^4+0,0,0,0,0,0,0,0,0,0,0,0,0,-0.0013289332*J1^1*J2^3+0,-0.0007672600*J2^4+0,0.0015345199*J1^1*J2^3+-0.0041432038*J2^4+0,-0.0023920798*J1^1*J2^3+0.0008859555*J2^4+0,0,0,0,0,0,0,0,0,0,0,0,0,0,0,0,0,0,0,0,0,0,0,0,0,0,0,0,0,0,0,0,0,0,0,0,0,0,0,0,0,0,0,0,0,0,0,0,0,0,0,0,0,0,0,0,0,0,0,0,0,0,0,0,0,0,0,0,0,0,0,0,0},
{0,0,0,0,0,0,0,0,0,0,0,0,0.0009396977*J2^4+0,0.0016276042*J1^1*J2^3+-0.0010850694*J2^4+0,0.0029296875*J1^1*J2^3+-0.0010850694*J2^4+0,-0.0052623071*J1^1*J2^3+0.0063272979*J2^4+0,0,0,0,0,0,0,0,0,0,0,0,0,0,0,0,0,0,0,0,0,0,0,0,0,0,0,0,0,0,0,0,0,0,0,0,0,0,0,0,0,0,0,0,0,0,0,0,0,0,0,0,0,0,0,0,0,0,0,0,0,0,0,0,0,0,0,0,0,0,0,0,0,0,0,0,0,0,0,0,0},
{0,0,0,0,-0.0005425347*J2^4+0,-0.0009396977*J1^1*J2^3+0.0006264651*J2^4+0,-0.0016914559*J1^1*J2^3+0.0006264651*J2^4+0,0.0030381944*J1^1*J2^3+-0.0036530671*J2^4+0,0,0,0,0,0,0,0,0,0,0,0,0,-0.0007672600*J2^4+0,-0.0013289332*J1^1*J2^3+0.0008859555*J2^4+0,-0.0023920798*J1^1*J2^3+0.0008859555*J2^4+0,0.0042966558*J1^1*J2^3+-0.0051662171*J2^4+0,0,0,0,0,0,0,0,0,0,0,0,0,0,0,0,0,0,0,0,0,0,0,0,0,0,0,0,0,0,0,0,0,0,0,0,0,0,0,0,0,0,0,0,0,0,0,0,0,0,0,0,0,0,0,0,0,0,0,0,0,0,0,0,0,0,0,0,0,0,0,0,0},
{0,0,0,0,0,0,0,0,-0.0087890625*J2^4+0,-0.0050743676*J1^1*J2^3+0,-0.0028190931*J1^1*J2^3+0,-0.0016276042*J2^4+0,0,0,0,0,0,0,0,0,0,0,0,0,0,0,0,0,0,0,0,0,0,0,0,0,0,0,0,0,0,0,0,0,0,0,0,0,0,0,0,0,0,0,0,0,0,0,0,0,0,0,0,0,0,0,0,0,0,0,0,0,0,0,0,0,0,0,0,0,0,0,0,0,0,0,0,0,0,0,0,0,0,0,0,0},
{0.0050743676*J2^4+0,0.0029296875*J1^1*J2^3+0,0.0016276042*J1^1*J2^3+0,0.0009396977*J2^4+0,0,0,0,0,0,0,0,0,0,0,0,0,0.0071762395*J2^4+0,0.0041432038*J1^1*J2^3+0,0.0023017799*J1^1*J2^3+0,0.0013289332*J2^4+0,0,0,0,0,0,0,0,0,0,0,0,0,0,0,0,0,0,0,0,0,0,0,0,0,0,0,0,0,0,0,0,0,0,0,0,0,0,0,0,0,0,0,0,0,0,0,0,0,0,0,0,0,0,0,0,0,0,0,0,0,0,0,0,0,0,0,0,0,0,0,0,0,0,0,0,0},
{0,0,0,0,0,0,0,0,-0.0050743676*J1^1*J2^3+0,0.0058593750*J1^1*J2^3+-0.0087890625*J2^4+0,-0.0016276042*J2^4+0,-0.0028190931*J1^1*J2^3+0.0018793954*J2^4+0,0,0,0,0,0,0,0,0,0,0,0,0,0,0,0,0,0,0,0,0,0,0,0,0,0,0,0,0,0,0,0,0,0,0,0,0,0,0,0,0,0,0,0,0,0,0,0,0,0,0,0,0,0,0,0,0,0,0,0,0,0,0,0,0,0,0,0,0,0,0,0,0,0,0,0,0,0,0,0,0,0,0,0,0},
{0.0029296875*J1^1*J2^3+0,-0.0033829117*J1^1*J2^3+0.0050743676*J2^4+0,0.0009396977*J2^4+0,0.0016276042*J1^1*J2^3+-0.0010850694*J2^4+0,0,0,0,0,0,0,0,0,0,0,0,0,0.0041432038*J1^1*J2^3+0,-0.0047841597*J1^1*J2^3+0.0071762395*J2^4+0,0.0013289332*J2^4+0,0.0023017799*J1^1*J2^3+-0.0015345199*J2^4+0,0,0,0,0,0,0,0,0,0,0,0,0,0,0,0,0,0,0,0,0,0,0,0,0,0,0,0,0,0,0,0,0,0,0,0,0,0,0,0,0,0,0,0,0,0,0,0,0,0,0,0,0,0,0,0,0,0,0,0,0,0,0,0,0,0,0,0,0,0,0,0,0,0,0,0,0},
{0,0,0,0,0,0,0,0,-0.0028190931*J1^1*J2^3+0,-0.0016276042*J2^4+0,0.0032552083*J1^1*J2^3+-0.0087890625*J2^4+0,-0.0050743676*J1^1*J2^3+0.0018793954*J2^4+0,0,0,0,0,0,0,0,0,0,0,0,0,0,0,0,0,0,0,0,0,0,0,0,0,0,0,0,0,0,0,0,0,0,0,0,0,0,0,0,0,0,0,0,0,0,0,0,0,0,0,0,0,0,0,0,0,0,0,0,0,0,0,0,0,0,0,0,0,0,0,0,0,0,0,0,0,0,0,0,0,0,0,0,0},
{0.0016276042*J1^1*J2^3+0,0.0009396977*J2^4+0,-0.0018793954*J1^1*J2^3+0.0050743676*J2^4+0,0.0029296875*J1^1*J2^3+-0.0010850694*J2^4+0,0,0,0,0,0,0,0,0,0,0,0,0,0.0023017799*J1^1*J2^3+0,0.0013289332*J2^4+0,-0.0026578665*J1^1*J2^3+0.0071762395*J2^4+0,0.0041432038*J1^1*J2^3+-0.0015345199*J2^4+0,0,0,0,0,0,0,0,0,0,0,0,0,0,0,0,0,0,0,0,0,0,0,0,0,0,0,0,0,0,0,0,0,0,0,0,0,0,0,0,0,0,0,0,0,0,0,0,0,0,0,0,0,0,0,0,0,0,0,0,0,0,0,0,0,0,0,0,0,0,0,0,0,0,0,0,0},
{0,0,0,0,0,0,0,0,-0.0016276042*J2^4+0,-0.0028190931*J1^1*J2^3+0.0018793954*J2^4+0,-0.0050743676*J1^1*J2^3+0.0018793954*J2^4+0,0.0091145833*J1^1*J2^3+-0.0109592014*J2^4+0,0,0,0,0,0,0,0,0,0,0,0,0,0,0,0,0,0,0,0,0,0,0,0,0,0,0,0,0,0,0,0,0,0,0,0,0,0,0,0,0,0,0,0,0,0,0,0,0,0,0,0,0,0,0,0,0,0,0,0,0,0,0,0,0,0,0,0,0,0,0,0,0,0,0,0,0,0,0,0,0,0,0,0,0},
{0.0009396977*J2^4+0,0.0016276042*J1^1*J2^3+-0.0010850694*J2^4+0,0.0029296875*J1^1*J2^3+-0.0010850694*J2^4+0,-0.0052623071*J1^1*J2^3+0.0063272979*J2^4+0,0,0,0,0,0,0,0,0,0,0,0,0,0.0013289332*J2^4+0,0.0023017799*J1^1*J2^3+-0.0015345199*J2^4+0,0.0041432038*J1^1*J2^3+-0.0015345199*J2^4+0,-0.0074420261*J1^1*J2^3+0.0089481505*J2^4+0,0,0,0,0,0,0,0,0,0,0,0,0,0,0,0,0,0,0,0,0,0,0,0,0,0,0,0,0,0,0,0,0,0,0,0,0,0,0,0,0,0,0,0,0,0,0,0,0,0,0,0,0,0,0,0,0,0,0,0,0,0,0,0,0,0,0,0,0,0,0,0,0,0,0,0,0},
{0,0,0,0,0,0,0,0,0,0,0,0,-0.0071762395*J2^4+0,-0.0041432038*J1^1*J2^3+0,-0.0023017799*J1^1*J2^3+0,-0.0013289332*J2^4+0,0,0,0,0,0,0,0,0,0,0,0,0,0,0,0,0,0,0,0,0,0,0,0,0,0,0,0,0,0,0,0,0,0,0,0,0,0,0,0,0,0,0,0,0,0,0,0,0,0,0,0,0,0,0,0,0,0,0,0,0,0,0,0,0,0,0,0,0,0,0,0,0,0,0,0,0,0,0,0,0},
{0,0,0,0,0.0041432038*J2^4+0,0.0023920798*J1^1*J2^3+0,0.0013289332*J1^1*J2^3+0,0.0007672600*J2^4+0,0,0,0,0,0,0,0,0,0,0,0,0,0.0058593750*J2^4+0,0.0033829117*J1^1*J2^3+0,0.0018793954*J1^1*J2^3+0,0.0010850694*J2^4+0,0,0,0,0,0,0,0,0,0,0,0,0,0,0,0,0,0,0,0,0,0,0,0,0,0,0,0,0,0,0,0,0,0,0,0,0,0,0,0,0,0,0,0,0,0,0,0,0,0,0,0,0,0,0,0,0,0,0,0,0,0,0,0,0,0,0,0,0,0,0,0,0},
{0,0,0,0,0,0,0,0,0,0,0,0,-0.0041432038*J1^1*J2^3+0,0.0047841597*J1^1*J2^3+-0.0071762395*J2^4+0,-0.0013289332*J2^4+0,-0.0023017799*J1^1*J2^3+0.0015345199*J2^4+0,0,0,0,0,0,0,0,0,0,0,0,0,0,0,0,0,0,0,0,0,0,0,0,0,0,0,0,0,0,0,0,0,0,0,0,0,0,0,0,0,0,0,0,0,0,0,0,0,0,0,0,0,0,0,0,0,0,0,0,0,0,0,0,0,0,0,0,0,0,0,0,0,0,0,0,0,0,0,0,0},
{0,0,0,0,0.0023920798*J1^1*J2^3+0,-0.0027621359*J1^1*J2^3+0.0041432038*J2^4+0,0.0007672600*J2^4+0,0.0013289332*J1^1*J2^3+-0.0008859555*J2^4+0,0,0,0,0,0,0,0,0,0,0,0,0,0.0033829117*J1^1*J2^3+0,-0.0039062500*J1^1*J2^3+0.0058593750*J2^4+0,0.0010850694*J2^4+0,0.0018793954*J1^1*J2^3+-0.0012529303*J2^4+0,0,0,0,0,0,0,0,0,0,0,0,0,0,0,0,0,0,0,0,0,0,0,0,0,0,0,0,0,0,0,0,0,0,0,0,0,0,0,0,0,0,0,0,0,0,0,0,0,0,0,0,0,0,0,0,0,0,0,0,0,0,0,0,0,0,0,0,0,0,0,0,0},
{0,0,0,0,0,0,0,0,0,0,0,0,-0.0023017799*J1^1*J2^3+0,-0.0013289332*J2^4+0,0.0026578665*J1^1*J2^3+-0.0071762395*J2^4+0,-0.0041432038*J1^1*J2^3+0.0015345199*J2^4+0,0,0,0,0,0,0,0,0,0,0,0,0,0,0,0,0,0,0,0,0,0,0,0,0,0,0,0,0,0,0,0,0,0,0,0,0,0,0,0,0,0,0,0,0,0,0,0,0,0,0,0,0,0,0,0,0,0,0,0,0,0,0,0,0,0,0,0,0,0,0,0,0,0,0,0,0,0,0,0,0},
{0,0,0,0,0.0013289332*J1^1*J2^3+0,0.0007672600*J2^4+0,-0.0015345199*J1^1*J2^3+0.0041432038*J2^4+0,0.0023920798*J1^1*J2^3+-0.0008859555*J2^4+0,0,0,0,0,0,0,0,0,0,0,0,0,0.0018793954*J1^1*J2^3+0,0.0010850694*J2^4+0,-0.0021701389*J1^1*J2^3+0.0058593750*J2^4+0,0.0033829117*J1^1*J2^3+-0.0012529303*J2^4+0,0,0,0,0,0,0,0,0,0,0,0,0,0,0,0,0,0,0,0,0,0,0,0,0,0,0,0,0,0,0,0,0,0,0,0,0,0,0,0,0,0,0,0,0,0,0,0,0,0,0,0,0,0,0,0,0,0,0,0,0,0,0,0,0,0,0,0,0,0,0,0,0},
{0,0,0,0,0,0,0,0,0,0,0,0,-0.0013289332*J2^4+0,-0.0023017799*J1^1*J2^3+0.0015345199*J2^4+0,-0.0041432038*J1^1*J2^3+0.0015345199*J2^4+0,0.0074420261*J1^1*J2^3+-0.0089481505*J2^4+0,0,0,0,0,0,0,0,0,0,0,0,0,0,0,0,0,0,0,0,0,0,0,0,0,0,0,0,0,0,0,0,0,0,0,0,0,0,0,0,0,0,0,0,0,0,0,0,0,0,0,0,0,0,0,0,0,0,0,0,0,0,0,0,0,0,0,0,0,0,0,0,0,0,0,0,0,0,0,0,0},
{0,0,0,0,0.0007672600*J2^4+0,0.0013289332*J1^1*J2^3+-0.0008859555*J2^4+0,0.0023920798*J1^1*J2^3+-0.0008859555*J2^4+0,-0.0042966558*J1^1*J2^3+0.0051662171*J2^4+0,0,0,0,0,0,0,0,0,0,0,0,0,0.0010850694*J2^4+0,0.0018793954*J1^1*J2^3+-0.0012529303*J2^4+0,0.0033829117*J1^1*J2^3+-0.0012529303*J2^4+0,-0.0060763889*J1^1*J2^3+0.0073061343*J2^4+0,0,0,0,0,0,0,0,0,0,0,0,0,0,0,0,0,0,0,0,0,0,0,0,0,0,0,0,0,0,0,0,0,0,0,0,0,0,0,0,0,0,0,0,0,0,0,0,0,0,0,0,0,0,0,0,0,0,0,0,0,0,0,0,0,0,0,0,0,0,0,0,0}
}