96
{{0,0,0,0,0,0,0,0,0,0,0,0,0,0,0,0,0,0,0,0,0,0,0,0,0,0,0,0,0,0,0,0,0,0,0,0,0,0,0,0,0,0,0,0,0,0,0,0,0,0,0,0,0,0,0,0,0,0,0,0,0,0,0,0,0,0,0,0,0,0,0,0,0,0,0,0,0,0,0,0,-0.0020495756*J1^1*J2^3+0,0.0062020048*J1^2*J2^2+0.0134759611*J1^1*J2^3+0.0062020048*J2^4+0,-0.0005916615*J1^2*J2^2+-0.0005916615*J2^4+0,0.0038901749*J1^2*J2^2+0.0071614583*J1^1*J2^3+0.0038901749*J2^4+0,0,0,0,0,0,0,0,0,0,0,0,0},
{0,0,0,0,0,0,0,0,0,0,0,0,0,0,0,0,0,0,0,0,0,0,0,0,0,0,0,0,0,0,0,0,0,0,0,0,0,0,0,0,0,0,0,0,0,0,0,0,0,0,0,0,0,0,0,0,0,0,0,0,0,0,0,0,0,0,0,0,0,0,0,0,0,0,0,0,0,0,0,0,-0.0005916615*J1^2*J2^2+-0.0005916615*J2^4+0,0.0038901749*J1^2*J2^2+0.0071614583*J1^1*J2^3+0.0038901749*J2^4+0,0.0006831919*J1^2*J2^2+-0.0020495756*J1^1*J2^3+0.0006831919*J2^4+0,0.0017100178*J1^2*J2^2+0.0052066214*J1^1*J2^3+0.0017100178*J2^4+0,0,0,0,0,0,0,0,0,0,0,0,0},
{0,0,0,0,0,0,0,0,0,0,0,0,0,0,0,0,0,0,0,0,0,0,0,0,0,0,0,0,0,0,0,0,0,0,0,0,0,0,0,0,0,0,0,0,0,0,0,0,0,0,0,0,0,0,0,0,0,0,0,0,0,0,0,0,0,0,0,0,0,0,0,0,0,0,0,0,0,0,0,0,0,0,0,0,0.0006831919*J1^1*J2^3+0,-0.0020673349*J1^2*J2^2+-0.0044919870*J1^1*J2^3+-0.0020673349*J2^4+0,0.0001972205*J1^2*J2^2+0.0001972205*J2^4+0,-0.0012967250*J1^2*J2^2+-0.0023871528*J1^1*J2^3+-0.0012967250*J2^4+0,0,0,0,0,0,0,0,0},
{0,0,0,0,0,0,0,0,0,0,0,0,0,0,0,0,0,0,0,0,0,0,0,0,0,0,0,0,0,0,0,0,0,0,0,0,0,0,0,0,0,0,0,0,0,0,0,0,0,0,0,0,0,0,0,0,0,0,0,0,0,0,0,0,0,0,0,0,0,0,0,0,0,0,0,0,0,0,0,0,0,0,0,0,0.0001972205*J1^2*J2^2+0.0001972205*J2^4+0,-0.0012967250*J1^2*J2^2+-0.0023871528*J1^1*J2^3+-0.0012967250*J2^4+0,-0.0002277306*J1^2*J2^2+0.0006831919*J1^1*J2^3+-0.0002277306*J2^4+0,-0.0005700059*J1^2*J2^2+-0.0017355405*J1^1*J2^3+-0.0005700059*J2^4+0,0,0,0,0,0,0,0,0},
{0,0,0,0,0,0,0,0,0,0,0,0,0,0,0,0,0,0,0,0,0,0,0,0,0,0,0,0,0,0,0,0,0,0,0,0,0,0,0,0,0,0,0,0,0,0,0,0,0,0,0,0,0,0,0,0,0,0,0,0,0,0,0,0,0,0,0,0,0,0,0,0,0.0011833230*J1^1*J2^3+0,-0.0035807292*J1^2*J2^2+-0.0077803498*J1^1*J2^3+-0.0035807292*J2^4+0,0.0003415959*J1^2*J2^2+0.0003415959*J2^4+0,-0.0022459935*J1^2*J2^2+-0.0041346699*J1^1*J2^3+-0.0022459935*J2^4+0,0,0,0,0,0,0,0,0,0,0,0,0,-0.0016734715*J1^1*J2^3+0,0.0050639158*J1^2*J2^2+0.0110030762*J1^1*J2^3+0.0050639158*J2^4+0,-0.0004830896*J1^2*J2^2+-0.0004830896*J2^4+0,0.0031763145*J1^2*J2^2+0.0058473062*J1^1*J2^3+0.0031763145*J2^4+0,0,0,0,0},
{0,0,0,0,0,0,0,0,0,0,0,0,0,0,0,0,0,0,0,0,0,0,0,0,0,0,0,0,0,0,0,0,0,0,0,0,0,0,0,0,0,0,0,0,0,0,0,0,0,0,0,0,0,0,0,0,0,0,0,0,0,0,0,0,0,0,0,0,0,0,0,0,0.0003415959*J1^2*J2^2+0.0003415959*J2^4+0,-0.0022459935*J1^2*J2^2+-0.0041346699*J1^1*J2^3+-0.0022459935*J2^4+0,-0.0003944410*J1^2*J2^2+0.0011833230*J1^1*J2^3+-0.0003944410*J2^4+0,-0.0009872792*J1^2*J2^2+-0.0030060442*J1^1*J2^3+-0.0009872792*J2^4+0,0,0,0,0,0,0,0,0,0,0,0,0,-0.0004830896*J1^2*J2^2+-0.0004830896*J2^4+0,0.0031763145*J1^2*J2^2+0.0058473062*J1^1*J2^3+0.0031763145*J2^4+0,0.0005578238*J1^2*J2^2+-0.0016734715*J1^1*J2^3+0.0005578238*J2^4+0,0.0013962237*J1^2*J2^2+0.0042511885*J1^1*J2^3+0.0013962237*J2^4+0,0,0,0,0},
{0,0,0,0,0,0,0,0,0,0,0,0,0,0,0,0,0,0,0,0,0,0,0,0,0,0,0,0,0,0,0,0,0,0,0,0,0,0,0,0,0,0,0,0,0,0,0,0,0,0,0,0,0,0,0,0,0,0,0,0,0,0,0,0,0,0,0,0,0,0,0,0,0,0,0,0,-0.0003944410*J1^1*J2^3+0,0.0011935764*J1^2*J2^2+0.0025934499*J1^1*J2^3+0.0011935764*J2^4+0,-0.0001138653*J1^2*J2^2+-0.0001138653*J2^4+0,0.0007486645*J1^2*J2^2+0.0013782233*J1^1*J2^3+0.0007486645*J2^4+0,0,0,0,0,0,0,0,0,0,0,0,0,0.0005578238*J1^1*J2^3+0,-0.0016879719*J1^2*J2^2+-0.0036676921*J1^1*J2^3+-0.0016879719*J2^4+0,0.0001610299*J1^2*J2^2+0.0001610299*J2^4+0,-0.0010587715*J1^2*J2^2+-0.0019491021*J1^1*J2^3+-0.0010587715*J2^4+0},
{0,0,0,0,0,0,0,0,0,0,0,0,0,0,0,0,0,0,0,0,0,0,0,0,0,0,0,0,0,0,0,0,0,0,0,0,0,0,0,0,0,0,0,0,0,0,0,0,0,0,0,0,0,0,0,0,0,0,0,0,0,0,0,0,0,0,0,0,0,0,0,0,0,0,0,0,-0.0001138653*J1^2*J2^2+-0.0001138653*J2^4+0,0.0007486645*J1^2*J2^2+0.0013782233*J1^1*J2^3+0.0007486645*J2^4+0,0.0001314803*J1^2*J2^2+-0.0003944410*J1^1*J2^3+0.0001314803*J2^4+0,0.0003290931*J1^2*J2^2+0.0010020147*J1^1*J2^3+0.0003290931*J2^4+0,0,0,0,0,0,0,0,0,0,0,0,0,0.0001610299*J1^2*J2^2+0.0001610299*J2^4+0,-0.0010587715*J1^2*J2^2+-0.0019491021*J1^1*J2^3+-0.0010587715*J2^4+0,-0.0001859413*J1^2*J2^2+0.0005578238*J1^1*J2^3+-0.0001859413*J2^4+0,-0.0004654079*J1^2*J2^2+-0.0014170628*J1^1*J2^3+-0.0004654079*J2^4+0},
{0,0,0,0,0,0,0,0,0,0,0,0,0,0,0,0,0,0,0,0,0,0,0,0,0,0,0,0,0,0,0,0,0,0,0,0,0,0,0,0,0,0,0,0,0,0,0,0,0,0,0,0,0,0,0,0,0,0,0,0,0,0,0,0,0,0,0,0,0,0,0,0,0,0,0,0,0,0,0,0,-0.0087408372*J1^2*J2^2+-0.0087408372*J2^4+0,0.0011554801*J1^2*J2^2+0.0146592842*J1^1*J2^3+0.0011554801*J2^4+0,-0.0100930494*J1^1*J2^3+0,0.0042317708*J1^2*J2^2+0.0013342335*J1^1*J2^3+0.0042317708*J2^4+0,0,0,0,0,0,0,0,0,0,0,0,0},
{0,0,0,0,0,0,0,0,0,0,0,0,0,0,0,0,0,0,0,0,0,0,0,0,0,0,0,0,0,0,0,0,0,0,0,0,0,0,0,0,0,0,0,0,0,0,0,0,0,0,0,0,0,0,0,0,0,0,0,0,0,0,0,0,0,0,0,0,0,0,0,0,0,0,0,0,0,0,0,0,-0.0100930494*J1^1*J2^3+0,0.0042317708*J1^2*J2^2+0.0013342335*J1^1*J2^3+0.0042317708*J2^4+0,-0.0087408372*J1^2*J2^2+0.0116544496*J1^1*J2^3+-0.0087408372*J2^4+0,-0.0037309479*J1^2*J2^2+0.0131186440*J1^1*J2^3+-0.0037309479*J2^4+0,0,0,0,0,0,0,0,0,0,0,0,0},
{0,0,0,0,0,0,0,0,0,0,0,0,0,0,0,0,0,0,0,0,0,0,0,0,0,0,0,0,0,0,0,0,0,0,0,0,0,0,0,0,0,0,0,0,0,0,0,0,0,0,0,0,0,0,0,0,0,0,0,0,0,0,0,0,0,0,0,0,0,0,0,0,0,0,0,0,0,0,0,0,0,0,0,0,0.0029136124*J1^2*J2^2+0.0029136124*J2^4+0,-0.0003851600*J1^2*J2^2+-0.0048864281*J1^1*J2^3+-0.0003851600*J2^4+0,0.0033643498*J1^1*J2^3+0,-0.0014105903*J1^2*J2^2+-0.0004447445*J1^1*J2^3+-0.0014105903*J2^4+0,0,0,0,0,0,0,0,0},
{0,0,0,0,0,0,0,0,0,0,0,0,0,0,0,0,0,0,0,0,0,0,0,0,0,0,0,0,0,0,0,0,0,0,0,0,0,0,0,0,0,0,0,0,0,0,0,0,0,0,0,0,0,0,0,0,0,0,0,0,0,0,0,0,0,0,0,0,0,0,0,0,0,0,0,0,0,0,0,0,0,0,0,0,0.0033643498*J1^1*J2^3+0,-0.0014105903*J1^2*J2^2+-0.0004447445*J1^1*J2^3+-0.0014105903*J2^4+0,0.0029136124*J1^2*J2^2+-0.0038848165*J1^1*J2^3+0.0029136124*J2^4+0,0.0012436493*J1^2*J2^2+-0.0043728813*J1^1*J2^3+0.0012436493*J2^4+0,0,0,0,0,0,0,0,0},
{0,0,0,0,0,0,0,0,0,0,0,0,0,0,0,0,0,0,0,0,0,0,0,0,0,0,0,0,0,0,0,0,0,0,0,0,0,0,0,0,0,0,0,0,0,0,0,0,0,0,0,0,0,0,0,0,0,0,0,0,0,0,0,0,0,0,0,0,0,0,0,0,0.0050465247*J1^2*J2^2+0.0050465247*J2^4+0,-0.0006671168*J1^2*J2^2+-0.0084635417*J1^1*J2^3+-0.0006671168*J2^4+0,0.0058272248*J1^1*J2^3+0,-0.0024432140*J1^2*J2^2+-0.0007703201*J1^1*J2^3+-0.0024432140*J2^4+0,0,0,0,0,0,0,0,0,0,0,0,0,-0.0071368637*J1^2*J2^2+-0.0071368637*J2^4+0,0.0009434456*J1^2*J2^2+0.0119692554*J1^1*J2^3+0.0009434456*J2^4+0,-0.0082409403*J1^1*J2^3+0,0.0034552264*J1^2*J2^2+0.0010893971*J1^1*J2^3+0.0034552264*J2^4+0,0,0,0,0},
{0,0,0,0,0,0,0,0,0,0,0,0,0,0,0,0,0,0,0,0,0,0,0,0,0,0,0,0,0,0,0,0,0,0,0,0,0,0,0,0,0,0,0,0,0,0,0,0,0,0,0,0,0,0,0,0,0,0,0,0,0,0,0,0,0,0,0,0,0,0,0,0,0.0058272248*J1^1*J2^3+0,-0.0024432140*J1^2*J2^2+-0.0007703201*J1^1*J2^3+-0.0024432140*J2^4+0,0.0050465247*J1^2*J2^2+-0.0067286996*J1^1*J2^3+0.0050465247*J2^4+0,0.0021540638*J1^2*J2^2+-0.0075740526*J1^1*J2^3+0.0021540638*J2^4+0,0,0,0,0,0,0,0,0,0,0,0,0,-0.0082409403*J1^1*J2^3+0,0.0034552264*J1^2*J2^2+0.0010893971*J1^1*J2^3+0.0034552264*J2^4+0,-0.0071368637*J1^2*J2^2+0.0095158182*J1^1*J2^3+-0.0071368637*J2^4+0,-0.0030463062*J1^2*J2^2+0.0107113280*J1^1*J2^3+-0.0030463062*J2^4+0,0,0,0,0},
{0,0,0,0,0,0,0,0,0,0,0,0,0,0,0,0,0,0,0,0,0,0,0,0,0,0,0,0,0,0,0,0,0,0,0,0,0,0,0,0,0,0,0,0,0,0,0,0,0,0,0,0,0,0,0,0,0,0,0,0,0,0,0,0,0,0,0,0,0,0,0,0,0,0,0,0,-0.0016821749*J1^2*J2^2+-0.0016821749*J2^4+0,0.0002223723*J1^2*J2^2+0.0028211806*J1^1*J2^3+0.0002223723*J2^4+0,-0.0019424083*J1^1*J2^3+0,0.0008144047*J1^2*J2^2+0.0002567734*J1^1*J2^3+0.0008144047*J2^4+0,0,0,0,0,0,0,0,0,0,0,0,0,0.0023789546*J1^2*J2^2+0.0023789546*J2^4+0,-0.0003144819*J1^2*J2^2+-0.0039897518*J1^1*J2^3+-0.0003144819*J2^4+0,0.0027469801*J1^1*J2^3+0,-0.0011517421*J1^2*J2^2+-0.0003631324*J1^1*J2^3+-0.0011517421*J2^4+0},
{0,0,0,0,0,0,0,0,0,0,0,0,0,0,0,0,0,0,0,0,0,0,0,0,0,0,0,0,0,0,0,0,0,0,0,0,0,0,0,0,0,0,0,0,0,0,0,0,0,0,0,0,0,0,0,0,0,0,0,0,0,0,0,0,0,0,0,0,0,0,0,0,0,0,0,0,-0.0019424083*J1^1*J2^3+0,0.0008144047*J1^2*J2^2+0.0002567734*J1^1*J2^3+0.0008144047*J2^4+0,-0.0016821749*J1^2*J2^2+0.0022428999*J1^1*J2^3+-0.0016821749*J2^4+0,-0.0007180213*J1^2*J2^2+0.0025246842*J1^1*J2^3+-0.0007180213*J2^4+0,0,0,0,0,0,0,0,0,0,0,0,0,0.0027469801*J1^1*J2^3+0,-0.0011517421*J1^2*J2^2+-0.0003631324*J1^1*J2^3+-0.0011517421*J2^4+0,0.0023789546*J1^2*J2^2+-0.0031719394*J1^1*J2^3+0.0023789546*J2^4+0,0.0010154354*J1^2*J2^2+-0.0035704427*J1^1*J2^3+0.0010154354*J2^4+0},
{0,0,0,0,0,0,0,0,0,0,0,0,0,0,0,0,0,0,0,0,0,0,0,0,0,0,0,0,0,0,0,0,0,0,0,0,0,0,0,0,0,0,0,0,0,0,0,0,0,0,0,0,0,0,0,0,0,0,0,0,0,0,0,0,0,0,0,0,0,0,0,0,0,0,0,0,0,0,0,0,-0.0014151684*J1^2*J2^2+-0.0165046143*J1^1*J2^3+-0.0014151684*J2^4+0,0.0079539115*J1^2*J2^2+0.0112024150*J1^1*J2^3+0.0079539115*J2^4+0,-0.0047644718*J1^2*J2^2+-0.0016340957*J1^1*J2^3+-0.0047644718*J2^4+0,0.0032338587*J1^2*J2^2+0.0091843859*J1^1*J2^3+0.0032338587*J2^4+0,0,0,0,0,0,0,0,0,0,0,0,0},
{0,0,0,0,0,0,0,0,0,0,0,0,0,0,0,0,0,0,0,0,0,0,0,0,0,0,0,0,0,0,0,0,0,0,0,0,0,0,0,0,0,0,0,0,0,0,0,0,0,0,0,0,0,0,0,0,0,0,0,0,0,0,0,0,0,0,0,0,0,0,0,0,0,0,0,0,0,0,0,0,-0.0047644718*J1^2*J2^2+-0.0016340957*J1^1*J2^3+-0.0047644718*J2^4+0,0.0032338587*J1^2*J2^2+0.0091843859*J1^1*J2^3+0.0032338587*J2^4+0,0.0040863697*J1^2*J2^2+-0.0146177231*J1^1*J2^3+0.0040863697*J2^4+0,0.0042197732*J1^2*J2^2+0.0005971996*J1^1*J2^3+0.0042197732*J2^4+0,0,0,0,0,0,0,0,0,0,0,0,0},
{0,0,0,0,0,0,0,0,0,0,0,0,0,0,0,0,0,0,0,0,0,0,0,0,0,0,0,0,0,0,0,0,0,0,0,0,0,0,0,0,0,0,0,0,0,0,0,0,0,0,0,0,0,0,0,0,0,0,0,0,0,0,0,0,0,0,0,0,0,0,0,0,0,0,0,0,0,0,0,0,0,0,0,0,0.0004717228*J1^2*J2^2+0.0055015381*J1^1*J2^3+0.0004717228*J2^4+0,-0.0026513038*J1^2*J2^2+-0.0037341383*J1^1*J2^3+-0.0026513038*J2^4+0,0.0015881573*J1^2*J2^2+0.0005446986*J1^1*J2^3+0.0015881573*J2^4+0,-0.0010779529*J1^2*J2^2+-0.0030614620*J1^1*J2^3+-0.0010779529*J2^4+0,0,0,0,0,0,0,0,0},
{0,0,0,0,0,0,0,0,0,0,0,0,0,0,0,0,0,0,0,0,0,0,0,0,0,0,0,0,0,0,0,0,0,0,0,0,0,0,0,0,0,0,0,0,0,0,0,0,0,0,0,0,0,0,0,0,0,0,0,0,0,0,0,0,0,0,0,0,0,0,0,0,0,0,0,0,0,0,0,0,0,0,0,0,0.0015881573*J1^2*J2^2+0.0005446986*J1^1*J2^3+0.0015881573*J2^4+0,-0.0010779529*J1^2*J2^2+-0.0030614620*J1^1*J2^3+-0.0010779529*J2^4+0,-0.0013621232*J1^2*J2^2+0.0048725744*J1^1*J2^3+-0.0013621232*J2^4+0,-0.0014065911*J1^2*J2^2+-0.0001990665*J1^1*J2^3+-0.0014065911*J2^4+0,0,0,0,0,0,0,0,0},
{0,0,0,0,0,0,0,0,0,0,0,0,0,0,0,0,0,0,0,0,0,0,0,0,0,0,0,0,0,0,0,0,0,0,0,0,0,0,0,0,0,0,0,0,0,0,0,0,0,0,0,0,0,0,0,0,0,0,0,0,0,0,0,0,0,0,0,0,0,0,0,0,0.0008170478*J1^2*J2^2+0.0095289435*J1^1*J2^3+0.0008170478*J2^4+0,-0.0045921930*J1^2*J2^2+-0.0064677173*J1^1*J2^3+-0.0045921930*J2^4+0,0.0027507690*J1^2*J2^2+0.0009434456*J1^1*J2^3+0.0027507690*J2^4+0,-0.0018670692*J1^2*J2^2+-0.0053026077*J1^1*J2^3+-0.0018670692*J2^4+0,0,0,0,0,0,0,0,0,0,0,0,0,-0.0011554801*J1^2*J2^2+-0.0134759611*J1^1*J2^3+-0.0011554801*J2^4+0,0.0064943416*J1^2*J2^2+0.0091467335*J1^1*J2^3+0.0064943416*J2^4+0,-0.0038901749*J1^2*J2^2+-0.0013342335*J1^1*J2^3+-0.0038901749*J2^4+0,0.0026404345*J1^2*J2^2+0.0074990197*J1^1*J2^3+0.0026404345*J2^4+0,0,0,0,0},
{0,0,0,0,0,0,0,0,0,0,0,0,0,0,0,0,0,0,0,0,0,0,0,0,0,0,0,0,0,0,0,0,0,0,0,0,0,0,0,0,0,0,0,0,0,0,0,0,0,0,0,0,0,0,0,0,0,0,0,0,0,0,0,0,0,0,0,0,0,0,0,0,0.0027507690*J1^2*J2^2+0.0009434456*J1^1*J2^3+0.0027507690*J2^4+0,-0.0018670692*J1^2*J2^2+-0.0053026077*J1^1*J2^3+-0.0018670692*J2^4+0,-0.0023592667*J1^2*J2^2+0.0084395464*J1^1*J2^3+-0.0023592667*J2^4+0,-0.0024362872*J1^2*J2^2+-0.0003447934*J1^1*J2^3+-0.0024362872*J2^4+0,0,0,0,0,0,0,0,0,0,0,0,0,-0.0038901749*J1^2*J2^2+-0.0013342335*J1^1*J2^3+-0.0038901749*J2^4+0,0.0026404345*J1^2*J2^2+0.0074990197*J1^1*J2^3+0.0026404345*J2^4+0,0.0033365069*J1^2*J2^2+-0.0119353210*J1^1*J2^3+0.0033365069*J2^4+0,0.0034454304*J1^2*J2^2+0.0004876115*J1^1*J2^3+0.0034454304*J2^4+0,0,0,0,0},
{0,0,0,0,0,0,0,0,0,0,0,0,0,0,0,0,0,0,0,0,0,0,0,0,0,0,0,0,0,0,0,0,0,0,0,0,0,0,0,0,0,0,0,0,0,0,0,0,0,0,0,0,0,0,0,0,0,0,0,0,0,0,0,0,0,0,0,0,0,0,0,0,0,0,0,0,-0.0002723493*J1^2*J2^2+-0.0031763145*J1^1*J2^3+-0.0002723493*J2^4+0,0.0015307310*J1^2*J2^2+0.0021559058*J1^1*J2^3+0.0015307310*J2^4+0,-0.0009169230*J1^2*J2^2+-0.0003144819*J1^1*J2^3+-0.0009169230*J2^4+0,0.0006223564*J1^2*J2^2+0.0017675359*J1^1*J2^3+0.0006223564*J2^4+0,0,0,0,0,0,0,0,0,0,0,0,0,0.0003851600*J1^2*J2^2+0.0044919870*J1^1*J2^3+0.0003851600*J2^4+0,-0.0021647805*J1^2*J2^2+-0.0030489112*J1^1*J2^3+-0.0021647805*J2^4+0,0.0012967250*J1^2*J2^2+0.0004447445*J1^1*J2^3+0.0012967250*J2^4+0,-0.0008801448*J1^2*J2^2+-0.0024996732*J1^1*J2^3+-0.0008801448*J2^4+0},
{0,0,0,0,0,0,0,0,0,0,0,0,0,0,0,0,0,0,0,0,0,0,0,0,0,0,0,0,0,0,0,0,0,0,0,0,0,0,0,0,0,0,0,0,0,0,0,0,0,0,0,0,0,0,0,0,0,0,0,0,0,0,0,0,0,0,0,0,0,0,0,0,0,0,0,0,-0.0009169230*J1^2*J2^2+-0.0003144819*J1^1*J2^3+-0.0009169230*J2^4+0,0.0006223564*J1^2*J2^2+0.0017675359*J1^1*J2^3+0.0006223564*J2^4+0,0.0007864222*J1^2*J2^2+-0.0028131821*J1^1*J2^3+0.0007864222*J2^4+0,0.0008120957*J1^2*J2^2+0.0001149311*J1^1*J2^3+0.0008120957*J2^4+0,0,0,0,0,0,0,0,0,0,0,0,0,0.0012967250*J1^2*J2^2+0.0004447445*J1^1*J2^3+0.0012967250*J2^4+0,-0.0008801448*J1^2*J2^2+-0.0024996732*J1^1*J2^3+-0.0008801448*J2^4+0,-0.0011121690*J1^2*J2^2+0.0039784403*J1^1*J2^3+-0.0011121690*J2^4+0,-0.0011484768*J1^2*J2^2+-0.0001625372*J1^1*J2^3+-0.0011484768*J2^4+0},
{0,0,0,0,0,0,0,0,0,0,0,0,0,0,0,0,0,0,0,0,0,0,0,0,0,0,0,0,0,0,0,0,0,0,0,0,0,0,0,0,0,0,0,0,0,0,0,0,0,0,0,0,0,0,0,0,0,0,0,0,0,0,0,0,0,0,0,0,0,0,0,0,0,0,0,0,0,0,0,0,0.0087890625*J1^2*J2^2+0,0.0022552745*J1^1*J2^3+0.0028190931*J2^4+0,0.0050743676*J2^4+0,-0.0016276042*J1^2*J2^2+0.0013020833*J1^1*J2^3+0.0032552083*J2^4+0,0,0,0,0,0,0,0,0,0,0,0,0},
{0,0,0,0,0,0,0,0,0,0,0,0,0,0,0,0,0,0,0,0,0,0,0,0,0,0,0,0,0,0,0,0,0,0,0,0,0,0,0,0,0,0,0,0,0,0,0,0,0,0,0,0,0,0,0,0,0,0,0,0,0,0,0,0,0,0,0,0,0,0,0,0,0,0,0,0,0,0,0,0,0.0022552745*J1^1*J2^3+0.0028190931*J2^4+0,0.0087890625*J1^2*J2^2+-0.0026041667*J1^1*J2^3+-0.0032552083*J2^4+0,-0.0016276042*J1^2*J2^2+0.0013020833*J1^1*J2^3+0.0032552083*J2^4+0,0.0018793954*J1^2*J2^2+-0.0015035163*J1^1*J2^3+0.0013155768*J2^4+0,0,0,0,0,0,0,0,0,0,0,0,0},
{0,0,0,0,0,0,0,0,0,0,0,0,0,0,0,0,0,0,0,0,0,0,0,0,0,0,0,0,0,0,0,0,0,0,0,0,0,0,0,0,0,0,0,0,0,0,0,0,0,0,0,0,0,0,0,0,0,0,0,0,0,0,0,0,0,0,0,0,0,0,0,0,0,0,0,0,0,0,0,0,0,0,0,0,-0.0029296875*J1^2*J2^2+0,-0.0007517582*J1^1*J2^3+-0.0009396977*J2^4+0,-0.0016914559*J2^4+0,0.0005425347*J1^2*J2^2+-0.0004340278*J1^1*J2^3+-0.0010850694*J2^4+0,0,0,0,0,0,0,0,0},
{0,0,0,0,0,0,0,0,0,0,0,0,0,0,0,0,0,0,0,0,0,0,0,0,0,0,0,0,0,0,0,0,0,0,0,0,0,0,0,0,0,0,0,0,0,0,0,0,0,0,0,0,0,0,0,0,0,0,0,0,0,0,0,0,0,0,0,0,0,0,0,0,0,0,0,0,0,0,0,0,0,0,0,0,-0.0007517582*J1^1*J2^3+-0.0009396977*J2^4+0,-0.0029296875*J1^2*J2^2+0.0008680556*J1^1*J2^3+0.0010850694*J2^4+0,0.0005425347*J1^2*J2^2+-0.0004340278*J1^1*J2^3+-0.0010850694*J2^4+0,-0.0006264651*J1^2*J2^2+0.0005011721*J1^1*J2^3+-0.0004385256*J2^4+0,0,0,0,0,0,0,0,0},
{0,0,0,0,0,0,0,0,0,0,0,0,0,0,0,0,0,0,0,0,0,0,0,0,0,0,0,0,0,0,0,0,0,0,0,0,0,0,0,0,0,0,0,0,0,0,0,0,0,0,0,0,0,0,0,0,0,0,0,0,0,0,0,0,0,0,0,0,0,0,0,0,-0.0050743676*J1^2*J2^2+0,-0.0013020833*J1^1*J2^3+-0.0016276042*J2^4+0,-0.0029296875*J2^4+0,0.0009396977*J1^2*J2^2+-0.0007517582*J1^1*J2^3+-0.0018793954*J2^4+0,0,0,0,0,0,0,0,0,0,0,0,0,0.0071762395*J1^2*J2^2+0,0.0018414239*J1^1*J2^3+0.0023017799*J2^4+0,0.0041432038*J2^4+0,-0.0013289332*J1^2*J2^2+0.0010631466*J1^1*J2^3+0.0026578665*J2^4+0,0,0,0,0},
{0,0,0,0,0,0,0,0,0,0,0,0,0,0,0,0,0,0,0,0,0,0,0,0,0,0,0,0,0,0,0,0,0,0,0,0,0,0,0,0,0,0,0,0,0,0,0,0,0,0,0,0,0,0,0,0,0,0,0,0,0,0,0,0,0,0,0,0,0,0,0,0,-0.0013020833*J1^1*J2^3+-0.0016276042*J2^4+0,-0.0050743676*J1^2*J2^2+0.0015035163*J1^1*J2^3+0.0018793954*J2^4+0,0.0009396977*J1^2*J2^2+-0.0007517582*J1^1*J2^3+-0.0018793954*J2^4+0,-0.0010850694*J1^2*J2^2+0.0008680556*J1^1*J2^3+-0.0007595486*J2^4+0,0,0,0,0,0,0,0,0,0,0,0,0,0.0018414239*J1^1*J2^3+0.0023017799*J2^4+0,0.0071762395*J1^2*J2^2+-0.0021262932*J1^1*J2^3+-0.0026578665*J2^4+0,-0.0013289332*J1^2*J2^2+0.0010631466*J1^1*J2^3+0.0026578665*J2^4+0,0.0015345199*J1^2*J2^2+-0.0012276159*J1^1*J2^3+0.0010741639*J2^4+0,0,0,0,0},
{0,0,0,0,0,0,0,0,0,0,0,0,0,0,0,0,0,0,0,0,0,0,0,0,0,0,0,0,0,0,0,0,0,0,0,0,0,0,0,0,0,0,0,0,0,0,0,0,0,0,0,0,0,0,0,0,0,0,0,0,0,0,0,0,0,0,0,0,0,0,0,0,0,0,0,0,0.0016914559*J1^2*J2^2+0,0.0004340278*J1^1*J2^3+0.0005425347*J2^4+0,0.0009765625*J2^4+0,-0.0003132326*J1^2*J2^2+0.0002505861*J1^1*J2^3+0.0006264651*J2^4+0,0,0,0,0,0,0,0,0,0,0,0,0,-0.0023920798*J1^2*J2^2+0,-0.0006138080*J1^1*J2^3+-0.0007672600*J2^4+0,-0.0013810679*J2^4+0,0.0004429777*J1^2*J2^2+-0.0003543822*J1^1*J2^3+-0.0008859555*J2^4+0},
{0,0,0,0,0,0,0,0,0,0,0,0,0,0,0,0,0,0,0,0,0,0,0,0,0,0,0,0,0,0,0,0,0,0,0,0,0,0,0,0,0,0,0,0,0,0,0,0,0,0,0,0,0,0,0,0,0,0,0,0,0,0,0,0,0,0,0,0,0,0,0,0,0,0,0,0,0.0004340278*J1^1*J2^3+0.0005425347*J2^4+0,0.0016914559*J1^2*J2^2+-0.0005011721*J1^1*J2^3+-0.0006264651*J2^4+0,-0.0003132326*J1^2*J2^2+0.0002505861*J1^1*J2^3+0.0006264651*J2^4+0,0.0003616898*J1^2*J2^2+-0.0002893519*J1^1*J2^3+0.0002531829*J2^4+0,0,0,0,0,0,0,0,0,0,0,0,0,-0.0006138080*J1^1*J2^3+-0.0007672600*J2^4+0,-0.0023920798*J1^2*J2^2+0.0007087644*J1^1*J2^3+0.0008859555*J2^4+0,0.0004429777*J1^2*J2^2+-0.0003543822*J1^1*J2^3+-0.0008859555*J2^4+0,-0.0005115066*J1^2*J2^2+0.0004092053*J1^1*J2^3+-0.0003580546*J2^4+0},
{0,0,0,0,0,0,0,0,0,0,0,0,0,0,0,0,0,0,0,0,0,0,0,0,0,0,0,0,0,0,0,0,0,0,0,0,0,0,0,0,0,0,0,0,0,0,0,0,0,0,0,0,0,0,0,0,0,0,0,0,0,0,0,0,0,0,0,0,0,0,0,0,0,0,0,0,0,0,0,0,-0.0087890625*J2^4+0,-0.0028190931*J1^2*J2^2+-0.0022552745*J1^1*J2^3+0,-0.0050743676*J1^2*J2^2+0,-0.0032552083*J1^2*J2^2+-0.0013020833*J1^1*J2^3+0.0016276042*J2^4+0,0,0,0,0,0,0,0,0,0,0,0,0},
{0,0,0,0,0,0,0,0,0,0,0,0,0,0,0,0,0,0,0,0,0,0,0,0,0,0,0,0,0,0,0,0,0,0,0,0,0,0,0,0,0,0,0,0,0,0,0,0,0,0,0,0,0,0,0,0,0,0,0,0,0,0,0,0,0,0,0,0,0,0,0,0,0,0,0,0,0,0,0,0,-0.0028190931*J1^2*J2^2+-0.0022552745*J1^1*J2^3+0,0.0032552083*J1^2*J2^2+0.0026041667*J1^1*J2^3+-0.0087890625*J2^4+0,-0.0032552083*J1^2*J2^2+-0.0013020833*J1^1*J2^3+0.0016276042*J2^4+0,-0.0013155768*J1^2*J2^2+0.0015035163*J1^1*J2^3+-0.0018793954*J2^4+0,0,0,0,0,0,0,0,0,0,0,0,0},
{0,0,0,0,0,0,0,0,0,0,0,0,0,0,0,0,0,0,0,0,0,0,0,0,0,0,0,0,0,0,0,0,0,0,0,0,0,0,0,0,0,0,0,0,0,0,0,0,0,0,0,0,0,0,0,0,0,0,0,0,0,0,0,0,0,0,0,0,0,0,0,0,0,0,0,0,0,0,0,0,0,0,0,0,0.0029296875*J2^4+0,0.0009396977*J1^2*J2^2+0.0007517582*J1^1*J2^3+0,0.0016914559*J1^2*J2^2+0,0.0010850694*J1^2*J2^2+0.0004340278*J1^1*J2^3+-0.0005425347*J2^4+0,0,0,0,0,0,0,0,0},
{0,0,0,0,0,0,0,0,0,0,0,0,0,0,0,0,0,0,0,0,0,0,0,0,0,0,0,0,0,0,0,0,0,0,0,0,0,0,0,0,0,0,0,0,0,0,0,0,0,0,0,0,0,0,0,0,0,0,0,0,0,0,0,0,0,0,0,0,0,0,0,0,0,0,0,0,0,0,0,0,0,0,0,0,0.0009396977*J1^2*J2^2+0.0007517582*J1^1*J2^3+0,-0.0010850694*J1^2*J2^2+-0.0008680556*J1^1*J2^3+0.0029296875*J2^4+0,0.0010850694*J1^2*J2^2+0.0004340278*J1^1*J2^3+-0.0005425347*J2^4+0,0.0004385256*J1^2*J2^2+-0.0005011721*J1^1*J2^3+0.0006264651*J2^4+0,0,0,0,0,0,0,0,0},
{0,0,0,0,0,0,0,0,0,0,0,0,0,0,0,0,0,0,0,0,0,0,0,0,0,0,0,0,0,0,0,0,0,0,0,0,0,0,0,0,0,0,0,0,0,0,0,0,0,0,0,0,0,0,0,0,0,0,0,0,0,0,0,0,0,0,0,0,0,0,0,0,0.0050743676*J2^4+0,0.0016276042*J1^2*J2^2+0.0013020833*J1^1*J2^3+0,0.0029296875*J1^2*J2^2+0,0.0018793954*J1^2*J2^2+0.0007517582*J1^1*J2^3+-0.0009396977*J2^4+0,0,0,0,0,0,0,0,0,0,0,0,0,-0.0071762395*J2^4+0,-0.0023017799*J1^2*J2^2+-0.0018414239*J1^1*J2^3+0,-0.0041432038*J1^2*J2^2+0,-0.0026578665*J1^2*J2^2+-0.0010631466*J1^1*J2^3+0.0013289332*J2^4+0,0,0,0,0},
{0,0,0,0,0,0,0,0,0,0,0,0,0,0,0,0,0,0,0,0,0,0,0,0,0,0,0,0,0,0,0,0,0,0,0,0,0,0,0,0,0,0,0,0,0,0,0,0,0,0,0,0,0,0,0,0,0,0,0,0,0,0,0,0,0,0,0,0,0,0,0,0,0.0016276042*J1^2*J2^2+0.0013020833*J1^1*J2^3+0,-0.0018793954*J1^2*J2^2+-0.0015035163*J1^1*J2^3+0.0050743676*J2^4+0,0.0018793954*J1^2*J2^2+0.0007517582*J1^1*J2^3+-0.0009396977*J2^4+0,0.0007595486*J1^2*J2^2+-0.0008680556*J1^1*J2^3+0.0010850694*J2^4+0,0,0,0,0,0,0,0,0,0,0,0,0,-0.0023017799*J1^2*J2^2+-0.0018414239*J1^1*J2^3+0,0.0026578665*J1^2*J2^2+0.0021262932*J1^1*J2^3+-0.0071762395*J2^4+0,-0.0026578665*J1^2*J2^2+-0.0010631466*J1^1*J2^3+0.0013289332*J2^4+0,-0.0010741639*J1^2*J2^2+0.0012276159*J1^1*J2^3+-0.0015345199*J2^4+0,0,0,0,0},
{0,0,0,0,0,0,0,0,0,0,0,0,0,0,0,0,0,0,0,0,0,0,0,0,0,0,0,0,0,0,0,0,0,0,0,0,0,0,0,0,0,0,0,0,0,0,0,0,0,0,0,0,0,0,0,0,0,0,0,0,0,0,0,0,0,0,0,0,0,0,0,0,0,0,0,0,-0.0016914559*J2^4+0,-0.0005425347*J1^2*J2^2+-0.0004340278*J1^1*J2^3+0,-0.0009765625*J1^2*J2^2+0,-0.0006264651*J1^2*J2^2+-0.0002505861*J1^1*J2^3+0.0003132326*J2^4+0,0,0,0,0,0,0,0,0,0,0,0,0,0.0023920798*J2^4+0,0.0007672600*J1^2*J2^2+0.0006138080*J1^1*J2^3+0,0.0013810679*J1^2*J2^2+0,0.0008859555*J1^2*J2^2+0.0003543822*J1^1*J2^3+-0.0004429777*J2^4+0},
{0,0,0,0,0,0,0,0,0,0,0,0,0,0,0,0,0,0,0,0,0,0,0,0,0,0,0,0,0,0,0,0,0,0,0,0,0,0,0,0,0,0,0,0,0,0,0,0,0,0,0,0,0,0,0,0,0,0,0,0,0,0,0,0,0,0,0,0,0,0,0,0,0,0,0,0,-0.0005425347*J1^2*J2^2+-0.0004340278*J1^1*J2^3+0,0.0006264651*J1^2*J2^2+0.0005011721*J1^1*J2^3+-0.0016914559*J2^4+0,-0.0006264651*J1^2*J2^2+-0.0002505861*J1^1*J2^3+0.0003132326*J2^4+0,-0.0002531829*J1^2*J2^2+0.0002893519*J1^1*J2^3+-0.0003616898*J2^4+0,0,0,0,0,0,0,0,0,0,0,0,0,0.0007672600*J1^2*J2^2+0.0006138080*J1^1*J2^3+0,-0.0008859555*J1^2*J2^2+-0.0007087644*J1^1*J2^3+0.0023920798*J2^4+0,0.0008859555*J1^2*J2^2+0.0003543822*J1^1*J2^3+-0.0004429777*J2^4+0,0.0003580546*J1^2*J2^2+-0.0004092053*J1^1*J2^3+0.0005115066*J2^4+0},
{0,0,0,0,0,0,0,0,0,0,0,0,0,0,0,0,0,0,0,0,0,0,0,0,0,0,0,0,0,0,0,0,0,0,0,0,0,0,0,0,0,0,0,0,0,0,0,0,0,0,0,0,0,0,0,0,0,0,0,0,0,0,0,0,0,0,0,0,0,0,0,0,0,0,0,0,0,0,0,0,0,-0.0039867997*J1^2*J2^2+0.0039867997*J2^4+0,0.0071762395*J1^2*J2^2+-0.0071762395*J2^4+0,0,0,0,0,0,0,0,0,0,0,0,0,0},
{0,0,0,0,0,0,0,0,0,0,0,0,0,0,0,0,0,0,0,0,0,0,0,0,0,0,0,0,0,0,0,0,0,0,0,0,0,0,0,0,0,0,0,0,0,0,0,0,0,0,0,0,0,0,0,0,0,0,0,0,0,0,0,0,0,0,0,0,0,0,0,0,0,0,0,0,0,0,0,0,-0.0039867997*J1^2*J2^2+0.0039867997*J2^4+0,0.0046035598*J1^2*J2^2+-0.0046035598*J2^4+0,0,0.0071762395*J1^2*J2^2+-0.0071762395*J2^4+0,0,0,0,0,0,0,0,0,0,0,0,0},
{0,0,0,0,0,0,0,0,0,0,0,0,0,0,0,0,0,0,0,0,0,0,0,0,0,0,0,0,0,0,0,0,0,0,0,0,0,0,0,0,0,0,0,0,0,0,0,0,0,0,0,0,0,0,0,0,0,0,0,0,0,0,0,0,0,0,0,0,0,0,0,0,0,0,0,0,0,0,0,0,0,0,0,0,0,0.0013289332*J1^2*J2^2+-0.0013289332*J2^4+0,-0.0023920798*J1^2*J2^2+0.0023920798*J2^4+0,0,0,0,0,0,0,0,0,0},
{0,0,0,0,0,0,0,0,0,0,0,0,0,0,0,0,0,0,0,0,0,0,0,0,0,0,0,0,0,0,0,0,0,0,0,0,0,0,0,0,0,0,0,0,0,0,0,0,0,0,0,0,0,0,0,0,0,0,0,0,0,0,0,0,0,0,0,0,0,0,0,0,0,0,0,0,0,0,0,0,0,0,0,0,0.0013289332*J1^2*J2^2+-0.0013289332*J2^4+0,-0.0015345199*J1^2*J2^2+0.0015345199*J2^4+0,0,-0.0023920798*J1^2*J2^2+0.0023920798*J2^4+0,0,0,0,0,0,0,0,0},
{0,0,0,0,0,0,0,0,0,0,0,0,0,0,0,0,0,0,0,0,0,0,0,0,0,0,0,0,0,0,0,0,0,0,0,0,0,0,0,0,0,0,0,0,0,0,0,0,0,0,0,0,0,0,0,0,0,0,0,0,0,0,0,0,0,0,0,0,0,0,0,0,0,0.0023017799*J1^2*J2^2+-0.0023017799*J2^4+0,-0.0041432038*J1^2*J2^2+0.0041432038*J2^4+0,0,0,0,0,0,0,0,0,0,0,0,0,0,0,-0.0032552083*J1^2*J2^2+0.0032552083*J2^4+0,0.0058593750*J1^2*J2^2+-0.0058593750*J2^4+0,0,0,0,0,0},
{0,0,0,0,0,0,0,0,0,0,0,0,0,0,0,0,0,0,0,0,0,0,0,0,0,0,0,0,0,0,0,0,0,0,0,0,0,0,0,0,0,0,0,0,0,0,0,0,0,0,0,0,0,0,0,0,0,0,0,0,0,0,0,0,0,0,0,0,0,0,0,0,0.0023017799*J1^2*J2^2+-0.0023017799*J2^4+0,-0.0026578665*J1^2*J2^2+0.0026578665*J2^4+0,0,-0.0041432038*J1^2*J2^2+0.0041432038*J2^4+0,0,0,0,0,0,0,0,0,0,0,0,0,-0.0032552083*J1^2*J2^2+0.0032552083*J2^4+0,0.0037587908*J1^2*J2^2+-0.0037587908*J2^4+0,0,0.0058593750*J1^2*J2^2+-0.0058593750*J2^4+0,0,0,0,0},
{0,0,0,0,0,0,0,0,0,0,0,0,0,0,0,0,0,0,0,0,0,0,0,0,0,0,0,0,0,0,0,0,0,0,0,0,0,0,0,0,0,0,0,0,0,0,0,0,0,0,0,0,0,0,0,0,0,0,0,0,0,0,0,0,0,0,0,0,0,0,0,0,0,0,0,0,0,-0.0007672600*J1^2*J2^2+0.0007672600*J2^4+0,0.0013810679*J1^2*J2^2+-0.0013810679*J2^4+0,0,0,0,0,0,0,0,0,0,0,0,0,0,0,0.0010850694*J1^2*J2^2+-0.0010850694*J2^4+0,-0.0019531250*J1^2*J2^2+0.0019531250*J2^4+0,0},
{0,0,0,0,0,0,0,0,0,0,0,0,0,0,0,0,0,0,0,0,0,0,0,0,0,0,0,0,0,0,0,0,0,0,0,0,0,0,0,0,0,0,0,0,0,0,0,0,0,0,0,0,0,0,0,0,0,0,0,0,0,0,0,0,0,0,0,0,0,0,0,0,0,0,0,0,-0.0007672600*J1^2*J2^2+0.0007672600*J2^4+0,0.0008859555*J1^2*J2^2+-0.0008859555*J2^4+0,0,0.0013810679*J1^2*J2^2+-0.0013810679*J2^4+0,0,0,0,0,0,0,0,0,0,0,0,0,0.0010850694*J1^2*J2^2+-0.0010850694*J2^4+0,-0.0012529303*J1^2*J2^2+0.0012529303*J2^4+0,0,-0.0019531250*J1^2*J2^2+0.0019531250*J2^4+0},
{0,0,0,0,0,0,0,0,0,0,0,0,0,0,0,0,0,0,0,0,0,0,0,0,0,0,0,0,0,0,0,0,0,0,0,0,0,0,0,0,0,0,0,0,0,0,0,0,0,0,0,0,0,0,0,0,0,0,0,0,0,0,0,0,0,0,0,0,0,0,0,0,0,0,0,0,0,0,0,0,0,0,0,0,0,0,0,0,0,0,0,0,0,0,0,0},
{0,0,0,0,0,0,0,0,0,0,0,0,0,0,0,0,0,0,0,0,0,0,0,0,0,0,0,0,0,0,0,0,0,0,0,0,0,0,0,0,0,0,0,0,0,0,0,0,0,0,0,0,0,0,0,0,0,0,0,0,0,0,0,0,0,0,0,0,0,0,0,0,0,0,0,0,0,0,0,0,0,0,0,0,0,0,0,0,0,0,0,0,0,0,0,0},
{0,0,0,0,0,0,0,0,0,0,0,0,0,0,0,0,0,0,0,0,0,0,0,0,0,0,0,0,0,0,0,0,0,0,0,0,0,0,0,0,0,0,0,0,0,0,0,0,0,0,0,0,0,0,0,0,0,0,0,0,0,0,0,0,0,0,0,0,0,0,0,0,0,0,0,0,0,0,0,0,0,0,0,0,0,0,0,0,0,0,0,0,0,0,0,0},
{0,0,0,0,0,0,0,0,0,0,0,0,0,0,0,0,0,0,0,0,0,0,0,0,0,0,0,0,0,0,0,0,0,0,0,0,0,0,0,0,0,0,0,0,0,0,0,0,0,0,0,0,0,0,0,0,0,0,0,0,0,0,0,0,0,0,0,0,0,0,0,0,0,0,0,0,0,0,0,0,0,0,0,0,0,0,0,0,0,0,0,0,0,0,0,0},
{0,0,0,0,0,0,0,0,0,0,0,0,0,0,0,0,0,0,0,0,0,0,0,0,0,0,0,0,0,0,0,0,0,0,0,0,0,0,0,0,0,0,0,0,0,0,0,0,0,0,0,0,0,0,0,0,0,0,0,0,0,0,0,0,0,0,0,0,0,0,0,0,0,0,0,0,0,0,0,0,0,0,0,0,0,0,0,0,0,0,0,0,0,0,0,0},
{0,0,0,0,0,0,0,0,0,0,0,0,0,0,0,0,0,0,0,0,0,0,0,0,0,0,0,0,0,0,0,0,0,0,0,0,0,0,0,0,0,0,0,0,0,0,0,0,0,0,0,0,0,0,0,0,0,0,0,0,0,0,0,0,0,0,0,0,0,0,0,0,0,0,0,0,0,0,0,0,0,0,0,0,0,0,0,0,0,0,0,0,0,0,0,0},
{0,0,0,0,0,0,0,0,0,0,0,0,0,0,0,0,0,0,0,0,0,0,0,0,0,0,0,0,0,0,0,0,0,0,0,0,0,0,0,0,0,0,0,0,0,0,0,0,0,0,0,0,0,0,0,0,0,0,0,0,0,0,0,0,0,0,0,0,0,0,0,0,0,0,0,0,0,0,0,0,0,0,0,0,0,0,0,0,0,0,0,0,0,0,0,0},
{0,0,0,0,0,0,0,0,0,0,0,0,0,0,0,0,0,0,0,0,0,0,0,0,0,0,0,0,0,0,0,0,0,0,0,0,0,0,0,0,0,0,0,0,0,0,0,0,0,0,0,0,0,0,0,0,0,0,0,0,0,0,0,0,0,0,0,0,0,0,0,0,0,0,0,0,0,0,0,0,0,0,0,0,0,0,0,0,0,0,0,0,0,0,0,0},
{0,0,0,0,0,0,0,0,0,0,0,0,0,0,0,0,0,0,0,0,0,0,0,0,0,0,0,0,0,0,0,0,0,0,0,0,0,0,0,0,0,0,0,0,0,0,0,0,0,0,0,0,0,0,0,0,0,0,0,0,0,0,0,0,0,0,0,0,0,0,0,0,0,0,0,0,0,0,0,0,0,0,0,0,0,0,0,0,0,0,0,0,0,0,0,0},
{0,0,0,0,0,0,0,0,0,0,0,0,0,0,0,0,0,0,0,0,0,0,0,0,0,0,0,0,0,0,0,0,0,0,0,0,0,0,0,0,0,0,0,0,0,0,0,0,0,0,0,0,0,0,0,0,0,0,0,0,0,0,0,0,0,0,0,0,0,0,0,0,0,0,0,0,0,0,0,0,0,0,0,0,0,0,0,0,0,0,0,0,0,0,0,0},
{0,0,0,0,0,0,0,0,0,0,0,0,0,0,0,0,0,0,0,0,0,0,0,0,0,0,0,0,0,0,0,0,0,0,0,0,0,0,0,0,0,0,0,0,0,0,0,0,0,0,0,0,0,0,0,0,0,0,0,0,0,0,0,0,0,0,0,0,0,0,0,0,0,0,0,0,0,0,0,0,0,0,0,0,0,0,0,0,0,0,0,0,0,0,0,0},
{0,0,0,0,0,0,0,0,0,0,0,0,0,0,0,0,0,0,0,0,0,0,0,0,0,0,0,0,0,0,0,0,0,0,0,0,0,0,0,0,0,0,0,0,0,0,0,0,0,0,0,0,0,0,0,0,0,0,0,0,0,0,0,0,0,0,0,0,0,0,0,0,0,0,0,0,0,0,0,0,0,0,0,0,0,0,0,0,0,0,0,0,0,0,0,0},
{0,0,0,0,0,0,0,0,0,0,0,0,0,0,0,0,0,0,0,0,0,0,0,0,0,0,0,0,0,0,0,0,0,0,0,0,0,0,0,0,0,0,0,0,0,0,0,0,0,0,0,0,0,0,0,0,0,0,0,0,0,0,0,0,0,0,0,0,0,0,0,0,0,0,0,0,0,0,0,0,0,0,0,0,0,0,0,0,0,0,0,0,0,0,0,0},
{0,0,0,0,0,0,0,0,0,0,0,0,0,0,0,0,0,0,0,0,0,0,0,0,0,0,0,0,0,0,0,0,0,0,0,0,0,0,0,0,0,0,0,0,0,0,0,0,0,0,0,0,0,0,0,0,0,0,0,0,0,0,0,0,0,0,0,0,0,0,0,0,0,0,0,0,0,0,0,0,0,0,0,0,0,0,0,0,0,0,0,0,0,0,0,0},
{0,0,0,0,0,0,0,0,0,0,0,0,0,0,0,0,0,0,0,0,0,0,0,0,0,0,0,0,0,0,0,0,0,0,0,0,0,0,0,0,0,0,0,0,0,0,0,0,0,0,0,0,0,0,0,0,0,0,0,0,0,0,0,0,0,0,0,0,0,0,0,0,0,0,0,0,0,0,0,0,0,0,0,0,0,0,0,0,0,0,0,0,0,0,0,0},
{0,0,0,0,0,0,0,0,0,0,0,0,0,0,0,0,0,0,0,0,0,0,0,0,0,0,0,0,0,0,0,0,0,0,0,0,0,0,0,0,0,0,0,0,0,0,0,0,0,0,0,0,0,0,0,0,0,0,0,0,0,0,0,0,0,0,0,0,0,0,0,0,0,0,0,0,0,0,0,0,0,0,0,0,0,0,0,0,0,0,0,0,0,0,0,0},
{0,0,0,0,0,0,0,0,0,0,0,0,0,0,0,0,0,0,0,0,0,0,0,0,0,0,0,0,0,0,0,0,0,0,0,0,0,0,0,0,0,0,0,0,0,0,0,0,0,0,0,0,0,0,0,0,0,0,0,0,0,0,0,0,0,0,0,0,0,0,0,0,0,0,0,0,0,0,0,0,0,0,0,0,0,0,0,0,0,0,0,0,0,0,0,0},
{0,0,0,0,0,0,0,0,0,0,0,0,0,0,0,0,0,0,0,0,0,0,0,0,0,0,0,0,0,0,0,0,0,0,0,0,0,0,0,0,0,0,0,0,0,0,0,0,0,0,0,0,0,0,0,0,0,0,0,0,0,0,0,0,0,0,0,0,0,0,0,0,0,0,0,0,0,0,0,0,0,0,0,0,0,0,0,0,0,0,0,0,0,0,0,0},
{0,0,0,0,0,0,0,0,0,0,0,0,0,0,0,0,0,0,0,0,0,0,0,0,0,0,0,0,0,0,0,0,0,0,0,0,0,0,0,0,0,0,0,0,0,0,0,0,0,0,0,0,0,0,0,0,0,0,0,0,0,0,0,0,0,0,0,0,0,0,0,0,0,0,0,0,0,0,0,0,0,0,0,0,0,0,0,0,0,0,0,0,0,0,0,0},
{0,0,0,0,0,0,0,0,0,0,0,0,0,0,0,0,0,0,0,0,0,0,0,0,0,0,0,0,0,0,0,0,0,0,0,0,0,0,0,0,0,0,0,0,0,0,0,0,0,0,0,0,0,0,0,0,0,0,0,0,0,0,0,0,0,0,0,0,0,0,0,0,0,0,0,0,0,0,0,0,0,0,0,0,0,0,0,0,0,0,0,0,0,0,0,0},
{0,0,0,0,0,0,0,0,0,0,0,0,0,0,0,0,0,0,0,0,0,0,0,0,0,0,0,0,0,0,0,0,0,0,0,0,0,0,0,0,0,0,0,0,0,0,0,0,0,0,0,0,0,0,0,0,0,0,0,0,0,0,0,0,0,0,0,0,0,0,0,0,0,0,0,0,0,0,0,0,0,0,0,0,0,0,0,0,0,0,0,0,0,0,0,0},
{0,0,0,0,0,0,0,0,0,0,0,0,0,0,0,0,0,0,0,0,0,0,0,0,0,0,0,0,0,0,0,0,0,0,0,0,0,0,0,0,0,0,0,0,0,0,0,0,0,0,0,0,0,0,0,0,0,0,0,0,0,0,0,0,0,0,0,0,0,0,0,0,0,0,0,0,0,0,0,0,0,0,0,0,0,0,0,0,0,0,0,0,0,0,0,0},
{0,0,0,0,0,0,0,0,0,0,0,0,0,0,0,0,0,0,0,0,0,0,0,0,0,0,0,0,0,0,0,0,0,0,0,0,0,0,0,0,0,0,0,0,0,0,0,0,0,0,0,0,0,0,0,0,0,0,0,0,0,0,0,0,0,0,0,0,0,0,0,0,0,0,0,0,0,0,0,0,0,0,0,0,0,0,0,0,0,0,0,0,0,0,0,0},
{0,0,0,0,0,0,0,0,0,0,0,0,0,0,0,0,0,0,0,0,0,0,0,0,0,0,0,0,0,0,0,0,0,0,0,0,0,0,0,0,0,0,0,0,0,0,0,0,0,0,0,0,0,0,0,0,0,0,0,0,0,0,0,0,0,0,0,0,0,0,0,0,0,0,0,0,0,0,0,0,0,0,0,0,0,0,0,0,0,0,0,0,0,0,0,0},
{0,0,0,0,0.0055128932*J1^1*J2^3+0,0.0015914352*J1^2*J2^2+0.0015914352*J2^4+0,0,0,0,0,0,0,-0.0050117211*J1^2*J2^2+-0.0050117211*J2^4+0,-0.0057870370*J1^1*J2^3+0,0,0,0,0,0,0,-0.0000442978*J1^2*J2^2+0.0032780353*J1^1*J2^3+-0.0000442978*J2^4+0,0.0009462873*J1^2*J2^2+-0.0000511507*J1^1*J2^3+0.0009462873*J2^4+0,0,0,0,0,0,0,0.0005638186*J1^2*J2^2+0,0.0026041667*J1^1*J2^3+-0.0022786458*J2^4+0,0,0,0,0,0,0,-0.0005638186*J2^4+0,0.0022786458*J1^2*J2^2+-0.0026041667*J1^1*J2^3+0,0,0,0,0,0,0,0,-0.0013810679*J1^2*J2^2+0.0013810679*J2^4+0,0,0,0,0,0,0,0,0,0,0,0,0,0,0,0,0,0,0,0,0,0,0,0,0,0,0,0,0,0,0,0,0,0,0,0,0,0,0,0,0,0,0,0,0,0,0,0,0,0,0},
{0,0,0,0,0.0029296875*J1^2*J2^2+-0.0026765046*J1^1*J2^3+0.0029296875*J2^4+0,-0.0007726403*J1^2*J2^2+0.0033829117*J1^1*J2^3+-0.0007726403*J2^4+0,0,0,0,0,0,0,0.0000361690*J1^2*J2^2+-0.0058593750*J1^1*J2^3+0.0000361690*J2^4+0,-0.0016914559*J1^2*J2^2+0.0000417643*J1^1*J2^3+-0.0016914559*J2^4+0,0,0,0,0,0,0,0.0041176285*J1^2*J2^2+-0.0063938330*J1^1*J2^3+0.0041176285*J2^4+0,-0.0018457406*J1^2*J2^2+0.0047546278*J1^1*J2^3+-0.0018457406*J2^4+0,0,0,0,0,0,0,0.0026041667*J1^1*J2^3+-0.0022786458*J2^4+0,0.0005638186*J1^2*J2^2+-0.0030070327*J1^1*J2^3+0.0026311536*J2^4+0,0,0,0,0,0,0,0.0022786458*J1^2*J2^2+-0.0026041667*J1^1*J2^3+0,-0.0026311536*J1^2*J2^2+0.0030070327*J1^1*J2^3+-0.0005638186*J2^4+0,0,0,0,0,0,0,-0.0013810679*J1^2*J2^2+0.0013810679*J2^4+0,0.0015947199*J1^2*J2^2+-0.0015947199*J2^4+0,0,0,0,0,0,0,0,0,0,0,0,0,0,0,0,0,0,0,0,0,0,0,0,0,0,0,0,0,0,0,0,0,0,0,0,0,0,0,0,0,0,0,0,0,0,0,0,0,0,0},
{0,0,0,0,0.0015914352*J1^2*J2^2+0.0015914352*J2^4+0,-0.0018376311*J1^2*J2^2+0.0055128932*J1^1*J2^3+-0.0018376311*J2^4+0,0,0,0,0,0,0,-0.0057870370*J1^1*J2^3+0,-0.0050117211*J1^2*J2^2+0.0066822948*J1^1*J2^3+-0.0050117211*J2^4+0,0,0,0,0,0,0,0.0009462873*J1^2*J2^2+-0.0000511507*J1^1*J2^3+0.0009462873*J2^4+0,-0.0011369762*J1^2*J2^2+0.0033370990*J1^1*J2^3+-0.0011369762*J2^4+0,0,0,0,0,0,0,0.0003255208*J2^4+0,-0.0024432140*J1^2*J2^2+0.0015035163*J1^1*J2^3+0.0011276372*J2^4+0,0,0,0,0,0,0,-0.0003255208*J1^2*J2^2+0,-0.0011276372*J1^2*J2^2+-0.0015035163*J1^1*J2^3+0.0024432140*J2^4+0,0,0,0,0,0,0,0.0004603560*J1^2*J2^2+-0.0004603560*J2^4+0,0.0026578665*J1^2*J2^2+-0.0026578665*J2^4+0,0,0,0,0,0,0,0,0,0,0,0,0,0,0,0,0,0,0,0,0,0,0,0,0,0,0,0,0,0,0,0,0,0,0,0,0,0,0,0,0,0,0,0,0,0,0,0,0,0,0},
{0,0,0,0,-0.0007726403*J1^2*J2^2+0.0033829117*J1^1*J2^3+-0.0007726403*J2^4+0,0.0038218557*J1^2*J2^2+-0.0065827546*J1^1*J2^3+0.0038218557*J2^4+0,0,0,0,0,0,0,-0.0016914559*J1^2*J2^2+0.0000417643*J1^1*J2^3+-0.0016914559*J2^4+0,0.0019892940*J1^2*J2^2+-0.0059076003*J1^1*J2^3+0.0019892940*J2^4+0,0,0,0,0,0,0,-0.0018457406*J1^2*J2^2+0.0047546278*J1^1*J2^3+-0.0018457406*J2^4+0,0.0062489061*J1^2*J2^2+-0.0118840043*J1^1*J2^3+0.0062489061*J2^4+0,0,0,0,0,0,0,-0.0024432140*J1^2*J2^2+0.0015035163*J1^1*J2^3+0.0011276372*J2^4+0,0.0028211806*J1^2*J2^2+-0.0017361111*J1^1*J2^3+-0.0009765625*J2^4+0,0,0,0,0,0,0,-0.0011276372*J1^2*J2^2+-0.0015035163*J1^1*J2^3+0.0024432140*J2^4+0,0.0009765625*J1^2*J2^2+0.0017361111*J1^1*J2^3+-0.0028211806*J2^4+0,0,0,0,0,0,0,0.0026578665*J1^2*J2^2+-0.0026578665*J2^4+0,-0.0026086839*J1^2*J2^2+0.0026086839*J2^4+0,0,0,0,0,0,0,0,0,0,0,0,0,0,0,0,0,0,0,0,0,0,0,0,0,0,0,0,0,0,0,0,0,0,0,0,0,0,0,0,0,0,0,0,0,0,0,0,0,0,0},
{0,0,0,0,0,0,-0.0018376311*J1^1*J2^3+0,-0.0005304784*J1^2*J2^2+-0.0005304784*J2^4+0,0,0,0,0,0,0,0.0016705737*J1^2*J2^2+0.0016705737*J2^4+0,0.0019290123*J1^1*J2^3+0,0,0,0,0,0,0,0.0000147659*J1^2*J2^2+-0.0010926784*J1^1*J2^3+0.0000147659*J2^4+0,-0.0003154291*J1^2*J2^2+0.0000170502*J1^1*J2^3+-0.0003154291*J2^4+0,0,0,0,0,0,0,-0.0001879395*J1^2*J2^2+0,-0.0008680556*J1^1*J2^3+0.0007595486*J2^4+0,0,0,0,0,0,0,0.0001879395*J2^4+0,-0.0007595486*J1^2*J2^2+0.0008680556*J1^1*J2^3+0,0,0,0,0,0,0,0,0.0004603560*J1^2*J2^2+-0.0004603560*J2^4+0,0,0,0,0,0,0,0,0,0,0,0,0,0,0,0,0,0,0,0,0,0,0,0,0,0,0,0,0,0,0,0,0,0,0,0,0,0,0,0,0,0,0,0,0,0,0,0,0},
{0,0,0,0,0,0,-0.0009765625*J1^2*J2^2+0.0008921682*J1^1*J2^3+-0.0009765625*J2^4+0,0.0002575468*J1^2*J2^2+-0.0011276372*J1^1*J2^3+0.0002575468*J2^4+0,0,0,0,0,0,0,-0.0000120563*J1^2*J2^2+0.0019531250*J1^1*J2^3+-0.0000120563*J2^4+0,0.0005638186*J1^2*J2^2+-0.0000139214*J1^1*J2^3+0.0005638186*J2^4+0,0,0,0,0,0,0,-0.0013725428*J1^2*J2^2+0.0021312777*J1^1*J2^3+-0.0013725428*J2^4+0,0.0006152469*J1^2*J2^2+-0.0015848759*J1^1*J2^3+0.0006152469*J2^4+0,0,0,0,0,0,0,-0.0008680556*J1^1*J2^3+0.0007595486*J2^4+0,-0.0001879395*J1^2*J2^2+0.0010023442*J1^1*J2^3+-0.0008770512*J2^4+0,0,0,0,0,0,0,-0.0007595486*J1^2*J2^2+0.0008680556*J1^1*J2^3+0,0.0008770512*J1^2*J2^2+-0.0010023442*J1^1*J2^3+0.0001879395*J2^4+0,0,0,0,0,0,0,0.0004603560*J1^2*J2^2+-0.0004603560*J2^4+0,-0.0005315733*J1^2*J2^2+0.0005315733*J2^4+0,0,0,0,0,0,0,0,0,0,0,0,0,0,0,0,0,0,0,0,0,0,0,0,0,0,0,0,0,0,0,0,0,0,0,0,0,0,0,0,0,0,0,0,0,0,0,0,0},
{0,0,0,0,0,0,-0.0005304784*J1^2*J2^2+-0.0005304784*J2^4+0,0.0006125437*J1^2*J2^2+-0.0018376311*J1^1*J2^3+0.0006125437*J2^4+0,0,0,0,0,0,0,0.0019290123*J1^1*J2^3+0,0.0016705737*J1^2*J2^2+-0.0022274316*J1^1*J2^3+0.0016705737*J2^4+0,0,0,0,0,0,0,-0.0003154291*J1^2*J2^2+0.0000170502*J1^1*J2^3+-0.0003154291*J2^4+0,0.0003789921*J1^2*J2^2+-0.0011123663*J1^1*J2^3+0.0003789921*J2^4+0,0,0,0,0,0,0,-0.0001085069*J2^4+0,0.0008144047*J1^2*J2^2+-0.0005011721*J1^1*J2^3+-0.0003758791*J2^4+0,0,0,0,0,0,0,0.0001085069*J1^2*J2^2+0,0.0003758791*J1^2*J2^2+0.0005011721*J1^1*J2^3+-0.0008144047*J2^4+0,0,0,0,0,0,0,-0.0001534520*J1^2*J2^2+0.0001534520*J2^4+0,-0.0008859555*J1^2*J2^2+0.0008859555*J2^4+0,0,0,0,0,0,0,0,0,0,0,0,0,0,0,0,0,0,0,0,0,0,0,0,0,0,0,0,0,0,0,0,0,0,0,0,0,0,0,0,0,0,0,0,0,0,0,0,0},
{0,0,0,0,0,0,0.0002575468*J1^2*J2^2+-0.0011276372*J1^1*J2^3+0.0002575468*J2^4+0,-0.0012739519*J1^2*J2^2+0.0021942515*J1^1*J2^3+-0.0012739519*J2^4+0,0,0,0,0,0,0,0.0005638186*J1^2*J2^2+-0.0000139214*J1^1*J2^3+0.0005638186*J2^4+0,-0.0006630980*J1^2*J2^2+0.0019692001*J1^1*J2^3+-0.0006630980*J2^4+0,0,0,0,0,0,0,0.0006152469*J1^2*J2^2+-0.0015848759*J1^1*J2^3+0.0006152469*J2^4+0,-0.0020829687*J1^2*J2^2+0.0039613348*J1^1*J2^3+-0.0020829687*J2^4+0,0,0,0,0,0,0,0.0008144047*J1^2*J2^2+-0.0005011721*J1^1*J2^3+-0.0003758791*J2^4+0,-0.0009403935*J1^2*J2^2+0.0005787037*J1^1*J2^3+0.0003255208*J2^4+0,0,0,0,0,0,0,0.0003758791*J1^2*J2^2+0.0005011721*J1^1*J2^3+-0.0008144047*J2^4+0,-0.0003255208*J1^2*J2^2+-0.0005787037*J1^1*J2^3+0.0009403935*J2^4+0,0,0,0,0,0,0,-0.0008859555*J1^2*J2^2+0.0008859555*J2^4+0,0.0008695613*J1^2*J2^2+-0.0008695613*J2^4+0,0,0,0,0,0,0,0,0,0,0,0,0,0,0,0,0,0,0,0,0,0,0,0,0,0,0,0,0,0,0,0,0,0,0,0,0,0,0,0,0,0,0,0,0,0,0,0,0},
{-0.0095486111*J1^1*J2^3+0,-0.0027564466*J1^2*J2^2+-0.0027564466*J2^4+0,0,0,0,0,0,0,0.0086805556*J1^2*J2^2+0.0086805556*J2^4+0,0.0100234422*J1^1*J2^3+0,0,0,0,0,0,0,0.0000767260*J1^2*J2^2+-0.0056777237*J1^1*J2^3+0.0000767260*J2^4+0,-0.0016390177*J1^2*J2^2+0.0000885955*J1^1*J2^3+-0.0016390177*J2^4+0,0,0,0,0,0,0,-0.0009765625*J1^2*J2^2+0,-0.0045105490*J1^1*J2^3+0.0039467304*J2^4+0,0,0,0,0,0,0,0.0009765625*J2^4+0,-0.0039467304*J1^2*J2^2+0.0045105490*J1^1*J2^3+0,0,0,0,0,0,0,0,0.0023920798*J1^2*J2^2+-0.0023920798*J2^4+0,0,0,0,0,0,0,0,0,0,0,0,0,0,0,0,0,0,0,0,0,0,0,0,0,0,0,0,0,0,0,0,0,0,0,0,0,0,0,0,0,0,0,0,0,0,0,0,0,0,0,0,0,0,0},
{-0.0050743676*J1^2*J2^2+0.0046358420*J1^1*J2^3+-0.0050743676*J2^4+0,0.0013382523*J1^2*J2^2+-0.0058593750*J1^1*J2^3+0.0013382523*J2^4+0,0,0,0,0,0,0,-0.0000626465*J1^2*J2^2+0.0101487352*J1^1*J2^3+-0.0000626465*J2^4+0,0.0029296875*J1^2*J2^2+-0.0000723380*J1^1*J2^3+0.0029296875*J2^4+0,0,0,0,0,0,0,-0.0071319417*J1^2*J2^2+0.0110744436*J1^1*J2^3+-0.0071319417*J2^4+0,0.0031969165*J1^2*J2^2+-0.0082352569*J1^1*J2^3+0.0031969165*J2^4+0,0,0,0,0,0,0,-0.0045105490*J1^1*J2^3+0.0039467304*J2^4+0,-0.0009765625*J1^2*J2^2+0.0052083333*J1^1*J2^3+-0.0045572917*J2^4+0,0,0,0,0,0,0,-0.0039467304*J1^2*J2^2+0.0045105490*J1^1*J2^3+0,0.0045572917*J1^2*J2^2+-0.0052083333*J1^1*J2^3+0.0009765625*J2^4+0,0,0,0,0,0,0,0.0023920798*J1^2*J2^2+-0.0023920798*J2^4+0,-0.0027621359*J1^2*J2^2+0.0027621359*J2^4+0,0,0,0,0,0,0,0,0,0,0,0,0,0,0,0,0,0,0,0,0,0,0,0,0,0,0,0,0,0,0,0,0,0,0,0,0,0,0,0,0,0,0,0,0,0,0,0,0,0,0,0,0,0,0},
{-0.0027564466*J1^2*J2^2+-0.0027564466*J2^4+0,0.0031828704*J1^2*J2^2+-0.0095486111*J1^1*J2^3+0.0031828704*J2^4+0,0,0,0,0,0,0,0.0100234422*J1^1*J2^3+0,0.0086805556*J1^2*J2^2+-0.0115740741*J1^1*J2^3+0.0086805556*J2^4+0,0,0,0,0,0,0,-0.0016390177*J1^2*J2^2+0.0000885955*J1^1*J2^3+-0.0016390177*J2^4+0,0.0019693006*J1^2*J2^2+-0.0057800250*J1^1*J2^3+0.0019693006*J2^4+0,0,0,0,0,0,0,-0.0005638186*J2^4+0,0.0042317708*J1^2*J2^2+-0.0026041667*J1^1*J2^3+-0.0019531250*J2^4+0,0,0,0,0,0,0,0.0005638186*J1^2*J2^2+0,0.0019531250*J1^2*J2^2+0.0026041667*J1^1*J2^3+-0.0042317708*J2^4+0,0,0,0,0,0,0,-0.0007973599*J1^2*J2^2+0.0007973599*J2^4+0,-0.0046035598*J1^2*J2^2+0.0046035598*J2^4+0,0,0,0,0,0,0,0,0,0,0,0,0,0,0,0,0,0,0,0,0,0,0,0,0,0,0,0,0,0,0,0,0,0,0,0,0,0,0,0,0,0,0,0,0,0,0,0,0,0,0,0,0,0,0},
{0.0013382523*J1^2*J2^2+-0.0058593750*J1^1*J2^3+0.0013382523*J2^4+0,-0.0066196483*J1^2*J2^2+0.0114016655*J1^1*J2^3+-0.0066196483*J2^4+0,0,0,0,0,0,0,0.0029296875*J1^2*J2^2+-0.0000723380*J1^1*J2^3+0.0029296875*J2^4+0,-0.0034455582*J1^2*J2^2+0.0102322639*J1^1*J2^3+-0.0034455582*J2^4+0,0,0,0,0,0,0,0.0031969165*J1^2*J2^2+-0.0082352569*J1^1*J2^3+0.0031969165*J2^4+0,-0.0108234229*J1^2*J2^2+0.0205836993*J1^1*J2^3+-0.0108234229*J2^4+0,0,0,0,0,0,0,0.0042317708*J1^2*J2^2+-0.0026041667*J1^1*J2^3+-0.0019531250*J2^4+0,-0.0048864281*J1^2*J2^2+0.0030070327*J1^1*J2^3+0.0016914559*J2^4+0,0,0,0,0,0,0,0.0019531250*J1^2*J2^2+0.0026041667*J1^1*J2^3+-0.0042317708*J2^4+0,-0.0016914559*J1^2*J2^2+-0.0030070327*J1^1*J2^3+0.0048864281*J2^4+0,0,0,0,0,0,0,-0.0046035598*J1^2*J2^2+0.0046035598*J2^4+0,0.0045183730*J1^2*J2^2+-0.0045183730*J2^4+0,0,0,0,0,0,0,0,0,0,0,0,0,0,0,0,0,0,0,0,0,0,0,0,0,0,0,0,0,0,0,0,0,0,0,0,0,0,0,0,0,0,0,0,0,0,0,0,0,0,0,0,0,0,0},
{0,0,0.0031828704*J1^1*J2^3+0,0.0009188155*J1^2*J2^2+0.0009188155*J2^4+0,0,0,0,0,0,0,-0.0028935185*J1^2*J2^2+-0.0028935185*J2^4+0,-0.0033411474*J1^1*J2^3+0,0,0,0,0,0,0,-0.0000255753*J1^2*J2^2+0.0018925746*J1^1*J2^3+-0.0000255753*J2^4+0,0.0005463392*J1^2*J2^2+-0.0000295318*J1^1*J2^3+0.0005463392*J2^4+0,0,0,0,0,0,0,0.0003255208*J1^2*J2^2+0,0.0015035163*J1^1*J2^3+-0.0013155768*J2^4+0,0,0,0,0,0,0,-0.0003255208*J2^4+0,0.0013155768*J1^2*J2^2+-0.0015035163*J1^1*J2^3+0,0,0,0,0,0,0,0,-0.0007973599*J1^2*J2^2+0.0007973599*J2^4+0,0,0,0,0,0,0,0,0,0,0,0,0,0,0,0,0,0,0,0,0,0,0,0,0,0,0,0,0,0,0,0,0,0,0,0,0,0,0,0,0,0,0,0,0,0,0,0,0,0,0,0,0},
{0,0,0.0016914559*J1^2*J2^2+-0.0015452807*J1^1*J2^3+0.0016914559*J2^4+0,-0.0004460841*J1^2*J2^2+0.0019531250*J1^1*J2^3+-0.0004460841*J2^4+0,0,0,0,0,0,0,0.0000208822*J1^2*J2^2+-0.0033829117*J1^1*J2^3+0.0000208822*J2^4+0,-0.0009765625*J1^2*J2^2+0.0000241127*J1^1*J2^3+-0.0009765625*J2^4+0,0,0,0,0,0,0,0.0023773139*J1^2*J2^2+-0.0036914812*J1^1*J2^3+0.0023773139*J2^4+0,-0.0010656388*J1^2*J2^2+0.0027450856*J1^1*J2^3+-0.0010656388*J2^4+0,0,0,0,0,0,0,0.0015035163*J1^1*J2^3+-0.0013155768*J2^4+0,0.0003255208*J1^2*J2^2+-0.0017361111*J1^1*J2^3+0.0015190972*J2^4+0,0,0,0,0,0,0,0.0013155768*J1^2*J2^2+-0.0015035163*J1^1*J2^3+0,-0.0015190972*J1^2*J2^2+0.0017361111*J1^1*J2^3+-0.0003255208*J2^4+0,0,0,0,0,0,0,-0.0007973599*J1^2*J2^2+0.0007973599*J2^4+0,0.0009207120*J1^2*J2^2+-0.0009207120*J2^4+0,0,0,0,0,0,0,0,0,0,0,0,0,0,0,0,0,0,0,0,0,0,0,0,0,0,0,0,0,0,0,0,0,0,0,0,0,0,0,0,0,0,0,0,0,0,0,0,0,0,0,0,0},
{0,0,0.0009188155*J1^2*J2^2+0.0009188155*J2^4+0,-0.0010609568*J1^2*J2^2+0.0031828704*J1^1*J2^3+-0.0010609568*J2^4+0,0,0,0,0,0,0,-0.0033411474*J1^1*J2^3+0,-0.0028935185*J1^2*J2^2+0.0038580247*J1^1*J2^3+-0.0028935185*J2^4+0,0,0,0,0,0,0,0.0005463392*J1^2*J2^2+-0.0000295318*J1^1*J2^3+0.0005463392*J2^4+0,-0.0006564335*J1^2*J2^2+0.0019266750*J1^1*J2^3+-0.0006564335*J2^4+0,0,0,0,0,0,0,0.0001879395*J2^4+0,-0.0014105903*J1^2*J2^2+0.0008680556*J1^1*J2^3+0.0006510417*J2^4+0,0,0,0,0,0,0,-0.0001879395*J1^2*J2^2+0,-0.0006510417*J1^2*J2^2+-0.0008680556*J1^1*J2^3+0.0014105903*J2^4+0,0,0,0,0,0,0,0.0002657866*J1^2*J2^2+-0.0002657866*J2^4+0,0.0015345199*J1^2*J2^2+-0.0015345199*J2^4+0,0,0,0,0,0,0,0,0,0,0,0,0,0,0,0,0,0,0,0,0,0,0,0,0,0,0,0,0,0,0,0,0,0,0,0,0,0,0,0,0,0,0,0,0,0,0,0,0,0,0,0,0},
{0,0,-0.0004460841*J1^2*J2^2+0.0019531250*J1^1*J2^3+-0.0004460841*J2^4+0,0.0022065494*J1^2*J2^2+-0.0038005552*J1^1*J2^3+0.0022065494*J2^4+0,0,0,0,0,0,0,-0.0009765625*J1^2*J2^2+0.0000241127*J1^1*J2^3+-0.0009765625*J2^4+0,0.0011485194*J1^2*J2^2+-0.0034107546*J1^1*J2^3+0.0011485194*J2^4+0,0,0,0,0,0,0,-0.0010656388*J1^2*J2^2+0.0027450856*J1^1*J2^3+-0.0010656388*J2^4+0,0.0036078076*J1^2*J2^2+-0.0068612331*J1^1*J2^3+0.0036078076*J2^4+0,0,0,0,0,0,0,-0.0014105903*J1^2*J2^2+0.0008680556*J1^1*J2^3+0.0006510417*J2^4+0,0.0016288094*J1^2*J2^2+-0.0010023442*J1^1*J2^3+-0.0005638186*J2^4+0,0,0,0,0,0,0,-0.0006510417*J1^2*J2^2+-0.0008680556*J1^1*J2^3+0.0014105903*J2^4+0,0.0005638186*J1^2*J2^2+0.0010023442*J1^1*J2^3+-0.0016288094*J2^4+0,0,0,0,0,0,0,0.0015345199*J1^2*J2^2+-0.0015345199*J2^4+0,-0.0015061243*J1^2*J2^2+0.0015061243*J2^4+0,0,0,0,0,0,0,0,0,0,0,0,0,0,0,0,0,0,0,0,0,0,0,0,0,0,0,0,0,0,0,0,0,0,0,0,0,0,0,0,0,0,0,0,0,0,0,0,0,0,0,0,0},
{0,0,0,0,-0.0077964083*J1^1*J2^3+0,-0.0022506292*J1^2*J2^2+-0.0022506292*J2^4+0,0,0,0,0,0,0,0.0070876439*J1^2*J2^2+0.0070876439*J2^4+0,0.0081841063*J1^1*J2^3+0,0,0,0,0,0,0,0.0000626465*J1^2*J2^2+-0.0046358420*J1^1*J2^3+0.0000626465*J2^4+0,-0.0013382523*J1^2*J2^2+0.0000723380*J1^1*J2^3+-0.0013382523*J2^4+0,0,0,0,0,0,0,-0.0007973599*J1^2*J2^2+0,-0.0036828478*J1^1*J2^3+0.0032224918*J2^4+0,0,0,0,0,0,0,0.0007973599*J2^4+0,-0.0032224918*J1^2*J2^2+0.0036828478*J1^1*J2^3+0,0,0,0,0,0,0,0,0.0019531250*J1^2*J2^2+-0.0019531250*J2^4+0,0,0,0,0,0,0,0,0,0,0,0,0,0,0,0,0,0,0,0,0,0,0,0,0,0,0,0,0,0,0,0,0,0,0,0,0,0,0,0,0,0,0,0,0,0,0,0,0,0,0},
{0,0,0,0,-0.0041432038*J1^2*J2^2+0.0037851491*J1^1*J2^3+-0.0041432038*J2^4+0,0.0010926784*J1^2*J2^2+-0.0047841597*J1^1*J2^3+0.0010926784*J2^4+0,0,0,0,0,0,0,-0.0000511507*J1^2*J2^2+0.0082864076*J1^1*J2^3+-0.0000511507*J2^4+0,0.0023920798*J1^2*J2^2+-0.0000590637*J1^1*J2^3+0.0023920798*J2^4+0,0,0,0,0,0,0,-0.0058232060*J1^2*J2^2+0.0090422454*J1^1*J2^3+-0.0058232060*J2^4+0,0.0026102714*J1^2*J2^2+-0.0067240591*J1^1*J2^3+0.0026102714*J2^4+0,0,0,0,0,0,0,-0.0036828478*J1^1*J2^3+0.0032224918*J2^4+0,-0.0007973599*J1^2*J2^2+0.0042525864*J1^1*J2^3+-0.0037210131*J2^4+0,0,0,0,0,0,0,-0.0032224918*J1^2*J2^2+0.0036828478*J1^1*J2^3+0,0.0037210131*J1^2*J2^2+-0.0042525864*J1^1*J2^3+0.0007973599*J2^4+0,0,0,0,0,0,0,0.0019531250*J1^2*J2^2+-0.0019531250*J2^4+0,-0.0022552745*J1^2*J2^2+0.0022552745*J2^4+0,0,0,0,0,0,0,0,0,0,0,0,0,0,0,0,0,0,0,0,0,0,0,0,0,0,0,0,0,0,0,0,0,0,0,0,0,0,0,0,0,0,0,0,0,0,0,0,0,0,0},
{0,0,0,0,-0.0022506292*J1^2*J2^2+-0.0022506292*J2^4+0,0.0025988028*J1^2*J2^2+-0.0077964083*J1^1*J2^3+0.0025988028*J2^4+0,0,0,0,0,0,0,0.0081841063*J1^1*J2^3+0,0.0070876439*J1^2*J2^2+-0.0094501919*J1^1*J2^3+0.0070876439*J2^4+0,0,0,0,0,0,0,-0.0013382523*J1^2*J2^2+0.0000723380*J1^1*J2^3+-0.0013382523*J2^4+0,0.0016079272*J1^2*J2^2+-0.0047193707*J1^1*J2^3+0.0016079272*J2^4+0,0,0,0,0,0,0,-0.0004603560*J2^4+0,0.0034552264*J1^2*J2^2+-0.0021262932*J1^1*J2^3+-0.0015947199*J2^4+0,0,0,0,0,0,0,0.0004603560*J1^2*J2^2+0,0.0015947199*J1^2*J2^2+0.0021262932*J1^1*J2^3+-0.0034552264*J2^4+0,0,0,0,0,0,0,-0.0006510417*J1^2*J2^2+0.0006510417*J2^4+0,-0.0037587908*J1^2*J2^2+0.0037587908*J2^4+0,0,0,0,0,0,0,0,0,0,0,0,0,0,0,0,0,0,0,0,0,0,0,0,0,0,0,0,0,0,0,0,0,0,0,0,0,0,0,0,0,0,0,0,0,0,0,0,0,0,0},
{0,0,0,0,0.0010926784*J1^2*J2^2+-0.0047841597*J1^1*J2^3+0.0010926784*J2^4+0,-0.0054049202*J1^2*J2^2+0.0093094209*J1^1*J2^3+-0.0054049202*J2^4+0,0,0,0,0,0,0,0.0023920798*J1^2*J2^2+-0.0000590637*J1^1*J2^3+0.0023920798*J2^4+0,-0.0028132865*J1^2*J2^2+0.0083546085*J1^1*J2^3+-0.0028132865*J2^4+0,0,0,0,0,0,0,0.0026102714*J1^2*J2^2+-0.0067240591*J1^1*J2^3+0.0026102714*J2^4+0,-0.0088372878*J1^2*J2^2+0.0168065201*J1^1*J2^3+-0.0088372878*J2^4+0,0,0,0,0,0,0,0.0034552264*J1^2*J2^2+-0.0021262932*J1^1*J2^3+-0.0015947199*J2^4+0,-0.0039897518*J1^2*J2^2+0.0024552319*J1^1*J2^3+0.0013810679*J2^4+0,0,0,0,0,0,0,0.0015947199*J1^2*J2^2+0.0021262932*J1^1*J2^3+-0.0034552264*J2^4+0,-0.0013810679*J1^2*J2^2+-0.0024552319*J1^1*J2^3+0.0039897518*J2^4+0,0,0,0,0,0,0,-0.0037587908*J1^2*J2^2+0.0037587908*J2^4+0,0.0036892361*J1^2*J2^2+-0.0036892361*J2^4+0,0,0,0,0,0,0,0,0,0,0,0,0,0,0,0,0,0,0,0,0,0,0,0,0,0,0,0,0,0,0,0,0,0,0,0,0,0,0,0,0,0,0,0,0,0,0,0,0,0,0},
{0,0,0,0,0,0,0.0025988028*J1^1*J2^3+0,0.0007502097*J1^2*J2^2+0.0007502097*J2^4+0,0,0,0,0,0,0,-0.0023625480*J1^2*J2^2+-0.0023625480*J2^4+0,-0.0027280354*J1^1*J2^3+0,0,0,0,0,0,0,-0.0000208822*J1^2*J2^2+0.0015452807*J1^1*J2^3+-0.0000208822*J2^4+0,0.0004460841*J1^2*J2^2+-0.0000241127*J1^1*J2^3+0.0004460841*J2^4+0,0,0,0,0,0,0,0.0002657866*J1^2*J2^2+0,0.0012276159*J1^1*J2^3+-0.0010741639*J2^4+0,0,0,0,0,0,0,-0.0002657866*J2^4+0,0.0010741639*J1^2*J2^2+-0.0012276159*J1^1*J2^3+0,0,0,0,0,0,0,0,-0.0006510417*J1^2*J2^2+0.0006510417*J2^4+0,0,0,0,0,0,0,0,0,0,0,0,0,0,0,0,0,0,0,0,0,0,0,0,0,0,0,0,0,0,0,0,0,0,0,0,0,0,0,0,0,0,0,0,0,0,0,0,0},
{0,0,0,0,0,0,0.0013810679*J1^2*J2^2+-0.0012617164*J1^1*J2^3+0.0013810679*J2^4+0,-0.0003642261*J1^2*J2^2+0.0015947199*J1^1*J2^3+-0.0003642261*J2^4+0,0,0,0,0,0,0,0.0000170502*J1^2*J2^2+-0.0027621359*J1^1*J2^3+0.0000170502*J2^4+0,-0.0007973599*J1^2*J2^2+0.0000196879*J1^1*J2^3+-0.0007973599*J2^4+0,0,0,0,0,0,0,0.0019410687*J1^2*J2^2+-0.0030140818*J1^1*J2^3+0.0019410687*J2^4+0,-0.0008700905*J1^2*J2^2+0.0022413530*J1^1*J2^3+-0.0008700905*J2^4+0,0,0,0,0,0,0,0.0012276159*J1^1*J2^3+-0.0010741639*J2^4+0,0.0002657866*J1^2*J2^2+-0.0014175288*J1^1*J2^3+0.0012403377*J2^4+0,0,0,0,0,0,0,0.0010741639*J1^2*J2^2+-0.0012276159*J1^1*J2^3+0,-0.0012403377*J1^2*J2^2+0.0014175288*J1^1*J2^3+-0.0002657866*J2^4+0,0,0,0,0,0,0,-0.0006510417*J1^2*J2^2+0.0006510417*J2^4+0,0.0007517582*J1^2*J2^2+-0.0007517582*J2^4+0,0,0,0,0,0,0,0,0,0,0,0,0,0,0,0,0,0,0,0,0,0,0,0,0,0,0,0,0,0,0,0,0,0,0,0,0,0,0,0,0,0,0,0,0,0,0,0,0},
{0,0,0,0,0,0,0.0007502097*J1^2*J2^2+0.0007502097*J2^4+0,-0.0008662676*J1^2*J2^2+0.0025988028*J1^1*J2^3+-0.0008662676*J2^4+0,0,0,0,0,0,0,-0.0027280354*J1^1*J2^3+0,-0.0023625480*J1^2*J2^2+0.0031500640*J1^1*J2^3+-0.0023625480*J2^4+0,0,0,0,0,0,0,0.0004460841*J1^2*J2^2+-0.0000241127*J1^1*J2^3+0.0004460841*J2^4+0,-0.0005359757*J1^2*J2^2+0.0015731236*J1^1*J2^3+-0.0005359757*J2^4+0,0,0,0,0,0,0,0.0001534520*J2^4+0,-0.0011517421*J1^2*J2^2+0.0007087644*J1^1*J2^3+0.0005315733*J2^4+0,0,0,0,0,0,0,-0.0001534520*J1^2*J2^2+0,-0.0005315733*J1^2*J2^2+-0.0007087644*J1^1*J2^3+0.0011517421*J2^4+0,0,0,0,0,0,0,0.0002170139*J1^2*J2^2+-0.0002170139*J2^4+0,0.0012529303*J1^2*J2^2+-0.0012529303*J2^4+0,0,0,0,0,0,0,0,0,0,0,0,0,0,0,0,0,0,0,0,0,0,0,0,0,0,0,0,0,0,0,0,0,0,0,0,0,0,0,0,0,0,0,0,0,0,0,0,0},
{0,0,0,0,0,0,-0.0003642261*J1^2*J2^2+0.0015947199*J1^1*J2^3+-0.0003642261*J2^4+0,0.0018016401*J1^2*J2^2+-0.0031031403*J1^1*J2^3+0.0018016401*J2^4+0,0,0,0,0,0,0,-0.0007973599*J1^2*J2^2+0.0000196879*J1^1*J2^3+-0.0007973599*J2^4+0,0.0009377622*J1^2*J2^2+-0.0027848695*J1^1*J2^3+0.0009377622*J2^4+0,0,0,0,0,0,0,-0.0008700905*J1^2*J2^2+0.0022413530*J1^1*J2^3+-0.0008700905*J2^4+0,0.0029457626*J1^2*J2^2+-0.0056021734*J1^1*J2^3+0.0029457626*J2^4+0,0,0,0,0,0,0,-0.0011517421*J1^2*J2^2+0.0007087644*J1^1*J2^3+0.0005315733*J2^4+0,0.0013299173*J1^2*J2^2+-0.0008184106*J1^1*J2^3+-0.0004603560*J2^4+0,0,0,0,0,0,0,-0.0005315733*J1^2*J2^2+-0.0007087644*J1^1*J2^3+0.0011517421*J2^4+0,0.0004603560*J1^2*J2^2+0.0008184106*J1^1*J2^3+-0.0013299173*J2^4+0,0,0,0,0,0,0,0.0012529303*J1^2*J2^2+-0.0012529303*J2^4+0,-0.0012297454*J1^2*J2^2+0.0012297454*J2^4+0,0,0,0,0,0,0,0,0,0,0,0,0,0,0,0,0,0,0,0,0,0,0,0,0,0,0,0,0,0,0,0,0,0,0,0,0,0,0,0,0,0,0,0,0,0,0,0,0}
}