96
{{0,0,0,0,0,0,0,0,0,0,0,0,0,0,0,0,0,0,0,0,0,0,0,0,0,0,0,0,0,0,0,0,0,0,0,0,0,0,0,0,0,0,0,0,0,0,0,0,0.0003797743*J2^4+0,0,0.0002192628*J1^1*J2^3+0,0,0,0,0,0,-0.0004882812*J1^1*J2^3+0,0,-0.0002819093*J2^4+0,0,0,0,0,0,0.0000767260*J2^4+0,0,0.0000442978*J1^1*J2^3+0,0,0,0,0,0,0,0,0,0,0,0,0,0,0.0068359375*J1^1*J2^3+0,0,0.0039467304*J2^4+0,0,0.0039467304*J2^4+0,0,0.0022786458*J1^1*J2^3+0,0,0,0,0,0,0,0,0,0},
{0,0,0,0,0,0,0,0,0,0,0,0,0,0,0,0,0,0,0,0,0,0,0,0,0,0,0,0,0,0,0,0,0,0,0,0,0,0,0,0,0,0,0,0,0,0,0,0,0.0002192628*J1^1*J2^3+0,0,-0.0002531829*J1^1*J2^3+0.0003797743*J2^4+0,0,0,0,0,0,-0.0002819093*J2^4+0,0,-0.0004882813*J1^1*J2^3+0.0003255208*J2^4+0,0,0,0,0,0,0.0000442978*J1^1*J2^3+0,0,-0.0000511507*J1^1*J2^3+0.0000767260*J2^4+0,0,0,0,0,0,0,0,0,0,0,0,0,0,0.0039467304*J2^4+0,0,0.0068359375*J1^1*J2^3+-0.0045572917*J2^4+0,0,0.0022786458*J1^1*J2^3+0,0,-0.0026311536*J1^1*J2^3+0.0039467304*J2^4+0,0,0,0,0,0,0,0,0,0},
{0,0,0,0,0,0,0,0,0,0,0,0,0,0,0,0,0,0,0,0,0,0,0,0,0,0,0,0,0,0,0,0,0,0,0,0,0,0,0,0,0,0,0,0,0,0,0,0,0.0001566163*J1^1*J2^3+0.0000626465*J2^4+0,0,0.0000361690*J1^1*J2^3+0.0000904225*J2^4+0,0,0,0,0,0,-0.0002819093*J2^4+0,0,-0.0001627604*J1^1*J2^3+0,0,0,0,0,0,-0.0003100844*J1^1*J2^3+0.0003543822*J2^4+0,0,0.0002046027*J1^1*J2^3+-0.0001790273*J2^4+0,0,0,0,0,0,0,0,0,0,0,0,0,0,0.0039467304*J2^4+0,0,0.0022786458*J1^1*J2^3+0,0,-0.0022786458*J1^1*J2^3+0.0045572917*J2^4+0,0,0.0026311536*J1^1*J2^3+-0.0013155768*J2^4+0,0,0,0,0,0,0,0,0,0},
{0,0,0,0,0,0,0,0,0,0,0,0,0,0,0,0,0,0,0,0,0,0,0,0,0,0,0,0,0,0,0,0,0,0,0,0,0,0,0,0,0,0,0,0,0,0,0,0,0.0000361690*J1^1*J2^3+0.0000904225*J2^4+0,0,0.0001148519*J1^1*J2^3+-0.0000417643*J2^4+0,0,0,0,0,0,-0.0001627604*J1^1*J2^3+0,0,0.0001879395*J1^1*J2^3+-0.0002819093*J2^4+0,0,0,0,0,0,0.0002046027*J1^1*J2^3+-0.0001790273*J2^4+0,0,-0.0005463392*J1^1*J2^3+0.0005611051*J2^4+0,0,0,0,0,0,0,0,0,0,0,0,0,0,0.0022786458*J1^1*J2^3+0,0,-0.0026311536*J1^1*J2^3+0.0039467304*J2^4+0,0,0.0026311536*J1^1*J2^3+-0.0013155768*J2^4+0,0,-0.0053168403*J1^1*J2^3+0.0060763889*J2^4+0,0,0,0,0,0,0,0,0,0},
{0,0,0,0,0,0,0,0,0,0,0,0,0,0,0,0,0,0,0,0,0,0,0,0,0,0,0,0,0,0,0,0,0,0,0,0,0,0,0,0,0,0,0,0,0,0,0,0,0,0,0,0,0.0003797743*J2^4+0,0,0.0002192628*J1^1*J2^3+0,0,0,0,0,0,-0.0004882813*J1^1*J2^3+0,0,-0.0002819093*J2^4+0,0,0,0,0,0,0.0000767260*J2^4+0,0,0.0000442978*J1^1*J2^3+0,0,-0.0039467304*J1^1*J2^3+0,0,-0.0022786458*J2^4+0,0,-0.0022786458*J2^4+0,0,-0.0013155768*J1^1*J2^3+0,0,0,0,0,0,0,0,0,0,0.0055815196*J1^1*J2^3+0,0,0.0032224918*J2^4+0,0,0.0032224918*J2^4+0,0,0.0018605065*J1^1*J2^3+0,0},
{0,0,0,0,0,0,0,0,0,0,0,0,0,0,0,0,0,0,0,0,0,0,0,0,0,0,0,0,0,0,0,0,0,0,0,0,0,0,0,0,0,0,0,0,0,0,0,0,0,0,0,0,0.0002192628*J1^1*J2^3+0,0,-0.0002531829*J1^1*J2^3+0.0003797743*J2^4+0,0,0,0,0,0,-0.0002819093*J2^4+0,0,-0.0004882812*J1^1*J2^3+0.0003255208*J2^4+0,0,0,0,0,0,0.0000442978*J1^1*J2^3+0,0,-0.0000511507*J1^1*J2^3+0.0000767260*J2^4+0,0,-0.0022786458*J2^4+0,0,-0.0039467304*J1^1*J2^3+0.0026311536*J2^4+0,0,-0.0013155768*J1^1*J2^3+0,0,0.0015190972*J1^1*J2^3+-0.0022786458*J2^4+0,0,0,0,0,0,0,0,0,0,0.0032224918*J2^4+0,0,0.0055815196*J1^1*J2^3+-0.0037210131*J2^4+0,0,0.0018605065*J1^1*J2^3+0,0,-0.0021483279*J1^1*J2^3+0.0032224918*J2^4+0,0},
{0,0,0,0,0,0,0,0,0,0,0,0,0,0,0,0,0,0,0,0,0,0,0,0,0,0,0,0,0,0,0,0,0,0,0,0,0,0,0,0,0,0,0,0,0,0,0,0,0,0,0,0,0.0001566163*J1^1*J2^3+0.0000626465*J2^4+0,0,0.0000361690*J1^1*J2^3+0.0000904225*J2^4+0,0,0,0,0,0,-0.0002819093*J2^4+0,0,-0.0001627604*J1^1*J2^3+0,0,0,0,0,0,-0.0003100844*J1^1*J2^3+0.0003543822*J2^4+0,0,0.0002046027*J1^1*J2^3+-0.0001790273*J2^4+0,0,-0.0022786458*J2^4+0,0,-0.0013155768*J1^1*J2^3+0,0,0.0013155768*J1^1*J2^3+-0.0026311536*J2^4+0,0,-0.0015190972*J1^1*J2^3+0.0007595486*J2^4+0,0,0,0,0,0,0,0,0,0,0.0032224918*J2^4+0,0,0.0018605065*J1^1*J2^3+0,0,-0.0018605065*J1^1*J2^3+0.0037210131*J2^4+0,0,0.0021483279*J1^1*J2^3+-0.0010741639*J2^4+0,0},
{0,0,0,0,0,0,0,0,0,0,0,0,0,0,0,0,0,0,0,0,0,0,0,0,0,0,0,0,0,0,0,0,0,0,0,0,0,0,0,0,0,0,0,0,0,0,0,0,0,0,0,0,0.0000361690*J1^1*J2^3+0.0000904225*J2^4+0,0,0.0001148519*J1^1*J2^3+-0.0000417643*J2^4+0,0,0,0,0,0,-0.0001627604*J1^1*J2^3+0,0,0.0001879395*J1^1*J2^3+-0.0002819093*J2^4+0,0,0,0,0,0,0.0002046027*J1^1*J2^3+-0.0001790273*J2^4+0,0,-0.0005463392*J1^1*J2^3+0.0005611051*J2^4+0,0,-0.0013155768*J1^1*J2^3+0,0,0.0015190972*J1^1*J2^3+-0.0022786458*J2^4+0,0,-0.0015190972*J1^1*J2^3+0.0007595486*J2^4+0,0,0.0030696792*J1^1*J2^3+-0.0035082048*J2^4+0,0,0,0,0,0,0,0,0,0,0.0018605065*J1^1*J2^3+0,0,-0.0021483279*J1^1*J2^3+0.0032224918*J2^4+0,0,0.0021483279*J1^1*J2^3+-0.0010741639*J2^4+0,0,-0.0043411819*J1^1*J2^3+0.0049613508*J2^4+0,0},
{0,0,0,0,0,0,0,0,0,0,0,0,0,0,0,0,0,0,0,0,0,0,0,0,0,0,0,0,0,0,0,0,0,0,0,0,0,0,0,0,0,0,0,0,0,0,0,0,0,-0.0002192628*J2^4+0,0,-0.0001265914*J1^1*J2^3+0,0,0,0,0,0,0.0002819093*J1^1*J2^3+0,0,0.0001627604*J2^4+0,0,0,0,0,0,-0.0000442978*J2^4+0,0,-0.0000255753*J1^1*J2^3+0,0,0,0,0,0,0,0,0,0,0,0,0,0,-0.0039467304*J1^1*J2^3+0,0,-0.0022786458*J2^4+0,0,-0.0022786458*J2^4+0,0,-0.0013155768*J1^1*J2^3+0,0,0,0,0,0,0,0,0},
{0,0,0,0,0,0,0,0,0,0,0,0,0,0,0,0,0,0,0,0,0,0,0,0,0,0,0,0,0,0,0,0,0,0,0,0,0,0,0,0,0,0,0,0,0,0,0,0,0,-0.0001265914*J1^1*J2^3+0,0,0.0001461752*J1^1*J2^3+-0.0002192628*J2^4+0,0,0,0,0,0,0.0001627604*J2^4+0,0,0.0002819093*J1^1*J2^3+-0.0001879395*J2^4+0,0,0,0,0,0,-0.0000255753*J1^1*J2^3+0,0,0.0000295318*J1^1*J2^3+-0.0000442978*J2^4+0,0,0,0,0,0,0,0,0,0,0,0,0,0,-0.0022786458*J2^4+0,0,-0.0039467304*J1^1*J2^3+0.0026311536*J2^4+0,0,-0.0013155768*J1^1*J2^3+0,0,0.0015190972*J1^1*J2^3+-0.0022786458*J2^4+0,0,0,0,0,0,0,0,0},
{0,0,0,0,0,0,0,0,0,0,0,0,0,0,0,0,0,0,0,0,0,0,0,0,0,0,0,0,0,0,0,0,0,0,0,0,0,0,0,0,0,0,0,0,0,0,0,0,0,-0.0000904225*J1^1*J2^3+-0.0000361690*J2^4+0,0,-0.0000208822*J1^1*J2^3+-0.0000522054*J2^4+0,0,0,0,0,0,0.0001627604*J2^4+0,0,0.0000939698*J1^1*J2^3+0,0,0,0,0,0,0.0001790273*J1^1*J2^3+-0.0002046027*J2^4+0,0,-0.0001181274*J1^1*J2^3+0.0001033615*J2^4+0,0,0,0,0,0,0,0,0,0,0,0,0,0,-0.0022786458*J2^4+0,0,-0.0013155768*J1^1*J2^3+0,0,0.0013155768*J1^1*J2^3+-0.0026311536*J2^4+0,0,-0.0015190972*J1^1*J2^3+0.0007595486*J2^4+0,0,0,0,0,0,0,0,0},
{0,0,0,0,0,0,0,0,0,0,0,0,0,0,0,0,0,0,0,0,0,0,0,0,0,0,0,0,0,0,0,0,0,0,0,0,0,0,0,0,0,0,0,0,0,0,0,0,0,-0.0000208822*J1^1*J2^3+-0.0000522054*J2^4+0,0,-0.0000663098*J1^1*J2^3+0.0000241127*J2^4+0,0,0,0,0,0,0.0000939698*J1^1*J2^3+0,0,-0.0001085069*J1^1*J2^3+0.0001627604*J2^4+0,0,0,0,0,0,-0.0001181274*J1^1*J2^3+0.0001033615*J2^4+0,0,0.0003154291*J1^1*J2^3+-0.0003239542*J2^4+0,0,0,0,0,0,0,0,0,0,0,0,0,0,-0.0013155768*J1^1*J2^3+0,0,0.0015190972*J1^1*J2^3+-0.0022786458*J2^4+0,0,-0.0015190972*J1^1*J2^3+0.0007595486*J2^4+0,0,0.0030696792*J1^1*J2^3+-0.0035082048*J2^4+0,0,0,0,0,0,0,0,0},
{0,0,0,0,0,0,0,0,0,0,0,0,0,0,0,0,0,0,0,0,0,0,0,0,0,0,0,0,0,0,0,0,0,0,0,0,0,0,0,0,0,0,0,0,0,0,0,0,0,0,0,0,0,-0.0002192628*J2^4+0,0,-0.0001265914*J1^1*J2^3+0,0,0,0,0,0,0.0002819093*J1^1*J2^3+0,0,0.0001627604*J2^4+0,0,0,0,0,0,-0.0000442978*J2^4+0,0,-0.0000255753*J1^1*J2^3+0,0,0.0022786458*J1^1*J2^3+0,0,0.0013155768*J2^4+0,0,0.0013155768*J2^4+0,0,0.0007595486*J1^1*J2^3+0,0,0,0,0,0,0,0,0,0,-0.0032224918*J1^1*J2^3+0,0,-0.0018605065*J2^4+0,0,-0.0018605065*J2^4+0,0,-0.0010741639*J1^1*J2^3+0},
{0,0,0,0,0,0,0,0,0,0,0,0,0,0,0,0,0,0,0,0,0,0,0,0,0,0,0,0,0,0,0,0,0,0,0,0,0,0,0,0,0,0,0,0,0,0,0,0,0,0,0,0,0,-0.0001265914*J1^1*J2^3+0,0,0.0001461752*J1^1*J2^3+-0.0002192628*J2^4+0,0,0,0,0,0,0.0001627604*J2^4+0,0,0.0002819093*J1^1*J2^3+-0.0001879395*J2^4+0,0,0,0,0,0,-0.0000255753*J1^1*J2^3+0,0,0.0000295318*J1^1*J2^3+-0.0000442978*J2^4+0,0,0.0013155768*J2^4+0,0,0.0022786458*J1^1*J2^3+-0.0015190972*J2^4+0,0,0.0007595486*J1^1*J2^3+0,0,-0.0008770512*J1^1*J2^3+0.0013155768*J2^4+0,0,0,0,0,0,0,0,0,0,-0.0018605065*J2^4+0,0,-0.0032224918*J1^1*J2^3+0.0021483279*J2^4+0,0,-0.0010741639*J1^1*J2^3+0,0,0.0012403377*J1^1*J2^3+-0.0018605065*J2^4+0},
{0,0,0,0,0,0,0,0,0,0,0,0,0,0,0,0,0,0,0,0,0,0,0,0,0,0,0,0,0,0,0,0,0,0,0,0,0,0,0,0,0,0,0,0,0,0,0,0,0,0,0,0,0,-0.0000904225*J1^1*J2^3+-0.0000361690*J2^4+0,0,-0.0000208822*J1^1*J2^3+-0.0000522054*J2^4+0,0,0,0,0,0,0.0001627604*J2^4+0,0,0.0000939698*J1^1*J2^3+0,0,0,0,0,0,0.0001790273*J1^1*J2^3+-0.0002046027*J2^4+0,0,-0.0001181274*J1^1*J2^3+0.0001033615*J2^4+0,0,0.0013155768*J2^4+0,0,0.0007595486*J1^1*J2^3+0,0,-0.0007595486*J1^1*J2^3+0.0015190972*J2^4+0,0,0.0008770512*J1^1*J2^3+-0.0004385256*J2^4+0,0,0,0,0,0,0,0,0,0,-0.0018605065*J2^4+0,0,-0.0010741639*J1^1*J2^3+0,0,0.0010741639*J1^1*J2^3+-0.0021483279*J2^4+0,0,-0.0012403377*J1^1*J2^3+0.0006201688*J2^4+0},
{0,0,0,0,0,0,0,0,0,0,0,0,0,0,0,0,0,0,0,0,0,0,0,0,0,0,0,0,0,0,0,0,0,0,0,0,0,0,0,0,0,0,0,0,0,0,0,0,0,0,0,0,0,-0.0000208822*J1^1*J2^3+-0.0000522054*J2^4+0,0,-0.0000663098*J1^1*J2^3+0.0000241127*J2^4+0,0,0,0,0,0,0.0000939698*J1^1*J2^3+0,0,-0.0001085069*J1^1*J2^3+0.0001627604*J2^4+0,0,0,0,0,0,-0.0001181274*J1^1*J2^3+0.0001033615*J2^4+0,0,0.0003154291*J1^1*J2^3+-0.0003239542*J2^4+0,0,0.0007595486*J1^1*J2^3+0,0,-0.0008770512*J1^1*J2^3+0.0013155768*J2^4+0,0,0.0008770512*J1^1*J2^3+-0.0004385256*J2^4+0,0,-0.0017722801*J1^1*J2^3+0.0020254630*J2^4+0,0,0,0,0,0,0,0,0,0,-0.0010741639*J1^1*J2^3+0,0,0.0012403377*J1^1*J2^3+-0.0018605065*J2^4+0,0,-0.0012403377*J1^1*J2^3+0.0006201688*J2^4+0,0,0.0025063825*J1^1*J2^3+-0.0028644372*J2^4+0},
{0,0,0,0,0,0,0,0,0,0,0,0,0,0,0,0,0,0,0,0,0,0,0,0,0,0,0,0,0,0,0,0,0,0,0,0,0,0,0,0,0,0,0,0,0,0,0,0,0,0.0003100844*J2^4+0,0,0.0001790273*J1^1*J2^3+0,0,0,0,0,0,-0.0003986800*J1^1*J2^3+0,0,-0.0002301780*J2^4+0,0,0,0,0,0,0.0000626465*J2^4+0,0,0.0000361690*J1^1*J2^3+0,0,0,0,0,0,0,0,0,0,0,0,0,0,0.0055815196*J1^1*J2^3+0,0,0.0032224918*J2^4+0,0,0.0032224918*J2^4+0,0,0.0018605065*J1^1*J2^3+0,0,0,0,0,0,0,0,0},
{0,0,0,0,0,0,0,0,0,0,0,0,0,0,0,0,0,0,0,0,0,0,0,0,0,0,0,0,0,0,0,0,0,0,0,0,0,0,0,0,0,0,0,0,0,0,0,0,0,0.0001790273*J1^1*J2^3+0,0,-0.0002067229*J1^1*J2^3+0.0003100844*J2^4+0,0,0,0,0,0,-0.0002301780*J2^4+0,0,-0.0003986800*J1^1*J2^3+0.0002657866*J2^4+0,0,0,0,0,0,0.0000361690*J1^1*J2^3+0,0,-0.0000417643*J1^1*J2^3+0.0000626465*J2^4+0,0,0,0,0,0,0,0,0,0,0,0,0,0,0.0032224918*J2^4+0,0,0.0055815196*J1^1*J2^3+-0.0037210131*J2^4+0,0,0.0018605065*J1^1*J2^3+0,0,-0.0021483279*J1^1*J2^3+0.0032224918*J2^4+0,0,0,0,0,0,0,0,0},
{0,0,0,0,0,0,0,0,0,0,0,0,0,0,0,0,0,0,0,0,0,0,0,0,0,0,0,0,0,0,0,0,0,0,0,0,0,0,0,0,0,0,0,0,0,0,0,0,0,0.0001278767*J1^1*J2^3+0.0000511507*J2^4+0,0,0.0000295318*J1^1*J2^3+0.0000738296*J2^4+0,0,0,0,0,0,-0.0002301780*J2^4+0,0,-0.0001328933*J1^1*J2^3+0,0,0,0,0,0,-0.0002531829*J1^1*J2^3+0.0002893519*J2^4+0,0,0.0001670574*J1^1*J2^3+-0.0001461752*J2^4+0,0,0,0,0,0,0,0,0,0,0,0,0,0,0.0032224918*J2^4+0,0,0.0018605065*J1^1*J2^3+0,0,-0.0018605065*J1^1*J2^3+0.0037210131*J2^4+0,0,0.0021483279*J1^1*J2^3+-0.0010741639*J2^4+0,0,0,0,0,0,0,0,0},
{0,0,0,0,0,0,0,0,0,0,0,0,0,0,0,0,0,0,0,0,0,0,0,0,0,0,0,0,0,0,0,0,0,0,0,0,0,0,0,0,0,0,0,0,0,0,0,0,0,0.0000295318*J1^1*J2^3+0.0000738296*J2^4+0,0,0.0000937762*J1^1*J2^3+-0.0000341004*J2^4+0,0,0,0,0,0,-0.0001328933*J1^1*J2^3+0,0,0.0001534520*J1^1*J2^3+-0.0002301780*J2^4+0,0,0,0,0,0,0.0001670574*J1^1*J2^3+-0.0001461752*J2^4+0,0,-0.0004460841*J1^1*J2^3+0.0004581404*J2^4+0,0,0,0,0,0,0,0,0,0,0,0,0,0,0.0018605065*J1^1*J2^3+0,0,-0.0021483279*J1^1*J2^3+0.0032224918*J2^4+0,0,0.0021483279*J1^1*J2^3+-0.0010741639*J2^4+0,0,-0.0043411819*J1^1*J2^3+0.0049613508*J2^4+0,0,0,0,0,0,0,0,0},
{0,0,0,0,0,0,0,0,0,0,0,0,0,0,0,0,0,0,0,0,0,0,0,0,0,0,0,0,0,0,0,0,0,0,0,0,0,0,0,0,0,0,0,0,0,0,0,0,0,0,0,0,0,0.0003100844*J2^4+0,0,0.0001790273*J1^1*J2^3+0,0,0,0,0,0,-0.0003986800*J1^1*J2^3+0,0,-0.0002301780*J2^4+0,0,0,0,0,0,0.0000626465*J2^4+0,0,0.0000361690*J1^1*J2^3+0,0,-0.0032224918*J1^1*J2^3+0,0,-0.0018605065*J2^4+0,0,-0.0018605065*J2^4+0,0,-0.0010741639*J1^1*J2^3+0,0,0,0,0,0,0,0,0,0,0.0045572917*J1^1*J2^3+0,0,0.0026311536*J2^4+0,0,0.0026311536*J2^4+0,0,0.0015190972*J1^1*J2^3+0},
{0,0,0,0,0,0,0,0,0,0,0,0,0,0,0,0,0,0,0,0,0,0,0,0,0,0,0,0,0,0,0,0,0,0,0,0,0,0,0,0,0,0,0,0,0,0,0,0,0,0,0,0,0,0.0001790273*J1^1*J2^3+0,0,-0.0002067229*J1^1*J2^3+0.0003100844*J2^4+0,0,0,0,0,0,-0.0002301780*J2^4+0,0,-0.0003986800*J1^1*J2^3+0.0002657866*J2^4+0,0,0,0,0,0,0.0000361690*J1^1*J2^3+0,0,-0.0000417643*J1^1*J2^3+0.0000626465*J2^4+0,0,-0.0018605065*J2^4+0,0,-0.0032224918*J1^1*J2^3+0.0021483279*J2^4+0,0,-0.0010741639*J1^1*J2^3+0,0,0.0012403377*J1^1*J2^3+-0.0018605065*J2^4+0,0,0,0,0,0,0,0,0,0,0.0026311536*J2^4+0,0,0.0045572917*J1^1*J2^3+-0.0030381944*J2^4+0,0,0.0015190972*J1^1*J2^3+0,0,-0.0017541024*J1^1*J2^3+0.0026311536*J2^4+0},
{0,0,0,0,0,0,0,0,0,0,0,0,0,0,0,0,0,0,0,0,0,0,0,0,0,0,0,0,0,0,0,0,0,0,0,0,0,0,0,0,0,0,0,0,0,0,0,0,0,0,0,0,0,0.0001278767*J1^1*J2^3+0.0000511507*J2^4+0,0,0.0000295318*J1^1*J2^3+0.0000738296*J2^4+0,0,0,0,0,0,-0.0002301780*J2^4+0,0,-0.0001328933*J1^1*J2^3+0,0,0,0,0,0,-0.0002531829*J1^1*J2^3+0.0002893519*J2^4+0,0,0.0001670574*J1^1*J2^3+-0.0001461752*J2^4+0,0,-0.0018605065*J2^4+0,0,-0.0010741639*J1^1*J2^3+0,0,0.0010741639*J1^1*J2^3+-0.0021483279*J2^4+0,0,-0.0012403377*J1^1*J2^3+0.0006201688*J2^4+0,0,0,0,0,0,0,0,0,0,0.0026311536*J2^4+0,0,0.0015190972*J1^1*J2^3+0,0,-0.0015190972*J1^1*J2^3+0.0030381944*J2^4+0,0,0.0017541024*J1^1*J2^3+-0.0008770512*J2^4+0},
{0,0,0,0,0,0,0,0,0,0,0,0,0,0,0,0,0,0,0,0,0,0,0,0,0,0,0,0,0,0,0,0,0,0,0,0,0,0,0,0,0,0,0,0,0,0,0,0,0,0,0,0,0,0.0000295318*J1^1*J2^3+0.0000738296*J2^4+0,0,0.0000937762*J1^1*J2^3+-0.0000341004*J2^4+0,0,0,0,0,0,-0.0001328933*J1^1*J2^3+0,0,0.0001534520*J1^1*J2^3+-0.0002301780*J2^4+0,0,0,0,0,0,0.0001670574*J1^1*J2^3+-0.0001461752*J2^4+0,0,-0.0004460841*J1^1*J2^3+0.0004581404*J2^4+0,0,-0.0010741639*J1^1*J2^3+0,0,0.0012403377*J1^1*J2^3+-0.0018605065*J2^4+0,0,-0.0012403377*J1^1*J2^3+0.0006201688*J2^4+0,0,0.0025063825*J1^1*J2^3+-0.0028644372*J2^4+0,0,0,0,0,0,0,0,0,0,0.0015190972*J1^1*J2^3+0,0,-0.0017541024*J1^1*J2^3+0.0026311536*J2^4+0,0,0.0017541024*J1^1*J2^3+-0.0008770512*J2^4+0,0,-0.0035445602*J1^1*J2^3+0.0040509259*J2^4+0},
{0,0,0,0,0,0,0,0,0,0,0,0,0,0,0,0,0,0,0,0,0,0,0,0,0,0,0,0,0,0,0,0,0,0,0,0,0,0,0,0,0,0,0,0,0,0,0,0,0,0,0,0,0,0,0,0,0,0,0,0,0,0,0,0,0,0,0,0,0,0,0,0,0,0,0,0,0,0,0,0,0,0,0,0,0,0,0,0,0,0,0,0,0,0,0,0},
{0,0,0,0,0,0,0,0,0,0,0,0,0,0,0,0,0,0,0,0,0,0,0,0,0,0,0,0,0,0,0,0,0,0,0,0,0,0,0,0,0,0,0,0,0,0,0,0,0,0,0,0,0,0,0,0,0,0,0,0,0,0,0,0,0,0,0,0,0,0,0,0,0,0,0,0,0,0,0,0,0,0,0,0,0,0,0,0,0,0,0,0,0,0,0,0},
{0,0,0,0,0,0,0,0,0,0,0,0,0,0,0,0,0,0,0,0,0,0,0,0,0,0,0,0,0,0,0,0,0,0,0,0,0,0,0,0,0,0,0,0,0,0,0,0,0,0,0,0,0,0,0,0,0,0,0,0,0,0,0,0,0,0,0,0,0,0,0,0,0,0,0,0,0,0,0,0,0,0,0,0,0,0,0,0,0,0,0,0,0,0,0,0},
{0,0,0,0,0,0,0,0,0,0,0,0,0,0,0,0,0,0,0,0,0,0,0,0,0,0,0,0,0,0,0,0,0,0,0,0,0,0,0,0,0,0,0,0,0,0,0,0,0,0,0,0,0,0,0,0,0,0,0,0,0,0,0,0,0,0,0,0,0,0,0,0,0,0,0,0,0,0,0,0,0,0,0,0,0,0,0,0,0,0,0,0,0,0,0,0},
{0,0,0,0,0,0,0,0,0,0,0,0,0,0,0,0,0,0,0,0,0,0,0,0,0,0,0,0,0,0,0,0,0,0,0,0,0,0,0,0,0,0,0,0,0,0,0,0,0,0,0,0,0,0,0,0,0,0,0,0,0,0,0,0,0,0,0,0,0,0,0,0,0,0,0,0,0,0,0,0,0,0,0,0,0,0,0,0,0,0,0,0,0,0,0,0},
{0,0,0,0,0,0,0,0,0,0,0,0,0,0,0,0,0,0,0,0,0,0,0,0,0,0,0,0,0,0,0,0,0,0,0,0,0,0,0,0,0,0,0,0,0,0,0,0,0,0,0,0,0,0,0,0,0,0,0,0,0,0,0,0,0,0,0,0,0,0,0,0,0,0,0,0,0,0,0,0,0,0,0,0,0,0,0,0,0,0,0,0,0,0,0,0},
{0,0,0,0,0,0,0,0,0,0,0,0,0,0,0,0,0,0,0,0,0,0,0,0,0,0,0,0,0,0,0,0,0,0,0,0,0,0,0,0,0,0,0,0,0,0,0,0,0,0,0,0,0,0,0,0,0,0,0,0,0,0,0,0,0,0,0,0,0,0,0,0,0,0,0,0,0,0,0,0,0,0,0,0,0,0,0,0,0,0,0,0,0,0,0,0},
{0,0,0,0,0,0,0,0,0,0,0,0,0,0,0,0,0,0,0,0,0,0,0,0,0,0,0,0,0,0,0,0,0,0,0,0,0,0,0,0,0,0,0,0,0,0,0,0,0,0,0,0,0,0,0,0,0,0,0,0,0,0,0,0,0,0,0,0,0,0,0,0,0,0,0,0,0,0,0,0,0,0,0,0,0,0,0,0,0,0,0,0,0,0,0,0},
{0,0,0,0,0,0,0,0,0,0,0,0,0,0,0,0,0,0,0,0,0,0,0,0,0,0,0,0,0,0,0,0,0,0,0,0,0,0,0,0,0,0,0,0,0,0,0,0,0,0,0,0,0,0,0,0,0,0,0,0,0,0,0,0,0,0,0,0,0,0,0,0,0,0,0,0,0,0,0,0,0,0,0,0,0,0,0,0,0,0,0,0,0,0,0,0},
{0,0,0,0,0,0,0,0,0,0,0,0,0,0,0,0,0,0,0,0,0,0,0,0,0,0,0,0,0,0,0,0,0,0,0,0,0,0,0,0,0,0,0,0,0,0,0,0,0,0,0,0,0,0,0,0,0,0,0,0,0,0,0,0,0,0,0,0,0,0,0,0,0,0,0,0,0,0,0,0,0,0,0,0,0,0,0,0,0,0,0,0,0,0,0,0},
{0,0,0,0,0,0,0,0,0,0,0,0,0,0,0,0,0,0,0,0,0,0,0,0,0,0,0,0,0,0,0,0,0,0,0,0,0,0,0,0,0,0,0,0,0,0,0,0,0,0,0,0,0,0,0,0,0,0,0,0,0,0,0,0,0,0,0,0,0,0,0,0,0,0,0,0,0,0,0,0,0,0,0,0,0,0,0,0,0,0,0,0,0,0,0,0},
{0,0,0,0,0,0,0,0,0,0,0,0,0,0,0,0,0,0,0,0,0,0,0,0,0,0,0,0,0,0,0,0,0,0,0,0,0,0,0,0,0,0,0,0,0,0,0,0,0,0,0,0,0,0,0,0,0,0,0,0,0,0,0,0,0,0,0,0,0,0,0,0,0,0,0,0,0,0,0,0,0,0,0,0,0,0,0,0,0,0,0,0,0,0,0,0},
{0,0,0,0,0,0,0,0,0,0,0,0,0,0,0,0,0,0,0,0,0,0,0,0,0,0,0,0,0,0,0,0,0,0,0,0,0,0,0,0,0,0,0,0,0,0,0,0,0,0,0,0,0,0,0,0,0,0,0,0,0,0,0,0,0,0,0,0,0,0,0,0,0,0,0,0,0,0,0,0,0,0,0,0,0,0,0,0,0,0,0,0,0,0,0,0},
{0,0,0,0,0,0,0,0,0,0,0,0,0,0,0,0,0,0,0,0,0,0,0,0,0,0,0,0,0,0,0,0,0,0,0,0,0,0,0,0,0,0,0,0,0,0,0,0,0,0,0,0,0,0,0,0,0,0,0,0,0,0,0,0,0,0,0,0,0,0,0,0,0,0,0,0,0,0,0,0,0,0,0,0,0,0,0,0,0,0,0,0,0,0,0,0},
{0,0,0,0,0,0,0,0,0,0,0,0,0,0,0,0,0,0,0,0,0,0,0,0,0,0,0,0,0,0,0,0,0,0,0,0,0,0,0,0,0,0,0,0,0,0,0,0,0,0,0,0,0,0,0,0,0,0,0,0,0,0,0,0,0,0,0,0,0,0,0,0,0,0,0,0,0,0,0,0,0,0,0,0,0,0,0,0,0,0,0,0,0,0,0,0},
{0,0,0,0,0,0,0,0,0,0,0,0,0,0,0,0,0,0,0,0,0,0,0,0,0,0,0,0,0,0,0,0,0,0,0,0,0,0,0,0,0,0,0,0,0,0,0,0,0,0,0,0,0,0,0,0,0,0,0,0,0,0,0,0,0,0,0,0,0,0,0,0,0,0,0,0,0,0,0,0,0,0,0,0,0,0,0,0,0,0,0,0,0,0,0,0},
{0,0,0,0,0,0,0,0,0,0,0,0,0,0,0,0,0,0,0,0,0,0,0,0,0,0,0,0,0,0,0,0,0,0,0,0,0,0,0,0,0,0,0,0,0,0,0,0,0,0,0,0,0,0,0,0,0,0,0,0,0,0,0,0,0,0,0,0,0,0,0,0,0,0,0,0,0,0,0,0,0,0,0,0,0,0,0,0,0,0,0,0,0,0,0,0},
{0,0,0,0,0,0,0,0,0,0,0,0,0,0,0,0,0,0,0,0,0,0,0,0,0,0,0,0,0,0,0,0,0,0,0,0,0,0,0,0,0,0,0,0,0,0,0,0,0,0,0,0,0,0,0,0,0,0,0,0,0,0,0,0,0,0,0,0,0,0,0,0,0,0,0,0,0,0,0,0,0,0,0,0,0,0,0,0,0,0,0,0,0,0,0,0},
{0,0,0,0,0,0,0,0,0,0,0,0,0,0,0,0,0,0,0,0,0,0,0,0,0,0,0,0,0,0,0,0,0,0,0,0,0,0,0,0,0,0,0,0,0,0,0,0,0,0,0,0,0,0,0,0,0,0,0,0,0,0,0,0,0,0,0,0,0,0,0,0,0,0,0,0,0,0,0,0,0,0,0,0,0,0,0,0,0,0,0,0,0,0,0,0},
{0,0,0,0,0,0,0,0,0,0,0,0,0,0,0,0,0,0,0,0,0,0,0,0,0,0,0,0,0,0,0,0,0,0,0,0,0,0,0,0,0,0,0,0,0,0,0,0,0,0,0,0,0,0,0,0,0,0,0,0,0,0,0,0,0,0,0,0,0,0,0,0,0,0,0,0,0,0,0,0,0,0,0,0,0,0,0,0,0,0,0,0,0,0,0,0},
{0,0,0,0,0,0,0,0,0,0,0,0,0,0,0,0,0,0,0,0,0,0,0,0,0,0,0,0,0,0,0,0,0,0,0,0,0,0,0,0,0,0,0,0,0,0,0,0,0,0,0,0,0,0,0,0,0,0,0,0,0,0,0,0,0,0,0,0,0,0,0,0,0,0,0,0,0,0,0,0,0,0,0,0,0,0,0,0,0,0,0,0,0,0,0,0},
{0,0,0,0,0,0,0,0,0,0,0,0,0,0,0,0,0,0,0,0,0,0,0,0,0,0,0,0,0,0,0,0,0,0,0,0,0,0,0,0,0,0,0,0,0,0,0,0,0,0,0,0,0,0,0,0,0,0,0,0,0,0,0,0,0,0,0,0,0,0,0,0,0,0,0,0,0,0,0,0,0,0,0,0,0,0,0,0,0,0,0,0,0,0,0,0},
{0,0,0,0,0,0,0,0,0,0,0,0,0,0,0,0,0,0,0,0,0,0,0,0,0,0,0,0,0,0,0,0,0,0,0,0,0,0,0,0,0,0,0,0,0,0,0,0,0,0,0,0,0,0,0,0,0,0,0,0,0,0,0,0,0,0,0,0,0,0,0,0,0,0,0,0,0,0,0,0,0,0,0,0,0,0,0,0,0,0,0,0,0,0,0,0},
{0,0,0,0,0,0,0,0,0,0,0,0,0,0,0,0,0,0,0,0,0,0,0,0,0,0,0,0,0,0,0,0,0,0,0,0,0,0,0,0,0,0,0,0,0,0,0,0,0,0,0,0,0,0,0,0,0,0,0,0,0,0,0,0,0,0,0,0,0,0,0,0,0,0,0,0,0,0,0,0,0,0,0,0,0,0,0,0,0,0,0,0,0,0,0,0},
{-0.0014166184*J2^4+0,-0.0008178850*J1^1*J2^3+0,0.0003375951*J1^1*J2^3+-0.0011554801*J2^4+0,-0.0006671168*J1^1*J2^3+0.0001949106*J2^4+0,0,0,0,0,0,0,0,0,0,0,0,0,0,0,0,0,0,0,0,0,0,0,0,0,0,0,0,0,0,0,0,0,0,0,0,0,0,0,0,0,0,0,0,0,0,0,0,0,0,0,0,0,0,0,0,0,0,0,0,0,0,0,0,0,0,0,0,0,0,0,0,0,0,0,0,0,0,0,0,0,0,0,0,0,0,0,0,0,0,0,0,0},
{0,0,0,0,0,0,0,0,0.0008178850*J2^4+0,0.0004722061*J1^1*J2^3+0,-0.0001949106*J1^1*J2^3+0.0006671168*J2^4+0,0.0003851600*J1^1*J2^3+-0.0001125317*J2^4+0,0,0,0,0,-0.0011566641*J2^4+0,-0.0006678003*J1^1*J2^3+0,0.0002756452*J1^1*J2^3+-0.0009434456*J2^4+0,-0.0005446986*J1^1*J2^3+0.0001591439*J2^4+0,0,0,0,0,0,0,0,0,0,0,0,0,0,0,0,0,0,0,0,0,0,0,0,0,0,0,0,0,0,0,0,0,0,0,0,0,0,0,0,0,0,0,0,0,0,0,0,0,0,0,0,0,0,0,0,0,0,0,0,0,0,0,0,0,0,0,0,0,0,0,0,0,0,0,0,0},
{-0.0008178850*J1^1*J2^3+0,0.0009444123*J1^1*J2^3+-0.0014166184*J2^4+0,-0.0006671168*J1^1*J2^3+0.0001949106*J2^4+0,0.0011079152*J1^1*J2^3+-0.0013805435*J2^4+0,0,0,0,0,0,0,0,0,0,0,0,0,0,0,0,0,0,0,0,0,0,0,0,0,0,0,0,0,0,0,0,0,0,0,0,0,0,0,0,0,0,0,0,0,0,0,0,0,0,0,0,0,0,0,0,0,0,0,0,0,0,0,0,0,0,0,0,0,0,0,0,0,0,0,0,0,0,0,0,0,0,0,0,0,0,0,0,0,0,0,0,0},
{0,0,0,0,0,0,0,0,0.0004722061*J1^1*J2^3+0,-0.0005452567*J1^1*J2^3+0.0008178850*J2^4+0,0.0003851600*J1^1*J2^3+-0.0001125317*J2^4+0,-0.0006396551*J1^1*J2^3+0.0007970572*J2^4+0,0,0,0,0,-0.0006678003*J1^1*J2^3+0,0.0007711094*J1^1*J2^3+-0.0011566641*J2^4+0,-0.0005446986*J1^1*J2^3+0.0001591439*J2^4+0,0.0009046090*J1^1*J2^3+-0.0011272091*J2^4+0,0,0,0,0,0,0,0,0,0,0,0,0,0,0,0,0,0,0,0,0,0,0,0,0,0,0,0,0,0,0,0,0,0,0,0,0,0,0,0,0,0,0,0,0,0,0,0,0,0,0,0,0,0,0,0,0,0,0,0,0,0,0,0,0,0,0,0,0,0,0,0,0,0,0,0,0},
{0,0,0,0,-0.0014166184*J2^4+0,-0.0008178850*J1^1*J2^3+0,0.0003375951*J1^1*J2^3+-0.0011554801*J2^4+0,-0.0006671168*J1^1*J2^3+0.0001949106*J2^4+0,0,0,0,0,0,0,0,0,0,0,0,0,0,0,0,0,0,0,0,0,0,0,0,0,0,0,0,0,0,0,0,0,0,0,0,0,0,0,0,0,0,0,0,0,0,0,0,0,0,0,0,0,0,0,0,0,0,0,0,0,0,0,0,0,0,0,0,0,0,0,0,0,0,0,0,0,0,0,0,0,0,0,0,0,0,0,0,0},
{0,0,0,0,0,0,0,0,0,0,0,0,0.0008178850*J2^4+0,0.0004722061*J1^1*J2^3+0,-0.0001949106*J1^1*J2^3+0.0006671168*J2^4+0,0.0003851600*J1^1*J2^3+-0.0001125317*J2^4+0,0,0,0,0,-0.0011566641*J2^4+0,-0.0006678003*J1^1*J2^3+0,0.0002756452*J1^1*J2^3+-0.0009434456*J2^4+0,-0.0005446986*J1^1*J2^3+0.0001591439*J2^4+0,0,0,0,0,0,0,0,0,0,0,0,0,0,0,0,0,0,0,0,0,0,0,0,0,0,0,0,0,0,0,0,0,0,0,0,0,0,0,0,0,0,0,0,0,0,0,0,0,0,0,0,0,0,0,0,0,0,0,0,0,0,0,0,0,0,0,0,0,0,0,0,0},
{0,0,0,0,-0.0008178850*J1^1*J2^3+0,0.0009444123*J1^1*J2^3+-0.0014166184*J2^4+0,-0.0006671168*J1^1*J2^3+0.0001949106*J2^4+0,0.0011079152*J1^1*J2^3+-0.0013805435*J2^4+0,0,0,0,0,0,0,0,0,0,0,0,0,0,0,0,0,0,0,0,0,0,0,0,0,0,0,0,0,0,0,0,0,0,0,0,0,0,0,0,0,0,0,0,0,0,0,0,0,0,0,0,0,0,0,0,0,0,0,0,0,0,0,0,0,0,0,0,0,0,0,0,0,0,0,0,0,0,0,0,0,0,0,0,0,0,0,0,0},
{0,0,0,0,0,0,0,0,0,0,0,0,0.0004722061*J1^1*J2^3+0,-0.0005452567*J1^1*J2^3+0.0008178850*J2^4+0,0.0003851600*J1^1*J2^3+-0.0001125317*J2^4+0,-0.0006396551*J1^1*J2^3+0.0007970572*J2^4+0,0,0,0,0,-0.0006678003*J1^1*J2^3+0,0.0007711094*J1^1*J2^3+-0.0011566641*J2^4+0,-0.0005446986*J1^1*J2^3+0.0001591439*J2^4+0,0.0009046090*J1^1*J2^3+-0.0011272091*J2^4+0,0,0,0,0,0,0,0,0,0,0,0,0,0,0,0,0,0,0,0,0,0,0,0,0,0,0,0,0,0,0,0,0,0,0,0,0,0,0,0,0,0,0,0,0,0,0,0,0,0,0,0,0,0,0,0,0,0,0,0,0,0,0,0,0,0,0,0,0,0,0,0,0},
{0.0034179687*J1^1*J2^3+0,0.0019733652*J2^4+0,0.0019733652*J2^4+0,0.0011393229*J1^1*J2^3+0,0,0,0,0,0,0,0,0,0,0,0,0,0,0,0,0,0,0,0,0,0,0,0,0,0,0,0,0,0,0,0,0,0,0,0,0,0,0,0,0,0,0,0,0,0,0,0,0,0,0,0,0,0,0,0,0,0,0,0,0,0,0,0,0,0,0,0,0,0,0,0,0,0,0,0,0,0,0,0,0,0,0,0,0,0,0,0,0,0,0,0,0},
{0,0,0,0,0,0,0,0,-0.0019733652*J1^1*J2^3+0,-0.0011393229*J2^4+0,-0.0011393229*J2^4+0,-0.0006577884*J1^1*J2^3+0,0,0,0,0,0.0027907598*J1^1*J2^3+0,0.0016112459*J2^4+0,0.0016112459*J2^4+0,0.0009302533*J1^1*J2^3+0,0,0,0,0,0,0,0,0,0,0,0,0,0,0,0,0,0,0,0,0,0,0,0,0,0,0,0,0,0,0,0,0,0,0,0,0,0,0,0,0,0,0,0,0,0,0,0,0,0,0,0,0,0,0,0,0,0,0,0,0,0,0,0,0,0,0,0,0,0,0,0,0,0,0,0,0},
{0.0019733652*J2^4+0,0.0034179687*J1^1*J2^3+-0.0022786458*J2^4+0,0.0011393229*J1^1*J2^3+0,-0.0013155768*J1^1*J2^3+0.0019733652*J2^4+0,0,0,0,0,0,0,0,0,0,0,0,0,0,0,0,0,0,0,0,0,0,0,0,0,0,0,0,0,0,0,0,0,0,0,0,0,0,0,0,0,0,0,0,0,0,0,0,0,0,0,0,0,0,0,0,0,0,0,0,0,0,0,0,0,0,0,0,0,0,0,0,0,0,0,0,0,0,0,0,0,0,0,0,0,0,0,0,0,0,0,0,0},
{0,0,0,0,0,0,0,0,-0.0011393229*J2^4+0,-0.0019733652*J1^1*J2^3+0.0013155768*J2^4+0,-0.0006577884*J1^1*J2^3+0,0.0007595486*J1^1*J2^3+-0.0011393229*J2^4+0,0,0,0,0,0.0016112459*J2^4+0,0.0027907598*J1^1*J2^3+-0.0018605065*J2^4+0,0.0009302533*J1^1*J2^3+0,-0.0010741639*J1^1*J2^3+0.0016112459*J2^4+0,0,0,0,0,0,0,0,0,0,0,0,0,0,0,0,0,0,0,0,0,0,0,0,0,0,0,0,0,0,0,0,0,0,0,0,0,0,0,0,0,0,0,0,0,0,0,0,0,0,0,0,0,0,0,0,0,0,0,0,0,0,0,0,0,0,0,0,0,0,0,0,0,0,0,0,0},
{0,0,0,0,0.0034179687*J1^1*J2^3+0,0.0019733652*J2^4+0,0.0019733652*J2^4+0,0.0011393229*J1^1*J2^3+0,0,0,0,0,0,0,0,0,0,0,0,0,0,0,0,0,0,0,0,0,0,0,0,0,0,0,0,0,0,0,0,0,0,0,0,0,0,0,0,0,0,0,0,0,0,0,0,0,0,0,0,0,0,0,0,0,0,0,0,0,0,0,0,0,0,0,0,0,0,0,0,0,0,0,0,0,0,0,0,0,0,0,0,0,0,0,0,0},
{0,0,0,0,0,0,0,0,0,0,0,0,-0.0019733652*J1^1*J2^3+0,-0.0011393229*J2^4+0,-0.0011393229*J2^4+0,-0.0006577884*J1^1*J2^3+0,0,0,0,0,0.0027907598*J1^1*J2^3+0,0.0016112459*J2^4+0,0.0016112459*J2^4+0,0.0009302533*J1^1*J2^3+0,0,0,0,0,0,0,0,0,0,0,0,0,0,0,0,0,0,0,0,0,0,0,0,0,0,0,0,0,0,0,0,0,0,0,0,0,0,0,0,0,0,0,0,0,0,0,0,0,0,0,0,0,0,0,0,0,0,0,0,0,0,0,0,0,0,0,0,0,0,0,0,0},
{0,0,0,0,0.0019733652*J2^4+0,0.0034179687*J1^1*J2^3+-0.0022786458*J2^4+0,0.0011393229*J1^1*J2^3+0,-0.0013155768*J1^1*J2^3+0.0019733652*J2^4+0,0,0,0,0,0,0,0,0,0,0,0,0,0,0,0,0,0,0,0,0,0,0,0,0,0,0,0,0,0,0,0,0,0,0,0,0,0,0,0,0,0,0,0,0,0,0,0,0,0,0,0,0,0,0,0,0,0,0,0,0,0,0,0,0,0,0,0,0,0,0,0,0,0,0,0,0,0,0,0,0,0,0,0,0,0,0,0,0},
{0,0,0,0,0,0,0,0,0,0,0,0,-0.0011393229*J2^4+0,-0.0019733652*J1^1*J2^3+0.0013155768*J2^4+0,-0.0006577884*J1^1*J2^3+0,0.0007595486*J1^1*J2^3+-0.0011393229*J2^4+0,0,0,0,0,0.0016112459*J2^4+0,0.0027907598*J1^1*J2^3+-0.0018605065*J2^4+0,0.0009302533*J1^1*J2^3+0,-0.0010741639*J1^1*J2^3+0.0016112459*J2^4+0,0,0,0,0,0,0,0,0,0,0,0,0,0,0,0,0,0,0,0,0,0,0,0,0,0,0,0,0,0,0,0,0,0,0,0,0,0,0,0,0,0,0,0,0,0,0,0,0,0,0,0,0,0,0,0,0,0,0,0,0,0,0,0,0,0,0,0,0,0,0,0,0},
{-0.0014151684*J2^4+0,-0.0008170478*J1^1*J2^3+0,0.0011566641*J1^1*J2^3+-0.0019737120*J2^4+0,-0.0011395231*J1^1*J2^3+0.0006678003*J2^4+0,0,0,0,0,0,0,0,0,0,0,0,0,0,0,0,0,0,0,0,0,0,0,0,0,0,0,0,0,0,0,0,0,0,0,0,0,0,0,0,0,0,0,0,0,0,0,0,0,0,0,0,0,0,0,0,0,0,0,0,0,0,0,0,0,0,0,0,0,0,0,0,0,0,0,0,0,0,0,0,0,0,0,0,0,0,0,0,0,0,0,0,0},
{0,0,0,0,0,0,0,0,0.0008170478*J2^4+0,0.0004717228*J1^1*J2^3+0,-0.0006678003*J1^1*J2^3+0.0011395231*J2^4+0,0.0006579040*J1^1*J2^3+-0.0003855547*J2^4+0,0,0,0,0,-0.0011554801*J2^4+0,-0.0006671168*J1^1*J2^3+0,0.0009444123*J1^1*J2^3+-0.0016115291*J2^4+0,-0.0009304167*J1^1*J2^3+0.0005452567*J2^4+0,0,0,0,0,0,0,0,0,0,0,0,0,0,0,0,0,0,0,0,0,0,0,0,0,0,0,0,0,0,0,0,0,0,0,0,0,0,0,0,0,0,0,0,0,0,0,0,0,0,0,0,0,0,0,0,0,0,0,0,0,0,0,0,0,0,0,0,0,0,0,0,0,0,0,0,0},
{-0.0008170478*J1^1*J2^3+0,0.0009434456*J1^1*J2^3+-0.0014151684*J2^4+0,-0.0011395231*J1^1*J2^3+0.0006678003*J2^4+0,0.0024724721*J1^1*J2^3+-0.0027448214*J2^4+0,0,0,0,0,0,0,0,0,0,0,0,0,0,0,0,0,0,0,0,0,0,0,0,0,0,0,0,0,0,0,0,0,0,0,0,0,0,0,0,0,0,0,0,0,0,0,0,0,0,0,0,0,0,0,0,0,0,0,0,0,0,0,0,0,0,0,0,0,0,0,0,0,0,0,0,0,0,0,0,0,0,0,0,0,0,0,0,0,0,0,0,0},
{0,0,0,0,0,0,0,0,0.0004717228*J1^1*J2^3+0,-0.0005446986*J1^1*J2^3+0.0008170478*J2^4+0,0.0006579040*J1^1*J2^3+-0.0003855547*J2^4+0,-0.0014274824*J1^1*J2^3+0.0015847234*J2^4+0,0,0,0,0,-0.0006671168*J1^1*J2^3+0,0.0007703201*J1^1*J2^3+-0.0011554801*J2^4+0,-0.0009304167*J1^1*J2^3+0.0005452567*J2^4+0,0.0020187650*J1^1*J2^3+-0.0022411373*J2^4+0,0,0,0,0,0,0,0,0,0,0,0,0,0,0,0,0,0,0,0,0,0,0,0,0,0,0,0,0,0,0,0,0,0,0,0,0,0,0,0,0,0,0,0,0,0,0,0,0,0,0,0,0,0,0,0,0,0,0,0,0,0,0,0,0,0,0,0,0,0,0,0,0,0,0,0,0},
{0,0,0,0,-0.0014151684*J2^4+0,-0.0008170478*J1^1*J2^3+0,0.0011566641*J1^1*J2^3+-0.0019737120*J2^4+0,-0.0011395231*J1^1*J2^3+0.0006678003*J2^4+0,0,0,0,0,0,0,0,0,0,0,0,0,0,0,0,0,0,0,0,0,0,0,0,0,0,0,0,0,0,0,0,0,0,0,0,0,0,0,0,0,0,0,0,0,0,0,0,0,0,0,0,0,0,0,0,0,0,0,0,0,0,0,0,0,0,0,0,0,0,0,0,0,0,0,0,0,0,0,0,0,0,0,0,0,0,0,0,0},
{0,0,0,0,0,0,0,0,0,0,0,0,0.0008170478*J2^4+0,0.0004717228*J1^1*J2^3+0,-0.0006678003*J1^1*J2^3+0.0011395231*J2^4+0,0.0006579040*J1^1*J2^3+-0.0003855547*J2^4+0,0,0,0,0,-0.0011554801*J2^4+0,-0.0006671168*J1^1*J2^3+0,0.0009444123*J1^1*J2^3+-0.0016115291*J2^4+0,-0.0009304167*J1^1*J2^3+0.0005452567*J2^4+0,0,0,0,0,0,0,0,0,0,0,0,0,0,0,0,0,0,0,0,0,0,0,0,0,0,0,0,0,0,0,0,0,0,0,0,0,0,0,0,0,0,0,0,0,0,0,0,0,0,0,0,0,0,0,0,0,0,0,0,0,0,0,0,0,0,0,0,0,0,0,0,0},
{0,0,0,0,-0.0008170478*J1^1*J2^3+0,0.0009434456*J1^1*J2^3+-0.0014151684*J2^4+0,-0.0011395231*J1^1*J2^3+0.0006678003*J2^4+0,0.0024724721*J1^1*J2^3+-0.0027448214*J2^4+0,0,0,0,0,0,0,0,0,0,0,0,0,0,0,0,0,0,0,0,0,0,0,0,0,0,0,0,0,0,0,0,0,0,0,0,0,0,0,0,0,0,0,0,0,0,0,0,0,0,0,0,0,0,0,0,0,0,0,0,0,0,0,0,0,0,0,0,0,0,0,0,0,0,0,0,0,0,0,0,0,0,0,0,0,0,0,0,0},
{0,0,0,0,0,0,0,0,0,0,0,0,0.0004717228*J1^1*J2^3+0,-0.0005446986*J1^1*J2^3+0.0008170478*J2^4+0,0.0006579040*J1^1*J2^3+-0.0003855547*J2^4+0,-0.0014274824*J1^1*J2^3+0.0015847234*J2^4+0,0,0,0,0,-0.0006671168*J1^1*J2^3+0,0.0007703201*J1^1*J2^3+-0.0011554801*J2^4+0,-0.0009304167*J1^1*J2^3+0.0005452567*J2^4+0,0.0020187650*J1^1*J2^3+-0.0022411373*J2^4+0,0,0,0,0,0,0,0,0,0,0,0,0,0,0,0,0,0,0,0,0,0,0,0,0,0,0,0,0,0,0,0,0,0,0,0,0,0,0,0,0,0,0,0,0,0,0,0,0,0,0,0,0,0,0,0,0,0,0,0,0,0,0,0,0,0,0,0,0,0,0,0,0},
{0,0,0,0,-0.0028190931*J1^1*J2^3+0,-0.0016276042*J2^4+0,-0.0016276042*J2^4+0,-0.0009396977*J1^1*J2^3+0,0,0,0,0,0,0,0,0,0,0,0,0,0,0,0,0,0,0,0,0,0,0,0,0,0,0,0,0,0,0,0,0,0,0,0,0,0,0,0,0,0,0,0,0,0,0,0,0,0,0,0,0,0,0,0,0,0,0,0,0,0,0,0,0,0,0,0,0,0,0,0,0,0,0,0,0,0,0,0,0,0,0,0,0,0,0,0,0},
{0,0,0,0,0,0,0,0,0,0,0,0,0.0016276042*J1^1*J2^3+0,0.0009396977*J2^4+0,0.0009396977*J2^4+0,0.0005425347*J1^1*J2^3+0,0,0,0,0,-0.0023017799*J1^1*J2^3+0,-0.0013289332*J2^4+0,-0.0013289332*J2^4+0,-0.0007672600*J1^1*J2^3+0,0,0,0,0,0,0,0,0,0,0,0,0,0,0,0,0,0,0,0,0,0,0,0,0,0,0,0,0,0,0,0,0,0,0,0,0,0,0,0,0,0,0,0,0,0,0,0,0,0,0,0,0,0,0,0,0,0,0,0,0,0,0,0,0,0,0,0,0,0,0,0,0},
{0,0,0,0,-0.0016276042*J2^4+0,-0.0028190931*J1^1*J2^3+0.0018793954*J2^4+0,-0.0009396977*J1^1*J2^3+0,0.0010850694*J1^1*J2^3+-0.0016276042*J2^4+0,0,0,0,0,0,0,0,0,0,0,0,0,0,0,0,0,0,0,0,0,0,0,0,0,0,0,0,0,0,0,0,0,0,0,0,0,0,0,0,0,0,0,0,0,0,0,0,0,0,0,0,0,0,0,0,0,0,0,0,0,0,0,0,0,0,0,0,0,0,0,0,0,0,0,0,0,0,0,0,0,0,0,0,0,0,0,0,0},
{0,0,0,0,0,0,0,0,0,0,0,0,0.0009396977*J2^4+0,0.0016276042*J1^1*J2^3+-0.0010850694*J2^4+0,0.0005425347*J1^1*J2^3+0,-0.0006264651*J1^1*J2^3+0.0009396977*J2^4+0,0,0,0,0,-0.0013289332*J2^4+0,-0.0023017799*J1^1*J2^3+0.0015345199*J2^4+0,-0.0007672600*J1^1*J2^3+0,0.0008859555*J1^1*J2^3+-0.0013289332*J2^4+0,0,0,0,0,0,0,0,0,0,0,0,0,0,0,0,0,0,0,0,0,0,0,0,0,0,0,0,0,0,0,0,0,0,0,0,0,0,0,0,0,0,0,0,0,0,0,0,0,0,0,0,0,0,0,0,0,0,0,0,0,0,0,0,0,0,0,0,0,0,0,0,0},
{0,0,0,0,-0.0016276042*J2^4+0,-0.0009396977*J1^1*J2^3+0,0.0009396977*J1^1*J2^3+-0.0018793954*J2^4+0,-0.0010850694*J1^1*J2^3+0.0005425347*J2^4+0,0,0,0,0,0,0,0,0,0,0,0,0,0,0,0,0,0,0,0,0,0,0,0,0,0,0,0,0,0,0,0,0,0,0,0,0,0,0,0,0,0,0,0,0,0,0,0,0,0,0,0,0,0,0,0,0,0,0,0,0,0,0,0,0,0,0,0,0,0,0,0,0,0,0,0,0,0,0,0,0,0,0,0,0,0,0,0,0},
{0,0,0,0,0,0,0,0,0,0,0,0,0.0009396977*J2^4+0,0.0005425347*J1^1*J2^3+0,-0.0005425347*J1^1*J2^3+0.0010850694*J2^4+0,0.0006264651*J1^1*J2^3+-0.0003132326*J2^4+0,0,0,0,0,-0.0013289332*J2^4+0,-0.0007672600*J1^1*J2^3+0,0.0007672600*J1^1*J2^3+-0.0015345199*J2^4+0,-0.0008859555*J1^1*J2^3+0.0004429777*J2^4+0,0,0,0,0,0,0,0,0,0,0,0,0,0,0,0,0,0,0,0,0,0,0,0,0,0,0,0,0,0,0,0,0,0,0,0,0,0,0,0,0,0,0,0,0,0,0,0,0,0,0,0,0,0,0,0,0,0,0,0,0,0,0,0,0,0,0,0,0,0,0,0,0},
{0,0,0,0,-0.0009396977*J1^1*J2^3+0,0.0010850694*J1^1*J2^3+-0.0016276042*J2^4+0,-0.0010850694*J1^1*J2^3+0.0005425347*J2^4+0,0.0021926280*J1^1*J2^3+-0.0025058605*J2^4+0,0,0,0,0,0,0,0,0,0,0,0,0,0,0,0,0,0,0,0,0,0,0,0,0,0,0,0,0,0,0,0,0,0,0,0,0,0,0,0,0,0,0,0,0,0,0,0,0,0,0,0,0,0,0,0,0,0,0,0,0,0,0,0,0,0,0,0,0,0,0,0,0,0,0,0,0,0,0,0,0,0,0,0,0,0,0,0,0},
{0,0,0,0,0,0,0,0,0,0,0,0,0.0005425347*J1^1*J2^3+0,-0.0006264651*J1^1*J2^3+0.0009396977*J2^4+0,0.0006264651*J1^1*J2^3+-0.0003132326*J2^4+0,-0.0012659144*J1^1*J2^3+0.0014467593*J2^4+0,0,0,0,0,-0.0007672600*J1^1*J2^3+0,0.0008859555*J1^1*J2^3+-0.0013289332*J2^4+0,-0.0008859555*J1^1*J2^3+0.0004429777*J2^4+0,0.0017902732*J1^1*J2^3+-0.0020460266*J2^4+0,0,0,0,0,0,0,0,0,0,0,0,0,0,0,0,0,0,0,0,0,0,0,0,0,0,0,0,0,0,0,0,0,0,0,0,0,0,0,0,0,0,0,0,0,0,0,0,0,0,0,0,0,0,0,0,0,0,0,0,0,0,0,0,0,0,0,0,0,0,0,0,0},
{0.0048828125*J1^1*J2^3+0,0.0028190931*J2^4+0,0.0028190931*J2^4+0,0.0016276042*J1^1*J2^3+0,0,0,0,0,0,0,0,0,0,0,0,0,0,0,0,0,0,0,0,0,0,0,0,0,0,0,0,0,0,0,0,0,0,0,0,0,0,0,0,0,0,0,0,0,0,0,0,0,0,0,0,0,0,0,0,0,0,0,0,0,0,0,0,0,0,0,0,0,0,0,0,0,0,0,0,0,0,0,0,0,0,0,0,0,0,0,0,0,0,0,0,0},
{0,0,0,0,0,0,0,0,-0.0028190931*J1^1*J2^3+0,-0.0016276042*J2^4+0,-0.0016276042*J2^4+0,-0.0009396977*J1^1*J2^3+0,0,0,0,0,0.0039867997*J1^1*J2^3+0,0.0023017799*J2^4+0,0.0023017799*J2^4+0,0.0013289332*J1^1*J2^3+0,0,0,0,0,0,0,0,0,0,0,0,0,0,0,0,0,0,0,0,0,0,0,0,0,0,0,0,0,0,0,0,0,0,0,0,0,0,0,0,0,0,0,0,0,0,0,0,0,0,0,0,0,0,0,0,0,0,0,0,0,0,0,0,0,0,0,0,0,0,0,0,0,0,0,0,0},
{0.0028190931*J2^4+0,0.0048828125*J1^1*J2^3+-0.0032552083*J2^4+0,0.0016276042*J1^1*J2^3+0,-0.0018793954*J1^1*J2^3+0.0028190931*J2^4+0,0,0,0,0,0,0,0,0,0,0,0,0,0,0,0,0,0,0,0,0,0,0,0,0,0,0,0,0,0,0,0,0,0,0,0,0,0,0,0,0,0,0,0,0,0,0,0,0,0,0,0,0,0,0,0,0,0,0,0,0,0,0,0,0,0,0,0,0,0,0,0,0,0,0,0,0,0,0,0,0,0,0,0,0,0,0,0,0,0,0,0,0},
{0,0,0,0,0,0,0,0,-0.0016276042*J2^4+0,-0.0028190931*J1^1*J2^3+0.0018793954*J2^4+0,-0.0009396977*J1^1*J2^3+0,0.0010850694*J1^1*J2^3+-0.0016276042*J2^4+0,0,0,0,0,0.0023017799*J2^4+0,0.0039867997*J1^1*J2^3+-0.0026578665*J2^4+0,0.0013289332*J1^1*J2^3+0,-0.0015345199*J1^1*J2^3+0.0023017799*J2^4+0,0,0,0,0,0,0,0,0,0,0,0,0,0,0,0,0,0,0,0,0,0,0,0,0,0,0,0,0,0,0,0,0,0,0,0,0,0,0,0,0,0,0,0,0,0,0,0,0,0,0,0,0,0,0,0,0,0,0,0,0,0,0,0,0,0,0,0,0,0,0,0,0,0,0,0,0},
{0.0028190931*J2^4+0,0.0016276042*J1^1*J2^3+0,-0.0016276042*J1^1*J2^3+0.0032552083*J2^4+0,0.0018793954*J1^1*J2^3+-0.0009396977*J2^4+0,0,0,0,0,0,0,0,0,0,0,0,0,0,0,0,0,0,0,0,0,0,0,0,0,0,0,0,0,0,0,0,0,0,0,0,0,0,0,0,0,0,0,0,0,0,0,0,0,0,0,0,0,0,0,0,0,0,0,0,0,0,0,0,0,0,0,0,0,0,0,0,0,0,0,0,0,0,0,0,0,0,0,0,0,0,0,0,0,0,0,0,0},
{0,0,0,0,0,0,0,0,-0.0016276042*J2^4+0,-0.0009396977*J1^1*J2^3+0,0.0009396977*J1^1*J2^3+-0.0018793954*J2^4+0,-0.0010850694*J1^1*J2^3+0.0005425347*J2^4+0,0,0,0,0,0.0023017799*J2^4+0,0.0013289332*J1^1*J2^3+0,-0.0013289332*J1^1*J2^3+0.0026578665*J2^4+0,0.0015345199*J1^1*J2^3+-0.0007672600*J2^4+0,0,0,0,0,0,0,0,0,0,0,0,0,0,0,0,0,0,0,0,0,0,0,0,0,0,0,0,0,0,0,0,0,0,0,0,0,0,0,0,0,0,0,0,0,0,0,0,0,0,0,0,0,0,0,0,0,0,0,0,0,0,0,0,0,0,0,0,0,0,0,0,0,0,0,0,0},
{0.0016276042*J1^1*J2^3+0,-0.0018793954*J1^1*J2^3+0.0028190931*J2^4+0,0.0018793954*J1^1*J2^3+-0.0009396977*J2^4+0,-0.0037977431*J1^1*J2^3+0.0043402778*J2^4+0,0,0,0,0,0,0,0,0,0,0,0,0,0,0,0,0,0,0,0,0,0,0,0,0,0,0,0,0,0,0,0,0,0,0,0,0,0,0,0,0,0,0,0,0,0,0,0,0,0,0,0,0,0,0,0,0,0,0,0,0,0,0,0,0,0,0,0,0,0,0,0,0,0,0,0,0,0,0,0,0,0,0,0,0,0,0,0,0,0,0,0,0},
{0,0,0,0,0,0,0,0,-0.0009396977*J1^1*J2^3+0,0.0010850694*J1^1*J2^3+-0.0016276042*J2^4+0,-0.0010850694*J1^1*J2^3+0.0005425347*J2^4+0,0.0021926280*J1^1*J2^3+-0.0025058605*J2^4+0,0,0,0,0,0.0013289332*J1^1*J2^3+0,-0.0015345199*J1^1*J2^3+0.0023017799*J2^4+0,0.0015345199*J1^1*J2^3+-0.0007672600*J2^4+0,-0.0031008442*J1^1*J2^3+0.0035438220*J2^4+0,0,0,0,0,0,0,0,0,0,0,0,0,0,0,0,0,0,0,0,0,0,0,0,0,0,0,0,0,0,0,0,0,0,0,0,0,0,0,0,0,0,0,0,0,0,0,0,0,0,0,0,0,0,0,0,0,0,0,0,0,0,0,0,0,0,0,0,0,0,0,0,0,0,0,0,0},
{0,0,0,0,0.0039867997*J1^1*J2^3+0,0.0023017799*J2^4+0,0.0023017799*J2^4+0,0.0013289332*J1^1*J2^3+0,0,0,0,0,0,0,0,0,0,0,0,0,0,0,0,0,0,0,0,0,0,0,0,0,0,0,0,0,0,0,0,0,0,0,0,0,0,0,0,0,0,0,0,0,0,0,0,0,0,0,0,0,0,0,0,0,0,0,0,0,0,0,0,0,0,0,0,0,0,0,0,0,0,0,0,0,0,0,0,0,0,0,0,0,0,0,0,0},
{0,0,0,0,0,0,0,0,0,0,0,0,-0.0023017799*J1^1*J2^3+0,-0.0013289332*J2^4+0,-0.0013289332*J2^4+0,-0.0007672600*J1^1*J2^3+0,0,0,0,0,0.0032552083*J1^1*J2^3+0,0.0018793954*J2^4+0,0.0018793954*J2^4+0,0.0010850694*J1^1*J2^3+0,0,0,0,0,0,0,0,0,0,0,0,0,0,0,0,0,0,0,0,0,0,0,0,0,0,0,0,0,0,0,0,0,0,0,0,0,0,0,0,0,0,0,0,0,0,0,0,0,0,0,0,0,0,0,0,0,0,0,0,0,0,0,0,0,0,0,0,0,0,0,0,0},
{0,0,0,0,0.0023017799*J2^4+0,0.0039867997*J1^1*J2^3+-0.0026578665*J2^4+0,0.0013289332*J1^1*J2^3+0,-0.0015345199*J1^1*J2^3+0.0023017799*J2^4+0,0,0,0,0,0,0,0,0,0,0,0,0,0,0,0,0,0,0,0,0,0,0,0,0,0,0,0,0,0,0,0,0,0,0,0,0,0,0,0,0,0,0,0,0,0,0,0,0,0,0,0,0,0,0,0,0,0,0,0,0,0,0,0,0,0,0,0,0,0,0,0,0,0,0,0,0,0,0,0,0,0,0,0,0,0,0,0,0},
{0,0,0,0,0,0,0,0,0,0,0,0,-0.0013289332*J2^4+0,-0.0023017799*J1^1*J2^3+0.0015345199*J2^4+0,-0.0007672600*J1^1*J2^3+0,0.0008859555*J1^1*J2^3+-0.0013289332*J2^4+0,0,0,0,0,0.0018793954*J2^4+0,0.0032552083*J1^1*J2^3+-0.0021701389*J2^4+0,0.0010850694*J1^1*J2^3+0,-0.0012529303*J1^1*J2^3+0.0018793954*J2^4+0,0,0,0,0,0,0,0,0,0,0,0,0,0,0,0,0,0,0,0,0,0,0,0,0,0,0,0,0,0,0,0,0,0,0,0,0,0,0,0,0,0,0,0,0,0,0,0,0,0,0,0,0,0,0,0,0,0,0,0,0,0,0,0,0,0,0,0,0,0,0,0,0},
{0,0,0,0,0.0023017799*J2^4+0,0.0013289332*J1^1*J2^3+0,-0.0013289332*J1^1*J2^3+0.0026578665*J2^4+0,0.0015345199*J1^1*J2^3+-0.0007672600*J2^4+0,0,0,0,0,0,0,0,0,0,0,0,0,0,0,0,0,0,0,0,0,0,0,0,0,0,0,0,0,0,0,0,0,0,0,0,0,0,0,0,0,0,0,0,0,0,0,0,0,0,0,0,0,0,0,0,0,0,0,0,0,0,0,0,0,0,0,0,0,0,0,0,0,0,0,0,0,0,0,0,0,0,0,0,0,0,0,0,0},
{0,0,0,0,0,0,0,0,0,0,0,0,-0.0013289332*J2^4+0,-0.0007672600*J1^1*J2^3+0,0.0007672600*J1^1*J2^3+-0.0015345199*J2^4+0,-0.0008859555*J1^1*J2^3+0.0004429777*J2^4+0,0,0,0,0,0.0018793954*J2^4+0,0.0010850694*J1^1*J2^3+0,-0.0010850694*J1^1*J2^3+0.0021701389*J2^4+0,0.0012529303*J1^1*J2^3+-0.0006264651*J2^4+0,0,0,0,0,0,0,0,0,0,0,0,0,0,0,0,0,0,0,0,0,0,0,0,0,0,0,0,0,0,0,0,0,0,0,0,0,0,0,0,0,0,0,0,0,0,0,0,0,0,0,0,0,0,0,0,0,0,0,0,0,0,0,0,0,0,0,0,0,0,0,0,0},
{0,0,0,0,0.0013289332*J1^1*J2^3+0,-0.0015345199*J1^1*J2^3+0.0023017799*J2^4+0,0.0015345199*J1^1*J2^3+-0.0007672600*J2^4+0,-0.0031008442*J1^1*J2^3+0.0035438220*J2^4+0,0,0,0,0,0,0,0,0,0,0,0,0,0,0,0,0,0,0,0,0,0,0,0,0,0,0,0,0,0,0,0,0,0,0,0,0,0,0,0,0,0,0,0,0,0,0,0,0,0,0,0,0,0,0,0,0,0,0,0,0,0,0,0,0,0,0,0,0,0,0,0,0,0,0,0,0,0,0,0,0,0,0,0,0,0,0,0,0},
{0,0,0,0,0,0,0,0,0,0,0,0,-0.0007672600*J1^1*J2^3+0,0.0008859555*J1^1*J2^3+-0.0013289332*J2^4+0,-0.0008859555*J1^1*J2^3+0.0004429777*J2^4+0,0.0017902732*J1^1*J2^3+-0.0020460266*J2^4+0,0,0,0,0,0.0010850694*J1^1*J2^3+0,-0.0012529303*J1^1*J2^3+0.0018793954*J2^4+0,0.0012529303*J1^1*J2^3+-0.0006264651*J2^4+0,-0.0025318287*J1^1*J2^3+0.0028935185*J2^4+0,0,0,0,0,0,0,0,0,0,0,0,0,0,0,0,0,0,0,0,0,0,0,0,0,0,0,0,0,0,0,0,0,0,0,0,0,0,0,0,0,0,0,0,0,0,0,0,0,0,0,0,0,0,0,0,0,0,0,0,0,0,0,0,0,0,0,0,0,0,0,0,0}
}