96
{{0,0,0,0,0,0,0,0,0,0,0,0,0,0,0,0,0,0,0,0,0,0,0,0,0,0,0,0,0,0,0,0,0,0,0,0,0,0,0,0,0,0,0,0,0,0,0,0,0,0,0,0,0,0,0,0,0,0,0,0,0,0,0,0,0,0,0,0,0,0,0,0,0,0,0,0,0.0011833230*J1^1*J2^3+0,-0.0035807292*J1^2*J2^2+-0.0077803498*J1^1*J2^3+-0.0035807292*J2^4+0,0.0003415959*J1^2*J2^2+0.0003415959*J2^4+0,-0.0022459935*J1^2*J2^2+-0.0041346699*J1^1*J2^3+-0.0022459935*J2^4+0,0,0,0,0,0,0,0,0,0,0,0,0,0,0,0,0},
{0,0,0,0,0,0,0,0,0,0,0,0,0,0,0,0,0,0,0,0,0,0,0,0,0,0,0,0,0,0,0,0,0,0,0,0,0,0,0,0,0,0,0,0,0,0,0,0,0,0,0,0,0,0,0,0,0,0,0,0,0,0,0,0,0,0,0,0,0,0,0,0,0,0,0,0,0.0003415959*J1^2*J2^2+0.0003415959*J2^4+0,-0.0022459935*J1^2*J2^2+-0.0041346699*J1^1*J2^3+-0.0022459935*J2^4+0,-0.0003944410*J1^2*J2^2+0.0011833230*J1^1*J2^3+-0.0003944410*J2^4+0,-0.0009872792*J1^2*J2^2+-0.0030060442*J1^1*J2^3+-0.0009872792*J2^4+0,0,0,0,0,0,0,0,0,0,0,0,0,0,0,0,0},
{0,0,0,0,0,0,0,0,0,0,0,0,0,0,0,0,0,0,0,0,0,0,0,0,0,0,0,0,0,0,0,0,0,0,0,0,0,0,0,0,0,0,0,0,0,0,0,0,0,0,0,0,0,0,0,0,0,0,0,0,0,0,0,0,0,0,0,0,0,0,0,0,0.0011833230*J1^1*J2^3+0,-0.0035807292*J1^2*J2^2+-0.0077803498*J1^1*J2^3+-0.0035807292*J2^4+0,0.0003415959*J1^2*J2^2+0.0003415959*J2^4+0,-0.0022459935*J1^2*J2^2+-0.0041346699*J1^1*J2^3+-0.0022459935*J2^4+0,-0.0013663837*J1^1*J2^3+0,0.0041346699*J1^2*J2^2+0.0089839741*J1^1*J2^3+0.0041346699*J2^4+0,-0.0003944410*J1^2*J2^2+-0.0003944410*J2^4+0,0.0025934499*J1^2*J2^2+0.0047743056*J1^1*J2^3+0.0025934499*J2^4+0,0,0,0,0,0,0,0,0,0,0,0,0,0,0,0,0},
{0,0,0,0,0,0,0,0,0,0,0,0,0,0,0,0,0,0,0,0,0,0,0,0,0,0,0,0,0,0,0,0,0,0,0,0,0,0,0,0,0,0,0,0,0,0,0,0,0,0,0,0,0,0,0,0,0,0,0,0,0,0,0,0,0,0,0,0,0,0,0,0,0.0003415959*J1^2*J2^2+0.0003415959*J2^4+0,-0.0022459935*J1^2*J2^2+-0.0041346699*J1^1*J2^3+-0.0022459935*J2^4+0,-0.0003944410*J1^2*J2^2+0.0011833230*J1^1*J2^3+-0.0003944410*J2^4+0,-0.0009872792*J1^2*J2^2+-0.0030060442*J1^1*J2^3+-0.0009872792*J2^4+0,-0.0003944410*J1^2*J2^2+-0.0003944410*J2^4+0,0.0025934499*J1^2*J2^2+0.0047743056*J1^1*J2^3+0.0025934499*J2^4+0,0.0004554612*J1^2*J2^2+-0.0013663837*J1^1*J2^3+0.0004554612*J2^4+0,0.0011400119*J1^2*J2^2+0.0034710809*J1^1*J2^3+0.0011400119*J2^4+0,0,0,0,0,0,0,0,0,0,0,0,0,0,0,0,0},
{0,0,0,0,0,0,0,0,0,0,0,0,0,0,0,0,0,0,0,0,0,0,0,0,0,0,0,0,0,0,0,0,0,0,0,0,0,0,0,0,0,0,0,0,0,0,0,0,0,0,0,0,0,0,0,0,0,0,0,0,0,0,0,0,0,0,0,0,0,0,0,0,0,0,0,0,0,0,0,0,0,0,0,0,-0.0006831919*J1^1*J2^3+0,0.0020673349*J1^2*J2^2+0.0044919870*J1^1*J2^3+0.0020673349*J2^4+0,-0.0001972205*J1^2*J2^2+-0.0001972205*J2^4+0,0.0012967250*J1^2*J2^2+0.0023871528*J1^1*J2^3+0.0012967250*J2^4+0,0,0,0,0,-0.0009661792*J1^1*J2^3+0,0.0029236531*J1^2*J2^2+0.0063526290*J1^1*J2^3+0.0029236531*J2^4+0,-0.0002789119*J1^2*J2^2+-0.0002789119*J2^4+0,0.0018338460*J1^2*J2^2+0.0033759438*J1^1*J2^3+0.0018338460*J2^4+0},
{0,0,0,0,0,0,0,0,0,0,0,0,0,0,0,0,0,0,0,0,0,0,0,0,0,0,0,0,0,0,0,0,0,0,0,0,0,0,0,0,0,0,0,0,0,0,0,0,0,0,0,0,0,0,0,0,0,0,0,0,0,0,0,0,0,0,0,0,0,0,0,0,0,0,0,0,0,0,0,0,0,0,0,0,-0.0001972205*J1^2*J2^2+-0.0001972205*J2^4+0,0.0012967250*J1^2*J2^2+0.0023871528*J1^1*J2^3+0.0012967250*J2^4+0,0.0002277306*J1^2*J2^2+-0.0006831919*J1^1*J2^3+0.0002277306*J2^4+0,0.0005700059*J1^2*J2^2+0.0017355405*J1^1*J2^3+0.0005700059*J2^4+0,0,0,0,0,-0.0002789119*J1^2*J2^2+-0.0002789119*J2^4+0,0.0018338460*J1^2*J2^2+0.0033759438*J1^1*J2^3+0.0018338460*J2^4+0,0.0003220597*J1^2*J2^2+-0.0009661792*J1^1*J2^3+0.0003220597*J2^4+0,0.0008061101*J1^2*J2^2+0.0024544248*J1^1*J2^3+0.0008061101*J2^4+0},
{0,0,0,0,0,0,0,0,0,0,0,0,0,0,0,0,0,0,0,0,0,0,0,0,0,0,0,0,0,0,0,0,0,0,0,0,0,0,0,0,0,0,0,0,0,0,0,0,0,0,0,0,0,0,0,0,0,0,0,0,0,0,0,0,0,0,0,0,0,0,0,0,0,0,0,0,0,0,0,0,-0.0006831919*J1^1*J2^3+0,0.0020673349*J1^2*J2^2+0.0044919870*J1^1*J2^3+0.0020673349*J2^4+0,-0.0001972205*J1^2*J2^2+-0.0001972205*J2^4+0,0.0012967250*J1^2*J2^2+0.0023871528*J1^1*J2^3+0.0012967250*J2^4+0,0.0007888820*J1^1*J2^3+0,-0.0023871528*J1^2*J2^2+-0.0051868999*J1^1*J2^3+-0.0023871528*J2^4+0,0.0002277306*J1^2*J2^2+0.0002277306*J2^4+0,-0.0014973290*J1^2*J2^2+-0.0027564466*J1^1*J2^3+-0.0014973290*J2^4+0,-0.0009661792*J1^1*J2^3+0,0.0029236531*J1^2*J2^2+0.0063526290*J1^1*J2^3+0.0029236531*J2^4+0,-0.0002789119*J1^2*J2^2+-0.0002789119*J2^4+0,0.0018338460*J1^2*J2^2+0.0033759438*J1^1*J2^3+0.0018338460*J2^4+0,0.0011156477*J1^1*J2^3+0,-0.0033759438*J1^2*J2^2+-0.0073353841*J1^1*J2^3+-0.0033759438*J2^4+0,0.0003220597*J1^2*J2^2+0.0003220597*J2^4+0,-0.0021175430*J1^2*J2^2+-0.0038982042*J1^1*J2^3+-0.0021175430*J2^4+0},
{0,0,0,0,0,0,0,0,0,0,0,0,0,0,0,0,0,0,0,0,0,0,0,0,0,0,0,0,0,0,0,0,0,0,0,0,0,0,0,0,0,0,0,0,0,0,0,0,0,0,0,0,0,0,0,0,0,0,0,0,0,0,0,0,0,0,0,0,0,0,0,0,0,0,0,0,0,0,0,0,-0.0001972205*J1^2*J2^2+-0.0001972205*J2^4+0,0.0012967250*J1^2*J2^2+0.0023871528*J1^1*J2^3+0.0012967250*J2^4+0,0.0002277306*J1^2*J2^2+-0.0006831919*J1^1*J2^3+0.0002277306*J2^4+0,0.0005700059*J1^2*J2^2+0.0017355405*J1^1*J2^3+0.0005700059*J2^4+0,0.0002277306*J1^2*J2^2+0.0002277306*J2^4+0,-0.0014973290*J1^2*J2^2+-0.0027564466*J1^1*J2^3+-0.0014973290*J2^4+0,-0.0002629607*J1^2*J2^2+0.0007888820*J1^1*J2^3+-0.0002629607*J2^4+0,-0.0006581862*J1^2*J2^2+-0.0020040295*J1^1*J2^3+-0.0006581862*J2^4+0,-0.0002789119*J1^2*J2^2+-0.0002789119*J2^4+0,0.0018338460*J1^2*J2^2+0.0033759438*J1^1*J2^3+0.0018338460*J2^4+0,0.0003220597*J1^2*J2^2+-0.0009661792*J1^1*J2^3+0.0003220597*J2^4+0,0.0008061101*J1^2*J2^2+0.0024544248*J1^1*J2^3+0.0008061101*J2^4+0,0.0003220597*J1^2*J2^2+0.0003220597*J2^4+0,-0.0021175430*J1^2*J2^2+-0.0038982042*J1^1*J2^3+-0.0021175430*J2^4+0,-0.0003718826*J1^2*J2^2+0.0011156477*J1^1*J2^3+-0.0003718826*J2^4+0,-0.0009308158*J1^2*J2^2+-0.0028341257*J1^1*J2^3+-0.0009308158*J2^4+0},
{0,0,0,0,0,0,0,0,0,0,0,0,0,0,0,0,0,0,0,0,0,0,0,0,0,0,0,0,0,0,0,0,0,0,0,0,0,0,0,0,0,0,0,0,0,0,0,0,0,0,0,0,0,0,0,0,0,0,0,0,0,0,0,0,0,0,0,0,0,0,0,0,0,0,0,0,0.0050465247*J1^2*J2^2+0.0050465247*J2^4+0,-0.0006671168*J1^2*J2^2+-0.0084635417*J1^1*J2^3+-0.0006671168*J2^4+0,0.0058272248*J1^1*J2^3+0,-0.0024432140*J1^2*J2^2+-0.0007703201*J1^1*J2^3+-0.0024432140*J2^4+0,0,0,0,0,0,0,0,0,0,0,0,0,0,0,0,0},
{0,0,0,0,0,0,0,0,0,0,0,0,0,0,0,0,0,0,0,0,0,0,0,0,0,0,0,0,0,0,0,0,0,0,0,0,0,0,0,0,0,0,0,0,0,0,0,0,0,0,0,0,0,0,0,0,0,0,0,0,0,0,0,0,0,0,0,0,0,0,0,0,0,0,0,0,0.0058272248*J1^1*J2^3+0,-0.0024432140*J1^2*J2^2+-0.0007703201*J1^1*J2^3+-0.0024432140*J2^4+0,0.0050465247*J1^2*J2^2+-0.0067286996*J1^1*J2^3+0.0050465247*J2^4+0,0.0021540638*J1^2*J2^2+-0.0075740526*J1^1*J2^3+0.0021540638*J2^4+0,0,0,0,0,0,0,0,0,0,0,0,0,0,0,0,0},
{0,0,0,0,0,0,0,0,0,0,0,0,0,0,0,0,0,0,0,0,0,0,0,0,0,0,0,0,0,0,0,0,0,0,0,0,0,0,0,0,0,0,0,0,0,0,0,0,0,0,0,0,0,0,0,0,0,0,0,0,0,0,0,0,0,0,0,0,0,0,0,0,0.0050465247*J1^2*J2^2+0.0050465247*J2^4+0,-0.0006671168*J1^2*J2^2+-0.0084635417*J1^1*J2^3+-0.0006671168*J2^4+0,0.0058272248*J1^1*J2^3+0,-0.0024432140*J1^2*J2^2+-0.0007703201*J1^1*J2^3+-0.0024432140*J2^4+0,-0.0058272248*J1^2*J2^2+-0.0058272248*J2^4+0,0.0007703201*J1^2*J2^2+0.0097728561*J1^1*J2^3+0.0007703201*J2^4+0,-0.0067286996*J1^1*J2^3+0,0.0028211806*J1^2*J2^2+0.0008894890*J1^1*J2^3+0.0028211806*J2^4+0,0,0,0,0,0,0,0,0,0,0,0,0,0,0,0,0},
{0,0,0,0,0,0,0,0,0,0,0,0,0,0,0,0,0,0,0,0,0,0,0,0,0,0,0,0,0,0,0,0,0,0,0,0,0,0,0,0,0,0,0,0,0,0,0,0,0,0,0,0,0,0,0,0,0,0,0,0,0,0,0,0,0,0,0,0,0,0,0,0,0.0058272248*J1^1*J2^3+0,-0.0024432140*J1^2*J2^2+-0.0007703201*J1^1*J2^3+-0.0024432140*J2^4+0,0.0050465247*J1^2*J2^2+-0.0067286996*J1^1*J2^3+0.0050465247*J2^4+0,0.0021540638*J1^2*J2^2+-0.0075740526*J1^1*J2^3+0.0021540638*J2^4+0,-0.0067286996*J1^1*J2^3+0,0.0028211806*J1^2*J2^2+0.0008894890*J1^1*J2^3+0.0028211806*J2^4+0,-0.0058272248*J1^2*J2^2+0.0077696331*J1^1*J2^3+-0.0058272248*J2^4+0,-0.0024872986*J1^2*J2^2+0.0087457627*J1^1*J2^3+-0.0024872986*J2^4+0,0,0,0,0,0,0,0,0,0,0,0,0,0,0,0,0},
{0,0,0,0,0,0,0,0,0,0,0,0,0,0,0,0,0,0,0,0,0,0,0,0,0,0,0,0,0,0,0,0,0,0,0,0,0,0,0,0,0,0,0,0,0,0,0,0,0,0,0,0,0,0,0,0,0,0,0,0,0,0,0,0,0,0,0,0,0,0,0,0,0,0,0,0,0,0,0,0,0,0,0,0,-0.0029136124*J1^2*J2^2+-0.0029136124*J2^4+0,0.0003851600*J1^2*J2^2+0.0048864281*J1^1*J2^3+0.0003851600*J2^4+0,-0.0033643498*J1^1*J2^3+0,0.0014105903*J1^2*J2^2+0.0004447445*J1^1*J2^3+0.0014105903*J2^4+0,0,0,0,0,-0.0041204702*J1^2*J2^2+-0.0041204702*J2^4+0,0.0005446986*J1^2*J2^2+0.0069104528*J1^1*J2^3+0.0005446986*J2^4+0,-0.0047579091*J1^1*J2^3+0,0.0019948759*J1^2*J2^2+0.0006289637*J1^1*J2^3+0.0019948759*J2^4+0},
{0,0,0,0,0,0,0,0,0,0,0,0,0,0,0,0,0,0,0,0,0,0,0,0,0,0,0,0,0,0,0,0,0,0,0,0,0,0,0,0,0,0,0,0,0,0,0,0,0,0,0,0,0,0,0,0,0,0,0,0,0,0,0,0,0,0,0,0,0,0,0,0,0,0,0,0,0,0,0,0,0,0,0,0,-0.0033643498*J1^1*J2^3+0,0.0014105903*J1^2*J2^2+0.0004447445*J1^1*J2^3+0.0014105903*J2^4+0,-0.0029136124*J1^2*J2^2+0.0038848165*J1^1*J2^3+-0.0029136124*J2^4+0,-0.0012436493*J1^2*J2^2+0.0043728813*J1^1*J2^3+-0.0012436493*J2^4+0,0,0,0,0,-0.0047579091*J1^1*J2^3+0,0.0019948759*J1^2*J2^2+0.0006289637*J1^1*J2^3+0.0019948759*J2^4+0,-0.0041204702*J1^2*J2^2+0.0054939602*J1^1*J2^3+-0.0041204702*J2^4+0,-0.0017587857*J1^2*J2^2+0.0061841881*J1^1*J2^3+-0.0017587857*J2^4+0},
{0,0,0,0,0,0,0,0,0,0,0,0,0,0,0,0,0,0,0,0,0,0,0,0,0,0,0,0,0,0,0,0,0,0,0,0,0,0,0,0,0,0,0,0,0,0,0,0,0,0,0,0,0,0,0,0,0,0,0,0,0,0,0,0,0,0,0,0,0,0,0,0,0,0,0,0,0,0,0,0,-0.0029136124*J1^2*J2^2+-0.0029136124*J2^4+0,0.0003851600*J1^2*J2^2+0.0048864281*J1^1*J2^3+0.0003851600*J2^4+0,-0.0033643498*J1^1*J2^3+0,0.0014105903*J1^2*J2^2+0.0004447445*J1^1*J2^3+0.0014105903*J2^4+0,0.0033643498*J1^2*J2^2+0.0033643498*J2^4+0,-0.0004447445*J1^2*J2^2+-0.0056423611*J1^1*J2^3+-0.0004447445*J2^4+0,0.0038848165*J1^1*J2^3+0,-0.0016288094*J1^2*J2^2+-0.0005135467*J1^1*J2^3+-0.0016288094*J2^4+0,-0.0041204702*J1^2*J2^2+-0.0041204702*J2^4+0,0.0005446986*J1^2*J2^2+0.0069104528*J1^1*J2^3+0.0005446986*J2^4+0,-0.0047579091*J1^1*J2^3+0,0.0019948759*J1^2*J2^2+0.0006289637*J1^1*J2^3+0.0019948759*J2^4+0,0.0047579091*J1^2*J2^2+0.0047579091*J2^4+0,-0.0006289637*J1^2*J2^2+-0.0079795036*J1^1*J2^3+-0.0006289637*J2^4+0,0.0054939602*J1^1*J2^3+0,-0.0023034843*J1^2*J2^2+-0.0007262647*J1^1*J2^3+-0.0023034843*J2^4+0},
{0,0,0,0,0,0,0,0,0,0,0,0,0,0,0,0,0,0,0,0,0,0,0,0,0,0,0,0,0,0,0,0,0,0,0,0,0,0,0,0,0,0,0,0,0,0,0,0,0,0,0,0,0,0,0,0,0,0,0,0,0,0,0,0,0,0,0,0,0,0,0,0,0,0,0,0,0,0,0,0,-0.0033643498*J1^1*J2^3+0,0.0014105903*J1^2*J2^2+0.0004447445*J1^1*J2^3+0.0014105903*J2^4+0,-0.0029136124*J1^2*J2^2+0.0038848165*J1^1*J2^3+-0.0029136124*J2^4+0,-0.0012436493*J1^2*J2^2+0.0043728813*J1^1*J2^3+-0.0012436493*J2^4+0,0.0038848165*J1^1*J2^3+0,-0.0016288094*J1^2*J2^2+-0.0005135467*J1^1*J2^3+-0.0016288094*J2^4+0,0.0033643498*J1^2*J2^2+-0.0044857997*J1^1*J2^3+0.0033643498*J2^4+0,0.0014360425*J1^2*J2^2+-0.0050493684*J1^1*J2^3+0.0014360425*J2^4+0,-0.0047579091*J1^1*J2^3+0,0.0019948759*J1^2*J2^2+0.0006289637*J1^1*J2^3+0.0019948759*J2^4+0,-0.0041204702*J1^2*J2^2+0.0054939602*J1^1*J2^3+-0.0041204702*J2^4+0,-0.0017587857*J1^2*J2^2+0.0061841881*J1^1*J2^3+-0.0017587857*J2^4+0,0.0054939602*J1^1*J2^3+0,-0.0023034843*J1^2*J2^2+-0.0007262647*J1^1*J2^3+-0.0023034843*J2^4+0,0.0047579091*J1^2*J2^2+-0.0063438788*J1^1*J2^3+0.0047579091*J2^4+0,0.0020308708*J1^2*J2^2+-0.0071408853*J1^1*J2^3+0.0020308708*J2^4+0},
{0,0,0,0,0,0,0,0,0,0,0,0,0,0,0,0,0,0,0,0,0,0,0,0,0,0,0,0,0,0,0,0,0,0,0,0,0,0,0,0,0,0,0,0,0,0,0,0,0,0,0,0,0,0,0,0,0,0,0,0,0,0,0,0,0,0,0,0,0,0,0,0,0,0,0,0,0.0008170478*J1^2*J2^2+0.0095289435*J1^1*J2^3+0.0008170478*J2^4+0,-0.0045921930*J1^2*J2^2+-0.0064677173*J1^1*J2^3+-0.0045921930*J2^4+0,0.0027507690*J1^2*J2^2+0.0009434456*J1^1*J2^3+0.0027507690*J2^4+0,-0.0018670692*J1^2*J2^2+-0.0053026077*J1^1*J2^3+-0.0018670692*J2^4+0,0,0,0,0,0,0,0,0,0,0,0,0,0,0,0,0},
{0,0,0,0,0,0,0,0,0,0,0,0,0,0,0,0,0,0,0,0,0,0,0,0,0,0,0,0,0,0,0,0,0,0,0,0,0,0,0,0,0,0,0,0,0,0,0,0,0,0,0,0,0,0,0,0,0,0,0,0,0,0,0,0,0,0,0,0,0,0,0,0,0,0,0,0,0.0027507690*J1^2*J2^2+0.0009434456*J1^1*J2^3+0.0027507690*J2^4+0,-0.0018670692*J1^2*J2^2+-0.0053026077*J1^1*J2^3+-0.0018670692*J2^4+0,-0.0023592667*J1^2*J2^2+0.0084395464*J1^1*J2^3+-0.0023592667*J2^4+0,-0.0024362872*J1^2*J2^2+-0.0003447934*J1^1*J2^3+-0.0024362872*J2^4+0,0,0,0,0,0,0,0,0,0,0,0,0,0,0,0,0},
{0,0,0,0,0,0,0,0,0,0,0,0,0,0,0,0,0,0,0,0,0,0,0,0,0,0,0,0,0,0,0,0,0,0,0,0,0,0,0,0,0,0,0,0,0,0,0,0,0,0,0,0,0,0,0,0,0,0,0,0,0,0,0,0,0,0,0,0,0,0,0,0,0.0008170478*J1^2*J2^2+0.0095289435*J1^1*J2^3+0.0008170478*J2^4+0,-0.0045921930*J1^2*J2^2+-0.0064677173*J1^1*J2^3+-0.0045921930*J2^4+0,0.0027507690*J1^2*J2^2+0.0009434456*J1^1*J2^3+0.0027507690*J2^4+0,-0.0018670692*J1^2*J2^2+-0.0053026077*J1^1*J2^3+-0.0018670692*J2^4+0,-0.0009434456*J1^2*J2^2+-0.0110030762*J1^1*J2^3+-0.0009434456*J2^4+0,0.0053026077*J1^2*J2^2+0.0074682767*J1^1*J2^3+0.0053026077*J2^4+0,-0.0031763145*J1^2*J2^2+-0.0010893971*J1^1*J2^3+-0.0031763145*J2^4+0,0.0021559058*J1^2*J2^2+0.0061229239*J1^1*J2^3+0.0021559058*J2^4+0,0,0,0,0,0,0,0,0,0,0,0,0,0,0,0,0},
{0,0,0,0,0,0,0,0,0,0,0,0,0,0,0,0,0,0,0,0,0,0,0,0,0,0,0,0,0,0,0,0,0,0,0,0,0,0,0,0,0,0,0,0,0,0,0,0,0,0,0,0,0,0,0,0,0,0,0,0,0,0,0,0,0,0,0,0,0,0,0,0,0.0027507690*J1^2*J2^2+0.0009434456*J1^1*J2^3+0.0027507690*J2^4+0,-0.0018670692*J1^2*J2^2+-0.0053026077*J1^1*J2^3+-0.0018670692*J2^4+0,-0.0023592667*J1^2*J2^2+0.0084395464*J1^1*J2^3+-0.0023592667*J2^4+0,-0.0024362872*J1^2*J2^2+-0.0003447934*J1^1*J2^3+-0.0024362872*J2^4+0,-0.0031763145*J1^2*J2^2+-0.0010893971*J1^1*J2^3+-0.0031763145*J2^4+0,0.0021559058*J1^2*J2^2+0.0061229239*J1^1*J2^3+0.0021559058*J2^4+0,0.0027242465*J1^2*J2^2+-0.0097451488*J1^1*J2^3+0.0027242465*J2^4+0,0.0028131821*J1^2*J2^2+0.0003981331*J1^1*J2^3+0.0028131821*J2^4+0,0,0,0,0,0,0,0,0,0,0,0,0,0,0,0,0},
{0,0,0,0,0,0,0,0,0,0,0,0,0,0,0,0,0,0,0,0,0,0,0,0,0,0,0,0,0,0,0,0,0,0,0,0,0,0,0,0,0,0,0,0,0,0,0,0,0,0,0,0,0,0,0,0,0,0,0,0,0,0,0,0,0,0,0,0,0,0,0,0,0,0,0,0,0,0,0,0,0,0,0,0,-0.0004717228*J1^2*J2^2+-0.0055015381*J1^1*J2^3+-0.0004717228*J2^4+0,0.0026513038*J1^2*J2^2+0.0037341383*J1^1*J2^3+0.0026513038*J2^4+0,-0.0015881573*J1^2*J2^2+-0.0005446986*J1^1*J2^3+-0.0015881573*J2^4+0,0.0010779529*J1^2*J2^2+0.0030614620*J1^1*J2^3+0.0010779529*J2^4+0,0,0,0,0,-0.0006671168*J1^2*J2^2+-0.0077803498*J1^1*J2^3+-0.0006671168*J2^4+0,0.0037495099*J1^2*J2^2+0.0052808691*J1^1*J2^3+0.0037495099*J2^4+0,-0.0022459935*J1^2*J2^2+-0.0007703201*J1^1*J2^3+-0.0022459935*J2^4+0,0.0015244556*J1^2*J2^2+0.0043295610*J1^1*J2^3+0.0015244556*J2^4+0},
{0,0,0,0,0,0,0,0,0,0,0,0,0,0,0,0,0,0,0,0,0,0,0,0,0,0,0,0,0,0,0,0,0,0,0,0,0,0,0,0,0,0,0,0,0,0,0,0,0,0,0,0,0,0,0,0,0,0,0,0,0,0,0,0,0,0,0,0,0,0,0,0,0,0,0,0,0,0,0,0,0,0,0,0,-0.0015881573*J1^2*J2^2+-0.0005446986*J1^1*J2^3+-0.0015881573*J2^4+0,0.0010779529*J1^2*J2^2+0.0030614620*J1^1*J2^3+0.0010779529*J2^4+0,0.0013621232*J1^2*J2^2+-0.0048725744*J1^1*J2^3+0.0013621232*J2^4+0,0.0014065911*J1^2*J2^2+0.0001990665*J1^1*J2^3+0.0014065911*J2^4+0,0,0,0,0,-0.0022459935*J1^2*J2^2+-0.0007703201*J1^1*J2^3+-0.0022459935*J2^4+0,0.0015244556*J1^2*J2^2+0.0043295610*J1^1*J2^3+0.0015244556*J2^4+0,0.0019263332*J1^2*J2^2+-0.0068908608*J1^1*J2^3+0.0019263332*J2^4+0,0.0019892202*J1^2*J2^2+0.0002815226*J1^1*J2^3+0.0019892202*J2^4+0},
{0,0,0,0,0,0,0,0,0,0,0,0,0,0,0,0,0,0,0,0,0,0,0,0,0,0,0,0,0,0,0,0,0,0,0,0,0,0,0,0,0,0,0,0,0,0,0,0,0,0,0,0,0,0,0,0,0,0,0,0,0,0,0,0,0,0,0,0,0,0,0,0,0,0,0,0,0,0,0,0,-0.0004717228*J1^2*J2^2+-0.0055015381*J1^1*J2^3+-0.0004717228*J2^4+0,0.0026513038*J1^2*J2^2+0.0037341383*J1^1*J2^3+0.0026513038*J2^4+0,-0.0015881573*J1^2*J2^2+-0.0005446986*J1^1*J2^3+-0.0015881573*J2^4+0,0.0010779529*J1^2*J2^2+0.0030614620*J1^1*J2^3+0.0010779529*J2^4+0,0.0005446986*J1^2*J2^2+0.0063526290*J1^1*J2^3+0.0005446986*J2^4+0,-0.0030614620*J1^2*J2^2+-0.0043118115*J1^1*J2^3+-0.0030614620*J2^4+0,0.0018338460*J1^2*J2^2+0.0006289637*J1^1*J2^3+0.0018338460*J2^4+0,-0.0012447128*J1^2*J2^2+-0.0035350718*J1^1*J2^3+-0.0012447128*J2^4+0,-0.0006671168*J1^2*J2^2+-0.0077803498*J1^1*J2^3+-0.0006671168*J2^4+0,0.0037495099*J1^2*J2^2+0.0052808691*J1^1*J2^3+0.0037495099*J2^4+0,-0.0022459935*J1^2*J2^2+-0.0007703201*J1^1*J2^3+-0.0022459935*J2^4+0,0.0015244556*J1^2*J2^2+0.0043295610*J1^1*J2^3+0.0015244556*J2^4+0,0.0007703201*J1^2*J2^2+0.0089839741*J1^1*J2^3+0.0007703201*J2^4+0,-0.0043295610*J1^2*J2^2+-0.0060978224*J1^1*J2^3+-0.0043295610*J2^4+0,0.0025934499*J1^2*J2^2+0.0008894890*J1^1*J2^3+0.0025934499*J2^4+0,-0.0017602897*J1^2*J2^2+-0.0049993465*J1^1*J2^3+-0.0017602897*J2^4+0},
{0,0,0,0,0,0,0,0,0,0,0,0,0,0,0,0,0,0,0,0,0,0,0,0,0,0,0,0,0,0,0,0,0,0,0,0,0,0,0,0,0,0,0,0,0,0,0,0,0,0,0,0,0,0,0,0,0,0,0,0,0,0,0,0,0,0,0,0,0,0,0,0,0,0,0,0,0,0,0,0,-0.0015881573*J1^2*J2^2+-0.0005446986*J1^1*J2^3+-0.0015881573*J2^4+0,0.0010779529*J1^2*J2^2+0.0030614620*J1^1*J2^3+0.0010779529*J2^4+0,0.0013621232*J1^2*J2^2+-0.0048725744*J1^1*J2^3+0.0013621232*J2^4+0,0.0014065911*J1^2*J2^2+0.0001990665*J1^1*J2^3+0.0014065911*J2^4+0,0.0018338460*J1^2*J2^2+0.0006289637*J1^1*J2^3+0.0018338460*J2^4+0,-0.0012447128*J1^2*J2^2+-0.0035350718*J1^1*J2^3+-0.0012447128*J2^4+0,-0.0015728444*J1^2*J2^2+0.0056263643*J1^1*J2^3+-0.0015728444*J2^4+0,-0.0016241915*J1^2*J2^2+-0.0002298622*J1^1*J2^3+-0.0016241915*J2^4+0,-0.0022459935*J1^2*J2^2+-0.0007703201*J1^1*J2^3+-0.0022459935*J2^4+0,0.0015244556*J1^2*J2^2+0.0043295610*J1^1*J2^3+0.0015244556*J2^4+0,0.0019263332*J1^2*J2^2+-0.0068908608*J1^1*J2^3+0.0019263332*J2^4+0,0.0019892202*J1^2*J2^2+0.0002815226*J1^1*J2^3+0.0019892202*J2^4+0,0.0025934499*J1^2*J2^2+0.0008894890*J1^1*J2^3+0.0025934499*J2^4+0,-0.0017602897*J1^2*J2^2+-0.0049993465*J1^1*J2^3+-0.0017602897*J2^4+0,-0.0022243379*J1^2*J2^2+0.0079568806*J1^1*J2^3+-0.0022243379*J2^4+0,-0.0022969536*J1^2*J2^2+-0.0003250743*J1^1*J2^3+-0.0022969536*J2^4+0},
{0,0,0,0,0,0,0,0,0,0,0,0,0,0,0,0,0,0,0,0,0,0,0,0,0,0,0,0,0,0,0,0,0,0,0,0,0,0,0,0,0,0,0,0,0,0,0,0,0,0,0,0,0,0,0,0,0,0,0,0,0,0,0,0,0,0,0,0,0,0,0,0,0,0,0,0,-0.0050743676*J1^2*J2^2+0,-0.0013020833*J1^1*J2^3+-0.0016276042*J2^4+0,-0.0029296875*J2^4+0,0.0009396977*J1^2*J2^2+-0.0007517582*J1^1*J2^3+-0.0018793954*J2^4+0,0,0,0,0,0,0,0,0,0,0,0,0,0,0,0,0},
{0,0,0,0,0,0,0,0,0,0,0,0,0,0,0,0,0,0,0,0,0,0,0,0,0,0,0,0,0,0,0,0,0,0,0,0,0,0,0,0,0,0,0,0,0,0,0,0,0,0,0,0,0,0,0,0,0,0,0,0,0,0,0,0,0,0,0,0,0,0,0,0,0,0,0,0,-0.0013020833*J1^1*J2^3+-0.0016276042*J2^4+0,-0.0050743676*J1^2*J2^2+0.0015035163*J1^1*J2^3+0.0018793954*J2^4+0,0.0009396977*J1^2*J2^2+-0.0007517582*J1^1*J2^3+-0.0018793954*J2^4+0,-0.0010850694*J1^2*J2^2+0.0008680556*J1^1*J2^3+-0.0007595486*J2^4+0,0,0,0,0,0,0,0,0,0,0,0,0,0,0,0,0},
{0,0,0,0,0,0,0,0,0,0,0,0,0,0,0,0,0,0,0,0,0,0,0,0,0,0,0,0,0,0,0,0,0,0,0,0,0,0,0,0,0,0,0,0,0,0,0,0,0,0,0,0,0,0,0,0,0,0,0,0,0,0,0,0,0,0,0,0,0,0,0,0,-0.0050743676*J1^2*J2^2+0,-0.0013020833*J1^1*J2^3+-0.0016276042*J2^4+0,-0.0029296875*J2^4+0,0.0009396977*J1^2*J2^2+-0.0007517582*J1^1*J2^3+-0.0018793954*J2^4+0,0.0058593750*J1^2*J2^2+0,0.0015035163*J1^1*J2^3+0.0018793954*J2^4+0,0.0033829117*J2^4+0,-0.0010850694*J1^2*J2^2+0.0008680556*J1^1*J2^3+0.0021701389*J2^4+0,0,0,0,0,0,0,0,0,0,0,0,0,0,0,0,0},
{0,0,0,0,0,0,0,0,0,0,0,0,0,0,0,0,0,0,0,0,0,0,0,0,0,0,0,0,0,0,0,0,0,0,0,0,0,0,0,0,0,0,0,0,0,0,0,0,0,0,0,0,0,0,0,0,0,0,0,0,0,0,0,0,0,0,0,0,0,0,0,0,-0.0013020833*J1^1*J2^3+-0.0016276042*J2^4+0,-0.0050743676*J1^2*J2^2+0.0015035163*J1^1*J2^3+0.0018793954*J2^4+0,0.0009396977*J1^2*J2^2+-0.0007517582*J1^1*J2^3+-0.0018793954*J2^4+0,-0.0010850694*J1^2*J2^2+0.0008680556*J1^1*J2^3+-0.0007595486*J2^4+0,0.0015035163*J1^1*J2^3+0.0018793954*J2^4+0,0.0058593750*J1^2*J2^2+-0.0017361111*J1^1*J2^3+-0.0021701389*J2^4+0,-0.0010850694*J1^2*J2^2+0.0008680556*J1^1*J2^3+0.0021701389*J2^4+0,0.0012529303*J1^2*J2^2+-0.0010023442*J1^1*J2^3+0.0008770512*J2^4+0,0,0,0,0,0,0,0,0,0,0,0,0,0,0,0,0},
{0,0,0,0,0,0,0,0,0,0,0,0,0,0,0,0,0,0,0,0,0,0,0,0,0,0,0,0,0,0,0,0,0,0,0,0,0,0,0,0,0,0,0,0,0,0,0,0,0,0,0,0,0,0,0,0,0,0,0,0,0,0,0,0,0,0,0,0,0,0,0,0,0,0,0,0,0,0,0,0,0,0,0,0,0.0029296875*J1^2*J2^2+0,0.0007517582*J1^1*J2^3+0.0009396977*J2^4+0,0.0016914559*J2^4+0,-0.0005425347*J1^2*J2^2+0.0004340278*J1^1*J2^3+0.0010850694*J2^4+0,0,0,0,0,0.0041432038*J1^2*J2^2+0,0.0010631466*J1^1*J2^3+0.0013289332*J2^4+0,0.0023920798*J2^4+0,-0.0007672600*J1^2*J2^2+0.0006138080*J1^1*J2^3+0.0015345199*J2^4+0},
{0,0,0,0,0,0,0,0,0,0,0,0,0,0,0,0,0,0,0,0,0,0,0,0,0,0,0,0,0,0,0,0,0,0,0,0,0,0,0,0,0,0,0,0,0,0,0,0,0,0,0,0,0,0,0,0,0,0,0,0,0,0,0,0,0,0,0,0,0,0,0,0,0,0,0,0,0,0,0,0,0,0,0,0,0.0007517582*J1^1*J2^3+0.0009396977*J2^4+0,0.0029296875*J1^2*J2^2+-0.0008680556*J1^1*J2^3+-0.0010850694*J2^4+0,-0.0005425347*J1^2*J2^2+0.0004340278*J1^1*J2^3+0.0010850694*J2^4+0,0.0006264651*J1^2*J2^2+-0.0005011721*J1^1*J2^3+0.0004385256*J2^4+0,0,0,0,0,0.0010631466*J1^1*J2^3+0.0013289332*J2^4+0,0.0041432038*J1^2*J2^2+-0.0012276159*J1^1*J2^3+-0.0015345199*J2^4+0,-0.0007672600*J1^2*J2^2+0.0006138080*J1^1*J2^3+0.0015345199*J2^4+0,0.0008859555*J1^2*J2^2+-0.0007087644*J1^1*J2^3+0.0006201688*J2^4+0},
{0,0,0,0,0,0,0,0,0,0,0,0,0,0,0,0,0,0,0,0,0,0,0,0,0,0,0,0,0,0,0,0,0,0,0,0,0,0,0,0,0,0,0,0,0,0,0,0,0,0,0,0,0,0,0,0,0,0,0,0,0,0,0,0,0,0,0,0,0,0,0,0,0,0,0,0,0,0,0,0,0.0029296875*J1^2*J2^2+0,0.0007517582*J1^1*J2^3+0.0009396977*J2^4+0,0.0016914559*J2^4+0,-0.0005425347*J1^2*J2^2+0.0004340278*J1^1*J2^3+0.0010850694*J2^4+0,-0.0033829117*J1^2*J2^2+0,-0.0008680556*J1^1*J2^3+-0.0010850694*J2^4+0,-0.0019531250*J2^4+0,0.0006264651*J1^2*J2^2+-0.0005011721*J1^1*J2^3+-0.0012529303*J2^4+0,0.0041432038*J1^2*J2^2+0,0.0010631466*J1^1*J2^3+0.0013289332*J2^4+0,0.0023920798*J2^4+0,-0.0007672600*J1^2*J2^2+0.0006138080*J1^1*J2^3+0.0015345199*J2^4+0,-0.0047841597*J1^2*J2^2+0,-0.0012276159*J1^1*J2^3+-0.0015345199*J2^4+0,-0.0027621359*J2^4+0,0.0008859555*J1^2*J2^2+-0.0007087644*J1^1*J2^3+-0.0017719110*J2^4+0},
{0,0,0,0,0,0,0,0,0,0,0,0,0,0,0,0,0,0,0,0,0,0,0,0,0,0,0,0,0,0,0,0,0,0,0,0,0,0,0,0,0,0,0,0,0,0,0,0,0,0,0,0,0,0,0,0,0,0,0,0,0,0,0,0,0,0,0,0,0,0,0,0,0,0,0,0,0,0,0,0,0.0007517582*J1^1*J2^3+0.0009396977*J2^4+0,0.0029296875*J1^2*J2^2+-0.0008680556*J1^1*J2^3+-0.0010850694*J2^4+0,-0.0005425347*J1^2*J2^2+0.0004340278*J1^1*J2^3+0.0010850694*J2^4+0,0.0006264651*J1^2*J2^2+-0.0005011721*J1^1*J2^3+0.0004385256*J2^4+0,-0.0008680556*J1^1*J2^3+-0.0010850694*J2^4+0,-0.0033829117*J1^2*J2^2+0.0010023442*J1^1*J2^3+0.0012529303*J2^4+0,0.0006264651*J1^2*J2^2+-0.0005011721*J1^1*J2^3+-0.0012529303*J2^4+0,-0.0007233796*J1^2*J2^2+0.0005787037*J1^1*J2^3+-0.0005063657*J2^4+0,0.0010631466*J1^1*J2^3+0.0013289332*J2^4+0,0.0041432038*J1^2*J2^2+-0.0012276159*J1^1*J2^3+-0.0015345199*J2^4+0,-0.0007672600*J1^2*J2^2+0.0006138080*J1^1*J2^3+0.0015345199*J2^4+0,0.0008859555*J1^2*J2^2+-0.0007087644*J1^1*J2^3+0.0006201688*J2^4+0,-0.0012276159*J1^1*J2^3+-0.0015345199*J2^4+0,-0.0047841597*J1^2*J2^2+0.0014175288*J1^1*J2^3+0.0017719110*J2^4+0,0.0008859555*J1^2*J2^2+-0.0007087644*J1^1*J2^3+-0.0017719110*J2^4+0,-0.0010230133*J1^2*J2^2+0.0008184106*J1^1*J2^3+-0.0007161093*J2^4+0},
{0,0,0,0,0,0,0,0,0,0,0,0,0,0,0,0,0,0,0,0,0,0,0,0,0,0,0,0,0,0,0,0,0,0,0,0,0,0,0,0,0,0,0,0,0,0,0,0,0,0,0,0,0,0,0,0,0,0,0,0,0,0,0,0,0,0,0,0,0,0,0,0,0,0,0,0,0.0050743676*J2^4+0,0.0016276042*J1^2*J2^2+0.0013020833*J1^1*J2^3+0,0.0029296875*J1^2*J2^2+0,0.0018793954*J1^2*J2^2+0.0007517582*J1^1*J2^3+-0.0009396977*J2^4+0,0,0,0,0,0,0,0,0,0,0,0,0,0,0,0,0},
{0,0,0,0,0,0,0,0,0,0,0,0,0,0,0,0,0,0,0,0,0,0,0,0,0,0,0,0,0,0,0,0,0,0,0,0,0,0,0,0,0,0,0,0,0,0,0,0,0,0,0,0,0,0,0,0,0,0,0,0,0,0,0,0,0,0,0,0,0,0,0,0,0,0,0,0,0.0016276042*J1^2*J2^2+0.0013020833*J1^1*J2^3+0,-0.0018793954*J1^2*J2^2+-0.0015035163*J1^1*J2^3+0.0050743676*J2^4+0,0.0018793954*J1^2*J2^2+0.0007517582*J1^1*J2^3+-0.0009396977*J2^4+0,0.0007595486*J1^2*J2^2+-0.0008680556*J1^1*J2^3+0.0010850694*J2^4+0,0,0,0,0,0,0,0,0,0,0,0,0,0,0,0,0},
{0,0,0,0,0,0,0,0,0,0,0,0,0,0,0,0,0,0,0,0,0,0,0,0,0,0,0,0,0,0,0,0,0,0,0,0,0,0,0,0,0,0,0,0,0,0,0,0,0,0,0,0,0,0,0,0,0,0,0,0,0,0,0,0,0,0,0,0,0,0,0,0,0.0050743676*J2^4+0,0.0016276042*J1^2*J2^2+0.0013020833*J1^1*J2^3+0,0.0029296875*J1^2*J2^2+0,0.0018793954*J1^2*J2^2+0.0007517582*J1^1*J2^3+-0.0009396977*J2^4+0,-0.0058593750*J2^4+0,-0.0018793954*J1^2*J2^2+-0.0015035163*J1^1*J2^3+0,-0.0033829117*J1^2*J2^2+0,-0.0021701389*J1^2*J2^2+-0.0008680556*J1^1*J2^3+0.0010850694*J2^4+0,0,0,0,0,0,0,0,0,0,0,0,0,0,0,0,0},
{0,0,0,0,0,0,0,0,0,0,0,0,0,0,0,0,0,0,0,0,0,0,0,0,0,0,0,0,0,0,0,0,0,0,0,0,0,0,0,0,0,0,0,0,0,0,0,0,0,0,0,0,0,0,0,0,0,0,0,0,0,0,0,0,0,0,0,0,0,0,0,0,0.0016276042*J1^2*J2^2+0.0013020833*J1^1*J2^3+0,-0.0018793954*J1^2*J2^2+-0.0015035163*J1^1*J2^3+0.0050743676*J2^4+0,0.0018793954*J1^2*J2^2+0.0007517582*J1^1*J2^3+-0.0009396977*J2^4+0,0.0007595486*J1^2*J2^2+-0.0008680556*J1^1*J2^3+0.0010850694*J2^4+0,-0.0018793954*J1^2*J2^2+-0.0015035163*J1^1*J2^3+0,0.0021701389*J1^2*J2^2+0.0017361111*J1^1*J2^3+-0.0058593750*J2^4+0,-0.0021701389*J1^2*J2^2+-0.0008680556*J1^1*J2^3+0.0010850694*J2^4+0,-0.0008770512*J1^2*J2^2+0.0010023442*J1^1*J2^3+-0.0012529303*J2^4+0,0,0,0,0,0,0,0,0,0,0,0,0,0,0,0,0},
{0,0,0,0,0,0,0,0,0,0,0,0,0,0,0,0,0,0,0,0,0,0,0,0,0,0,0,0,0,0,0,0,0,0,0,0,0,0,0,0,0,0,0,0,0,0,0,0,0,0,0,0,0,0,0,0,0,0,0,0,0,0,0,0,0,0,0,0,0,0,0,0,0,0,0,0,0,0,0,0,0,0,0,0,-0.0029296875*J2^4+0,-0.0009396977*J1^2*J2^2+-0.0007517582*J1^1*J2^3+0,-0.0016914559*J1^2*J2^2+0,-0.0010850694*J1^2*J2^2+-0.0004340278*J1^1*J2^3+0.0005425347*J2^4+0,0,0,0,0,-0.0041432038*J2^4+0,-0.0013289332*J1^2*J2^2+-0.0010631466*J1^1*J2^3+0,-0.0023920798*J1^2*J2^2+0,-0.0015345199*J1^2*J2^2+-0.0006138080*J1^1*J2^3+0.0007672600*J2^4+0},
{0,0,0,0,0,0,0,0,0,0,0,0,0,0,0,0,0,0,0,0,0,0,0,0,0,0,0,0,0,0,0,0,0,0,0,0,0,0,0,0,0,0,0,0,0,0,0,0,0,0,0,0,0,0,0,0,0,0,0,0,0,0,0,0,0,0,0,0,0,0,0,0,0,0,0,0,0,0,0,0,0,0,0,0,-0.0009396977*J1^2*J2^2+-0.0007517582*J1^1*J2^3+0,0.0010850694*J1^2*J2^2+0.0008680556*J1^1*J2^3+-0.0029296875*J2^4+0,-0.0010850694*J1^2*J2^2+-0.0004340278*J1^1*J2^3+0.0005425347*J2^4+0,-0.0004385256*J1^2*J2^2+0.0005011721*J1^1*J2^3+-0.0006264651*J2^4+0,0,0,0,0,-0.0013289332*J1^2*J2^2+-0.0010631466*J1^1*J2^3+0,0.0015345199*J1^2*J2^2+0.0012276159*J1^1*J2^3+-0.0041432038*J2^4+0,-0.0015345199*J1^2*J2^2+-0.0006138080*J1^1*J2^3+0.0007672600*J2^4+0,-0.0006201688*J1^2*J2^2+0.0007087644*J1^1*J2^3+-0.0008859555*J2^4+0},
{0,0,0,0,0,0,0,0,0,0,0,0,0,0,0,0,0,0,0,0,0,0,0,0,0,0,0,0,0,0,0,0,0,0,0,0,0,0,0,0,0,0,0,0,0,0,0,0,0,0,0,0,0,0,0,0,0,0,0,0,0,0,0,0,0,0,0,0,0,0,0,0,0,0,0,0,0,0,0,0,-0.0029296875*J2^4+0,-0.0009396977*J1^2*J2^2+-0.0007517582*J1^1*J2^3+0,-0.0016914559*J1^2*J2^2+0,-0.0010850694*J1^2*J2^2+-0.0004340278*J1^1*J2^3+0.0005425347*J2^4+0,0.0033829117*J2^4+0,0.0010850694*J1^2*J2^2+0.0008680556*J1^1*J2^3+0,0.0019531250*J1^2*J2^2+0,0.0012529303*J1^2*J2^2+0.0005011721*J1^1*J2^3+-0.0006264651*J2^4+0,-0.0041432038*J2^4+0,-0.0013289332*J1^2*J2^2+-0.0010631466*J1^1*J2^3+0,-0.0023920798*J1^2*J2^2+0,-0.0015345199*J1^2*J2^2+-0.0006138080*J1^1*J2^3+0.0007672600*J2^4+0,0.0047841597*J2^4+0,0.0015345199*J1^2*J2^2+0.0012276159*J1^1*J2^3+0,0.0027621359*J1^2*J2^2+0,0.0017719110*J1^2*J2^2+0.0007087644*J1^1*J2^3+-0.0008859555*J2^4+0},
{0,0,0,0,0,0,0,0,0,0,0,0,0,0,0,0,0,0,0,0,0,0,0,0,0,0,0,0,0,0,0,0,0,0,0,0,0,0,0,0,0,0,0,0,0,0,0,0,0,0,0,0,0,0,0,0,0,0,0,0,0,0,0,0,0,0,0,0,0,0,0,0,0,0,0,0,0,0,0,0,-0.0009396977*J1^2*J2^2+-0.0007517582*J1^1*J2^3+0,0.0010850694*J1^2*J2^2+0.0008680556*J1^1*J2^3+-0.0029296875*J2^4+0,-0.0010850694*J1^2*J2^2+-0.0004340278*J1^1*J2^3+0.0005425347*J2^4+0,-0.0004385256*J1^2*J2^2+0.0005011721*J1^1*J2^3+-0.0006264651*J2^4+0,0.0010850694*J1^2*J2^2+0.0008680556*J1^1*J2^3+0,-0.0012529303*J1^2*J2^2+-0.0010023442*J1^1*J2^3+0.0033829117*J2^4+0,0.0012529303*J1^2*J2^2+0.0005011721*J1^1*J2^3+-0.0006264651*J2^4+0,0.0005063657*J1^2*J2^2+-0.0005787037*J1^1*J2^3+0.0007233796*J2^4+0,-0.0013289332*J1^2*J2^2+-0.0010631466*J1^1*J2^3+0,0.0015345199*J1^2*J2^2+0.0012276159*J1^1*J2^3+-0.0041432038*J2^4+0,-0.0015345199*J1^2*J2^2+-0.0006138080*J1^1*J2^3+0.0007672600*J2^4+0,-0.0006201688*J1^2*J2^2+0.0007087644*J1^1*J2^3+-0.0008859555*J2^4+0,0.0015345199*J1^2*J2^2+0.0012276159*J1^1*J2^3+0,-0.0017719110*J1^2*J2^2+-0.0014175288*J1^1*J2^3+0.0047841597*J2^4+0,0.0017719110*J1^2*J2^2+0.0007087644*J1^1*J2^3+-0.0008859555*J2^4+0,0.0007161093*J1^2*J2^2+-0.0008184106*J1^1*J2^3+0.0010230133*J2^4+0},
{0,0,0,0,0,0,0,0,0,0,0,0,0,0,0,0,0,0,0,0,0,0,0,0,0,0,0,0,0,0,0,0,0,0,0,0,0,0,0,0,0,0,0,0,0,0,0,0,0,0,0,0,0,0,0,0,0,0,0,0,0,0,0,0,0,0,0,0,0,0,0,0,0,0,0,0,0,0.0023017799*J1^2*J2^2+-0.0023017799*J2^4+0,-0.0041432038*J1^2*J2^2+0.0041432038*J2^4+0,0,0,0,0,0,0,0,0,0,0,0,0,0,0,0,0,0},
{0,0,0,0,0,0,0,0,0,0,0,0,0,0,0,0,0,0,0,0,0,0,0,0,0,0,0,0,0,0,0,0,0,0,0,0,0,0,0,0,0,0,0,0,0,0,0,0,0,0,0,0,0,0,0,0,0,0,0,0,0,0,0,0,0,0,0,0,0,0,0,0,0,0,0,0,0.0023017799*J1^2*J2^2+-0.0023017799*J2^4+0,-0.0026578665*J1^2*J2^2+0.0026578665*J2^4+0,0,-0.0041432038*J1^2*J2^2+0.0041432038*J2^4+0,0,0,0,0,0,0,0,0,0,0,0,0,0,0,0,0},
{0,0,0,0,0,0,0,0,0,0,0,0,0,0,0,0,0,0,0,0,0,0,0,0,0,0,0,0,0,0,0,0,0,0,0,0,0,0,0,0,0,0,0,0,0,0,0,0,0,0,0,0,0,0,0,0,0,0,0,0,0,0,0,0,0,0,0,0,0,0,0,0,0,0.0023017799*J1^2*J2^2+-0.0023017799*J2^4+0,-0.0041432038*J1^2*J2^2+0.0041432038*J2^4+0,0,0,-0.0026578665*J1^2*J2^2+0.0026578665*J2^4+0,0.0047841597*J1^2*J2^2+-0.0047841597*J2^4+0,0,0,0,0,0,0,0,0,0,0,0,0,0,0,0,0,0},
{0,0,0,0,0,0,0,0,0,0,0,0,0,0,0,0,0,0,0,0,0,0,0,0,0,0,0,0,0,0,0,0,0,0,0,0,0,0,0,0,0,0,0,0,0,0,0,0,0,0,0,0,0,0,0,0,0,0,0,0,0,0,0,0,0,0,0,0,0,0,0,0,0.0023017799*J1^2*J2^2+-0.0023017799*J2^4+0,-0.0026578665*J1^2*J2^2+0.0026578665*J2^4+0,0,-0.0041432038*J1^2*J2^2+0.0041432038*J2^4+0,-0.0026578665*J1^2*J2^2+0.0026578665*J2^4+0,0.0030690398*J1^2*J2^2+-0.0030690398*J2^4+0,0,0.0047841597*J1^2*J2^2+-0.0047841597*J2^4+0,0,0,0,0,0,0,0,0,0,0,0,0,0,0,0,0},
{0,0,0,0,0,0,0,0,0,0,0,0,0,0,0,0,0,0,0,0,0,0,0,0,0,0,0,0,0,0,0,0,0,0,0,0,0,0,0,0,0,0,0,0,0,0,0,0,0,0,0,0,0,0,0,0,0,0,0,0,0,0,0,0,0,0,0,0,0,0,0,0,0,0,0,0,0,0,0,0,0,0,0,0,0,-0.0013289332*J1^2*J2^2+0.0013289332*J2^4+0,0.0023920798*J1^2*J2^2+-0.0023920798*J2^4+0,0,0,0,0,0,0,-0.0018793954*J1^2*J2^2+0.0018793954*J2^4+0,0.0033829117*J1^2*J2^2+-0.0033829117*J2^4+0,0},
{0,0,0,0,0,0,0,0,0,0,0,0,0,0,0,0,0,0,0,0,0,0,0,0,0,0,0,0,0,0,0,0,0,0,0,0,0,0,0,0,0,0,0,0,0,0,0,0,0,0,0,0,0,0,0,0,0,0,0,0,0,0,0,0,0,0,0,0,0,0,0,0,0,0,0,0,0,0,0,0,0,0,0,0,-0.0013289332*J1^2*J2^2+0.0013289332*J2^4+0,0.0015345199*J1^2*J2^2+-0.0015345199*J2^4+0,0,0.0023920798*J1^2*J2^2+-0.0023920798*J2^4+0,0,0,0,0,-0.0018793954*J1^2*J2^2+0.0018793954*J2^4+0,0.0021701389*J1^2*J2^2+-0.0021701389*J2^4+0,0,0.0033829117*J1^2*J2^2+-0.0033829117*J2^4+0},
{0,0,0,0,0,0,0,0,0,0,0,0,0,0,0,0,0,0,0,0,0,0,0,0,0,0,0,0,0,0,0,0,0,0,0,0,0,0,0,0,0,0,0,0,0,0,0,0,0,0,0,0,0,0,0,0,0,0,0,0,0,0,0,0,0,0,0,0,0,0,0,0,0,0,0,0,0,0,0,0,0,-0.0013289332*J1^2*J2^2+0.0013289332*J2^4+0,0.0023920798*J1^2*J2^2+-0.0023920798*J2^4+0,0,0,0.0015345199*J1^2*J2^2+-0.0015345199*J2^4+0,-0.0027621359*J1^2*J2^2+0.0027621359*J2^4+0,0,0,-0.0018793954*J1^2*J2^2+0.0018793954*J2^4+0,0.0033829117*J1^2*J2^2+-0.0033829117*J2^4+0,0,0,0.0021701389*J1^2*J2^2+-0.0021701389*J2^4+0,-0.0039062500*J1^2*J2^2+0.0039062500*J2^4+0,0},
{0,0,0,0,0,0,0,0,0,0,0,0,0,0,0,0,0,0,0,0,0,0,0,0,0,0,0,0,0,0,0,0,0,0,0,0,0,0,0,0,0,0,0,0,0,0,0,0,0,0,0,0,0,0,0,0,0,0,0,0,0,0,0,0,0,0,0,0,0,0,0,0,0,0,0,0,0,0,0,0,-0.0013289332*J1^2*J2^2+0.0013289332*J2^4+0,0.0015345199*J1^2*J2^2+-0.0015345199*J2^4+0,0,0.0023920798*J1^2*J2^2+-0.0023920798*J2^4+0,0.0015345199*J1^2*J2^2+-0.0015345199*J2^4+0,-0.0017719110*J1^2*J2^2+0.0017719110*J2^4+0,0,-0.0027621359*J1^2*J2^2+0.0027621359*J2^4+0,-0.0018793954*J1^2*J2^2+0.0018793954*J2^4+0,0.0021701389*J1^2*J2^2+-0.0021701389*J2^4+0,0,0.0033829117*J1^2*J2^2+-0.0033829117*J2^4+0,0.0021701389*J1^2*J2^2+-0.0021701389*J2^4+0,-0.0025058605*J1^2*J2^2+0.0025058605*J2^4+0,0,-0.0039062500*J1^2*J2^2+0.0039062500*J2^4+0},
{0,0,0,0,0,0,0,0,0,0,0,0,0,0,0,0,0,0,0,0,0,0,0,0,0,0,0,0,0,0,0,0,0,0,0,0,0,0,0,0,0,0,0,0,0,0,0,0,0,0,0,0,0,0,0,0,0,0,0,0,0,0,0,0,0,0,0,0,0,0,0,0,0,0,0,0,0,0,0,0,0,0,0,0,0,0,0,0,0,0,0,0,0,0,0,0},
{0,0,0,0,0,0,0,0,0,0,0,0,0,0,0,0,0,0,0,0,0,0,0,0,0,0,0,0,0,0,0,0,0,0,0,0,0,0,0,0,0,0,0,0,0,0,0,0,0,0,0,0,0,0,0,0,0,0,0,0,0,0,0,0,0,0,0,0,0,0,0,0,0,0,0,0,0,0,0,0,0,0,0,0,0,0,0,0,0,0,0,0,0,0,0,0},
{0,0,0,0,0,0,0,0,0,0,0,0,0,0,0,0,0,0,0,0,0,0,0,0,0,0,0,0,0,0,0,0,0,0,0,0,0,0,0,0,0,0,0,0,0,0,0,0,0,0,0,0,0,0,0,0,0,0,0,0,0,0,0,0,0,0,0,0,0,0,0,0,0,0,0,0,0,0,0,0,0,0,0,0,0,0,0,0,0,0,0,0,0,0,0,0},
{0,0,0,0,0,0,0,0,0,0,0,0,0,0,0,0,0,0,0,0,0,0,0,0,0,0,0,0,0,0,0,0,0,0,0,0,0,0,0,0,0,0,0,0,0,0,0,0,0,0,0,0,0,0,0,0,0,0,0,0,0,0,0,0,0,0,0,0,0,0,0,0,0,0,0,0,0,0,0,0,0,0,0,0,0,0,0,0,0,0,0,0,0,0,0,0},
{0,0,0,0,0,0,0,0,0,0,0,0,0,0,0,0,0,0,0,0,0,0,0,0,0,0,0,0,0,0,0,0,0,0,0,0,0,0,0,0,0,0,0,0,0,0,0,0,0,0,0,0,0,0,0,0,0,0,0,0,0,0,0,0,0,0,0,0,0,0,0,0,0,0,0,0,0,0,0,0,0,0,0,0,0,0,0,0,0,0,0,0,0,0,0,0},
{0,0,0,0,0,0,0,0,0,0,0,0,0,0,0,0,0,0,0,0,0,0,0,0,0,0,0,0,0,0,0,0,0,0,0,0,0,0,0,0,0,0,0,0,0,0,0,0,0,0,0,0,0,0,0,0,0,0,0,0,0,0,0,0,0,0,0,0,0,0,0,0,0,0,0,0,0,0,0,0,0,0,0,0,0,0,0,0,0,0,0,0,0,0,0,0},
{0,0,0,0,0,0,0,0,0,0,0,0,0,0,0,0,0,0,0,0,0,0,0,0,0,0,0,0,0,0,0,0,0,0,0,0,0,0,0,0,0,0,0,0,0,0,0,0,0,0,0,0,0,0,0,0,0,0,0,0,0,0,0,0,0,0,0,0,0,0,0,0,0,0,0,0,0,0,0,0,0,0,0,0,0,0,0,0,0,0,0,0,0,0,0,0},
{0,0,0,0,0,0,0,0,0,0,0,0,0,0,0,0,0,0,0,0,0,0,0,0,0,0,0,0,0,0,0,0,0,0,0,0,0,0,0,0,0,0,0,0,0,0,0,0,0,0,0,0,0,0,0,0,0,0,0,0,0,0,0,0,0,0,0,0,0,0,0,0,0,0,0,0,0,0,0,0,0,0,0,0,0,0,0,0,0,0,0,0,0,0,0,0},
{0,0,0,0,0,0,0,0,0,0,0,0,0,0,0,0,0,0,0,0,0,0,0,0,0,0,0,0,0,0,0,0,0,0,0,0,0,0,0,0,0,0,0,0,0,0,0,0,0,0,0,0,0,0,0,0,0,0,0,0,0,0,0,0,0,0,0,0,0,0,0,0,0,0,0,0,0,0,0,0,0,0,0,0,0,0,0,0,0,0,0,0,0,0,0,0},
{0,0,0,0,0,0,0,0,0,0,0,0,0,0,0,0,0,0,0,0,0,0,0,0,0,0,0,0,0,0,0,0,0,0,0,0,0,0,0,0,0,0,0,0,0,0,0,0,0,0,0,0,0,0,0,0,0,0,0,0,0,0,0,0,0,0,0,0,0,0,0,0,0,0,0,0,0,0,0,0,0,0,0,0,0,0,0,0,0,0,0,0,0,0,0,0},
{0,0,0,0,0,0,0,0,0,0,0,0,0,0,0,0,0,0,0,0,0,0,0,0,0,0,0,0,0,0,0,0,0,0,0,0,0,0,0,0,0,0,0,0,0,0,0,0,0,0,0,0,0,0,0,0,0,0,0,0,0,0,0,0,0,0,0,0,0,0,0,0,0,0,0,0,0,0,0,0,0,0,0,0,0,0,0,0,0,0,0,0,0,0,0,0},
{0,0,0,0,0,0,0,0,0,0,0,0,0,0,0,0,0,0,0,0,0,0,0,0,0,0,0,0,0,0,0,0,0,0,0,0,0,0,0,0,0,0,0,0,0,0,0,0,0,0,0,0,0,0,0,0,0,0,0,0,0,0,0,0,0,0,0,0,0,0,0,0,0,0,0,0,0,0,0,0,0,0,0,0,0,0,0,0,0,0,0,0,0,0,0,0},
{0,0,0,0,0,0,0,0,0,0,0,0,0,0,0,0,0,0,0,0,0,0,0,0,0,0,0,0,0,0,0,0,0,0,0,0,0,0,0,0,0,0,0,0,0,0,0,0,0,0,0,0,0,0,0,0,0,0,0,0,0,0,0,0,0,0,0,0,0,0,0,0,0,0,0,0,0,0,0,0,0,0,0,0,0,0,0,0,0,0,0,0,0,0,0,0},
{0,0,0,0,0,0,0,0,0,0,0,0,0,0,0,0,0,0,0,0,0,0,0,0,0,0,0,0,0,0,0,0,0,0,0,0,0,0,0,0,0,0,0,0,0,0,0,0,0,0,0,0,0,0,0,0,0,0,0,0,0,0,0,0,0,0,0,0,0,0,0,0,0,0,0,0,0,0,0,0,0,0,0,0,0,0,0,0,0,0,0,0,0,0,0,0},
{0,0,0,0,0,0,0,0,0,0,0,0,0,0,0,0,0,0,0,0,0,0,0,0,0,0,0,0,0,0,0,0,0,0,0,0,0,0,0,0,0,0,0,0,0,0,0,0,0,0,0,0,0,0,0,0,0,0,0,0,0,0,0,0,0,0,0,0,0,0,0,0,0,0,0,0,0,0,0,0,0,0,0,0,0,0,0,0,0,0,0,0,0,0,0,0},
{0,0,0,0,0,0,0,0,0,0,0,0,0,0,0,0,0,0,0,0,0,0,0,0,0,0,0,0,0,0,0,0,0,0,0,0,0,0,0,0,0,0,0,0,0,0,0,0,0,0,0,0,0,0,0,0,0,0,0,0,0,0,0,0,0,0,0,0,0,0,0,0,0,0,0,0,0,0,0,0,0,0,0,0,0,0,0,0,0,0,0,0,0,0,0,0},
{0,0,0,0,0,0,0,0,0,0,0,0,0,0,0,0,0,0,0,0,0,0,0,0,0,0,0,0,0,0,0,0,0,0,0,0,0,0,0,0,0,0,0,0,0,0,0,0,0,0,0,0,0,0,0,0,0,0,0,0,0,0,0,0,0,0,0,0,0,0,0,0,0,0,0,0,0,0,0,0,0,0,0,0,0,0,0,0,0,0,0,0,0,0,0,0},
{0,0,0,0,0,0,0,0,0,0,0,0,0,0,0,0,0,0,0,0,0,0,0,0,0,0,0,0,0,0,0,0,0,0,0,0,0,0,0,0,0,0,0,0,0,0,0,0,0,0,0,0,0,0,0,0,0,0,0,0,0,0,0,0,0,0,0,0,0,0,0,0,0,0,0,0,0,0,0,0,0,0,0,0,0,0,0,0,0,0,0,0,0,0,0,0},
{0,0,0,0,0,0,0,0,0,0,0,0,0,0,0,0,0,0,0,0,0,0,0,0,0,0,0,0,0,0,0,0,0,0,0,0,0,0,0,0,0,0,0,0,0,0,0,0,0,0,0,0,0,0,0,0,0,0,0,0,0,0,0,0,0,0,0,0,0,0,0,0,0,0,0,0,0,0,0,0,0,0,0,0,0,0,0,0,0,0,0,0,0,0,0,0},
{0,0,0,0,0,0,0,0,0,0,0,0,0,0,0,0,0,0,0,0,0,0,0,0,0,0,0,0,0,0,0,0,0,0,0,0,0,0,0,0,0,0,0,0,0,0,0,0,0,0,0,0,0,0,0,0,0,0,0,0,0,0,0,0,0,0,0,0,0,0,0,0,0,0,0,0,0,0,0,0,0,0,0,0,0,0,0,0,0,0,0,0,0,0,0,0},
{0,0,0,0,0,0,0,0,0,0,0,0,0,0,0,0,0,0,0,0,0,0,0,0,0,0,0,0,0,0,0,0,0,0,0,0,0,0,0,0,0,0,0,0,0,0,0,0,0,0,0,0,0,0,0,0,0,0,0,0,0,0,0,0,0,0,0,0,0,0,0,0,0,0,0,0,0,0,0,0,0,0,0,0,0,0,0,0,0,0,0,0,0,0,0,0},
{0,0,0,0,0,0,0,0,0,0,0,0,0,0,0,0,0,0,0,0,0,0,0,0,0,0,0,0,0,0,0,0,0,0,0,0,0,0,0,0,0,0,0,0,0,0,0,0,0,0,0,0,0,0,0,0,0,0,0,0,0,0,0,0,0,0,0,0,0,0,0,0,0,0,0,0,0,0,0,0,0,0,0,0,0,0,0,0,0,0,0,0,0,0,0,0},
{0,0,0,0,0,0,0,0,0,0,0,0,0,0,0,0,0,0,0,0,0,0,0,0,0,0,0,0,0,0,0,0,0,0,0,0,0,0,0,0,0,0,0,0,0,0,0,0,0,0,0,0,0,0,0,0,0,0,0,0,0,0,0,0,0,0,0,0,0,0,0,0,0,0,0,0,0,0,0,0,0,0,0,0,0,0,0,0,0,0,0,0,0,0,0,0},
{0,0,0,0,0,0,0,0,0,0,0,0,0,0,0,0,0,0,0,0,0,0,0,0,0,0,0,0,0,0,0,0,0,0,0,0,0,0,0,0,0,0,0,0,0,0,0,0,0,0,0,0,0,0,0,0,0,0,0,0,0,0,0,0,0,0,0,0,0,0,0,0,0,0,0,0,0,0,0,0,0,0,0,0,0,0,0,0,0,0,0,0,0,0,0,0},
{0,0,0.0055128932*J1^1*J2^3+0,0.0015914352*J1^2*J2^2+0.0015914352*J2^4+0,0,0,0,0,0,0,-0.0050117211*J1^2*J2^2+-0.0050117211*J2^4+0,-0.0057870370*J1^1*J2^3+0,0,0,0,0,0,0,-0.0000442978*J1^2*J2^2+0.0032780353*J1^1*J2^3+-0.0000442978*J2^4+0,0.0009462873*J1^2*J2^2+-0.0000511507*J1^1*J2^3+0.0009462873*J2^4+0,0,0,0,0,0,0,0.0005638186*J1^2*J2^2+0,0.0026041667*J1^1*J2^3+-0.0022786458*J2^4+0,0,0,0,0,0,0,-0.0005638186*J2^4+0,0.0022786458*J1^2*J2^2+-0.0026041667*J1^1*J2^3+0,0,0,0,0,0,0,0,-0.0013810679*J1^2*J2^2+0.0013810679*J2^4+0,0,0,0,0,0,0,0,0,0,0,0,0,0,0,0,0,0,0,0,0,0,0,0,0,0,0,0,0,0,0,0,0,0,0,0,0,0,0,0,0,0,0,0,0,0,0,0,0,0,0,0,0},
{0,0,0.0029296875*J1^2*J2^2+-0.0026765046*J1^1*J2^3+0.0029296875*J2^4+0,-0.0007726403*J1^2*J2^2+0.0033829117*J1^1*J2^3+-0.0007726403*J2^4+0,0,0,0,0,0,0,0.0000361690*J1^2*J2^2+-0.0058593750*J1^1*J2^3+0.0000361690*J2^4+0,-0.0016914559*J1^2*J2^2+0.0000417643*J1^1*J2^3+-0.0016914559*J2^4+0,0,0,0,0,0,0,0.0041176285*J1^2*J2^2+-0.0063938330*J1^1*J2^3+0.0041176285*J2^4+0,-0.0018457406*J1^2*J2^2+0.0047546278*J1^1*J2^3+-0.0018457406*J2^4+0,0,0,0,0,0,0,0.0026041667*J1^1*J2^3+-0.0022786458*J2^4+0,0.0005638186*J1^2*J2^2+-0.0030070327*J1^1*J2^3+0.0026311536*J2^4+0,0,0,0,0,0,0,0.0022786458*J1^2*J2^2+-0.0026041667*J1^1*J2^3+0,-0.0026311536*J1^2*J2^2+0.0030070327*J1^1*J2^3+-0.0005638186*J2^4+0,0,0,0,0,0,0,-0.0013810679*J1^2*J2^2+0.0013810679*J2^4+0,0.0015947199*J1^2*J2^2+-0.0015947199*J2^4+0,0,0,0,0,0,0,0,0,0,0,0,0,0,0,0,0,0,0,0,0,0,0,0,0,0,0,0,0,0,0,0,0,0,0,0,0,0,0,0,0,0,0,0,0,0,0,0,0,0,0,0,0},
{0,0,0.0015914352*J1^2*J2^2+0.0015914352*J2^4+0,-0.0018376311*J1^2*J2^2+0.0055128932*J1^1*J2^3+-0.0018376311*J2^4+0,0,0,0,0,0,0,-0.0057870370*J1^1*J2^3+0,-0.0050117211*J1^2*J2^2+0.0066822948*J1^1*J2^3+-0.0050117211*J2^4+0,0,0,0,0,0,0,0.0009462873*J1^2*J2^2+-0.0000511507*J1^1*J2^3+0.0009462873*J2^4+0,-0.0011369762*J1^2*J2^2+0.0033370990*J1^1*J2^3+-0.0011369762*J2^4+0,0,0,0,0,0,0,0.0003255208*J2^4+0,-0.0024432140*J1^2*J2^2+0.0015035163*J1^1*J2^3+0.0011276372*J2^4+0,0,0,0,0,0,0,-0.0003255208*J1^2*J2^2+0,-0.0011276372*J1^2*J2^2+-0.0015035163*J1^1*J2^3+0.0024432140*J2^4+0,0,0,0,0,0,0,0.0004603560*J1^2*J2^2+-0.0004603560*J2^4+0,0.0026578665*J1^2*J2^2+-0.0026578665*J2^4+0,0,0,0,0,0,0,0,0,0,0,0,0,0,0,0,0,0,0,0,0,0,0,0,0,0,0,0,0,0,0,0,0,0,0,0,0,0,0,0,0,0,0,0,0,0,0,0,0,0,0,0,0},
{0,0,-0.0007726403*J1^2*J2^2+0.0033829117*J1^1*J2^3+-0.0007726403*J2^4+0,0.0038218557*J1^2*J2^2+-0.0065827546*J1^1*J2^3+0.0038218557*J2^4+0,0,0,0,0,0,0,-0.0016914559*J1^2*J2^2+0.0000417643*J1^1*J2^3+-0.0016914559*J2^4+0,0.0019892940*J1^2*J2^2+-0.0059076003*J1^1*J2^3+0.0019892940*J2^4+0,0,0,0,0,0,0,-0.0018457406*J1^2*J2^2+0.0047546278*J1^1*J2^3+-0.0018457406*J2^4+0,0.0062489061*J1^2*J2^2+-0.0118840043*J1^1*J2^3+0.0062489061*J2^4+0,0,0,0,0,0,0,-0.0024432140*J1^2*J2^2+0.0015035163*J1^1*J2^3+0.0011276372*J2^4+0,0.0028211806*J1^2*J2^2+-0.0017361111*J1^1*J2^3+-0.0009765625*J2^4+0,0,0,0,0,0,0,-0.0011276372*J1^2*J2^2+-0.0015035163*J1^1*J2^3+0.0024432140*J2^4+0,0.0009765625*J1^2*J2^2+0.0017361111*J1^1*J2^3+-0.0028211806*J2^4+0,0,0,0,0,0,0,0.0026578665*J1^2*J2^2+-0.0026578665*J2^4+0,-0.0026086839*J1^2*J2^2+0.0026086839*J2^4+0,0,0,0,0,0,0,0,0,0,0,0,0,0,0,0,0,0,0,0,0,0,0,0,0,0,0,0,0,0,0,0,0,0,0,0,0,0,0,0,0,0,0,0,0,0,0,0,0,0,0,0,0},
{0.0055128932*J1^1*J2^3+0,0.0015914352*J1^2*J2^2+0.0015914352*J2^4+0,-0.0063657407*J1^1*J2^3+0,-0.0018376311*J1^2*J2^2+-0.0018376311*J2^4+0,0,0,0,0,-0.0050117211*J1^2*J2^2+-0.0050117211*J2^4+0,-0.0057870370*J1^1*J2^3+0,0.0057870370*J1^2*J2^2+0.0057870370*J2^4+0,0.0066822948*J1^1*J2^3+0,0,0,0,0,-0.0000442978*J1^2*J2^2+0.0032780353*J1^1*J2^3+-0.0000442978*J2^4+0,0.0009462873*J1^2*J2^2+-0.0000511507*J1^1*J2^3+0.0009462873*J2^4+0,0.0000511507*J1^2*J2^2+-0.0037851491*J1^1*J2^3+0.0000511507*J2^4+0,-0.0010926784*J1^2*J2^2+0.0000590637*J1^1*J2^3+-0.0010926784*J2^4+0,0,0,0,0,0.0005638186*J1^2*J2^2+0,0.0026041667*J1^1*J2^3+-0.0022786458*J2^4+0,-0.0006510417*J1^2*J2^2+0,-0.0030070327*J1^1*J2^3+0.0026311536*J2^4+0,0,0,0,0,-0.0005638186*J2^4+0,0.0022786458*J1^2*J2^2+-0.0026041667*J1^1*J2^3+0,0.0006510417*J2^4+0,-0.0026311536*J1^2*J2^2+0.0030070327*J1^1*J2^3+0,0,0,0,0,0,-0.0013810679*J1^2*J2^2+0.0013810679*J2^4+0,0,0.0015947199*J1^2*J2^2+-0.0015947199*J2^4+0,0,0,0,0,0,0,0,0,0,0,0,0,0,0,0,0,0,0,0,0,0,0,0,0,0,0,0,0,0,0,0,0,0,0,0,0,0,0,0,0,0,0,0,0,0,0,0,0,0,0,0,0},
{0.0029296875*J1^2*J2^2+-0.0026765046*J1^1*J2^3+0.0029296875*J2^4+0,-0.0007726403*J1^2*J2^2+0.0033829117*J1^1*J2^3+-0.0007726403*J2^4+0,-0.0033829117*J1^2*J2^2+0.0030905613*J1^1*J2^3+-0.0033829117*J2^4+0,0.0008921682*J1^2*J2^2+-0.0039062500*J1^1*J2^3+0.0008921682*J2^4+0,0,0,0,0,0.0000361690*J1^2*J2^2+-0.0058593750*J1^1*J2^3+0.0000361690*J2^4+0,-0.0016914559*J1^2*J2^2+0.0000417643*J1^1*J2^3+-0.0016914559*J2^4+0,-0.0000417643*J1^2*J2^2+0.0067658235*J1^1*J2^3+-0.0000417643*J2^4+0,0.0019531250*J1^2*J2^2+-0.0000482253*J1^1*J2^3+0.0019531250*J2^4+0,0,0,0,0,0.0041176285*J1^2*J2^2+-0.0063938330*J1^1*J2^3+0.0041176285*J2^4+0,-0.0018457406*J1^2*J2^2+0.0047546278*J1^1*J2^3+-0.0018457406*J2^4+0,-0.0047546278*J1^2*J2^2+0.0073829624*J1^1*J2^3+-0.0047546278*J2^4+0,0.0021312777*J1^2*J2^2+-0.0054901713*J1^1*J2^3+0.0021312777*J2^4+0,0,0,0,0,0.0026041667*J1^1*J2^3+-0.0022786458*J2^4+0,0.0005638186*J1^2*J2^2+-0.0030070327*J1^1*J2^3+0.0026311536*J2^4+0,-0.0030070327*J1^1*J2^3+0.0026311536*J2^4+0,-0.0006510417*J1^2*J2^2+0.0034722222*J1^1*J2^3+-0.0030381944*J2^4+0,0,0,0,0,0.0022786458*J1^2*J2^2+-0.0026041667*J1^1*J2^3+0,-0.0026311536*J1^2*J2^2+0.0030070327*J1^1*J2^3+-0.0005638186*J2^4+0,-0.0026311536*J1^2*J2^2+0.0030070327*J1^1*J2^3+0,0.0030381944*J1^2*J2^2+-0.0034722222*J1^1*J2^3+0.0006510417*J2^4+0,0,0,0,0,-0.0013810679*J1^2*J2^2+0.0013810679*J2^4+0,0.0015947199*J1^2*J2^2+-0.0015947199*J2^4+0,0.0015947199*J1^2*J2^2+-0.0015947199*J2^4+0,-0.0018414239*J1^2*J2^2+0.0018414239*J2^4+0,0,0,0,0,0,0,0,0,0,0,0,0,0,0,0,0,0,0,0,0,0,0,0,0,0,0,0,0,0,0,0,0,0,0,0,0,0,0,0,0,0,0,0,0,0,0,0,0,0,0,0,0},
{0.0015914352*J1^2*J2^2+0.0015914352*J2^4+0,-0.0018376311*J1^2*J2^2+0.0055128932*J1^1*J2^3+-0.0018376311*J2^4+0,-0.0018376311*J1^2*J2^2+-0.0018376311*J2^4+0,0.0021219136*J1^2*J2^2+-0.0063657407*J1^1*J2^3+0.0021219136*J2^4+0,0,0,0,0,-0.0057870370*J1^1*J2^3+0,-0.0050117211*J1^2*J2^2+0.0066822948*J1^1*J2^3+-0.0050117211*J2^4+0,0.0066822948*J1^1*J2^3+0,0.0057870370*J1^2*J2^2+-0.0077160494*J1^1*J2^3+0.0057870370*J2^4+0,0,0,0,0,0.0009462873*J1^2*J2^2+-0.0000511507*J1^1*J2^3+0.0009462873*J2^4+0,-0.0011369762*J1^2*J2^2+0.0033370990*J1^1*J2^3+-0.0011369762*J2^4+0,-0.0010926784*J1^2*J2^2+0.0000590637*J1^1*J2^3+-0.0010926784*J2^4+0,0.0013128670*J1^2*J2^2+-0.0038533500*J1^1*J2^3+0.0013128670*J2^4+0,0,0,0,0,0.0003255208*J2^4+0,-0.0024432140*J1^2*J2^2+0.0015035163*J1^1*J2^3+0.0011276372*J2^4+0,-0.0003758791*J2^4+0,0.0028211806*J1^2*J2^2+-0.0017361111*J1^1*J2^3+-0.0013020833*J2^4+0,0,0,0,0,-0.0003255208*J1^2*J2^2+0,-0.0011276372*J1^2*J2^2+-0.0015035163*J1^1*J2^3+0.0024432140*J2^4+0,0.0003758791*J1^2*J2^2+0,0.0013020833*J1^2*J2^2+0.0017361111*J1^1*J2^3+-0.0028211806*J2^4+0,0,0,0,0,0.0004603560*J1^2*J2^2+-0.0004603560*J2^4+0,0.0026578665*J1^2*J2^2+-0.0026578665*J2^4+0,-0.0005315733*J1^2*J2^2+0.0005315733*J2^4+0,-0.0030690398*J1^2*J2^2+0.0030690398*J2^4+0,0,0,0,0,0,0,0,0,0,0,0,0,0,0,0,0,0,0,0,0,0,0,0,0,0,0,0,0,0,0,0,0,0,0,0,0,0,0,0,0,0,0,0,0,0,0,0,0,0,0,0,0},
{-0.0007726403*J1^2*J2^2+0.0033829117*J1^1*J2^3+-0.0007726403*J2^4+0,0.0038218557*J1^2*J2^2+-0.0065827546*J1^1*J2^3+0.0038218557*J2^4+0,0.0008921682*J1^2*J2^2+-0.0039062500*J1^1*J2^3+0.0008921682*J2^4+0,-0.0044130988*J1^2*J2^2+0.0076011103*J1^1*J2^3+-0.0044130988*J2^4+0,0,0,0,0,-0.0016914559*J1^2*J2^2+0.0000417643*J1^1*J2^3+-0.0016914559*J2^4+0,0.0019892940*J1^2*J2^2+-0.0059076003*J1^1*J2^3+0.0019892940*J2^4+0,0.0019531250*J1^2*J2^2+-0.0000482253*J1^1*J2^3+0.0019531250*J2^4+0,-0.0022970388*J1^2*J2^2+0.0068215093*J1^1*J2^3+-0.0022970388*J2^4+0,0,0,0,0,-0.0018457406*J1^2*J2^2+0.0047546278*J1^1*J2^3+-0.0018457406*J2^4+0,0.0062489061*J1^2*J2^2+-0.0118840043*J1^1*J2^3+0.0062489061*J2^4+0,0.0021312777*J1^2*J2^2+-0.0054901713*J1^1*J2^3+0.0021312777*J2^4+0,-0.0072156153*J1^2*J2^2+0.0137224662*J1^1*J2^3+-0.0072156153*J2^4+0,0,0,0,0,-0.0024432140*J1^2*J2^2+0.0015035163*J1^1*J2^3+0.0011276372*J2^4+0,0.0028211806*J1^2*J2^2+-0.0017361111*J1^1*J2^3+-0.0009765625*J2^4+0,0.0028211806*J1^2*J2^2+-0.0017361111*J1^1*J2^3+-0.0013020833*J2^4+0,-0.0032576187*J1^2*J2^2+0.0020046884*J1^1*J2^3+0.0011276372*J2^4+0,0,0,0,0,-0.0011276372*J1^2*J2^2+-0.0015035163*J1^1*J2^3+0.0024432140*J2^4+0,0.0009765625*J1^2*J2^2+0.0017361111*J1^1*J2^3+-0.0028211806*J2^4+0,0.0013020833*J1^2*J2^2+0.0017361111*J1^1*J2^3+-0.0028211806*J2^4+0,-0.0011276372*J1^2*J2^2+-0.0020046884*J1^1*J2^3+0.0032576187*J2^4+0,0,0,0,0,0.0026578665*J1^2*J2^2+-0.0026578665*J2^4+0,-0.0026086839*J1^2*J2^2+0.0026086839*J2^4+0,-0.0030690398*J1^2*J2^2+0.0030690398*J2^4+0,0.0030122487*J1^2*J2^2+-0.0030122487*J2^4+0,0,0,0,0,0,0,0,0,0,0,0,0,0,0,0,0,0,0,0,0,0,0,0,0,0,0,0,0,0,0,0,0,0,0,0,0,0,0,0,0,0,0,0,0,0,0,0,0,0,0,0,0},
{0,0,0,0,0,0,-0.0031828704*J1^1*J2^3+0,-0.0009188155*J1^2*J2^2+-0.0009188155*J2^4+0,0,0,0,0,0,0,0.0028935185*J1^2*J2^2+0.0028935185*J2^4+0,0.0033411474*J1^1*J2^3+0,0,0,0,0,0,0,0.0000255753*J1^2*J2^2+-0.0018925746*J1^1*J2^3+0.0000255753*J2^4+0,-0.0005463392*J1^2*J2^2+0.0000295318*J1^1*J2^3+-0.0005463392*J2^4+0,0,0,0,0,0,0,-0.0003255208*J1^2*J2^2+0,-0.0015035163*J1^1*J2^3+0.0013155768*J2^4+0,0,0,0,0,0,0,0.0003255208*J2^4+0,-0.0013155768*J1^2*J2^2+0.0015035163*J1^1*J2^3+0,0,0,0,0,0,0,0,0.0007973599*J1^2*J2^2+-0.0007973599*J2^4+0,0,0,0,0,0,0,0,0,0,0,0,0,0,0,0,0,0,0,0,0,0,0,0,0,0,0,0,0,0,0,0,0,0,0,0,0,0,0,0,0,0,0,0,0,0,0,0,0},
{0,0,0,0,0,0,-0.0016914559*J1^2*J2^2+0.0015452807*J1^1*J2^3+-0.0016914559*J2^4+0,0.0004460841*J1^2*J2^2+-0.0019531250*J1^1*J2^3+0.0004460841*J2^4+0,0,0,0,0,0,0,-0.0000208822*J1^2*J2^2+0.0033829117*J1^1*J2^3+-0.0000208822*J2^4+0,0.0009765625*J1^2*J2^2+-0.0000241127*J1^1*J2^3+0.0009765625*J2^4+0,0,0,0,0,0,0,-0.0023773139*J1^2*J2^2+0.0036914812*J1^1*J2^3+-0.0023773139*J2^4+0,0.0010656388*J1^2*J2^2+-0.0027450856*J1^1*J2^3+0.0010656388*J2^4+0,0,0,0,0,0,0,-0.0015035163*J1^1*J2^3+0.0013155768*J2^4+0,-0.0003255208*J1^2*J2^2+0.0017361111*J1^1*J2^3+-0.0015190972*J2^4+0,0,0,0,0,0,0,-0.0013155768*J1^2*J2^2+0.0015035163*J1^1*J2^3+0,0.0015190972*J1^2*J2^2+-0.0017361111*J1^1*J2^3+0.0003255208*J2^4+0,0,0,0,0,0,0,0.0007973599*J1^2*J2^2+-0.0007973599*J2^4+0,-0.0009207120*J1^2*J2^2+0.0009207120*J2^4+0,0,0,0,0,0,0,0,0,0,0,0,0,0,0,0,0,0,0,0,0,0,0,0,0,0,0,0,0,0,0,0,0,0,0,0,0,0,0,0,0,0,0,0,0,0,0,0,0},
{0,0,0,0,0,0,-0.0009188155*J1^2*J2^2+-0.0009188155*J2^4+0,0.0010609568*J1^2*J2^2+-0.0031828704*J1^1*J2^3+0.0010609568*J2^4+0,0,0,0,0,0,0,0.0033411474*J1^1*J2^3+0,0.0028935185*J1^2*J2^2+-0.0038580247*J1^1*J2^3+0.0028935185*J2^4+0,0,0,0,0,0,0,-0.0005463392*J1^2*J2^2+0.0000295318*J1^1*J2^3+-0.0005463392*J2^4+0,0.0006564335*J1^2*J2^2+-0.0019266750*J1^1*J2^3+0.0006564335*J2^4+0,0,0,0,0,0,0,-0.0001879395*J2^4+0,0.0014105903*J1^2*J2^2+-0.0008680556*J1^1*J2^3+-0.0006510417*J2^4+0,0,0,0,0,0,0,0.0001879395*J1^2*J2^2+0,0.0006510417*J1^2*J2^2+0.0008680556*J1^1*J2^3+-0.0014105903*J2^4+0,0,0,0,0,0,0,-0.0002657866*J1^2*J2^2+0.0002657866*J2^4+0,-0.0015345199*J1^2*J2^2+0.0015345199*J2^4+0,0,0,0,0,0,0,0,0,0,0,0,0,0,0,0,0,0,0,0,0,0,0,0,0,0,0,0,0,0,0,0,0,0,0,0,0,0,0,0,0,0,0,0,0,0,0,0,0},
{0,0,0,0,0,0,0.0004460841*J1^2*J2^2+-0.0019531250*J1^1*J2^3+0.0004460841*J2^4+0,-0.0022065494*J1^2*J2^2+0.0038005552*J1^1*J2^3+-0.0022065494*J2^4+0,0,0,0,0,0,0,0.0009765625*J1^2*J2^2+-0.0000241127*J1^1*J2^3+0.0009765625*J2^4+0,-0.0011485194*J1^2*J2^2+0.0034107546*J1^1*J2^3+-0.0011485194*J2^4+0,0,0,0,0,0,0,0.0010656388*J1^2*J2^2+-0.0027450856*J1^1*J2^3+0.0010656388*J2^4+0,-0.0036078076*J1^2*J2^2+0.0068612331*J1^1*J2^3+-0.0036078076*J2^4+0,0,0,0,0,0,0,0.0014105903*J1^2*J2^2+-0.0008680556*J1^1*J2^3+-0.0006510417*J2^4+0,-0.0016288094*J1^2*J2^2+0.0010023442*J1^1*J2^3+0.0005638186*J2^4+0,0,0,0,0,0,0,0.0006510417*J1^2*J2^2+0.0008680556*J1^1*J2^3+-0.0014105903*J2^4+0,-0.0005638186*J1^2*J2^2+-0.0010023442*J1^1*J2^3+0.0016288094*J2^4+0,0,0,0,0,0,0,-0.0015345199*J1^2*J2^2+0.0015345199*J2^4+0,0.0015061243*J1^2*J2^2+-0.0015061243*J2^4+0,0,0,0,0,0,0,0,0,0,0,0,0,0,0,0,0,0,0,0,0,0,0,0,0,0,0,0,0,0,0,0,0,0,0,0,0,0,0,0,0,0,0,0,0,0,0,0,0},
{0,0,0,0,-0.0031828704*J1^1*J2^3+0,-0.0009188155*J1^2*J2^2+-0.0009188155*J2^4+0,0.0036752621*J1^1*J2^3+0,0.0010609568*J1^2*J2^2+0.0010609568*J2^4+0,0,0,0,0,0.0028935185*J1^2*J2^2+0.0028935185*J2^4+0,0.0033411474*J1^1*J2^3+0,-0.0033411474*J1^2*J2^2+-0.0033411474*J2^4+0,-0.0038580247*J1^1*J2^3+0,0,0,0,0,0.0000255753*J1^2*J2^2+-0.0018925746*J1^1*J2^3+0.0000255753*J2^4+0,-0.0005463392*J1^2*J2^2+0.0000295318*J1^1*J2^3+-0.0005463392*J2^4+0,-0.0000295318*J1^2*J2^2+0.0021853569*J1^1*J2^3+-0.0000295318*J2^4+0,0.0006308582*J1^2*J2^2+-0.0000341004*J1^1*J2^3+0.0006308582*J2^4+0,0,0,0,0,-0.0003255208*J1^2*J2^2+0,-0.0015035163*J1^1*J2^3+0.0013155768*J2^4+0,0.0003758791*J1^2*J2^2+0,0.0017361111*J1^1*J2^3+-0.0015190972*J2^4+0,0,0,0,0,0.0003255208*J2^4+0,-0.0013155768*J1^2*J2^2+0.0015035163*J1^1*J2^3+0,-0.0003758791*J2^4+0,0.0015190972*J1^2*J2^2+-0.0017361111*J1^1*J2^3+0,0,0,0,0,0,0.0007973599*J1^2*J2^2+-0.0007973599*J2^4+0,0,-0.0009207120*J1^2*J2^2+0.0009207120*J2^4+0,0,0,0,0,0,0,0,0,0,0,0,0,0,0,0,0,0,0,0,0,0,0,0,0,0,0,0,0,0,0,0,0,0,0,0,0,0,0,0,0,0,0,0,0,0,0,0,0},
{0,0,0,0,-0.0016914559*J1^2*J2^2+0.0015452807*J1^1*J2^3+-0.0016914559*J2^4+0,0.0004460841*J1^2*J2^2+-0.0019531250*J1^1*J2^3+0.0004460841*J2^4+0,0.0019531250*J1^2*J2^2+-0.0017843364*J1^1*J2^3+0.0019531250*J2^4+0,-0.0005150936*J1^2*J2^2+0.0022552745*J1^1*J2^3+-0.0005150936*J2^4+0,0,0,0,0,-0.0000208822*J1^2*J2^2+0.0033829117*J1^1*J2^3+-0.0000208822*J2^4+0,0.0009765625*J1^2*J2^2+-0.0000241127*J1^1*J2^3+0.0009765625*J2^4+0,0.0000241127*J1^2*J2^2+-0.0039062500*J1^1*J2^3+0.0000241127*J2^4+0,-0.0011276372*J1^2*J2^2+0.0000278429*J1^1*J2^3+-0.0011276372*J2^4+0,0,0,0,0,-0.0023773139*J1^2*J2^2+0.0036914812*J1^1*J2^3+-0.0023773139*J2^4+0,0.0010656388*J1^2*J2^2+-0.0027450856*J1^1*J2^3+0.0010656388*J2^4+0,0.0027450856*J1^2*J2^2+-0.0042625553*J1^1*J2^3+0.0027450856*J2^4+0,-0.0012304937*J1^2*J2^2+0.0031697519*J1^1*J2^3+-0.0012304937*J2^4+0,0,0,0,0,-0.0015035163*J1^1*J2^3+0.0013155768*J2^4+0,-0.0003255208*J1^2*J2^2+0.0017361111*J1^1*J2^3+-0.0015190972*J2^4+0,0.0017361111*J1^1*J2^3+-0.0015190972*J2^4+0,0.0003758791*J1^2*J2^2+-0.0020046884*J1^1*J2^3+0.0017541024*J2^4+0,0,0,0,0,-0.0013155768*J1^2*J2^2+0.0015035163*J1^1*J2^3+0,0.0015190972*J1^2*J2^2+-0.0017361111*J1^1*J2^3+0.0003255208*J2^4+0,0.0015190972*J1^2*J2^2+-0.0017361111*J1^1*J2^3+0,-0.0017541024*J1^2*J2^2+0.0020046884*J1^1*J2^3+-0.0003758791*J2^4+0,0,0,0,0,0.0007973599*J1^2*J2^2+-0.0007973599*J2^4+0,-0.0009207120*J1^2*J2^2+0.0009207120*J2^4+0,-0.0009207120*J1^2*J2^2+0.0009207120*J2^4+0,0.0010631466*J1^2*J2^2+-0.0010631466*J2^4+0,0,0,0,0,0,0,0,0,0,0,0,0,0,0,0,0,0,0,0,0,0,0,0,0,0,0,0,0,0,0,0,0,0,0,0,0,0,0,0,0,0,0,0,0,0,0,0,0},
{0,0,0,0,-0.0009188155*J1^2*J2^2+-0.0009188155*J2^4+0,0.0010609568*J1^2*J2^2+-0.0031828704*J1^1*J2^3+0.0010609568*J2^4+0,0.0010609568*J1^2*J2^2+0.0010609568*J2^4+0,-0.0012250874*J1^2*J2^2+0.0036752621*J1^1*J2^3+-0.0012250874*J2^4+0,0,0,0,0,0.0033411474*J1^1*J2^3+0,0.0028935185*J1^2*J2^2+-0.0038580247*J1^1*J2^3+0.0028935185*J2^4+0,-0.0038580247*J1^1*J2^3+0,-0.0033411474*J1^2*J2^2+0.0044548632*J1^1*J2^3+-0.0033411474*J2^4+0,0,0,0,0,-0.0005463392*J1^2*J2^2+0.0000295318*J1^1*J2^3+-0.0005463392*J2^4+0,0.0006564335*J1^2*J2^2+-0.0019266750*J1^1*J2^3+0.0006564335*J2^4+0,0.0006308582*J1^2*J2^2+-0.0000341004*J1^1*J2^3+0.0006308582*J2^4+0,-0.0007579841*J1^2*J2^2+0.0022247327*J1^1*J2^3+-0.0007579841*J2^4+0,0,0,0,0,-0.0001879395*J2^4+0,0.0014105903*J1^2*J2^2+-0.0008680556*J1^1*J2^3+-0.0006510417*J2^4+0,0.0002170139*J2^4+0,-0.0016288094*J1^2*J2^2+0.0010023442*J1^1*J2^3+0.0007517582*J2^4+0,0,0,0,0,0.0001879395*J1^2*J2^2+0,0.0006510417*J1^2*J2^2+0.0008680556*J1^1*J2^3+-0.0014105903*J2^4+0,-0.0002170139*J1^2*J2^2+0,-0.0007517582*J1^2*J2^2+-0.0010023442*J1^1*J2^3+0.0016288094*J2^4+0,0,0,0,0,-0.0002657866*J1^2*J2^2+0.0002657866*J2^4+0,-0.0015345199*J1^2*J2^2+0.0015345199*J2^4+0,0.0003069040*J1^2*J2^2+-0.0003069040*J2^4+0,0.0017719110*J1^2*J2^2+-0.0017719110*J2^4+0,0,0,0,0,0,0,0,0,0,0,0,0,0,0,0,0,0,0,0,0,0,0,0,0,0,0,0,0,0,0,0,0,0,0,0,0,0,0,0,0,0,0,0,0,0,0,0,0},
{0,0,0,0,0.0004460841*J1^2*J2^2+-0.0019531250*J1^1*J2^3+0.0004460841*J2^4+0,-0.0022065494*J1^2*J2^2+0.0038005552*J1^1*J2^3+-0.0022065494*J2^4+0,-0.0005150936*J1^2*J2^2+0.0022552745*J1^1*J2^3+-0.0005150936*J2^4+0,0.0025479038*J1^2*J2^2+-0.0043885031*J1^1*J2^3+0.0025479038*J2^4+0,0,0,0,0,0.0009765625*J1^2*J2^2+-0.0000241127*J1^1*J2^3+0.0009765625*J2^4+0,-0.0011485194*J1^2*J2^2+0.0034107546*J1^1*J2^3+-0.0011485194*J2^4+0,-0.0011276372*J1^2*J2^2+0.0000278429*J1^1*J2^3+-0.0011276372*J2^4+0,0.0013261960*J1^2*J2^2+-0.0039384002*J1^1*J2^3+0.0013261960*J2^4+0,0,0,0,0,0.0010656388*J1^2*J2^2+-0.0027450856*J1^1*J2^3+0.0010656388*J2^4+0,-0.0036078076*J1^2*J2^2+0.0068612331*J1^1*J2^3+-0.0036078076*J2^4+0,-0.0012304937*J1^2*J2^2+0.0031697519*J1^1*J2^3+-0.0012304937*J2^4+0,0.0041659374*J1^2*J2^2+-0.0079226695*J1^1*J2^3+0.0041659374*J2^4+0,0,0,0,0,0.0014105903*J1^2*J2^2+-0.0008680556*J1^1*J2^3+-0.0006510417*J2^4+0,-0.0016288094*J1^2*J2^2+0.0010023442*J1^1*J2^3+0.0005638186*J2^4+0,-0.0016288094*J1^2*J2^2+0.0010023442*J1^1*J2^3+0.0007517582*J2^4+0,0.0018807870*J1^2*J2^2+-0.0011574074*J1^1*J2^3+-0.0006510417*J2^4+0,0,0,0,0,0.0006510417*J1^2*J2^2+0.0008680556*J1^1*J2^3+-0.0014105903*J2^4+0,-0.0005638186*J1^2*J2^2+-0.0010023442*J1^1*J2^3+0.0016288094*J2^4+0,-0.0007517582*J1^2*J2^2+-0.0010023442*J1^1*J2^3+0.0016288094*J2^4+0,0.0006510417*J1^2*J2^2+0.0011574074*J1^1*J2^3+-0.0018807870*J2^4+0,0,0,0,0,-0.0015345199*J1^2*J2^2+0.0015345199*J2^4+0,0.0015061243*J1^2*J2^2+-0.0015061243*J2^4+0,0.0017719110*J1^2*J2^2+-0.0017719110*J2^4+0,-0.0017391226*J1^2*J2^2+0.0017391226*J2^4+0,0,0,0,0,0,0,0,0,0,0,0,0,0,0,0,0,0,0,0,0,0,0,0,0,0,0,0,0,0,0,0,0,0,0,0,0,0,0,0,0,0,0,0,0,0,0,0,0},
{0,0,0,0,0,0,-0.0045012584*J1^1*J2^3+0,-0.0012994014*J1^2*J2^2+-0.0012994014*J2^4+0,0,0,0,0,0,0,0.0040920531*J1^2*J2^2+0.0040920531*J2^4+0,0.0047250960*J1^1*J2^3+0,0,0,0,0,0,0,0.0000361690*J1^2*J2^2+-0.0026765046*J1^1*J2^3+0.0000361690*J2^4+0,-0.0007726403*J1^2*J2^2+0.0000417643*J1^1*J2^3+-0.0007726403*J2^4+0,0,0,0,0,0,0,-0.0004603560*J1^2*J2^2+0,-0.0021262932*J1^1*J2^3+0.0018605065*J2^4+0,0,0,0,0,0,0,0.0004603560*J2^4+0,-0.0018605065*J1^2*J2^2+0.0021262932*J1^1*J2^3+0,0,0,0,0,0,0,0,0.0011276372*J1^2*J2^2+-0.0011276372*J2^4+0,0,0,0,0,0,0,0,0,0,0,0,0,0,0,0,0,0,0,0,0,0,0,0,0,0,0,0,0,0,0,0,0,0,0,0,0,0,0,0,0,0,0,0,0,0,0,0,0},
{0,0,0,0,0,0,-0.0023920798*J1^2*J2^2+0.0021853569*J1^1*J2^3+-0.0023920798*J2^4+0,0.0006308582*J1^2*J2^2+-0.0027621359*J1^1*J2^3+0.0006308582*J2^4+0,0,0,0,0,0,0,-0.0000295318*J1^2*J2^2+0.0047841597*J1^1*J2^3+-0.0000295318*J2^4+0,0.0013810679*J1^2*J2^2+-0.0000341004*J1^1*J2^3+0.0013810679*J2^4+0,0,0,0,0,0,0,-0.0033620296*J1^2*J2^2+0.0052205428*J1^1*J2^3+-0.0033620296*J2^4+0,0.0015070409*J1^2*J2^2+-0.0038821373*J1^1*J2^3+0.0015070409*J2^4+0,0,0,0,0,0,0,-0.0021262932*J1^1*J2^3+0.0018605065*J2^4+0,-0.0004603560*J1^2*J2^2+0.0024552319*J1^1*J2^3+-0.0021483279*J2^4+0,0,0,0,0,0,0,-0.0018605065*J1^2*J2^2+0.0021262932*J1^1*J2^3+0,0.0021483279*J1^2*J2^2+-0.0024552319*J1^1*J2^3+0.0004603560*J2^4+0,0,0,0,0,0,0,0.0011276372*J1^2*J2^2+-0.0011276372*J2^4+0,-0.0013020833*J1^2*J2^2+0.0013020833*J2^4+0,0,0,0,0,0,0,0,0,0,0,0,0,0,0,0,0,0,0,0,0,0,0,0,0,0,0,0,0,0,0,0,0,0,0,0,0,0,0,0,0,0,0,0,0,0,0,0,0},
{0,0,0,0,0,0,-0.0012994014*J1^2*J2^2+-0.0012994014*J2^4+0,0.0015004195*J1^2*J2^2+-0.0045012584*J1^1*J2^3+0.0015004195*J2^4+0,0,0,0,0,0,0,0.0047250960*J1^1*J2^3+0,0.0040920531*J1^2*J2^2+-0.0054560708*J1^1*J2^3+0.0040920531*J2^4+0,0,0,0,0,0,0,-0.0007726403*J1^2*J2^2+0.0000417643*J1^1*J2^3+-0.0007726403*J2^4+0,0.0009283372*J1^2*J2^2+-0.0027247299*J1^1*J2^3+0.0009283372*J2^4+0,0,0,0,0,0,0,-0.0002657866*J2^4+0,0.0019948759*J1^2*J2^2+-0.0012276159*J1^1*J2^3+-0.0009207120*J2^4+0,0,0,0,0,0,0,0.0002657866*J1^2*J2^2+0,0.0009207120*J1^2*J2^2+0.0012276159*J1^1*J2^3+-0.0019948759*J2^4+0,0,0,0,0,0,0,-0.0003758791*J1^2*J2^2+0.0003758791*J2^4+0,-0.0021701389*J1^2*J2^2+0.0021701389*J2^4+0,0,0,0,0,0,0,0,0,0,0,0,0,0,0,0,0,0,0,0,0,0,0,0,0,0,0,0,0,0,0,0,0,0,0,0,0,0,0,0,0,0,0,0,0,0,0,0,0},
{0,0,0,0,0,0,0.0006308582*J1^2*J2^2+-0.0027621359*J1^1*J2^3+0.0006308582*J2^4+0,-0.0031205321*J1^2*J2^2+0.0053747966*J1^1*J2^3+-0.0031205321*J2^4+0,0,0,0,0,0,0,0.0013810679*J1^2*J2^2+-0.0000341004*J1^1*J2^3+0.0013810679*J2^4+0,-0.0016242517*J1^2*J2^2+0.0048235355*J1^1*J2^3+-0.0016242517*J2^4+0,0,0,0,0,0,0,0.0015070409*J1^2*J2^2+-0.0038821373*J1^1*J2^3+0.0015070409*J2^4+0,-0.0051022105*J1^2*J2^2+0.0097032489*J1^1*J2^3+-0.0051022105*J2^4+0,0,0,0,0,0,0,0.0019948759*J1^2*J2^2+-0.0012276159*J1^1*J2^3+-0.0009207120*J2^4+0,-0.0023034843*J1^2*J2^2+0.0014175288*J1^1*J2^3+0.0007973599*J2^4+0,0,0,0,0,0,0,0.0009207120*J1^2*J2^2+0.0012276159*J1^1*J2^3+-0.0019948759*J2^4+0,-0.0007973599*J1^2*J2^2+-0.0014175288*J1^1*J2^3+0.0023034843*J2^4+0,0,0,0,0,0,0,-0.0021701389*J1^2*J2^2+0.0021701389*J2^4+0,0.0021299815*J1^2*J2^2+-0.0021299815*J2^4+0,0,0,0,0,0,0,0,0,0,0,0,0,0,0,0,0,0,0,0,0,0,0,0,0,0,0,0,0,0,0,0,0,0,0,0,0,0,0,0,0,0,0,0,0,0,0,0,0},
{0,0,0,0,-0.0045012584*J1^1*J2^3+0,-0.0012994014*J1^2*J2^2+-0.0012994014*J2^4+0,0.0051976055*J1^1*J2^3+0,0.0015004195*J1^2*J2^2+0.0015004195*J2^4+0,0,0,0,0,0.0040920531*J1^2*J2^2+0.0040920531*J2^4+0,0.0047250960*J1^1*J2^3+0,-0.0047250960*J1^2*J2^2+-0.0047250960*J2^4+0,-0.0054560708*J1^1*J2^3+0,0,0,0,0,0.0000361690*J1^2*J2^2+-0.0026765046*J1^1*J2^3+0.0000361690*J2^4+0,-0.0007726403*J1^2*J2^2+0.0000417643*J1^1*J2^3+-0.0007726403*J2^4+0,-0.0000417643*J1^2*J2^2+0.0030905613*J1^1*J2^3+-0.0000417643*J2^4+0,0.0008921682*J1^2*J2^2+-0.0000482253*J1^1*J2^3+0.0008921682*J2^4+0,0,0,0,0,-0.0004603560*J1^2*J2^2+0,-0.0021262932*J1^1*J2^3+0.0018605065*J2^4+0,0.0005315733*J1^2*J2^2+0,0.0024552319*J1^1*J2^3+-0.0021483279*J2^4+0,0,0,0,0,0.0004603560*J2^4+0,-0.0018605065*J1^2*J2^2+0.0021262932*J1^1*J2^3+0,-0.0005315733*J2^4+0,0.0021483279*J1^2*J2^2+-0.0024552319*J1^1*J2^3+0,0,0,0,0,0,0.0011276372*J1^2*J2^2+-0.0011276372*J2^4+0,0,-0.0013020833*J1^2*J2^2+0.0013020833*J2^4+0,0,0,0,0,0,0,0,0,0,0,0,0,0,0,0,0,0,0,0,0,0,0,0,0,0,0,0,0,0,0,0,0,0,0,0,0,0,0,0,0,0,0,0,0,0,0,0,0},
{0,0,0,0,-0.0023920798*J1^2*J2^2+0.0021853569*J1^1*J2^3+-0.0023920798*J2^4+0,0.0006308582*J1^2*J2^2+-0.0027621359*J1^1*J2^3+0.0006308582*J2^4+0,0.0027621359*J1^2*J2^2+-0.0025234328*J1^1*J2^3+0.0027621359*J2^4+0,-0.0007284523*J1^2*J2^2+0.0031894398*J1^1*J2^3+-0.0007284523*J2^4+0,0,0,0,0,-0.0000295318*J1^2*J2^2+0.0047841597*J1^1*J2^3+-0.0000295318*J2^4+0,0.0013810679*J1^2*J2^2+-0.0000341004*J1^1*J2^3+0.0013810679*J2^4+0,0.0000341004*J1^2*J2^2+-0.0055242717*J1^1*J2^3+0.0000341004*J2^4+0,-0.0015947199*J1^2*J2^2+0.0000393758*J1^1*J2^3+-0.0015947199*J2^4+0,0,0,0,0,-0.0033620296*J1^2*J2^2+0.0052205428*J1^1*J2^3+-0.0033620296*J2^4+0,0.0015070409*J1^2*J2^2+-0.0038821373*J1^1*J2^3+0.0015070409*J2^4+0,0.0038821373*J1^2*J2^2+-0.0060281636*J1^1*J2^3+0.0038821373*J2^4+0,-0.0017401809*J1^2*J2^2+0.0044827061*J1^1*J2^3+-0.0017401809*J2^4+0,0,0,0,0,-0.0021262932*J1^1*J2^3+0.0018605065*J2^4+0,-0.0004603560*J1^2*J2^2+0.0024552319*J1^1*J2^3+-0.0021483279*J2^4+0,0.0024552319*J1^1*J2^3+-0.0021483279*J2^4+0,0.0005315733*J1^2*J2^2+-0.0028350576*J1^1*J2^3+0.0024806754*J2^4+0,0,0,0,0,-0.0018605065*J1^2*J2^2+0.0021262932*J1^1*J2^3+0,0.0021483279*J1^2*J2^2+-0.0024552319*J1^1*J2^3+0.0004603560*J2^4+0,0.0021483279*J1^2*J2^2+-0.0024552319*J1^1*J2^3+0,-0.0024806754*J1^2*J2^2+0.0028350576*J1^1*J2^3+-0.0005315733*J2^4+0,0,0,0,0,0.0011276372*J1^2*J2^2+-0.0011276372*J2^4+0,-0.0013020833*J1^2*J2^2+0.0013020833*J2^4+0,-0.0013020833*J1^2*J2^2+0.0013020833*J2^4+0,0.0015035163*J1^2*J2^2+-0.0015035163*J2^4+0,0,0,0,0,0,0,0,0,0,0,0,0,0,0,0,0,0,0,0,0,0,0,0,0,0,0,0,0,0,0,0,0,0,0,0,0,0,0,0,0,0,0,0,0,0,0,0,0},
{0,0,0,0,-0.0012994014*J1^2*J2^2+-0.0012994014*J2^4+0,0.0015004195*J1^2*J2^2+-0.0045012584*J1^1*J2^3+0.0015004195*J2^4+0,0.0015004195*J1^2*J2^2+0.0015004195*J2^4+0,-0.0017325352*J1^2*J2^2+0.0051976055*J1^1*J2^3+-0.0017325352*J2^4+0,0,0,0,0,0.0047250960*J1^1*J2^3+0,0.0040920531*J1^2*J2^2+-0.0054560708*J1^1*J2^3+0.0040920531*J2^4+0,-0.0054560708*J1^1*J2^3+0,-0.0047250960*J1^2*J2^2+0.0063001279*J1^1*J2^3+-0.0047250960*J2^4+0,0,0,0,0,-0.0007726403*J1^2*J2^2+0.0000417643*J1^1*J2^3+-0.0007726403*J2^4+0,0.0009283372*J1^2*J2^2+-0.0027247299*J1^1*J2^3+0.0009283372*J2^4+0,0.0008921682*J1^2*J2^2+-0.0000482253*J1^1*J2^3+0.0008921682*J2^4+0,-0.0010719515*J1^2*J2^2+0.0031462471*J1^1*J2^3+-0.0010719515*J2^4+0,0,0,0,0,-0.0002657866*J2^4+0,0.0019948759*J1^2*J2^2+-0.0012276159*J1^1*J2^3+-0.0009207120*J2^4+0,0.0003069040*J2^4+0,-0.0023034843*J1^2*J2^2+0.0014175288*J1^1*J2^3+0.0010631466*J2^4+0,0,0,0,0,0.0002657866*J1^2*J2^2+0,0.0009207120*J1^2*J2^2+0.0012276159*J1^1*J2^3+-0.0019948759*J2^4+0,-0.0003069040*J1^2*J2^2+0,-0.0010631466*J1^2*J2^2+-0.0014175288*J1^1*J2^3+0.0023034843*J2^4+0,0,0,0,0,-0.0003758791*J1^2*J2^2+0.0003758791*J2^4+0,-0.0021701389*J1^2*J2^2+0.0021701389*J2^4+0,0.0004340278*J1^2*J2^2+-0.0004340278*J2^4+0,0.0025058605*J1^2*J2^2+-0.0025058605*J2^4+0,0,0,0,0,0,0,0,0,0,0,0,0,0,0,0,0,0,0,0,0,0,0,0,0,0,0,0,0,0,0,0,0,0,0,0,0,0,0,0,0,0,0,0,0,0,0,0,0},
{0,0,0,0,0.0006308582*J1^2*J2^2+-0.0027621359*J1^1*J2^3+0.0006308582*J2^4+0,-0.0031205321*J1^2*J2^2+0.0053747966*J1^1*J2^3+-0.0031205321*J2^4+0,-0.0007284523*J1^2*J2^2+0.0031894398*J1^1*J2^3+-0.0007284523*J2^4+0,0.0036032801*J1^2*J2^2+-0.0062062806*J1^1*J2^3+0.0036032801*J2^4+0,0,0,0,0,0.0013810679*J1^2*J2^2+-0.0000341004*J1^1*J2^3+0.0013810679*J2^4+0,-0.0016242517*J1^2*J2^2+0.0048235355*J1^1*J2^3+-0.0016242517*J2^4+0,-0.0015947199*J1^2*J2^2+0.0000393758*J1^1*J2^3+-0.0015947199*J2^4+0,0.0018755244*J1^2*J2^2+-0.0055697390*J1^1*J2^3+0.0018755244*J2^4+0,0,0,0,0,0.0015070409*J1^2*J2^2+-0.0038821373*J1^1*J2^3+0.0015070409*J2^4+0,-0.0051022105*J1^2*J2^2+0.0097032489*J1^1*J2^3+-0.0051022105*J2^4+0,-0.0017401809*J1^2*J2^2+0.0044827061*J1^1*J2^3+-0.0017401809*J2^4+0,0.0058915252*J1^2*J2^2+-0.0112043467*J1^1*J2^3+0.0058915252*J2^4+0,0,0,0,0,0.0019948759*J1^2*J2^2+-0.0012276159*J1^1*J2^3+-0.0009207120*J2^4+0,-0.0023034843*J1^2*J2^2+0.0014175288*J1^1*J2^3+0.0007973599*J2^4+0,-0.0023034843*J1^2*J2^2+0.0014175288*J1^1*J2^3+0.0010631466*J2^4+0,0.0026598345*J1^2*J2^2+-0.0016368213*J1^1*J2^3+-0.0009207120*J2^4+0,0,0,0,0,0.0009207120*J1^2*J2^2+0.0012276159*J1^1*J2^3+-0.0019948759*J2^4+0,-0.0007973599*J1^2*J2^2+-0.0014175288*J1^1*J2^3+0.0023034843*J2^4+0,-0.0010631466*J1^2*J2^2+-0.0014175288*J1^1*J2^3+0.0023034843*J2^4+0,0.0009207120*J1^2*J2^2+0.0016368213*J1^1*J2^3+-0.0026598345*J2^4+0,0,0,0,0,-0.0021701389*J1^2*J2^2+0.0021701389*J2^4+0,0.0021299815*J1^2*J2^2+-0.0021299815*J2^4+0,0.0025058605*J1^2*J2^2+-0.0025058605*J2^4+0,-0.0024594907*J1^2*J2^2+0.0024594907*J2^4+0,0,0,0,0,0,0,0,0,0,0,0,0,0,0,0,0,0,0,0,0,0,0,0,0,0,0,0,0,0,0,0,0,0,0,0,0,0,0,0,0,0,0,0,0,0,0,0,0}
}