96
{{0,0,0,0,0,0,0,0,0,0,0,0,0,0,0,0,0,0,0,0,0,0,0,0,0,0,0,0,0,0,0,0,0,0,0,0,0,0,0,0,0,0,0,0,0,0,0,0,0,0,0,0,0,0,0,0,0,0,0,0,0,0,0,0,0,0,0,0,0,0,0,0,0,0,0,0,0,0,0,0,0,0,0,0,0,0,0,0,0,0,0,0,0,0,0,0},
{0,0,0,0,0,0,0,0,0,0,0,0,0,0,0,0,0,0,0,0,0,0,0,0,0,0,0,0,0,0,0,0,0,0,0,0,0,0,0,0,0,0,0,0,0,0,0,0,0,0,0,0,0,0,0,0,0,0,0,0,0,0,0,0,0,0,0,0,0,0,0,0,0,0,0,0,0,0,0,0,0,0,0,0,0,0,0,0,0,0,0,0,0,0,0,0},
{0,0,0,0,0,0,0,0,0,0,0,0,0,0,0,0,0,0,0,0,0,0,0,0,0,0,0,0,0,0,0,0,0,0,0,0,0,0,0,0,0,0,0,0,0,0,0,0,0,0,0,0,0,0,0,0,0,0,0,0,0,0,0,0,0,0,0,0,0,0,0,0,0,0,0,0,0,0,0,0,0,0,0,0,0,0,0,0,0,0,0,0,0,0,0,0},
{0,0,0,0,0,0,0,0,0,0,0,0,0,0,0,0,0,0,0,0,0,0,0,0,0,0,0,0,0,0,0,0,0,0,0,0,0,0,0,0,0,0,0,0,0,0,0,0,0,0,0,0,0,0,0,0,0,0,0,0,0,0,0,0,0,0,0,0,0,0,0,0,0,0,0,0,0,0,0,0,0,0,0,0,0,0,0,0,0,0,0,0,0,0,0,0},
{0,0,0,0,0,0,0,0,0,0,0,0,0,0,0,0,0,0,0,0,0,0,0,0,0,0,0,0,0,0,0,0,0,0,0,0,0,0,0,0,0,0,0,0,0,0,0,0,0,0,0,0,0,0,0,0,0,0,0,0,0,0,0,0,0,0,0,0,0,0,0,0,0,0,0,0,0,0,0,0,0,0,0,0,0,0,0,0,0,0,0,0,0,0,0,0},
{0,0,0,0,0,0,0,0,0,0,0,0,0,0,0,0,0,0,0,0,0,0,0,0,0,0,0,0,0,0,0,0,0,0,0,0,0,0,0,0,0,0,0,0,0,0,0,0,0,0,0,0,0,0,0,0,0,0,0,0,0,0,0,0,0,0,0,0,0,0,0,0,0,0,0,0,0,0,0,0,0,0,0,0,0,0,0,0,0,0,0,0,0,0,0,0},
{0,0,0,0,0,0,0,0,0,0,0,0,0,0,0,0,0,0,0,0,0,0,0,0,0,0,0,0,0,0,0,0,0,0,0,0,0,0,0,0,0,0,0,0,0,0,0,0,0,0,0,0,0,0,0,0,0,0,0,0,0,0,0,0,0,0,0,0,0,0,0,0,0,0,0,0,0,0,0,0,0,0,0,0,0,0,0,0,0,0,0,0,0,0,0,0},
{0,0,0,0,0,0,0,0,0,0,0,0,0,0,0,0,0,0,0,0,0,0,0,0,0,0,0,0,0,0,0,0,0,0,0,0,0,0,0,0,0,0,0,0,0,0,0,0,0,0,0,0,0,0,0,0,0,0,0,0,0,0,0,0,0,0,0,0,0,0,0,0,0,0,0,0,0,0,0,0,0,0,0,0,0,0,0,0,0,0,0,0,0,0,0,0},
{0,0,0,0,0,0,0,0,0,0,0,0,0,0,0,0,0,0,0,0,0,0,0,0,0,0,0,0,0,0,0,0,0,0,0,0,0,0,0,0,0,0,0,0,0,0,0,0,0,0,0,0,0,0,0,0,0,0,0,0,0,0,0,0,0,0,0,0,0,0,0,0,0,0,0,0,0,0,0,0,0,0,0,0,0,0,0,0,0,0,0,0,0,0,0,0},
{0,0,0,0,0,0,0,0,0,0,0,0,0,0,0,0,0,0,0,0,0,0,0,0,0,0,0,0,0,0,0,0,0,0,0,0,0,0,0,0,0,0,0,0,0,0,0,0,0,0,0,0,0,0,0,0,0,0,0,0,0,0,0,0,0,0,0,0,0,0,0,0,0,0,0,0,0,0,0,0,0,0,0,0,0,0,0,0,0,0,0,0,0,0,0,0},
{0,0,0,0,0,0,0,0,0,0,0,0,0,0,0,0,0,0,0,0,0,0,0,0,0,0,0,0,0,0,0,0,0,0,0,0,0,0,0,0,0,0,0,0,0,0,0,0,0,0,0,0,0,0,0,0,0,0,0,0,0,0,0,0,0,0,0,0,0,0,0,0,0,0,0,0,0,0,0,0,0,0,0,0,0,0,0,0,0,0,0,0,0,0,0,0},
{0,0,0,0,0,0,0,0,0,0,0,0,0,0,0,0,0,0,0,0,0,0,0,0,0,0,0,0,0,0,0,0,0,0,0,0,0,0,0,0,0,0,0,0,0,0,0,0,0,0,0,0,0,0,0,0,0,0,0,0,0,0,0,0,0,0,0,0,0,0,0,0,0,0,0,0,0,0,0,0,0,0,0,0,0,0,0,0,0,0,0,0,0,0,0,0},
{0,0,0,0,0,0,0,0,0,0,0,0,0,0,0,0,0,0,0,0,0,0,0,0,0,0,0,0,0,0,0,0,0,0,0,0,0,0,0,0,0,0,0,0,0,0,0,0,0,0,0,0,0,0,0,0,0,0,0,0,0,0,0,0,0,0,0,0,0,0,0,0,0,0,0,0,0,0,0,0,0,0,0,0,0,0,0,0,0,0,0,0,0,0,0,0},
{0,0,0,0,0,0,0,0,0,0,0,0,0,0,0,0,0,0,0,0,0,0,0,0,0,0,0,0,0,0,0,0,0,0,0,0,0,0,0,0,0,0,0,0,0,0,0,0,0,0,0,0,0,0,0,0,0,0,0,0,0,0,0,0,0,0,0,0,0,0,0,0,0,0,0,0,0,0,0,0,0,0,0,0,0,0,0,0,0,0,0,0,0,0,0,0},
{0,0,0,0,0,0,0,0,0,0,0,0,0,0,0,0,0,0,0,0,0,0,0,0,0,0,0,0,0,0,0,0,0,0,0,0,0,0,0,0,0,0,0,0,0,0,0,0,0,0,0,0,0,0,0,0,0,0,0,0,0,0,0,0,0,0,0,0,0,0,0,0,0,0,0,0,0,0,0,0,0,0,0,0,0,0,0,0,0,0,0,0,0,0,0,0},
{0,0,0,0,0,0,0,0,0,0,0,0,0,0,0,0,0,0,0,0,0,0,0,0,0,0,0,0,0,0,0,0,0,0,0,0,0,0,0,0,0,0,0,0,0,0,0,0,0,0,0,0,0,0,0,0,0,0,0,0,0,0,0,0,0,0,0,0,0,0,0,0,0,0,0,0,0,0,0,0,0,0,0,0,0,0,0,0,0,0,0,0,0,0,0,0},
{0,0,0,0,0,0,0,0,0,0,0,0,0,0,0,0,0,0,0,0,0,0,0,0,0,0,0,0,0,0,0,0,0,0,0,0,0,0,0,0,0,0,0,0,0,0,0,0,0,0,0,0,0,0,0,0,0,0,0,0,0,0,0,0,0,0,0,0,0,0,0,0,0,0,0,0,0,0,0,0,0,0,0,0,0,0,0,0,0,0,0,0,0,0,0,0},
{0,0,0,0,0,0,0,0,0,0,0,0,0,0,0,0,0,0,0,0,0,0,0,0,0,0,0,0,0,0,0,0,0,0,0,0,0,0,0,0,0,0,0,0,0,0,0,0,0,0,0,0,0,0,0,0,0,0,0,0,0,0,0,0,0,0,0,0,0,0,0,0,0,0,0,0,0,0,0,0,0,0,0,0,0,0,0,0,0,0,0,0,0,0,0,0},
{0,0,0,0,0,0,0,0,0,0,0,0,0,0,0,0,0,0,0,0,0,0,0,0,0,0,0,0,0,0,0,0,0,0,0,0,0,0,0,0,0,0,0,0,0,0,0,0,0,0,0,0,0,0,0,0,0,0,0,0,0,0,0,0,0,0,0,0,0,0,0,0,0,0,0,0,0,0,0,0,0,0,0,0,0,0,0,0,0,0,0,0,0,0,0,0},
{0,0,0,0,0,0,0,0,0,0,0,0,0,0,0,0,0,0,0,0,0,0,0,0,0,0,0,0,0,0,0,0,0,0,0,0,0,0,0,0,0,0,0,0,0,0,0,0,0,0,0,0,0,0,0,0,0,0,0,0,0,0,0,0,0,0,0,0,0,0,0,0,0,0,0,0,0,0,0,0,0,0,0,0,0,0,0,0,0,0,0,0,0,0,0,0},
{0,0,0,0,0,0,0,0,0,0,0,0,0,0,0,0,0,0,0,0,0,0,0,0,0,0,0,0,0,0,0,0,0,0,0,0,0,0,0,0,0,0,0,0,0,0,0,0,0,0,0,0,0,0,0,0,0,0,0,0,0,0,0,0,0,0,0,0,0,0,0,0,0,0,0,0,0,0,0,0,0,0,0,0,0,0,0,0,0,0,0,0,0,0,0,0},
{0,0,0,0,0,0,0,0,0,0,0,0,0,0,0,0,0,0,0,0,0,0,0,0,0,0,0,0,0,0,0,0,0,0,0,0,0,0,0,0,0,0,0,0,0,0,0,0,0,0,0,0,0,0,0,0,0,0,0,0,0,0,0,0,0,0,0,0,0,0,0,0,0,0,0,0,0,0,0,0,0,0,0,0,0,0,0,0,0,0,0,0,0,0,0,0},
{0,0,0,0,0,0,0,0,0,0,0,0,0,0,0,0,0,0,0,0,0,0,0,0,0,0,0,0,0,0,0,0,0,0,0,0,0,0,0,0,0,0,0,0,0,0,0,0,0,0,0,0,0,0,0,0,0,0,0,0,0,0,0,0,0,0,0,0,0,0,0,0,0,0,0,0,0,0,0,0,0,0,0,0,0,0,0,0,0,0,0,0,0,0,0,0},
{0,0,0,0,0,0,0,0,0,0,0,0,0,0,0,0,0,0,0,0,0,0,0,0,0,0,0,0,0,0,0,0,0,0,0,0,0,0,0,0,0,0,0,0,0,0,0,0,0,0,0,0,0,0,0,0,0,0,0,0,0,0,0,0,0,0,0,0,0,0,0,0,0,0,0,0,0,0,0,0,0,0,0,0,0,0,0,0,0,0,0,0,0,0,0,0},
{0,0,0,0,0,0,0,0,0,0,0,0,0,0,0,0,0,0,0,0,0,0,0,0,0,0,0,0,0,0,0,0,0,0,0,0,0,0,0,0,0,0,0,0,0,0,0,0,0,0,0,0,0,0,0,0,0,0,0,0,0,0,0,0,0,0,0,0,0,0,0,0,0,0,0,0,0,0,0,0,0,0,0,0,0,0,0,0,0,0,0,0,0,0,0,0},
{0,0,0,0,0,0,0,0,0,0,0,0,0,0,0,0,0,0,0,0,0,0,0,0,0,0,0,0,0,0,0,0,0,0,0,0,0,0,0,0,0,0,0,0,0,0,0,0,0,0,0,0,0,0,0,0,0,0,0,0,0,0,0,0,0,0,0,0,0,0,0,0,0,0,0,0,0,0,0,0,0,0,0,0,0,0,0,0,0,0,0,0,0,0,0,0},
{0,0,0,0,0,0,0,0,0,0,0,0,0,0,0,0,0,0,0,0,0,0,0,0,0,0,0,0,0,0,0,0,0,0,0,0,0,0,0,0,0,0,0,0,0,0,0,0,0,0,0,0,0,0,0,0,0,0,0,0,0,0,0,0,0,0,0,0,0,0,0,0,0,0,0,0,0,0,0,0,0,0,0,0,0,0,0,0,0,0,0,0,0,0,0,0},
{0,0,0,0,0,0,0,0,0,0,0,0,0,0,0,0,0,0,0,0,0,0,0,0,0,0,0,0,0,0,0,0,0,0,0,0,0,0,0,0,0,0,0,0,0,0,0,0,0,0,0,0,0,0,0,0,0,0,0,0,0,0,0,0,0,0,0,0,0,0,0,0,0,0,0,0,0,0,0,0,0,0,0,0,0,0,0,0,0,0,0,0,0,0,0,0},
{0,0,0,0,0,0,0,0,0,0,0,0,0,0,0,0,0,0,0,0,0,0,0,0,0,0,0,0,0,0,0,0,0,0,0,0,0,0,0,0,0,0,0,0,0,0,0,0,0,0,0,0,0,0,0,0,0,0,0,0,0,0,0,0,0,0,0,0,0,0,0,0,0,0,0,0,0,0,0,0,0,0,0,0,0,0,0,0,0,0,0,0,0,0,0,0},
{0,0,0,0,0,0,0,0,0,0,0,0,0,0,0,0,0,0,0,0,0,0,0,0,0,0,0,0,0,0,0,0,0,0,0,0,0,0,0,0,0,0,0,0,0,0,0,0,0,0,0,0,0,0,0,0,0,0,0,0,0,0,0,0,0,0,0,0,0,0,0,0,0,0,0,0,0,0,0,0,0,0,0,0,0,0,0,0,0,0,0,0,0,0,0,0},
{0,0,0,0,0,0,0,0,0,0,0,0,0,0,0,0,0,0,0,0,0,0,0,0,0,0,0,0,0,0,0,0,0,0,0,0,0,0,0,0,0,0,0,0,0,0,0,0,0,0,0,0,0,0,0,0,0,0,0,0,0,0,0,0,0,0,0,0,0,0,0,0,0,0,0,0,0,0,0,0,0,0,0,0,0,0,0,0,0,0,0,0,0,0,0,0},
{0,0,0,0,0,0,0,0,0,0,0,0,0,0,0,0,0,0,0,0,0,0,0,0,0,0,0,0,0,0,0,0,0,0,0,0,0,0,0,0,0,0,0,0,0,0,0,0,0,0,0,0,0,0,0,0,0,0,0,0,0,0,0,0,0,0,0,0,0,0,0,0,0,0,0,0,0,0,0,0,0,0,0,0,0,0,0,0,0,0,0,0,0,0,0,0},
{0,0,0,0,0,0,0,0,0,0,0,0,0,0,0,0,0,0,0,0,0,0,0,0,0,0,0,0,0,0,0,0,0,0,0,0,0,0,0,0,0,0,0,0,0,0,0,0,0,0,0,0,0,0,0,0,0,0,0,0,0,0,0,0,0,0,0,0,0,0,0,0,0,0,0,0,0,0,0,0,0,0,0,0,0,0,0,0,0,0,0,0,0,0,0,0},
{0,0,0,0,0,0,0,0,0,0,0,0,0,0,0,0,0,0,0,0,0,0,0,0,0,0,0,0,0,0,0,0,0,0,0,0,0,0,0,0,0,0,0,0,0,0,0,0,0,0,0,0,0,0,0,0,0,0,0,0,0,0,0,0,0,0,0,0,0,0,0,0,0,0,0,0,0,0,0,0,0,0,0,0,0,0,0,0,0,0,0,0,0,0,0,0},
{0,0,0,0,0,0,0,0,0,0,0,0,0,0,0,0,0,0,0,0,0,0,0,0,0,0,0,0,0,0,0,0,0,0,0,0,0,0,0,0,0,0,0,0,0,0,0,0,0,0,0,0,0,0,0,0,0,0,0,0,0,0,0,0,0,0,0,0,0,0,0,0,0,0,0,0,0,0,0,0,0,0,0,0,0,0,0,0,0,0,0,0,0,0,0,0},
{0,0,0,0,0,0,0,0,0,0,0,0,0,0,0,0,0,0,0,0,0,0,0,0,0,0,0,0,0,0,0,0,0,0,0,0,0,0,0,0,0,0,0,0,0,0,0,0,0,0,0,0,0,0,0,0,0,0,0,0,0,0,0,0,0,0,0,0,0,0,0,0,0,0,0,0,0,0,0,0,0,0,0,0,0,0,0,0,0,0,0,0,0,0,0,0},
{0,0,0,0,0,0,0,0,0,0,0,0,0,0,0,0,0,0,0,0,0,0,0,0,0,0,0,0,0,0,0,0,0,0,0,0,0,0,0,0,0,0,0,0,0,0,0,0,0,0,0,0,0,0,0,0,0,0,0,0,0,0,0,0,0,0,0,0,0,0,0,0,0,0,0,0,0,0,0,0,0,0,0,0,0,0,0,0,0,0,0,0,0,0,0,0},
{0,0,0,0,0,0,0,0,0,0,0,0,0,0,0,0,0,0,0,0,0,0,0,0,0,0,0,0,0,0,0,0,0,0,0,0,0,0,0,0,0,0,0,0,0,0,0,0,0,0,0,0,0,0,0,0,0,0,0,0,0,0,0,0,0,0,0,0,0,0,0,0,0,0,0,0,0,0,0,0,0,0,0,0,0,0,0,0,0,0,0,0,0,0,0,0},
{0,0,0,0,0,0,0,0,0,0,0,0,0,0,0,0,0,0,0,0,0,0,0,0,0,0,0,0,0,0,0,0,0,0,0,0,0,0,0,0,0,0,0,0,0,0,0,0,0,0,0,0,0,0,0,0,0,0,0,0,0,0,0,0,0,0,0,0,0,0,0,0,0,0,0,0,0,0,0,0,0,0,0,0,0,0,0,0,0,0,0,0,0,0,0,0},
{0,0,0,0,0,0,0,0,0,0,0,0,0,0,0,0,0,0,0,0,0,0,0,0,0,0,0,0,0,0,0,0,0,0,0,0,0,0,0,0,0,0,0,0,0,0,0,0,0,0,0,0,0,0,0,0,0,0,0,0,0,0,0,0,0,0,0,0,0,0,0,0,0,0,0,0,0,0,0,0,0,0,0,0,0,0,0,0,0,0,0,0,0,0,0,0},
{0,0,0,0,0,0,0,0,0,0,0,0,0,0,0,0,0,0,0,0,0,0,0,0,0,0,0,0,0,0,0,0,0,0,0,0,0,0,0,0,0,0,0,0,0,0,0,0,0,0,0,0,0,0,0,0,0,0,0,0,0,0,0,0,0,0,0,0,0,0,0,0,0,0,0,0,0,0,0,0,0,0,0,0,0,0,0,0,0,0,0,0,0,0,0,0},
{0,0,0,0,0,0,0,0,0,0,0,0,0,0,0,0,0,0,0,0,0,0,0,0,0,0,0,0,0,0,0,0,0,0,0,0,0,0,0,0,0,0,0,0,0,0,0,0,0,0,0,0,0,0,0,0,0,0,0,0,0,0,0,0,0,0,0,0,0,0,0,0,0,0,0,0,0,0,0,0,0,0,0,0,0,0,0,0,0,0,0,0,0,0,0,0},
{0,0,0,0,0,0,0,0,0,0,0,0,0,0,0,0,0,0,0,0,0,0,0,0,0,0,0,0,0,0,0,0,0,0,0,0,0,0,0,0,0,0,0,0,0,0,0,0,0,0,0,0,0,0,0,0,0,0,0,0,0,0,0,0,0,0,0,0,0,0,0,0,0,0,0,0,0,0,0,0,0,0,0,0,0,0,0,0,0,0,0,0,0,0,0,0},
{0,0,0,0,0,0,0,0,0,0,0,0,0,0,0,0,0,0,0,0,0,0,0,0,0,0,0,0,0,0,0,0,0,0,0,0,0,0,0,0,0,0,0,0,0,0,0,0,0,0,0,0,0,0,0,0,0,0,0,0,0,0,0,0,0,0,0,0,0,0,0,0,0,0,0,0,0,0,0,0,0,0,0,0,0,0,0,0,0,0,0,0,0,0,0,0},
{0,0,0,0,0,0,0,0,0,0,0,0,0,0,0,0,0,0,0,0,0,0,0,0,0,0,0,0,0,0,0,0,0,0,0,0,0,0,0,0,0,0,0,0,0,0,0,0,0,0,0,0,0,0,0,0,0,0,0,0,0,0,0,0,0,0,0,0,0,0,0,0,0,0,0,0,0,0,0,0,0,0,0,0,0,0,0,0,0,0,0,0,0,0,0,0},
{0,0,0,0,0,0,0,0,0,0,0,0,0,0,0,0,0,0,0,0,0,0,0,0,0,0,0,0,0,0,0,0,0,0,0,0,0,0,0,0,0,0,0,0,0,0,0,0,0,0,0,0,0,0,0,0,0,0,0,0,0,0,0,0,0,0,0,0,0,0,0,0,0,0,0,0,0,0,0,0,0,0,0,0,0,0,0,0,0,0,0,0,0,0,0,0},
{0,0,0,0,0,0,0,0,0,0,0,0,0,0,0,0,0,0,0,0,0,0,0,0,0,0,0,0,0,0,0,0,0,0,0,0,0,0,0,0,0,0,0,0,0,0,0,0,0,0,0,0,0,0,0,0,0,0,0,0,0,0,0,0,0,0,0,0,0,0,0,0,0,0,0,0,0,0,0,0,0,0,0,0,0,0,0,0,0,0,0,0,0,0,0,0},
{0,0,0,0,0,0,0,0,0,0,0,0,0,0,0,0,0,0,0,0,0,0,0,0,0,0,0,0,0,0,0,0,0,0,0,0,0,0,0,0,0,0,0,0,0,0,0,0,0,0,0,0,0,0,0,0,0,0,0,0,0,0,0,0,0,0,0,0,0,0,0,0,0,0,0,0,0,0,0,0,0,0,0,0,0,0,0,0,0,0,0,0,0,0,0,0},
{0,0,0,0,0,0,0,0,0,0,0,0,0,0,0,0,0,0,0,0,0,0,0,0,0,0,0,0,0,0,0,0,0,0,0,0,0,0,0,0,0,0,0,0,0,0,0,0,0,0,0,0,0,0,0,0,0,0,0,0,0,0,0,0,0,0,0,0,0,0,0,0,0,0,0,0,0,0,0,0,0,0,0,0,0.0022552745*J2^4+-0.0022552745*J2^3*(J2-J1)^1+0,-0.0004340278*J1^2*J2^2+0.0017361111*J1^1*J2^3+0.0039062500*J1^1*J2^2*(J2-J1)^1+0,0.0013020833*J1^2*J2^2+0.0026041667*J1^1*J2^2*(J2-J1)^1+0,-0.0002505861*J1^2*J2^2+0.0010023442*J1^1*J2^3+0.0045105490*J2^3*(J2-J1)^1+0,0,0,0,0,0,0,0,0},
{0,0,0,0,0,0,0,0,0,0,0,0,0,0,0,0,0,0,0,0,0,0,0,0,0,0,0,0,0,0,0,0,0,0,0,0,0,0,0,0,0,0,0,0,0,0,0,0,0,0,0,0,0,0,0,0,0,0,0,0,0,0,0,0,0,0,0,0,0,0,0,0,0,0,0,0,0,0,0,0,0,0,0,0,-0.0004340278*J1^2*J2^2+0.0017361111*J1^1*J2^3+-0.0039062500*J1^1*J2^2*(J2-J1)^1+0,0.0005011721*J1^2*J2^2+-0.0020046884*J1^1*J2^3+0.0022552745*J2^4+0.0007517582*J2^3*(J2-J1)^1+0,-0.0002505861*J1^2*J2^2+0.0010023442*J1^1*J2^3+0,0.0015914352*J1^2*J2^2+-0.0011574074*J1^1*J2^3+0.0043402778*J1^1*J2^2*(J2-J1)^1+-0.0026041667*J2^3*(J2-J1)^1+0,0,0,0,0,0,0,0,0},
{0,0,0,0,0,0,0,0,0,0,0,0,0,0,0,0,0,0,0,0,0,0,0,0,0,0,0,0,0,0,0,0,0,0,0,0,0,0,0,0,0,0,0,0,0,0,0,0,0,0,0,0,0,0,0,0,0,0,0,0,0,0,0,0,0,0,0,0,0,0,0,0,0,0,0,0,0,0,0,0,0,0,0,0,0.0013020833*J1^2*J2^2+-0.0013020833*J1^1*J2^2*(J2-J1)^1+0,0.0002505861*J1^2*J2^2+0.0010023442*J1^1*J2^3+-0.0005011721*J2^4+0.0022552745*J2^3*(J2-J1)^1+0,0.0015035163*J1^2*J2^2+-0.0007517582*J2^4+0.0007517582*J1^1*J2^2*(J2-J1)^1+0.0007517582*J2^3*(J2-J1)^1+0,0.0001446759*J1^2*J2^2+0.0005787037*J1^1*J2^3+-0.0002893519*J2^4+-0.0013020833*J1^1*J2^2*(J2-J1)^1+0.0039062500*J2^3*(J2-J1)^1+0,0,0,0,0,0,0,0,0},
{0,0,0,0,0,0,0,0,0,0,0,0,0,0,0,0,0,0,0,0,0,0,0,0,0,0,0,0,0,0,0,0,0,0,0,0,0,0,0,0,0,0,0,0,0,0,0,0,0,0,0,0,0,0,0,0,0,0,0,0,0,0,0,0,0,0,0,0,0,0,0,0,0,0,0,0,0,0,0,0,0,0,0,0,0.0002505861*J1^2*J2^2+0.0010023442*J1^1*J2^3+-0.0005011721*J2^4+-0.0022552745*J2^3*(J2-J1)^1+0,0.0010127315*J1^2*J2^2+-0.0011574074*J1^1*J2^3+0.0005787037*J2^4+0.0004340278*J1^1*J2^2*(J2-J1)^1+0,0.0001446759*J1^2*J2^2+0.0005787037*J1^1*J2^3+-0.0002893519*J2^4+0.0013020833*J1^1*J2^2*(J2-J1)^1+-0.0013020833*J2^3*(J2-J1)^1+0,0.0013364590*J1^2*J2^2+-0.0006682295*J1^1*J2^3+-0.0004176434*J2^4+0.0027564466*J1^1*J2^2*(J2-J1)^1+-0.0017541024*J2^3*(J2-J1)^1+0,0,0,0,0,0,0,0,0},
{0,0,0,0,0,0,0,0,0,0,0,0,0,0,0,0,0,0,0,0,0,0,0,0,0,0,0,0,0,0,0,0,0,0,0,0,0,0,0,0,0,0,0,0,0,0,0,0,0,0,0,0,0,0,0,0,0,0,0,0,0,0,0,0,0,0,0,0,0,0,0,0,0,0,0,0,-0.0013020833*J2^4+0.0013020833*J2^3*(J2-J1)^1+0,0.0002505861*J1^2*J2^2+-0.0010023442*J1^1*J2^3+-0.0022552745*J1^1*J2^2*(J2-J1)^1+0,-0.0007517582*J1^2*J2^2+-0.0015035163*J1^1*J2^2*(J2-J1)^1+0,0.0001446759*J1^2*J2^2+-0.0005787037*J1^1*J2^3+-0.0026041667*J2^3*(J2-J1)^1+0,0,0,0,0,0,0,0,0,0,0,0,0,0.0018414239*J2^4+-0.0018414239*J2^3*(J2-J1)^1+0,-0.0003543822*J1^2*J2^2+0.0014175288*J1^1*J2^3+0.0031894398*J1^1*J2^2*(J2-J1)^1+0,0.0010631466*J1^2*J2^2+0.0021262932*J1^1*J2^2*(J2-J1)^1+0,-0.0002046027*J1^2*J2^2+0.0008184106*J1^1*J2^3+0.0036828478*J2^3*(J2-J1)^1+0},
{0,0,0,0,0,0,0,0,0,0,0,0,0,0,0,0,0,0,0,0,0,0,0,0,0,0,0,0,0,0,0,0,0,0,0,0,0,0,0,0,0,0,0,0,0,0,0,0,0,0,0,0,0,0,0,0,0,0,0,0,0,0,0,0,0,0,0,0,0,0,0,0,0,0,0,0,0.0002505861*J1^2*J2^2+-0.0010023442*J1^1*J2^3+0.0022552745*J1^1*J2^2*(J2-J1)^1+0,-0.0002893519*J1^2*J2^2+0.0011574074*J1^1*J2^3+-0.0013020833*J2^4+-0.0004340278*J2^3*(J2-J1)^1+0,0.0001446759*J1^2*J2^2+-0.0005787037*J1^1*J2^3+0,-0.0009188155*J1^2*J2^2+0.0006682295*J1^1*J2^3+-0.0025058605*J1^1*J2^2*(J2-J1)^1+0.0015035163*J2^3*(J2-J1)^1+0,0,0,0,0,0,0,0,0,0,0,0,0,-0.0003543822*J1^2*J2^2+0.0014175288*J1^1*J2^3+-0.0031894398*J1^1*J2^2*(J2-J1)^1+0,0.0004092053*J1^2*J2^2+-0.0016368213*J1^1*J2^3+0.0018414239*J2^4+0.0006138080*J2^3*(J2-J1)^1+0,-0.0002046027*J1^2*J2^2+0.0008184106*J1^1*J2^3+0,0.0012994014*J1^2*J2^2+-0.0009450192*J1^1*J2^3+0.0035438220*J1^1*J2^2*(J2-J1)^1+-0.0021262932*J2^3*(J2-J1)^1+0},
{0,0,0,0,0,0,0,0,0,0,0,0,0,0,0,0,0,0,0,0,0,0,0,0,0,0,0,0,0,0,0,0,0,0,0,0,0,0,0,0,0,0,0,0,0,0,0,0,0,0,0,0,0,0,0,0,0,0,0,0,0,0,0,0,0,0,0,0,0,0,0,0,0,0,0,0,-0.0007517582*J1^2*J2^2+0.0007517582*J1^1*J2^2*(J2-J1)^1+0,-0.0001446759*J1^2*J2^2+-0.0005787037*J1^1*J2^3+0.0002893519*J2^4+-0.0013020833*J2^3*(J2-J1)^1+0,-0.0008680556*J1^2*J2^2+0.0004340278*J2^4+-0.0004340278*J1^1*J2^2*(J2-J1)^1+-0.0004340278*J2^3*(J2-J1)^1+0,-0.0000835287*J1^2*J2^2+-0.0003341147*J1^1*J2^3+0.0001670574*J2^4+0.0007517582*J1^1*J2^2*(J2-J1)^1+-0.0022552745*J2^3*(J2-J1)^1+0,0,0,0,0,0,0,0,0,0,0,0,0,0.0010631466*J1^2*J2^2+-0.0010631466*J1^1*J2^2*(J2-J1)^1+0,0.0002046027*J1^2*J2^2+0.0008184106*J1^1*J2^3+-0.0004092053*J2^4+0.0018414239*J2^3*(J2-J1)^1+0,0.0012276159*J1^2*J2^2+-0.0006138080*J2^4+0.0006138080*J1^1*J2^2*(J2-J1)^1+0.0006138080*J2^3*(J2-J1)^1+0,0.0001181274*J1^2*J2^2+0.0004725096*J1^1*J2^3+-0.0002362548*J2^4+-0.0010631466*J1^1*J2^2*(J2-J1)^1+0.0031894398*J2^3*(J2-J1)^1+0},
{0,0,0,0,0,0,0,0,0,0,0,0,0,0,0,0,0,0,0,0,0,0,0,0,0,0,0,0,0,0,0,0,0,0,0,0,0,0,0,0,0,0,0,0,0,0,0,0,0,0,0,0,0,0,0,0,0,0,0,0,0,0,0,0,0,0,0,0,0,0,0,0,0,0,0,0,-0.0001446759*J1^2*J2^2+-0.0005787037*J1^1*J2^3+0.0002893519*J2^4+0.0013020833*J2^3*(J2-J1)^1+0,-0.0005847008*J1^2*J2^2+0.0006682295*J1^1*J2^3+-0.0003341147*J2^4+-0.0002505861*J1^1*J2^2*(J2-J1)^1+0,-0.0000835287*J1^2*J2^2+-0.0003341147*J1^1*J2^3+0.0001670574*J2^4+-0.0007517582*J1^1*J2^2*(J2-J1)^1+0.0007517582*J2^3*(J2-J1)^1+0,-0.0007716049*J1^2*J2^2+0.0003858025*J1^1*J2^3+0.0002411265*J2^4+-0.0015914352*J1^1*J2^2*(J2-J1)^1+0.0010127315*J2^3*(J2-J1)^1+0,0,0,0,0,0,0,0,0,0,0,0,0,0.0002046027*J1^2*J2^2+0.0008184106*J1^1*J2^3+-0.0004092053*J2^4+-0.0018414239*J2^3*(J2-J1)^1+0,0.0008268918*J1^2*J2^2+-0.0009450192*J1^1*J2^3+0.0004725096*J2^4+0.0003543822*J1^1*J2^2*(J2-J1)^1+0,0.0001181274*J1^2*J2^2+0.0004725096*J1^1*J2^3+-0.0002362548*J2^4+0.0010631466*J1^1*J2^2*(J2-J1)^1+-0.0010631466*J2^3*(J2-J1)^1+0,0.0010912142*J1^2*J2^2+-0.0005456071*J1^1*J2^3+-0.0003410044*J2^4+0.0022506292*J1^1*J2^2*(J2-J1)^1+-0.0014322186*J2^3*(J2-J1)^1+0},
{0,0,0,0,0,0,0,0,0,0,0,0,0,0,0,0,0,0,0,0,0,0,0,0,0,0,0,0,0,0,0,0,0,0,0,0,0,0,0,0,0,0,0,0,0,0,0,0,0,0,0,0,0,0,0,0,0,0,0,0,0,0,0,0,0,0,0,0,0,0,0,0,0,0,0,0,0,0,0,0,-0.0039062500*J2^4+0.0156250000*J2^3*(J2-J1)^1+0,0.0007517582*J1^2*J2^2+-0.0030070327*J1^1*J2^3+0,-0.0022552745*J1^2*J2^2+0.0022552745*J1^1*J2^2*(J2-J1)^1+0,0.0004340278*J1^2*J2^2+-0.0017361111*J1^1*J2^3+-0.0039062500*J2^3*(J2-J1)^1+0,0,0,0,0,0,0,0,0,0,0,0,0},
{0,0,0,0,0,0,0,0,0,0,0,0,0,0,0,0,0,0,0,0,0,0,0,0,0,0,0,0,0,0,0,0,0,0,0,0,0,0,0,0,0,0,0,0,0,0,0,0,0,0,0,0,0,0,0,0,0,0,0,0,0,0,0,0,0,0,0,0,0,0,0,0,0,0,0,0,0,0,0,0,0.0007517582*J1^2*J2^2+-0.0030070327*J1^1*J2^3+0.0135316469*J1^1*J2^2*(J2-J1)^1+0,-0.0008680556*J1^2*J2^2+0.0034722222*J1^1*J2^3+-0.0039062500*J2^4+-0.0078125000*J1^1*J2^2*(J2-J1)^1+0.0104166667*J2^3*(J2-J1)^1+0,0.0004340278*J1^2*J2^2+-0.0017361111*J1^1*J2^3+0.0039062500*J2^3*(J2-J1)^1+0,-0.0027564466*J1^2*J2^2+0.0020046884*J1^1*J2^3+-0.0007517582*J1^1*J2^2*(J2-J1)^1+0,0,0,0,0,0,0,0,0,0,0,0,0},
{0,0,0,0,0,0,0,0,0,0,0,0,0,0,0,0,0,0,0,0,0,0,0,0,0,0,0,0,0,0,0,0,0,0,0,0,0,0,0,0,0,0,0,0,0,0,0,0,0,0,0,0,0,0,0,0,0,0,0,0,0,0,0,0,0,0,0,0,0,0,0,0,0,0,0,0,0,0,0,0,-0.0022552745*J1^2*J2^2+0.0090210980*J1^1*J2^2*(J2-J1)^1+0,-0.0004340278*J1^2*J2^2+-0.0017361111*J1^1*J2^3+0.0008680556*J2^4+0,-0.0026041667*J1^2*J2^2+0.0013020833*J2^4+0.0065104167*J1^1*J2^2*(J2-J1)^1+-0.0052083333*J2^3*(J2-J1)^1+0,-0.0002505861*J1^2*J2^2+-0.0010023442*J1^1*J2^3+0.0005011721*J2^4+-0.0022552745*J2^3*(J2-J1)^1+0,0,0,0,0,0,0,0,0,0,0,0,0},
{0,0,0,0,0,0,0,0,0,0,0,0,0,0,0,0,0,0,0,0,0,0,0,0,0,0,0,0,0,0,0,0,0,0,0,0,0,0,0,0,0,0,0,0,0,0,0,0,0,0,0,0,0,0,0,0,0,0,0,0,0,0,0,0,0,0,0,0,0,0,0,0,0,0,0,0,0,0,0,0,-0.0004340278*J1^2*J2^2+-0.0017361111*J1^1*J2^3+0.0008680556*J2^4+0.0078125000*J2^3*(J2-J1)^1+0,-0.0017541024*J1^2*J2^2+0.0020046884*J1^1*J2^3+-0.0010023442*J2^4+0.0060140653*J1^1*J2^2*(J2-J1)^1+-0.0045105490*J2^3*(J2-J1)^1+0,-0.0002505861*J1^2*J2^2+-0.0010023442*J1^1*J2^3+0.0005011721*J2^4+-0.0045105490*J1^1*J2^2*(J2-J1)^1+0.0067658235*J2^3*(J2-J1)^1+0,-0.0023148148*J1^2*J2^2+0.0011574074*J1^1*J2^3+0.0007233796*J2^4+0.0056423611*J1^1*J2^2*(J2-J1)^1+-0.0060763889*J2^3*(J2-J1)^1+0,0,0,0,0,0,0,0,0,0,0,0,0},
{0,0,0,0,0,0,0,0,0,0,0,0,0,0,0,0,0,0,0,0,0,0,0,0,0,0,0,0,0,0,0,0,0,0,0,0,0,0,0,0,0,0,0,0,0,0,0,0,0,0,0,0,0,0,0,0,0,0,0,0,0,0,0,0,0,0,0,0,0,0,0,0,0.0022552745*J2^4+-0.0090210980*J2^3*(J2-J1)^1+0,-0.0004340278*J1^2*J2^2+0.0017361111*J1^1*J2^3+0,0.0013020833*J1^2*J2^2+-0.0013020833*J1^1*J2^2*(J2-J1)^1+0,-0.0002505861*J1^2*J2^2+0.0010023442*J1^1*J2^3+0.0022552745*J2^3*(J2-J1)^1+0,0,0,0,0,0,0,0,0,0,0,0,0,-0.0031894398*J2^4+0.0127577591*J2^3*(J2-J1)^1+0,0.0006138080*J1^2*J2^2+-0.0024552319*J1^1*J2^3+0,-0.0018414239*J1^2*J2^2+0.0018414239*J1^1*J2^2*(J2-J1)^1+0,0.0003543822*J1^2*J2^2+-0.0014175288*J1^1*J2^3+-0.0031894398*J2^3*(J2-J1)^1+0,0,0,0,0},
{0,0,0,0,0,0,0,0,0,0,0,0,0,0,0,0,0,0,0,0,0,0,0,0,0,0,0,0,0,0,0,0,0,0,0,0,0,0,0,0,0,0,0,0,0,0,0,0,0,0,0,0,0,0,0,0,0,0,0,0,0,0,0,0,0,0,0,0,0,0,0,0,-0.0004340278*J1^2*J2^2+0.0017361111*J1^1*J2^3+-0.0078125000*J1^1*J2^2*(J2-J1)^1+0,0.0005011721*J1^2*J2^2+-0.0020046884*J1^1*J2^3+0.0022552745*J2^4+0.0045105490*J1^1*J2^2*(J2-J1)^1+-0.0060140653*J2^3*(J2-J1)^1+0,-0.0002505861*J1^2*J2^2+0.0010023442*J1^1*J2^3+-0.0022552745*J2^3*(J2-J1)^1+0,0.0015914352*J1^2*J2^2+-0.0011574074*J1^1*J2^3+0.0004340278*J1^1*J2^2*(J2-J1)^1+0,0,0,0,0,0,0,0,0,0,0,0,0,0.0006138080*J1^2*J2^2+-0.0024552319*J1^1*J2^3+0.0110485435*J1^1*J2^2*(J2-J1)^1+0,-0.0007087644*J1^2*J2^2+0.0028350576*J1^1*J2^3+-0.0031894398*J2^4+-0.0063788795*J1^1*J2^2*(J2-J1)^1+0.0085051727*J2^3*(J2-J1)^1+0,0.0003543822*J1^2*J2^2+-0.0014175288*J1^1*J2^3+0.0031894398*J2^3*(J2-J1)^1+0,-0.0022506292*J1^2*J2^2+0.0016368213*J1^1*J2^3+-0.0006138080*J1^1*J2^2*(J2-J1)^1+0,0,0,0,0},
{0,0,0,0,0,0,0,0,0,0,0,0,0,0,0,0,0,0,0,0,0,0,0,0,0,0,0,0,0,0,0,0,0,0,0,0,0,0,0,0,0,0,0,0,0,0,0,0,0,0,0,0,0,0,0,0,0,0,0,0,0,0,0,0,0,0,0,0,0,0,0,0,0.0013020833*J1^2*J2^2+-0.0052083333*J1^1*J2^2*(J2-J1)^1+0,0.0002505861*J1^2*J2^2+0.0010023442*J1^1*J2^3+-0.0005011721*J2^4+0,0.0015035163*J1^2*J2^2+-0.0007517582*J2^4+-0.0037587908*J1^1*J2^2*(J2-J1)^1+0.0030070327*J2^3*(J2-J1)^1+0,0.0001446759*J1^2*J2^2+0.0005787037*J1^1*J2^3+-0.0002893519*J2^4+0.0013020833*J2^3*(J2-J1)^1+0,0,0,0,0,0,0,0,0,0,0,0,0,-0.0018414239*J1^2*J2^2+0.0073656956*J1^1*J2^2*(J2-J1)^1+0,-0.0003543822*J1^2*J2^2+-0.0014175288*J1^1*J2^3+0.0007087644*J2^4+0,-0.0021262932*J1^2*J2^2+0.0010631466*J2^4+0.0053157329*J1^1*J2^2*(J2-J1)^1+-0.0042525864*J2^3*(J2-J1)^1+0,-0.0002046027*J1^2*J2^2+-0.0008184106*J1^1*J2^3+0.0004092053*J2^4+-0.0018414239*J2^3*(J2-J1)^1+0,0,0,0,0},
{0,0,0,0,0,0,0,0,0,0,0,0,0,0,0,0,0,0,0,0,0,0,0,0,0,0,0,0,0,0,0,0,0,0,0,0,0,0,0,0,0,0,0,0,0,0,0,0,0,0,0,0,0,0,0,0,0,0,0,0,0,0,0,0,0,0,0,0,0,0,0,0,0.0002505861*J1^2*J2^2+0.0010023442*J1^1*J2^3+-0.0005011721*J2^4+-0.0045105490*J2^3*(J2-J1)^1+0,0.0010127315*J1^2*J2^2+-0.0011574074*J1^1*J2^3+0.0005787037*J2^4+-0.0034722222*J1^1*J2^2*(J2-J1)^1+0.0026041667*J2^3*(J2-J1)^1+0,0.0001446759*J1^2*J2^2+0.0005787037*J1^1*J2^3+-0.0002893519*J2^4+0.0026041667*J1^1*J2^2*(J2-J1)^1+-0.0039062500*J2^3*(J2-J1)^1+0,0.0013364590*J1^2*J2^2+-0.0006682295*J1^1*J2^3+-0.0004176434*J2^4+-0.0032576187*J1^1*J2^2*(J2-J1)^1+0.0035082048*J2^3*(J2-J1)^1+0,0,0,0,0,0,0,0,0,0,0,0,0,-0.0003543822*J1^2*J2^2+-0.0014175288*J1^1*J2^3+0.0007087644*J2^4+0.0063788795*J2^3*(J2-J1)^1+0,-0.0014322186*J1^2*J2^2+0.0016368213*J1^1*J2^3+-0.0008184106*J2^4+0.0049104638*J1^1*J2^2*(J2-J1)^1+-0.0036828478*J2^3*(J2-J1)^1+0,-0.0002046027*J1^2*J2^2+-0.0008184106*J1^1*J2^3+0.0004092053*J2^4+-0.0036828478*J1^1*J2^2*(J2-J1)^1+0.0055242717*J2^3*(J2-J1)^1+0,-0.0018900384*J1^2*J2^2+0.0009450192*J1^1*J2^3+0.0005906370*J2^4+0.0046069686*J1^1*J2^2*(J2-J1)^1+-0.0049613508*J2^3*(J2-J1)^1+0,0,0,0,0},
{0,0,0,0,0,0,0,0,0,0,0,0,0,0,0,0,0,0,0,0,0,0,0,0,0,0,0,0,0,0,0,0,0,0,0,0,0,0,0,0,0,0,0,0,0,0,0,0,0,0,0,0,0,0,0,0,0,0,0,0,0,0,0,0,0,0,0,0,0,0,0,0,0,0,0,0,0,0,0,0,0,0,0,0,-0.0031894398*J2^4+0.0079735994*J2^3*(J2-J1)^1+0,0.0006138080*J1^2*J2^2+-0.0024552319*J1^1*J2^3+-0.0027621359*J1^1*J2^2*(J2-J1)^1+0,-0.0018414239*J1^2*J2^2+-0.0009207120*J1^1*J2^2*(J2-J1)^1+0,0.0003543822*J1^2*J2^2+-0.0014175288*J1^1*J2^3+-0.0047841597*J2^3*(J2-J1)^1+0,0,0,0,0,0,0,0,0},
{0,0,0,0,0,0,0,0,0,0,0,0,0,0,0,0,0,0,0,0,0,0,0,0,0,0,0,0,0,0,0,0,0,0,0,0,0,0,0,0,0,0,0,0,0,0,0,0,0,0,0,0,0,0,0,0,0,0,0,0,0,0,0,0,0,0,0,0,0,0,0,0,0,0,0,0,0,0,0,0,0,0,0,0,0.0006138080*J1^2*J2^2+-0.0024552319*J1^1*J2^3+0.0082864076*J1^1*J2^2*(J2-J1)^1+0,-0.0007087644*J1^2*J2^2+0.0028350576*J1^1*J2^3+-0.0031894398*J2^4+-0.0031894398*J1^1*J2^2*(J2-J1)^1+0.0037210131*J2^3*(J2-J1)^1+0,0.0003543822*J1^2*J2^2+-0.0014175288*J1^1*J2^3+0.0015947199*J2^3*(J2-J1)^1+0,-0.0022506292*J1^2*J2^2+0.0016368213*J1^1*J2^3+-0.0033759438*J1^1*J2^2*(J2-J1)^1+0.0018414239*J2^3*(J2-J1)^1+0,0,0,0,0,0,0,0,0},
{0,0,0,0,0,0,0,0,0,0,0,0,0,0,0,0,0,0,0,0,0,0,0,0,0,0,0,0,0,0,0,0,0,0,0,0,0,0,0,0,0,0,0,0,0,0,0,0,0,0,0,0,0,0,0,0,0,0,0,0,0,0,0,0,0,0,0,0,0,0,0,0,0,0,0,0,0,0,0,0,0,0,0,0,-0.0018414239*J1^2*J2^2+0.0046035598*J1^1*J2^2*(J2-J1)^1+0,-0.0003543822*J1^2*J2^2+-0.0014175288*J1^1*J2^3+0.0007087644*J2^4+-0.0015947199*J2^3*(J2-J1)^1+0,-0.0021262932*J1^2*J2^2+0.0010631466*J2^4+0.0021262932*J1^1*J2^2*(J2-J1)^1+-0.0026578665*J2^3*(J2-J1)^1+0,-0.0002046027*J1^2*J2^2+-0.0008184106*J1^1*J2^3+0.0004092053*J2^4+0.0009207120*J1^1*J2^2*(J2-J1)^1+-0.0036828478*J2^3*(J2-J1)^1+0,0,0,0,0,0,0,0,0},
{0,0,0,0,0,0,0,0,0,0,0,0,0,0,0,0,0,0,0,0,0,0,0,0,0,0,0,0,0,0,0,0,0,0,0,0,0,0,0,0,0,0,0,0,0,0,0,0,0,0,0,0,0,0,0,0,0,0,0,0,0,0,0,0,0,0,0,0,0,0,0,0,0,0,0,0,0,0,0,0,0,0,0,0,-0.0003543822*J1^2*J2^2+-0.0014175288*J1^1*J2^3+0.0007087644*J2^4+0.0047841597*J2^3*(J2-J1)^1+0,-0.0014322186*J1^2*J2^2+0.0016368213*J1^1*J2^3+-0.0008184106*J2^4+0.0021483279*J1^1*J2^2*(J2-J1)^1+-0.0018414239*J2^3*(J2-J1)^1+0,-0.0002046027*J1^2*J2^2+-0.0008184106*J1^1*J2^3+0.0004092053*J2^4+-0.0027621359*J1^1*J2^2*(J2-J1)^1+0.0036828478*J2^3*(J2-J1)^1+0,-0.0018900384*J1^2*J2^2+0.0009450192*J1^1*J2^3+0.0005906370*J2^4+0.0003543822*J1^1*J2^2*(J2-J1)^1+-0.0012403377*J2^3*(J2-J1)^1+0,0,0,0,0,0,0,0,0},
{0,0,0,0,0,0,0,0,0,0,0,0,0,0,0,0,0,0,0,0,0,0,0,0,0,0,0,0,0,0,0,0,0,0,0,0,0,0,0,0,0,0,0,0,0,0,0,0,0,0,0,0,0,0,0,0,0,0,0,0,0,0,0,0,0,0,0,0,0,0,0,0,0,0,0,0,0.0018414239*J2^4+-0.0046035598*J2^3*(J2-J1)^1+0,-0.0003543822*J1^2*J2^2+0.0014175288*J1^1*J2^3+0.0015947199*J1^1*J2^2*(J2-J1)^1+0,0.0010631466*J1^2*J2^2+0.0005315733*J1^1*J2^2*(J2-J1)^1+0,-0.0002046027*J1^2*J2^2+0.0008184106*J1^1*J2^3+0.0027621359*J2^3*(J2-J1)^1+0,0,0,0,0,0,0,0,0,0,0,0,0,-0.0026041667*J2^4+0.0065104167*J2^3*(J2-J1)^1+0,0.0005011721*J1^2*J2^2+-0.0020046884*J1^1*J2^3+-0.0022552745*J1^1*J2^2*(J2-J1)^1+0,-0.0015035163*J1^2*J2^2+-0.0007517582*J1^1*J2^2*(J2-J1)^1+0,0.0002893519*J1^2*J2^2+-0.0011574074*J1^1*J2^3+-0.0039062500*J2^3*(J2-J1)^1+0},
{0,0,0,0,0,0,0,0,0,0,0,0,0,0,0,0,0,0,0,0,0,0,0,0,0,0,0,0,0,0,0,0,0,0,0,0,0,0,0,0,0,0,0,0,0,0,0,0,0,0,0,0,0,0,0,0,0,0,0,0,0,0,0,0,0,0,0,0,0,0,0,0,0,0,0,0,-0.0003543822*J1^2*J2^2+0.0014175288*J1^1*J2^3+-0.0047841597*J1^1*J2^2*(J2-J1)^1+0,0.0004092053*J1^2*J2^2+-0.0016368213*J1^1*J2^3+0.0018414239*J2^4+0.0018414239*J1^1*J2^2*(J2-J1)^1+-0.0021483279*J2^3*(J2-J1)^1+0,-0.0002046027*J1^2*J2^2+0.0008184106*J1^1*J2^3+-0.0009207120*J2^3*(J2-J1)^1+0,0.0012994014*J1^2*J2^2+-0.0009450192*J1^1*J2^3+0.0019491021*J1^1*J2^2*(J2-J1)^1+-0.0010631466*J2^3*(J2-J1)^1+0,0,0,0,0,0,0,0,0,0,0,0,0,0.0005011721*J1^2*J2^2+-0.0020046884*J1^1*J2^3+0.0067658235*J1^1*J2^2*(J2-J1)^1+0,-0.0005787037*J1^2*J2^2+0.0023148148*J1^1*J2^3+-0.0026041667*J2^4+-0.0026041667*J1^1*J2^2*(J2-J1)^1+0.0030381944*J2^3*(J2-J1)^1+0,0.0002893519*J1^2*J2^2+-0.0011574074*J1^1*J2^3+0.0013020833*J2^3*(J2-J1)^1+0,-0.0018376311*J1^2*J2^2+0.0013364590*J1^1*J2^3+-0.0027564466*J1^1*J2^2*(J2-J1)^1+0.0015035163*J2^3*(J2-J1)^1+0},
{0,0,0,0,0,0,0,0,0,0,0,0,0,0,0,0,0,0,0,0,0,0,0,0,0,0,0,0,0,0,0,0,0,0,0,0,0,0,0,0,0,0,0,0,0,0,0,0,0,0,0,0,0,0,0,0,0,0,0,0,0,0,0,0,0,0,0,0,0,0,0,0,0,0,0,0,0.0010631466*J1^2*J2^2+-0.0026578665*J1^1*J2^2*(J2-J1)^1+0,0.0002046027*J1^2*J2^2+0.0008184106*J1^1*J2^3+-0.0004092053*J2^4+0.0009207120*J2^3*(J2-J1)^1+0,0.0012276159*J1^2*J2^2+-0.0006138080*J2^4+-0.0012276159*J1^1*J2^2*(J2-J1)^1+0.0015345199*J2^3*(J2-J1)^1+0,0.0001181274*J1^2*J2^2+0.0004725096*J1^1*J2^3+-0.0002362548*J2^4+-0.0005315733*J1^1*J2^2*(J2-J1)^1+0.0021262932*J2^3*(J2-J1)^1+0,0,0,0,0,0,0,0,0,0,0,0,0,-0.0015035163*J1^2*J2^2+0.0037587908*J1^1*J2^2*(J2-J1)^1+0,-0.0002893519*J1^2*J2^2+-0.0011574074*J1^1*J2^3+0.0005787037*J2^4+-0.0013020833*J2^3*(J2-J1)^1+0,-0.0017361111*J1^2*J2^2+0.0008680556*J2^4+0.0017361111*J1^1*J2^2*(J2-J1)^1+-0.0021701389*J2^3*(J2-J1)^1+0,-0.0001670574*J1^2*J2^2+-0.0006682295*J1^1*J2^3+0.0003341147*J2^4+0.0007517582*J1^1*J2^2*(J2-J1)^1+-0.0030070327*J2^3*(J2-J1)^1+0},
{0,0,0,0,0,0,0,0,0,0,0,0,0,0,0,0,0,0,0,0,0,0,0,0,0,0,0,0,0,0,0,0,0,0,0,0,0,0,0,0,0,0,0,0,0,0,0,0,0,0,0,0,0,0,0,0,0,0,0,0,0,0,0,0,0,0,0,0,0,0,0,0,0,0,0,0,0.0002046027*J1^2*J2^2+0.0008184106*J1^1*J2^3+-0.0004092053*J2^4+-0.0027621359*J2^3*(J2-J1)^1+0,0.0008268918*J1^2*J2^2+-0.0009450192*J1^1*J2^3+0.0004725096*J2^4+-0.0012403377*J1^1*J2^2*(J2-J1)^1+0.0010631466*J2^3*(J2-J1)^1+0,0.0001181274*J1^2*J2^2+0.0004725096*J1^1*J2^3+-0.0002362548*J2^4+0.0015947199*J1^1*J2^2*(J2-J1)^1+-0.0021262932*J2^3*(J2-J1)^1+0,0.0010912142*J1^2*J2^2+-0.0005456071*J1^1*J2^3+-0.0003410044*J2^4+-0.0002046027*J1^1*J2^2*(J2-J1)^1+0.0007161093*J2^3*(J2-J1)^1+0,0,0,0,0,0,0,0,0,0,0,0,0,-0.0002893519*J1^2*J2^2+-0.0011574074*J1^1*J2^3+0.0005787037*J2^4+0.0039062500*J2^3*(J2-J1)^1+0,-0.0011694016*J1^2*J2^2+0.0013364590*J1^1*J2^3+-0.0006682295*J2^4+0.0017541024*J1^1*J2^2*(J2-J1)^1+-0.0015035163*J2^3*(J2-J1)^1+0,-0.0001670574*J1^2*J2^2+-0.0006682295*J1^1*J2^3+0.0003341147*J2^4+-0.0022552745*J1^1*J2^2*(J2-J1)^1+0.0030070327*J2^3*(J2-J1)^1+0,-0.0015432099*J1^2*J2^2+0.0007716049*J1^1*J2^3+0.0004822531*J2^4+0.0002893519*J1^1*J2^2*(J2-J1)^1+-0.0010127315*J2^3*(J2-J1)^1+0},
{0,0,0,0,0,0,0,0,0,0,0,0,0,0,0,0,0,0,0,0,0,0,0,0,0,0,0,0,0,0,0,0,0,0,0,0,0,0,0,0,0,0,0,0,0,0,0,0,0,0,0,0,0,0,0,0,0,0,0,0,-0.0045105490*J2^4+-0.0022552745*J2^3*(J2-J1)^1+0,-0.0004340278*J1^2*J2^2+-0.0021701389*J1^1*J2^3+0.0026041667*J1^1*J2^2*(J2-J1)^1+0,-0.0026041667*J1^2*J2^2+0.0039062500*J1^1*J2^2*(J2-J1)^1+0,-0.0035082048*J1^2*J2^2+-0.0012529303*J1^1*J2^3+0.0032576187*J2^4+0.0045105490*J2^3*(J2-J1)^1+0,0,0,0,0,0,0,0,0,0,0,0,0,0,0,0,0,0,0,0,0,0,0,0,0,0,0,0,0,0,0,0,0},
{0,0,0,0,0,0,0,0,0,0,0,0,0,0,0,0,0,0,0,0,0,0,0,0,0,0,0,0,0,0,0,0,0,0,0,0,0,0,0,0,0,0,0,0,0,0,0,0,0,0,0,0,0,0,0,0,0,0,0,0,-0.0004340278*J1^2*J2^2+-0.0021701389*J1^1*J2^3+-0.0013020833*J1^1*J2^2*(J2-J1)^1+0,0.0005011721*J1^2*J2^2+0.0025058605*J1^1*J2^3+-0.0045105490*J2^4+-0.0007517582*J1^1*J2^2*(J2-J1)^1+0.0022552745*J2^3*(J2-J1)^1+0,-0.0035082048*J1^2*J2^2+-0.0012529303*J1^1*J2^3+0.0032576187*J2^4+0.0022552745*J2^3*(J2-J1)^1+0,0.0014467593*J1^2*J2^2+0.0014467593*J1^1*J2^3+-0.0037615741*J2^4+0.0065104167*J1^1*J2^2*(J2-J1)^1+-0.0039062500*J2^3*(J2-J1)^1+0,0,0,0,0,0,0,0,0,0,0,0,0,0,0,0,0,0,0,0,0,0,0,0,0,0,0,0,0,0,0,0,0},
{0,0,0,0,0,0,0,0,0,0,0,0,0,0,0,0,0,0,0,0,0,0,0,0,0,0,0,0,0,0,0,0,0,0,0,0,0,0,0,0,0,0,0,0,0,0,0,0,0,0,0,0,0,0,0,0,0,0,0,0,-0.0026041667*J1^2*J2^2+-0.0039062500*J1^1*J2^2*(J2-J1)^1+0,0.0035082048*J1^2*J2^2+-0.0012529303*J1^1*J2^3+-0.0037587908*J2^4+0,-0.0030070327*J1^2*J2^2+0.0015035163*J2^4+0.0007517582*J2^3*(J2-J1)^1+0,0.0001446759*J1^2*J2^2+-0.0007233796*J1^1*J2^3+-0.0002893519*J2^4+-0.0008680556*J1^1*J2^2*(J2-J1)^1+0.0026041667*J2^3*(J2-J1)^1+0,0,0,0,0,0,0,0,0,0,0,0,0,0,0,0,0,0,0,0,0,0,0,0,0,0,0,0,0,0,0,0,0},
{0,0,0,0,0,0,0,0,0,0,0,0,0,0,0,0,0,0,0,0,0,0,0,0,0,0,0,0,0,0,0,0,0,0,0,0,0,0,0,0,0,0,0,0,0,0,0,0,0,0,0,0,0,0,0,0,0,0,0,0,0.0035082048*J1^2*J2^2+-0.0012529303*J1^1*J2^3+-0.0037587908*J2^4+-0.0022552745*J2^3*(J2-J1)^1+0,-0.0066550926*J1^2*J2^2+0.0014467593*J1^1*J2^3+0.0043402778*J2^4+-0.0013020833*J1^1*J2^2*(J2-J1)^1+0.0013020833*J2^3*(J2-J1)^1+0,0.0001446759*J1^2*J2^2+-0.0007233796*J1^1*J2^3+-0.0002893519*J2^4+0.0004340278*J1^1*J2^2*(J2-J1)^1+0,-0.0031740900*J1^2*J2^2+0.0008352868*J1^1*J2^3+0.0018376311*J2^4+0.0032576187*J1^1*J2^2*(J2-J1)^1+-0.0022552745*J2^3*(J2-J1)^1+0,0,0,0,0,0,0,0,0,0,0,0,0,0,0,0,0,0,0,0,0,0,0,0,0,0,0,0,0,0,0,0,0},
{0,0,0,0,0,0,0,0,0,0,0,0,0,0,0,0,0,0,0,0,0,0,0,0,0,0,0,0,0,0,0,0,0,0,0,0,0,0,0,0,0,0,0,0,0,0,0,0,0,0,0,0,0.0026041667*J2^4+0.0013020833*J2^3*(J2-J1)^1+0,0.0002505861*J1^2*J2^2+0.0012529303*J1^1*J2^3+-0.0015035163*J1^1*J2^2*(J2-J1)^1+0,0.0015035163*J1^2*J2^2+-0.0022552745*J1^1*J2^2*(J2-J1)^1+0,0.0020254630*J1^2*J2^2+0.0007233796*J1^1*J2^3+-0.0018807870*J2^4+-0.0026041667*J2^3*(J2-J1)^1+0,0,0,0,0,0,0,0,0,0,0,0,0,-0.0036828478*J2^4+-0.0018414239*J2^3*(J2-J1)^1+0,-0.0003543822*J1^2*J2^2+-0.0017719110*J1^1*J2^3+0.0021262932*J1^1*J2^2*(J2-J1)^1+0,-0.0021262932*J1^2*J2^2+0.0031894398*J1^1*J2^2*(J2-J1)^1+0,-0.0028644372*J1^2*J2^2+-0.0010230133*J1^1*J2^3+0.0026598345*J2^4+0.0036828478*J2^3*(J2-J1)^1+0,0,0,0,0,0,0,0,0,0,0,0,0,0,0,0,0,0,0,0,0,0,0,0,0},
{0,0,0,0,0,0,0,0,0,0,0,0,0,0,0,0,0,0,0,0,0,0,0,0,0,0,0,0,0,0,0,0,0,0,0,0,0,0,0,0,0,0,0,0,0,0,0,0,0,0,0,0,0.0002505861*J1^2*J2^2+0.0012529303*J1^1*J2^3+0.0007517582*J1^1*J2^2*(J2-J1)^1+0,-0.0002893519*J1^2*J2^2+-0.0014467593*J1^1*J2^3+0.0026041667*J2^4+0.0004340278*J1^1*J2^2*(J2-J1)^1+-0.0013020833*J2^3*(J2-J1)^1+0,0.0020254630*J1^2*J2^2+0.0007233796*J1^1*J2^3+-0.0018807870*J2^4+-0.0013020833*J2^3*(J2-J1)^1+0,-0.0008352868*J1^2*J2^2+-0.0008352868*J1^1*J2^3+0.0021717458*J2^4+-0.0037587908*J1^1*J2^2*(J2-J1)^1+0.0022552745*J2^3*(J2-J1)^1+0,0,0,0,0,0,0,0,0,0,0,0,0,-0.0003543822*J1^2*J2^2+-0.0017719110*J1^1*J2^3+-0.0010631466*J1^1*J2^2*(J2-J1)^1+0,0.0004092053*J1^2*J2^2+0.0020460266*J1^1*J2^3+-0.0036828478*J2^4+-0.0006138080*J1^1*J2^2*(J2-J1)^1+0.0018414239*J2^3*(J2-J1)^1+0,-0.0028644372*J1^2*J2^2+-0.0010230133*J1^1*J2^3+0.0026598345*J2^4+0.0018414239*J2^3*(J2-J1)^1+0,0.0011812740*J1^2*J2^2+0.0011812740*J1^1*J2^3+-0.0030713124*J2^4+0.0053157329*J1^1*J2^2*(J2-J1)^1+-0.0031894398*J2^3*(J2-J1)^1+0,0,0,0,0,0,0,0,0,0,0,0,0,0,0,0,0,0,0,0,0,0,0,0,0},
{0,0,0,0,0,0,0,0,0,0,0,0,0,0,0,0,0,0,0,0,0,0,0,0,0,0,0,0,0,0,0,0,0,0,0,0,0,0,0,0,0,0,0,0,0,0,0,0,0,0,0,0,0.0015035163*J1^2*J2^2+0.0022552745*J1^1*J2^2*(J2-J1)^1+0,-0.0020254630*J1^2*J2^2+0.0007233796*J1^1*J2^3+0.0021701389*J2^4+0,0.0017361111*J1^2*J2^2+-0.0008680556*J2^4+-0.0004340278*J2^3*(J2-J1)^1+0,-0.0000835287*J1^2*J2^2+0.0004176434*J1^1*J2^3+0.0001670574*J2^4+0.0005011721*J1^1*J2^2*(J2-J1)^1+-0.0015035163*J2^3*(J2-J1)^1+0,0,0,0,0,0,0,0,0,0,0,0,0,-0.0021262932*J1^2*J2^2+-0.0031894398*J1^1*J2^2*(J2-J1)^1+0,0.0028644372*J1^2*J2^2+-0.0010230133*J1^1*J2^3+-0.0030690398*J2^4+0,-0.0024552319*J1^2*J2^2+0.0012276159*J2^4+0.0006138080*J2^3*(J2-J1)^1+0,0.0001181274*J1^2*J2^2+-0.0005906370*J1^1*J2^3+-0.0002362548*J2^4+-0.0007087644*J1^1*J2^2*(J2-J1)^1+0.0021262932*J2^3*(J2-J1)^1+0,0,0,0,0,0,0,0,0,0,0,0,0,0,0,0,0,0,0,0,0,0,0,0,0},
{0,0,0,0,0,0,0,0,0,0,0,0,0,0,0,0,0,0,0,0,0,0,0,0,0,0,0,0,0,0,0,0,0,0,0,0,0,0,0,0,0,0,0,0,0,0,0,0,0,0,0,0,-0.0020254630*J1^2*J2^2+0.0007233796*J1^1*J2^3+0.0021701389*J2^4+0.0013020833*J2^3*(J2-J1)^1+0,0.0038423195*J1^2*J2^2+-0.0008352868*J1^1*J2^3+-0.0025058605*J2^4+0.0007517582*J1^1*J2^2*(J2-J1)^1+-0.0007517582*J2^3*(J2-J1)^1+0,-0.0000835287*J1^2*J2^2+0.0004176434*J1^1*J2^3+0.0001670574*J2^4+-0.0002505861*J1^1*J2^2*(J2-J1)^1+0,0.0018325617*J1^2*J2^2+-0.0004822531*J1^1*J2^3+-0.0010609568*J2^4+-0.0018807870*J1^1*J2^2*(J2-J1)^1+0.0013020833*J2^3*(J2-J1)^1+0,0,0,0,0,0,0,0,0,0,0,0,0,0.0028644372*J1^2*J2^2+-0.0010230133*J1^1*J2^3+-0.0030690398*J2^4+-0.0018414239*J2^3*(J2-J1)^1+0,-0.0054338603*J1^2*J2^2+0.0011812740*J1^1*J2^3+0.0035438220*J2^4+-0.0010631466*J1^1*J2^2*(J2-J1)^1+0.0010631466*J2^3*(J2-J1)^1+0,0.0001181274*J1^2*J2^2+-0.0005906370*J1^1*J2^3+-0.0002362548*J2^4+0.0003543822*J1^1*J2^2*(J2-J1)^1+0,-0.0025916337*J1^2*J2^2+0.0006820089*J1^1*J2^3+0.0015004195*J2^4+0.0026598345*J1^1*J2^2*(J2-J1)^1+-0.0018414239*J2^3*(J2-J1)^1+0,0,0,0,0,0,0,0,0,0,0,0,0,0,0,0,0,0,0,0,0,0,0,0,0},
{0,0,0,0,0,0,0,0,0,0,0,0,0,0,0,0,0,0,0,0,0,0,0,0,0,0,0,0,0,0,0,0,0,0,0,0,0,0,0,0,0,0,0,0,0,0,0,0,0,0,0,0,0,0,0,0,0.0078125000*J2^4+0.0156250000*J2^3*(J2-J1)^1+0,0.0007517582*J1^2*J2^2+0.0037587908*J1^1*J2^3+0.0022552745*J1^1*J2^2*(J2-J1)^1+0,0.0045105490*J1^2*J2^2+0,0.0060763889*J1^2*J2^2+0.0021701389*J1^1*J2^3+-0.0056423611*J2^4+-0.0039062500*J2^3*(J2-J1)^1+0,0,0,0,0,0,0,0,0,0,0,0,0,0,0,0,0,0,0,0,0,0,0,0,0,0,0,0,0,0,0,0,0,0,0,0,0},
{0,0,0,0,0,0,0,0,0,0,0,0,0,0,0,0,0,0,0,0,0,0,0,0,0,0,0,0,0,0,0,0,0,0,0,0,0,0,0,0,0,0,0,0,0,0,0,0,0,0,0,0,0,0,0,0,0.0007517582*J1^2*J2^2+0.0037587908*J1^1*J2^3+0.0090210980*J1^1*J2^2*(J2-J1)^1+0,-0.0008680556*J1^2*J2^2+-0.0043402778*J1^1*J2^3+0.0078125000*J2^4+-0.0065104167*J1^1*J2^2*(J2-J1)^1+0.0078125000*J2^3*(J2-J1)^1+0,0.0060763889*J1^2*J2^2+0.0021701389*J1^1*J2^3+-0.0056423611*J2^4+0,-0.0025058605*J1^2*J2^2+-0.0025058605*J1^1*J2^3+0.0065152374*J2^4+-0.0045105490*J1^1*J2^2*(J2-J1)^1+0.0022552745*J2^3*(J2-J1)^1+0,0,0,0,0,0,0,0,0,0,0,0,0,0,0,0,0,0,0,0,0,0,0,0,0,0,0,0,0,0,0,0,0,0,0,0,0},
{0,0,0,0,0,0,0,0,0,0,0,0,0,0,0,0,0,0,0,0,0,0,0,0,0,0,0,0,0,0,0,0,0,0,0,0,0,0,0,0,0,0,0,0,0,0,0,0,0,0,0,0,0,0,0,0,0.0045105490*J1^2*J2^2+0.0135316469*J1^1*J2^2*(J2-J1)^1+0,-0.0060763889*J1^2*J2^2+0.0021701389*J1^1*J2^3+0.0065104167*J2^4+0.0039062500*J2^3*(J2-J1)^1+0,0.0052083333*J1^2*J2^2+-0.0026041667*J2^4+0.0078125000*J1^1*J2^2*(J2-J1)^1+-0.0052083333*J2^3*(J2-J1)^1+0,-0.0002505861*J1^2*J2^2+0.0012529303*J1^1*J2^3+0.0005011721*J2^4+-0.0007517582*J1^1*J2^2*(J2-J1)^1+0,0,0,0,0,0,0,0,0,0,0,0,0,0,0,0,0,0,0,0,0,0,0,0,0,0,0,0,0,0,0,0,0,0,0,0,0},
{0,0,0,0,0,0,0,0,0,0,0,0,0,0,0,0,0,0,0,0,0,0,0,0,0,0,0,0,0,0,0,0,0,0,0,0,0,0,0,0,0,0,0,0,0,0,0,0,0,0,0,0,0,0,0,0,-0.0060763889*J1^2*J2^2+0.0021701389*J1^1*J2^3+0.0065104167*J2^4+0.0078125000*J2^3*(J2-J1)^1+0,0.0115269585*J1^2*J2^2+-0.0025058605*J1^1*J2^3+-0.0075175816*J2^4+0.0090210980*J1^1*J2^2*(J2-J1)^1+-0.0067658235*J2^3*(J2-J1)^1+0,-0.0002505861*J1^2*J2^2+0.0012529303*J1^1*J2^3+0.0005011721*J2^4+-0.0030070327*J1^1*J2^2*(J2-J1)^1+0.0045105490*J2^3*(J2-J1)^1+0,0.0054976852*J1^2*J2^2+-0.0014467593*J1^1*J2^3+-0.0031828704*J2^4+0.0047743056*J1^1*J2^2*(J2-J1)^1+-0.0052083333*J2^3*(J2-J1)^1+0,0,0,0,0,0,0,0,0,0,0,0,0,0,0,0,0,0,0,0,0,0,0,0,0,0,0,0,0,0,0,0,0,0,0,0,0},
{0,0,0,0,0,0,0,0,0,0,0,0,0,0,0,0,0,0,0,0,0,0,0,0,0,0,0,0,0,0,0,0,0,0,0,0,0,0,0,0,0,0,0,0,0,0,0,0,-0.0045105490*J2^4+-0.0090210980*J2^3*(J2-J1)^1+0,-0.0004340278*J1^2*J2^2+-0.0021701389*J1^1*J2^3+-0.0013020833*J1^1*J2^2*(J2-J1)^1+0,-0.0026041667*J1^2*J2^2+0,-0.0035082048*J1^2*J2^2+-0.0012529303*J1^1*J2^3+0.0032576187*J2^4+0.0022552745*J2^3*(J2-J1)^1+0,0,0,0,0,0,0,0,0,0,0,0,0,0.0063788795*J2^4+0.0127577591*J2^3*(J2-J1)^1+0,0.0006138080*J1^2*J2^2+0.0030690398*J1^1*J2^3+0.0018414239*J1^1*J2^2*(J2-J1)^1+0,0.0036828478*J1^2*J2^2+0,0.0049613508*J1^2*J2^2+0.0017719110*J1^1*J2^3+-0.0046069686*J2^4+-0.0031894398*J2^3*(J2-J1)^1+0,0,0,0,0,0,0,0,0,0,0,0,0,0,0,0,0,0,0,0,0,0,0,0,0,0,0,0,0},
{0,0,0,0,0,0,0,0,0,0,0,0,0,0,0,0,0,0,0,0,0,0,0,0,0,0,0,0,0,0,0,0,0,0,0,0,0,0,0,0,0,0,0,0,0,0,0,0,-0.0004340278*J1^2*J2^2+-0.0021701389*J1^1*J2^3+-0.0052083333*J1^1*J2^2*(J2-J1)^1+0,0.0005011721*J1^2*J2^2+0.0025058605*J1^1*J2^3+-0.0045105490*J2^4+0.0037587908*J1^1*J2^2*(J2-J1)^1+-0.0045105490*J2^3*(J2-J1)^1+0,-0.0035082048*J1^2*J2^2+-0.0012529303*J1^1*J2^3+0.0032576187*J2^4+0,0.0014467593*J1^2*J2^2+0.0014467593*J1^1*J2^3+-0.0037615741*J2^4+0.0026041667*J1^1*J2^2*(J2-J1)^1+-0.0013020833*J2^3*(J2-J1)^1+0,0,0,0,0,0,0,0,0,0,0,0,0,0.0006138080*J1^2*J2^2+0.0030690398*J1^1*J2^3+0.0073656956*J1^1*J2^2*(J2-J1)^1+0,-0.0007087644*J1^2*J2^2+-0.0035438220*J1^1*J2^3+0.0063788795*J2^4+-0.0053157329*J1^1*J2^2*(J2-J1)^1+0.0063788795*J2^3*(J2-J1)^1+0,0.0049613508*J1^2*J2^2+0.0017719110*J1^1*J2^3+-0.0046069686*J2^4+0,-0.0020460266*J1^2*J2^2+-0.0020460266*J1^1*J2^3+0.0053196691*J2^4+-0.0036828478*J1^1*J2^2*(J2-J1)^1+0.0018414239*J2^3*(J2-J1)^1+0,0,0,0,0,0,0,0,0,0,0,0,0,0,0,0,0,0,0,0,0,0,0,0,0,0,0,0,0},
{0,0,0,0,0,0,0,0,0,0,0,0,0,0,0,0,0,0,0,0,0,0,0,0,0,0,0,0,0,0,0,0,0,0,0,0,0,0,0,0,0,0,0,0,0,0,0,0,-0.0026041667*J1^2*J2^2+-0.0078125000*J1^1*J2^2*(J2-J1)^1+0,0.0035082048*J1^2*J2^2+-0.0012529303*J1^1*J2^3+-0.0037587908*J2^4+-0.0022552745*J2^3*(J2-J1)^1+0,-0.0030070327*J1^2*J2^2+0.0015035163*J2^4+-0.0045105490*J1^1*J2^2*(J2-J1)^1+0.0030070327*J2^3*(J2-J1)^1+0,0.0001446759*J1^2*J2^2+-0.0007233796*J1^1*J2^3+-0.0002893519*J2^4+0.0004340278*J1^1*J2^2*(J2-J1)^1+0,0,0,0,0,0,0,0,0,0,0,0,0,0.0036828478*J1^2*J2^2+0.0110485435*J1^1*J2^2*(J2-J1)^1+0,-0.0049613508*J1^2*J2^2+0.0017719110*J1^1*J2^3+0.0053157329*J2^4+0.0031894398*J2^3*(J2-J1)^1+0,0.0042525864*J1^2*J2^2+-0.0021262932*J2^4+0.0063788795*J1^1*J2^2*(J2-J1)^1+-0.0042525864*J2^3*(J2-J1)^1+0,-0.0002046027*J1^2*J2^2+0.0010230133*J1^1*J2^3+0.0004092053*J2^4+-0.0006138080*J1^1*J2^2*(J2-J1)^1+0,0,0,0,0,0,0,0,0,0,0,0,0,0,0,0,0,0,0,0,0,0,0,0,0,0,0,0,0},
{0,0,0,0,0,0,0,0,0,0,0,0,0,0,0,0,0,0,0,0,0,0,0,0,0,0,0,0,0,0,0,0,0,0,0,0,0,0,0,0,0,0,0,0,0,0,0,0,0.0035082048*J1^2*J2^2+-0.0012529303*J1^1*J2^3+-0.0037587908*J2^4+-0.0045105490*J2^3*(J2-J1)^1+0,-0.0066550926*J1^2*J2^2+0.0014467593*J1^1*J2^3+0.0043402778*J2^4+-0.0052083333*J1^1*J2^2*(J2-J1)^1+0.0039062500*J2^3*(J2-J1)^1+0,0.0001446759*J1^2*J2^2+-0.0007233796*J1^1*J2^3+-0.0002893519*J2^4+0.0017361111*J1^1*J2^2*(J2-J1)^1+-0.0026041667*J2^3*(J2-J1)^1+0,-0.0031740900*J1^2*J2^2+0.0008352868*J1^1*J2^3+0.0018376311*J2^4+-0.0027564466*J1^1*J2^2*(J2-J1)^1+0.0030070327*J2^3*(J2-J1)^1+0,0,0,0,0,0,0,0,0,0,0,0,0,-0.0049613508*J1^2*J2^2+0.0017719110*J1^1*J2^3+0.0053157329*J2^4+0.0063788795*J2^3*(J2-J1)^1+0,0.0094117222*J1^2*J2^2+-0.0020460266*J1^1*J2^3+-0.0061380797*J2^4+0.0073656956*J1^1*J2^2*(J2-J1)^1+-0.0055242717*J2^3*(J2-J1)^1+0,-0.0002046027*J1^2*J2^2+0.0010230133*J1^1*J2^3+0.0004092053*J2^4+-0.0024552319*J1^1*J2^2*(J2-J1)^1+0.0036828478*J2^3*(J2-J1)^1+0,0.0044888412*J1^2*J2^2+-0.0011812740*J1^1*J2^3+-0.0025988028*J2^4+0.0038982042*J1^1*J2^2*(J2-J1)^1+-0.0042525864*J2^3*(J2-J1)^1+0,0,0,0,0,0,0,0,0,0,0,0,0,0,0,0,0,0,0,0,0,0,0,0,0,0,0,0,0},
{0,0,0,0,0,0,0,0,0,0,0,0,0,0,0,0,0,0,0,0,0,0,0,0,0,0,0,0,0,0,0,0,0,0,0,0,0,0,0,0,0,0,0,0,0,0,0,0,0,0,0,0,0,0,0,0,0,0,0,0,0.0063788795*J2^4+0.0079735994*J2^3*(J2-J1)^1+0,0.0006138080*J1^2*J2^2+0.0030690398*J1^1*J2^3+-0.0009207120*J1^1*J2^2*(J2-J1)^1+0,0.0036828478*J1^2*J2^2+-0.0027621359*J1^1*J2^2*(J2-J1)^1+0,0.0049613508*J1^2*J2^2+0.0017719110*J1^1*J2^3+-0.0046069686*J2^4+-0.0047841597*J2^3*(J2-J1)^1+0,0,0,0,0,0,0,0,0,0,0,0,0,0,0,0,0,0,0,0,0,0,0,0,0,0,0,0,0,0,0,0,0},
{0,0,0,0,0,0,0,0,0,0,0,0,0,0,0,0,0,0,0,0,0,0,0,0,0,0,0,0,0,0,0,0,0,0,0,0,0,0,0,0,0,0,0,0,0,0,0,0,0,0,0,0,0,0,0,0,0,0,0,0,0.0006138080*J1^2*J2^2+0.0030690398*J1^1*J2^3+0.0046035598*J1^1*J2^2*(J2-J1)^1+0,-0.0007087644*J1^2*J2^2+-0.0035438220*J1^1*J2^3+0.0063788795*J2^4+-0.0021262932*J1^1*J2^2*(J2-J1)^1+0.0015947199*J2^3*(J2-J1)^1+0,0.0049613508*J1^2*J2^2+0.0017719110*J1^1*J2^3+-0.0046069686*J2^4+-0.0015947199*J2^3*(J2-J1)^1+0,-0.0020460266*J1^2*J2^2+-0.0020460266*J1^1*J2^3+0.0053196691*J2^4+-0.0064449837*J1^1*J2^2*(J2-J1)^1+0.0036828478*J2^3*(J2-J1)^1+0,0,0,0,0,0,0,0,0,0,0,0,0,0,0,0,0,0,0,0,0,0,0,0,0,0,0,0,0,0,0,0,0},
{0,0,0,0,0,0,0,0,0,0,0,0,0,0,0,0,0,0,0,0,0,0,0,0,0,0,0,0,0,0,0,0,0,0,0,0,0,0,0,0,0,0,0,0,0,0,0,0,0,0,0,0,0,0,0,0,0,0,0,0,0.0036828478*J1^2*J2^2+0.0082864076*J1^1*J2^2*(J2-J1)^1+0,-0.0049613508*J1^2*J2^2+0.0017719110*J1^1*J2^3+0.0053157329*J2^4+0.0015947199*J2^3*(J2-J1)^1+0,0.0042525864*J1^2*J2^2+-0.0021262932*J2^4+0.0031894398*J1^1*J2^2*(J2-J1)^1+-0.0026578665*J2^3*(J2-J1)^1+0,-0.0002046027*J1^2*J2^2+0.0010230133*J1^1*J2^3+0.0004092053*J2^4+0.0003069040*J1^1*J2^2*(J2-J1)^1+-0.0018414239*J2^3*(J2-J1)^1+0,0,0,0,0,0,0,0,0,0,0,0,0,0,0,0,0,0,0,0,0,0,0,0,0,0,0,0,0,0,0,0,0},
{0,0,0,0,0,0,0,0,0,0,0,0,0,0,0,0,0,0,0,0,0,0,0,0,0,0,0,0,0,0,0,0,0,0,0,0,0,0,0,0,0,0,0,0,0,0,0,0,0,0,0,0,0,0,0,0,0,0,0,0,-0.0049613508*J1^2*J2^2+0.0017719110*J1^1*J2^3+0.0053157329*J2^4+0.0047841597*J2^3*(J2-J1)^1+0,0.0094117222*J1^2*J2^2+-0.0020460266*J1^1*J2^3+-0.0061380797*J2^4+0.0046035598*J1^1*J2^2*(J2-J1)^1+-0.0036828478*J2^3*(J2-J1)^1+0,-0.0002046027*J1^2*J2^2+0.0010230133*J1^1*J2^3+0.0004092053*J2^4+-0.0015345199*J1^1*J2^2*(J2-J1)^1+0.0018414239*J2^3*(J2-J1)^1+0,0.0044888412*J1^2*J2^2+-0.0011812740*J1^1*J2^3+-0.0025988028*J2^4+-0.0003543822*J1^1*J2^2*(J2-J1)^1+-0.0005315733*J2^3*(J2-J1)^1+0,0,0,0,0,0,0,0,0,0,0,0,0,0,0,0,0,0,0,0,0,0,0,0,0,0,0,0,0,0,0,0,0},
{0,0,0,0,0,0,0,0,0,0,0,0,0,0,0,0,0,0,0,0,0,0,0,0,0,0,0,0,0,0,0,0,0,0,0,0,0,0,0,0,0,0,0,0,0,0,0,0,0,0,0,0,-0.0036828478*J2^4+-0.0046035598*J2^3*(J2-J1)^1+0,-0.0003543822*J1^2*J2^2+-0.0017719110*J1^1*J2^3+0.0005315733*J1^1*J2^2*(J2-J1)^1+0,-0.0021262932*J1^2*J2^2+0.0015947199*J1^1*J2^2*(J2-J1)^1+0,-0.0028644372*J1^2*J2^2+-0.0010230133*J1^1*J2^3+0.0026598345*J2^4+0.0027621359*J2^3*(J2-J1)^1+0,0,0,0,0,0,0,0,0,0,0,0,0,0.0052083333*J2^4+0.0065104167*J2^3*(J2-J1)^1+0,0.0005011721*J1^2*J2^2+0.0025058605*J1^1*J2^3+-0.0007517582*J1^1*J2^2*(J2-J1)^1+0,0.0030070327*J1^2*J2^2+-0.0022552745*J1^1*J2^2*(J2-J1)^1+0,0.0040509259*J1^2*J2^2+0.0014467593*J1^1*J2^3+-0.0037615741*J2^4+-0.0039062500*J2^3*(J2-J1)^1+0,0,0,0,0,0,0,0,0,0,0,0,0,0,0,0,0,0,0,0,0,0,0,0,0},
{0,0,0,0,0,0,0,0,0,0,0,0,0,0,0,0,0,0,0,0,0,0,0,0,0,0,0,0,0,0,0,0,0,0,0,0,0,0,0,0,0,0,0,0,0,0,0,0,0,0,0,0,-0.0003543822*J1^2*J2^2+-0.0017719110*J1^1*J2^3+-0.0026578665*J1^1*J2^2*(J2-J1)^1+0,0.0004092053*J1^2*J2^2+0.0020460266*J1^1*J2^3+-0.0036828478*J2^4+0.0012276159*J1^1*J2^2*(J2-J1)^1+-0.0009207120*J2^3*(J2-J1)^1+0,-0.0028644372*J1^2*J2^2+-0.0010230133*J1^1*J2^3+0.0026598345*J2^4+0.0009207120*J2^3*(J2-J1)^1+0,0.0011812740*J1^2*J2^2+0.0011812740*J1^1*J2^3+-0.0030713124*J2^4+0.0037210131*J1^1*J2^2*(J2-J1)^1+-0.0021262932*J2^3*(J2-J1)^1+0,0,0,0,0,0,0,0,0,0,0,0,0,0.0005011721*J1^2*J2^2+0.0025058605*J1^1*J2^3+0.0037587908*J1^1*J2^2*(J2-J1)^1+0,-0.0005787037*J1^2*J2^2+-0.0028935185*J1^1*J2^3+0.0052083333*J2^4+-0.0017361111*J1^1*J2^2*(J2-J1)^1+0.0013020833*J2^3*(J2-J1)^1+0,0.0040509259*J1^2*J2^2+0.0014467593*J1^1*J2^3+-0.0037615741*J2^4+-0.0013020833*J2^3*(J2-J1)^1+0,-0.0016705737*J1^2*J2^2+-0.0016705737*J1^1*J2^3+0.0043434916*J2^4+-0.0052623071*J1^1*J2^2*(J2-J1)^1+0.0030070327*J2^3*(J2-J1)^1+0,0,0,0,0,0,0,0,0,0,0,0,0,0,0,0,0,0,0,0,0,0,0,0,0},
{0,0,0,0,0,0,0,0,0,0,0,0,0,0,0,0,0,0,0,0,0,0,0,0,0,0,0,0,0,0,0,0,0,0,0,0,0,0,0,0,0,0,0,0,0,0,0,0,0,0,0,0,-0.0021262932*J1^2*J2^2+-0.0047841597*J1^1*J2^2*(J2-J1)^1+0,0.0028644372*J1^2*J2^2+-0.0010230133*J1^1*J2^3+-0.0030690398*J2^4+-0.0009207120*J2^3*(J2-J1)^1+0,-0.0024552319*J1^2*J2^2+0.0012276159*J2^4+-0.0018414239*J1^1*J2^2*(J2-J1)^1+0.0015345199*J2^3*(J2-J1)^1+0,0.0001181274*J1^2*J2^2+-0.0005906370*J1^1*J2^3+-0.0002362548*J2^4+-0.0001771911*J1^1*J2^2*(J2-J1)^1+0.0010631466*J2^3*(J2-J1)^1+0,0,0,0,0,0,0,0,0,0,0,0,0,0.0030070327*J1^2*J2^2+0.0067658235*J1^1*J2^2*(J2-J1)^1+0,-0.0040509259*J1^2*J2^2+0.0014467593*J1^1*J2^3+0.0043402778*J2^4+0.0013020833*J2^3*(J2-J1)^1+0,0.0034722222*J1^2*J2^2+-0.0017361111*J2^4+0.0026041667*J1^1*J2^2*(J2-J1)^1+-0.0021701389*J2^3*(J2-J1)^1+0,-0.0001670574*J1^2*J2^2+0.0008352868*J1^1*J2^3+0.0003341147*J2^4+0.0002505861*J1^1*J2^2*(J2-J1)^1+-0.0015035163*J2^3*(J2-J1)^1+0,0,0,0,0,0,0,0,0,0,0,0,0,0,0,0,0,0,0,0,0,0,0,0,0},
{0,0,0,0,0,0,0,0,0,0,0,0,0,0,0,0,0,0,0,0,0,0,0,0,0,0,0,0,0,0,0,0,0,0,0,0,0,0,0,0,0,0,0,0,0,0,0,0,0,0,0,0,0.0028644372*J1^2*J2^2+-0.0010230133*J1^1*J2^3+-0.0030690398*J2^4+-0.0027621359*J2^3*(J2-J1)^1+0,-0.0054338603*J1^2*J2^2+0.0011812740*J1^1*J2^3+0.0035438220*J2^4+-0.0026578665*J1^1*J2^2*(J2-J1)^1+0.0021262932*J2^3*(J2-J1)^1+0,0.0001181274*J1^2*J2^2+-0.0005906370*J1^1*J2^3+-0.0002362548*J2^4+0.0008859555*J1^1*J2^2*(J2-J1)^1+-0.0010631466*J2^3*(J2-J1)^1+0,-0.0025916337*J1^2*J2^2+0.0006820089*J1^1*J2^3+0.0015004195*J2^4+0.0002046027*J1^1*J2^2*(J2-J1)^1+0.0003069040*J2^3*(J2-J1)^1+0,0,0,0,0,0,0,0,0,0,0,0,0,-0.0040509259*J1^2*J2^2+0.0014467593*J1^1*J2^3+0.0043402778*J2^4+0.0039062500*J2^3*(J2-J1)^1+0,0.0076846390*J1^2*J2^2+-0.0016705737*J1^1*J2^3+-0.0050117211*J2^4+0.0037587908*J1^1*J2^2*(J2-J1)^1+-0.0030070327*J2^3*(J2-J1)^1+0,-0.0001670574*J1^2*J2^2+0.0008352868*J1^1*J2^3+0.0003341147*J2^4+-0.0012529303*J1^1*J2^2*(J2-J1)^1+0.0015035163*J2^3*(J2-J1)^1+0,0.0036651235*J1^2*J2^2+-0.0009645062*J1^1*J2^3+-0.0021219136*J2^4+-0.0002893519*J1^1*J2^2*(J2-J1)^1+-0.0004340278*J2^3*(J2-J1)^1+0,0,0,0,0,0,0,0,0,0,0,0,0,0,0,0,0,0,0,0,0,0,0,0,0}
}