36
{{0,0,0,0,0,0,0,0,0,0,0,0,0,0,0,0,0,0,0,0,0,0,0,0,0,0,0,0,0,0.0135316469*J2^3+0,0,0,0,0,0,0},
{0,0,0,0,0,0,0,0,0,0,0,0,0,0.0005787037*J2^3+0,0,0,0,0,0,0,0,-0.0004092053*J2^3+0,0,0,0,0,0,0,0,0,0,-0.0045105490*J2^3+0,0,0,0,0},
{0,0,0,0,0,0,0,0,0,0,0,0,0,0,0,0,0,0,0,0,0,0,0,0,0,-0.0078125000*J2^3+0,0,0,0,0,0,0,0,0.0110485435*J2^3+0,0,0},
{0,0,0,0,0,0,0,0,0,0,0,0,0,0,0,0.0005787037*J2^3+0,0,0,0,0,0,0,0,-0.0004092053*J2^3+0,0,0,0,0.0026041667*J2^3+0,0,0,0,0,0,0,0,-0.0036828478*J2^3+0},
{0,0,0,0,0,0,0,0,0,0,0,0,0,0,0,0,0,0,0,0,0,0,0,0,0,0,0,0,-0.0234375000*J2^3+0,0,0,0,0,0,0,0},
{0,0,0,0,0,0,0,0,0,0,0,0,-0.0010023442*J2^3+0,0,0,0,0,0,0,0,0.0007087644*J2^3+0,0,0,0,0,0,0,0,0,0,0.0078125000*J2^3+0,0,0,0,0,0},
{0,0,0,0,0,0,0,0,0,0,0,0,0,0,0,0,0,0,0,0,0,0,0,0,0.0135316469*J2^3+0,0,0,0,0,0,0,0,-0.0191366386*J2^3+0,0,0,0},
{0,0,0,0,0,0,0,0,0,0,0,0,0,0,-0.0010023442*J2^3+0,0,0,0,0,0,0,0,0.0007087644*J2^3+0,0,0,0,-0.0045105490*J2^3+0,0,0,0,0,0,0,0,0.0063788795*J2^3+0,0},
{0,0,0,0,0,0,0,0,0,0,0,0,0,0,0,0,0,0,0,0,0,0,0,0,0,0,0,0,0,0.0191366386*J2^3+0,0,0,0,0,0,0},
{0,0,0,0,0,0,0,0,0,0,0,0,0,0.0008184106*J2^3+0,0,0,0,0,0,0,0,-0.0005787037*J2^3+0,0,0,0,0,0,0,0,0,0,-0.0063788795*J2^3+0,0,0,0,0},
{0,0,0,0,0,0,0,0,0,0,0,0,0,0,0,0,0,0,0,0,0,0,0,0,0,-0.0110485435*J2^3+0,0,0,0,0,0,0,0,0.0156250000*J2^3+0,0,0},
{0,0,0,0,0,0,0,0,0,0,0,0,0,0,0,0.0008184106*J2^3+0,0,0,0,0,0,0,0,-0.0005787037*J2^3+0,0,0,0,0.0036828478*J2^3+0,0,0,0,0,0,0,0,-0.0052083333*J2^3+0},
{0,0,0,0,0,0.0016705737*J2^3+0,0,0,0,0,0,0,0,0,0,0,0,0,0,0,0,0,0,0,0,0,0,0,0,0,0,0,0,0,0,0},
{0,-0.0009645062*J2^3+0,0,0,0,0,0,0,0,-0.0013640177*J2^3+0,0,0,0,0,0,0,0,0,0,0,0,0,0,0,0,0,0,0,0,0,0,0,0,0,0,0},
{0,0,0,0,0,0,0,0.0016705737*J2^3+0,0,0,0,0,0,0,0,0,0,0,0,0,0,0,0,0,0,0,0,0,0,0,0,0,0,0,0,0},
{0,0,0,-0.0009645062*J2^3+0,0,0,0,0,0,0,0,-0.0013640177*J2^3+0,0,0,0,0,0,0,0,0,0,0,0,0,0,0,0,0,0,0,0,0,0,0,0,0},
{0,0,0,0,0.0156250000*J2^3+0,0,0,0,0,0,0,0,0,0,0,0,0,0,0,0,0,0,0,0,0,0,0,0,0,0,0,0,0,0,0,0},
{-0.0090210980*J2^3+0,0,0,0,0,0,0,0,-0.0127577591*J2^3+0,0,0,0,0,0,0,0,0,0,0,0,0,0,0,0,0,0,0,0,0,0,0,0,0,0,0,0},
{0,0,0,0,0,0,0.0156250000*J2^3+0,0,0,0,0,0,0,0,0,0,0,0,0,0,0,0,0,0,0,0,0,0,0,0,0,0,0,0,0,0},
{0,0,-0.0090210980*J2^3+0,0,0,0,0,0,0,0,-0.0127577591*J2^3+0,0,0,0,0,0,0,0,0,0,0,0,0,0,0,0,0,0,0,0,0,0,0,0,0,0},
{0,0,0,0,0,0.0051976055*J2^3+0,0,0,0,0,0,0,0,0,0,0,0,0,0,0,0,0,0,0,0,0,0,0,0,0,0,0,0,0,0,0},
{0,-0.0030008390*J2^3+0,0,0,0,0,0,0,0,-0.0042438272*J2^3+0,0,0,0,0,0,0,0,0,0,0,0,0,0,0,0,0,0,0,0,0,0,0,0,0,0,0},
{0,0,0,0,0,0,0,0.0051976055*J2^3+0,0,0,0,0,0,0,0,0,0,0,0,0,0,0,0,0,0,0,0,0,0,0,0,0,0,0,0,0},
{0,0,0,-0.0030008390*J2^3+0,0,0,0,0,0,0,0,-0.0042438272*J2^3+0,0,0,0,0,0,0,0,0,0,0,0,0,0,0,0,0,0,0,0,0,0,0,0,0},
{0,0,0,0,0,0,-0.0045105490*J2^3+0,0,0,0,0,0,0,0,0,0,0,0,0,0,0,0,0,0,0,0,0,0,0,0,0,0,0,0,0,0},
{0,0,0.0026041667*J2^3+0,0,0,0,0,0,0,0,0.0036828478*J2^3+0,0,0,0,0,0,0,0,0,0,0,0,0,0,0,0,0,0,0,0,0,0,0,0,0,0},
{0,0,0,0,0,0,0,0.0015035163*J2^3+0,0,0,0,0,0,0,0,0,0,0,0,0,0,0,0,0,0,0,0,0,0,0,0,0,0,0,0,0},
{0,0,0,-0.0008680556*J2^3+0,0,0,0,0,0,0,0,-0.0012276159*J2^3+0,0,0,0,0,0,0,0,0,0,0,0,0,0,0,0,0,0,0,0,0,0,0,0,0},
{0,0,0,0,0.0078125000*J2^3+0,0,0,0,0,0,0,0,0,0,0,0,0,0,0,0,0,0,0,0,0,0,0,0,0,0,0,0,0,0,0,0},
{-0.0045105490*J2^3+0,0,0,0,0,0,0,0,-0.0063788795*J2^3+0,0,0,0,0,0,0,0,0,0,0,0,0,0,0,0,0,0,0,0,0,0,0,0,0,0,0,0},
{0,0,0,0,0,-0.0026041667*J2^3+0,0,0,0,0,0,0,0,0,0,0,0,0,0,0,0,0,0,0,0,0,0,0,0,0,0,0,0,0,0,0},
{0,0.0015035163*J2^3+0,0,0,0,0,0,0,0,0.0021262932*J2^3+0,0,0,0,0,0,0,0,0,0,0,0,0,0,0,0,0,0,0,0,0,0,0,0,0,0,0},
{0,0,0,0,0,0,0.0063788795*J2^3+0,0,0,0,0,0,0,0,0,0,0,0,0,0,0,0,0,0,0,0,0,0,0,0,0,0,0,0,0,0},
{0,0,-0.0036828478*J2^3+0,0,0,0,0,0,0,0,-0.0052083333*J2^3+0,0,0,0,0,0,0,0,0,0,0,0,0,0,0,0,0,0,0,0,0,0,0,0,0,0},
{0,0,0,0,0,0,0,-0.0021262932*J2^3+0,0,0,0,0,0,0,0,0,0,0,0,0,0,0,0,0,0,0,0,0,0,0,0,0,0,0,0,0},
{0,0,0,0.0012276159*J2^3+0,0,0,0,0,0,0,0,0.0017361111*J2^3+0,0,0,0,0,0,0,0,0,0,0,0,0,0,0,0,0,0,0,0,0,0,0,0,0}
}