36
{{0,0,0,0,0,0,0,0,0,0,0,0,0.0063657407*J2^3+0,-0.0270632939*J1^1*J2^2+0.0053458358*J2^3+0,0,0,0.0063657407*J1^1*J2^2+0,0.0053458358*J1^1*J2^2+-0.0270632939*J2^3+0,0,0,0,0,0,0,0,0,0,0,0,0,0,0,0,0,0,0},
{0,0,0,0,0,0,0,0,0,0,0,0,-0.0036752621*J1^1*J2^2+0,-0.0030864198*J1^1*J2^2+0.0156250000*J2^3+0,0,0,-0.0036752621*J2^3+0,0.0156250000*J1^1*J2^2+-0.0030864198*J2^3+0,0,0,0.0051976055*J1^1*J2^2+-0.0051976055*J2^3+0,0.0264619436*J1^1*J2^2+-0.0264619436*J2^3+0,0,0,0,0,0,0,0,0,0,0,0,0,0,0},
{0,0,0,0,0,0,0,0,0,0,0,0,0,0,0.0063657407*J2^3+0,-0.0270632939*J1^1*J2^2+0.0053458358*J2^3+0,0,0,0.0063657407*J1^1*J2^2+0,0.0053458358*J1^1*J2^2+-0.0270632939*J2^3+0,0,0,0,0,0,0,0,0,0,0,0,0,0,0,0,0},
{0,0,0,0,0,0,0,0,0,0,0,0,0,0,-0.0036752621*J1^1*J2^2+0,-0.0030864198*J1^1*J2^2+0.0156250000*J2^3+0,0,0,-0.0036752621*J2^3+0,0.0156250000*J1^1*J2^2+-0.0030864198*J2^3+0,0,0,0.0051976055*J1^1*J2^2+-0.0051976055*J2^3+0,0.0264619436*J1^1*J2^2+-0.0264619436*J2^3+0,0,0,0,0,0,0,0,0,0,0,0,0},
{0,0,0,0,0,0,0,0,0,0,0,0,0.0468750000*J1^1*J2^2+0,-0.0090210980*J2^3+0,0,0,0.0468750000*J2^3+0,-0.0090210980*J1^1*J2^2+0,0,0,0,0,0,0,0,0,0,0,0,0,0,0,0,0,0,0},
{0,0,0,0,0,0,0,0,0,0,0,0,-0.0270632939*J2^3+0,0.0052083333*J1^1*J2^2+0,0,0,-0.0270632939*J1^1*J2^2+0,0.0052083333*J2^3+0,0,0,-0.0382732772*J1^1*J2^2+0.0382732772*J2^3+0,-0.0073656956*J1^1*J2^2+0.0073656956*J2^3+0,0,0,0,0,0,0,0,0,0,0,0,0,0,0},
{0,0,0,0,0,0,0,0,0,0,0,0,0,0,0.0468750000*J1^1*J2^2+0,-0.0090210980*J2^3+0,0,0,0.0468750000*J2^3+0,-0.0090210980*J1^1*J2^2+0,0,0,0,0,0,0,0,0,0,0,0,0,0,0,0,0},
{0,0,0,0,0,0,0,0,0,0,0,0,0,0,-0.0270632939*J2^3+0,0.0052083333*J1^1*J2^2+0,0,0,-0.0270632939*J1^1*J2^2+0,0.0052083333*J2^3+0,0,0,-0.0382732772*J1^1*J2^2+0.0382732772*J2^3+0,-0.0073656956*J1^1*J2^2+0.0073656956*J2^3+0,0,0,0,0,0,0,0,0,0,0,0,0},
{0,0,0,0,0,0,0,0,0,0,0,0,0.0065472850*J2^3+0,-0.0382732772*J1^1*J2^2+0.0089776823*J2^3+0,0,0,0.0065472850*J1^1*J2^2+0,0.0089776823*J1^1*J2^2+-0.0382732772*J2^3+0,0,0,0,0,0,0,0,0,0,0,0,0,0,0,0,0,0,0},
{0,0,0,0,0,0,0,0,0,0,0,0,-0.0037800768*J1^1*J2^2+0,-0.0051832673*J1^1*J2^2+0.0220970869*J2^3+0,0,0,-0.0037800768*J2^3+0,0.0220970869*J1^1*J2^2+-0.0051832673*J2^3+0,0,0,0.0053458358*J1^1*J2^2+-0.0053458358*J2^3+0,0.0385802469*J1^1*J2^2+-0.0385802469*J2^3+0,0,0,0,0,0,0,0,0,0,0,0,0,0,0},
{0,0,0,0,0,0,0,0,0,0,0,0,0,0,0.0065472850*J2^3+0,-0.0382732772*J1^1*J2^2+0.0089776823*J2^3+0,0,0,0.0065472850*J1^1*J2^2+0,0.0089776823*J1^1*J2^2+-0.0382732772*J2^3+0,0,0,0,0,0,0,0,0,0,0,0,0,0,0,0,0},
{0,0,0,0,0,0,0,0,0,0,0,0,0,0,-0.0037800768*J1^1*J2^2+0,-0.0051832673*J1^1*J2^2+0.0220970869*J2^3+0,0,0,-0.0037800768*J2^3+0,0.0220970869*J1^1*J2^2+-0.0051832673*J2^3+0,0,0,0.0053458358*J1^1*J2^2+-0.0053458358*J2^3+0,0.0385802469*J1^1*J2^2+-0.0385802469*J2^3+0,0,0,0,0,0,0,0,0,0,0,0,0},
{0.0008680556*J2^3+0,-0.0005011721*J1^1*J2^2+0,0,0,0.0312500000*J1^1*J2^2+0,-0.0180421959*J2^3+0,0,0,-0.0006138080*J2^3+0,0.0003543822*J1^1*J2^2+0,0,0,0,0,0,0,0,0,0,0,0,0,0,0,0,0,0,0,0.0078125000*J1^1*J2^2+0,0.0135316469*J2^3+0,-0.0045105490*J2^3+0,-0.0078125000*J1^1*J2^2+0,0,0,0,0},
{-0.0180421959*J1^1*J2^2+-0.0005011721*J2^3+0,0.0002893519*J1^1*J2^2+0.0104166667*J2^3+0,0,0,0,0,0,0,-0.0255155182*J1^1*J2^2+0.0003543822*J2^3+0,-0.0002046027*J1^1*J2^2+0.0147313913*J2^3+0,0,0,0,0,0,0,0,0,0,0,0,0,0,0,0,0,0,0,0.0135316469*J2^3+0,0.0078125000*J1^1*J2^2+0.0156250000*J2^3+0,-0.0078125000*J1^1*J2^2+0,-0.0090210980*J1^1*J2^2+-0.0045105490*J2^3+0,0,0,0,0},
{0,0,0.0008680556*J2^3+0,-0.0005011721*J1^1*J2^2+0,0,0,0.0312500000*J1^1*J2^2+0,-0.0180421959*J2^3+0,0,0,-0.0006138080*J2^3+0,0.0003543822*J1^1*J2^2+0,0,0,0,0,0,0,0,0,0,0,0,0,-0.0045105490*J1^1*J2^2+0,-0.0078125000*J2^3+0,0.0026041667*J2^3+0,0.0045105490*J1^1*J2^2+0,0,0,0,0,0.0063788795*J1^1*J2^2+0,0.0110485435*J2^3+0,-0.0036828478*J2^3+0,-0.0063788795*J1^1*J2^2+0},
{0,0,-0.0180421959*J1^1*J2^2+-0.0005011721*J2^3+0,0.0002893519*J1^1*J2^2+0.0104166667*J2^3+0,0,0,0,0,0,0,-0.0255155182*J1^1*J2^2+0.0003543822*J2^3+0,-0.0002046027*J1^1*J2^2+0.0147313913*J2^3+0,0,0,0,0,0,0,0,0,0,0,0,0,-0.0078125000*J2^3+0,-0.0045105490*J1^1*J2^2+-0.0090210980*J2^3+0,0.0045105490*J1^1*J2^2+0,0.0052083333*J1^1*J2^2+0.0026041667*J2^3+0,0,0,0,0,0.0110485435*J2^3+0,0.0063788795*J1^1*J2^2+0.0127577591*J2^3+0,-0.0063788795*J1^1*J2^2+0,-0.0073656956*J1^1*J2^2+-0.0036828478*J2^3+0},
{0.0008680556*J1^1*J2^2+0,-0.0005011721*J2^3+0,0,0,0.0312500000*J2^3+0,-0.0180421959*J1^1*J2^2+0,0,0,-0.0006138080*J1^1*J2^2+0,0.0003543822*J2^3+0,0,0,0,0,0,0,0,0,0,0,0,0,0,0,0,0,0,0,0.0078125000*J2^3+0,0.0135316469*J1^1*J2^2+0,-0.0045105490*J1^1*J2^2+0,-0.0078125000*J2^3+0,0,0,0,0},
{-0.0005011721*J1^1*J2^2+-0.0180421959*J2^3+0,0.0104166667*J1^1*J2^2+0.0002893519*J2^3+0,0,0,0,0,0,0,0.0003543822*J1^1*J2^2+-0.0255155182*J2^3+0,0.0147313913*J1^1*J2^2+-0.0002046027*J2^3+0,0,0,0,0,0,0,0,0,0,0,0,0,0,0,0,0,0,0,0.0135316469*J1^1*J2^2+0,0.0156250000*J1^1*J2^2+0.0078125000*J2^3+0,-0.0078125000*J2^3+0,-0.0045105490*J1^1*J2^2+-0.0090210980*J2^3+0,0,0,0,0},
{0,0,0.0008680556*J1^1*J2^2+0,-0.0005011721*J2^3+0,0,0,0.0312500000*J2^3+0,-0.0180421959*J1^1*J2^2+0,0,0,-0.0006138080*J1^1*J2^2+0,0.0003543822*J2^3+0,0,0,0,0,0,0,0,0,0,0,0,0,-0.0045105490*J2^3+0,-0.0078125000*J1^1*J2^2+0,0.0026041667*J1^1*J2^2+0,0.0045105490*J2^3+0,0,0,0,0,0.0063788795*J2^3+0,0.0110485435*J1^1*J2^2+0,-0.0036828478*J1^1*J2^2+0,-0.0063788795*J2^3+0},
{0,0,-0.0005011721*J1^1*J2^2+-0.0180421959*J2^3+0,0.0104166667*J1^1*J2^2+0.0002893519*J2^3+0,0,0,0,0,0,0,0.0003543822*J1^1*J2^2+-0.0255155182*J2^3+0,0.0147313913*J1^1*J2^2+-0.0002046027*J2^3+0,0,0,0,0,0,0,0,0,0,0,0,0,-0.0078125000*J1^1*J2^2+0,-0.0090210980*J1^1*J2^2+-0.0045105490*J2^3+0,0.0045105490*J2^3+0,0.0026041667*J1^1*J2^2+0.0052083333*J2^3+0,0,0,0,0,0.0110485435*J1^1*J2^2+0,0.0127577591*J1^1*J2^2+0.0063788795*J2^3+0,-0.0063788795*J2^3+0,-0.0036828478*J1^1*J2^2+-0.0073656956*J2^3+0},
{0,0.0007087644*J1^1*J2^2+-0.0007087644*J2^3+0,0,0,0,-0.0255155182*J1^1*J2^2+0.0255155182*J2^3+0,0,0,0,-0.0005011721*J1^1*J2^2+0.0005011721*J2^3+0,0,0,0,0,0,0,0,0,0,0,0,0,0,0,0,0,0,0,0,0,-0.0063788795*J1^1*J2^2+0.0063788795*J2^3+0,0.0110485435*J1^1*J2^2+-0.0110485435*J2^3+0,0,0,0,0},
{0,0.0143221860*J1^1*J2^2+-0.0143221860*J2^3+0,0,0,0,0,0,0,0,0.0211226852*J1^1*J2^2+-0.0211226852*J2^3+0,0,0,0,0,0,0,0,0,0,0,0,0,0,0,0,0,0,0,0,0,0.0110485435*J1^1*J2^2+-0.0110485435*J2^3+0,0.0063788795*J1^1*J2^2+-0.0063788795*J2^3+0,0,0,0,0},
{0,0,0,0.0007087644*J1^1*J2^2+-0.0007087644*J2^3+0,0,0,0,-0.0255155182*J1^1*J2^2+0.0255155182*J2^3+0,0,0,0,-0.0005011721*J1^1*J2^2+0.0005011721*J2^3+0,0,0,0,0,0,0,0,0,0,0,0,0,0,0,0.0036828478*J1^1*J2^2+-0.0036828478*J2^3+0,-0.0063788795*J1^1*J2^2+0.0063788795*J2^3+0,0,0,0,0,0,0,-0.0052083333*J1^1*J2^2+0.0052083333*J2^3+0,0.0090210980*J1^1*J2^2+-0.0090210980*J2^3+0},
{0,0,0,0.0143221860*J1^1*J2^2+-0.0143221860*J2^3+0,0,0,0,0,0,0,0,0.0211226852*J1^1*J2^2+-0.0211226852*J2^3+0,0,0,0,0,0,0,0,0,0,0,0,0,0,0,-0.0063788795*J1^1*J2^2+0.0063788795*J2^3+0,-0.0036828478*J1^1*J2^2+0.0036828478*J2^3+0,0,0,0,0,0,0,0.0090210980*J1^1*J2^2+-0.0090210980*J2^3+0,0.0052083333*J1^1*J2^2+-0.0052083333*J2^3+0},
{0,0,0,0,0,0,0,0,0,0,0,0,0,0,-0.0225527449*J1^1*J2^2+0,0.0026041667*J2^3+0,0,0,-0.0225527449*J2^3+0,0.0026041667*J1^1*J2^2+0,0,0,0,0,0,0,0,0,0,0,0,0,0,0,0,0},
{0,0,0,0,0,0,0,0,0,0,0,0,0,0,0.0026041667*J2^3+0,-0.0225527449*J1^1*J2^2+0.0030070327*J2^3+0,0,0,0.0026041667*J1^1*J2^2+0,0.0030070327*J1^1*J2^2+-0.0225527449*J2^3+0,0,0,0,0,0,0,0,0,0,0,0,0,0,0,0,0},
{0,0,0,0,0,0,0,0,0,0,0,0,0,0,0.0130208333*J2^3+0,-0.0015035163*J1^1*J2^2+0,0,0,0.0130208333*J1^1*J2^2+0,-0.0015035163*J2^3+0,0,0,0.0184142391*J1^1*J2^2+-0.0184142391*J2^3+0,0.0021262932*J1^1*J2^2+-0.0021262932*J2^3+0,0,0,0,0,0,0,0,0,0,0,0,0},
{0,0,0,0,0,0,0,0,0,0,0,0,0,0,-0.0015035163*J1^1*J2^2+0,-0.0017361111*J1^1*J2^2+0.0130208333*J2^3+0,0,0,-0.0015035163*J2^3+0,0.0130208333*J1^1*J2^2+-0.0017361111*J2^3+0,0,0,0.0021262932*J1^1*J2^2+-0.0021262932*J2^3+0,0.0208694710*J1^1*J2^2+-0.0208694710*J2^3+0,0,0,0,0,0,0,0,0,0,0,0,0},
{0,0,0,0,0,0,0,0,0,0,0,0,0.0390625000*J1^1*J2^2+0,-0.0045105490*J2^3+0,0,0,0.0390625000*J2^3+0,-0.0045105490*J1^1*J2^2+0,0,0,0,0,0,0,0,0,0,0,0,0,0,0,0,0,0,0},
{0,0,0,0,0,0,0,0,0,0,0,0,-0.0045105490*J2^3+0,0.0390625000*J1^1*J2^2+-0.0052083333*J2^3+0,0,0,-0.0045105490*J1^1*J2^2+0,-0.0052083333*J1^1*J2^2+0.0390625000*J2^3+0,0,0,0,0,0,0,0,0,0,0,0,0,0,0,0,0,0,0},
{0,0,0,0,0,0,0,0,0,0,0,0,-0.0225527449*J2^3+0,0.0026041667*J1^1*J2^2+0,0,0,-0.0225527449*J1^1*J2^2+0,0.0026041667*J2^3+0,0,0,-0.0318943977*J1^1*J2^2+0.0318943977*J2^3+0,-0.0036828478*J1^1*J2^2+0.0036828478*J2^3+0,0,0,0,0,0,0,0,0,0,0,0,0,0,0},
{0,0,0,0,0,0,0,0,0,0,0,0,0.0026041667*J1^1*J2^2+0,0.0030070327*J1^1*J2^2+-0.0225527449*J2^3+0,0,0,0.0026041667*J2^3+0,-0.0225527449*J1^1*J2^2+0.0030070327*J2^3+0,0,0,-0.0036828478*J1^1*J2^2+0.0036828478*J2^3+0,-0.0361469841*J1^1*J2^2+0.0361469841*J2^3+0,0,0,0,0,0,0,0,0,0,0,0,0,0,0},
{0,0,0,0,0,0,0,0,0,0,0,0,0,0,0.0318943977*J1^1*J2^2+0,-0.0036828478*J2^3+0,0,0,0.0318943977*J2^3+0,-0.0036828478*J1^1*J2^2+0,0,0,0,0,0,0,0,0,0,0,0,0,0,0,0,0},
{0,0,0,0,0,0,0,0,0,0,0,0,0,0,-0.0036828478*J2^3+0,0.0318943977*J1^1*J2^2+-0.0042525864*J2^3+0,0,0,-0.0036828478*J1^1*J2^2+0,-0.0042525864*J1^1*J2^2+0.0318943977*J2^3+0,0,0,0,0,0,0,0,0,0,0,0,0,0,0,0,0},
{0,0,0,0,0,0,0,0,0,0,0,0,0,0,-0.0184142391*J2^3+0,0.0021262932*J1^1*J2^2+0,0,0,-0.0184142391*J1^1*J2^2+0,0.0021262932*J2^3+0,0,0,-0.0260416667*J1^1*J2^2+0.0260416667*J2^3+0,-0.0030070327*J1^1*J2^2+0.0030070327*J2^3+0,0,0,0,0,0,0,0,0,0,0,0,0},
{0,0,0,0,0,0,0,0,0,0,0,0,0,0,0.0021262932*J1^1*J2^2+0,0.0024552319*J1^1*J2^2+-0.0184142391*J2^3+0,0,0,0.0021262932*J2^3+0,-0.0184142391*J1^1*J2^2+0.0024552319*J2^3+0,0,0,-0.0030070327*J1^1*J2^2+0.0030070327*J2^3+0,-0.0295138889*J1^1*J2^2+0.0295138889*J2^3+0,0,0,0,0,0,0,0,0,0,0,0,0}
}