96
{{0,0,0,0,0,0,0,0,0,0,0,0,0,0,0,0,0,0,0,0,0,0,0,0,0,0,0,0,0,0,0,0,0,0,0,0,0,0,0,0,0,0,0,0,0,0,0,0,0,0,0,0,0,0,0,0,0,0,0,0,0,0,0,0,0,0,0,0,0,0,0,0,0.0012941714*J2^5+0.0103141879*J2^4*(J2-J1)^1+0,0.0026122291*J2^5+0.0015476009*J2^4*(J2-J1)^1+0,0,0,0,0,0,0,0,0,0,0,0,0,0,0,0,0,0,0,0,0,0,0},
{0,0,0,0,0,0,0,0,0,0,0,0,0,0,0,0,0,0,0,0,0,0,0,0,0,0,0,0,0,0,0,0,0,0,0,0,0,0,0,0,0,0,0,0,0,0,0,0,0,0,0,0,0,0,0,0,0,0,0,0,0,0,0,0,0,0,0,0,0,0,0,0,0,0,-0.0004313905*J2^5+-0.0034380626*J2^4*(J2-J1)^1+0,-0.0008707430*J2^5+-0.0005158670*J2^4*(J2-J1)^1+0,0,0,0,0,0,0,0,0,0,0,0,0,0,0,0,0,0,0,0,0},
{0,0,0,0,0,0,0,0,0,0,0,0,0,0,0,0,0,0,0,0,0,0,0,0,0,0,0,0,0,0,0,0,0,0,0,0,0,0,0,0,0,0,0,0,0,0,0,0,0,0,0,0,0,0,0,0,0,0,0,0,0,0,0,0,0,0,0,0,0,0,0,0,0,0,0,0,0.0012941714*J2^5+0.0035224569*J2^4*(J2-J1)^1+0,0.0026122291*J2^5+-0.0028005312*J2^4*(J2-J1)^1+0,0,0,0,0,0,0,0,0,0,0,0,0,0,0,0,0,0,0},
{0,0,0,0,0,0,0,0,0,0,0,0,0,0,0,0,0,0,0,0,0,0,0,0,0,0,0,0,0,0,0,0,0,0,0,0,0,0,0,0,0,0,0,0,0,0,0,0,0,0,0,0,0,0,0,0,0,0,0,0,0,0,0,0,0,0,0,0,0,0,0,0,0,0,0,0,0,0,-0.0004313905*J2^5+-0.0011741523*J2^4*(J2-J1)^1+0,-0.0008707430*J2^5+0.0009335104*J2^4*(J2-J1)^1+0,0,0,0,0,0,0,0,0,0,0,0,0,0,0,0,0},
{0,0,0,0,0,0,0,0,0,0,0,0,0,0,0,0,0,0,0,0,0,0,0,0,0,0,0,0,0,0,0,0,0,0,0,0,0,0,0,0,0,0,0,0,0,0,0,0,0,0,0,0,0,0,0,0,0,0,0,0,0,0,0,0,0,0,0,0,0,0,0,0,0,0,0,0,0,0,0,0,-0.0007471902*J2^5+-0.0074398535*J2^4*(J2-J1)^1+0,-0.0015081712*J2^5+-0.0017722801*J2^4*(J2-J1)^1+0,0,0,0,0,0,0,-0.0010566865*J2^5+-0.0094715205*J2^4*(J2-J1)^1+0,-0.0021328761*J2^5+-0.0018849967*J2^4*(J2-J1)^1+0,0,0,0,0,0,0},
{0,0,0,0,0,0,0,0,0,0,0,0,0,0,0,0,0,0,0,0,0,0,0,0,0,0,0,0,0,0,0,0,0,0,0,0,0,0,0,0,0,0,0,0,0,0,0,0,0,0,0,0,0,0,0,0,0,0,0,0,0,0,0,0,0,0,0,0,0,0,0,0,0,0,0,0,0,0,0,0,0,0,0.0002490634*J2^5+0.0024799512*J2^4*(J2-J1)^1+0,0.0005027237*J2^5+0.0005907600*J2^4*(J2-J1)^1+0,0,0,0,0,0,0,0.0003522288*J2^5+0.0031571735*J2^4*(J2-J1)^1+0,0.0007109587*J2^5+0.0006283322*J2^4*(J2-J1)^1+0,0,0,0,0},
{0,0,0,0,0,0,0,0,0,0,0,0,0,0,0,0,0,0,0,0,0,0,0,0,0,0,0,0,0,0,0,0,0,0,0,0,0,0,0,0,0,0,0,0,0,0,0,0,0,0,0,0,0,0,0,0,0,0,0,0,0,0,0,0,0,0,0,0,0,0,0,0,0,0,0,0,0,0,0,0,0,0,0,0,-0.0007471902*J2^5+-0.0035186458*J2^4*(J2-J1)^1+0,-0.0015081712*J2^5+0.0007381151*J2^4*(J2-J1)^1+0,0,0,0,0,0,0,-0.0010566865*J2^5+-0.0039260954*J2^4*(J2-J1)^1+0,-0.0021328761*J2^5+0.0016652383*J2^4*(J2-J1)^1+0,0,0},
{0,0,0,0,0,0,0,0,0,0,0,0,0,0,0,0,0,0,0,0,0,0,0,0,0,0,0,0,0,0,0,0,0,0,0,0,0,0,0,0,0,0,0,0,0,0,0,0,0,0,0,0,0,0,0,0,0,0,0,0,0,0,0,0,0,0,0,0,0,0,0,0,0,0,0,0,0,0,0,0,0,0,0,0,0,0,0.0002490634*J2^5+0.0011728819*J2^4*(J2-J1)^1+0,0.0005027237*J2^5+-0.0002460384*J2^4*(J2-J1)^1+0,0,0,0,0,0,0,0.0003522288*J2^5+0.0013086985*J2^4*(J2-J1)^1+0,0.0007109587*J2^5+-0.0005550794*J2^4*(J2-J1)^1+0},
{0,0,0,0,0,0,0,0,0,0,0,0,0,0,0,0,0,0,0,0,0,0,0,0,0,0,0,0,0,0,0,0,0,0,0,0,0,0,0,0,0,0,0,0,0,0,0,0,0,0,0,0,0,0,0,0,0,0,0,0,0,0,0,0,0,0,0,0,0,0,0,0,-0.0040893555*J2^5+0,-0.0009984288*J2^5+0.0015974861*J2^4*(J2-J1)^1+0,0,0,0,0,0,0,0,0,0,0,0,0,0,0,0,0,0,0,0,0,0,0},
{0,0,0,0,0,0,0,0,0,0,0,0,0,0,0,0,0,0,0,0,0,0,0,0,0,0,0,0,0,0,0,0,0,0,0,0,0,0,0,0,0,0,0,0,0,0,0,0,0,0,0,0,0,0,0,0,0,0,0,0,0,0,0,0,0,0,0,0,0,0,0,0,0,0,0.0013631185*J2^5+0,0.0003328096*J2^5+-0.0005324954*J2^4*(J2-J1)^1+0,0,0,0,0,0,0,0,0,0,0,0,0,0,0,0,0,0,0,0,0},
{0,0,0,0,0,0,0,0,0,0,0,0,0,0,0,0,0,0,0,0,0,0,0,0,0,0,0,0,0,0,0,0,0,0,0,0,0,0,0,0,0,0,0,0,0,0,0,0,0,0,0,0,0,0,0,0,0,0,0,0,0,0,0,0,0,0,0,0,0,0,0,0,0,0,0,0,-0.0040893555*J2^5+0,-0.0009984288*J2^5+0.0098668259*J2^4*(J2-J1)^1+0,0,0,0,0,0,0,0,0,0,0,0,0,0,0,0,0,0,0},
{0,0,0,0,0,0,0,0,0,0,0,0,0,0,0,0,0,0,0,0,0,0,0,0,0,0,0,0,0,0,0,0,0,0,0,0,0,0,0,0,0,0,0,0,0,0,0,0,0,0,0,0,0,0,0,0,0,0,0,0,0,0,0,0,0,0,0,0,0,0,0,0,0,0,0,0,0,0,0.0013631185*J2^5+0,0.0003328096*J2^5+-0.0032889420*J2^4*(J2-J1)^1+0,0,0,0,0,0,0,0,0,0,0,0,0,0,0,0,0},
{0,0,0,0,0,0,0,0,0,0,0,0,0,0,0,0,0,0,0,0,0,0,0,0,0,0,0,0,0,0,0,0,0,0,0,0,0,0,0,0,0,0,0,0,0,0,0,0,0,0,0,0,0,0,0,0,0,0,0,0,0,0,0,0,0,0,0,0,0,0,0,0,0,0,0,0,0,0,0,0,0.0023609905*J2^5+0,0.0005764431*J2^5+0.0008138021*J2^4*(J2-J1)^1+0,0,0,0,0,0,0,0.0033389448*J2^5+0,0.0008152137*J2^5+-0.0000767260*J2^4*(J2-J1)^1+0,0,0,0,0,0,0},
{0,0,0,0,0,0,0,0,0,0,0,0,0,0,0,0,0,0,0,0,0,0,0,0,0,0,0,0,0,0,0,0,0,0,0,0,0,0,0,0,0,0,0,0,0,0,0,0,0,0,0,0,0,0,0,0,0,0,0,0,0,0,0,0,0,0,0,0,0,0,0,0,0,0,0,0,0,0,0,0,0,0,-0.0007869968*J2^5+0,-0.0001921477*J2^5+-0.0002712674*J2^4*(J2-J1)^1+0,0,0,0,0,0,0,-0.0011129816*J2^5+0,-0.0002717379*J2^5+0.0000255753*J2^4*(J2-J1)^1+0,0,0,0,0},
{0,0,0,0,0,0,0,0,0,0,0,0,0,0,0,0,0,0,0,0,0,0,0,0,0,0,0,0,0,0,0,0,0,0,0,0,0,0,0,0,0,0,0,0,0,0,0,0,0,0,0,0,0,0,0,0,0,0,0,0,0,0,0,0,0,0,0,0,0,0,0,0,0,0,0,0,0,0,0,0,0,0,0,0,0.0023609905*J2^5+0,0.0005764431*J2^5+-0.0039605035*J2^4*(J2-J1)^1+0,0,0,0,0,0,0,0.0033389448*J2^5+0,0.0008152137*J2^5+-0.0068286137*J2^4*(J2-J1)^1+0,0,0},
{0,0,0,0,0,0,0,0,0,0,0,0,0,0,0,0,0,0,0,0,0,0,0,0,0,0,0,0,0,0,0,0,0,0,0,0,0,0,0,0,0,0,0,0,0,0,0,0,0,0,0,0,0,0,0,0,0,0,0,0,0,0,0,0,0,0,0,0,0,0,0,0,0,0,0,0,0,0,0,0,0,0,0,0,0,0,-0.0007869968*J2^5+0,-0.0001921477*J2^5+0.0013201678*J2^4*(J2-J1)^1+0,0,0,0,0,0,0,-0.0011129816*J2^5+0,-0.0002717379*J2^5+0.0022762046*J2^4*(J2-J1)^1+0},
{0,0,0,0,0,0,0,0,0,0,0,0,0,0,0,0,0,0,0,0,0,0,0,0,0,0,0,0,0,0,0,0,0,0,0,0,0,0,0,0,0,0,0,0,0,0,0,0,0,0,0,0,0,0,0,0,0,0,0,0,0,0,0,0,0,0,0,0,0,0,0,0,0.0003077032*J2^5+0.0091644940*J2^4*(J2-J1)^1+0,0.0045732838*J2^5+-0.0013601057*J2^4*(J2-J1)^1+0,0,0,0,0,0,0,0,0,0,0,0,0,0,0,0,0,0,0,0,0,0,0},
{0,0,0,0,0,0,0,0,0,0,0,0,0,0,0,0,0,0,0,0,0,0,0,0,0,0,0,0,0,0,0,0,0,0,0,0,0,0,0,0,0,0,0,0,0,0,0,0,0,0,0,0,0,0,0,0,0,0,0,0,0,0,0,0,0,0,0,0,0,0,0,0,0,0,-0.0001025677*J2^5+-0.0030548313*J2^4*(J2-J1)^1+0,-0.0015244279*J2^5+0.0004533686*J2^4*(J2-J1)^1+0,0,0,0,0,0,0,0,0,0,0,0,0,0,0,0,0,0,0,0,0},
{0,0,0,0,0,0,0,0,0,0,0,0,0,0,0,0,0,0,0,0,0,0,0,0,0,0,0,0,0,0,0,0,0,0,0,0,0,0,0,0,0,0,0,0,0,0,0,0,0,0,0,0,0,0,0,0,0,0,0,0,0,0,0,0,0,0,0,0,0,0,0,0,0,0,0,0,0.0003077032*J2^5+0.0038391415*J2^4*(J2-J1)^1+0,0.0045732838*J2^5+-0.0099801245*J2^4*(J2-J1)^1+0,0,0,0,0,0,0,0,0,0,0,0,0,0,0,0,0,0,0},
{0,0,0,0,0,0,0,0,0,0,0,0,0,0,0,0,0,0,0,0,0,0,0,0,0,0,0,0,0,0,0,0,0,0,0,0,0,0,0,0,0,0,0,0,0,0,0,0,0,0,0,0,0,0,0,0,0,0,0,0,0,0,0,0,0,0,0,0,0,0,0,0,0,0,0,0,0,0,-0.0001025677*J2^5+-0.0012797138*J2^4*(J2-J1)^1+0,-0.0015244279*J2^5+0.0033267082*J2^4*(J2-J1)^1+0,0,0,0,0,0,0,0,0,0,0,0,0,0,0,0,0},
{0,0,0,0,0,0,0,0,0,0,0,0,0,0,0,0,0,0,0,0,0,0,0,0,0,0,0,0,0,0,0,0,0,0,0,0,0,0,0,0,0,0,0,0,0,0,0,0,0,0,0,0,0,0,0,0,0,0,0,0,0,0,0,0,0,0,0,0,0,0,0,0,0,0,0,0,0,0,0,0,-0.0001776525*J2^5+-0.0063673949*J2^4*(J2-J1)^1+0,-0.0026403866*J2^5+-0.0010485886*J2^4*(J2-J1)^1+0,0,0,0,0,0,0,-0.0002512386*J2^5+-0.0082438171*J2^4*(J2-J1)^1+0,-0.0037340706*J2^5+-0.0001862033*J2^4*(J2-J1)^1+0,0,0,0,0,0,0},
{0,0,0,0,0,0,0,0,0,0,0,0,0,0,0,0,0,0,0,0,0,0,0,0,0,0,0,0,0,0,0,0,0,0,0,0,0,0,0,0,0,0,0,0,0,0,0,0,0,0,0,0,0,0,0,0,0,0,0,0,0,0,0,0,0,0,0,0,0,0,0,0,0,0,0,0,0,0,0,0,0,0,0.0000592175*J2^5+0.0021224650*J2^4*(J2-J1)^1+0,0.0008801289*J2^5+0.0003495295*J2^4*(J2-J1)^1+0,0,0,0,0,0,0,0.0000837462*J2^5+0.0027479390*J2^4*(J2-J1)^1+0,0.0012446902*J2^5+0.0000620678*J2^4*(J2-J1)^1+0,0,0,0,0},
{0,0,0,0,0,0,0,0,0,0,0,0,0,0,0,0,0,0,0,0,0,0,0,0,0,0,0,0,0,0,0,0,0,0,0,0,0,0,0,0,0,0,0,0,0,0,0,0,0,0,0,0,0,0,0,0,0,0,0,0,0,0,0,0,0,0,0,0,0,0,0,0,0,0,0,0,0,0,0,0,0,0,0,0,-0.0001776525*J2^5+-0.0032928012*J2^4*(J2-J1)^1+0,-0.0026403866*J2^5+0.0039281816*J2^4*(J2-J1)^1+0,0,0,0,0,0,0,-0.0002512386*J2^5+-0.0038956850*J2^4*(J2-J1)^1+0,-0.0037340706*J2^5+0.0068520126*J2^4*(J2-J1)^1+0,0,0},
{0,0,0,0,0,0,0,0,0,0,0,0,0,0,0,0,0,0,0,0,0,0,0,0,0,0,0,0,0,0,0,0,0,0,0,0,0,0,0,0,0,0,0,0,0,0,0,0,0,0,0,0,0,0,0,0,0,0,0,0,0,0,0,0,0,0,0,0,0,0,0,0,0,0,0,0,0,0,0,0,0,0,0,0,0,0,0.0000592175*J2^5+0.0010976004*J2^4*(J2-J1)^1+0,0.0008801289*J2^5+-0.0013093939*J2^4*(J2-J1)^1+0,0,0,0,0,0,0,0.0000837462*J2^5+0.0012985617*J2^4*(J2-J1)^1+0,0.0012446902*J2^5+-0.0022840042*J2^4*(J2-J1)^1+0},
{0,0,0,0,0,0,0,0,0,0,0,0,0,0,0,0,0,0,0,0,0,0,0,0,0,0,0,0,0,0,0,0,0,0,0,0,0,0,0,0,0,0,0,0,0,0,0,0,0,0,0,0,0,0,0,0,0,0,0,0,0,0,0,0,0,0,0,0,0,0,0,0,0.0019715863*J2^5+0,0.0030903438*J2^5+0,0,0,0,0,0,0,0,0,0,0,0,0,0,0,0,0,0,0,0,0,0,0},
{0,0,0,0,0,0,0,0,0,0,0,0,0,0,0,0,0,0,0,0,0,0,0,0,0,0,0,0,0,0,0,0,0,0,0,0,0,0,0,0,0,0,0,0,0,0,0,0,0,0,0,0,0,0,0,0,0,0,0,0,0,0,0,0,0,0,0,0,0,0,0,0,0.0030903438*J2^5+0,0.0055400079*J2^5+0,0,0,0,0,0,0,0,0,0,0,0,0,0,0,0,0,0,0,0,0,0,0},
{0,0,0,0,0,0,0,0,0,0,0,0,0,0,0,0,0,0,0,0,0,0,0,0,0,0,0,0,0,0,0,0,0,0,0,0,0,0,0,0,0,0,0,0,0,0,0,0,0,0,0,0,0,0,0,0,0,0,0,0,0,0,0,0,0,0,0,0,0,0,0,0,0,0,0,0,0.0019715863*J2^5+0,0.0030903438*J2^5+0,0,0,0,0,0,0,0,0,0,0,0,0,0,0,0,0,0,0},
{0,0,0,0,0,0,0,0,0,0,0,0,0,0,0,0,0,0,0,0,0,0,0,0,0,0,0,0,0,0,0,0,0,0,0,0,0,0,0,0,0,0,0,0,0,0,0,0,0,0,0,0,0,0,0,0,0,0,0,0,0,0,0,0,0,0,0,0,0,0,0,0,0,0,0,0,0.0030903438*J2^5+0,0.0055400079*J2^5+0,0,0,0,0,0,0,0,0,0,0,0,0,0,0,0,0,0,0},
{0,0,0,0,0,0,0,0,0,0,0,0,0,0,0,0,0,0,0,0,0,0,0,0,0,0,0,0,0,0,0,0,0,0,0,0,0,0,0,0,0,0,0,0,0,0,0,0,0,0,0,0,0,0,0,0,0,0,0,0,0,0,0,0,0,0,0,0,0,0,0,0,0,0,0,0,0,0,0,0,-0.0011382959*J2^5+0,-0.0017842108*J2^5+0,0,0,0,0,0,0,-0.0016097934*J2^5+0,-0.0025232552*J2^5+0,0,0,0,0,0,0},
{0,0,0,0,0,0,0,0,0,0,0,0,0,0,0,0,0,0,0,0,0,0,0,0,0,0,0,0,0,0,0,0,0,0,0,0,0,0,0,0,0,0,0,0,0,0,0,0,0,0,0,0,0,0,0,0,0,0,0,0,0,0,0,0,0,0,0,0,0,0,0,0,0,0,0,0,0,0,0,0,-0.0017842108*J2^5+0,-0.0031985251*J2^5+0,0,0,0,0,0,0,-0.0025232552*J2^5+0,-0.0045233975*J2^5+0,0,0,0,0,0,0},
{0,0,0,0,0,0,0,0,0,0,0,0,0,0,0,0,0,0,0,0,0,0,0,0,0,0,0,0,0,0,0,0,0,0,0,0,0,0,0,0,0,0,0,0,0,0,0,0,0,0,0,0,0,0,0,0,0,0,0,0,0,0,0,0,0,0,0,0,0,0,0,0,0,0,0,0,0,0,0,0,0,0,0,0,-0.0011382959*J2^5+0,-0.0017842108*J2^5+0,0,0,0,0,0,0,-0.0016097934*J2^5+0,-0.0025232552*J2^5+0,0,0},
{0,0,0,0,0,0,0,0,0,0,0,0,0,0,0,0,0,0,0,0,0,0,0,0,0,0,0,0,0,0,0,0,0,0,0,0,0,0,0,0,0,0,0,0,0,0,0,0,0,0,0,0,0,0,0,0,0,0,0,0,0,0,0,0,0,0,0,0,0,0,0,0,0,0,0,0,0,0,0,0,0,0,0,0,-0.0017842108*J2^5+0,-0.0031985251*J2^5+0,0,0,0,0,0,0,-0.0025232552*J2^5+0,-0.0045233975*J2^5+0,0,0},
{0,0,0,0,0,0,0,0,0,0,0,0,0,0,0,0,0,0,0,0,0,0,0,0,0,0,0,0,0,0,0,0,0,0,0,0,0,0,0,0,0,0,0,0,0,0,0,0,0,0,0,0,0,0,0,0,0,0,0,0,0,0,0,0,0,0,0,0,0,0,0,0,0,0,0.0000332326*J2^5+0,0.0001151909*J2^5+0,0,0,0,0,0,0,0,0,0,0,0,0,0,0,0,0,0,0,0,0},
{0,0,0,0,0,0,0,0,0,0,0,0,0,0,0,0,0,0,0,0,0,0,0,0,0,0,0,0,0,0,0,0,0,0,0,0,0,0,0,0,0,0,0,0,0,0,0,0,0,0,0,0,0,0,0,0,0,0,0,0,0,0,0,0,0,0,0,0,0,0,0,0,0,0,0.0001151909*J2^5+0,0.0001662437*J2^5+0,0,0,0,0,0,0,0,0,0,0,0,0,0,0,0,0,0,0,0,0},
{0,0,0,0,0,0,0,0,0,0,0,0,0,0,0,0,0,0,0,0,0,0,0,0,0,0,0,0,0,0,0,0,0,0,0,0,0,0,0,0,0,0,0,0,0,0,0,0,0,0,0,0,0,0,0,0,0,0,0,0,0,0,0,0,0,0,0,0,0,0,0,0,0,0,0,0,0,0,0.0000332326*J2^5+0,0.0001151909*J2^5+0,0,0,0,0,0,0,0,0,0,0,0,0,0,0,0,0},
{0,0,0,0,0,0,0,0,0,0,0,0,0,0,0,0,0,0,0,0,0,0,0,0,0,0,0,0,0,0,0,0,0,0,0,0,0,0,0,0,0,0,0,0,0,0,0,0,0,0,0,0,0,0,0,0,0,0,0,0,0,0,0,0,0,0,0,0,0,0,0,0,0,0,0,0,0,0,0.0001151909*J2^5+0,0.0001662437*J2^5+0,0,0,0,0,0,0,0,0,0,0,0,0,0,0,0,0},
{0,0,0,0,0,0,0,0,0,0,0,0,0,0,0,0,0,0,0,0,0,0,0,0,0,0,0,0,0,0,0,0,0,0,0,0,0,0,0,0,0,0,0,0,0,0,0,0,0,0,0,0,0,0,0,0,0,0,0,0,0,0,0,0,0,0,0,0,0,0,0,0,0,0,0,0,0,0,0,0,0,0,-0.0000191869*J2^5+0,-0.0000665055*J2^5+0,0,0,0,0,0,0,-0.0000271343*J2^5+0,-0.0000940530*J2^5+0,0,0,0,0},
{0,0,0,0,0,0,0,0,0,0,0,0,0,0,0,0,0,0,0,0,0,0,0,0,0,0,0,0,0,0,0,0,0,0,0,0,0,0,0,0,0,0,0,0,0,0,0,0,0,0,0,0,0,0,0,0,0,0,0,0,0,0,0,0,0,0,0,0,0,0,0,0,0,0,0,0,0,0,0,0,0,0,-0.0000665055*J2^5+0,-0.0000959808*J2^5+0,0,0,0,0,0,0,-0.0000940530*J2^5+0,-0.0001357374*J2^5+0,0,0,0,0},
{0,0,0,0,0,0,0,0,0,0,0,0,0,0,0,0,0,0,0,0,0,0,0,0,0,0,0,0,0,0,0,0,0,0,0,0,0,0,0,0,0,0,0,0,0,0,0,0,0,0,0,0,0,0,0,0,0,0,0,0,0,0,0,0,0,0,0,0,0,0,0,0,0,0,0,0,0,0,0,0,0,0,0,0,0,0,-0.0000191869*J2^5+0,-0.0000665055*J2^5+0,0,0,0,0,0,0,-0.0000271343*J2^5+0,-0.0000940530*J2^5+0},
{0,0,0,0,0,0,0,0,0,0,0,0,0,0,0,0,0,0,0,0,0,0,0,0,0,0,0,0,0,0,0,0,0,0,0,0,0,0,0,0,0,0,0,0,0,0,0,0,0,0,0,0,0,0,0,0,0,0,0,0,0,0,0,0,0,0,0,0,0,0,0,0,0,0,0,0,0,0,0,0,0,0,0,0,0,0,-0.0000665055*J2^5+0,-0.0000959808*J2^5+0,0,0,0,0,0,0,-0.0000940530*J2^5+0,-0.0001357374*J2^5+0},
{0,0,0,0,0,0,0,0,0,0,0,0,0,0,0,0,0,0,0,0,0,0,0,0,0,0,0,0,0,0,0,0,0,0,0,0,0,0,0,0,0,0,0,0,0,0,0,0,0,0,0,0,0,0,0,0,0,0,0,0,0,0,0,0,0,0,0,0,0,0,0,0,0,0,0.0007813977*J2^5+0,0.0011801753*J2^5+0,0,0,0,0,0,0,0,0,0,0,0,0,0,0,0,0,0,0,0,0},
{0,0,0,0,0,0,0,0,0,0,0,0,0,0,0,0,0,0,0,0,0,0,0,0,0,0,0,0,0,0,0,0,0,0,0,0,0,0,0,0,0,0,0,0,0,0,0,0,0,0,0,0,0,0,0,0,0,0,0,0,0,0,0,0,0,0,0,0,0,0,0,0,0,0,0.0011801753*J2^5+0,0.0021441467*J2^5+0,0,0,0,0,0,0,0,0,0,0,0,0,0,0,0,0,0,0,0,0},
{0,0,0,0,0,0,0,0,0,0,0,0,0,0,0,0,0,0,0,0,0,0,0,0,0,0,0,0,0,0,0,0,0,0,0,0,0,0,0,0,0,0,0,0,0,0,0,0,0,0,0,0,0,0,0,0,0,0,0,0,0,0,0,0,0,0,0,0,0,0,0,0,0,0,0,0,0,0,0.0007813977*J2^5+0,0.0011801753*J2^5+0,0,0,0,0,0,0,0,0,0,0,0,0,0,0,0,0},
{0,0,0,0,0,0,0,0,0,0,0,0,0,0,0,0,0,0,0,0,0,0,0,0,0,0,0,0,0,0,0,0,0,0,0,0,0,0,0,0,0,0,0,0,0,0,0,0,0,0,0,0,0,0,0,0,0,0,0,0,0,0,0,0,0,0,0,0,0,0,0,0,0,0,0,0,0,0,0.0011801753*J2^5+0,0.0021441467*J2^5+0,0,0,0,0,0,0,0,0,0,0,0,0,0,0,0,0},
{0,0,0,0,0,0,0,0,0,0,0,0,0,0,0,0,0,0,0,0,0,0,0,0,0,0,0,0,0,0,0,0,0,0,0,0,0,0,0,0,0,0,0,0,0,0,0,0,0,0,0,0,0,0,0,0,0,0,0,0,0,0,0,0,0,0,0,0,0,0,0,0,0,0,0,0,0,0,0,0,0,0,-0.0004511402*J2^5+0,-0.0006813745*J2^5+0,0,0,0,0,0,0,-0.0006380086*J2^5+0,-0.0009636091*J2^5+0,0,0,0,0},
{0,0,0,0,0,0,0,0,0,0,0,0,0,0,0,0,0,0,0,0,0,0,0,0,0,0,0,0,0,0,0,0,0,0,0,0,0,0,0,0,0,0,0,0,0,0,0,0,0,0,0,0,0,0,0,0,0,0,0,0,0,0,0,0,0,0,0,0,0,0,0,0,0,0,0,0,0,0,0,0,0,0,-0.0006813745*J2^5+0,-0.0012379237*J2^5+0,0,0,0,0,0,0,-0.0009636091*J2^5+0,-0.0017506885*J2^5+0,0,0,0,0},
{0,0,0,0,0,0,0,0,0,0,0,0,0,0,0,0,0,0,0,0,0,0,0,0,0,0,0,0,0,0,0,0,0,0,0,0,0,0,0,0,0,0,0,0,0,0,0,0,0,0,0,0,0,0,0,0,0,0,0,0,0,0,0,0,0,0,0,0,0,0,0,0,0,0,0,0,0,0,0,0,0,0,0,0,0,0,-0.0004511402*J2^5+0,-0.0006813745*J2^5+0,0,0,0,0,0,0,-0.0006380086*J2^5+0,-0.0009636091*J2^5+0},
{0,0,0,0,0,0,0,0,0,0,0,0,0,0,0,0,0,0,0,0,0,0,0,0,0,0,0,0,0,0,0,0,0,0,0,0,0,0,0,0,0,0,0,0,0,0,0,0,0,0,0,0,0,0,0,0,0,0,0,0,0,0,0,0,0,0,0,0,0,0,0,0,0,0,0,0,0,0,0,0,0,0,0,0,0,0,-0.0006813745*J2^5+0,-0.0012379237*J2^5+0,0,0,0,0,0,0,-0.0009636091*J2^5+0,-0.0017506885*J2^5+0},
{0,0,0,0,0,0,0,0,0,0,0,0,0,0,0,0,0,0,0,0,0,0,0,0,0,0,0,0,0,0,0,0,0,0,0,0,0,0,0,0,0,0,0,0,0,0,0,0,0,0,0,0,0,0,0,0,0,0,0,0,0,0,0,0,0,0,0,0,0,0,0,0,0,0,0,0,0.0016317459*J2^5+0,-0.0000514278*J2^5+-0.0054253472*J2^4*(J2-J1)^1+0,0,0,0,0,0,0,0,0,0,0,0,0,0,0,0,0,0,0},
{0,0,0,0,0,0,0,0,0,0,0,0,0,0,0,0,0,0,0,0,0,0,0,0,0,0,0,0,0,0,0,0,0,0,0,0,0,0,0,0,0,0,0,0,0,0,0,0,0,0,0,0,0,0,0,0,0,0,0,0,0,0,0,0,0,0,0,0,0,0,0,0,0,0,0,0,-0.0000514278*J2^5+0.0047200521*J2^4*(J2-J1)^1+0,0.0015723622*J2^5+-0.0047298118*J2^4*(J2-J1)^1+0,0,0,0,0,0,0,0,0,0,0,0,0,0,0,0,0,0,0},
{0,0,0,0,0,0,0,0,0,0,0,0,0,0,0,0,0,0,0,0,0,0,0,0,0,0,0,0,0,0,0,0,0,0,0,0,0,0,0,0,0,0,0,0,0,0,0,0,0,0,0,0,0,0,0,0,0,0,0,0,0,0,0,0,0,0,0,0,0,0,0,0,0,0,0,0,0,0,-0.0005439153*J2^5+0,0.0000171426*J2^5+0.0018084491*J2^4*(J2-J1)^1+0,0,0,0,0,0,0,0,0,0,0,0,0,0,0,0,0},
{0,0,0,0,0,0,0,0,0,0,0,0,0,0,0,0,0,0,0,0,0,0,0,0,0,0,0,0,0,0,0,0,0,0,0,0,0,0,0,0,0,0,0,0,0,0,0,0,0,0,0,0,0,0,0,0,0,0,0,0,0,0,0,0,0,0,0,0,0,0,0,0,0,0,0,0,0,0,0.0000171426*J2^5+-0.0015733507*J2^4*(J2-J1)^1+0,-0.0005241207*J2^5+0.0015766039*J2^4*(J2-J1)^1+0,0,0,0,0,0,0,0,0,0,0,0,0,0,0,0,0},
{0,0,0,0,0,0,0,0,0,0,0,0,0,0,0,0,0,0,0,0,0,0,0,0,0,0,0,0,0,0,0,0,0,0,0,0,0,0,0,0,0,0,0,0,0,0,0,0,0,0,0,0,0,0,0,0,0,0,0,0,0,0,0,0,0,0,0,0,0,0,0,0,0,0,0,0,0,0,0,0,0,0,0,0,-0.0009420889*J2^5+0,0.0000296918*J2^5+0.0021299815*J2^4*(J2-J1)^1+0,0,0,0,0,0,0,-0.0013323150*J2^5+0,0.0000419906*J2^5+0.0037210131*J2^4*(J2-J1)^1+0,0,0},
{0,0,0,0,0,0,0,0,0,0,0,0,0,0,0,0,0,0,0,0,0,0,0,0,0,0,0,0,0,0,0,0,0,0,0,0,0,0,0,0,0,0,0,0,0,0,0,0,0,0,0,0,0,0,0,0,0,0,0,0,0,0,0,0,0,0,0,0,0,0,0,0,0,0,0,0,0,0,0,0,0,0,0,0,0.0000296918*J2^5+-0.0037274676*J2^4*(J2-J1)^1+0,-0.0009078038*J2^5+0.0015733507*J2^4*(J2-J1)^1+0,0,0,0,0,0,0,0.0000419906*J2^5+-0.0045626708*J2^4*(J2-J1)^1+0,-0.0012838284*J2^5+0.0030434645*J2^4*(J2-J1)^1+0,0,0},
{0,0,0,0,0,0,0,0,0,0,0,0,0,0,0,0,0,0,0,0,0,0,0,0,0,0,0,0,0,0,0,0,0,0,0,0,0,0,0,0,0,0,0,0,0,0,0,0,0,0,0,0,0,0,0,0,0,0,0,0,0,0,0,0,0,0,0,0,0,0,0,0,0,0,0,0,0,0,0,0,0,0,0,0,0,0,0.0003140296*J2^5+0,-0.0000098973*J2^5+-0.0007099938*J2^4*(J2-J1)^1+0,0,0,0,0,0,0,0.0004441050*J2^5+0,-0.0000139969*J2^5+-0.0012403377*J2^4*(J2-J1)^1+0},
{0,0,0,0,0,0,0,0,0,0,0,0,0,0,0,0,0,0,0,0,0,0,0,0,0,0,0,0,0,0,0,0,0,0,0,0,0,0,0,0,0,0,0,0,0,0,0,0,0,0,0,0,0,0,0,0,0,0,0,0,0,0,0,0,0,0,0,0,0,0,0,0,0,0,0,0,0,0,0,0,0,0,0,0,0,0,-0.0000098973*J2^5+0.0012424892*J2^4*(J2-J1)^1+0,0.0003026013*J2^5+-0.0005244502*J2^4*(J2-J1)^1+0,0,0,0,0,0,0,-0.0000139969*J2^5+0.0015208903*J2^4*(J2-J1)^1+0,0.0004279428*J2^5+-0.0010144882*J2^4*(J2-J1)^1+0},
{0,0,0,0,0,0,0,0,0,0,0,0,0,0,0,0,0,0,0,0,0,0,0,0,0,0,0,0,0,0,0,0,0,0,0,0,0,0,0,0,0,0,0,0,0,0,0,0,0,0,0,0,0,0,0,0,0,0,0,0,0,0,0,0,0,0,0,0,0,0,0,0,-0.0028262668*J2^5+0,0.0000890755*J2^5+0.0010336675*J2^4*(J2-J1)^1+0,0,0,0,0,0,0,0,0,0,0,0,0,0,0,0,0,0,0,0,0,0,0},
{0,0,0,0,0,0,0,0,0,0,0,0,0,0,0,0,0,0,0,0,0,0,0,0,0,0,0,0,0,0,0,0,0,0,0,0,0,0,0,0,0,0,0,0,0,0,0,0,0,0,0,0,0,0,0,0,0,0,0,0,0,0,0,0,0,0,0,0,0,0,0,0,0.0000890755*J2^5+-0.0165386796*J2^4*(J2-J1)^1+0,-0.0027234113*J2^5+-0.0014648438*J2^4*(J2-J1)^1+0,0,0,0,0,0,0,0,0,0,0,0,0,0,0,0,0,0,0,0,0,0,0},
{0,0,0,0,0,0,0,0,0,0,0,0,0,0,0,0,0,0,0,0,0,0,0,0,0,0,0,0,0,0,0,0,0,0,0,0,0,0,0,0,0,0,0,0,0,0,0,0,0,0,0,0,0,0,0,0,0,0,0,0,0,0,0,0,0,0,0,0,0,0,0,0,0,0,0.0009420889*J2^5+0,-0.0000296918*J2^5+-0.0003445558*J2^4*(J2-J1)^1+0,0,0,0,0,0,0,0,0,0,0,0,0,0,0,0,0,0,0,0,0},
{0,0,0,0,0,0,0,0,0,0,0,0,0,0,0,0,0,0,0,0,0,0,0,0,0,0,0,0,0,0,0,0,0,0,0,0,0,0,0,0,0,0,0,0,0,0,0,0,0,0,0,0,0,0,0,0,0,0,0,0,0,0,0,0,0,0,0,0,0,0,0,0,0,0,-0.0000296918*J2^5+0.0055128932*J2^4*(J2-J1)^1+0,0.0009078038*J2^5+0.0004882813*J2^4*(J2-J1)^1+0,0,0,0,0,0,0,0,0,0,0,0,0,0,0,0,0,0,0,0,0},
{0,0,0,0,0,0,0,0,0,0,0,0,0,0,0,0,0,0,0,0,0,0,0,0,0,0,0,0,0,0,0,0,0,0,0,0,0,0,0,0,0,0,0,0,0,0,0,0,0,0,0,0,0,0,0,0,0,0,0,0,0,0,0,0,0,0,0,0,0,0,0,0,0,0,0,0,0,0,0,0,0.0016317459*J2^5+0,-0.0000514278*J2^5+0.0011393229*J2^4*(J2-J1)^1+0,0,0,0,0,0,0,0.0023076372*J2^5+0,-0.0000727299*J2^5+0.0003836300*J2^4*(J2-J1)^1+0,0,0,0,0,0,0},
{0,0,0,0,0,0,0,0,0,0,0,0,0,0,0,0,0,0,0,0,0,0,0,0,0,0,0,0,0,0,0,0,0,0,0,0,0,0,0,0,0,0,0,0,0,0,0,0,0,0,0,0,0,0,0,0,0,0,0,0,0,0,0,0,0,0,0,0,0,0,0,0,0,0,0,0,0,0,0,0,-0.0000514278*J2^5+0.0112847222*J2^4*(J2-J1)^1+0,0.0015723622*J2^5+0.0028504164*J2^4*(J2-J1)^1+0,0,0,0,0,0,0,-0.0000727299*J2^5+0.0147313913*J2^4*(J2-J1)^1+0,0.0022236560*J2^5+0.0026135687*J2^4*(J2-J1)^1+0,0,0,0,0,0,0},
{0,0,0,0,0,0,0,0,0,0,0,0,0,0,0,0,0,0,0,0,0,0,0,0,0,0,0,0,0,0,0,0,0,0,0,0,0,0,0,0,0,0,0,0,0,0,0,0,0,0,0,0,0,0,0,0,0,0,0,0,0,0,0,0,0,0,0,0,0,0,0,0,0,0,0,0,0,0,0,0,0,0,-0.0005439153*J2^5+0,0.0000171426*J2^5+-0.0003797743*J2^4*(J2-J1)^1+0,0,0,0,0,0,0,-0.0007692124*J2^5+0,0.0000242433*J2^5+-0.0001278767*J2^4*(J2-J1)^1+0,0,0,0,0},
{0,0,0,0,0,0,0,0,0,0,0,0,0,0,0,0,0,0,0,0,0,0,0,0,0,0,0,0,0,0,0,0,0,0,0,0,0,0,0,0,0,0,0,0,0,0,0,0,0,0,0,0,0,0,0,0,0,0,0,0,0,0,0,0,0,0,0,0,0,0,0,0,0,0,0,0,0,0,0,0,0,0,0.0000171426*J2^5+-0.0037615741*J2^4*(J2-J1)^1+0,-0.0005241207*J2^5+-0.0009501388*J2^4*(J2-J1)^1+0,0,0,0,0,0,0,0.0000242433*J2^5+-0.0049104638*J2^4*(J2-J1)^1+0,-0.0007412187*J2^5+-0.0008711896*J2^4*(J2-J1)^1+0,0,0,0,0},
{0,0,0,0,0,0,0,0,0,0,0,0,0,0,0,0,0,0,0,0,0,0,0,0,0,0,0,0,0,0,0,0,0,0,0,0,0,0,0,0,0,0,0,0,0,0,0,0,0,0,0,0,0,0,0,0,0,0,0,0,0,0,0,0,0,0,0,0,0,0,0,0,0,0,0,0,-0.0023076372*J2^5+0,0.0000727299*J2^5+0.0095523865*J2^4*(J2-J1)^1+0,0,0,0,0,0,0,0,0,0,0,0,0,0,0,0,0,0,0},
{0,0,0,0,0,0,0,0,0,0,0,0,0,0,0,0,0,0,0,0,0,0,0,0,0,0,0,0,0,0,0,0,0,0,0,0,0,0,0,0,0,0,0,0,0,0,0,0,0,0,0,0,0,0,0,0,0,0,0,0,0,0,0,0,0,0,0,0,0,0,0,0,0,0,0,0,0.0000727299*J2^5+-0.0047953748*J2^4*(J2-J1)^1+0,-0.0022236560*J2^5+0.0088595549*J2^4*(J2-J1)^1+0,0,0,0,0,0,0,0,0,0,0,0,0,0,0,0,0,0,0},
{0,0,0,0,0,0,0,0,0,0,0,0,0,0,0,0,0,0,0,0,0,0,0,0,0,0,0,0,0,0,0,0,0,0,0,0,0,0,0,0,0,0,0,0,0,0,0,0,0,0,0,0,0,0,0,0,0,0,0,0,0,0,0,0,0,0,0,0,0,0,0,0,0,0,0,0,0,0,0.0007692124*J2^5+0,-0.0000242433*J2^5+-0.0031841288*J2^4*(J2-J1)^1+0,0,0,0,0,0,0,0,0,0,0,0,0,0,0,0,0},
{0,0,0,0,0,0,0,0,0,0,0,0,0,0,0,0,0,0,0,0,0,0,0,0,0,0,0,0,0,0,0,0,0,0,0,0,0,0,0,0,0,0,0,0,0,0,0,0,0,0,0,0,0,0,0,0,0,0,0,0,0,0,0,0,0,0,0,0,0,0,0,0,0,0,0,0,0,0,-0.0000242433*J2^5+0.0015984583*J2^4*(J2-J1)^1+0,0.0007412187*J2^5+-0.0029531850*J2^4*(J2-J1)^1+0,0,0,0,0,0,0,0,0,0,0,0,0,0,0,0,0},
{0,0,0,0,0,0,0,0,0,0,0,0,0,0,0,0,0,0,0,0,0,0,0,0,0,0,0,0,0,0,0,0,0,0,0,0,0,0,0,0,0,0,0,0,0,0,0,0,0,0,0,0,0,0,0,0,0,0,0,0,0,0,0,0,0,0,0,0,0,0,0,0,0,0,0,0,0,0,0,0,0,0,0,0,0.0013323150*J2^5+0,-0.0000419906*J2^5+-0.0040975441*J2^4*(J2-J1)^1+0,0,0,0,0,0,0,0.0018841779*J2^5+0,-0.0000593837*J2^5+-0.0067971467*J2^4*(J2-J1)^1+0,0,0},
{0,0,0,0,0,0,0,0,0,0,0,0,0,0,0,0,0,0,0,0,0,0,0,0,0,0,0,0,0,0,0,0,0,0,0,0,0,0,0,0,0,0,0,0,0,0,0,0,0,0,0,0,0,0,0,0,0,0,0,0,0,0,0,0,0,0,0,0,0,0,0,0,0,0,0,0,0,0,0,0,0,0,0,0,-0.0000419906*J2^5+0.0041861397*J2^4*(J2-J1)^1+0,0.0012838284*J2^5+-0.0034782452*J2^4*(J2-J1)^1+0,0,0,0,0,0,0,-0.0000593837*J2^5+0.0049177513*J2^4*(J2-J1)^1+0,0.0018156075*J2^5+-0.0060763889*J2^4*(J2-J1)^1+0,0,0},
{0,0,0,0,0,0,0,0,0,0,0,0,0,0,0,0,0,0,0,0,0,0,0,0,0,0,0,0,0,0,0,0,0,0,0,0,0,0,0,0,0,0,0,0,0,0,0,0,0,0,0,0,0,0,0,0,0,0,0,0,0,0,0,0,0,0,0,0,0,0,0,0,0,0,0,0,0,0,0,0,0,0,0,0,0,0,-0.0004441050*J2^5+0,0.0000139969*J2^5+0.0013658480*J2^4*(J2-J1)^1+0,0,0,0,0,0,0,-0.0006280593*J2^5+0,0.0000197946*J2^5+0.0022657156*J2^4*(J2-J1)^1+0},
{0,0,0,0,0,0,0,0,0,0,0,0,0,0,0,0,0,0,0,0,0,0,0,0,0,0,0,0,0,0,0,0,0,0,0,0,0,0,0,0,0,0,0,0,0,0,0,0,0,0,0,0,0,0,0,0,0,0,0,0,0,0,0,0,0,0,0,0,0,0,0,0,0,0,0,0,0,0,0,0,0,0,0,0,0,0,0.0000139969*J2^5+-0.0013953799*J2^4*(J2-J1)^1+0,-0.0004279428*J2^5+0.0011594151*J2^4*(J2-J1)^1+0,0,0,0,0,0,0,0.0000197946*J2^5+-0.0016392504*J2^4*(J2-J1)^1+0,-0.0006052025*J2^5+0.0020254630*J2^4*(J2-J1)^1+0},
{-0.0001876266*J2^5+0.0011031539*J2^4*(J2-J1)^1+0,0,0,0,0,0,0,0,0.0023193359*J2^5+0,0,0,0,0,0,0,0,0.0001422628*J2^5+0.0012020406*J2^4*(J2-J1)^1+0,0,0,0,0,0,0,0,-0.0004805953*J2^5+0,-0.0007327032*J2^5+0,0,0,0,0,0,0,0,0,0,0,0,0,0,0,0,0,0,0,0,0,0,0,0,0,0,0,0,0,0,0,0.0017055935*J2^5+0,0.0020301386*J2^5+-0.0016914559*J2^4*(J2-J1)^1+0,0,0,0,0,0,0,0,0,0,0,0,0,0,0,0,0,0,0,0,0,0,0,0,0,0,0,0,0,0,0,0,0,0,0,0,0,0,0},
{-0.0012229122*J2^5+0.0015243985*J2^4*(J2-J1)^1+0,0,0,0,0,0,0,0,-0.0000078308*J2^5+-0.0011276372*J2^4*(J2-J1)^1+0,0,0,0,0,0,0,0,-0.0019647909*J2^5+-0.0014249117*J2^4*(J2-J1)^1+0,0,0,0,0,0,0,0,-0.0007327032*J2^5+0,-0.0013266481*J2^5+0,0,0,0,0,0,0,0,0,0,0,0,0,0,0,0,0,0,0,0,0,0,0,0,0,0,0,0,0,0,0,0.0020301386*J2^5+-0.0146592842*J2^4*(J2-J1)^1+0,0.0040497956*J2^5+-0.0035807292*J2^4*(J2-J1)^1+0,0,0,0,0,0,0,0,0,0,0,0,0,0,0,0,0,0,0,0,0,0,0,0,0,0,0,0,0,0,0,0,0,0,0,0,0,0,0},
{0,0.0000625422*J2^5+-0.0003677180*J2^4*(J2-J1)^1+0,0,0,0,0,0,0,0,-0.0007731120*J2^5+0,0,0,0,0,0,0,0,-0.0000474209*J2^5+-0.0004006802*J2^4*(J2-J1)^1+0,0,0,0,0,0,0,0,0,0,0,0,0,0,0,-0.0000630236*J2^5+0,-0.0001273784*J2^5+0,0,0,0,0,0,0,-0.0001516378*J2^5+0,-0.0002090547*J2^5+0,0,0,0,0,0,0,0,0,0,0,0,0,0,0,0,0,-0.0005685312*J2^5+0,-0.0006767129*J2^5+0.0005638186*J2^4*(J2-J1)^1+0,0,0,0,0,0,0,0,0,0,0,0,0,0,0,0,0,0,0,0,0,0,0,0,0,0,0,0,0,0,0,0,0,0,0,0,0},
{0,0.0004076374*J2^5+-0.0005081328*J2^4*(J2-J1)^1+0,0,0,0,0,0,0,0,0.0000026103*J2^5+0.0003758791*J2^4*(J2-J1)^1+0,0,0,0,0,0,0,0,0.0006549303*J2^5+0.0004749706*J2^4*(J2-J1)^1+0,0,0,0,0,0,0,0,0,0,0,0,0,0,0,-0.0001273784*J2^5+0,-0.0002101075*J2^5+0,0,0,0,0,0,0,-0.0002090547*J2^5+0,-0.0003930334*J2^5+0,0,0,0,0,0,0,0,0,0,0,0,0,0,0,0,0,-0.0006767129*J2^5+0.0048864281*J2^4*(J2-J1)^1+0,-0.0013499319*J2^5+0.0011935764*J2^4*(J2-J1)^1+0,0,0,0,0,0,0,0,0,0,0,0,0,0,0,0,0,0,0,0,0,0,0,0,0,0,0,0,0,0,0,0,0,0,0,0,0},
{0,0,-0.0001876266*J2^5+0.0002953800*J2^4*(J2-J1)^1+0,0,0,0,0,0,0,0,0.0023193359*J2^5+0,0,0,0,0,0,0,0,0.0001422628*J2^5+-0.0002983789*J2^4*(J2-J1)^1+0,0,0,0,0,0,0,0,-0.0004805953*J2^5+0,-0.0007327032*J2^5+0,0,0,0,0,0,0,0,0,0,0,0,0,0,0,0,0,0,0,0,0,-0.0009847249*J2^5+0,-0.0011721011*J2^5+0.0039062500*J2^4*(J2-J1)^1+0,0,0,0,0,0,0,0,0,0,0,0,0,0,0,0.0013926113*J2^5+0,0.0016576012*J2^5+0.0006905340*J2^4*(J2-J1)^1+0,0,0,0,0,0,0,0,0,0,0,0,0,0,0,0,0,0,0,0,0,0,0,0,0,0,0,0,0,0,0},
{0,0,-0.0012229122*J2^5+0.0002993111*J2^4*(J2-J1)^1+0,0,0,0,0,0,0,0,-0.0000078308*J2^5+0.0005638186*J2^4*(J2-J1)^1+0,0,0,0,0,0,0,0,-0.0019647909*J2^5+-0.0029507240*J2^4*(J2-J1)^1+0,0,0,0,0,0,0,0,-0.0007327032*J2^5+0,-0.0013266481*J2^5+0,0,0,0,0,0,0,0,0,0,0,0,0,0,0,0,0,0,0,0,0,-0.0011721011*J2^5+0.0113932292*J2^4*(J2-J1)^1+0,-0.0023381506*J2^5+0.0054502467*J2^4*(J2-J1)^1+0,0,0,0,0,0,0,0,0,0,0,0,0,0,0,0.0016576012*J2^5+-0.0098976535*J2^4*(J2-J1)^1+0,0.0033066443*J2^5+-0.0005315733*J2^4*(J2-J1)^1+0,0,0,0,0,0,0,0,0,0,0,0,0,0,0,0,0,0,0,0,0,0,0,0,0,0,0,0,0,0,0},
{0,0,0,0.0000625422*J2^5+-0.0000984600*J2^4*(J2-J1)^1+0,0,0,0,0,0,0,0,-0.0007731120*J2^5+0,0,0,0,0,0,0,0,-0.0000474209*J2^5+0.0000994596*J2^4*(J2-J1)^1+0,0,0,0,0,0,0,0,0,0,0,0,0,0,0,-0.0000630236*J2^5+0,-0.0001273784*J2^5+0,0,0,0,0,0,0,-0.0001516378*J2^5+0,-0.0002090547*J2^5+0,0,0,0,0,0,0,0.0003282416*J2^5+0,0.0003907004*J2^5+-0.0013020833*J2^4*(J2-J1)^1+0,0,0,0,0,0,0,0,0,0,0,0,0,0,0,-0.0004642038*J2^5+0,-0.0005525337*J2^5+-0.0002301780*J2^4*(J2-J1)^1+0,0,0,0,0,0,0,0,0,0,0,0,0,0,0,0,0,0,0,0,0,0,0,0,0,0,0,0,0},
{0,0,0,0.0004076374*J2^5+-0.0000997704*J2^4*(J2-J1)^1+0,0,0,0,0,0,0,0,0.0000026103*J2^5+-0.0001879395*J2^4*(J2-J1)^1+0,0,0,0,0,0,0,0,0.0006549303*J2^5+0.0009835747*J2^4*(J2-J1)^1+0,0,0,0,0,0,0,0,0,0,0,0,0,0,0,-0.0001273784*J2^5+0,-0.0002101075*J2^5+0,0,0,0,0,0,0,-0.0002090547*J2^5+0,-0.0003930334*J2^5+0,0,0,0,0,0,0,0.0003907004*J2^5+-0.0037977431*J2^4*(J2-J1)^1+0,0.0007793835*J2^5+-0.0018167489*J2^4*(J2-J1)^1+0,0,0,0,0,0,0,0,0,0,0,0,0,0,0,-0.0005525337*J2^5+0.0032992178*J2^4*(J2-J1)^1+0,-0.0011022148*J2^5+0.0001771911*J2^4*(J2-J1)^1+0,0,0,0,0,0,0,0,0,0,0,0,0,0,0,0,0,0,0,0,0,0,0,0,0,0,0,0,0},
{0,0,0,0,0.0001083263*J2^5+-0.0011067551*J2^4*(J2-J1)^1+0,0,0,0,0,0,0,0,-0.0013390692*J2^5+0,0,0,0,0,0,0,0,-0.0000821355*J2^5+-0.0009597851*J2^4*(J2-J1)^1+0,0,0,0,0,0,0,0,0.0002774718*J2^5+0,0.0004230264*J2^5+0,0,0,0,0,0,0,0,0,0,0,0,0,0,0,0,0,0,0,0,0,0,0,0,0,0,0,0,0,0,0,-0.0009847249*J2^5+0,-0.0011721011*J2^5+-0.0029296875*J2^4*(J2-J1)^1+0,0,0,0,0,0,0,0,0,0,0,0,0,0,0,0,0,0,0,0,0,0,0,0,0,0,0,0,0,0,0,0,0,0,0},
{0,0,0,0,0.0007060487*J2^5+-0.0010971258*J2^4*(J2-J1)^1+0,0,0,0,0,0,0,0,0.0000045211*J2^5+0.0011393229*J2^4*(J2-J1)^1+0,0,0,0,0,0,0,0,0.0011343725*J2^5+0.0002855912*J2^4*(J2-J1)^1+0,0,0,0,0,0,0,0,0.0004230264*J2^5+0,0.0007659406*J2^5+0,0,0,0,0,0,0,0,0,0,0,0,0,0,0,0,0,0,0,0,0,0,0,0,0,0,0,0,0,0,0,-0.0011721011*J2^5+0.0045572917*J2^4*(J2-J1)^1+0,-0.0023381506*J2^5+-0.0024432140*J2^4*(J2-J1)^1+0,0,0,0,0,0,0,0,0,0,0,0,0,0,0,0,0,0,0,0,0,0,0,0,0,0,0,0,0,0,0,0,0,0,0},
{0,0,0,0,0,-0.0000361088*J2^5+0.0003689184*J2^4*(J2-J1)^1+0,0,0,0,0,0,0,0,0.0004463564*J2^5+0,0,0,0,0,0,0,0,0.0000273785*J2^5+0.0003199284*J2^4*(J2-J1)^1+0,0,0,0,0,0,0,0,0,0,0,0,0,0,0,0.0000363867*J2^5+0,0.0000735420*J2^5+0,0,0,0,0,0,0,0.0000875482*J2^5+0,0.0001206978*J2^5+0,0,0,0,0,0,0,0,0,0,0,0,0,0,0,0,0,0.0003282416*J2^5+0,0.0003907004*J2^5+0.0009765625*J2^4*(J2-J1)^1+0,0,0,0,0,0,0,0,0,0,0,0,0,0,0,0,0,0,0,0,0,0,0,0,0,0,0,0,0,0,0,0,0},
{0,0,0,0,0,-0.0002353496*J2^5+0.0003657086*J2^4*(J2-J1)^1+0,0,0,0,0,0,0,0,-0.0000015070*J2^5+-0.0003797743*J2^4*(J2-J1)^1+0,0,0,0,0,0,0,0,-0.0003781242*J2^5+-0.0000951971*J2^4*(J2-J1)^1+0,0,0,0,0,0,0,0,0,0,0,0,0,0,0,0.0000735420*J2^5+0,0.0001213056*J2^5+0,0,0,0,0,0,0,0.0001206978*J2^5+0,0.0002269179*J2^5+0,0,0,0,0,0,0,0,0,0,0,0,0,0,0,0,0,0.0003907004*J2^5+-0.0015190972*J2^4*(J2-J1)^1+0,0.0007793835*J2^5+0.0008144047*J2^4*(J2-J1)^1+0,0,0,0,0,0,0,0,0,0,0,0,0,0,0,0,0,0,0,0,0,0,0,0,0,0,0,0,0,0,0,0,0},
{0,0,0,0,0,0,0.0001083263*J2^5+-0.0006403866*J2^4*(J2-J1)^1+0,0,0,0,0,0,0,0,-0.0013390692*J2^5+0,0,0,0,0,0,0,0,-0.0000821355*J2^5+-0.0000935175*J2^4*(J2-J1)^1+0,0,0,0,0,0,0,0,0.0002774718*J2^5+0,0.0004230264*J2^5+0,0,0,0,0,0,0,0,0,0,0,0,0,0,0,0,0,0,0,0,0,0.0005685312*J2^5+0,0.0006767129*J2^5+0,0,0,0,0,0,0,0,0,0,0,0,0,0,0,-0.0008040245*J2^5+0,-0.0009570165*J2^5+-0.0035881197*J2^4*(J2-J1)^1+0,0,0,0,0,0,0,0,0,0,0,0,0,0,0,0,0,0,0,0,0,0,0,0,0,0,0},
{0,0,0,0,0,0,0.0007060487*J2^5+-0.0003898212*J2^4*(J2-J1)^1+0,0,0,0,0,0,0,0,0.0000045211*J2^5+0.0001627604*J2^4*(J2-J1)^1+0,0,0,0,0,0,0,0,0.0011343725*J2^5+0.0011665193*J2^4*(J2-J1)^1+0,0,0,0,0,0,0,0,0.0004230264*J2^5+0,0.0007659406*J2^5+0,0,0,0,0,0,0,0,0,0,0,0,0,0,0,0,0,0,0,0,0,0.0006767129*J2^5+-0.0043226094*J2^4*(J2-J1)^1+0,0.0013499319*J2^5+-0.0005425347*J2^4*(J2-J1)^1+0,0,0,0,0,0,0,0,0,0,0,0,0,0,0,-0.0009570165*J2^5+0.0025249732*J2^4*(J2-J1)^1+0,-0.0019090920*J2^5+-0.0033759438*J2^4*(J2-J1)^1+0,0,0,0,0,0,0,0,0,0,0,0,0,0,0,0,0,0,0,0,0,0,0,0,0,0,0},
{0,0,0,0,0,0,0,-0.0000361088*J2^5+0.0002134622*J2^4*(J2-J1)^1+0,0,0,0,0,0,0,0,0.0004463564*J2^5+0,0,0,0,0,0,0,0,0.0000273785*J2^5+0.0000311725*J2^4*(J2-J1)^1+0,0,0,0,0,0,0,0,0,0,0,0,0,0,0,0.0000363867*J2^5+0,0.0000735420*J2^5+0,0,0,0,0,0,0,0.0000875482*J2^5+0,0.0001206978*J2^5+0,0,0,0,0,0,0,-0.0001895104*J2^5+0,-0.0002255710*J2^5+0,0,0,0,0,0,0,0,0,0,0,0,0,0,0,0.0002680082*J2^5+0,0.0003190055*J2^5+0.0011960399*J2^4*(J2-J1)^1+0,0,0,0,0,0,0,0,0,0,0,0,0,0,0,0,0,0,0,0,0,0,0,0,0},
{0,0,0,0,0,0,0,-0.0002353496*J2^5+0.0001299404*J2^4*(J2-J1)^1+0,0,0,0,0,0,0,0,-0.0000015070*J2^5+-0.0000542535*J2^4*(J2-J1)^1+0,0,0,0,0,0,0,0,-0.0003781242*J2^5+-0.0003888398*J2^4*(J2-J1)^1+0,0,0,0,0,0,0,0,0,0,0,0,0,0,0,0.0000735420*J2^5+0,0.0001213056*J2^5+0,0,0,0,0,0,0,0.0001206978*J2^5+0,0.0002269179*J2^5+0,0,0,0,0,0,0,-0.0002255710*J2^5+0.0014408698*J2^4*(J2-J1)^1+0,-0.0004499773*J2^5+0.0001808449*J2^4*(J2-J1)^1+0,0,0,0,0,0,0,0,0,0,0,0,0,0,0,0.0003190055*J2^5+-0.0008416577*J2^4*(J2-J1)^1+0,0.0006363640*J2^5+0.0011253146*J2^4*(J2-J1)^1+0,0,0,0,0,0,0,0,0,0,0,0,0,0,0,0,0,0,0,0,0,0,0,0,0},
{0,0,0,0,0.0001531965*J2^5+-0.0012329547*J2^4*(J2-J1)^1+0,0,0,0,0,0,0,0,-0.0018937299*J2^5+0,0,0,0,0,0,0,0,-0.0001161571*J2^5+-0.0011694016*J2^4*(J2-J1)^1+0,0,0,0,0,0,0,0,0.0003924045*J2^5+0,0.0005982496*J2^5+0,0,0,0,0,0,0,0,0,0,0,0,0,0,0,0,0,0,0,0,0,0,0,0,0,0,0,0,0,0,0,-0.0013926113*J2^5+0,-0.0016576012*J2^5+-0.0013810679*J2^4*(J2-J1)^1+0,0,0,0,0,0,0,0,0,0,0,0,0,0,0,0,0,0,0,0,0,0,0,0,0,0,0,0,0,0,0,0,0,0,0},
{0,0,0,0,0.0009985036*J2^5+-0.0013981182*J2^4*(J2-J1)^1+0,0,0,0,0,0,0,0,0.0000063938*J2^5+0.0012659789*J2^4*(J2-J1)^1+0,0,0,0,0,0,0,0,0.0016042450*J2^5+0.0007836613*J2^4*(J2-J1)^1+0,0,0,0,0,0,0,0,0.0005982496*J2^5+0,0.0010832036*J2^5+0,0,0,0,0,0,0,0,0,0,0,0,0,0,0,0,0,0,0,0,0,0,0,0,0,0,0,0,0,0,0,-0.0016576012*J2^5+0.0092071195*J2^4*(J2-J1)^1+0,-0.0033066443*J2^5+-0.0002657866*J2^4*(J2-J1)^1+0,0,0,0,0,0,0,0,0,0,0,0,0,0,0,0,0,0,0,0,0,0,0,0,0,0,0,0,0,0,0,0,0,0,0},
{0,0,0,0,0,-0.0000510655*J2^5+0.0004109849*J2^4*(J2-J1)^1+0,0,0,0,0,0,0,0,0.0006312433*J2^5+0,0,0,0,0,0,0,0,0.0000387190*J2^5+0.0003898005*J2^4*(J2-J1)^1+0,0,0,0,0,0,0,0,0,0,0,0,0,0,0,0.0000514585*J2^5+0,0.0001040041*J2^5+0,0,0,0,0,0,0,0.0001238118*J2^5+0,0.0001706924*J2^5+0,0,0,0,0,0,0,0,0,0,0,0,0,0,0,0,0,0.0004642038*J2^5+0,0.0005525337*J2^5+0.0004603560*J2^4*(J2-J1)^1+0,0,0,0,0,0,0,0,0,0,0,0,0,0,0,0,0,0,0,0,0,0,0,0,0,0,0,0,0,0,0,0,0},
{0,0,0,0,0,-0.0003328345*J2^5+0.0004660394*J2^4*(J2-J1)^1+0,0,0,0,0,0,0,0,-0.0000021313*J2^5+-0.0004219930*J2^4*(J2-J1)^1+0,0,0,0,0,0,0,0,-0.0005347483*J2^5+-0.0002612204*J2^4*(J2-J1)^1+0,0,0,0,0,0,0,0,0,0,0,0,0,0,0,0.0001040041*J2^5+0,0.0001715521*J2^5+0,0,0,0,0,0,0,0.0001706924*J2^5+0,0.0003209104*J2^5+0,0,0,0,0,0,0,0,0,0,0,0,0,0,0,0,0,0.0005525337*J2^5+-0.0030690398*J2^4*(J2-J1)^1+0,0.0011022148*J2^5+0.0000885955*J2^4*(J2-J1)^1+0,0,0,0,0,0,0,0,0,0,0,0,0,0,0,0,0,0,0,0,0,0,0,0,0,0,0,0,0,0,0,0,0},
{0,0,0,0,0,0,0.0001531965*J2^5+-0.0005734101*J2^4*(J2-J1)^1+0,0,0,0,0,0,0,0,-0.0018937299*J2^5+0,0,0,0,0,0,0,0,-0.0001161571*J2^5+0.0000556858*J2^4*(J2-J1)^1+0,0,0,0,0,0,0,0,0.0003924045*J2^5+0,0.0005982496*J2^5+0,0,0,0,0,0,0,0,0,0,0,0,0,0,0,0,0,0,0,0,0,0.0008040245*J2^5+0,0.0009570165*J2^5+-0.0015947199*J2^4*(J2-J1)^1+0,0,0,0,0,0,0,0,0,0,0,0,0,0,0,-0.0011370624*J2^5+0,-0.0013534257*J2^5+-0.0028190931*J2^4*(J2-J1)^1+0,0,0,0,0,0,0,0,0,0,0,0,0,0,0,0,0,0,0,0,0,0,0,0,0,0,0},
{0,0,0,0,0,0,0.0009985036*J2^5+-0.0003978385*J2^4*(J2-J1)^1+0,0,0,0,0,0,0,0,0.0000063938*J2^5+-0.0001150890*J2^4*(J2-J1)^1+0,0,0,0,0,0,0,0,0.0016042450*J2^5+0.0020294817*J2^4*(J2-J1)^1+0,0,0,0,0,0,0,0,0.0005982496*J2^5+0,0.0010832036*J2^5+0,0,0,0,0,0,0,0,0,0,0,0,0,0,0,0,0,0,0,0,0,0.0009570165*J2^5+-0.0077078128*J2^4*(J2-J1)^1+0,0.0019090920*J2^5+-0.0026086839*J2^4*(J2-J1)^1+0,0,0,0,0,0,0,0,0,0,0,0,0,0,0,-0.0013534257*J2^5+0.0058261258*J2^4*(J2-J1)^1+0,-0.0026998638*J2^5+-0.0021701389*J2^4*(J2-J1)^1+0,0,0,0,0,0,0,0,0,0,0,0,0,0,0,0,0,0,0,0,0,0,0,0,0,0,0},
{0,0,0,0,0,0,0,-0.0000510655*J2^5+0.0001911367*J2^4*(J2-J1)^1+0,0,0,0,0,0,0,0,0.0006312433*J2^5+0,0,0,0,0,0,0,0,0.0000387190*J2^5+-0.0000185619*J2^4*(J2-J1)^1+0,0,0,0,0,0,0,0,0,0,0,0,0,0,0,0.0000514585*J2^5+0,0.0001040041*J2^5+0,0,0,0,0,0,0,0.0001238118*J2^5+0,0.0001706924*J2^5+0,0,0,0,0,0,0,-0.0002680082*J2^5+0,-0.0003190055*J2^5+0.0005315733*J2^4*(J2-J1)^1+0,0,0,0,0,0,0,0,0,0,0,0,0,0,0,0.0003790208*J2^5+0,0.0004511419*J2^5+0.0009396977*J2^4*(J2-J1)^1+0,0,0,0,0,0,0,0,0,0,0,0,0,0,0,0,0,0,0,0,0,0,0,0,0},
{0,0,0,0,0,0,0,-0.0003328345*J2^5+0.0001326128*J2^4*(J2-J1)^1+0,0,0,0,0,0,0,0,-0.0000021313*J2^5+0.0000383630*J2^4*(J2-J1)^1+0,0,0,0,0,0,0,0,-0.0005347483*J2^5+-0.0006764939*J2^4*(J2-J1)^1+0,0,0,0,0,0,0,0,0,0,0,0,0,0,0,0.0001040041*J2^5+0,0.0001715521*J2^5+0,0,0,0,0,0,0,0.0001706924*J2^5+0,0.0003209104*J2^5+0,0,0,0,0,0,0,-0.0003190055*J2^5+0.0025692709*J2^4*(J2-J1)^1+0,-0.0006363640*J2^5+0.0008695613*J2^4*(J2-J1)^1+0,0,0,0,0,0,0,0,0,0,0,0,0,0,0,0.0004511419*J2^5+-0.0019420419*J2^4*(J2-J1)^1+0,0.0008999546*J2^5+0.0007233796*J2^4*(J2-J1)^1+0,0,0,0,0,0,0,0,0,0,0,0,0,0,0,0,0,0,0,0,0,0,0,0,0}
}