96
{{0,0,0,0,0,0,0,0,0,0,0,0,0,0,0,0,0,0,0,0,0,0,0,0,0,0,0,0,0,0,0,0,0,0,0,0,0,0,0,0,0,0,0,0,0,0,0,0,0,0,0,0,0,0,0,0,0.0066113465*J1^1*J2^4+0,-0.0064475879*J1^2*J2^3+-0.0146971573*J1^1*J2^4+-0.0095016054*J2^5+0,-0.0007633352*J1^2*J2^3+0.0020538727*J1^1*J2^4+0.0025265252*J2^5+0,-0.0080855535*J1^2*J2^3+-0.0087116871*J1^1*J2^4+-0.0008964382*J2^5+0,0,0,0,0,0,0,0,0,0,0,0,0,0,0,0,0,0,0,0,0,0,0,0,0,0,0,0,0,0,0,0,0,0,0,0,0},
{0,0,0,0,0,0,0,0,0,0,0,0,0,0,0,0,0,0,0,0,0,0,0,0,0,0,0,0,0,0,0,0,0,0,0,0,0,0,0,0,0,0,0,0,0,0,0,0,0,0,0,0,0,0,0,0,0.0025265252*J1^2*J2^3+0.0020538727*J1^1*J2^4+-0.0007633352*J2^5+0,-0.0026596760*J1^2*J2^3+-0.0087116871*J1^1*J2^4+-0.0063223156*J2^5+0,-0.0010179782*J1^2*J2^3+0.0042397386*J1^1*J2^4+-0.0010179782*J2^5+0,-0.0043158501*J1^2*J2^3+-0.0046377675*J1^1*J2^4+-0.0012618326*J2^5+0,0,0,0,0,0,0,0,0,0,0,0,0,0,0,0,0,0,0,0,0,0,0,0,0,0,0,0,0,0,0,0,0,0,0,0,0},
{0,0,0,0,0,0,0,0,0,0,0,0,0,0,0,0,0,0,0,0,0,0,0,0,0,0,0,0,0,0,0,0,0,0,0,0,0,0,0,0,0,0,0,0,0,0,0,0,-0.0038170627*J1^1*J2^4+0,0.0037225166*J1^2*J2^3+0.0084854077*J1^1*J2^4+0.0054857544*J2^5+0,0.0004407118*J1^2*J2^3+-0.0011858040*J1^1*J2^4+-0.0014586900*J2^5+0,0.0046681965*J1^2*J2^3+0.0050296949*J1^1*J2^4+0.0005175588*J2^5+0,0,0,0,0,0,0,0,0,0,0,0,0,0.0053981418*J1^1*J2^4+0,-0.0052644335*J1^2*J2^3+-0.0120001787*J1^1*J2^4+-0.0077580283*J2^5+0,-0.0006232606*J1^2*J2^3+0.0016769800*J1^1*J2^4+0.0020628992*J2^5+0,-0.0066018268*J1^2*J2^3+-0.0071130627*J1^1*J2^4+-0.0007319387*J2^5+0,0,0,0,0,0,0,0,0,0,0,0,0,0,0,0,0,0,0,0,0,0,0,0,0,0,0,0,0},
{0,0,0,0,0,0,0,0,0,0,0,0,0,0,0,0,0,0,0,0,0,0,0,0,0,0,0,0,0,0,0,0,0,0,0,0,0,0,0,0,0,0,0,0,0,0,0,0,-0.0014586900*J1^2*J2^3+-0.0011858040*J1^1*J2^4+0.0004407118*J2^5+0,0.0015355647*J1^2*J2^3+0.0050296949*J1^1*J2^4+0.0036501906*J2^5+0,0.0005877300*J1^2*J2^3+-0.0024478142*J1^1*J2^4+0.0005877300*J2^5+0,0.0024917572*J1^2*J2^3+0.0026776163*J1^1*J2^4+0.0007285194*J2^5+0,0,0,0,0,0,0,0,0,0,0,0,0,0.0020628992*J1^2*J2^3+0.0016769800*J1^1*J2^4+-0.0006232606*J2^5+0,-0.0021716164*J1^2*J2^3+-0.0071130627*J1^1*J2^4+-0.0051621491*J2^5+0,-0.0008311757*J1^2*J2^3+0.0034617321*J1^1*J2^4+-0.0008311757*J2^5+0,-0.0035238769*J1^2*J2^3+-0.0037867213*J1^1*J2^4+-0.0010302820*J2^5+0,0,0,0,0,0,0,0,0,0,0,0,0,0,0,0,0,0,0,0,0,0,0,0,0,0,0,0,0},
{0,0,0,0,0,0,0,0,0,0,0,0,0,0,0,0,0,0,0,0,0,0,0,0,0,0,0,0,0,0,0,0,0,0,0,0,0,0,0,0,0,0,0,0,0,0,0,0,0,0,0,0,0,0,0,0,0,0,0,0,0.0066113465*J1^1*J2^4+0,-0.0064475879*J1^2*J2^3+-0.0146971573*J1^1*J2^4+-0.0095016054*J2^5+0,-0.0007633352*J1^2*J2^3+0.0020538727*J1^1*J2^4+0.0025265252*J2^5+0,-0.0080855535*J1^2*J2^3+-0.0087116871*J1^1*J2^4+-0.0008964382*J2^5+0,0,0,0,0,0,0,0,0,0,0,0,0,0,0,0,0,0,0,0,0,0,0,0,0,0,0,0,0,0,0,0,0},
{0,0,0,0,0,0,0,0,0,0,0,0,0,0,0,0,0,0,0,0,0,0,0,0,0,0,0,0,0,0,0,0,0,0,0,0,0,0,0,0,0,0,0,0,0,0,0,0,0,0,0,0,0,0,0,0,0,0,0,0,0.0025265252*J1^2*J2^3+0.0020538727*J1^1*J2^4+-0.0007633352*J2^5+0,-0.0026596760*J1^2*J2^3+-0.0087116871*J1^1*J2^4+-0.0063223156*J2^5+0,-0.0010179782*J1^2*J2^3+0.0042397386*J1^1*J2^4+-0.0010179782*J2^5+0,-0.0043158501*J1^2*J2^3+-0.0046377675*J1^1*J2^4+-0.0012618326*J2^5+0,0,0,0,0,0,0,0,0,0,0,0,0,0,0,0,0,0,0,0,0,0,0,0,0,0,0,0,0,0,0,0,0},
{0,0,0,0,0,0,0,0,0,0,0,0,0,0,0,0,0,0,0,0,0,0,0,0,0,0,0,0,0,0,0,0,0,0,0,0,0,0,0,0,0,0,0,0,0,0,0,0,0,0,0,0,-0.0038170627*J1^1*J2^4+0,0.0037225166*J1^2*J2^3+0.0084854077*J1^1*J2^4+0.0054857544*J2^5+0,0.0004407118*J1^2*J2^3+-0.0011858040*J1^1*J2^4+-0.0014586900*J2^5+0,0.0046681965*J1^2*J2^3+0.0050296949*J1^1*J2^4+0.0005175588*J2^5+0,0,0,0,0,0,0,0,0,0,0,0,0,0.0053981418*J1^1*J2^4+0,-0.0052644335*J1^2*J2^3+-0.0120001787*J1^1*J2^4+-0.0077580283*J2^5+0,-0.0006232606*J1^2*J2^3+0.0016769800*J1^1*J2^4+0.0020628992*J2^5+0,-0.0066018268*J1^2*J2^3+-0.0071130627*J1^1*J2^4+-0.0007319387*J2^5+0,0,0,0,0,0,0,0,0,0,0,0,0,0,0,0,0,0,0,0,0,0,0,0,0},
{0,0,0,0,0,0,0,0,0,0,0,0,0,0,0,0,0,0,0,0,0,0,0,0,0,0,0,0,0,0,0,0,0,0,0,0,0,0,0,0,0,0,0,0,0,0,0,0,0,0,0,0,-0.0014586900*J1^2*J2^3+-0.0011858040*J1^1*J2^4+0.0004407118*J2^5+0,0.0015355647*J1^2*J2^3+0.0050296949*J1^1*J2^4+0.0036501906*J2^5+0,0.0005877300*J1^2*J2^3+-0.0024478142*J1^1*J2^4+0.0005877300*J2^5+0,0.0024917572*J1^2*J2^3+0.0026776163*J1^1*J2^4+0.0007285194*J2^5+0,0,0,0,0,0,0,0,0,0,0,0,0,0.0020628992*J1^2*J2^3+0.0016769800*J1^1*J2^4+-0.0006232606*J2^5+0,-0.0021716164*J1^2*J2^3+-0.0071130627*J1^1*J2^4+-0.0051621491*J2^5+0,-0.0008311757*J1^2*J2^3+0.0034617321*J1^1*J2^4+-0.0008311757*J2^5+0,-0.0035238769*J1^2*J2^3+-0.0037867213*J1^1*J2^4+-0.0010302820*J2^5+0,0,0,0,0,0,0,0,0,0,0,0,0,0,0,0,0,0,0,0,0,0,0,0,0},
{0,0,0,0,0,0,0,0,0,0,0,0,0,0,0,0,0,0,0,0,0,0,0,0,0,0,0,0,0,0,0,0,0,0,0,0,0,0,0,0,0,0,0,0,0,0,0,0,0,0,0,0,0,0,0,0,0.0073038737*J1^2*J2^3+0.0154426899*J2^5+0,-0.0022306944*J1^2*J2^3+-0.0185142200*J1^1*J2^4+-0.0005857642*J2^5+0,0.0061443614*J1^2*J2^3+0.0055429597*J1^1*J2^4+0.0014454136*J2^5+0,-0.0040973930*J1^2*J2^3+-0.0066972618*J1^1*J2^4+-0.0015206182*J2^5+0,0,0,0,0,0,0,0,0,0,0,0,0,0,0,0,0,0,0,0,0,0,0,0,0,0,0,0,0,0,0,0,0,0,0,0,0},
{0,0,0,0,0,0,0,0,0,0,0,0,0,0,0,0,0,0,0,0,0,0,0,0,0,0,0,0,0,0,0,0,0,0,0,0,0,0,0,0,0,0,0,0,0,0,0,0,0,0,0,0,0,0,0,0,0.0061443614*J1^2*J2^3+0.0055429597*J1^1*J2^4+0.0014454136*J2^5+0,-0.0005709173*J1^2*J2^3+-0.0066972618*J1^1*J2^4+-0.0050470939*J2^5+0,0.0110607313*J1^2*J2^3+-0.0064004585*J1^1*J2^4+0.0029219151*J2^5+0,0.0026577961*J1^2*J2^3+-0.0107808882*J1^1*J2^4+0.0010128659*J2^5+0,0,0,0,0,0,0,0,0,0,0,0,0,0,0,0,0,0,0,0,0,0,0,0,0,0,0,0,0,0,0,0,0,0,0,0,0},
{0,0,0,0,0,0,0,0,0,0,0,0,0,0,0,0,0,0,0,0,0,0,0,0,0,0,0,0,0,0,0,0,0,0,0,0,0,0,0,0,0,0,0,0,0,0,0,0,-0.0042168934*J1^2*J2^3+-0.0089158412*J2^5+0,0.0012878920*J1^2*J2^3+0.0106891899*J1^1*J2^4+0.0003381911*J2^5+0,-0.0035474487*J1^2*J2^3+-0.0032002292*J1^1*J2^4+-0.0008345099*J2^5+0,0.0023656310*J1^2*J2^3+0.0038666659*J1^1*J2^4+0.0008779293*J2^5+0,0,0,0,0,0,0,0,0,0,0,0,0,0.0059635879*J1^2*J2^3+0.0126089035*J2^5+0,-0.0018213544*J1^2*J2^3+-0.0151167973*J1^1*J2^4+-0.0004782745*J2^5+0,0.0050168500*J1^2*J2^3+0.0045258076*J1^1*J2^4+0.0011801753*J2^5+0,-0.0033455074*J1^2*J2^3+-0.0054682914*J1^1*J2^4+-0.0012415796*J2^5+0,0,0,0,0,0,0,0,0,0,0,0,0,0,0,0,0,0,0,0,0,0,0,0,0,0,0,0,0},
{0,0,0,0,0,0,0,0,0,0,0,0,0,0,0,0,0,0,0,0,0,0,0,0,0,0,0,0,0,0,0,0,0,0,0,0,0,0,0,0,0,0,0,0,0,0,0,0,-0.0035474487*J1^2*J2^3+-0.0032002292*J1^1*J2^4+-0.0008345099*J2^5+0,0.0003296193*J1^2*J2^3+0.0038666659*J1^1*J2^4+0.0029139410*J2^5+0,-0.0063859162*J1^2*J2^3+0.0036953064*J1^1*J2^4+-0.0016869685*J2^5+0,-0.0015344793*J1^2*J2^3+0.0062243487*J1^1*J2^4+-0.0005847784*J2^5+0,0,0,0,0,0,0,0,0,0,0,0,0,0.0050168500*J1^2*J2^3+0.0045258076*J1^1*J2^4+0.0011801753*J2^5+0,-0.0004661520*J1^2*J2^3+-0.0054682914*J1^1*J2^4+-0.0041209349*J2^5+0,0.0090310493*J1^2*J2^3+-0.0052259525*J1^1*J2^4+0.0023857337*J2^5+0,0.0021700814*J1^2*J2^3+-0.0088025583*J1^1*J2^4+0.0008270015*J2^5+0,0,0,0,0,0,0,0,0,0,0,0,0,0,0,0,0,0,0,0,0,0,0,0,0,0,0,0,0},
{0,0,0,0,0,0,0,0,0,0,0,0,0,0,0,0,0,0,0,0,0,0,0,0,0,0,0,0,0,0,0,0,0,0,0,0,0,0,0,0,0,0,0,0,0,0,0,0,0,0,0,0,0,0,0,0,0,0,0,0,0.0073038737*J1^2*J2^3+0.0154426899*J2^5+0,-0.0022306944*J1^2*J2^3+-0.0185142200*J1^1*J2^4+-0.0005857642*J2^5+0,0.0061443614*J1^2*J2^3+0.0055429597*J1^1*J2^4+0.0014454136*J2^5+0,-0.0040973930*J1^2*J2^3+-0.0066972618*J1^1*J2^4+-0.0015206182*J2^5+0,0,0,0,0,0,0,0,0,0,0,0,0,0,0,0,0,0,0,0,0,0,0,0,0,0,0,0,0,0,0,0,0},
{0,0,0,0,0,0,0,0,0,0,0,0,0,0,0,0,0,0,0,0,0,0,0,0,0,0,0,0,0,0,0,0,0,0,0,0,0,0,0,0,0,0,0,0,0,0,0,0,0,0,0,0,0,0,0,0,0,0,0,0,0.0061443614*J1^2*J2^3+0.0055429597*J1^1*J2^4+0.0014454136*J2^5+0,-0.0005709173*J1^2*J2^3+-0.0066972618*J1^1*J2^4+-0.0050470939*J2^5+0,0.0110607313*J1^2*J2^3+-0.0064004585*J1^1*J2^4+0.0029219151*J2^5+0,0.0026577961*J1^2*J2^3+-0.0107808882*J1^1*J2^4+0.0010128659*J2^5+0,0,0,0,0,0,0,0,0,0,0,0,0,0,0,0,0,0,0,0,0,0,0,0,0,0,0,0,0,0,0,0,0},
{0,0,0,0,0,0,0,0,0,0,0,0,0,0,0,0,0,0,0,0,0,0,0,0,0,0,0,0,0,0,0,0,0,0,0,0,0,0,0,0,0,0,0,0,0,0,0,0,0,0,0,0,-0.0042168934*J1^2*J2^3+-0.0089158412*J2^5+0,0.0012878920*J1^2*J2^3+0.0106891899*J1^1*J2^4+0.0003381911*J2^5+0,-0.0035474487*J1^2*J2^3+-0.0032002292*J1^1*J2^4+-0.0008345099*J2^5+0,0.0023656310*J1^2*J2^3+0.0038666659*J1^1*J2^4+0.0008779293*J2^5+0,0,0,0,0,0,0,0,0,0,0,0,0,0.0059635879*J1^2*J2^3+0.0126089035*J2^5+0,-0.0018213544*J1^2*J2^3+-0.0151167973*J1^1*J2^4+-0.0004782745*J2^5+0,0.0050168500*J1^2*J2^3+0.0045258076*J1^1*J2^4+0.0011801753*J2^5+0,-0.0033455074*J1^2*J2^3+-0.0054682914*J1^1*J2^4+-0.0012415796*J2^5+0,0,0,0,0,0,0,0,0,0,0,0,0,0,0,0,0,0,0,0,0,0,0,0,0},
{0,0,0,0,0,0,0,0,0,0,0,0,0,0,0,0,0,0,0,0,0,0,0,0,0,0,0,0,0,0,0,0,0,0,0,0,0,0,0,0,0,0,0,0,0,0,0,0,0,0,0,0,-0.0035474487*J1^2*J2^3+-0.0032002292*J1^1*J2^4+-0.0008345099*J2^5+0,0.0003296193*J1^2*J2^3+0.0038666659*J1^1*J2^4+0.0029139410*J2^5+0,-0.0063859162*J1^2*J2^3+0.0036953064*J1^1*J2^4+-0.0016869685*J2^5+0,-0.0015344793*J1^2*J2^3+0.0062243487*J1^1*J2^4+-0.0005847784*J2^5+0,0,0,0,0,0,0,0,0,0,0,0,0,0.0050168500*J1^2*J2^3+0.0045258076*J1^1*J2^4+0.0011801753*J2^5+0,-0.0004661520*J1^2*J2^3+-0.0054682914*J1^1*J2^4+-0.0041209349*J2^5+0,0.0090310493*J1^2*J2^3+-0.0052259525*J1^1*J2^4+0.0023857337*J2^5+0,0.0021700814*J1^2*J2^3+-0.0088025583*J1^1*J2^4+0.0008270015*J2^5+0,0,0,0,0,0,0,0,0,0,0,0,0,0,0,0,0,0,0,0,0,0,0,0,0},
{0,0,0,0,0,0,0,0,0,0,0,0,0,0,0,0,0,0,0,0,0,0,0,0,0,0,0,0,0,0,0,0,0,0,0,0,0,0,0,0,0,0,0,0,0,0,0,0,0,0,0,0,0,0,0,0,0.0027320316*J1^2*J2^3+0.0180002680*J1^1*J2^4+0.0007174117*J2^5+0,-0.0075409271*J1^2*J2^3+-0.0157906014*J1^1*J2^4+-0.0130231014*J2^5+0,0.0055580206*J1^2*J2^3+0.0067501298*J1^1*J2^4+0.0000758463*J2^5+0,-0.0076025141*J1^2*J2^3+-0.0100999769*J1^1*J2^4+-0.0032868643*J2^5+0,0,0,0,0,0,0,0,0,0,0,0,0,0,0,0,0,0,0,0,0,0,0,0,0,0,0,0,0,0,0,0,0,0,0,0,0},
{0,0,0,0,0,0,0,0,0,0,0,0,0,0,0,0,0,0,0,0,0,0,0,0,0,0,0,0,0,0,0,0,0,0,0,0,0,0,0,0,0,0,0,0,0,0,0,0,0,0,0,0,0,0,0,0,-0.0010872950*J1^2*J2^3+0.0067501298*J1^1*J2^4+0.0067211619*J2^5+0,-0.0064519991*J1^2*J2^3+-0.0100999769*J1^1*J2^4+-0.0044373793*J2^5+0,-0.0025353028*J1^2*J2^3+0.0102058895*J1^1*J2^4+-0.0005206830*J2^5+0,-0.0067361158*J1^2*J2^3+-0.0041281527*J1^1*J2^4+-0.0012539415*J2^5+0,0,0,0,0,0,0,0,0,0,0,0,0,0,0,0,0,0,0,0,0,0,0,0,0,0,0,0,0,0,0,0,0,0,0,0,0},
{0,0,0,0,0,0,0,0,0,0,0,0,0,0,0,0,0,0,0,0,0,0,0,0,0,0,0,0,0,0,0,0,0,0,0,0,0,0,0,0,0,0,0,0,0,0,0,0,-0.0015773392*J1^2*J2^3+-0.0103924596*J1^1*J2^4+-0.0004141979*J2^5+0,0.0043537563*J1^2*J2^3+0.0091167080*J1^1*J2^4+0.0075188911*J2^5+0,-0.0032089247*J1^2*J2^3+-0.0038971892*J1^1*J2^4+-0.0000437899*J2^5+0,0.0043893136*J1^2*J2^3+0.0058312244*J1^1*J2^4+0.0018976720*J2^5+0,0,0,0,0,0,0,0,0,0,0,0,0,0.0022306944*J1^2*J2^3+0.0146971573*J1^1*J2^4+0.0005857642*J2^5+0,-0.0061571412*J1^2*J2^3+-0.0128929721*J1^1*J2^4+-0.0106333177*J2^5+0,0.0045381048*J1^2*J2^3+0.0055114579*J1^1*J2^4+0.0000619282*J2^5+0,-0.0062074268*J1^2*J2^3+-0.0082465966*J1^1*J2^4+-0.0026837135*J2^5+0,0,0,0,0,0,0,0,0,0,0,0,0,0,0,0,0,0,0,0,0,0,0,0,0,0,0,0,0},
{0,0,0,0,0,0,0,0,0,0,0,0,0,0,0,0,0,0,0,0,0,0,0,0,0,0,0,0,0,0,0,0,0,0,0,0,0,0,0,0,0,0,0,0,0,0,0,0,0.0006277501*J1^2*J2^3+-0.0038971892*J1^1*J2^4+-0.0038804646*J2^5+0,0.0037250634*J1^2*J2^3+0.0058312244*J1^1*J2^4+0.0025619221*J2^5+0,0.0014637578*J1^2*J2^3+-0.0058923731*J1^1*J2^4+0.0003006165*J2^5+0,0.0038890983*J1^2*J2^3+0.0023833901*J1^1*J2^4+0.0007239635*J2^5+0,0,0,0,0,0,0,0,0,0,0,0,0,-0.0008877727*J1^2*J2^3+0.0055114579*J1^1*J2^4+0.0054878057*J2^5+0,-0.0052680352*J1^2*J2^3+-0.0082465966*J1^1*J2^4+-0.0036231050*J2^5+0,-0.0020700661*J1^2*J2^3+0.0083330739*J1^1*J2^4+-0.0004251359*J2^5+0,-0.0055000155*J1^2*J2^3+-0.0033706225*J1^1*J2^4+-0.0010238389*J2^5+0,0,0,0,0,0,0,0,0,0,0,0,0,0,0,0,0,0,0,0,0,0,0,0,0,0,0,0,0},
{0,0,0,0,0,0,0,0,0,0,0,0,0,0,0,0,0,0,0,0,0,0,0,0,0,0,0,0,0,0,0,0,0,0,0,0,0,0,0,0,0,0,0,0,0,0,0,0,0,0,0,0,0,0,0,0,0,0,0,0,0.0027320316*J1^2*J2^3+0.0180002680*J1^1*J2^4+0.0007174117*J2^5+0,-0.0075409271*J1^2*J2^3+-0.0157906014*J1^1*J2^4+-0.0130231014*J2^5+0,0.0055580206*J1^2*J2^3+0.0067501298*J1^1*J2^4+0.0000758463*J2^5+0,-0.0076025141*J1^2*J2^3+-0.0100999769*J1^1*J2^4+-0.0032868643*J2^5+0,0,0,0,0,0,0,0,0,0,0,0,0,0,0,0,0,0,0,0,0,0,0,0,0,0,0,0,0,0,0,0,0},
{0,0,0,0,0,0,0,0,0,0,0,0,0,0,0,0,0,0,0,0,0,0,0,0,0,0,0,0,0,0,0,0,0,0,0,0,0,0,0,0,0,0,0,0,0,0,0,0,0,0,0,0,0,0,0,0,0,0,0,0,-0.0010872950*J1^2*J2^3+0.0067501298*J1^1*J2^4+0.0067211619*J2^5+0,-0.0064519991*J1^2*J2^3+-0.0100999769*J1^1*J2^4+-0.0044373793*J2^5+0,-0.0025353028*J1^2*J2^3+0.0102058895*J1^1*J2^4+-0.0005206830*J2^5+0,-0.0067361158*J1^2*J2^3+-0.0041281527*J1^1*J2^4+-0.0012539415*J2^5+0,0,0,0,0,0,0,0,0,0,0,0,0,0,0,0,0,0,0,0,0,0,0,0,0,0,0,0,0,0,0,0,0},
{0,0,0,0,0,0,0,0,0,0,0,0,0,0,0,0,0,0,0,0,0,0,0,0,0,0,0,0,0,0,0,0,0,0,0,0,0,0,0,0,0,0,0,0,0,0,0,0,0,0,0,0,-0.0015773392*J1^2*J2^3+-0.0103924596*J1^1*J2^4+-0.0004141979*J2^5+0,0.0043537563*J1^2*J2^3+0.0091167080*J1^1*J2^4+0.0075188911*J2^5+0,-0.0032089247*J1^2*J2^3+-0.0038971892*J1^1*J2^4+-0.0000437899*J2^5+0,0.0043893136*J1^2*J2^3+0.0058312244*J1^1*J2^4+0.0018976720*J2^5+0,0,0,0,0,0,0,0,0,0,0,0,0,0.0022306944*J1^2*J2^3+0.0146971573*J1^1*J2^4+0.0005857642*J2^5+0,-0.0061571412*J1^2*J2^3+-0.0128929721*J1^1*J2^4+-0.0106333177*J2^5+0,0.0045381048*J1^2*J2^3+0.0055114579*J1^1*J2^4+0.0000619282*J2^5+0,-0.0062074268*J1^2*J2^3+-0.0082465966*J1^1*J2^4+-0.0026837135*J2^5+0,0,0,0,0,0,0,0,0,0,0,0,0,0,0,0,0,0,0,0,0,0,0,0,0},
{0,0,0,0,0,0,0,0,0,0,0,0,0,0,0,0,0,0,0,0,0,0,0,0,0,0,0,0,0,0,0,0,0,0,0,0,0,0,0,0,0,0,0,0,0,0,0,0,0,0,0,0,0.0006277501*J1^2*J2^3+-0.0038971892*J1^1*J2^4+-0.0038804646*J2^5+0,0.0037250634*J1^2*J2^3+0.0058312244*J1^1*J2^4+0.0025619221*J2^5+0,0.0014637578*J1^2*J2^3+-0.0058923731*J1^1*J2^4+0.0003006165*J2^5+0,0.0038890983*J1^2*J2^3+0.0023833901*J1^1*J2^4+0.0007239635*J2^5+0,0,0,0,0,0,0,0,0,0,0,0,0,-0.0008877727*J1^2*J2^3+0.0055114579*J1^1*J2^4+0.0054878057*J2^5+0,-0.0052680352*J1^2*J2^3+-0.0082465966*J1^1*J2^4+-0.0036231050*J2^5+0,-0.0020700661*J1^2*J2^3+0.0083330739*J1^1*J2^4+-0.0004251359*J2^5+0,-0.0055000155*J1^2*J2^3+-0.0033706225*J1^1*J2^4+-0.0010238389*J2^5+0,0,0,0,0,0,0,0,0,0,0,0,0,0,0,0,0,0,0,0,0,0,0,0,0},
{0,0,0,0,0,0,0,0,0,0,0,0,0,0,0,0,0,0,0,0,0,0,0,0,0,0,0,0,0,0,0,0,0,0,0,0,0,0,0,0,0,0,0,0,0,0,0,0,0,0,0,0,0,0,0,0,-0.0032623668*J1^2*J2^3+0.0060202516*J1^1*J2^4+-0.0103141879*J1^1*J2^3*(J2-J1)^1+0,0.0025343560*J1^2*J2^3+0.0008202778*J1^1*J2^4+-0.0017623682*J2^5+-0.0043968572*J2^4*(J2-J1)^1+0,-0.0064093039*J1^2*J2^3+0.0126752604*J1^1*J2^4+-0.0046736909*J2^5+-0.0015476009*J1^1*J2^3*(J2-J1)^1+-0.0010058246*J2^4*(J2-J1)^1+0,0.0009179135*J1^2*J2^3+0.0006147471*J1^1*J2^4+-0.0006133656*J2^5+-0.0010060335*J1^1*J2^3*(J2-J1)^1+0.0004313486*J2^4*(J2-J1)^1+0,0,0,0,0,0,0,0,0,0,0,0,0,0,0,0,0,0,0,0,0,0,0,0,0,0,0,0,0,0,0,0,0,0,0,0,0},
{0,0,0,0,0,0,0,0,0,0,0,0,0,0,0,0,0,0,0,0,0,0,0,0,0,0,0,0,0,0,0,0,0,0,0,0,0,0,0,0,0,0,0,0,0,0,0,0,0,0,0,0,0,0,0,0,0.0025343560*J1^2*J2^3+0.0008202778*J1^1*J2^4+-0.0017623682*J2^5+-0.0096487232*J2^4*(J2-J1)^1+0,-0.0061887890*J1^2*J2^3+0.0050730764*J1^1*J2^4+0.0020350076*J2^5+-0.0127803766*J1^1*J2^3*(J2-J1)^1+0.0081092196*J2^4*(J2-J1)^1+0,0.0009179135*J1^2*J2^3+0.0006147471*J1^1*J2^4+-0.0006133656*J2^5+-0.0005056959*J1^1*J2^3*(J2-J1)^1+-0.0031011553*J2^4*(J2-J1)^1+0,-0.0074692191*J1^2*J2^3+0.0119654116*J1^1*J2^4+-0.0039654373*J2^5+-0.0016941628*J1^1*J2^3*(J2-J1)^1+0.0001310936*J2^4*(J2-J1)^1+0,0,0,0,0,0,0,0,0,0,0,0,0,0,0,0,0,0,0,0,0,0,0,0,0,0,0,0,0,0,0,0,0,0,0,0,0},
{0,0,0,0,0,0,0,0,0,0,0,0,0,0,0,0,0,0,0,0,0,0,0,0,0,0,0,0,0,0,0,0,0,0,0,0,0,0,0,0,0,0,0,0,0,0,0,0,0.0018835283*J1^2*J2^3+-0.0034757939*J1^1*J2^4+0.0074398535*J1^1*J2^3*(J2-J1)^1+0,-0.0014632111*J1^2*J2^3+-0.0004735876*J1^1*J2^4+0.0010175038*J2^5+0.0033958655*J2^4*(J2-J1)^1+0,0.0037004133*J1^2*J2^3+-0.0073180650*J1^1*J2^4+0.0026983567*J2^5+0.0017722801*J1^1*J2^3*(J2-J1)^1+0.0005592796*J2^4*(J2-J1)^1+0,-0.0005299576*J1^2*J2^3+-0.0003549244*J1^1*J2^4+0.0003541268*J2^5+0.0005684591*J1^1*J2^3*(J2-J1)^1+0.0002583202*J2^4*(J2-J1)^1+0,0,0,0,0,0,0,0,0,0,0,0,0,-0.0026637113*J1^2*J2^3+0.0049155149*J1^1*J2^4+-0.0094715205*J1^1*J2^3*(J2-J1)^1+0,0.0020692930*J1^2*J2^3+0.0006697540*J1^1*J2^4+-0.0014389676*J2^5+-0.0041962489*J2^4*(J2-J1)^1+0,-0.0052331747*J1^2*J2^3+0.0103493068*J1^1*J2^4+-0.0038160527*J2^5+-0.0018849967*J1^1*J2^3*(J2-J1)^1+-0.0008060966*J2^4*(J2-J1)^1+0,0.0007494732*J1^2*J2^3+0.0005019389*J1^1*J2^4+-0.0005008110*J2^5+-0.0008126728*J1^1*J2^3*(J2-J1)^1+-0.0000065626*J2^4*(J2-J1)^1+0,0,0,0,0,0,0,0,0,0,0,0,0,0,0,0,0,0,0,0,0,0,0,0,0,0,0,0,0},
{0,0,0,0,0,0,0,0,0,0,0,0,0,0,0,0,0,0,0,0,0,0,0,0,0,0,0,0,0,0,0,0,0,0,0,0,0,0,0,0,0,0,0,0,0,0,0,0,-0.0014632111*J1^2*J2^3+-0.0004735876*J1^1*J2^4+0.0010175038*J2^5+0.0064280318*J2^4*(J2-J1)^1+0,0.0035730990*J1^2*J2^3+-0.0029289420*J1^1*J2^4+-0.0011749122*J2^5+0.0088637083*J1^1*J2^3*(J2-J1)^1+-0.0056718297*J2^4*(J2-J1)^1+0,-0.0005299576*J1^2*J2^3+-0.0003549244*J1^1*J2^4+0.0003541268*J2^5+0.0002795891*J1^1*J2^3*(J2-J1)^1+0.0022978122*J2^4*(J2-J1)^1+0,0.0043123557*J1^2*J2^3+-0.0069082336*J1^1*J2^4+0.0022894463*J2^5+0.0018711866*J1^1*J2^3*(J2-J1)^1+-0.0006829686*J2^4*(J2-J1)^1+0,0,0,0,0,0,0,0,0,0,0,0,0,0.0020692930*J1^2*J2^3+0.0006697540*J1^1*J2^4+-0.0014389676*J2^5+-0.0084843796*J2^4*(J2-J1)^1+0,-0.0050531251*J1^2*J2^3+0.0041421495*J1^1*J2^4+0.0016615767*J2^5+-0.0114851551*J1^1*J2^3*(J2-J1)^1+0.0073211643*J2^4*(J2-J1)^1+0,0.0007494732*J1^2*J2^3+0.0005019389*J1^1*J2^4+-0.0005008110*J2^5+-0.0004041488*J1^1*J2^3*(J2-J1)^1+-0.0028908400*J2^4*(J2-J1)^1+0,-0.0060985919*J1^2*J2^3+0.0097697177*J1^1*J2^4+-0.0032377660*J2^5+-0.0020147678*J1^1*J2^3*(J2-J1)^1+0.0005364505*J2^4*(J2-J1)^1+0,0,0,0,0,0,0,0,0,0,0,0,0,0,0,0,0,0,0,0,0,0,0,0,0,0,0,0,0},
{0,0,0,0,0,0,0,0,0,0,0,0,0,0,0,0,0,0,0,0,0,0,0,0,0,0,0,0,0,0,0,0,0,0,0,0,0,0,0,0,0,0,0,0,0,0,0,0,0,0,0,0,0,0,0,0,0,0,0,0,-0.0032623668*J1^2*J2^3+0.0060202516*J1^1*J2^4+-0.0035224569*J1^1*J2^3*(J2-J1)^1+0,0.0025343560*J1^2*J2^3+0.0008202778*J1^1*J2^4+-0.0017623682*J2^5+-0.0004756495*J2^4*(J2-J1)^1+0,-0.0064093039*J1^2*J2^3+0.0126752604*J1^1*J2^4+-0.0046736909*J2^5+0.0028005312*J1^1*J2^3*(J2-J1)^1+-0.0014327490*J2^4*(J2-J1)^1+0,0.0009179135*J1^2*J2^3+0.0006147471*J1^1*J2^4+-0.0006133656*J2^5+-0.0012525184*J1^1*J2^3*(J2-J1)^1+0.0029417438*J2^4*(J2-J1)^1+0,0,0,0,0,0,0,0,0,0,0,0,0,0,0,0,0,0,0,0,0,0,0,0,0,0,0,0,0,0,0,0,0},
{0,0,0,0,0,0,0,0,0,0,0,0,0,0,0,0,0,0,0,0,0,0,0,0,0,0,0,0,0,0,0,0,0,0,0,0,0,0,0,0,0,0,0,0,0,0,0,0,0,0,0,0,0,0,0,0,0,0,0,0,0.0025343560*J1^2*J2^3+0.0008202778*J1^1*J2^4+-0.0017623682*J2^5+-0.0057275155*J2^4*(J2-J1)^1+0,-0.0061887890*J1^2*J2^3+0.0050730764*J1^1*J2^4+0.0020350076*J2^5+-0.0059886456*J1^1*J2^3*(J2-J1)^1+0.0035813990*J2^4*(J2-J1)^1+0,0.0009179135*J1^2*J2^3+0.0006147471*J1^1*J2^4+-0.0006133656*J2^5+-0.0007521809*J1^1*J2^3*(J2-J1)^1+-0.0005907600*J2^4*(J2-J1)^1+0,-0.0074692191*J1^2*J2^3+0.0119654116*J1^1*J2^4+-0.0039654373*J2^5+0.0029385855*J1^1*J2^3*(J2-J1)^1+-0.0031945855*J2^4*(J2-J1)^1+0,0,0,0,0,0,0,0,0,0,0,0,0,0,0,0,0,0,0,0,0,0,0,0,0,0,0,0,0,0,0,0,0},
{0,0,0,0,0,0,0,0,0,0,0,0,0,0,0,0,0,0,0,0,0,0,0,0,0,0,0,0,0,0,0,0,0,0,0,0,0,0,0,0,0,0,0,0,0,0,0,0,0,0,0,0,0.0018835283*J1^2*J2^3+-0.0034757939*J1^1*J2^4+0.0035186458*J1^1*J2^3*(J2-J1)^1+0,-0.0014632111*J1^2*J2^3+-0.0004735876*J1^1*J2^4+0.0010175038*J2^5+0.0011319552*J2^4*(J2-J1)^1+0,0.0037004133*J1^2*J2^3+-0.0073180650*J1^1*J2^4+0.0026983567*J2^5+-0.0007381151*J1^1*J2^3*(J2-J1)^1+0.0008057645*J2^4*(J2-J1)^1+0,-0.0005299576*J1^2*J2^3+-0.0003549244*J1^1*J2^4+0.0003541268*J2^5+0.0007107672*J1^1*J2^3*(J2-J1)^1+-0.0011910572*J2^4*(J2-J1)^1+0,0,0,0,0,0,0,0,0,0,0,0,0,-0.0026637113*J1^2*J2^3+0.0049155149*J1^1*J2^4+-0.0039260954*J1^1*J2^3*(J2-J1)^1+0,0.0020692930*J1^2*J2^3+0.0006697540*J1^1*J2^4+-0.0014389676*J2^5+-0.0009945962*J2^4*(J2-J1)^1+0,-0.0052331747*J1^2*J2^3+0.0103493068*J1^1*J2^4+-0.0038160527*J2^5+0.0016652383*J1^1*J2^3*(J2-J1)^1+-0.0011546789*J2^4*(J2-J1)^1+0,0.0007494732*J1^2*J2^3+0.0005019389*J1^1*J2^4+-0.0005008110*J2^5+-0.0010139268*J1^1*J2^3*(J2-J1)^1+0.0020431665*J2^4*(J2-J1)^1+0,0,0,0,0,0,0,0,0,0,0,0,0,0,0,0,0,0,0,0,0,0,0,0,0},
{0,0,0,0,0,0,0,0,0,0,0,0,0,0,0,0,0,0,0,0,0,0,0,0,0,0,0,0,0,0,0,0,0,0,0,0,0,0,0,0,0,0,0,0,0,0,0,0,0,0,0,0,-0.0014632111*J1^2*J2^3+-0.0004735876*J1^1*J2^4+0.0010175038*J2^5+0.0041641214*J2^4*(J2-J1)^1+0,0.0035730990*J1^2*J2^3+-0.0029289420*J1^1*J2^4+-0.0011749122*J2^5+0.0049425006*J1^1*J2^3*(J2-J1)^1+-0.0030576913*J2^4*(J2-J1)^1+0,-0.0005299576*J1^2*J2^3+-0.0003549244*J1^1*J2^4+0.0003541268*J2^5+0.0004218972*J1^1*J2^3*(J2-J1)^1+0.0008484349*J2^4*(J2-J1)^1+0,0.0043123557*J1^2*J2^3+-0.0069082336*J1^1*J2^4+0.0022894463*J2^5+-0.0008035319*J1^1*J2^3*(J2-J1)^1+0.0012371131*J2^4*(J2-J1)^1+0,0,0,0,0,0,0,0,0,0,0,0,0,0.0020692930*J1^2*J2^3+0.0006697540*J1^1*J2^4+-0.0014389676*J2^5+-0.0052827269*J2^4*(J2-J1)^1+0,-0.0050531251*J1^2*J2^3+0.0041421495*J1^1*J2^4+0.0016615767*J2^5+-0.0059397300*J1^1*J2^3*(J2-J1)^1+0.0036242142*J2^4*(J2-J1)^1+0,0.0007494732*J1^2*J2^3+0.0005019389*J1^1*J2^4+-0.0005008110*J2^5+-0.0006054029*J1^1*J2^3*(J2-J1)^1+-0.0008411108*J2^4*(J2-J1)^1+0,-0.0060985919*J1^2*J2^3+0.0097697177*J1^1*J2^4+-0.0032377660*J2^5+0.0017678554*J1^1*J2^3*(J2-J1)^1+-0.0021789551*J2^4*(J2-J1)^1+0,0,0,0,0,0,0,0,0,0,0,0,0,0,0,0,0,0,0,0,0,0,0,0,0},
{0,0,0,0,0,0,0,0,0,0,0,0,0,0,0,0,0,0,0,0,0,0,0,0,0,0,0,0,0,0,0,0,0,0,0,0,0,0,0,0,0,0,0,0,0,0,0,0,0,0,0,0,0,0,0,0,0.0075073242*J1^2*J2^3+0.0124918620*J2^5+0.0102539062*J2^4*(J2-J1)^1+0,0.0044400717*J1^2*J2^3+0.0047454734*J1^1*J2^4+0.0023609905*J2^5+0.0020673349*J1^1*J2^3*(J2-J1)^1+0,0.0039584766*J1^2*J2^3+0.0075880590*J1^1*J2^4+-0.0015974861*J1^1*J2^3*(J2-J1)^1+0,0.0048963759*J1^2*J2^3+0.0038113064*J1^1*J2^4+-0.0020412869*J2^5+-0.0031467014*J2^4*(J2-J1)^1+0,0,0,0,0,0,0,0,0,0,0,0,0,0,0,0,0,0,0,0,0,0,0,0,0,0,0,0,0,0,0,0,0,0,0,0,0},
{0,0,0,0,0,0,0,0,0,0,0,0,0,0,0,0,0,0,0,0,0,0,0,0,0,0,0,0,0,0,0,0,0,0,0,0,0,0,0,0,0,0,0,0,0,0,0,0,0,0,0,0,0,0,0,0,0.0044400717*J1^2*J2^3+0.0047454734*J1^1*J2^4+0.0023609905*J2^5+0.0134376772*J1^1*J2^3*(J2-J1)^1+0,0.0023803711*J1^2*J2^3+-0.0054796007*J1^1*J2^4+0.0097656250*J2^5+-0.0089518229*J1^1*J2^3*(J2-J1)^1+0.0144856771*J2^4*(J2-J1)^1+0,0.0048963759*J1^2*J2^3+0.0038113064*J1^1*J2^4+-0.0020412869*J2^5+0.0034179687*J2^4*(J2-J1)^1+0,-0.0016953713*J1^2*J2^3+0.0031871414*J1^1*J2^4+0.0023570751*J2^5+0.0008457279*J1^1*J2^3*(J2-J1)^1+-0.0001566163*J2^4*(J2-J1)^1+0,0,0,0,0,0,0,0,0,0,0,0,0,0,0,0,0,0,0,0,0,0,0,0,0,0,0,0,0,0,0,0,0,0,0,0,0},
{0,0,0,0,0,0,0,0,0,0,0,0,0,0,0,0,0,0,0,0,0,0,0,0,0,0,0,0,0,0,0,0,0,0,0,0,0,0,0,0,0,0,0,0,0,0,0,0,-0.0043343557*J1^2*J2^3+-0.0072121799*J2^5+-0.0089271282*J2^4*(J2-J1)^1+0,-0.0025634766*J1^2*J2^3+-0.0027398003*J1^1*J2^4+-0.0013631185*J2^5+-0.0029296875*J1^1*J2^3*(J2-J1)^1+0,-0.0022854275*J1^2*J2^3+-0.0043809679*J1^1*J2^4+-0.0008138021*J1^1*J2^3*(J2-J1)^1+0,-0.0028269239*J1^2*J2^3+-0.0022004588*J1^1*J2^4+0.0011785375*J2^5+0.0008144047*J2^4*(J2-J1)^1+0,0,0,0,0,0,0,0,0,0,0,0,0,0.0061297046*J1^2*J2^3+0.0101995626*J2^5+0.0104985726*J2^4*(J2-J1)^1+0,0.0036253033*J1^2*J2^3+0.0038746628*J1^1*J2^4+0.0019277407*J2^5+0.0029155879*J1^1*J2^3*(J2-J1)^1+0,0.0032320826*J1^2*J2^3+0.0061956242*J1^1*J2^4+-0.0000767260*J1^1*J2^3*(J2-J1)^1+0,0.0039978742*J1^2*J2^3+0.0031119187*J1^1*J2^4+-0.0016667038*J2^5+-0.0018605065*J2^4*(J2-J1)^1+0,0,0,0,0,0,0,0,0,0,0,0,0,0,0,0,0,0,0,0,0,0,0,0,0,0,0,0,0},
{0,0,0,0,0,0,0,0,0,0,0,0,0,0,0,0,0,0,0,0,0,0,0,0,0,0,0,0,0,0,0,0,0,0,0,0,0,0,0,0,0,0,0,0,0,0,0,0,-0.0025634766*J1^2*J2^3+-0.0027398003*J1^1*J2^4+-0.0013631185*J2^5+-0.0094943576*J1^1*J2^3*(J2-J1)^1+0,-0.0013743079*J1^2*J2^3+0.0031636489*J1^1*J2^4+-0.0056381862*J2^5+0.0071730258*J1^1*J2^3*(J2-J1)^1+-0.0113703422*J2^4*(J2-J1)^1+0,-0.0028269239*J1^2*J2^3+-0.0022004588*J1^1*J2^4+0.0011785375*J2^5+-0.0029757094*J2^4*(J2-J1)^1+0,0.0009788231*J1^2*J2^3+-0.0018400969*J1^1*J2^4+-0.0013608579*J2^5+-0.0022243924*J1^1*J2^3*(J2-J1)^1+0.0012478299*J2^4*(J2-J1)^1+0,0,0,0,0,0,0,0,0,0,0,0,0,0.0036253033*J1^2*J2^3+0.0038746628*J1^1*J2^4+0.0019277407*J2^5+0.0121994334*J1^1*J2^3*(J2-J1)^1+0,0.0019435649*J1^2*J2^3+-0.0044740752*J1^1*J2^4+0.0079735994*J2^5+-0.0087266616*J1^1*J2^3*(J2-J1)^1+0.0139537990*J2^4*(J2-J1)^1+0,0.0039978742*J1^2*J2^3+0.0031119187*J1^1*J2^4+-0.0016667038*J2^5+0.0034995242*J2^4*(J2-J1)^1+0,-0.0013842648*J1^2*J2^3+0.0026022900*J1^1*J2^4+0.0019245437*J2^5+0.0019181499*J1^1*J2^3*(J2-J1)^1+-0.0009462873*J2^4*(J2-J1)^1+0,0,0,0,0,0,0,0,0,0,0,0,0,0,0,0,0,0,0,0,0,0,0,0,0,0,0,0,0},
{0,0,0,0,0,0,0,0,0,0,0,0,0,0,0,0,0,0,0,0,0,0,0,0,0,0,0,0,0,0,0,0,0,0,0,0,0,0,0,0,0,0,0,0,0,0,0,0,0,0,0,0,0,0,0,0,0,0,0,0,0.0075073242*J1^2*J2^3+0.0124918620*J2^5+-0.0040690104*J2^4*(J2-J1)^1+0,0.0044400717*J1^2*J2^3+0.0047454734*J1^1*J2^4+0.0023609905*J2^5+-0.0062020048*J1^1*J2^3*(J2-J1)^1+0,0.0039584766*J1^2*J2^3+0.0075880590*J1^1*J2^4+-0.0098668259*J1^1*J2^3*(J2-J1)^1+0,0.0048963759*J1^2*J2^3+0.0038113064*J1^1*J2^4+-0.0020412869*J2^5+-0.0079210069*J2^4*(J2-J1)^1+0,0,0,0,0,0,0,0,0,0,0,0,0,0,0,0,0,0,0,0,0,0,0,0,0,0,0,0,0,0,0,0,0},
{0,0,0,0,0,0,0,0,0,0,0,0,0,0,0,0,0,0,0,0,0,0,0,0,0,0,0,0,0,0,0,0,0,0,0,0,0,0,0,0,0,0,0,0,0,0,0,0,0,0,0,0,0,0,0,0,0,0,0,0,0.0044400717*J1^2*J2^3+0.0047454734*J1^1*J2^4+0.0023609905*J2^5+0.0051683374*J1^1*J2^3*(J2-J1)^1+0,0.0023803711*J1^2*J2^3+-0.0054796007*J1^1*J2^4+0.0097656250*J2^5+0.0005967882*J1^1*J2^3*(J2-J1)^1+0.0001627604*J2^4*(J2-J1)^1+0,0.0048963759*J1^2*J2^3+0.0038113064*J1^1*J2^4+-0.0020412869*J2^5+-0.0013563368*J2^4*(J2-J1)^1+0,-0.0016953713*J1^2*J2^3+0.0031871414*J1^1*J2^4+0.0023570751*J2^5+-0.0074236119*J1^1*J2^3*(J2-J1)^1+0.0053562769*J2^4*(J2-J1)^1+0,0,0,0,0,0,0,0,0,0,0,0,0,0,0,0,0,0,0,0,0,0,0,0,0,0,0,0,0,0,0,0,0},
{0,0,0,0,0,0,0,0,0,0,0,0,0,0,0,0,0,0,0,0,0,0,0,0,0,0,0,0,0,0,0,0,0,0,0,0,0,0,0,0,0,0,0,0,0,0,0,0,0,0,0,0,-0.0043343557*J1^2*J2^3+-0.0072121799*J2^5+-0.0006577884*J2^4*(J2-J1)^1+0,-0.0025634766*J1^2*J2^3+-0.0027398003*J1^1*J2^4+-0.0013631185*J2^5+0.0018446181*J1^1*J2^3*(J2-J1)^1+0,-0.0022854275*J1^2*J2^3+-0.0043809679*J1^1*J2^4+0.0039605035*J1^1*J2^3*(J2-J1)^1+0,-0.0028269239*J1^2*J2^3+-0.0022004588*J1^1*J2^4+0.0011785375*J2^5+0.0035708513*J2^4*(J2-J1)^1+0,0,0,0,0,0,0,0,0,0,0,0,0,0.0061297046*J1^2*J2^3+0.0101995626*J2^5+-0.0011960399*J2^4*(J2-J1)^1+0,0.0036253033*J1^2*J2^3+0.0038746628*J1^1*J2^4+0.0019277407*J2^5+-0.0038362998*J1^1*J2^3*(J2-J1)^1+0,0.0032320826*J1^2*J2^3+0.0061956242*J1^1*J2^4+-0.0068286137*J1^1*J2^3*(J2-J1)^1+0,0.0039978742*J1^2*J2^3+0.0031119187*J1^1*J2^4+-0.0016667038*J2^5+-0.0057587107*J2^4*(J2-J1)^1+0,0,0,0,0,0,0,0,0,0,0,0,0,0,0,0,0,0,0,0,0,0,0,0,0},
{0,0,0,0,0,0,0,0,0,0,0,0,0,0,0,0,0,0,0,0,0,0,0,0,0,0,0,0,0,0,0,0,0,0,0,0,0,0,0,0,0,0,0,0,0,0,0,0,0,0,0,0,-0.0025634766*J1^2*J2^3+-0.0027398003*J1^1*J2^4+-0.0013631185*J2^5+-0.0047200521*J1^1*J2^3*(J2-J1)^1+0,-0.0013743079*J1^2*J2^3+0.0031636489*J1^1*J2^4+-0.0056381862*J2^5+0.0016601326*J1^1*J2^3*(J2-J1)^1+-0.0031010024*J2^4*(J2-J1)^1+0,-0.0028269239*J1^2*J2^3+-0.0022004588*J1^1*J2^4+0.0011785375*J2^5+-0.0002192628*J2^4*(J2-J1)^1+0,0.0009788231*J1^2*J2^3+-0.0018400969*J1^1*J2^4+-0.0013608579*J2^5+0.0025499132*J1^1*J2^3*(J2-J1)^1+-0.0019350405*J2^4*(J2-J1)^1+0,0,0,0,0,0,0,0,0,0,0,0,0,0.0036253033*J1^2*J2^3+0.0038746628*J1^1*J2^4+0.0019277407*J2^5+0.0054475457*J1^1*J2^3*(J2-J1)^1+0,0.0019435649*J1^2*J2^3+-0.0044740752*J1^1*J2^4+0.0079735994*J2^5+-0.0009302533*J1^1*J2^3*(J2-J1)^1+0.0022591865*J2^4*(J2-J1)^1+0,0.0039978742*J1^2*J2^3+0.0031119187*J1^1*J2^4+-0.0016667038*J2^5+-0.0003986800*J2^4*(J2-J1)^1+0,-0.0013842648*J1^2*J2^3+0.0026022900*J1^1*J2^4+0.0019245437*J2^5+-0.0048337378*J1^1*J2^3*(J2-J1)^1+0.0035549712*J2^4*(J2-J1)^1+0,0,0,0,0,0,0,0,0,0,0,0,0,0,0,0,0,0,0,0,0,0,0,0,0},
{0,0,0,0,0,0,0,0,0,0,0,0,0,0,0,0,0,0,0,0,0,0,0,0,0,0,0,0,0,0,0,0,0,0,0,0,0,0,0,0,0,0,0,0,0,0,0,0,0,0,0,0,0,0,0,0,-0.0025412822*J1^2*J2^3+-0.0135503970*J1^1*J2^4+-0.0091644940*J1^1*J2^3*(J2-J1)^1+0,0.0014139911*J1^2*J2^3+-0.0052479020*J1^1*J2^4+-0.0054566245*J2^5+-0.0036685120*J2^4*(J2-J1)^1+0,-0.0102606258*J1^2*J2^3+0.0048249198*J1^1*J2^4+-0.0038548293*J2^5+0.0013601057*J1^1*J2^3*(J2-J1)^1+-0.0037407010*J2^4*(J2-J1)^1+0,-0.0010806466*J1^2*J2^3+-0.0026213827*J1^1*J2^4+-0.0016618638*J2^5+-0.0034318307*J1^1*J2^3*(J2-J1)^1+0.0029942083*J2^4*(J2-J1)^1+0,0,0,0,0,0,0,0,0,0,0,0,0,0,0,0,0,0,0,0,0,0,0,0,0,0,0,0,0,0,0,0,0,0,0,0,0},
{0,0,0,0,0,0,0,0,0,0,0,0,0,0,0,0,0,0,0,0,0,0,0,0,0,0,0,0,0,0,0,0,0,0,0,0,0,0,0,0,0,0,0,0,0,0,0,0,0,0,0,0,0,0,0,0,0.0014139911*J1^2*J2^3+-0.0052479020*J1^1*J2^4+-0.0054566245*J2^5+-0.0079949280*J2^4*(J2-J1)^1+0,-0.0041740185*J1^2*J2^3+-0.0074906418*J1^1*J2^4+0.0063007672*J2^5+-0.0104129491*J1^1*J2^3*(J2-J1)^1+0.0067338902*J2^4*(J2-J1)^1+0,-0.0010806466*J1^2*J2^3+-0.0026213827*J1^1*J2^4+-0.0016618638*J2^5+0.0008563000*J1^1*J2^3*(J2-J1)^1+-0.0037917798*J2^4*(J2-J1)^1+0,-0.0090128027*J1^2*J2^3+0.0078518318*J1^1*J2^4+-0.0019358743*J2^5+0.0001126585*J1^1*J2^3*(J2-J1)^1+-0.0012665882*J2^4*(J2-J1)^1+0,0,0,0,0,0,0,0,0,0,0,0,0,0,0,0,0,0,0,0,0,0,0,0,0,0,0,0,0,0,0,0,0,0,0,0,0},
{0,0,0,0,0,0,0,0,0,0,0,0,0,0,0,0,0,0,0,0,0,0,0,0,0,0,0,0,0,0,0,0,0,0,0,0,0,0,0,0,0,0,0,0,0,0,0,0,0.0014672100*J1^2*J2^3+0.0078233254*J1^1*J2^4+0.0063673949*J1^1*J2^3*(J2-J1)^1+0,-0.0008163682*J1^2*J2^3+0.0030298776*J1^1*J2^4+0.0031503836*J2^5+0.0027394022*J2^4*(J2-J1)^1+0,0.0059239751*J1^2*J2^3+-0.0027856687*J1^1*J2^4+0.0022255867*J2^5+0.0010485886*J1^1*J2^3*(J2-J1)^1+0.0009472345*J2^4*(J2-J1)^1+0,0.0006239116*J1^2*J2^3+0.0015134560*J1^1*J2^4+0.0009594775*J2^5+0.0012813541*J1^1*J2^3*(J2-J1)^1+-0.0006699355*J2^4*(J2-J1)^1+0,0,0,0,0,0,0,0,0,0,0,0,0,-0.0020749482*J1^2*J2^3+-0.0110638528*J1^1*J2^4+-0.0082438171*J1^1*J2^3*(J2-J1)^1+0,0.0011545189*J1^2*J2^3+-0.0042848940*J1^1*J2^4+-0.0044553152*J2^5+-0.0034347136*J2^4*(J2-J1)^1+0,-0.0083777659*J1^2*J2^3+0.0039395305*J1^1*J2^4+-0.0031474549*J2^5+-0.0001862033*J1^1*J2^3*(J2-J1)^1+-0.0021969307*J2^4*(J2-J1)^1+0,-0.0008823442*J1^2*J2^3+-0.0021403500*J1^1*J2^4+-0.0013569061*J2^5+-0.0023070932*J1^1*J2^3*(J2-J1)^1+0.0016960963*J2^4*(J2-J1)^1+0,0,0,0,0,0,0,0,0,0,0,0,0,0,0,0,0,0,0,0,0,0,0,0,0,0,0,0,0},
{0,0,0,0,0,0,0,0,0,0,0,0,0,0,0,0,0,0,0,0,0,0,0,0,0,0,0,0,0,0,0,0,0,0,0,0,0,0,0,0,0,0,0,0,0,0,0,0,-0.0008163682*J1^2*J2^3+0.0030298776*J1^1*J2^4+0.0031503836*J2^5+0.0052372597*J2^4*(J2-J1)^1+0,0.0024098707*J1^2*J2^3+0.0043247241*J1^1*J2^4+-0.0036377497*J2^5+0.0070881908*J1^1*J2^3*(J2-J1)^1+-0.0046053279*J2^4*(J2-J1)^1+0,0.0006239116*J1^2*J2^3+0.0015134560*J1^1*J2^4+0.0009594775*J2^5+-0.0011943993*J1^1*J2^3*(J2-J1)^1+0.0032479566*J2^4*(J2-J1)^1+0,0.0052035440*J1^2*J2^3+-0.0045332572*J1^1*J2^4+0.0011176775*J2^5+0.0025771094*J1^1*J2^3*(J2-J1)^1+-0.0017037592*J2^4*(J2-J1)^1+0,0,0,0,0,0,0,0,0,0,0,0,0,0.0011545189*J1^2*J2^3+-0.0042848940*J1^1*J2^4+-0.0044553152*J2^5+-0.0069672175*J2^4*(J2-J1)^1+0,-0.0034080718*J1^2*J2^3+-0.0061160834*J1^1*J2^4+0.0051445549*J2^5+-0.0092631765*J1^1*J2^3*(J2-J1)^1+0.0060055578*J2^4*(J2-J1)^1+0,-0.0008823442*J1^2*J2^3+-0.0021403500*J1^1*J2^4+-0.0013569061*J2^5+0.0011941508*J1^1*J2^3*(J2-J1)^1+-0.0038446397*J2^4*(J2-J1)^1+0,-0.0073589226*J1^2*J2^3+0.0064109938*J1^1*J2^4+-0.0015806347*J2^5+-0.0017762989*J1^1*J2^3*(J2-J1)^1+0.0006876572*J2^4*(J2-J1)^1+0,0,0,0,0,0,0,0,0,0,0,0,0,0,0,0,0,0,0,0,0,0,0,0,0,0,0,0,0},
{0,0,0,0,0,0,0,0,0,0,0,0,0,0,0,0,0,0,0,0,0,0,0,0,0,0,0,0,0,0,0,0,0,0,0,0,0,0,0,0,0,0,0,0,0,0,0,0,0,0,0,0,0,0,0,0,0,0,0,0,-0.0025412822*J1^2*J2^3+-0.0135503970*J1^1*J2^4+-0.0038391415*J1^1*J2^3*(J2-J1)^1+0,0.0014139911*J1^2*J2^3+-0.0052479020*J1^1*J2^4+-0.0054566245*J2^5+-0.0005939183*J2^4*(J2-J1)^1+0,-0.0102606258*J1^2*J2^3+0.0048249198*J1^1*J2^4+-0.0038548293*J2^5+0.0099801245*J1^1*J2^3*(J2-J1)^1+-0.0092861261*J2^4*(J2-J1)^1+0,-0.0010806466*J1^2*J2^3+-0.0026213827*J1^1*J2^4+-0.0016618638*J2^5+-0.0066334834*J1^1*J2^3*(J2-J1)^1+0.0079709785*J2^4*(J2-J1)^1+0,0,0,0,0,0,0,0,0,0,0,0,0,0,0,0,0,0,0,0,0,0,0,0,0,0,0,0,0,0,0,0,0},
{0,0,0,0,0,0,0,0,0,0,0,0,0,0,0,0,0,0,0,0,0,0,0,0,0,0,0,0,0,0,0,0,0,0,0,0,0,0,0,0,0,0,0,0,0,0,0,0,0,0,0,0,0,0,0,0,0,0,0,0,0.0014139911*J1^2*J2^3+-0.0052479020*J1^1*J2^4+-0.0054566245*J2^5+-0.0049203343*J2^4*(J2-J1)^1+0,-0.0041740185*J1^2*J2^3+-0.0074906418*J1^1*J2^4+0.0063007672*J2^5+-0.0050875966*J1^1*J2^3*(J2-J1)^1+0.0031836552*J2^4*(J2-J1)^1+0,-0.0010806466*J1^2*J2^3+-0.0026213827*J1^1*J2^4+-0.0016618638*J2^5+-0.0023453527*J1^1*J2^3*(J2-J1)^1+0.0011849904*J2^4*(J2-J1)^1+0,-0.0090128027*J1^2*J2^3+0.0078518318*J1^1*J2^4+-0.0019358743*J2^5+0.0124296274*J1^1*J2^3*(J2-J1)^1+-0.0125586925*J2^4*(J2-J1)^1+0,0,0,0,0,0,0,0,0,0,0,0,0,0,0,0,0,0,0,0,0,0,0,0,0,0,0,0,0,0,0,0,0},
{0,0,0,0,0,0,0,0,0,0,0,0,0,0,0,0,0,0,0,0,0,0,0,0,0,0,0,0,0,0,0,0,0,0,0,0,0,0,0,0,0,0,0,0,0,0,0,0,0,0,0,0,0.0014672100*J1^2*J2^3+0.0078233254*J1^1*J2^4+0.0032928012*J1^1*J2^3*(J2-J1)^1+0,-0.0008163682*J1^2*J2^3+0.0030298776*J1^1*J2^4+0.0031503836*J2^5+0.0009642847*J2^4*(J2-J1)^1+0,0.0059239751*J1^2*J2^3+-0.0027856687*J1^1*J2^4+0.0022255867*J2^5+-0.0039281816*J1^1*J2^3*(J2-J1)^1+0.0041488872*J2^4*(J2-J1)^1+0,0.0006239116*J1^2*J2^3+0.0015134560*J1^1*J2^4+0.0009594775*J2^5+0.0031298292*J1^1*J2^3*(J2-J1)^1+-0.0035432751*J2^4*(J2-J1)^1+0,0,0,0,0,0,0,0,0,0,0,0,0,-0.0020749482*J1^2*J2^3+-0.0110638528*J1^1*J2^4+-0.0038956850*J1^1*J2^3*(J2-J1)^1+0,0.0011545189*J1^2*J2^3+-0.0042848940*J1^1*J2^4+-0.0044553152*J2^5+-0.0009243184*J2^4*(J2-J1)^1+0,-0.0083777659*J1^2*J2^3+0.0039395305*J1^1*J2^4+-0.0031474549*J2^5+0.0068520126*J1^1*J2^3*(J2-J1)^1+-0.0067247514*J2^4*(J2-J1)^1+0,-0.0008823442*J1^2*J2^3+-0.0021403500*J1^1*J2^4+-0.0013569061*J2^5+-0.0049212317*J1^1*J2^3*(J2-J1)^1+0.0057596122*J2^4*(J2-J1)^1+0,0,0,0,0,0,0,0,0,0,0,0,0,0,0,0,0,0,0,0,0,0,0,0,0},
{0,0,0,0,0,0,0,0,0,0,0,0,0,0,0,0,0,0,0,0,0,0,0,0,0,0,0,0,0,0,0,0,0,0,0,0,0,0,0,0,0,0,0,0,0,0,0,0,0,0,0,0,-0.0008163682*J1^2*J2^3+0.0030298776*J1^1*J2^4+0.0031503836*J2^5+0.0034621422*J2^4*(J2-J1)^1+0,0.0024098707*J1^2*J2^3+0.0043247241*J1^1*J2^4+-0.0036377497*J2^5+0.0040135971*J1^1*J2^3*(J2-J1)^1+-0.0025555988*J2^4*(J2-J1)^1+0,0.0006239116*J1^2*J2^3+0.0015134560*J1^1*J2^4+0.0009594775*J2^5+0.0006540758*J1^1*J2^3*(J2-J1)^1+0.0003746170*J2^4*(J2-J1)^1+0,0.0052035440*J1^2*J2^3+-0.0045332572*J1^1*J2^4+0.0011176775*J2^5+-0.0045340959*J1^1*J2^3*(J2-J1)^1+0.0048157403*J2^4*(J2-J1)^1+0,0,0,0,0,0,0,0,0,0,0,0,0,0.0011545189*J1^2*J2^3+-0.0042848940*J1^1*J2^4+-0.0044553152*J2^5+-0.0044568223*J2^4*(J2-J1)^1+0,-0.0034080718*J1^2*J2^3+-0.0061160834*J1^1*J2^4+0.0051445549*J2^5+-0.0049150444*J1^1*J2^3*(J2-J1)^1+0.0031068030*J2^4*(J2-J1)^1+0,-0.0008823442*J1^2*J2^3+-0.0021403500*J1^1*J2^4+-0.0013569061*J2^5+-0.0014199876*J1^1*J2^3*(J2-J1)^1+0.0002188761*J2^4*(J2-J1)^1+0,-0.0073589226*J1^2*J2^3+0.0064109938*J1^1*J2^4+-0.0015806347*J2^5+0.0082804641*J1^1*J2^3*(J2-J1)^1+-0.0085323074*J2^4*(J2-J1)^1+0,0,0,0,0,0,0,0,0,0,0,0,0,0,0,0,0,0,0,0,0,0,0,0,0},
{0,0,0.0028604804*J1^1*J2^4+0,0.0006218553*J1^2*J2^3+0.0009581933*J1^1*J2^4+0.0000714505*J2^5+0,0,0,0,0,0,0,-0.0004399177*J1^2*J2^3+-0.0030172707*J2^5+0,-0.0013402115*J1^2*J2^3+-0.0008036212*J1^1*J2^4+0.0001478240*J2^5+0,0,0,0,0,0,0,0.0004574360*J1^2*J2^3+0.0013391668*J1^1*J2^4+0.0001203833*J2^5+0,0.0011943325*J1^2*J2^3+0.0006279099*J1^1*J2^4+-0.0007154699*J2^5+0,0,0,0,0,0,0,0.0005833957*J1^2*J2^3+0.0001527009*J1^1*J2^4+0.0011067551*J1^1*J2^3*(J2-J1)^1+0,-0.0004197109*J1^2*J2^3+0.0013646255*J1^1*J2^4+-0.0005199291*J2^5+0.0010549286*J2^4*(J2-J1)^1+0,0,0,0,0,0,0,-0.0006342960*J1^2*J2^3+-0.0034298966*J2^5+0,0.0017044633*J1^2*J2^3+-0.0048240379*J1^1*J2^4+0.0007731120*J2^5+-0.0008138021*J1^1*J2^3*(J2-J1)^1+0,0,0,0,0,0,0,0.0004180602*J1^2*J2^3+0.0019352590*J1^1*J2^4+0.0009597851*J1^1*J2^3*(J2-J1)^1+0,0.0011535540*J1^2*J2^3+-0.0009201791*J1^1*J2^4+0.0011253146*J2^5+0.0008354608*J2^4*(J2-J1)^1+0,0,0,0,0,0,0,0,0,0,0,0,0,0,0,0,0,0,0,0,0,0,0,0,0,0,0,0,0,0,0,0,0,0,0,0,0,0,0,0,0,-0.0004169909*J1^2*J2^3+0.0011041448*J2^5+-0.0050743676*J2^4*(J2-J1)^1+0,0.0013337312*J1^2*J2^3+-0.0015055339*J1^1*J2^4+0.0005685312*J2^5+0.0026041667*J1^1*J2^3*(J2-J1)^1+0,0.0004713270*J1^2*J2^3+-0.0000745985*J1^1*J2^4+0.0029296875*J1^1*J2^3*(J2-J1)^1+0,-0.0007635044*J1^2*J2^3+0.0004868156*J1^1*J2^4+0.0005057401*J2^5+0.0048864281*J2^4*(J2-J1)^1+0,0,0,0,0,0,0,0,0},
{0,0,-0.0001195083*J1^2*J2^3+-0.0010934251*J1^1*J2^4+0.0016437295*J2^5+0,-0.0002013969*J1^2*J2^3+-0.0000487154*J1^1*J2^4+0.0004988325*J2^5+0,0,0,0,0,0,0,-0.0003734950*J1^2*J2^3+-0.0027449243*J1^1*J2^4+-0.0000982926*J2^5+0,-0.0013341967*J1^2*J2^3+-0.0010658995*J1^1*J2^4+0.0005429268*J2^5+0,0,0,0,0,0,0,0.0000950905*J1^2*J2^3+-0.0031087408*J1^1*J2^4+0.0023940879*J2^5+0,-0.0001030128*J1^2*J2^3+-0.0004887316*J1^1*J2^4+0.0002340399*J2^5+0,0,0,0,0,0,0,-0.0004197109*J1^2*J2^3+0.0013646255*J1^1*J2^4+-0.0005199291*J2^5+0.0004038870*J2^4*(J2-J1)^1+0,0.0010680360*J1^2*J2^3+-0.0014230330*J1^1*J2^4+0.0006003624*J2^5+0.0013155768*J1^1*J2^3*(J2-J1)^1+-0.0008422476*J2^4*(J2-J1)^1+0,0,0,0,0,0,0,0.0017044633*J1^2*J2^3+-0.0048240379*J1^1*J2^4+0.0007731120*J2^5+0.0004882813*J1^1*J2^3*(J2-J1)^1+0,-0.0026024406*J1^2*J2^3+0.0055703192*J1^1*J2^4+-0.0043226094*J2^5+0.0001879395*J1^1*J2^3*(J2-J1)^1+-0.0003758791*J2^4*(J2-J1)^1+0,0,0,0,0,0,0,0.0011535540*J1^2*J2^3+-0.0009201791*J1^1*J2^4+0.0011253146*J2^5+0.0003751049*J2^4*(J2-J1)^1+0,-0.0009139492*J1^2*J2^3+0.0029977904*J1^1*J2^4+-0.0012994014*J2^5+0.0010779125*J1^1*J2^3*(J2-J1)^1+-0.0006989204*J2^4*(J2-J1)^1+0,0,0,0,0,0,0,0,0,0,0,0,0,0,0,0,0,0,0,0,0,0,0,0,0,0,0,0,0,0,0,0,0,0,0,0,0,0,0,0,0,0.0013337312*J1^2*J2^3+-0.0015055339*J1^1*J2^4+0.0005685312*J2^5+-0.0058593750*J1^1*J2^3*(J2-J1)^1+0,-0.0019570510*J1^2*J2^3+0.0017384408*J1^1*J2^4+0.0004476615*J2^5+0.0018793954*J1^1*J2^3*(J2-J1)^1+-0.0020673349*J2^4*(J2-J1)^1+0,-0.0007635044*J1^2*J2^3+0.0004868156*J1^1*J2^4+0.0005057401*J2^5+0,0.0013529460*J1^2*J2^3+-0.0006367248*J1^1*J2^4+-0.0005839783*J2^5+0.0046657986*J1^1*J2^3*(J2-J1)^1+-0.0028211806*J2^4*(J2-J1)^1+0,0,0,0,0,0,0,0,0},
{0,0,0.0000714505*J1^2*J2^3+0.0009581933*J1^1*J2^4+0.0006218553*J2^5+0,-0.0004002803*J1^2*J2^3+0.0017540540*J1^1*J2^4+-0.0004002803*J2^5+0,0,0,0,0,0,0,-0.0013402115*J1^2*J2^3+-0.0008036212*J1^1*J2^4+0.0001478240*J2^5+0,-0.0023288455*J1^2*J2^3+0.0009279418*J1^1*J2^4+0.0002485075*J2^5+0,0,0,0,0,0,0,-0.0009100674*J1^2*J2^3+0.0006279099*J1^1*J2^4+0.0013889300*J2^5+0,-0.0001560881*J1^2*J2^3+0.0006141189*J1^1*J2^4+0.0001809646*J2^5+0,0,0,0,0,0,0,0.0007075557*J1^2*J2^3+-0.0004950629*J1^1*J2^4+0.0002124928*J2^5+0.0010971258*J1^1*J2^3*(J2-J1)^1+0.0006811825*J2^4*(J2-J1)^1+0,-0.0013368940*J1^2*J2^3+0.0029100176*J1^1*J2^4+-0.0013277581*J2^5+0.0004037220*J1^1*J2^3*(J2-J1)^1+0.0008631297*J2^4*(J2-J1)^1+0,0,0,0,0,0,0,-0.0006781684*J1^2*J2^3+-0.0016682943*J1^1*J2^4+-0.0011393229*J1^1*J2^3*(J2-J1)^1+0,-0.0006160241*J1^2*J2^3+-0.0000365438*J1^1*J2^4+-0.0007021630*J2^5+-0.0011276372*J2^4*(J2-J1)^1+0,0,0,0,0,0,0,0.0012356082*J1^2*J2^3+0.0006377848*J1^1*J2^4+-0.0005147036*J2^5+-0.0002855912*J1^1*J2^3*(J2-J1)^1+0.0008397234*J2^4*(J2-J1)^1+0,-0.0005515688*J1^2*J2^3+0.0022705686*J1^1*J2^4+-0.0009345600*J2^5+0.0001451983*J1^1*J2^3*(J2-J1)^1+0.0003371553*J2^4*(J2-J1)^1+0,0,0,0,0,0,0,0,0,0,0,0,0,0,0,0,0,0,0,0,0,0,0,0,0,0,0,0,0,0,0,0,0,0,0,0,0,0,0,0,0,0.0004713270*J1^2*J2^3+-0.0000745985*J1^1*J2^4+-0.0045572917*J1^1*J2^3*(J2-J1)^1+0,-0.0001709728*J1^2*J2^3+0.0004868156*J1^1*J2^4+-0.0000867915*J2^5+0.0005638186*J2^4*(J2-J1)^1+0,0.0001272507*J1^2*J2^3+0.0010258367*J1^1*J2^4+-0.0009240361*J2^5+0.0024432140*J1^1*J2^3*(J2-J1)^1+-0.0016914559*J2^4*(J2-J1)^1+0,0.0008529851*J1^2*J2^3+-0.0026101948*J1^1*J2^4+0.0018894525*J2^5+-0.0028211806*J1^1*J2^3*(J2-J1)^1+0.0050998264*J2^4*(J2-J1)^1+0,0,0,0,0,0,0,0,0},
{0,0,0.0015168384*J1^2*J2^3+-0.0000487154*J1^1*J2^4+-0.0012194028*J2^5+0,0.0014720050*J1^2*J2^3+-0.0010371735*J1^1*J2^4+-0.0002912329*J2^5+0,0,0,0,0,0,0,0.0007018150*J1^2*J2^3+-0.0010658995*J1^1*J2^4+-0.0014930849*J2^5+0,0.0003585474*J1^2*J2^3+-0.0015141296*J1^1*J2^4+0.0000833449*J2^5+0,0,0,0,0,0,0,0.0015613667*J1^2*J2^3+-0.0004887316*J1^1*J2^4+-0.0014303396*J2^5+0,0.0023184394*J1^2*J2^3+-0.0025444022*J1^1*J2^4+0.0000194420*J2^5+0,0,0,0,0,0,0,-0.0013368940*J1^2*J2^3+0.0029100176*J1^1*J2^4+-0.0013277581*J2^5+0.0004037220*J1^1*J2^3*(J2-J1)^1+0.0004872507*J2^4*(J2-J1)^1+0,0.0022512679*J1^2*J2^3+-0.0038552618*J1^1*J2^4+0.0017456557*J2^5+0.0007273984*J1^1*J2^3*(J2-J1)^1+-0.0000743474*J2^4*(J2-J1)^1+0,0,0,0,0,0,0,-0.0006160241*J1^2*J2^3+-0.0000365438*J1^1*J2^4+-0.0007021630*J2^5+-0.0003758791*J2^4*(J2-J1)^1+0,0.0000331549*J1^2*J2^3+-0.0016260971*J1^1*J2^4+0.0008107880*J2^5+-0.0013563368*J1^1*J2^3*(J2-J1)^1+0.0008680556*J2^4*(J2-J1)^1+0,0,0,0,0,0,0,-0.0005515688*J1^2*J2^3+0.0022705686*J1^1*J2^4+-0.0009345600*J2^5+0.0006767716*J1^1*J2^3*(J2-J1)^1+-0.0004602047*J2^4*(J2-J1)^1+0,0.0018725050*J1^2*J2^3+-0.0019840419*J1^1*J2^4+0.0005644334*J2^5+-0.0005214526*J1^1*J2^3*(J2-J1)^1+0.0007402638*J2^4*(J2-J1)^1+0,0,0,0,0,0,0,0,0,0,0,0,0,0,0,0,0,0,0,0,0,0,0,0,0,0,0,0,0,0,0,0,0,0,0,0,0,0,0,0,0,-0.0001709728*J1^2*J2^3+0.0004868156*J1^1*J2^4+-0.0000867915*J2^5+-0.0043226094*J2^4*(J2-J1)^1+0,0.0006687494*J1^2*J2^3+-0.0006367248*J1^1*J2^4+0.0001002182*J2^5+-0.0028211806*J1^1*J2^3*(J2-J1)^1+0.0021701389*J2^4*(J2-J1)^1+0,0.0008529851*J1^2*J2^3+-0.0026101948*J1^1*J2^4+0.0018894525*J2^5+-0.0005425347*J2^4*(J2-J1)^1+0,-0.0008576917*J1^2*J2^3+0.0040398300*J1^1*J2^4+-0.0031057879*J2^5+0.0060767118*J1^1*J2^3*(J2-J1)^1+-0.0053249537*J2^4*(J2-J1)^1+0,0,0,0,0,0,0,0,0},
{0,0,0,0,0,0,0.0028604804*J1^1*J2^4+0,0.0006218553*J1^2*J2^3+0.0009581933*J1^1*J2^4+0.0000714505*J2^5+0,0,0,0,0,0,0,-0.0004399177*J1^2*J2^3+-0.0030172707*J2^5+0,-0.0013402115*J1^2*J2^3+-0.0008036212*J1^1*J2^4+0.0001478240*J2^5+0,0,0,0,0,0,0,0.0004574360*J1^2*J2^3+0.0013391668*J1^1*J2^4+0.0001203833*J2^5+0,0.0011943325*J1^2*J2^3+0.0006279099*J1^1*J2^4+-0.0007154699*J2^5+0,0,0,0,0,0,0,0.0005833957*J1^2*J2^3+0.0001527009*J1^1*J2^4+0.0006403866*J1^1*J2^3*(J2-J1)^1+0,-0.0004197109*J1^2*J2^3+0.0013646255*J1^1*J2^4+-0.0005199291*J2^5+0.0007856707*J2^4*(J2-J1)^1+0,0,0,0,0,0,0,-0.0006342960*J1^2*J2^3+-0.0034298966*J2^5+0.0016914559*J2^4*(J2-J1)^1+0,0.0017044633*J1^2*J2^3+-0.0048240379*J1^1*J2^4+0.0007731120*J2^5+0.0001627604*J1^1*J2^3*(J2-J1)^1+0,0,0,0,0,0,0,0.0004180602*J1^2*J2^3+0.0019352590*J1^1*J2^4+0.0000935175*J1^1*J2^3*(J2-J1)^1+0,0.0011535540*J1^2*J2^3+-0.0009201791*J1^1*J2^4+0.0011253146*J2^5+0.0003353210*J2^4*(J2-J1)^1+0,0,0,0,0,0,0,0,0,0,0,0,0,0,0,0,0,0,0,0,0,0,0,0,0,0,0,0,0,0.0002407498*J1^2*J2^3+-0.0006374783*J2^5+0.0058593750*J2^4*(J2-J1)^1+0,-0.0007700301*J1^2*J2^3+0.0008692204*J1^1*J2^4+-0.0003282416*J2^5+0.0001879395*J1^1*J2^3*(J2-J1)^1+0,-0.0002721208*J1^2*J2^3+0.0000430695*J1^1*J2^4+0,0.0004408095*J1^2*J2^3+-0.0002810631*J1^1*J2^4+-0.0002919892*J2^5+-0.0018446181*J2^4*(J2-J1)^1+0,0,0,0,0,0,0,0,0,0,0,0,0,-0.0003404716*J1^2*J2^3+0.0009015305*J2^5+-0.0020716019*J2^4*(J2-J1)^1+0,0.0010889870*J1^2*J2^3+-0.0012292632*J1^1*J2^4+0.0004642038*J2^5+0.0033223331*J1^1*J2^3*(J2-J1)^1+0,0.0003848369*J1^2*J2^3+-0.0000609094*J1^1*J2^4+0.0035881197*J1^1*J2^3*(J2-J1)^1+0,-0.0006233987*J1^2*J2^3+0.0003974833*J1^1*J2^4+0.0004129350*J2^5+0.0046802858*J2^4*(J2-J1)^1+0},
{0,0,0,0,0,0,-0.0001195083*J1^2*J2^3+-0.0010934251*J1^1*J2^4+0.0016437295*J2^5+0,-0.0002013969*J1^2*J2^3+-0.0000487154*J1^1*J2^4+0.0004988325*J2^5+0,0,0,0,0,0,0,-0.0003734950*J1^2*J2^3+-0.0027449243*J1^1*J2^4+-0.0000982926*J2^5+0,-0.0013341967*J1^2*J2^3+-0.0010658995*J1^1*J2^4+0.0005429268*J2^5+0,0,0,0,0,0,0,0.0000950905*J1^2*J2^3+-0.0031087408*J1^1*J2^4+0.0023940879*J2^5+0,-0.0001030128*J1^2*J2^3+-0.0004887316*J1^1*J2^4+0.0002340399*J2^5+0,0,0,0,0,0,0,-0.0004197109*J1^2*J2^3+0.0013646255*J1^1*J2^4+-0.0005199291*J2^5+0.0001346290*J2^4*(J2-J1)^1+0,0.0010680360*J1^2*J2^3+-0.0014230330*J1^1*J2^4+0.0006003624*J2^5+0.0008492083*J1^1*J2^3*(J2-J1)^1+-0.0005313352*J2^4*(J2-J1)^1+0,0,0,0,0,0,0,0.0017044633*J1^2*J2^3+-0.0048240379*J1^1*J2^4+0.0007731120*J2^5+0.0014648438*J1^1*J2^3*(J2-J1)^1+0,-0.0026024406*J1^2*J2^3+0.0055703192*J1^1*J2^4+-0.0043226094*J2^5+-0.0009396977*J1^1*J2^3*(J2-J1)^1+0.0013155768*J2^4*(J2-J1)^1+0,0,0,0,0,0,0,0.0011535540*J1^2*J2^3+-0.0009201791*J1^1*J2^4+0.0011253146*J2^5+-0.0001250350*J2^4*(J2-J1)^1+0,-0.0009139492*J1^2*J2^3+0.0029977904*J1^1*J2^4+-0.0012994014*J2^5+0.0002116449*J1^1*J2^3*(J2-J1)^1+-0.0001214087*J2^4*(J2-J1)^1+0,0,0,0,0,0,0,0,0,0,0,0,0,0,0,0,0,0,0,0,0,0,0,0,0,0,0,0,0,-0.0007700301*J1^2*J2^3+0.0008692204*J1^1*J2^4+-0.0003282416*J2^5+0.0050743676*J1^1*J2^3*(J2-J1)^1+0,0.0011299039*J1^2*J2^3+-0.0010036892*J1^1*J2^4+-0.0002584575*J2^5+-0.0030381944*J1^1*J2^3*(J2-J1)^1+0.0041232639*J2^4*(J2-J1)^1+0,0.0004408095*J1^2*J2^3+-0.0002810631*J1^1*J2^4+-0.0002919892*J2^5+0.0009765625*J2^4*(J2-J1)^1+0,-0.0007811237*J1^2*J2^3+0.0003676132*J1^1*J2^4+0.0003371601*J2^5+-0.0010023442*J1^1*J2^3*(J2-J1)^1+0.0005011721*J2^4*(J2-J1)^1+0,0,0,0,0,0,0,0,0,0,0,0,0,0.0010889870*J1^2*J2^3+-0.0012292632*J1^1*J2^4+0.0004642038*J2^5+-0.0035881197*J1^1*J2^3*(J2-J1)^1+0,-0.0015979254*J1^2*J2^3+0.0014194309*J1^1*J2^4+0.0003655141*J2^5+0.0001534520*J1^1*J2^3*(J2-J1)^1+0.0003836300*J2^4*(J2-J1)^1+0,-0.0006233987*J1^2*J2^3+0.0003974833*J1^1*J2^4+0.0004129350*J2^5+0.0006905340*J2^4*(J2-J1)^1+0,0.0011046758*J1^2*J2^3+-0.0005198836*J1^1*J2^4+-0.0004768163*J2^5+0.0050056485*J1^1*J2^3*(J2-J1)^1+-0.0031008442*J2^4*(J2-J1)^1+0},
{0,0,0,0,0,0,0.0000714505*J1^2*J2^3+0.0009581933*J1^1*J2^4+0.0006218553*J2^5+0,-0.0004002803*J1^2*J2^3+0.0017540540*J1^1*J2^4+-0.0004002803*J2^5+0,0,0,0,0,0,0,-0.0013402115*J1^2*J2^3+-0.0008036212*J1^1*J2^4+0.0001478240*J2^5+0,-0.0023288455*J1^2*J2^3+0.0009279418*J1^1*J2^4+0.0002485075*J2^5+0,0,0,0,0,0,0,-0.0009100674*J1^2*J2^3+0.0006279099*J1^1*J2^4+0.0013889300*J2^5+0,-0.0001560881*J1^2*J2^3+0.0006141189*J1^1*J2^4+0.0001809646*J2^5+0,0,0,0,0,0,0,0.0007075557*J1^2*J2^3+-0.0004950629*J1^1*J2^4+0.0002124928*J2^5+0.0003898212*J1^1*J2^3*(J2-J1)^1+0.0011192290*J2^4*(J2-J1)^1+0,-0.0013368940*J1^2*J2^3+0.0029100176*J1^1*J2^4+-0.0013277581*J2^5+0.0006566283*J1^1*J2^3*(J2-J1)^1+0.0004547673*J2^4*(J2-J1)^1+0,0,0,0,0,0,0,-0.0006781684*J1^2*J2^3+-0.0016682943*J1^1*J2^4+-0.0001627604*J1^1*J2^3*(J2-J1)^1+0,-0.0006160241*J1^2*J2^3+-0.0000365438*J1^1*J2^4+-0.0007021630*J2^5+-0.0005638186*J2^4*(J2-J1)^1+0,0,0,0,0,0,0,0.0012356082*J1^2*J2^3+0.0006377848*J1^1*J2^4+-0.0005147036*J2^5+-0.0011665193*J1^1*J2^3*(J2-J1)^1+0.0012205117*J2^4*(J2-J1)^1+0,-0.0005515688*J1^2*J2^3+0.0022705686*J1^1*J2^4+-0.0009345600*J2^5+0.0003650465*J1^1*J2^3*(J2-J1)^1+-0.0001714488*J2^4*(J2-J1)^1+0,0,0,0,0,0,0,0,0,0,0,0,0,0,0,0,0,0,0,0,0,0,0,0,0,0,0,0,0,-0.0002721208*J1^2*J2^3+0.0000430695*J1^1*J2^4+0.0043226094*J1^1*J2^3*(J2-J1)^1+0,0.0000987112*J1^2*J2^3+-0.0002810631*J1^1*J2^4+0.0000501091*J2^5+0.0006510417*J2^4*(J2-J1)^1+0,-0.0000734682*J1^2*J2^3+-0.0005922671*J1^1*J2^4+0.0005334925*J2^5+0.0005425347*J1^1*J2^3*(J2-J1)^1+0,-0.0004924712*J1^2*J2^3+0.0015069967*J1^1*J2^4+-0.0010908759*J2^5+0.0010649907*J1^1*J2^3*(J2-J1)^1+-0.0018167489*J2^4*(J2-J1)^1+0,0,0,0,0,0,0,0,0,0,0,0,0,0.0003848369*J1^2*J2^3+-0.0000609094*J1^1*J2^4+-0.0025249732*J1^1*J2^3*(J2-J1)^1+0,-0.0001395987*J1^2*J2^3+0.0003974833*J1^1*J2^4+-0.0000708650*J2^5+0.0011508899*J2^4*(J2-J1)^1+0,0.0001038998*J1^2*J2^3+0.0008375921*J1^1*J2^4+-0.0007544723*J2^5+0.0033759438*J1^1*J2^3*(J2-J1)^1+-0.0020716019*J2^4*(J2-J1)^1+0,0.0006964595*J1^2*J2^3+-0.0021312152*J1^1*J2^4+0.0015427315*J2^5+-0.0027021642*J1^1*J2^3*(J2-J1)^1+0.0049613508*J2^4*(J2-J1)^1+0},
{0,0,0,0,0,0,0.0015168384*J1^2*J2^3+-0.0000487154*J1^1*J2^4+-0.0012194028*J2^5+0,0.0014720050*J1^2*J2^3+-0.0010371735*J1^1*J2^4+-0.0002912329*J2^5+0,0,0,0,0,0,0,0.0007018150*J1^2*J2^3+-0.0010658995*J1^1*J2^4+-0.0014930849*J2^5+0,0.0003585474*J1^2*J2^3+-0.0015141296*J1^1*J2^4+0.0000833449*J2^5+0,0,0,0,0,0,0,0.0015613667*J1^2*J2^3+-0.0004887316*J1^1*J2^4+-0.0014303396*J2^5+0,0.0023184394*J1^2*J2^3+-0.0025444022*J1^1*J2^4+0.0000194420*J2^5+0,0,0,0,0,0,0,-0.0013368940*J1^2*J2^3+0.0029100176*J1^1*J2^4+-0.0013277581*J2^5+0.0006566283*J1^1*J2^3*(J2-J1)^1+0.0000788882*J2^4*(J2-J1)^1+0,0.0022512679*J1^2*J2^3+-0.0038552618*J1^1*J2^4+0.0017456557*J2^5+-0.0002719372*J1^1*J2^3*(J2-J1)^1+0.0008352356*J2^4*(J2-J1)^1+0,0,0,0,0,0,0,-0.0006160241*J1^2*J2^3+-0.0000365438*J1^1*J2^4+-0.0007021630*J2^5+0.0001879395*J2^4*(J2-J1)^1+0,0.0000331549*J1^2*J2^3+-0.0016260971*J1^1*J2^4+0.0008107880*J2^5+-0.0003797743*J1^1*J2^3*(J2-J1)^1+0.0002170139*J2^4*(J2-J1)^1+0,0,0,0,0,0,0,-0.0005515688*J1^2*J2^3+0.0022705686*J1^1*J2^4+-0.0009345600*J2^5+0.0008966198*J1^1*J2^3*(J2-J1)^1+-0.0009688087*J2^4*(J2-J1)^1+0,0.0018725050*J1^2*J2^3+-0.0019840419*J1^1*J2^4+0.0005644334*J2^5+-0.0016562396*J1^1*J2^3*(J2-J1)^1+0.0017083375*J2^4*(J2-J1)^1+0,0,0,0,0,0,0,0,0,0,0,0,0,0,0,0,0,0,0,0,0,0,0,0,0,0,0,0,0,0.0000987112*J1^2*J2^3+-0.0002810631*J1^1*J2^4+0.0000501091*J2^5+0.0034722222*J2^4*(J2-J1)^1+0,-0.0003861026*J1^2*J2^3+0.0003676132*J1^1*J2^4+-0.0000578610*J2^5+0.0033202652*J1^1*J2^3*(J2-J1)^1+-0.0023805675*J2^4*(J2-J1)^1+0,-0.0004924712*J1^2*J2^3+0.0015069967*J1^1*J2^4+-0.0010908759*J2^5+-0.0005638186*J1^1*J2^3*(J2-J1)^1+0.0014408698*J2^4*(J2-J1)^1+0,0.0004951885*J1^2*J2^3+-0.0023323970*J1^1*J2^4+0.0017931275*J2^5+-0.0009042245*J1^1*J2^3*(J2-J1)^1+0.0007957176*J2^4*(J2-J1)^1+0,0,0,0,0,0,0,0,0,0,0,0,0,-0.0001395987*J1^2*J2^3+0.0003974833*J1^1*J2^4+-0.0000708650*J2^5+-0.0028388619*J2^4*(J2-J1)^1+0,0.0005460316*J1^2*J2^3+-0.0005198836*J1^1*J2^4+0.0000818278*J2^5+-0.0011074444*J1^1*J2^3*(J2-J1)^1+0.0009745510*J2^4*(J2-J1)^1+0,0.0006964595*J1^2*J2^3+-0.0021312152*J1^1*J2^4+0.0015427315*J2^5+-0.0003986800*J1^1*J2^3*(J2-J1)^1+0.0003543822*J2^4*(J2-J1)^1+0,-0.0007003023*J1^2*J2^3+0.0032985074*J1^1*J2^4+-0.0025358652*J2^5+0.0068030383*J1^1*J2^3*(J2-J1)^1+-0.0059590524*J2^4*(J2-J1)^1+0},
{-0.0049544974*J1^1*J2^4+0,-0.0010770850*J1^2*J2^3+-0.0016596396*J1^1*J2^4+-0.0001237559*J2^5+0,0,0,0,0,0,0,0.0007619599*J1^2*J2^3+0.0052260662*J2^5+0,0.0023213144*J1^2*J2^3+0.0013919127*J1^1*J2^4+-0.0002560386*J2^5+0,0,0,0,0,0,0,-0.0007923025*J1^2*J2^3+-0.0023195050*J1^1*J2^4+-0.0002085100*J2^5+0,-0.0020686445*J1^2*J2^3+-0.0010875719*J1^1*J2^4+0.0012392302*J2^5+0,0,0,0,0,0,0,-0.0010104709*J1^2*J2^3+-0.0002644857*J1^1*J2^4+-0.0011031539*J1^1*J2^3*(J2-J1)^1+0,0.0007269606*J1^2*J2^3+-0.0023636008*J1^1*J2^4+0.0009005436*J2^5+-0.0013573411*J2^4*(J2-J1)^1+0,0,0,0,0,0,0,0.0010986328*J1^2*J2^3+0.0059407552*J2^5+-0.0014648438*J2^4*(J2-J1)^1+0,-0.0029522170*J1^2*J2^3+0.0083554787*J1^1*J2^4+-0.0013390692*J2^5+0.0005638186*J1^1*J2^3*(J2-J1)^1+0,0,0,0,0,0,0,-0.0007241016*J1^2*J2^3+-0.0033519670*J1^1*J2^4+-0.0012020406*J1^1*J2^3*(J2-J1)^1+0,-0.0019980142*J1^2*J2^3+0.0015937970*J1^1*J2^4+-0.0019491021*J2^5+-0.0011812740*J2^4*(J2-J1)^1+0,0,0,0,0,0,0,0,0,0,0,0,0,0,0,0,0,0,0,0,0,0,0,0,0,0,0,0,0,0,0,0,0,0,0,0,0,0,0,0.0007222493*J1^2*J2^3+-0.0019124349*J2^5+0.0205078125*J2^4*(J2-J1)^1+0,-0.0023100902*J1^2*J2^3+0.0026076611*J1^1*J2^4+-0.0009847249*J2^5+0.0022552745*J1^1*J2^3*(J2-J1)^1+0,-0.0008163624*J1^2*J2^3+0.0001292084*J1^1*J2^4+0.0016914559*J1^1*J2^3*(J2-J1)^1+0,0.0013224284*J1^2*J2^3+-0.0008431894*J1^1*J2^4+-0.0008759675*J2^5+-0.0045572917*J2^4*(J2-J1)^1+0,0,0,0,0,0,0,0,0,0,0,0,0},
{0.0002069945*J1^2*J2^3+0.0018938679*J1^1*J2^4+-0.0028470230*J2^5+0,0.0003488297*J1^2*J2^3+0.0000843775*J1^1*J2^4+-0.0008640033*J2^5+0,0,0,0,0,0,0,0.0006469123*J1^2*J2^3+0.0047543483*J1^1*J2^4+0.0001702477*J2^5+0,0.0023108965*J1^2*J2^3+0.0018461921*J1^1*J2^4+-0.0009403768*J2^5+0,0,0,0,0,0,0,-0.0001647016*J1^2*J2^3+0.0053844970*J1^1*J2^4+-0.0041466819*J2^5+0,0.0001784235*J1^2*J2^3+0.0008465080*J1^1*J2^4+-0.0004053690*J2^5+0,0,0,0,0,0,0,0.0007269606*J1^2*J2^3+-0.0023636008*J1^1*J2^4+0.0009005436*J2^5+-0.0002297039*J2^4*(J2-J1)^1+0,-0.0018498927*J1^2*J2^3+0.0024647654*J1^1*J2^4+-0.0010398582*J2^5+-0.0014648437*J1^1*J2^3*(J2-J1)^1+0.0009162809*J2^4*(J2-J1)^1+0,0,0,0,0,0,0,-0.0029522170*J1^2*J2^3+0.0083554787*J1^1*J2^4+-0.0013390692*J2^5+-0.0016914559*J1^1*J2^3*(J2-J1)^1+0,0.0045075593*J1^2*J2^3+-0.0096480758*J1^1*J2^4+0.0074869792*J2^5+0.0006510417*J1^1*J2^3*(J2-J1)^1+-0.0008138021*J2^4*(J2-J1)^1+0,0,0,0,0,0,0,-0.0019980142*J1^2*J2^3+0.0015937970*J1^1*J2^4+-0.0019491021*J2^5+-0.0003839140*J2^4*(J2-J1)^1+0,0.0015830065*J1^2*J2^3+-0.0051923252*J1^1*J2^4+0.0022506292*J2^5+-0.0014066433*J1^1*J2^3*(J2-J1)^1+0.0009036617*J2^4*(J2-J1)^1+0,0,0,0,0,0,0,0,0,0,0,0,0,0,0,0,0,0,0,0,0,0,0,0,0,0,0,0,0,0,0,0,0,0,0,0,0,0,0,-0.0023100902*J1^2*J2^3+0.0026076611*J1^1*J2^4+-0.0009847249*J2^5+0.0169145587*J1^1*J2^3*(J2-J1)^1+0,0.0033897117*J1^2*J2^3+-0.0030110677*J1^1*J2^4+-0.0007753725*J2^5+-0.0110677083*J1^1*J2^3*(J2-J1)^1+0.0152994792*J2^4*(J2-J1)^1+0,0.0013224284*J1^2*J2^3+-0.0008431894*J1^1*J2^4+-0.0008759675*J2^5+0.0039062500*J2^4*(J2-J1)^1+0,-0.0023433711*J1^2*J2^3+0.0011028397*J1^1*J2^4+0.0010114802*J2^5+-0.0013155768*J1^1*J2^3*(J2-J1)^1+0.0003758791*J2^4*(J2-J1)^1+0,0,0,0,0,0,0,0,0,0,0,0,0},
{-0.0001237559*J1^2*J2^3+-0.0016596396*J1^1*J2^4+-0.0010770850*J2^5+0,0.0006933058*J1^2*J2^3+-0.0030381107*J1^1*J2^4+0.0006933058*J2^5+0,0,0,0,0,0,0,0.0023213144*J1^2*J2^3+0.0013919127*J1^1*J2^4+-0.0002560386*J2^5+0,0.0040336787*J1^2*J2^3+-0.0016072424*J1^1*J2^4+-0.0004304276*J2^5+0,0,0,0,0,0,0,0.0015762830*J1^2*J2^3+-0.0010875719*J1^1*J2^4+-0.0024056973*J2^5+0,0.0002703526*J1^2*J2^3+-0.0010636852*J1^1*J2^4+-0.0003134399*J2^5+0,0,0,0,0,0,0,-0.0012255224*J1^2*J2^3+0.0008574742*J1^1*J2^4+-0.0003680483*J2^5+-0.0015243985*J1^1*J2^3*(J2-J1)^1+-0.0010858729*J2^4*(J2-J1)^1+0,0.0023155683*J1^2*J2^3+-0.0050402983*J1^1*J2^4+0.0022997444*J2^5+-0.0006450135*J1^1*J2^3*(J2-J1)^1+-0.0012779707*J2^4*(J2-J1)^1+0,0,0,0,0,0,0,0.0011746221*J1^2*J2^3+0.0028895704*J1^1*J2^4+0.0011276372*J1^1*J2^3*(J2-J1)^1+0,0.0010669850*J1^2*J2^3+0.0000632957*J1^1*J2^4+0.0012161820*J2^5+0.0014648437*J2^4*(J2-J1)^1+0,0,0,0,0,0,0,-0.0021401362*J1^2*J2^3+-0.0011046758*J1^1*J2^4+0.0008914927*J2^5+0.0014249117*J1^1*J2^3*(J2-J1)^1+-0.0021189102*J2^4*(J2-J1)^1+0,0.0009553452*J1^2*J2^3+-0.0039327401*J1^1*J2^4+0.0016187054*J2^5+-0.0006351207*J1^1*J2^3*(J2-J1)^1+-0.0000468881*J2^4*(J2-J1)^1+0,0,0,0,0,0,0,0,0,0,0,0,0,0,0,0,0,0,0,0,0,0,0,0,0,0,0,0,0,0,0,0,0,0,0,0,0,0,0,-0.0008163624*J1^2*J2^3+0.0001292084*J1^1*J2^4+0.0146592842*J1^1*J2^3*(J2-J1)^1+0,0.0002961335*J1^2*J2^3+-0.0008431894*J1^1*J2^4+0.0001503273*J2^5+0.0029296875*J2^4*(J2-J1)^1+0,-0.0002204047*J1^2*J2^3+-0.0017768012*J1^1*J2^4+0.0016004774*J2^5+0.0035807292*J1^1*J2^3*(J2-J1)^1+-0.0009765625*J2^4*(J2-J1)^1+0,-0.0014774136*J1^2*J2^3+0.0045209901*J1^1*J2^4+-0.0032726278*J2^5+0.0026311536*J1^1*J2^3*(J2-J1)^1+-0.0043226094*J2^4*(J2-J1)^1+0,0,0,0,0,0,0,0,0,0,0,0,0},
{-0.0026272411*J1^2*J2^3+0.0000843775*J1^1*J2^4+0.0021120676*J2^5+0,-0.0025495874*J1^2*J2^3+0.0017964371*J1^1*J2^4+0.0005044301*J2^5+0,0,0,0,0,0,0,-0.0012155792*J1^2*J2^3+0.0018461921*J1^1*J2^4+0.0025860989*J2^5+0,-0.0006210222*J1^2*J2^3+0.0026225493*J1^1*J2^4+-0.0001443577*J2^5+0,0,0,0,0,0,0,-0.0027043664*J1^2*J2^3+0.0008465080*J1^1*J2^4+0.0024774208*J2^5+0,-0.0040156548*J1^2*J2^3+0.0044070338*J1^1*J2^4+-0.0000336745*J2^5+0,0,0,0,0,0,0,0.0023155683*J1^2*J2^3+-0.0050402983*J1^1*J2^4+0.0022997444*J2^5+-0.0006450135*J1^1*J2^3*(J2-J1)^1+-0.0006269290*J2^4*(J2-J1)^1+0,-0.0038993104*J1^2*J2^3+0.0066775093*J1^1*J2^4+-0.0030235644*J2^5+-0.0009466584*J1^1*J2^3*(J2-J1)^1+-0.0000278429*J2^4*(J2-J1)^1+0,0,0,0,0,0,0,0.0010669850*J1^2*J2^3+0.0000632957*J1^1*J2^4+0.0012161820*J2^5+0.0001627604*J2^4*(J2-J1)^1+0,-0.0000574260*J1^2*J2^3+0.0028164828*J1^1*J2^4+-0.0014043260*J2^5+0.0015035163*J1^1*J2^3*(J2-J1)^1+-0.0009396977*J2^4*(J2-J1)^1+0,0,0,0,0,0,0,0.0009553452*J1^2*J2^3+-0.0039327401*J1^1*J2^4+0.0016187054*J2^5+-0.0015558327*J1^1*J2^3*(J2-J1)^1+0.0013341798*J2^4*(J2-J1)^1+0,-0.0032432739*J1^2*J2^3+0.0034364614*J1^1*J2^4+-0.0009776273*J2^5+0.0022764134*J1^1*J2^3*(J2-J1)^1+-0.0025668099*J2^4*(J2-J1)^1+0,0,0,0,0,0,0,0,0,0,0,0,0,0,0,0,0,0,0,0,0,0,0,0,0,0,0,0,0,0,0,0,0,0,0,0,0,0,0,0.0002961335*J1^2*J2^3+-0.0008431894*J1^1*J2^4+0.0001503273*J2^5+0.0113932292*J2^4*(J2-J1)^1+0,-0.0011583079*J1^2*J2^3+0.0011028397*J1^1*J2^4+-0.0001735830*J2^5+0.0116522515*J1^1*J2^3*(J2-J1)^1+-0.0082693398*J2^4*(J2-J1)^1+0,-0.0014774136*J1^2*J2^3+0.0045209901*J1^1*J2^4+-0.0032726278*J2^5+-0.0022552745*J1^1*J2^3*(J2-J1)^1+0.0054502467*J2^4*(J2-J1)^1+0,0.0014855656*J1^2*J2^3+-0.0069971909*J1^1*J2^4+0.0053793825*J2^5+-0.0001085069*J1^1*J2^3*(J2-J1)^1+0.0001085069*J2^4*(J2-J1)^1+0,0,0,0,0,0,0,0,0,0,0,0,0},
{0,0,0,0,-0.0049544974*J1^1*J2^4+0,-0.0010770850*J1^2*J2^3+-0.0016596396*J1^1*J2^4+-0.0001237559*J2^5+0,0,0,0,0,0,0,0.0007619599*J1^2*J2^3+0.0052260662*J2^5+0,0.0023213144*J1^2*J2^3+0.0013919127*J1^1*J2^4+-0.0002560386*J2^5+0,0,0,0,0,0,0,-0.0007923025*J1^2*J2^3+-0.0023195050*J1^1*J2^4+-0.0002085100*J2^5+0,-0.0020686445*J1^2*J2^3+-0.0010875719*J1^1*J2^4+0.0012392302*J2^5+0,0,0,0,0,0,0,-0.0010104709*J1^2*J2^3+-0.0002644857*J1^1*J2^4+-0.0002953800*J1^1*J2^3*(J2-J1)^1+0,0.0007269606*J1^2*J2^3+-0.0023636008*J1^1*J2^4+0.0009005436*J2^5+-0.0008909726*J2^4*(J2-J1)^1+0,0,0,0,0,0,0,0.0010986328*J1^2*J2^3+0.0059407552*J2^5+-0.0043945312*J2^4*(J2-J1)^1+0,-0.0029522170*J1^2*J2^3+0.0083554787*J1^1*J2^4+-0.0013390692*J2^5+-0.0011276372*J1^1*J2^3*(J2-J1)^1+0,0,0,0,0,0,0,-0.0007241016*J1^2*J2^3+-0.0033519670*J1^1*J2^4+0.0002983789*J1^1*J2^3*(J2-J1)^1+0,-0.0019980142*J1^2*J2^3+0.0015937970*J1^1*J2^4+-0.0019491021*J2^5+-0.0003150064*J2^4*(J2-J1)^1+0,0,0,0,0,0,0,0,0,0,0,0,0,0,0,0,0,0,0,0,0,0,0,0,0,0,0,-0.0004169909*J1^2*J2^3+0.0011041448*J2^5+-0.0169145587*J2^4*(J2-J1)^1+0,0.0013337312*J1^2*J2^3+-0.0015055339*J1^1*J2^4+0.0005685312*J2^5+-0.0042317708*J1^1*J2^3*(J2-J1)^1+0,0.0004713270*J1^2*J2^3+-0.0000745985*J1^1*J2^4+-0.0039062500*J1^1*J2^3*(J2-J1)^1+0,-0.0007635044*J1^2*J2^3+0.0004868156*J1^1*J2^4+0.0005057401*J2^5+0.0009396977*J2^4*(J2-J1)^1+0,0,0,0,0,0,0,0,0,0,0,0,0,0.0005897141*J1^2*J2^3+-0.0015614966*J2^5+0.0131564390*J2^4*(J2-J1)^1+0,-0.0018861807*J1^2*J2^3+0.0021291464*J1^1*J2^4+-0.0008040245*J2^5+-0.0002301780*J1^1*J2^3*(J2-J1)^1+0,-0.0006665571*J1^2*J2^3+0.0001054982*J1^1*J2^4+-0.0006905340*J1^1*J2^3*(J2-J1)^1+0,0.0010797583*J1^2*J2^3+-0.0006884612*J1^1*J2^4+-0.0007152245*J2^5+-0.0049170530*J2^4*(J2-J1)^1+0,0,0,0,0},
{0,0,0,0,0.0002069945*J1^2*J2^3+0.0018938679*J1^1*J2^4+-0.0028470230*J2^5+0,0.0003488297*J1^2*J2^3+0.0000843775*J1^1*J2^4+-0.0008640033*J2^5+0,0,0,0,0,0,0,0.0006469123*J1^2*J2^3+0.0047543483*J1^1*J2^4+0.0001702477*J2^5+0,0.0023108965*J1^2*J2^3+0.0018461921*J1^1*J2^4+-0.0009403768*J2^5+0,0,0,0,0,0,0,-0.0001647016*J1^2*J2^3+0.0053844970*J1^1*J2^4+-0.0041466819*J2^5+0,0.0001784235*J1^2*J2^3+0.0008465080*J1^1*J2^4+-0.0004053690*J2^5+0,0,0,0,0,0,0,0.0007269606*J1^2*J2^3+-0.0023636008*J1^1*J2^4+0.0009005436*J2^5+0.0002366646*J2^4*(J2-J1)^1+0,-0.0018498927*J1^2*J2^3+0.0024647654*J1^1*J2^4+-0.0010398582*J2^5+-0.0006570698*J1^1*J2^3*(J2-J1)^1+0.0003777649*J2^4*(J2-J1)^1+0,0,0,0,0,0,0,-0.0029522170*J1^2*J2^3+0.0083554787*J1^1*J2^4+-0.0013390692*J2^5+-0.0033829117*J1^1*J2^3*(J2-J1)^1+0,0.0045075593*J1^2*J2^3+-0.0096480758*J1^1*J2^4+0.0074869792*J2^5+0.0026041667*J1^1*J2^3*(J2-J1)^1+-0.0037434896*J2^4*(J2-J1)^1+0,0,0,0,0,0,0,-0.0019980142*J1^2*J2^3+0.0015937970*J1^1*J2^4+-0.0019491021*J2^5+0.0004823535*J2^4*(J2-J1)^1+0,0.0015830065*J1^2*J2^3+-0.0051923252*J1^1*J2^4+0.0022506292*J2^5+0.0000937762*J1^1*J2^3*(J2-J1)^1+-0.0000966179*J2^4*(J2-J1)^1+0,0,0,0,0,0,0,0,0,0,0,0,0,0,0,0,0,0,0,0,0,0,0,0,0,0,0,0.0013337312*J1^2*J2^3+-0.0015055339*J1^1*J2^4+0.0005685312*J2^5+-0.0126953125*J1^1*J2^3*(J2-J1)^1+0,-0.0019570510*J1^2*J2^3+0.0017384408*J1^1*J2^4+0.0004476615*J2^5+0.0097728561*J1^1*J2^3*(J2-J1)^1+-0.0139075260*J2^4*(J2-J1)^1+0,-0.0007635044*J1^2*J2^3+0.0004868156*J1^1*J2^4+0.0005057401*J2^5+-0.0039467304*J2^4*(J2-J1)^1+0,0.0013529460*J1^2*J2^3+-0.0006367248*J1^1*J2^4+-0.0005839783*J2^5+-0.0021701389*J1^1*J2^3*(J2-J1)^1+0.0017361111*J2^4*(J2-J1)^1+0,0,0,0,0,0,0,0,0,0,0,0,0,-0.0018861807*J1^2*J2^3+0.0021291464*J1^1*J2^4+-0.0008040245*J2^5+0.0117390774*J1^1*J2^3*(J2-J1)^1+0,0.0027676880*J1^2*J2^3+-0.0024585265*J1^1*J2^4+-0.0006330890*J2^5+-0.0066446662*J1^1*J2^3*(J2-J1)^1+0.0089038527*J2^4*(J2-J1)^1+0,0.0010797583*J1^2*J2^3+-0.0006884612*J1^1*J2^4+-0.0007152245*J2^5+0.0019933999*J2^4*(J2-J1)^1+0,-0.0019133545*J1^2*J2^3+0.0009004648*J1^1*J2^4+0.0008258701*J2^5+-0.0031457658*J1^1*J2^3*(J2-J1)^1+0.0016879719*J2^4*(J2-J1)^1+0,0,0,0,0},
{0,0,0,0,-0.0001237559*J1^2*J2^3+-0.0016596396*J1^1*J2^4+-0.0010770850*J2^5+0,0.0006933058*J1^2*J2^3+-0.0030381107*J1^1*J2^4+0.0006933058*J2^5+0,0,0,0,0,0,0,0.0023213144*J1^2*J2^3+0.0013919127*J1^1*J2^4+-0.0002560386*J2^5+0,0.0040336787*J1^2*J2^3+-0.0016072424*J1^1*J2^4+-0.0004304276*J2^5+0,0,0,0,0,0,0,0.0015762830*J1^2*J2^3+-0.0010875719*J1^1*J2^4+-0.0024056973*J2^5+0,0.0002703526*J1^2*J2^3+-0.0010636852*J1^1*J2^4+-0.0003134399*J2^5+0,0,0,0,0,0,0,-0.0012255224*J1^2*J2^3+0.0008574742*J1^1*J2^4+-0.0003680483*J2^5+-0.0002993111*J1^1*J2^3*(J2-J1)^1+-0.0018445918*J2^4*(J2-J1)^1+0,0.0023155683*J1^2*J2^3+-0.0050402983*J1^1*J2^4+0.0022997444*J2^5+-0.0010830601*J1^1*J2^3*(J2-J1)^1+-0.0005706662*J2^4*(J2-J1)^1+0,0,0,0,0,0,0,0.0011746221*J1^2*J2^3+0.0028895704*J1^1*J2^4+-0.0005638186*J1^1*J2^3*(J2-J1)^1+0,0.0010669850*J1^2*J2^3+0.0000632957*J1^1*J2^4+0.0012161820*J2^5+0.0004882812*J2^4*(J2-J1)^1+0,0,0,0,0,0,0,-0.0021401362*J1^2*J2^3+-0.0011046758*J1^1*J2^4+0.0008914927*J2^5+0.0029507240*J1^1*J2^3*(J2-J1)^1+-0.0027784549*J2^4*(J2-J1)^1+0,0.0009553452*J1^2*J2^3+-0.0039327401*J1^1*J2^4+0.0016187054*J2^5+-0.0010159090*J1^1*J2^3*(J2-J1)^1+0.0008340400*J2^4*(J2-J1)^1+0,0,0,0,0,0,0,0,0,0,0,0,0,0,0,0,0,0,0,0,0,0,0,0,0,0,0,0.0004713270*J1^2*J2^3+-0.0000745985*J1^1*J2^4+-0.0113932292*J1^1*J2^3*(J2-J1)^1+0,-0.0001709728*J1^2*J2^3+0.0004868156*J1^1*J2^4+-0.0000867915*J2^5+-0.0033829117*J2^4*(J2-J1)^1+0,0.0001272507*J1^2*J2^3+0.0010258367*J1^1*J2^4+-0.0009240361*J2^5+-0.0054502467*J1^1*J2^3*(J2-J1)^1+0.0022552745*J2^4*(J2-J1)^1+0,0.0008529851*J1^2*J2^3+-0.0026101948*J1^1*J2^4+0.0018894525*J2^5+-0.0005425347*J1^1*J2^3*(J2-J1)^1+0.0005425347*J2^4*(J2-J1)^1+0,0,0,0,0,0,0,0,0,0,0,0,0,-0.0006665571*J1^2*J2^3+0.0001054982*J1^1*J2^4+0.0098976535*J1^1*J2^3*(J2-J1)^1+0,0.0002417920*J1^2*J2^3+-0.0006884612*J1^1*J2^4+0.0001227418*J2^5+0.0011960399*J2^4*(J2-J1)^1+0,-0.0001799597*J1^2*J2^3+-0.0014507521*J1^1*J2^4+0.0013067843*J2^5+0.0005315733*J1^1*J2^3*(J2-J1)^1+0.0003986800*J2^4*(J2-J1)^1+0,-0.0012063032*J1^2*J2^3+0.0036913729*J1^1*J2^4+-0.0026720894*J2^5+0.0028388619*J1^1*J2^3*(J2-J1)^1+-0.0049104638*J2^4*(J2-J1)^1+0,0,0,0,0},
{0,0,0,0,-0.0026272411*J1^2*J2^3+0.0000843775*J1^1*J2^4+0.0021120676*J2^5+0,-0.0025495874*J1^2*J2^3+0.0017964371*J1^1*J2^4+0.0005044301*J2^5+0,0,0,0,0,0,0,-0.0012155792*J1^2*J2^3+0.0018461921*J1^1*J2^4+0.0025860989*J2^5+0,-0.0006210222*J1^2*J2^3+0.0026225493*J1^1*J2^4+-0.0001443577*J2^5+0,0,0,0,0,0,0,-0.0027043664*J1^2*J2^3+0.0008465080*J1^1*J2^4+0.0024774208*J2^5+0,-0.0040156548*J1^2*J2^3+0.0044070338*J1^1*J2^4+-0.0000336745*J2^5+0,0,0,0,0,0,0,0.0023155683*J1^2*J2^3+-0.0050402983*J1^1*J2^4+0.0022997444*J2^5+-0.0010830601*J1^1*J2^3*(J2-J1)^1+0.0000803755*J2^4*(J2-J1)^1+0,-0.0038993104*J1^2*J2^3+0.0066775093*J1^1*J2^4+-0.0030235644*J2^5+0.0007842415*J1^1*J2^3*(J2-J1)^1+-0.0016032867*J2^4*(J2-J1)^1+0,0,0,0,0,0,0,0.0010669850*J1^2*J2^3+0.0000632957*J1^1*J2^4+0.0012161820*J2^5+-0.0008138021*J2^4*(J2-J1)^1+0,-0.0000574260*J1^2*J2^3+0.0028164828*J1^1*J2^4+-0.0014043260*J2^5+-0.0001879395*J1^1*J2^3*(J2-J1)^1+0.0001879395*J2^4*(J2-J1)^1+0,0,0,0,0,0,0,0.0009553452*J1^2*J2^3+-0.0039327401*J1^1*J2^4+0.0016187054*J2^5+-0.0019366210*J1^1*J2^3*(J2-J1)^1+0.0022151079*J2^4*(J2-J1)^1+0,-0.0032432739*J1^2*J2^3+0.0034364614*J1^1*J2^4+-0.0009776273*J2^5+0.0042419221*J1^1*J2^3*(J2-J1)^1+-0.0042435627*J2^4*(J2-J1)^1+0,0,0,0,0,0,0,0,0,0,0,0,0,0,0,0,0,0,0,0,0,0,0,0,0,0,0,-0.0001709728*J1^2*J2^3+0.0004868156*J1^1*J2^4+-0.0000867915*J2^5+-0.0082693398*J2^4*(J2-J1)^1+0,0.0006687494*J1^2*J2^3+-0.0006367248*J1^1*J2^4+0.0001002182*J2^5+-0.0096571181*J1^1*J2^3*(J2-J1)^1+0.0067274306*J2^4*(J2-J1)^1+0,0.0008529851*J1^2*J2^3+-0.0026101948*J1^1*J2^4+0.0018894525*J2^5+0.0022786458*J1^1*J2^3*(J2-J1)^1+-0.0050998264*J2^4*(J2-J1)^1+0,-0.0008576917*J1^2*J2^3+0.0040398300*J1^1*J2^4+-0.0031057879*J2^5+-0.0044479025*J1^1*J2^3*(J2-J1)^1+0.0038840838*J2^4*(J2-J1)^1+0,0,0,0,0,0,0,0,0,0,0,0,0,0.0002417920*J1^2*J2^3+-0.0006884612*J1^1*J2^4+0.0001227418*J2^5+0.0081064927*J2^4*(J2-J1)^1+0,-0.0009457545*J1^2*J2^3+0.0009004648*J1^1*J2^4+-0.0001417300*J2^5+0.0074424216*J1^1*J2^3*(J2-J1)^1+-0.0053708197*J2^4*(J2-J1)^1+0,-0.0012063032*J1^2*J2^3+0.0036913729*J1^1*J2^4+-0.0026720894*J2^5+-0.0011508899*J1^1*J2^3*(J2-J1)^1+0.0030690398*J2^4*(J2-J1)^1+0,0.0012129592*J1^2*J2^3+-0.0057131824*J1^1*J2^4+0.0043922474*J2^5+-0.0032780353*J1^1*J2^3*(J2-J1)^1+0.0028793553*J2^4*(J2-J1)^1+0,0,0,0,0},
{0,0,-0.0040453302*J1^1*J2^4+0,-0.0008794362*J1^2*J2^3+-0.0013550900*J1^1*J2^4+-0.0001010462*J2^5+0,0,0,0,0,0,0,0.0006221376*J1^2*J2^3+0.0042670652*J2^5+0,0.0018953452*J1^2*J2^3+0.0011364920*J1^1*J2^4+-0.0002090547*J2^5+0,0,0,0,0,0,0,-0.0006469123*J1^2*J2^3+-0.0018938679*J1^1*J2^4+-0.0001702477*J2^5+0,-0.0016890412*J1^2*J2^3+-0.0008879987*J1^1*J2^4+0.0010118273*J2^5+0,0,0,0,0,0,0,-0.0008250461*J1^2*J2^3+-0.0002159517*J1^1*J2^4+-0.0012329547*J1^1*J2^3*(J2-J1)^1+0,0.0005935608*J1^2*J2^3+-0.0019298719*J1^1*J2^4+0.0007352908*J2^5+-0.0013000794*J2^4*(J2-J1)^1+0,0,0,0,0,0,0,0.0008970299*J1^2*J2^3+0.0048506063*J2^5+-0.0005980200*J2^4*(J2-J1)^1+0,-0.0024104750*J1^2*J2^3+0.0068222198*J1^1*J2^4+-0.0010933454*J2^5+0.0008056230*J1^1*J2^3*(J2-J1)^1+0,0,0,0,0,0,0,-0.0005912265*J1^2*J2^3+-0.0027368696*J1^1*J2^4+-0.0011694016*J1^1*J2^3*(J2-J1)^1+0,-0.0016313718*J1^2*J2^3+0.0013013298*J1^1*J2^4+-0.0015914352*J2^5+-0.0010730131*J2^4*(J2-J1)^1+0,0,0,0,0,0,0,0,0,0,0,0,0,0,0,0,0,0,0,0,0,0,0,0,0,0,0,0,0,0,0,0,0,0,0,0,0,0,0,0,0,0.0005897141*J1^2*J2^3+-0.0015614966*J2^5+0.0119603991*J2^4*(J2-J1)^1+0,-0.0018861807*J1^2*J2^3+0.0021291464*J1^1*J2^4+-0.0008040245*J2^5+-0.0009207120*J1^1*J2^3*(J2-J1)^1+0,-0.0006665571*J1^2*J2^3+0.0001054982*J1^1*J2^4+-0.0013810679*J1^1*J2^3*(J2-J1)^1+0,0.0010797583*J1^2*J2^3+-0.0006884612*J1^1*J2^4+-0.0007152245*J2^5+-0.0053157329*J2^4*(J2-J1)^1+0,0,0,0,0,0,0,0,0},
{0,0,0.0001690103*J1^2*J2^3+0.0015463367*J1^1*J2^4+-0.0023245846*J2^5+0,0.0002848183*J1^2*J2^3+0.0000688940*J1^1*J2^4+-0.0007054557*J2^5+0,0,0,0,0,0,0,0.0005282016*J1^2*J2^3+0.0038819092*J1^1*J2^4+0.0001390067*J2^5+0,0.0018868391*J1^2*J2^3+0.0015074095*J1^1*J2^4+-0.0007678144*J2^5+0,0,0,0,0,0,0,-0.0001344783*J1^2*J2^3+0.0043964234*J1^1*J2^4+-0.0033857516*J2^5+0,0.0001456821*J1^2*J2^3+0.0006911709*J1^1*J2^4+-0.0003309824*J2^5+0,0,0,0,0,0,0,0.0005935608*J1^2*J2^3+-0.0019298719*J1^1*J2^4+0.0007352908*J2^5+-0.0003793674*J2^4*(J2-J1)^1+0,-0.0015104311*J1^2*J2^3+0.0020124725*J1^1*J2^4+-0.0008490407*J2^5+-0.0015282732*J1^1*J2^3*(J2-J1)^1+0.0009696291*J2^4*(J2-J1)^1+0,0,0,0,0,0,0,-0.0024104750*J1^2*J2^3+0.0068222198*J1^1*J2^4+-0.0010933454*J2^5+-0.0010358009*J1^1*J2^3*(J2-J1)^1+0,0.0036804068*J1^2*J2^3+-0.0078776209*J1^1*J2^4+0.0061130929*J2^5+0.0001328933*J1^1*J2^3*(J2-J1)^1+-0.0000664467*J2^4*(J2-J1)^1+0,0,0,0,0,0,0,-0.0016313718*J1^2*J2^3+0.0013013298*J1^1*J2^4+-0.0015914352*J2^5+-0.0004219715*J2^4*(J2-J1)^1+0,0.0012925194*J1^2*J2^3+-0.0042395158*J1^1*J2^4+0.0018376311*J2^5+-0.0013364590*J1^1*J2^3*(J2-J1)^1+0.0008631297*J2^4*(J2-J1)^1+0,0,0,0,0,0,0,0,0,0,0,0,0,0,0,0,0,0,0,0,0,0,0,0,0,0,0,0,0,0,0,0,0,0,0,0,0,0,0,0,0,-0.0018861807*J1^2*J2^3+0.0021291464*J1^1*J2^4+-0.0008040245*J2^5+0.0110485435*J1^1*J2^3*(J2-J1)^1+0,0.0027676880*J1^2*J2^3+-0.0024585265*J1^1*J2^4+-0.0006330890*J2^5+-0.0058473062*J1^1*J2^3*(J2-J1)^1+0.0077078128*J2^4*(J2-J1)^1+0,0.0010797583*J1^2*J2^3+-0.0006884612*J1^1*J2^4+-0.0007152245*J2^5+0.0015947199*J2^4*(J2-J1)^1+0,-0.0019133545*J1^2*J2^3+0.0009004648*J1^1*J2^4+0.0008258701*J2^5+-0.0038362998*J1^1*J2^3*(J2-J1)^1+0.0021483279*J2^4*(J2-J1)^1+0,0,0,0,0,0,0,0,0},
{0,0,-0.0001010462*J1^2*J2^3+-0.0013550900*J1^1*J2^4+-0.0008794362*J2^5+0,0.0005660818*J1^2*J2^3+-0.0024806070*J1^1*J2^4+0.0005660818*J2^5+0,0,0,0,0,0,0,0.0018953452*J1^2*J2^3+0.0011364920*J1^1*J2^4+-0.0002090547*J2^5+0,0.0032934849*J1^2*J2^3+-0.0013123079*J1^1*J2^4+-0.0003514427*J2^5+0,0,0,0,0,0,0,0.0012870297*J1^2*J2^3+-0.0008879987*J1^1*J2^4+-0.0019642436*J2^5+0,0.0002207420*J1^2*J2^3+-0.0008684953*J1^1*J2^4+-0.0002559226*J2^5+0,0,0,0,0,0,0,-0.0010006349*J1^2*J2^3+0.0007001247*J1^1*J2^4+-0.0003005102*J2^5+-0.0013981182*J1^1*J2^3*(J2-J1)^1+-0.0009249745*J2^4*(J2-J1)^1+0,0.0018906536*J1^2*J2^3+-0.0041153863*J1^1*J2^4+0.0018777334*J2^5+-0.0005488002*J1^1*J2^3*(J2-J1)^1+-0.0011320542*J2^4*(J2-J1)^1+0,0,0,0,0,0,0,0.0009590750*J1^2*J2^3+0.0023593244*J1^1*J2^4+0.0012659789*J1^1*J2^3*(J2-J1)^1+0,0.0008711896*J1^2*J2^3+0.0000516807*J1^1*J2^4+0.0009930084*J2^5+0.0013953799*J2^4*(J2-J1)^1+0,0,0,0,0,0,0,-0.0017474139*J1^2*J2^3+-0.0009019640*J1^1*J2^4+0.0007279008*J2^5+0.0007836613*J1^1*J2^3*(J2-J1)^1+-0.0014588156*J2^4*(J2-J1)^1+0,0.0007800361*J1^2*J2^3+-0.0032110689*J1^1*J2^4+0.0013216674*J2^5+-0.0003619576*J1^1*J2^3*(J2-J1)^1+-0.0002575468*J2^4*(J2-J1)^1+0,0,0,0,0,0,0,0,0,0,0,0,0,0,0,0,0,0,0,0,0,0,0,0,0,0,0,0,0,0,0,0,0,0,0,0,0,0,0,0,0,-0.0006665571*J1^2*J2^3+0.0001054982*J1^1*J2^4+0.0092071195*J1^1*J2^3*(J2-J1)^1+0,0.0002417920*J1^2*J2^3+-0.0006884612*J1^1*J2^4+0.0001227418*J2^5+0.0007973599*J2^4*(J2-J1)^1+0,-0.0001799597*J1^2*J2^3+-0.0014507521*J1^1*J2^4+0.0013067843*J2^5+-0.0002657866*J1^1*J2^3*(J2-J1)^1+0.0007973599*J2^4*(J2-J1)^1+0,-0.0012063032*J1^2*J2^3+0.0036913729*J1^1*J2^4+-0.0026720894*J2^5+0.0030690398*J1^1*J2^3*(J2-J1)^1+-0.0053708197*J2^4*(J2-J1)^1+0,0,0,0,0,0,0,0,0},
{0,0,-0.0021451334*J1^2*J2^3+0.0000688940*J1^1*J2^4+0.0017244960*J2^5+0,-0.0020817294*J1^2*J2^3+0.0014667848*J1^1*J2^4+0.0004118655*J2^5+0,0,0,0,0,0,0,-0.0009925162*J1^2*J2^3+0.0015074095*J1^1*J2^4+0.0021115409*J2^5+0,-0.0005070625*J1^2*J2^3+0.0021413026*J1^1*J2^4+-0.0001178675*J2^5+0,0,0,0,0,0,0,-0.0022081059*J1^2*J2^3+0.0006911709*J1^1*J2^4+0.0020228057*J2^5+0,-0.0032787684*J1^2*J2^3+0.0035983281*J1^1*J2^4+-0.0000274951*J2^5+0,0,0,0,0,0,0,0.0018906536*J1^2*J2^3+-0.0041153863*J1^1*J2^4+0.0018777334*J2^5+-0.0005488002*J1^1*J2^3*(J2-J1)^1+-0.0006004809*J2^4*(J2-J1)^1+0,-0.0031837736*J1^2*J2^3+0.0054521635*J1^1*J2^4+-0.0024687300*J2^5+-0.0009008200*J1^1*J2^3*(J2-J1)^1+0.0000412047*J2^4*(J2-J1)^1+0,0,0,0,0,0,0,0.0008711896*J1^2*J2^3+0.0000516807*J1^1*J2^4+0.0009930084*J2^5+0.0003322333*J2^4*(J2-J1)^1+0,-0.0000468881*J1^2*J2^3+0.0022996486*J1^1*J2^4+-0.0011466274*J2^5+0.0015728829*J1^1*J2^3*(J2-J1)^1+-0.0009974380*J2^4*(J2-J1)^1+0,0,0,0,0,0,0,0.0007800361*J1^2*J2^3+-0.0032110689*J1^1*J2^4+0.0013216674*J2^5+-0.0011137158*J1^1*J2^3*(J2-J1)^1+0.0008700905*J2^4*(J2-J1)^1+0,-0.0026481220*J1^2*J2^3+0.0028058590*J1^1*J2^4+-0.0007982293*J2^5+0.0012980646*J1^1*J2^3*(J2-J1)^1+-0.0015713413*J2^4*(J2-J1)^1+0,0,0,0,0,0,0,0,0,0,0,0,0,0,0,0,0,0,0,0,0,0,0,0,0,0,0,0,0,0,0,0,0,0,0,0,0,0,0,0,0,0.0002417920*J1^2*J2^3+-0.0006884612*J1^1*J2^4+0.0001227418*J2^5+0.0077078128*J2^4*(J2-J1)^1+0,-0.0009457545*J1^2*J2^3+0.0009004648*J1^1*J2^4+-0.0001417300*J2^5+0.0067518877*J1^1*J2^3*(J2-J1)^1+-0.0049104638*J2^4*(J2-J1)^1+0,-0.0012063032*J1^2*J2^3+0.0036913729*J1^1*J2^4+-0.0026720894*J2^5+-0.0009207120*J1^1*J2^3*(J2-J1)^1+0.0026086839*J2^4*(J2-J1)^1+0,0.0012129592*J1^2*J2^3+-0.0057131824*J1^1*J2^4+0.0043922474*J2^5+-0.0043411819*J1^1*J2^3*(J2-J1)^1+0.0038096086*J2^4*(J2-J1)^1+0,0,0,0,0,0,0,0,0},
{0,0,0,0,0,0,-0.0040453302*J1^1*J2^4+0,-0.0008794362*J1^2*J2^3+-0.0013550900*J1^1*J2^4+-0.0001010462*J2^5+0,0,0,0,0,0,0,0.0006221376*J1^2*J2^3+0.0042670652*J2^5+0,0.0018953452*J1^2*J2^3+0.0011364920*J1^1*J2^4+-0.0002090547*J2^5+0,0,0,0,0,0,0,-0.0006469123*J1^2*J2^3+-0.0018938679*J1^1*J2^4+-0.0001702477*J2^5+0,-0.0016890412*J1^2*J2^3+-0.0008879987*J1^1*J2^4+0.0010118273*J2^5+0,0,0,0,0,0,0,-0.0008250461*J1^2*J2^3+-0.0002159517*J1^1*J2^4+-0.0005734101*J1^1*J2^3*(J2-J1)^1+0,0.0005935608*J1^2*J2^3+-0.0019298719*J1^1*J2^4+0.0007352908*J2^5+-0.0009192911*J2^4*(J2-J1)^1+0,0,0,0,0,0,0,0.0008970299*J1^2*J2^3+0.0048506063*J2^5+-0.0029900998*J2^4*(J2-J1)^1+0,-0.0024104750*J1^2*J2^3+0.0068222198*J1^1*J2^4+-0.0010933454*J2^5+-0.0005754450*J1^1*J2^3*(J2-J1)^1+0,0,0,0,0,0,0,-0.0005912265*J1^2*J2^3+-0.0027368696*J1^1*J2^4+0.0000556858*J1^1*J2^3*(J2-J1)^1+0,-0.0016313718*J1^2*J2^3+0.0013013298*J1^1*J2^4+-0.0015914352*J2^5+-0.0003657086*J2^4*(J2-J1)^1+0,0,0,0,0,0,0,0,0,0,0,0,0,0,0,0,0,0,0,0,0,0,0,0,0,0,0,0,0,-0.0003404716*J1^2*J2^3+0.0009015305*J2^5+-0.0110485435*J2^4*(J2-J1)^1+0,0.0010889870*J1^2*J2^3+-0.0012292632*J1^1*J2^4+0.0004642038*J2^5+-0.0018605065*J1^1*J2^3*(J2-J1)^1+0,0.0003848369*J1^2*J2^3+-0.0000609094*J1^1*J2^4+-0.0015947199*J1^1*J2^3*(J2-J1)^1+0,-0.0006233987*J1^2*J2^3+0.0003974833*J1^1*J2^4+0.0004129350*J2^5+0.0016879719*J2^4*(J2-J1)^1+0,0,0,0,0,0,0,0,0,0,0,0,0,0.0004814996*J1^2*J2^3+-0.0012749566*J2^5+0.0068359375*J2^4*(J2-J1)^1+0,-0.0015400601*J1^2*J2^3+0.0017384408*J1^1*J2^4+-0.0006564833*J2^5+-0.0024432140*J1^1*J2^3*(J2-J1)^1+0,-0.0005442416*J1^2*J2^3+0.0000861390*J1^1*J2^4+-0.0028190931*J1^1*J2^3*(J2-J1)^1+0,0.0008816189*J1^2*J2^3+-0.0005621263*J1^1*J2^4+-0.0005839783*J2^5+-0.0053168403*J2^4*(J2-J1)^1+0},
{0,0,0,0,0,0,0.0001690103*J1^2*J2^3+0.0015463367*J1^1*J2^4+-0.0023245846*J2^5+0,0.0002848183*J1^2*J2^3+0.0000688940*J1^1*J2^4+-0.0007054557*J2^5+0,0,0,0,0,0,0,0.0005282016*J1^2*J2^3+0.0038819092*J1^1*J2^4+0.0001390067*J2^5+0,0.0018868391*J1^2*J2^3+0.0015074095*J1^1*J2^4+-0.0007678144*J2^5+0,0,0,0,0,0,0,-0.0001344783*J1^2*J2^3+0.0043964234*J1^1*J2^4+-0.0033857516*J2^5+0,0.0001456821*J1^2*J2^3+0.0006911709*J1^1*J2^4+-0.0003309824*J2^5+0,0,0,0,0,0,0,0.0005935608*J1^2*J2^3+-0.0019298719*J1^1*J2^4+0.0007352908*J2^5+0.0000014209*J2^4*(J2-J1)^1+0,-0.0015104311*J1^2*J2^3+0.0020124725*J1^1*J2^4+-0.0008490407*J2^5+-0.0008687286*J1^1*J2^3*(J2-J1)^1+0.0005299326*J2^4*(J2-J1)^1+0,0,0,0,0,0,0,-0.0024104750*J1^2*J2^3+0.0068222198*J1^1*J2^4+-0.0010933454*J2^5+-0.0024168689*J1^1*J2^3*(J2-J1)^1+0,0.0036804068*J1^2*J2^3+-0.0078776209*J1^1*J2^4+0.0061130929*J2^5+0.0017276132*J1^1*J2^3*(J2-J1)^1+-0.0024585265*J2^4*(J2-J1)^1+0,0,0,0,0,0,0,-0.0016313718*J1^2*J2^3+0.0013013298*J1^1*J2^4+-0.0015914352*J2^5+0.0002853331*J2^4*(J2-J1)^1+0,0.0012925194*J1^2*J2^3+-0.0042395158*J1^1*J2^4+0.0018376311*J2^5+-0.0001113716*J1^1*J2^3*(J2-J1)^1+0.0000464048*J2^4*(J2-J1)^1+0,0,0,0,0,0,0,0,0,0,0,0,0,0,0,0,0,0,0,0,0,0,0,0,0,0,0,0,0,0.0010889870*J1^2*J2^3+-0.0012292632*J1^1*J2^4+0.0004642038*J2^5+-0.0087709594*J1^1*J2^3*(J2-J1)^1+0,-0.0015979254*J1^2*J2^3+0.0014194309*J1^1*J2^4+0.0003655141*J2^5+0.0061380797*J1^1*J2^3*(J2-J1)^1+-0.0085933116*J2^4*(J2-J1)^1+0,-0.0006233987*J1^2*J2^3+0.0003974833*J1^1*J2^4+0.0004129350*J2^5+-0.0023017799*J2^4*(J2-J1)^1+0,0.0011046758*J1^2*J2^3+-0.0005198836*J1^1*J2^4+-0.0004768163*J2^5+-0.0001771911*J1^1*J2^3*(J2-J1)^1+0.0003543822*J2^4*(J2-J1)^1+0,0,0,0,0,0,0,0,0,0,0,0,0,-0.0015400601*J1^2*J2^3+0.0017384408*J1^1*J2^4+-0.0006564833*J2^5+0.0073296421*J1^1*J2^3*(J2-J1)^1+0,0.0022598078*J1^2*J2^3+-0.0020073785*J1^1*J2^4+-0.0005169150*J2^5+-0.0028211806*J1^1*J2^3*(J2-J1)^1+0.0033637153*J2^4*(J2-J1)^1+0,0.0008816189*J1^2*J2^3+-0.0005621263*J1^1*J2^4+-0.0005839783*J2^5+0.0003255208*J2^4*(J2-J1)^1+0,-0.0015622474*J1^2*J2^3+0.0007352264*J1^1*J2^4+0.0006743201*J2^5+-0.0048237815*J1^1*J2^3*(J2-J1)^1+0.0028817396*J2^4*(J2-J1)^1+0},
{0,0,0,0,0,0,-0.0001010462*J1^2*J2^3+-0.0013550900*J1^1*J2^4+-0.0008794362*J2^5+0,0.0005660818*J1^2*J2^3+-0.0024806070*J1^1*J2^4+0.0005660818*J2^5+0,0,0,0,0,0,0,0.0018953452*J1^2*J2^3+0.0011364920*J1^1*J2^4+-0.0002090547*J2^5+0,0.0032934849*J1^2*J2^3+-0.0013123079*J1^1*J2^4+-0.0003514427*J2^5+0,0,0,0,0,0,0,0.0012870297*J1^2*J2^3+-0.0008879987*J1^1*J2^4+-0.0019642436*J2^5+0,0.0002207420*J1^2*J2^3+-0.0008684953*J1^1*J2^4+-0.0002559226*J2^5+0,0,0,0,0,0,0,-0.0010006349*J1^2*J2^3+0.0007001247*J1^1*J2^4+-0.0003005102*J2^5+-0.0003978385*J1^1*J2^3*(J2-J1)^1+-0.0015444659*J2^4*(J2-J1)^1+0,0.0018906536*J1^2*J2^3+-0.0041153863*J1^1*J2^4+0.0018777334*J2^5+-0.0009064637*J1^1*J2^3*(J2-J1)^1+-0.0005545425*J2^4*(J2-J1)^1+0,0,0,0,0,0,0,0.0009590750*J1^2*J2^3+0.0023593244*J1^1*J2^4+-0.0001150890*J1^1*J2^3*(J2-J1)^1+0,0.0008711896*J1^2*J2^3+0.0000516807*J1^1*J2^4+0.0009930084*J2^5+0.0005980200*J2^4*(J2-J1)^1+0,0,0,0,0,0,0,-0.0017474139*J1^2*J2^3+-0.0009019640*J1^1*J2^4+0.0007279008*J2^5+0.0020294817*J1^1*J2^3*(J2-J1)^1+-0.0019973315*J2^4*(J2-J1)^1+0,0.0007800361*J1^2*J2^3+-0.0032110689*J1^1*J2^4+0.0013216674*J2^5+-0.0006728700*J1^1*J2^3*(J2-J1)^1+0.0004617280*J2^4*(J2-J1)^1+0,0,0,0,0,0,0,0,0,0,0,0,0,0,0,0,0,0,0,0,0,0,0,0,0,0,0,0,0,0.0003848369*J1^2*J2^3+-0.0000609094*J1^1*J2^4+-0.0077078128*J1^1*J2^3*(J2-J1)^1+0,-0.0001395987*J1^2*J2^3+0.0003974833*J1^1*J2^4+-0.0000708650*J2^5+-0.0018414239*J2^4*(J2-J1)^1+0,0.0001038998*J1^2*J2^3+0.0008375921*J1^1*J2^4+-0.0007544723*J2^5+-0.0026086839*J1^1*J2^3*(J2-J1)^1+0.0009207120*J2^4*(J2-J1)^1+0,0.0006964595*J1^2*J2^3+-0.0021312152*J1^1*J2^4+0.0015427315*J2^5+-0.0009745510*J1^1*J2^3*(J2-J1)^1+0.0015061243*J2^4*(J2-J1)^1+0,0,0,0,0,0,0,0,0,0,0,0,0,-0.0005442416*J1^2*J2^3+0.0000861390*J1^1*J2^4+0.0058261258*J1^1*J2^3*(J2-J1)^1+0,0.0001974224*J1^2*J2^3+-0.0005621263*J1^1*J2^4+0.0001002182*J2^5+-0.0003255208*J2^4*(J2-J1)^1+0,-0.0001469365*J1^2*J2^3+-0.0011845341*J1^1*J2^4+0.0010669850*J2^5+-0.0021701389*J1^1*J2^3*(J2-J1)^1+0.0016276042*J2^4*(J2-J1)^1+0,-0.0009849424*J1^2*J2^3+0.0030139934*J1^1*J2^4+-0.0021817518*J2^5+0.0030696792*J1^1*J2^3*(J2-J1)^1+-0.0055128932*J2^4*(J2-J1)^1+0},
{0,0,0,0,0,0,-0.0021451334*J1^2*J2^3+0.0000688940*J1^1*J2^4+0.0017244960*J2^5+0,-0.0020817294*J1^2*J2^3+0.0014667848*J1^1*J2^4+0.0004118655*J2^5+0,0,0,0,0,0,0,-0.0009925162*J1^2*J2^3+0.0015074095*J1^1*J2^4+0.0021115409*J2^5+0,-0.0005070625*J1^2*J2^3+0.0021413026*J1^1*J2^4+-0.0001178675*J2^5+0,0,0,0,0,0,0,-0.0022081059*J1^2*J2^3+0.0006911709*J1^1*J2^4+0.0020228057*J2^5+0,-0.0032787684*J1^2*J2^3+0.0035983281*J1^1*J2^4+-0.0000274951*J2^5+0,0,0,0,0,0,0,0.0018906536*J1^2*J2^3+-0.0041153863*J1^1*J2^4+0.0018777334*J2^5+-0.0009064637*J1^1*J2^3*(J2-J1)^1+-0.0000229692*J2^4*(J2-J1)^1+0,-0.0031837736*J1^2*J2^3+0.0054521635*J1^1*J2^4+-0.0024687300*J2^5+0.0005124539*J1^1*J2^3*(J2-J1)^1+-0.0012451398*J2^4*(J2-J1)^1+0,0,0,0,0,0,0,0.0008711896*J1^2*J2^3+0.0000516807*J1^1*J2^4+0.0009930084*J2^5+-0.0004651266*J2^4*(J2-J1)^1+0,-0.0000468881*J1^2*J2^3+0.0022996486*J1^1*J2^4+-0.0011466274*J2^5+0.0001918150*J1^1*J2^3*(J2-J1)^1+-0.0000767260*J2^4*(J2-J1)^1+0,0,0,0,0,0,0,0.0007800361*J1^2*J2^3+-0.0032110689*J1^1*J2^4+0.0013216674*J2^5+-0.0014246281*J1^1*J2^3*(J2-J1)^1+0.0015893653*J2^4*(J2-J1)^1+0,-0.0026481220*J1^2*J2^3+0.0028058590*J1^1*J2^4+-0.0007982293*J2^5+0.0029028957*J1^1*J2^3*(J2-J1)^1+-0.0029404042*J2^4*(J2-J1)^1+0,0,0,0,0,0,0,0,0,0,0,0,0,0,0,0,0,0,0,0,0,0,0,0,0,0,0,0,0,-0.0001395987*J1^2*J2^3+0.0003974833*J1^1*J2^4+-0.0000708650*J2^5+-0.0058311757*J2^4*(J2-J1)^1+0,0.0005460316*J1^2*J2^3+-0.0005198836*J1^1*J2^4+0.0000818278*J2^5+-0.0062902840*J1^1*J2^3*(J2-J1)^1+0.0044297775*J2^4*(J2-J1)^1+0,0.0006964595*J1^2*J2^3+-0.0021312152*J1^1*J2^4+0.0015427315*J2^5+0.0013289332*J1^1*J2^3*(J2-J1)^1+-0.0031008442*J2^4*(J2-J1)^1+0,-0.0007003023*J1^2*J2^3+0.0032985074*J1^1*J2^4+-0.0025358652*J2^5+-0.0011764653*J1^1*J2^3*(J2-J1)^1+0.0010230133*J2^4*(J2-J1)^1+0,0,0,0,0,0,0,0,0,0,0,0,0,0.0001974224*J1^2*J2^3+-0.0005621263*J1^1*J2^4+0.0001002182*J2^5+0.0053168403*J2^4*(J2-J1)^1+0,-0.0007722053*J1^2*J2^3+0.0007352264*J1^1*J2^4+-0.0001157220*J2^5+0.0038214373*J1^1*J2^3*(J2-J1)^1+-0.0028817396*J2^4*(J2-J1)^1+0,-0.0009849424*J1^2*J2^3+0.0030139934*J1^1*J2^4+-0.0021817518*J2^5+-0.0001879395*J1^1*J2^3*(J2-J1)^1+0.0010023442*J2^4*(J2-J1)^1+0,0.0009903770*J1^2*J2^3+-0.0046647939*J1^1*J2^4+0.0035862550*J2^5+-0.0061487269*J1^1*J2^3*(J2-J1)^1+0.0053891782*J2^4*(J2-J1)^1+0},
{0,0,0,0,0,0,0,0,0,0,0,0,0,0,0,0,0,0,0,0,0,0,0,0,0,0,0,0,0,0,0,0,0,0,0,0,0,0,0,0,0,0,0,0,0,0,0,0,0,0,0,0,0,0,0,0,0,0,0,0,-0.0030334616*J1^2*J2^3+-0.0045810263*J2^5+-0.0000939698*J2^4*(J2-J1)^1+0,-0.0014738860*J1^2*J2^3+-0.0019802517*J1^1*J2^4+-0.0009420889*J2^5+0.0026584201*J1^1*J2^3*(J2-J1)^1+0,-0.0014767117*J1^2*J2^3+-0.0029195150*J1^1*J2^4+0.0054253472*J1^1*J2^3*(J2-J1)^1+0,-0.0020444951*J1^2*J2^3+-0.0016333773*J1^1*J2^4+0.0011397097*J2^5+0.0046984885*J2^4*(J2-J1)^1+0,0,0,0,0,0,0,0,0,0,0,0,0,0,0,0,0,0,0,0,0,0,0,0,0,0,0,0,0,0,0,0,0},
{0,0,0,0,0,0,0,0,0,0,0,0,0,0,0,0,0,0,0,0,0,0,0,0,0,0,0,0,0,0,0,0,0,0,0,0,0,0,0,0,0,0,0,0,0,0,0,0,0,0,0,0,0,0,0,0,0,0,0,0,-0.0014738860*J1^2*J2^3+-0.0019802517*J1^1*J2^4+-0.0009420889*J2^5+-0.0043945312*J1^1*J2^3*(J2-J1)^1+0,-0.0013315647*J1^2*J2^3+0.0022865977*J1^1*J2^4+-0.0034931957*J2^5+0.0010023442*J1^1*J2^3*(J2-J1)^1+-0.0019733652*J2^4*(J2-J1)^1+0,-0.0020444951*J1^2*J2^3+-0.0016333773*J1^1*J2^4+0.0011397097*J2^5+0.0006264651*J2^4*(J2-J1)^1+0,0.0008840679*J1^2*J2^3+-0.0010334533*J1^1*J2^4+-0.0013160235*J2^5+0.0043402778*J1^1*J2^3*(J2-J1)^1+-0.0030743634*J2^4*(J2-J1)^1+0,0,0,0,0,0,0,0,0,0,0,0,0,0,0,0,0,0,0,0,0,0,0,0,0,0,0,0,0,0,0,0,0},
{0,0,0,0,0,0,0,0,0,0,0,0,0,0,0,0,0,0,0,0,0,0,0,0,0,0,0,0,0,0,0,0,0,0,0,0,0,0,0,0,0,0,0,0,0,0,0,0,0,0,0,0,0,0,0,0,0,0,0,0,-0.0014767117*J1^2*J2^3+-0.0029195150*J1^1*J2^4+-0.0047200521*J1^1*J2^3*(J2-J1)^1+0,0.0011100179*J1^2*J2^3+-0.0016333773*J1^1*J2^4+-0.0020148032*J2^5+-0.0011589605*J2^4*(J2-J1)^1+0,-0.0047386214*J1^2*J2^3+0.0047180656*J1^1*J2^4+-0.0025176068*J2^5+0.0047298118*J1^1*J2^3*(J2-J1)^1+-0.0042912862*J2^4*(J2-J1)^1+0,-0.0002253026*J1^2*J2^3+-0.0008718232*J1^1*J2^4+-0.0003682831*J2^5+-0.0033817998*J1^1*J2^3*(J2-J1)^1+0.0045392072*J2^4*(J2-J1)^1+0,0,0,0,0,0,0,0,0,0,0,0,0,0,0,0,0,0,0,0,0,0,0,0,0,0,0,0,0,0,0,0,0},
{0,0,0,0,0,0,0,0,0,0,0,0,0,0,0,0,0,0,0,0,0,0,0,0,0,0,0,0,0,0,0,0,0,0,0,0,0,0,0,0,0,0,0,0,0,0,0,0,0,0,0,0,0,0,0,0,0,0,0,0,0.0011100179*J1^2*J2^3+-0.0016333773*J1^1*J2^4+-0.0020148032*J2^5+-0.0052309839*J2^4*(J2-J1)^1+0,-0.0027584500*J1^2*J2^3+-0.0010334533*J1^1*J2^4+0.0023264944*J2^5+-0.0058051215*J1^1*J2^3*(J2-J1)^1+0.0036892361*J2^4*(J2-J1)^1+0,-0.0002253026*J1^2*J2^3+-0.0008718232*J1^1*J2^4+-0.0003682831*J2^5+-0.0010308160*J1^1*J2^3*(J2-J1)^1+-0.0001627604*J2^4*(J2-J1)^1+0,-0.0044784644*J1^2*J2^3+0.0057247602*J1^1*J2^4+-0.0020923500*J2^5+0.0060245064*J1^1*J2^3*(J2-J1)^1+-0.0061915638*J2^4*(J2-J1)^1+0,0,0,0,0,0,0,0,0,0,0,0,0,0,0,0,0,0,0,0,0,0,0,0,0,0,0,0,0,0,0,0,0},
{0,0,0,0,0,0,0,0,0,0,0,0,0,0,0,0,0,0,0,0,0,0,0,0,0,0,0,0,0,0,0,0,0,0,0,0,0,0,0,0,0,0,0,0,0,0,0,0,0,0,0,0,0.0017513699*J1^2*J2^3+0.0026448568*J2^5+0.0017903646*J2^4*(J2-J1)^1+0,0.0008509485*J1^2*J2^3+0.0011432989*J1^1*J2^4+0.0005439153*J2^5+-0.0005324954*J1^1*J2^3*(J2-J1)^1+0,0.0008525799*J1^2*J2^3+0.0016855828*J1^1*J2^4+-0.0021299815*J1^1*J2^3*(J2-J1)^1+0,0.0011803898*J1^2*J2^3+0.0009430308*J1^1*J2^4+-0.0006580117*J2^5+-0.0021339699*J2^4*(J2-J1)^1+0,0,0,0,0,0,0,0,0,0,0,0,0,-0.0024768111*J1^2*J2^3+-0.0037403923*J2^5+-0.0013043419*J2^4*(J2-J1)^1+0,-0.0012034229*J1^2*J2^3+-0.0016168688*J1^1*J2^4+-0.0007692124*J2^5+0.0014618266*J1^1*J2^3*(J2-J1)^1+0,-0.0012057301*J1^2*J2^3+-0.0023837740*J1^1*J2^4+0.0037210131*J1^1*J2^3*(J2-J1)^1+0,-0.0016693232*J1^2*J2^3+-0.0013336470*J1^1*J2^4+0.0009305691*J2^5+0.0034270945*J2^4*(J2-J1)^1+0,0,0,0,0,0,0,0,0,0,0,0,0,0,0,0,0,0,0,0,0,0,0,0,0},
{0,0,0,0,0,0,0,0,0,0,0,0,0,0,0,0,0,0,0,0,0,0,0,0,0,0,0,0,0,0,0,0,0,0,0,0,0,0,0,0,0,0,0,0,0,0,0,0,0,0,0,0,0.0008509485*J1^2*J2^3+0.0011432989*J1^1*J2^4+0.0005439153*J2^5+0.0035395280*J1^1*J2^3*(J2-J1)^1+0,0.0007687792*J1^2*J2^3+-0.0013201678*J1^1*J2^4+0.0020167975*J2^5+-0.0017361111*J1^1*J2^3*(J2-J1)^1+0.0028754340*J2^4*(J2-J1)^1+0,0.0011803898*J1^2*J2^3+0.0009430308*J1^1*J2^4+-0.0006580117*J2^5+0.0002170139*J2^4*(J2-J1)^1+0,-0.0005104168*J1^2*J2^3+0.0005966645*J1^1*J2^4+0.0007598065*J2^5+-0.0015035163*J1^1*J2^3*(J2-J1)^1+0.0011067551*J2^4*(J2-J1)^1+0,0,0,0,0,0,0,0,0,0,0,0,0,-0.0012034229*J1^2*J2^3+-0.0016168688*J1^1*J2^4+-0.0007692124*J2^5+-0.0042968841*J1^1*J2^3*(J2-J1)^1+0,-0.0010872180*J1^2*J2^3+0.0018669992*J1^1*J2^4+-0.0028521823*J2^5+0.0016368213*J1^1*J2^3*(J2-J1)^1+-0.0028388619*J2^4*(J2-J1)^1+0,-0.0016693232*J1^2*J2^3+-0.0013336470*J1^1*J2^4+0.0009305691*J2^5+0.0001023013*J2^4*(J2-J1)^1+0,0.0007218384*J1^2*J2^3+-0.0008438111*J1^1*J2^4+-0.0010745287*J2^5+0.0028350576*J1^1*J2^3*(J2-J1)^1+-0.0020376976*J2^4*(J2-J1)^1+0,0,0,0,0,0,0,0,0,0,0,0,0,0,0,0,0,0,0,0,0,0,0,0,0},
{0,0,0,0,0,0,0,0,0,0,0,0,0,0,0,0,0,0,0,0,0,0,0,0,0,0,0,0,0,0,0,0,0,0,0,0,0,0,0,0,0,0,0,0,0,0,0,0,0,0,0,0,0.0008525799*J1^2*J2^3+0.0016855828*J1^1*J2^4+0.0037274676*J1^1*J2^3*(J2-J1)^1+0,-0.0006408691*J1^2*J2^3+0.0009430308*J1^1*J2^4+0.0011632472*J2^5+0.0012478299*J2^4*(J2-J1)^1+0,0.0027358444*J1^2*J2^3+-0.0027239764*J1^1*J2^4+0.0014535409*J2^5+-0.0015733507*J1^1*J2^3*(J2-J1)^1+0.0018988715*J2^4*(J2-J1)^1+0,0.0001300785*J1^2*J2^3+0.0005033473*J1^1*J2^4+0.0002126284*J2^5+0.0016183683*J1^1*J2^3*(J2-J1)^1+-0.0019524830*J2^4*(J2-J1)^1+0,0,0,0,0,0,0,0,0,0,0,0,0,-0.0012057301*J1^2*J2^3+-0.0023837740*J1^1*J2^4+-0.0045626708*J1^1*J2^3*(J2-J1)^1+0,0.0009063258*J1^2*J2^3+-0.0013336470*J1^1*J2^4+-0.0016450800*J2^5+-0.0013554926*J2^4*(J2-J1)^1+0,-0.0038690682*J1^2*J2^3+0.0038522844*J1^1*J2^4+-0.0020556173*J2^5+0.0030434645*J1^1*J2^3*(J2-J1)^1+-0.0030946152*J2^4*(J2-J1)^1+0,-0.0001839588*J1^2*J2^3+-0.0007118406*J1^1*J2^4+-0.0003007019*J2^5+-0.0025249732*J1^1*J2^3*(J2-J1)^1+0.0032337375*J2^4*(J2-J1)^1+0,0,0,0,0,0,0,0,0,0,0,0,0,0,0,0,0,0,0,0,0,0,0,0,0},
{0,0,0,0,0,0,0,0,0,0,0,0,0,0,0,0,0,0,0,0,0,0,0,0,0,0,0,0,0,0,0,0,0,0,0,0,0,0,0,0,0,0,0,0,0,0,0,0,0,0,0,0,-0.0006408691*J1^2*J2^3+0.0009430308*J1^1*J2^4+0.0011632472*J2^5+0.0035988137*J2^4*(J2-J1)^1+0,0.0015925918*J1^2*J2^3+0.0005966645*J1^1*J2^4+-0.0013432022*J2^5+0.0043539327*J1^1*J2^3*(J2-J1)^1+-0.0027982109*J2^4*(J2-J1)^1+0,0.0001300785*J1^2*J2^3+0.0005033473*J1^1*J2^4+0.0002126284*J2^5+0.0002610271*J1^1*J2^3*(J2-J1)^1+0.0007621992*J2^4*(J2-J1)^1+0,0.0025856426*J1^2*J2^3+-0.0033051919*J1^1*J2^4+0.0012080189*J2^5+-0.0019350405*J1^1*J2^3*(J2-J1)^1+0.0022243924*J2^4*(J2-J1)^1+0,0,0,0,0,0,0,0,0,0,0,0,0,0.0009063258*J1^2*J2^3+-0.0013336470*J1^1*J2^4+-0.0016450800*J2^5+-0.0046802858*J2^4*(J2-J1)^1+0,-0.0022522650*J1^2*J2^3+-0.0008438111*J1^1*J2^4+0.0018995747*J2^5+-0.0054486263*J1^1*J2^3*(J2-J1)^1+0.0034847583*J2^4*(J2-J1)^1+0,-0.0001839588*J1^2*J2^3+-0.0007118406*J1^1*J2^4+-0.0003007019*J2^5+-0.0006054029*J1^1*J2^3*(J2-J1)^1+-0.0006054029*J2^4*(J2-J1)^1+0,-0.0036566509*J1^2*J2^3+0.0046742471*J1^1*J2^4+-0.0017083967*J2^5+0.0038277747*J1^1*J2^3*(J2-J1)^1+-0.0041005782*J2^4*(J2-J1)^1+0,0,0,0,0,0,0,0,0,0,0,0,0,0,0,0,0,0,0,0,0,0,0,0,0},
{0,0,0,0,0,0,0,0,0,0,0,0,0,0,0,0,0,0,0,0,0,0,0,0,0,0,0,0,0,0,0,0,0,0,0,0,0,0,0,0,0,0,0,0,0,0,0,0,0,0,0,0,0,0,0,0,0.0052541097*J1^2*J2^3+0.0079345703*J2^5+0.0146484375*J2^4*(J2-J1)^1+0,0.0025528454*J1^2*J2^3+0.0034298966*J1^1*J2^4+0.0016317459*J2^5+0.0037587908*J1^1*J2^3*(J2-J1)^1+0,0.0025577397*J1^2*J2^3+0.0050567483*J1^1*J2^4+-0.0010336675*J1^1*J2^3*(J2-J1)^1+0,0.0035411693*J1^2*J2^3+0.0028290925*J1^1*J2^4+-0.0019740352*J2^5+-0.0033094618*J2^4*(J2-J1)^1+0,0,0,0,0,0,0,0,0,0,0,0,0,0,0,0,0,0,0,0,0,0,0,0,0,0,0,0,0,0,0,0,0,0,0,0,0},
{0,0,0,0,0,0,0,0,0,0,0,0,0,0,0,0,0,0,0,0,0,0,0,0,0,0,0,0,0,0,0,0,0,0,0,0,0,0,0,0,0,0,0,0,0,0,0,0,0,0,0,0,0,0,0,0,0.0025528454*J1^2*J2^3+0.0034298966*J1^1*J2^4+0.0016317459*J2^5+0.0159748610*J1^1*J2^3*(J2-J1)^1+0,0.0023063377*J1^2*J2^3+-0.0039605035*J1^1*J2^4+0.0060503924*J2^5+-0.0113932292*J1^1*J2^3*(J2-J1)^1+0.0179036458*J2^4*(J2-J1)^1+0,0.0035411693*J1^2*J2^3+0.0028290925*J1^1*J2^4+-0.0019740352*J2^5+0.0037434896*J2^4*(J2-J1)^1+0,-0.0015312505*J1^2*J2^3+0.0017899936*J1^1*J2^4+0.0022794195*J2^5+0.0008457279*J1^1*J2^3*(J2-J1)^1+-0.0002505861*J2^4*(J2-J1)^1+0,0,0,0,0,0,0,0,0,0,0,0,0,0,0,0,0,0,0,0,0,0,0,0,0,0,0,0,0,0,0,0,0,0,0,0,0},
{0,0,0,0,0,0,0,0,0,0,0,0,0,0,0,0,0,0,0,0,0,0,0,0,0,0,0,0,0,0,0,0,0,0,0,0,0,0,0,0,0,0,0,0,0,0,0,0,0,0,0,0,0,0,0,0,0.0025577397*J1^2*J2^3+0.0050567483*J1^1*J2^4+0.0165386796*J1^1*J2^3*(J2-J1)^1+0,-0.0019226074*J1^2*J2^3+0.0028290925*J1^1*J2^4+0.0034897416*J2^5+0.0068359375*J2^4*(J2-J1)^1+0,0.0082075331*J1^2*J2^3+-0.0081719293*J1^1*J2^4+0.0043606228*J2^5+0.0014648438*J1^1*J2^3*(J2-J1)^1+0.0026041667*J2^4*(J2-J1)^1+0,0.0003902356*J1^2*J2^3+0.0015100420*J1^1*J2^4+0.0006378851*J2^5+0.0030696792*J1^1*J2^3*(J2-J1)^1+-0.0022865977*J2^4*(J2-J1)^1+0,0,0,0,0,0,0,0,0,0,0,0,0,0,0,0,0,0,0,0,0,0,0,0,0,0,0,0,0,0,0,0,0,0,0,0,0},
{0,0,0,0,0,0,0,0,0,0,0,0,0,0,0,0,0,0,0,0,0,0,0,0,0,0,0,0,0,0,0,0,0,0,0,0,0,0,0,0,0,0,0,0,0,0,0,0,0,0,0,0,0,0,0,0,-0.0019226074*J1^2*J2^3+0.0028290925*J1^1*J2^4+0.0034897416*J2^5+0.0138888889*J2^4*(J2-J1)^1+0,0.0047777755*J1^2*J2^3+0.0017899936*J1^1*J2^4+-0.0040296065*J2^5+0.0184180750*J1^1*J2^3*(J2-J1)^1+-0.0119654841*J2^4*(J2-J1)^1+0,0.0003902356*J1^2*J2^3+0.0015100420*J1^1*J2^4+0.0006378851*J2^5+-0.0010023442*J1^1*J2^3*(J2-J1)^1+0.0058574490*J2^4*(J2-J1)^1+0,0.0077569279*J1^2*J2^3+-0.0099155756*J1^1*J2^4+0.0036240566*J2^5+0.0024414063*J1^1*J2^3*(J2-J1)^1+-0.0005425347*J2^4*(J2-J1)^1+0,0,0,0,0,0,0,0,0,0,0,0,0,0,0,0,0,0,0,0,0,0,0,0,0,0,0,0,0,0,0,0,0,0,0,0,0},
{0,0,0,0,0,0,0,0,0,0,0,0,0,0,0,0,0,0,0,0,0,0,0,0,0,0,0,0,0,0,0,0,0,0,0,0,0,0,0,0,0,0,0,0,0,0,0,0,-0.0030334616*J1^2*J2^3+-0.0045810263*J2^5+-0.0114643120*J2^4*(J2-J1)^1+0,-0.0014738860*J1^2*J2^3+-0.0019802517*J1^1*J2^4+-0.0009420889*J2^5+-0.0039062500*J1^1*J2^3*(J2-J1)^1+0,-0.0014767117*J1^2*J2^3+-0.0029195150*J1^1*J2^4+-0.0011393229*J1^1*J2^3*(J2-J1)^1+0,-0.0020444951*J1^2*J2^3+-0.0016333773*J1^1*J2^4+0.0011397097*J2^5+0.0009083744*J2^4*(J2-J1)^1+0,0,0,0,0,0,0,0,0,0,0,0,0,0.0042899626*J1^2*J2^3+0.0064785495*J2^5+0.0140866923*J2^4*(J2-J1)^1+0,0.0020843896*J1^2*J2^3+0.0028004989*J1^1*J2^4+0.0013323150*J2^5+0.0042966558*J1^1*J2^3*(J2-J1)^1+0,0.0020883857*J1^2*J2^3+0.0041288177*J1^1*J2^4+0.0003836300*J1^1*J2^3*(J2-J1)^1+0,0.0028913527*J1^2*J2^3+0.0023099444*J1^1*J2^4+-0.0016117930*J2^5+-0.0019933999*J2^4*(J2-J1)^1+0,0,0,0,0,0,0,0,0,0,0,0,0,0,0,0,0,0,0,0,0,0,0,0,0,0,0,0,0},
{0,0,0,0,0,0,0,0,0,0,0,0,0,0,0,0,0,0,0,0,0,0,0,0,0,0,0,0,0,0,0,0,0,0,0,0,0,0,0,0,0,0,0,0,0,0,0,0,-0.0014738860*J1^2*J2^3+-0.0019802517*J1^1*J2^4+-0.0009420889*J2^5+-0.0109592014*J1^1*J2^3*(J2-J1)^1+0,-0.0013315647*J1^2*J2^3+0.0022865977*J1^1*J2^4+-0.0034931957*J2^5+0.0085825724*J1^1*J2^3*(J2-J1)^1+-0.0133437074*J2^4*(J2-J1)^1+0,-0.0020444951*J1^2*J2^3+-0.0016333773*J1^1*J2^4+0.0011397097*J2^5+-0.0031636489*J2^4*(J2-J1)^1+0,0.0008840679*J1^2*J2^3+-0.0010334533*J1^1*J2^4+-0.0013160235*J2^5+-0.0022243924*J1^1*J2^3*(J2-J1)^1+0.0013020833*J2^4*(J2-J1)^1+0,0,0,0,0,0,0,0,0,0,0,0,0,0.0020843896*J1^2*J2^3+0.0028004989*J1^1*J2^4+0.0013323150*J2^5+0.0142710353*J1^1*J2^3*(J2-J1)^1+0,0.0018831169*J1^2*J2^3+-0.0032337375*J1^1*J2^4+0.0049401247*J2^5+-0.0107200614*J1^1*J2^3*(J2-J1)^1+0.0167445588*J2^4*(J2-J1)^1+0,0.0028913527*J1^2*J2^3+0.0023099444*J1^1*J2^4+-0.0016117930*J2^5+0.0037653108*J2^4*(J2-J1)^1+0,-0.0012502608*J1^2*J2^3+0.0014615237*J1^1*J2^4+0.0018611382*J2^5+0.0019181499*J1^1*J2^3*(J2-J1)^1+-0.0010230133*J2^4*(J2-J1)^1+0,0,0,0,0,0,0,0,0,0,0,0,0,0,0,0,0,0,0,0,0,0,0,0,0,0,0,0,0},
{0,0,0,0,0,0,0,0,0,0,0,0,0,0,0,0,0,0,0,0,0,0,0,0,0,0,0,0,0,0,0,0,0,0,0,0,0,0,0,0,0,0,0,0,0,0,0,0,-0.0014767117*J1^2*J2^3+-0.0029195150*J1^1*J2^4+-0.0112847222*J1^1*J2^3*(J2-J1)^1+0,0.0011100179*J1^2*J2^3+-0.0016333773*J1^1*J2^4+-0.0020148032*J2^5+-0.0049490746*J2^4*(J2-J1)^1+0,-0.0047386214*J1^2*J2^3+0.0047180656*J1^1*J2^4+-0.0025176068*J2^5+-0.0028504164*J1^1*J2^3*(J2-J1)^1+-0.0005011721*J2^4*(J2-J1)^1+0,-0.0002253026*J1^2*J2^3+-0.0008718232*J1^1*J2^4+-0.0003682831*J2^5+-0.0011935764*J1^1*J2^3*(J2-J1)^1+0.0001627604*J2^4*(J2-J1)^1+0,0,0,0,0,0,0,0,0,0,0,0,0,0.0020883857*J1^2*J2^3+0.0041288177*J1^1*J2^4+0.0147313913*J1^1*J2^3*(J2-J1)^1+0,-0.0015698024*J1^2*J2^3+0.0023099444*J1^1*J2^4+0.0028493621*J2^5+0.0062902840*J2^4*(J2-J1)^1+0,0.0067014227*J1^2*J2^3+-0.0066723523*J1^1*J2^4+0.0035604336*J2^5+0.0026135687*J1^1*J2^3*(J2-J1)^1+0.0014175288*J2^4*(J2-J1)^1+0,0.0003186260*J1^2*J2^3+0.0012329441*J1^1*J2^4+0.0005208310*J2^5+0.0020971772*J1^1*J2^3*(J2-J1)^1+-0.0010485886*J2^4*(J2-J1)^1+0,0,0,0,0,0,0,0,0,0,0,0,0,0,0,0,0,0,0,0,0,0,0,0,0,0,0,0,0},
{0,0,0,0,0,0,0,0,0,0,0,0,0,0,0,0,0,0,0,0,0,0,0,0,0,0,0,0,0,0,0,0,0,0,0,0,0,0,0,0,0,0,0,0,0,0,0,0,0.0011100179*J1^2*J2^3+-0.0016333773*J1^1*J2^4+-0.0020148032*J2^5+-0.0090210980*J2^4*(J2-J1)^1+0,-0.0027584500*J1^2*J2^3+-0.0010334533*J1^1*J2^4+0.0023264944*J2^5+-0.0123697917*J1^1*J2^3*(J2-J1)^1+0.0080656829*J2^4*(J2-J1)^1+0,-0.0002253026*J1^2*J2^3+-0.0008718232*J1^1*J2^4+-0.0003682831*J2^5+0.0011574074*J1^1*J2^3*(J2-J1)^1+-0.0045392072*J2^4*(J2-J1)^1+0,-0.0044784644*J1^2*J2^3+0.0057247602*J1^1*J2^4+-0.0020923500*J2^5+-0.0040824645*J1^1*J2^3*(J2-J1)^1+0.0026520357*J2^4*(J2-J1)^1+0,0,0,0,0,0,0,0,0,0,0,0,0,-0.0015698024*J1^2*J2^3+0.0023099444*J1^1*J2^4+0.0028493621*J2^5+0.0120489947*J2^4*(J2-J1)^1+0,0.0039010374*J1^2*J2^3+0.0014615237*J1^1*J2^4+-0.0032901599*J2^5+0.0162659112*J1^1*J2^3*(J2-J1)^1+-0.0105881875*J2^4*(J2-J1)^1+0,0.0003186260*J1^2*J2^3+0.0012329441*J1^1*J2^4+0.0005208310*J2^5+-0.0012276159*J1^1*J2^3*(J2-J1)^1+0.0056009977*J2^4*(J2-J1)^1+0,0.0063335051*J1^2*J2^3+-0.0080960336*J1^1*J2^4+0.0029590298*J2^5+0.0038834382*J1^1*J2^3*(J2-J1)^1+-0.0020967613*J2^4*(J2-J1)^1+0,0,0,0,0,0,0,0,0,0,0,0,0,0,0,0,0,0,0,0,0,0,0,0,0,0,0,0,0},
{0,0,0,0,0,0,0,0,0,0,0,0,0,0,0,0,0,0,0,0,0,0,0,0,0,0,0,0,0,0,0,0,0,0,0,0,0,0,0,0,0,0,0,0,0,0,0,0,0,0,0,0,0,0,0,0,0,0,0,0,0.0042899626*J1^2*J2^3+0.0064785495*J2^5+-0.0031229931*J2^4*(J2-J1)^1+0,0.0020843896*J1^2*J2^3+0.0028004989*J1^1*J2^4+0.0013323150*J2^5+-0.0056393607*J1^1*J2^3*(J2-J1)^1+0,0.0020883857*J1^2*J2^3+0.0041288177*J1^1*J2^4+-0.0095523865*J1^1*J2^3*(J2-J1)^1+0,0.0028913527*J1^2*J2^3+0.0023099444*J1^1*J2^4+-0.0016117930*J2^5+-0.0077299617*J2^4*(J2-J1)^1+0,0,0,0,0,0,0,0,0,0,0,0,0,0,0,0,0,0,0,0,0,0,0,0,0,0,0,0,0,0,0,0,0},
{0,0,0,0,0,0,0,0,0,0,0,0,0,0,0,0,0,0,0,0,0,0,0,0,0,0,0,0,0,0,0,0,0,0,0,0,0,0,0,0,0,0,0,0,0,0,0,0,0,0,0,0,0,0,0,0,0,0,0,0,0.0020843896*J1^2*J2^3+0.0028004989*J1^1*J2^4+0.0013323150*J2^5+0.0043350188*J1^1*J2^3*(J2-J1)^1+0,0.0018831169*J1^2*J2^3+-0.0032337375*J1^1*J2^4+0.0049401247*J2^5+0.0007530622*J1^1*J2^3*(J2-J1)^1+-0.0004651266*J2^4*(J2-J1)^1+0,0.0028913527*J1^2*J2^3+0.0023099444*J1^1*J2^4+-0.0016117930*J2^5+-0.0019712510*J2^4*(J2-J1)^1+0,-0.0012502608*J1^2*J2^3+0.0014615237*J1^1*J2^4+0.0018611382*J2^5+-0.0080178666*J1^1*J2^3*(J2-J1)^1+0.0056009977*J2^4*(J2-J1)^1+0,0,0,0,0,0,0,0,0,0,0,0,0,0,0,0,0,0,0,0,0,0,0,0,0,0,0,0,0,0,0,0,0},
{0,0,0,0,0,0,0,0,0,0,0,0,0,0,0,0,0,0,0,0,0,0,0,0,0,0,0,0,0,0,0,0,0,0,0,0,0,0,0,0,0,0,0,0,0,0,0,0,0,0,0,0,0,0,0,0,0,0,0,0,0.0020883857*J1^2*J2^3+0.0041288177*J1^1*J2^4+0.0047953748*J1^1*J2^3*(J2-J1)^1+0,-0.0015698024*J1^2*J2^3+0.0023099444*J1^1*J2^4+0.0028493621*J2^5+0.0005537222*J2^4*(J2-J1)^1+0,0.0067014227*J1^2*J2^3+-0.0066723523*J1^1*J2^4+0.0035604336*J2^5+-0.0088595549*J1^1*J2^3*(J2-J1)^1+0.0071540906*J2^4*(J2-J1)^1+0,0.0003186260*J1^2*J2^3+0.0012329441*J1^1*J2^4+0.0005208310*J2^5+0.0054091827*J1^1*J2^3*(J2-J1)^1+-0.0076725996*J2^4*(J2-J1)^1+0,0,0,0,0,0,0,0,0,0,0,0,0,0,0,0,0,0,0,0,0,0,0,0,0,0,0,0,0,0,0,0,0},
{0,0,0,0,0,0,0,0,0,0,0,0,0,0,0,0,0,0,0,0,0,0,0,0,0,0,0,0,0,0,0,0,0,0,0,0,0,0,0,0,0,0,0,0,0,0,0,0,0,0,0,0,0,0,0,0,0,0,0,0,-0.0015698024*J1^2*J2^3+0.0023099444*J1^1*J2^4+0.0028493621*J2^5+0.0063124329*J2^4*(J2-J1)^1+0,0.0039010374*J1^2*J2^3+0.0014615237*J1^1*J2^4+-0.0032901599*J2^5+0.0063298947*J1^1*J2^3*(J2-J1)^1+-0.0039641765*J2^4*(J2-J1)^1+0,0.0003186260*J1^2*J2^3+0.0012329441*J1^1*J2^4+0.0005208310*J2^5+0.0020843896*J1^1*J2^3*(J2-J1)^1+-0.0010230133*J2^4*(J2-J1)^1+0,0.0063335051*J1^2*J2^3+-0.0080960336*J1^1*J2^4+0.0029590298*J2^5+-0.0114140599*J1^1*J2^3*(J2-J1)^1+0.0112885496*J2^4*(J2-J1)^1+0,0,0,0,0,0,0,0,0,0,0,0,0,0,0,0,0,0,0,0,0,0,0,0,0,0,0,0,0,0,0,0,0},
{0,0,0,0,0,0,0,0,0,0,0,0,0,0,0,0,0,0,0,0,0,0,0,0,0,0,0,0,0,0,0,0,0,0,0,0,0,0,0,0,0,0,0,0,0,0,0,0,0,0,0,0,-0.0024768111*J1^2*J2^3+-0.0037403923*J2^5+-0.0006521710*J2^4*(J2-J1)^1+0,-0.0012034229*J1^2*J2^3+-0.0016168688*J1^1*J2^4+-0.0007692124*J2^5+0.0018383576*J1^1*J2^3*(J2-J1)^1+0,-0.0012057301*J1^2*J2^3+-0.0023837740*J1^1*J2^4+0.0040975441*J1^1*J2^3*(J2-J1)^1+0,-0.0016693232*J1^2*J2^3+-0.0013336470*J1^1*J2^4+0.0009305691*J2^5+0.0036444848*J2^4*(J2-J1)^1+0,0,0,0,0,0,0,0,0,0,0,0,0,0.0035027398*J1^2*J2^3+0.0052897135*J2^5+-0.0008138021*J2^4*(J2-J1)^1+0,0.0017018970*J1^2*J2^3+0.0022865977*J1^1*J2^4+0.0010878306*J2^5+-0.0036021745*J1^1*J2^3*(J2-J1)^1+0,0.0017051598*J1^2*J2^3+0.0033711655*J1^1*J2^4+-0.0067971467*J1^1*J2^3*(J2-J1)^1+0,0.0023607796*J1^2*J2^3+0.0018860617*J1^1*J2^4+-0.0013160235*J2^5+-0.0057327836*J2^4*(J2-J1)^1+0,0,0,0,0,0,0,0,0,0,0,0,0,0,0,0,0,0,0,0,0,0,0,0,0},
{0,0,0,0,0,0,0,0,0,0,0,0,0,0,0,0,0,0,0,0,0,0,0,0,0,0,0,0,0,0,0,0,0,0,0,0,0,0,0,0,0,0,0,0,0,0,0,0,0,0,0,0,-0.0012034229*J1^2*J2^3+-0.0016168688*J1^1*J2^4+-0.0007692124*J2^5+-0.0039203530*J1^1*J2^3*(J2-J1)^1+0,-0.0010872180*J1^2*J2^3+0.0018669992*J1^1*J2^4+-0.0028521823*J2^5+0.0012020406*J1^1*J2^3*(J2-J1)^1+-0.0021866909*J2^4*(J2-J1)^1+0,-0.0016693232*J1^2*J2^3+-0.0013336470*J1^1*J2^4+0.0009305691*J2^5+0.0003196917*J2^4*(J2-J1)^1+0,0.0007218384*J1^2*J2^3+-0.0008438111*J1^1*J2^4+-0.0010745287*J2^5+0.0032115887*J1^1*J2^3*(J2-J1)^1+-0.0022887184*J2^4*(J2-J1)^1+0,0,0,0,0,0,0,0,0,0,0,0,0,0.0017018970*J1^2*J2^3+0.0022865977*J1^1*J2^4+0.0010878306*J2^5+0.0045418722*J1^1*J2^3*(J2-J1)^1+0,0.0015375585*J1^2*J2^3+-0.0026403356*J1^1*J2^4+0.0040335950*J2^5+-0.0005425347*J1^1*J2^3*(J2-J1)^1+0.0013563368*J2^4*(J2-J1)^1+0,0.0023607796*J1^2*J2^3+0.0018860617*J1^1*J2^4+-0.0013160235*J2^5+-0.0010308160*J2^4*(J2-J1)^1+0,-0.0010208336*J1^2*J2^3+0.0011933291*J1^1*J2^4+0.0015196130*J2^5+-0.0055442165*J1^1*J2^3*(J2-J1)^1+0.0039049660*J2^4*(J2-J1)^1+0,0,0,0,0,0,0,0,0,0,0,0,0,0,0,0,0,0,0,0,0,0,0,0,0},
{0,0,0,0,0,0,0,0,0,0,0,0,0,0,0,0,0,0,0,0,0,0,0,0,0,0,0,0,0,0,0,0,0,0,0,0,0,0,0,0,0,0,0,0,0,0,0,0,0,0,0,0,-0.0012057301*J1^2*J2^3+-0.0023837740*J1^1*J2^4+-0.0041861397*J1^1*J2^3*(J2-J1)^1+0,0.0009063258*J1^2*J2^3+-0.0013336470*J1^1*J2^4+-0.0016450800*J2^5+-0.0011381023*J2^4*(J2-J1)^1+0,-0.0038690682*J1^2*J2^3+0.0038522844*J1^1*J2^4+-0.0020556173*J2^5+0.0034782452*J1^1*J2^3*(J2-J1)^1+-0.0033120055*J2^4*(J2-J1)^1+0,-0.0001839588*J1^2*J2^3+-0.0007118406*J1^1*J2^4+-0.0003007019*J2^5+-0.0026504835*J1^1*J2^3*(J2-J1)^1+0.0034847583*J2^4*(J2-J1)^1+0,0,0,0,0,0,0,0,0,0,0,0,0,0.0017051598*J1^2*J2^3+0.0033711655*J1^1*J2^4+0.0049177513*J1^1*J2^3*(J2-J1)^1+0,-0.0012817383*J1^2*J2^3+0.0018860617*J1^1*J2^4+0.0023264944*J2^5+0.0010308160*J2^4*(J2-J1)^1+0,0.0054716887*J1^2*J2^3+-0.0054479528*J1^1*J2^4+0.0029070819*J2^5+-0.0060763889*J1^1*J2^3*(J2-J1)^1+0.0052625868*J2^4*(J2-J1)^1+0,0.0002601570*J1^2*J2^3+0.0010066947*J1^1*J2^4+0.0004252567*J2^5+0.0040824645*J1^1*J2^3*(J2-J1)^1+-0.0055964219*J2^4*(J2-J1)^1+0,0,0,0,0,0,0,0,0,0,0,0,0,0,0,0,0,0,0,0,0,0,0,0,0},
{0,0,0,0,0,0,0,0,0,0,0,0,0,0,0,0,0,0,0,0,0,0,0,0,0,0,0,0,0,0,0,0,0,0,0,0,0,0,0,0,0,0,0,0,0,0,0,0,0,0,0,0,0.0009063258*J1^2*J2^3+-0.0013336470*J1^1*J2^4+-0.0016450800*J2^5+-0.0044628954*J2^4*(J2-J1)^1+0,-0.0022522650*J1^2*J2^3+-0.0008438111*J1^1*J2^4+0.0018995747*J2^5+-0.0050720952*J1^1*J2^3*(J2-J1)^1+0.0032337375*J2^4*(J2-J1)^1+0,-0.0001839588*J1^2*J2^3+-0.0007118406*J1^1*J2^4+-0.0003007019*J2^5+-0.0007309133*J1^1*J2^3*(J2-J1)^1+-0.0003543822*J2^4*(J2-J1)^1+0,-0.0036566509*J1^2*J2^3+0.0046742471*J1^1*J2^4+-0.0017083967*J2^5+0.0044074822*J1^1*J2^3*(J2-J1)^1+-0.0046078223*J2^4*(J2-J1)^1+0,0,0,0,0,0,0,0,0,0,0,0,0,-0.0012817383*J1^2*J2^3+0.0018860617*J1^1*J2^4+0.0023264944*J2^5+0.0057327836*J2^4*(J2-J1)^1+0,0.0031851837*J1^2*J2^3+0.0011933291*J1^1*J2^4+-0.0026864043*J2^5+0.0061706816*J1^1*J2^3*(J2-J1)^1+-0.0039049660*J2^4*(J2-J1)^1+0,0.0002601570*J1^2*J2^3+0.0010066947*J1^1*J2^4+0.0004252567*J2^5+0.0013677822*J1^1*J2^3*(J2-J1)^1+-0.0001670574*J2^4*(J2-J1)^1+0,0.0051712852*J1^2*J2^3+-0.0066103837*J1^1*J2^4+0.0024160377*J2^5+-0.0077763310*J1^1*J2^3*(J2-J1)^1+0.0078667535*J2^4*(J2-J1)^1+0,0,0,0,0,0,0,0,0,0,0,0,0,0,0,0,0,0,0,0,0,0,0,0,0}
}