96
{{0,0,0,0,0,0,0,0,0,0,0,0,0,0,0,0,0,0,0,0,0,0,0,0,0,0,0,0,0,0,0,0,0,0,0,0,0,0,0,0,0,0,0,0,0,0,0,0,0,0,0,0,0,0,0,0,0,0,0,0,0,0,0,0,0,0,0,0,0,0,0,0,0,0,0,0,0,0,0,0,0,0,-0.0007471902*J2^5+-0.0043968572*J2^4*(J2-J1)^1+0,-0.0015081712*J2^5+0.0004313486*J2^4*(J2-J1)^1+0,0,0,0,0,0,0,0,0,0,0,0,0},
{0,0,0,0,0,0,0,0,0,0,0,0,0,0,0,0,0,0,0,0,0,0,0,0,0,0,0,0,0,0,0,0,0,0,0,0,0,0,0,0,0,0,0,0,0,0,0,0,0,0,0,0,0,0,0,0,0,0,0,0,0,0,0,0,0,0,0,0,0,0,0,0,0,0,0,0,0,0,0,0,-0.0007471902*J2^5+-0.0096487232*J2^4*(J2-J1)^1+0,-0.0015081712*J2^5+-0.0031011553*J2^4*(J2-J1)^1+0,0.0008627809*J2^5+0.0081092196*J2^4*(J2-J1)^1+0,0.0017414861*J2^5+0.0015414136*J2^4*(J2-J1)^1+0,0,0,0,0,0,0,0,0,0,0,0,0},
{0,0,0,0,0,0,0,0,0,0,0,0,0,0,0,0,0,0,0,0,0,0,0,0,0,0,0,0,0,0,0,0,0,0,0,0,0,0,0,0,0,0,0,0,0,0,0,0,0,0,0,0,0,0,0,0,0,0,0,0,0,0,0,0,0,0,0,0,0,0,0,0,0,0,0,0,0,0,0,0,0,0,0,0,0,0,-0.0007471902*J2^5+-0.0004756495*J2^4*(J2-J1)^1+0,-0.0015081712*J2^5+0.0029417438*J2^4*(J2-J1)^1+0,0,0,0,0,0,0,0,0},
{0,0,0,0,0,0,0,0,0,0,0,0,0,0,0,0,0,0,0,0,0,0,0,0,0,0,0,0,0,0,0,0,0,0,0,0,0,0,0,0,0,0,0,0,0,0,0,0,0,0,0,0,0,0,0,0,0,0,0,0,0,0,0,0,0,0,0,0,0,0,0,0,0,0,0,0,0,0,0,0,0,0,0,0,-0.0007471902*J2^5+-0.0057275155*J2^4*(J2-J1)^1+0,-0.0015081712*J2^5+-0.0005907600*J2^4*(J2-J1)^1+0,0.0008627809*J2^5+0.0035813990*J2^4*(J2-J1)^1+0,0.0017414861*J2^5+-0.0013573411*J2^4*(J2-J1)^1+0,0,0,0,0,0,0,0,0},
{0,0,0,0,0,0,0,0,0,0,0,0,0,0,0,0,0,0,0,0,0,0,0,0,0,0,0,0,0,0,0,0,0,0,0,0,0,0,0,0,0,0,0,0,0,0,0,0,0,0,0,0,0,0,0,0,0,0,0,0,0,0,0,0,0,0,0,0,0,0,0,0,0,0,0.0004313905*J2^5+0.0033958655*J2^4*(J2-J1)^1+0,0.0008707430*J2^5+0.0002583202*J2^4*(J2-J1)^1+0,0,0,0,0,0,0,0,0,0,0,0,0,0,0,-0.0006100782*J2^5+-0.0041962489*J2^4*(J2-J1)^1+0,-0.0012314166*J2^5+-0.0000065626*J2^4*(J2-J1)^1+0,0,0,0,0},
{0,0,0,0,0,0,0,0,0,0,0,0,0,0,0,0,0,0,0,0,0,0,0,0,0,0,0,0,0,0,0,0,0,0,0,0,0,0,0,0,0,0,0,0,0,0,0,0,0,0,0,0,0,0,0,0,0,0,0,0,0,0,0,0,0,0,0,0,0,0,0,0,0.0004313905*J2^5+0.0064280318*J2^4*(J2-J1)^1+0,0.0008707430*J2^5+0.0022978122*J2^4*(J2-J1)^1+0,-0.0004981268*J2^5+-0.0056718297*J2^4*(J2-J1)^1+0,-0.0010054475*J2^5+-0.0014757838*J2^4*(J2-J1)^1+0,0,0,0,0,0,0,0,0,0,0,0,0,-0.0006100782*J2^5+-0.0084843796*J2^4*(J2-J1)^1+0,-0.0012314166*J2^5+-0.0028908400*J2^4*(J2-J1)^1+0,0.0007044577*J2^5+0.0073211643*J2^4*(J2-J1)^1+0,0.0014219174*J2^5+0.0016728162*J2^4*(J2-J1)^1+0,0,0,0,0},
{0,0,0,0,0,0,0,0,0,0,0,0,0,0,0,0,0,0,0,0,0,0,0,0,0,0,0,0,0,0,0,0,0,0,0,0,0,0,0,0,0,0,0,0,0,0,0,0,0,0,0,0,0,0,0,0,0,0,0,0,0,0,0,0,0,0,0,0,0,0,0,0,0,0,0,0,0,0,0.0004313905*J2^5+0.0011319552*J2^4*(J2-J1)^1+0,0.0008707430*J2^5+-0.0011910572*J2^4*(J2-J1)^1+0,0,0,0,0,0,0,0,0,0,0,0,0,0,0,-0.0006100782*J2^5+-0.0009945962*J2^4*(J2-J1)^1+0,-0.0012314166*J2^5+0.0020431665*J2^4*(J2-J1)^1+0},
{0,0,0,0,0,0,0,0,0,0,0,0,0,0,0,0,0,0,0,0,0,0,0,0,0,0,0,0,0,0,0,0,0,0,0,0,0,0,0,0,0,0,0,0,0,0,0,0,0,0,0,0,0,0,0,0,0,0,0,0,0,0,0,0,0,0,0,0,0,0,0,0,0,0,0,0,0.0004313905*J2^5+0.0041641214*J2^4*(J2-J1)^1+0,0.0008707430*J2^5+0.0008484349*J2^4*(J2-J1)^1+0,-0.0004981268*J2^5+-0.0030576913*J2^4*(J2-J1)^1+0,-0.0010054475*J2^5+0.0001978131*J2^4*(J2-J1)^1+0,0,0,0,0,0,0,0,0,0,0,0,0,-0.0006100782*J2^5+-0.0052827269*J2^4*(J2-J1)^1+0,-0.0012314166*J2^5+-0.0008411108*J2^4*(J2-J1)^1+0,0.0007044577*J2^5+0.0036242142*J2^4*(J2-J1)^1+0,0.0014219174*J2^5+-0.0006940072*J2^4*(J2-J1)^1+0},
{0,0,0,0,0,0,0,0,0,0,0,0,0,0,0,0,0,0,0,0,0,0,0,0,0,0,0,0,0,0,0,0,0,0,0,0,0,0,0,0,0,0,0,0,0,0,0,0,0,0,0,0,0,0,0,0,0,0,0,0,0,0,0,0,0,0,0,0,0,0,0,0,0,0,0,0,0,0,0,0,0,0,0.0023609905*J2^5+0,0.0005764431*J2^5+-0.0031467014*J2^4*(J2-J1)^1+0,0,0,0,0,0,0,0,0,0,0,0,0},
{0,0,0,0,0,0,0,0,0,0,0,0,0,0,0,0,0,0,0,0,0,0,0,0,0,0,0,0,0,0,0,0,0,0,0,0,0,0,0,0,0,0,0,0,0,0,0,0,0,0,0,0,0,0,0,0,0,0,0,0,0,0,0,0,0,0,0,0,0,0,0,0,0,0,0,0,0,0,0,0,0.0023609905*J2^5+0,0.0005764431*J2^5+0.0034179687*J2^4*(J2-J1)^1+0,-0.0027262370*J2^5+0,-0.0006656192*J2^5+-0.0001566163*J2^4*(J2-J1)^1+0,0,0,0,0,0,0,0,0,0,0,0,0},
{0,0,0,0,0,0,0,0,0,0,0,0,0,0,0,0,0,0,0,0,0,0,0,0,0,0,0,0,0,0,0,0,0,0,0,0,0,0,0,0,0,0,0,0,0,0,0,0,0,0,0,0,0,0,0,0,0,0,0,0,0,0,0,0,0,0,0,0,0,0,0,0,0,0,0,0,0,0,0,0,0,0,0,0,0,0,0.0023609905*J2^5+0,0.0005764431*J2^5+-0.0079210069*J2^4*(J2-J1)^1+0,0,0,0,0,0,0,0,0},
{0,0,0,0,0,0,0,0,0,0,0,0,0,0,0,0,0,0,0,0,0,0,0,0,0,0,0,0,0,0,0,0,0,0,0,0,0,0,0,0,0,0,0,0,0,0,0,0,0,0,0,0,0,0,0,0,0,0,0,0,0,0,0,0,0,0,0,0,0,0,0,0,0,0,0,0,0,0,0,0,0,0,0,0,0.0023609905*J2^5+0,0.0005764431*J2^5+-0.0013563368*J2^4*(J2-J1)^1+0,-0.0027262370*J2^5+0,-0.0006656192*J2^5+0.0053562769*J2^4*(J2-J1)^1+0,0,0,0,0,0,0,0,0},
{0,0,0,0,0,0,0,0,0,0,0,0,0,0,0,0,0,0,0,0,0,0,0,0,0,0,0,0,0,0,0,0,0,0,0,0,0,0,0,0,0,0,0,0,0,0,0,0,0,0,0,0,0,0,0,0,0,0,0,0,0,0,0,0,0,0,0,0,0,0,0,0,0,0,-0.0013631185*J2^5+0,-0.0003328096*J2^5+0.0008144047*J2^4*(J2-J1)^1+0,0,0,0,0,0,0,0,0,0,0,0,0,0,0,0.0019277407*J2^5+0,0.0004706639*J2^5+-0.0018605065*J2^4*(J2-J1)^1+0,0,0,0,0},
{0,0,0,0,0,0,0,0,0,0,0,0,0,0,0,0,0,0,0,0,0,0,0,0,0,0,0,0,0,0,0,0,0,0,0,0,0,0,0,0,0,0,0,0,0,0,0,0,0,0,0,0,0,0,0,0,0,0,0,0,0,0,0,0,0,0,0,0,0,0,0,0,-0.0013631185*J2^5+0,-0.0003328096*J2^5+-0.0029757094*J2^4*(J2-J1)^1+0,0.0015739937*J2^5+0,0.0003842954*J2^5+0.0012478299*J2^4*(J2-J1)^1+0,0,0,0,0,0,0,0,0,0,0,0,0,0.0019277407*J2^5+0,0.0004706639*J2^5+0.0034995242*J2^4*(J2-J1)^1+0,-0.0022259632*J2^5+0,-0.0005434758*J2^5+-0.0009462873*J2^4*(J2-J1)^1+0,0,0,0,0},
{0,0,0,0,0,0,0,0,0,0,0,0,0,0,0,0,0,0,0,0,0,0,0,0,0,0,0,0,0,0,0,0,0,0,0,0,0,0,0,0,0,0,0,0,0,0,0,0,0,0,0,0,0,0,0,0,0,0,0,0,0,0,0,0,0,0,0,0,0,0,0,0,0,0,0,0,0,0,-0.0013631185*J2^5+0,-0.0003328096*J2^5+0.0035708513*J2^4*(J2-J1)^1+0,0,0,0,0,0,0,0,0,0,0,0,0,0,0,0.0019277407*J2^5+0,0.0004706639*J2^5+-0.0057587107*J2^4*(J2-J1)^1+0},
{0,0,0,0,0,0,0,0,0,0,0,0,0,0,0,0,0,0,0,0,0,0,0,0,0,0,0,0,0,0,0,0,0,0,0,0,0,0,0,0,0,0,0,0,0,0,0,0,0,0,0,0,0,0,0,0,0,0,0,0,0,0,0,0,0,0,0,0,0,0,0,0,0,0,0,0,-0.0013631185*J2^5+0,-0.0003328096*J2^5+-0.0002192628*J2^4*(J2-J1)^1+0,0.0015739937*J2^5+0,0.0003842954*J2^5+-0.0019350405*J2^4*(J2-J1)^1+0,0,0,0,0,0,0,0,0,0,0,0,0,0.0019277407*J2^5+0,0.0004706639*J2^5+-0.0003986800*J2^4*(J2-J1)^1+0,-0.0022259632*J2^5+0,-0.0005434758*J2^5+0.0035549712*J2^4*(J2-J1)^1+0},
{0,0,0,0,0,0,0,0,0,0,0,0,0,0,0,0,0,0,0,0,0,0,0,0,0,0,0,0,0,0,0,0,0,0,0,0,0,0,0,0,0,0,0,0,0,0,0,0,0,0,0,0,0,0,0,0,0,0,0,0,0,0,0,0,0,0,0,0,0,0,0,0,0,0,0,0,0,0,0,0,0,0,-0.0001776525*J2^5+-0.0036685120*J2^4*(J2-J1)^1+0,-0.0026403866*J2^5+0.0029942083*J2^4*(J2-J1)^1+0,0,0,0,0,0,0,0,0,0,0,0,0},
{0,0,0,0,0,0,0,0,0,0,0,0,0,0,0,0,0,0,0,0,0,0,0,0,0,0,0,0,0,0,0,0,0,0,0,0,0,0,0,0,0,0,0,0,0,0,0,0,0,0,0,0,0,0,0,0,0,0,0,0,0,0,0,0,0,0,0,0,0,0,0,0,0,0,0,0,0,0,0,0,-0.0001776525*J2^5+-0.0079949280*J2^4*(J2-J1)^1+0,-0.0026403866*J2^5+-0.0037917798*J2^4*(J2-J1)^1+0,0.0002051355*J2^5+0.0067338902*J2^4*(J2-J1)^1+0,0.0030488559*J2^5+0.0004604781*J2^4*(J2-J1)^1+0,0,0,0,0,0,0,0,0,0,0,0,0},
{0,0,0,0,0,0,0,0,0,0,0,0,0,0,0,0,0,0,0,0,0,0,0,0,0,0,0,0,0,0,0,0,0,0,0,0,0,0,0,0,0,0,0,0,0,0,0,0,0,0,0,0,0,0,0,0,0,0,0,0,0,0,0,0,0,0,0,0,0,0,0,0,0,0,0,0,0,0,0,0,0,0,0,0,0,0,-0.0001776525*J2^5+-0.0005939183*J2^4*(J2-J1)^1+0,-0.0026403866*J2^5+0.0079709785*J2^4*(J2-J1)^1+0,0,0,0,0,0,0,0,0},
{0,0,0,0,0,0,0,0,0,0,0,0,0,0,0,0,0,0,0,0,0,0,0,0,0,0,0,0,0,0,0,0,0,0,0,0,0,0,0,0,0,0,0,0,0,0,0,0,0,0,0,0,0,0,0,0,0,0,0,0,0,0,0,0,0,0,0,0,0,0,0,0,0,0,0,0,0,0,0,0,0,0,0,0,-0.0001776525*J2^5+-0.0049203343*J2^4*(J2-J1)^1+0,-0.0026403866*J2^5+0.0011849904*J2^4*(J2-J1)^1+0,0.0002051355*J2^5+0.0031836552*J2^4*(J2-J1)^1+0,0.0030488559*J2^5+-0.0052862011*J2^4*(J2-J1)^1+0,0,0,0,0,0,0,0,0},
{0,0,0,0,0,0,0,0,0,0,0,0,0,0,0,0,0,0,0,0,0,0,0,0,0,0,0,0,0,0,0,0,0,0,0,0,0,0,0,0,0,0,0,0,0,0,0,0,0,0,0,0,0,0,0,0,0,0,0,0,0,0,0,0,0,0,0,0,0,0,0,0,0,0,0.0001025677*J2^5+0.0027394022*J2^4*(J2-J1)^1+0,0.0015244279*J2^5+-0.0006699355*J2^4*(J2-J1)^1+0,0,0,0,0,0,0,0,0,0,0,0,0,0,0,-0.0001450527*J2^5+-0.0034347136*J2^4*(J2-J1)^1+0,-0.0021558667*J2^5+0.0016960963*J2^4*(J2-J1)^1+0,0,0,0,0},
{0,0,0,0,0,0,0,0,0,0,0,0,0,0,0,0,0,0,0,0,0,0,0,0,0,0,0,0,0,0,0,0,0,0,0,0,0,0,0,0,0,0,0,0,0,0,0,0,0,0,0,0,0,0,0,0,0,0,0,0,0,0,0,0,0,0,0,0,0,0,0,0,0.0001025677*J2^5+0.0052372597*J2^4*(J2-J1)^1+0,0.0015244279*J2^5+0.0032479566*J2^4*(J2-J1)^1+0,-0.0001184350*J2^5+-0.0046053279*J2^4*(J2-J1)^1+0,-0.0017602578*J2^5+-0.0014884212*J2^4*(J2-J1)^1+0,0,0,0,0,0,0,0,0,0,0,0,0,-0.0001450527*J2^5+-0.0069672175*J2^4*(J2-J1)^1+0,-0.0021558667*J2^5+-0.0038446397*J2^4*(J2-J1)^1+0,0.0001674924*J2^5+0.0060055578*J2^4*(J2-J1)^1+0,0.0024893804*J2^5+0.0012404621*J2^4*(J2-J1)^1+0,0,0,0,0},
{0,0,0,0,0,0,0,0,0,0,0,0,0,0,0,0,0,0,0,0,0,0,0,0,0,0,0,0,0,0,0,0,0,0,0,0,0,0,0,0,0,0,0,0,0,0,0,0,0,0,0,0,0,0,0,0,0,0,0,0,0,0,0,0,0,0,0,0,0,0,0,0,0,0,0,0,0,0,0.0001025677*J2^5+0.0009642847*J2^4*(J2-J1)^1+0,0.0015244279*J2^5+-0.0035432751*J2^4*(J2-J1)^1+0,0,0,0,0,0,0,0,0,0,0,0,0,0,0,-0.0001450527*J2^5+-0.0009243184*J2^4*(J2-J1)^1+0,-0.0021558667*J2^5+0.0057596122*J2^4*(J2-J1)^1+0},
{0,0,0,0,0,0,0,0,0,0,0,0,0,0,0,0,0,0,0,0,0,0,0,0,0,0,0,0,0,0,0,0,0,0,0,0,0,0,0,0,0,0,0,0,0,0,0,0,0,0,0,0,0,0,0,0,0,0,0,0,0,0,0,0,0,0,0,0,0,0,0,0,0,0,0,0,0.0001025677*J2^5+0.0034621422*J2^4*(J2-J1)^1+0,0.0015244279*J2^5+0.0003746170*J2^4*(J2-J1)^1+0,-0.0001184350*J2^5+-0.0025555988*J2^4*(J2-J1)^1+0,-0.0017602578*J2^5+0.0018294256*J2^4*(J2-J1)^1+0,0,0,0,0,0,0,0,0,0,0,0,0,-0.0001450527*J2^5+-0.0044568223*J2^4*(J2-J1)^1+0,-0.0021558667*J2^5+0.0002188761*J2^4*(J2-J1)^1+0,0.0001674924*J2^5+0.0031068030*J2^4*(J2-J1)^1+0,0.0024893804*J2^5+-0.0034516818*J2^4*(J2-J1)^1+0},
{0,0,0,0,0,0,0,0,0,0,0,0,0,0,0,0,0,0,0,0,0,0,0,0,0,0,0,0,0,0,0,0,0,0,0,0,0,0,0,0,0,0,0,0,0,0,0,0,0,0,0,0,0,0,0,0,0,0,0,0,0,0,0,0,0,0,0,0,0,0,0,0,0,0,0,0,0,0,0,0,0,0,-0.0011382959*J2^5+0,-0.0017842108*J2^5+0,0,0,0,0,0,0,0,0,0,0,0,0},
{0,0,0,0,0,0,0,0,0,0,0,0,0,0,0,0,0,0,0,0,0,0,0,0,0,0,0,0,0,0,0,0,0,0,0,0,0,0,0,0,0,0,0,0,0,0,0,0,0,0,0,0,0,0,0,0,0,0,0,0,0,0,0,0,0,0,0,0,0,0,0,0,0,0,0,0,0,0,0,0,0,0,-0.0017842108*J2^5+0,-0.0031985251*J2^5+0,0,0,0,0,0,0,0,0,0,0,0,0},
{0,0,0,0,0,0,0,0,0,0,0,0,0,0,0,0,0,0,0,0,0,0,0,0,0,0,0,0,0,0,0,0,0,0,0,0,0,0,0,0,0,0,0,0,0,0,0,0,0,0,0,0,0,0,0,0,0,0,0,0,0,0,0,0,0,0,0,0,0,0,0,0,0,0,0,0,0,0,0,0,0,0,0,0,0,0,-0.0011382959*J2^5+0,-0.0017842108*J2^5+0,0,0,0,0,0,0,0,0},
{0,0,0,0,0,0,0,0,0,0,0,0,0,0,0,0,0,0,0,0,0,0,0,0,0,0,0,0,0,0,0,0,0,0,0,0,0,0,0,0,0,0,0,0,0,0,0,0,0,0,0,0,0,0,0,0,0,0,0,0,0,0,0,0,0,0,0,0,0,0,0,0,0,0,0,0,0,0,0,0,0,0,0,0,0,0,-0.0017842108*J2^5+0,-0.0031985251*J2^5+0,0,0,0,0,0,0,0,0},
{0,0,0,0,0,0,0,0,0,0,0,0,0,0,0,0,0,0,0,0,0,0,0,0,0,0,0,0,0,0,0,0,0,0,0,0,0,0,0,0,0,0,0,0,0,0,0,0,0,0,0,0,0,0,0,0,0,0,0,0,0,0,0,0,0,0,0,0,0,0,0,0,0,0,0.0006571954*J2^5+0,0.0010301146*J2^5+0,0,0,0,0,0,0,0,0,0,0,0,0,0,0,-0.0009294147*J2^5+0,-0.0014568020*J2^5+0,0,0,0,0},
{0,0,0,0,0,0,0,0,0,0,0,0,0,0,0,0,0,0,0,0,0,0,0,0,0,0,0,0,0,0,0,0,0,0,0,0,0,0,0,0,0,0,0,0,0,0,0,0,0,0,0,0,0,0,0,0,0,0,0,0,0,0,0,0,0,0,0,0,0,0,0,0,0,0,0.0010301146*J2^5+0,0.0018466693*J2^5+0,0,0,0,0,0,0,0,0,0,0,0,0,0,0,-0.0014568020*J2^5+0,-0.0026115848*J2^5+0,0,0,0,0},
{0,0,0,0,0,0,0,0,0,0,0,0,0,0,0,0,0,0,0,0,0,0,0,0,0,0,0,0,0,0,0,0,0,0,0,0,0,0,0,0,0,0,0,0,0,0,0,0,0,0,0,0,0,0,0,0,0,0,0,0,0,0,0,0,0,0,0,0,0,0,0,0,0,0,0,0,0,0,0.0006571954*J2^5+0,0.0010301146*J2^5+0,0,0,0,0,0,0,0,0,0,0,0,0,0,0,-0.0009294147*J2^5+0,-0.0014568020*J2^5+0},
{0,0,0,0,0,0,0,0,0,0,0,0,0,0,0,0,0,0,0,0,0,0,0,0,0,0,0,0,0,0,0,0,0,0,0,0,0,0,0,0,0,0,0,0,0,0,0,0,0,0,0,0,0,0,0,0,0,0,0,0,0,0,0,0,0,0,0,0,0,0,0,0,0,0,0,0,0,0,0.0010301146*J2^5+0,0.0018466693*J2^5+0,0,0,0,0,0,0,0,0,0,0,0,0,0,0,-0.0014568020*J2^5+0,-0.0026115848*J2^5+0},
{0,0,0,0,0,0,0,0,0,0,0,0,0,0,0,0,0,0,0,0,0,0,0,0,0,0,0,0,0,0,0,0,0,0,0,0,0,0,0,0,0,0,0,0,0,0,0,0,0,0,0,0,0,0,0,0,0,0,0,0,0,0,0,0,0,0,0,0,0,0,0,0,0,0,0,0,0,0,0,0,0.0009570128*J2^5+0,0.0014454136*J2^5+0,-0.0005857642*J2^5+0,-0.0009497009*J2^5+0,0,0,0,0,0,0,0,0,0,0,0,0},
{0,0,0,0,0,0,0,0,0,0,0,0,0,0,0,0,0,0,0,0,0,0,0,0,0,0,0,0,0,0,0,0,0,0,0,0,0,0,0,0,0,0,0,0,0,0,0,0,0,0,0,0,0,0,0,0,0,0,0,0,0,0,0,0,0,0,0,0,0,0,0,0,0,0,0,0,0,0,0,0,0.0014454136*J2^5+0,0.0026260327*J2^5+0,-0.0009497009*J2^5+0,-0.0016823844*J2^5+0,0,0,0,0,0,0,0,0,0,0,0,0},
{0,0,0,0,0,0,0,0,0,0,0,0,0,0,0,0,0,0,0,0,0,0,0,0,0,0,0,0,0,0,0,0,0,0,0,0,0,0,0,0,0,0,0,0,0,0,0,0,0,0,0,0,0,0,0,0,0,0,0,0,0,0,0,0,0,0,0,0,0,0,0,0,0,0,0,0,0,0,0,0,0,0,0,0,0.0009570128*J2^5+0,0.0014454136*J2^5+0,-0.0005857642*J2^5+0,-0.0009497009*J2^5+0,0,0,0,0,0,0,0,0},
{0,0,0,0,0,0,0,0,0,0,0,0,0,0,0,0,0,0,0,0,0,0,0,0,0,0,0,0,0,0,0,0,0,0,0,0,0,0,0,0,0,0,0,0,0,0,0,0,0,0,0,0,0,0,0,0,0,0,0,0,0,0,0,0,0,0,0,0,0,0,0,0,0,0,0,0,0,0,0,0,0,0,0,0,0.0014454136*J2^5+0,0.0026260327*J2^5+0,-0.0009497009*J2^5+0,-0.0016823844*J2^5+0,0,0,0,0,0,0,0,0},
{0,0,0,0,0,0,0,0,0,0,0,0,0,0,0,0,0,0,0,0,0,0,0,0,0,0,0,0,0,0,0,0,0,0,0,0,0,0,0,0,0,0,0,0,0,0,0,0,0,0,0,0,0,0,0,0,0,0,0,0,0,0,0,0,0,0,0,0,0,0,0,0,-0.0005525316*J2^5+0,-0.0008345099*J2^5+0,0.0003381911*J2^5+0,0.0005483101*J2^5+0,0,0,0,0,0,0,0,0,0,0,0,0,0.0007813977*J2^5+0,0.0011801753*J2^5+0,-0.0004782745*J2^5+0,-0.0007754275*J2^5+0,0,0,0,0},
{0,0,0,0,0,0,0,0,0,0,0,0,0,0,0,0,0,0,0,0,0,0,0,0,0,0,0,0,0,0,0,0,0,0,0,0,0,0,0,0,0,0,0,0,0,0,0,0,0,0,0,0,0,0,0,0,0,0,0,0,0,0,0,0,0,0,0,0,0,0,0,0,-0.0008345099*J2^5+0,-0.0015161407*J2^5+0,0.0005483101*J2^5+0,0.0009713251*J2^5+0,0,0,0,0,0,0,0,0,0,0,0,0,0.0011801753*J2^5+0,0.0021441467*J2^5+0,-0.0007754275*J2^5+0,-0.0013736611*J2^5+0,0,0,0,0},
{0,0,0,0,0,0,0,0,0,0,0,0,0,0,0,0,0,0,0,0,0,0,0,0,0,0,0,0,0,0,0,0,0,0,0,0,0,0,0,0,0,0,0,0,0,0,0,0,0,0,0,0,0,0,0,0,0,0,0,0,0,0,0,0,0,0,0,0,0,0,0,0,0,0,0,0,-0.0005525316*J2^5+0,-0.0008345099*J2^5+0,0.0003381911*J2^5+0,0.0005483101*J2^5+0,0,0,0,0,0,0,0,0,0,0,0,0,0.0007813977*J2^5+0,0.0011801753*J2^5+0,-0.0004782745*J2^5+0,-0.0007754275*J2^5+0},
{0,0,0,0,0,0,0,0,0,0,0,0,0,0,0,0,0,0,0,0,0,0,0,0,0,0,0,0,0,0,0,0,0,0,0,0,0,0,0,0,0,0,0,0,0,0,0,0,0,0,0,0,0,0,0,0,0,0,0,0,0,0,0,0,0,0,0,0,0,0,0,0,0,0,0,0,-0.0008345099*J2^5+0,-0.0015161407*J2^5+0,0.0005483101*J2^5+0,0.0009713251*J2^5+0,0,0,0,0,0,0,0,0,0,0,0,0,0.0011801753*J2^5+0,0.0021441467*J2^5+0,-0.0007754275*J2^5+0,-0.0013736611*J2^5+0},
{0,0,0,0,0,0,0,0,0,0,0,0,0,0,0,0,0,0,0,0,0,0,0,0,0,0,0,0,0,0,0,0,0,0,0,0,0,0,0,0,0,0,0,0,0,0,0,0,0,0,0,0,0,0,0,0,0,0,0,0,0,0,0,0,0,0,0,0,0,0,0,0,0,0,0,0,0,0,0,0,0.0007174117*J2^5+0,0.0011631413*J2^5+0,-0.0011955956*J2^5+0,-0.0018517152*J2^5+0,0,0,0,0,0,0,0,0,0,0,0,0},
{0,0,0,0,0,0,0,0,0,0,0,0,0,0,0,0,0,0,0,0,0,0,0,0,0,0,0,0,0,0,0,0,0,0,0,0,0,0,0,0,0,0,0,0,0,0,0,0,0,0,0,0,0,0,0,0,0,0,0,0,0,0,0,0,0,0,0,0,0,0,0,0,0,0,0,0,0,0,0,0,0.0011631413*J2^5+0,0.0020604916*J2^5+0,-0.0018517152*J2^5+0,-0.0033337721*J2^5+0,0,0,0,0,0,0,0,0,0,0,0,0},
{0,0,0,0,0,0,0,0,0,0,0,0,0,0,0,0,0,0,0,0,0,0,0,0,0,0,0,0,0,0,0,0,0,0,0,0,0,0,0,0,0,0,0,0,0,0,0,0,0,0,0,0,0,0,0,0,0,0,0,0,0,0,0,0,0,0,0,0,0,0,0,0,0,0,0,0,0,0,0,0,0,0,0,0,0.0007174117*J2^5+0,0.0011631413*J2^5+0,-0.0011955956*J2^5+0,-0.0018517152*J2^5+0,0,0,0,0,0,0,0,0},
{0,0,0,0,0,0,0,0,0,0,0,0,0,0,0,0,0,0,0,0,0,0,0,0,0,0,0,0,0,0,0,0,0,0,0,0,0,0,0,0,0,0,0,0,0,0,0,0,0,0,0,0,0,0,0,0,0,0,0,0,0,0,0,0,0,0,0,0,0,0,0,0,0,0,0,0,0,0,0,0,0,0,0,0,0.0011631413*J2^5+0,0.0020604916*J2^5+0,-0.0018517152*J2^5+0,-0.0033337721*J2^5+0,0,0,0,0,0,0,0,0},
{0,0,0,0,0,0,0,0,0,0,0,0,0,0,0,0,0,0,0,0,0,0,0,0,0,0,0,0,0,0,0,0,0,0,0,0,0,0,0,0,0,0,0,0,0,0,0,0,0,0,0,0,0,0,0,0,0,0,0,0,0,0,0,0,0,0,0,0,0,0,0,0,-0.0004141979*J2^5+0,-0.0006715399*J2^5+0,0.0006902774*J2^5+0,0.0010690883*J2^5+0,0,0,0,0,0,0,0,0,0,0,0,0,0.0005857642*J2^5+0,0.0009497009*J2^5+0,-0.0009761997*J2^5+0,-0.0015119191*J2^5+0,0,0,0,0},
{0,0,0,0,0,0,0,0,0,0,0,0,0,0,0,0,0,0,0,0,0,0,0,0,0,0,0,0,0,0,0,0,0,0,0,0,0,0,0,0,0,0,0,0,0,0,0,0,0,0,0,0,0,0,0,0,0,0,0,0,0,0,0,0,0,0,0,0,0,0,0,0,-0.0006715399*J2^5+0,-0.0011896254*J2^5+0,0.0010690883*J2^5+0,0.0019247542*J2^5+0,0,0,0,0,0,0,0,0,0,0,0,0,0.0009497009*J2^5+0,0.0016823844*J2^5+0,-0.0015119191*J2^5+0,-0.0027220135*J2^5+0,0,0,0,0},
{0,0,0,0,0,0,0,0,0,0,0,0,0,0,0,0,0,0,0,0,0,0,0,0,0,0,0,0,0,0,0,0,0,0,0,0,0,0,0,0,0,0,0,0,0,0,0,0,0,0,0,0,0,0,0,0,0,0,0,0,0,0,0,0,0,0,0,0,0,0,0,0,0,0,0,0,-0.0004141979*J2^5+0,-0.0006715399*J2^5+0,0.0006902774*J2^5+0,0.0010690883*J2^5+0,0,0,0,0,0,0,0,0,0,0,0,0,0.0005857642*J2^5+0,0.0009497009*J2^5+0,-0.0009761997*J2^5+0,-0.0015119191*J2^5+0},
{0,0,0,0,0,0,0,0,0,0,0,0,0,0,0,0,0,0,0,0,0,0,0,0,0,0,0,0,0,0,0,0,0,0,0,0,0,0,0,0,0,0,0,0,0,0,0,0,0,0,0,0,0,0,0,0,0,0,0,0,0,0,0,0,0,0,0,0,0,0,0,0,0,0,0,0,-0.0006715399*J2^5+0,-0.0011896254*J2^5+0,0.0010690883*J2^5+0,0.0019247542*J2^5+0,0,0,0,0,0,0,0,0,0,0,0,0,0.0009497009*J2^5+0,0.0016823844*J2^5+0,-0.0015119191*J2^5+0,-0.0027220135*J2^5+0},
{0,0,0,0,0,0,0,0,0,0,0,0,0,0,0,0,0,0,0,0,0,0,0,0,0,0,0,0,0,0,0,0,0,0,0,0,0,0,0,0,0,0,0,0,0,0,0,0,0,0,0,0,0,0,0,0,0,0,0,0,0,0,0,0,0,0,0,0,0,0,0,0,0,0,0,0,0,0,0,0,0,0,0,0,0,0,-0.0009420889*J2^5+0,0.0000296918*J2^5+0.0046984885*J2^4*(J2-J1)^1+0,0,0,0,0,0,0,0,0},
{0,0,0,0,0,0,0,0,0,0,0,0,0,0,0,0,0,0,0,0,0,0,0,0,0,0,0,0,0,0,0,0,0,0,0,0,0,0,0,0,0,0,0,0,0,0,0,0,0,0,0,0,0,0,0,0,0,0,0,0,0,0,0,0,0,0,0,0,0,0,0,0,0,0,0,0,0,0,0,0,0,0,0,0,0,0,0.0000296918*J2^5+-0.0011589605*J2^4*(J2-J1)^1+0,-0.0009078038*J2^5+0.0045392072*J2^4*(J2-J1)^1+0,0,0,0,0,0,0,0,0},
{0,0,0,0,0,0,0,0,0,0,0,0,0,0,0,0,0,0,0,0,0,0,0,0,0,0,0,0,0,0,0,0,0,0,0,0,0,0,0,0,0,0,0,0,0,0,0,0,0,0,0,0,0,0,0,0,0,0,0,0,0,0,0,0,0,0,0,0,0,0,0,0,0,0,0,0,0,0,0,0,0,0,0,0,-0.0009420889*J2^5+0,0.0000296918*J2^5+0.0006264651*J2^4*(J2-J1)^1+0,0.0010878306*J2^5+0,-0.0000342852*J2^5+-0.0030743634*J2^4*(J2-J1)^1+0,0,0,0,0,0,0,0,0},
{0,0,0,0,0,0,0,0,0,0,0,0,0,0,0,0,0,0,0,0,0,0,0,0,0,0,0,0,0,0,0,0,0,0,0,0,0,0,0,0,0,0,0,0,0,0,0,0,0,0,0,0,0,0,0,0,0,0,0,0,0,0,0,0,0,0,0,0,0,0,0,0,0,0,0,0,0,0,0,0,0,0,0,0,0.0000296918*J2^5+-0.0052309839*J2^4*(J2-J1)^1+0,-0.0009078038*J2^5+-0.0001627604*J2^4*(J2-J1)^1+0,-0.0000342852*J2^5+0.0036892361*J2^4*(J2-J1)^1+0,0.0010482415*J2^5+-0.0025267427*J2^4*(J2-J1)^1+0,0,0,0,0,0,0,0,0},
{0,0,0,0,0,0,0,0,0,0,0,0,0,0,0,0,0,0,0,0,0,0,0,0,0,0,0,0,0,0,0,0,0,0,0,0,0,0,0,0,0,0,0,0,0,0,0,0,0,0,0,0,0,0,0,0,0,0,0,0,0,0,0,0,0,0,0,0,0,0,0,0,0,0,0,0,0,0,0.0005439153*J2^5+0,-0.0000171426*J2^5+-0.0021339699*J2^4*(J2-J1)^1+0,0,0,0,0,0,0,0,0,0,0,0,0,0,0,-0.0007692124*J2^5+0,0.0000242433*J2^5+0.0034270945*J2^4*(J2-J1)^1+0},
{0,0,0,0,0,0,0,0,0,0,0,0,0,0,0,0,0,0,0,0,0,0,0,0,0,0,0,0,0,0,0,0,0,0,0,0,0,0,0,0,0,0,0,0,0,0,0,0,0,0,0,0,0,0,0,0,0,0,0,0,0,0,0,0,0,0,0,0,0,0,0,0,0,0,0,0,0,0,-0.0000171426*J2^5+0.0012478299*J2^4*(J2-J1)^1+0,0.0005241207*J2^5+-0.0019524830*J2^4*(J2-J1)^1+0,0,0,0,0,0,0,0,0,0,0,0,0,0,0,0.0000242433*J2^5+-0.0013554926*J2^4*(J2-J1)^1+0,-0.0007412187*J2^5+0.0032337375*J2^4*(J2-J1)^1+0},
{0,0,0,0,0,0,0,0,0,0,0,0,0,0,0,0,0,0,0,0,0,0,0,0,0,0,0,0,0,0,0,0,0,0,0,0,0,0,0,0,0,0,0,0,0,0,0,0,0,0,0,0,0,0,0,0,0,0,0,0,0,0,0,0,0,0,0,0,0,0,0,0,0,0,0,0,0.0005439153*J2^5+0,-0.0000171426*J2^5+0.0002170139*J2^4*(J2-J1)^1+0,-0.0006280593*J2^5+0,0.0000197946*J2^5+0.0011067551*J2^4*(J2-J1)^1+0,0,0,0,0,0,0,0,0,0,0,0,0,-0.0007692124*J2^5+0,0.0000242433*J2^5+0.0001023013*J2^4*(J2-J1)^1+0,0.0008882100*J2^5+0,-0.0000279937*J2^5+-0.0020376976*J2^4*(J2-J1)^1+0},
{0,0,0,0,0,0,0,0,0,0,0,0,0,0,0,0,0,0,0,0,0,0,0,0,0,0,0,0,0,0,0,0,0,0,0,0,0,0,0,0,0,0,0,0,0,0,0,0,0,0,0,0,0,0,0,0,0,0,0,0,0,0,0,0,0,0,0,0,0,0,0,0,0,0,0,0,-0.0000171426*J2^5+0.0035988137*J2^4*(J2-J1)^1+0,0.0005241207*J2^5+0.0007621992*J2^4*(J2-J1)^1+0,0.0000197946*J2^5+-0.0027982109*J2^4*(J2-J1)^1+0,-0.0006052025*J2^5+0.0006872106*J2^4*(J2-J1)^1+0,0,0,0,0,0,0,0,0,0,0,0,0,0.0000242433*J2^5+-0.0046802858*J2^4*(J2-J1)^1+0,-0.0007412187*J2^5+-0.0006054029*J2^4*(J2-J1)^1+0,-0.0000279937*J2^5+0.0034847583*J2^4*(J2-J1)^1+0,0.0008558856*J2^5+-0.0015174697*J2^4*(J2-J1)^1+0},
{0,0,0,0,0,0,0,0,0,0,0,0,0,0,0,0,0,0,0,0,0,0,0,0,0,0,0,0,0,0,0,0,0,0,0,0,0,0,0,0,0,0,0,0,0,0,0,0,0,0,0,0,0,0,0,0,0,0,0,0,0,0,0,0,0,0,0,0,0,0,0,0,0,0,0,0,0,0,0,0,0,0,0.0016317459*J2^5+0,-0.0000514278*J2^5+-0.0033094618*J2^4*(J2-J1)^1+0,0,0,0,0,0,0,0,0,0,0,0,0},
{0,0,0,0,0,0,0,0,0,0,0,0,0,0,0,0,0,0,0,0,0,0,0,0,0,0,0,0,0,0,0,0,0,0,0,0,0,0,0,0,0,0,0,0,0,0,0,0,0,0,0,0,0,0,0,0,0,0,0,0,0,0,0,0,0,0,0,0,0,0,0,0,0,0,0,0,0,0,0,0,0,0,-0.0000514278*J2^5+0.0068359375*J2^4*(J2-J1)^1+0,0.0015723622*J2^5+-0.0022865977*J2^4*(J2-J1)^1+0,0,0,0,0,0,0,0,0,0,0,0,0},
{0,0,0,0,0,0,0,0,0,0,0,0,0,0,0,0,0,0,0,0,0,0,0,0,0,0,0,0,0,0,0,0,0,0,0,0,0,0,0,0,0,0,0,0,0,0,0,0,0,0,0,0,0,0,0,0,0,0,0,0,0,0,0,0,0,0,0,0,0,0,0,0,0,0,0,0,0,0,0,0,0.0016317459*J2^5+0,-0.0000514278*J2^5+0.0037434896*J2^4*(J2-J1)^1+0,-0.0018841779*J2^5+0,0.0000593837*J2^5+-0.0002505861*J2^4*(J2-J1)^1+0,0,0,0,0,0,0,0,0,0,0,0,0},
{0,0,0,0,0,0,0,0,0,0,0,0,0,0,0,0,0,0,0,0,0,0,0,0,0,0,0,0,0,0,0,0,0,0,0,0,0,0,0,0,0,0,0,0,0,0,0,0,0,0,0,0,0,0,0,0,0,0,0,0,0,0,0,0,0,0,0,0,0,0,0,0,0,0,0,0,0,0,0,0,-0.0000514278*J2^5+0.0138888889*J2^4*(J2-J1)^1+0,0.0015723622*J2^5+0.0058574490*J2^4*(J2-J1)^1+0,0.0000593837*J2^5+-0.0119654841*J2^4*(J2-J1)^1+0,-0.0018156075*J2^5+-0.0020616319*J2^4*(J2-J1)^1+0,0,0,0,0,0,0,0,0,0,0,0,0},
{0,0,0,0,0,0,0,0,0,0,0,0,0,0,0,0,0,0,0,0,0,0,0,0,0,0,0,0,0,0,0,0,0,0,0,0,0,0,0,0,0,0,0,0,0,0,0,0,0,0,0,0,0,0,0,0,0,0,0,0,0,0,0,0,0,0,0,0,0,0,0,0,0,0,-0.0009420889*J2^5+0,0.0000296918*J2^5+0.0009083744*J2^4*(J2-J1)^1+0,0,0,0,0,0,0,0,0,0,0,0,0,0,0,0.0013323150*J2^5+0,-0.0000419906*J2^5+-0.0019933999*J2^4*(J2-J1)^1+0,0,0,0,0},
{0,0,0,0,0,0,0,0,0,0,0,0,0,0,0,0,0,0,0,0,0,0,0,0,0,0,0,0,0,0,0,0,0,0,0,0,0,0,0,0,0,0,0,0,0,0,0,0,0,0,0,0,0,0,0,0,0,0,0,0,0,0,0,0,0,0,0,0,0,0,0,0,0,0,0.0000296918*J2^5+-0.0049490746*J2^4*(J2-J1)^1+0,-0.0009078038*J2^5+0.0001627604*J2^4*(J2-J1)^1+0,0,0,0,0,0,0,0,0,0,0,0,0,0,0,-0.0000419906*J2^5+0.0062902840*J2^4*(J2-J1)^1+0,0.0012838284*J2^5+-0.0010485886*J2^4*(J2-J1)^1+0,0,0,0,0},
{0,0,0,0,0,0,0,0,0,0,0,0,0,0,0,0,0,0,0,0,0,0,0,0,0,0,0,0,0,0,0,0,0,0,0,0,0,0,0,0,0,0,0,0,0,0,0,0,0,0,0,0,0,0,0,0,0,0,0,0,0,0,0,0,0,0,0,0,0,0,0,0,-0.0009420889*J2^5+0,0.0000296918*J2^5+-0.0031636489*J2^4*(J2-J1)^1+0,0.0010878306*J2^5+0,-0.0000342852*J2^5+0.0013020833*J2^4*(J2-J1)^1+0,0,0,0,0,0,0,0,0,0,0,0,0,0.0013323150*J2^5+0,-0.0000419906*J2^5+0.0037653108*J2^4*(J2-J1)^1+0,-0.0015384248*J2^5+0,0.0000484866*J2^5+-0.0010230133*J2^4*(J2-J1)^1+0,0,0,0,0},
{0,0,0,0,0,0,0,0,0,0,0,0,0,0,0,0,0,0,0,0,0,0,0,0,0,0,0,0,0,0,0,0,0,0,0,0,0,0,0,0,0,0,0,0,0,0,0,0,0,0,0,0,0,0,0,0,0,0,0,0,0,0,0,0,0,0,0,0,0,0,0,0,0.0000296918*J2^5+-0.0090210980*J2^4*(J2-J1)^1+0,-0.0009078038*J2^5+-0.0045392072*J2^4*(J2-J1)^1+0,-0.0000342852*J2^5+0.0080656829*J2^4*(J2-J1)^1+0,0.0010482415*J2^5+0.0025267427*J2^4*(J2-J1)^1+0,0,0,0,0,0,0,0,0,0,0,0,0,-0.0000419906*J2^5+0.0120489947*J2^4*(J2-J1)^1+0,0.0012838284*J2^5+0.0056009977*J2^4*(J2-J1)^1+0,0.0000484866*J2^5+-0.0105881875*J2^4*(J2-J1)^1+0,-0.0014824373*J2^5+-0.0026283346*J2^4*(J2-J1)^1+0,0,0,0,0},
{0,0,0,0,0,0,0,0,0,0,0,0,0,0,0,0,0,0,0,0,0,0,0,0,0,0,0,0,0,0,0,0,0,0,0,0,0,0,0,0,0,0,0,0,0,0,0,0,0,0,0,0,0,0,0,0,0,0,0,0,0,0,0,0,0,0,0,0,0,0,0,0,0,0,0,0,0,0,0,0,0,0,0,0,0,0,0.0013323150*J2^5+0,-0.0000419906*J2^5+-0.0077299617*J2^4*(J2-J1)^1+0,0,0,0,0,0,0,0,0},
{0,0,0,0,0,0,0,0,0,0,0,0,0,0,0,0,0,0,0,0,0,0,0,0,0,0,0,0,0,0,0,0,0,0,0,0,0,0,0,0,0,0,0,0,0,0,0,0,0,0,0,0,0,0,0,0,0,0,0,0,0,0,0,0,0,0,0,0,0,0,0,0,0,0,0,0,0,0,0,0,0,0,0,0,0,0,-0.0000419906*J2^5+0.0005537222*J2^4*(J2-J1)^1+0,0.0012838284*J2^5+-0.0076725996*J2^4*(J2-J1)^1+0,0,0,0,0,0,0,0,0},
{0,0,0,0,0,0,0,0,0,0,0,0,0,0,0,0,0,0,0,0,0,0,0,0,0,0,0,0,0,0,0,0,0,0,0,0,0,0,0,0,0,0,0,0,0,0,0,0,0,0,0,0,0,0,0,0,0,0,0,0,0,0,0,0,0,0,0,0,0,0,0,0,0,0,0,0,0,0,0,0,0,0,0,0,0.0013323150*J2^5+0,-0.0000419906*J2^5+-0.0019712510*J2^4*(J2-J1)^1+0,-0.0015384248*J2^5+0,0.0000484866*J2^5+0.0056009977*J2^4*(J2-J1)^1+0,0,0,0,0,0,0,0,0},
{0,0,0,0,0,0,0,0,0,0,0,0,0,0,0,0,0,0,0,0,0,0,0,0,0,0,0,0,0,0,0,0,0,0,0,0,0,0,0,0,0,0,0,0,0,0,0,0,0,0,0,0,0,0,0,0,0,0,0,0,0,0,0,0,0,0,0,0,0,0,0,0,0,0,0,0,0,0,0,0,0,0,0,0,-0.0000419906*J2^5+0.0063124329*J2^4*(J2-J1)^1+0,0.0012838284*J2^5+-0.0010230133*J2^4*(J2-J1)^1+0,0.0000484866*J2^5+-0.0039641765*J2^4*(J2-J1)^1+0,-0.0014824373*J2^5+0.0050204145*J2^4*(J2-J1)^1+0,0,0,0,0,0,0,0,0},
{0,0,0,0,0,0,0,0,0,0,0,0,0,0,0,0,0,0,0,0,0,0,0,0,0,0,0,0,0,0,0,0,0,0,0,0,0,0,0,0,0,0,0,0,0,0,0,0,0,0,0,0,0,0,0,0,0,0,0,0,0,0,0,0,0,0,0,0,0,0,0,0,0,0,0,0,0,0,-0.0007692124*J2^5+0,0.0000242433*J2^5+0.0036444848*J2^4*(J2-J1)^1+0,0,0,0,0,0,0,0,0,0,0,0,0,0,0,0.0010878306*J2^5+0,-0.0000342852*J2^5+-0.0057327836*J2^4*(J2-J1)^1+0},
{0,0,0,0,0,0,0,0,0,0,0,0,0,0,0,0,0,0,0,0,0,0,0,0,0,0,0,0,0,0,0,0,0,0,0,0,0,0,0,0,0,0,0,0,0,0,0,0,0,0,0,0,0,0,0,0,0,0,0,0,0,0,0,0,0,0,0,0,0,0,0,0,0,0,0,0,0,0,0.0000242433*J2^5+-0.0011381023*J2^4*(J2-J1)^1+0,-0.0007412187*J2^5+0.0034847583*J2^4*(J2-J1)^1+0,0,0,0,0,0,0,0,0,0,0,0,0,0,0,-0.0000342852*J2^5+0.0010308160*J2^4*(J2-J1)^1+0,0.0010482415*J2^5+-0.0055964219*J2^4*(J2-J1)^1+0},
{0,0,0,0,0,0,0,0,0,0,0,0,0,0,0,0,0,0,0,0,0,0,0,0,0,0,0,0,0,0,0,0,0,0,0,0,0,0,0,0,0,0,0,0,0,0,0,0,0,0,0,0,0,0,0,0,0,0,0,0,0,0,0,0,0,0,0,0,0,0,0,0,0,0,0,0,-0.0007692124*J2^5+0,0.0000242433*J2^5+0.0003196917*J2^4*(J2-J1)^1+0,0.0008882100*J2^5+0,-0.0000279937*J2^5+-0.0022887184*J2^4*(J2-J1)^1+0,0,0,0,0,0,0,0,0,0,0,0,0,0.0010878306*J2^5+0,-0.0000342852*J2^5+-0.0010308160*J2^4*(J2-J1)^1+0,-0.0012561186*J2^5+0,0.0000395891*J2^5+0.0039049660*J2^4*(J2-J1)^1+0},
{0,0,0,0,0,0,0,0,0,0,0,0,0,0,0,0,0,0,0,0,0,0,0,0,0,0,0,0,0,0,0,0,0,0,0,0,0,0,0,0,0,0,0,0,0,0,0,0,0,0,0,0,0,0,0,0,0,0,0,0,0,0,0,0,0,0,0,0,0,0,0,0,0,0,0,0,0.0000242433*J2^5+-0.0044628954*J2^4*(J2-J1)^1+0,-0.0007412187*J2^5+-0.0003543822*J2^4*(J2-J1)^1+0,-0.0000279937*J2^5+0.0032337375*J2^4*(J2-J1)^1+0,0.0008558856*J2^5+-0.0018073235*J2^4*(J2-J1)^1+0,0,0,0,0,0,0,0,0,0,0,0,0,-0.0000342852*J2^5+0.0057327836*J2^4*(J2-J1)^1+0,0.0010482415*J2^5+-0.0001670574*J2^4*(J2-J1)^1+0,0.0000395891*J2^5+-0.0039049660*J2^4*(J2-J1)^1+0,-0.0012104050*J2^5+0.0033275463*J2^4*(J2-J1)^1+0},
{0,0,0,0,0,-0.0000625422*J2^5+0.0010549286*J2^4*(J2-J1)^1+0,0,0,0,0,0,0,0,0.0007731120*J2^5+0,0,0,0,0,0,0,0,0.0000474209*J2^5+0.0008354608*J2^4*(J2-J1)^1+0,0,0,0,0,0,0,0,0,0,0,0,0,0,0,0.0001072241*J2^5+0,0.0001478240*J2^5+0,0,0,0,0,0,0,0.0001203833*J2^5+0,0.0001945975*J2^5+0,0,0,0,0,0,0,0,0,0,0,0,0,0,0,0,0,0.0005685312*J2^5+0,0.0006767129*J2^5+0.0048864281*J2^4*(J2-J1)^1+0,0,0,0,0,0,0,0,0,0,0,0,0,0,0,0,0,0,0,0,0,0,0,0,0,0,0,0,0,0,0,0,0},
{0,0,0,0,0,-0.0004076374*J2^5+0.0008631297*J2^4*(J2-J1)^1+0,0,0,0,0,0,0,0,-0.0000026103*J2^5+-0.0011276372*J2^4*(J2-J1)^1+0,0,0,0,0,0,0,0,-0.0006549303*J2^5+0.0003371553*J2^4*(J2-J1)^1+0,0,0,0,0,0,0,0,0,0,0,0,0,0,0,0.0001478240*J2^5+0,0.0002779166*J2^5+0,0,0,0,0,0,0,0.0001945975*J2^5+0,0.0003450851*J2^5+0,0,0,0,0,0,0,0,0,0,0,0,0,0,0,0,0,0.0006767129*J2^5+0.0005638186*J2^4*(J2-J1)^1+0,0.0013499319*J2^5+0.0050998264*J2^4*(J2-J1)^1+0,0,0,0,0,0,0,0,0,0,0,0,0,0,0,0,0,0,0,0,0,0,0,0,0,0,0,0,0,0,0,0,0},
{0,0,0,0,-0.0000625422*J2^5+0.0004038870*J2^4*(J2-J1)^1+0,0.0000722175*J2^5+-0.0008422476*J2^4*(J2-J1)^1+0,0,0,0,0,0,0,0.0007731120*J2^5+0,-0.0008927128*J2^5+0,0,0,0,0,0,0,0.0000474209*J2^5+0.0003751049*J2^4*(J2-J1)^1+0,-0.0000547570*J2^5+-0.0006989204*J2^4*(J2-J1)^1+0,0,0,0,0,0,0,-0.0001601984*J2^5+0,-0.0002442344*J2^5+0,0,0,0,0,0,0,-0.0000982926*J2^5+0,-0.0001588882*J2^5+0,0,0,0,0,0,0,-0.0001570515*J2^5+0,-0.0002330487*J2^5+0,0,0,0,0,0,0,0,0,0,0,0,0,0,0,0.0005685312*J2^5+0,0.0006767129*J2^5+0,-0.0006564833*J2^5+0,-0.0007814007*J2^5+-0.0028211806*J2^4*(J2-J1)^1+0,0,0,0,0,0,0,0,0,0,0,0,0,0,0,0,0,0,0,0,0,0,0,0,0,0,0,0,0,0,0,0,0},
{0,0,0,0,-0.0004076374*J2^5+0.0004872507*J2^4*(J2-J1)^1+0,0.0004706991*J2^5+-0.0007796425*J2^4*(J2-J1)^1+0,0,0,0,0,0,0,-0.0000026103*J2^5+-0.0003758791*J2^4*(J2-J1)^1+0,0.0000030141*J2^5+0.0008680556*J2^4*(J2-J1)^1+0,0,0,0,0,0,0,-0.0006549303*J2^5+-0.0004602047*J2^4*(J2-J1)^1+0,0.0007562484*J2^5+0.0000710426*J2^4*(J2-J1)^1+0,0,0,0,0,0,0,-0.0002442344*J2^5+0,-0.0004422160*J2^5+0,0,0,0,0,0,0,-0.0001588882*J2^5+0,-0.0002817608*J2^5+0,0,0,0,0,0,0,-0.0002330487*J2^5+0,-0.0004261529*J2^5+0,0,0,0,0,0,0,0,0,0,0,0,0,0,0,0.0006767129*J2^5+-0.0043226094*J2^4*(J2-J1)^1+0,0.0013499319*J2^5+-0.0005425347*J2^4*(J2-J1)^1+0,-0.0007814007*J2^5+0.0021701389*J2^4*(J2-J1)^1+0,-0.0015587671*J2^5+-0.0026311536*J2^4*(J2-J1)^1+0,0,0,0,0,0,0,0,0,0,0,0,0,0,0,0,0,0,0,0,0,0,0,0,0,0,0,0,0,0,0,0,0},
{0,0,0,0,0,0,0,-0.0000625422*J2^5+0.0007856707*J2^4*(J2-J1)^1+0,0,0,0,0,0,0,0,0.0007731120*J2^5+0,0,0,0,0,0,0,0,0.0000474209*J2^5+0.0003353210*J2^4*(J2-J1)^1+0,0,0,0,0,0,0,0,0,0,0,0,0,0,0,0.0001072241*J2^5+0,0.0001478240*J2^5+0,0,0,0,0,0,0,0.0001203833*J2^5+0,0.0001945975*J2^5+0,0,0,0,0,0,0,-0.0003282416*J2^5+0,-0.0003907004*J2^5+-0.0018446181*J2^4*(J2-J1)^1+0,0,0,0,0,0,0,0,0,0,0,0,0,0,0,0.0004642038*J2^5+0,0.0005525337*J2^5+0.0046802858*J2^4*(J2-J1)^1+0,0,0,0,0,0,0,0,0,0,0,0,0,0,0,0,0,0,0,0,0,0,0,0,0},
{0,0,0,0,0,0,0,-0.0004076374*J2^5+0.0004547673*J2^4*(J2-J1)^1+0,0,0,0,0,0,0,0,-0.0000026103*J2^5+-0.0005638186*J2^4*(J2-J1)^1+0,0,0,0,0,0,0,0,-0.0006549303*J2^5+-0.0001714488*J2^4*(J2-J1)^1+0,0,0,0,0,0,0,0,0,0,0,0,0,0,0,0.0001478240*J2^5+0,0.0002779166*J2^5+0,0,0,0,0,0,0,0.0001945975*J2^5+0,0.0003450851*J2^5+0,0,0,0,0,0,0,-0.0003907004*J2^5+0.0006510417*J2^4*(J2-J1)^1+0,-0.0007793835*J2^5+-0.0018167489*J2^4*(J2-J1)^1+0,0,0,0,0,0,0,0,0,0,0,0,0,0,0,0.0005525337*J2^5+0.0011508899*J2^4*(J2-J1)^1+0,0.0011022148*J2^5+0.0049613508*J2^4*(J2-J1)^1+0,0,0,0,0,0,0,0,0,0,0,0,0,0,0,0,0,0,0,0,0,0,0,0,0},
{0,0,0,0,0,0,-0.0000625422*J2^5+0.0001346290*J2^4*(J2-J1)^1+0,0.0000722175*J2^5+-0.0005313352*J2^4*(J2-J1)^1+0,0,0,0,0,0,0,0.0007731120*J2^5+0,-0.0008927128*J2^5+0,0,0,0,0,0,0,0.0000474209*J2^5+-0.0001250350*J2^4*(J2-J1)^1+0,-0.0000547570*J2^5+-0.0001214087*J2^4*(J2-J1)^1+0,0,0,0,0,0,0,-0.0001601984*J2^5+0,-0.0002442344*J2^5+0,0,0,0,0,0,0,-0.0000982926*J2^5+0,-0.0001588882*J2^5+0,0,0,0,0,0,0,-0.0001570515*J2^5+0,-0.0002330487*J2^5+0,0,0,0,0,-0.0003282416*J2^5+0,-0.0003907004*J2^5+0.0009765625*J2^4*(J2-J1)^1+0,0.0003790208*J2^5+0,0.0004511419*J2^5+0.0005011721*J2^4*(J2-J1)^1+0,0,0,0,0,0,0,0,0,0,0,0,0,0.0004642038*J2^5+0,0.0005525337*J2^5+0.0006905340*J2^4*(J2-J1)^1+0,-0.0005360163*J2^5+0,-0.0006380110*J2^5+-0.0031008442*J2^4*(J2-J1)^1+0,0,0,0,0,0,0,0,0,0,0,0,0,0,0,0,0,0,0,0,0,0,0,0,0},
{0,0,0,0,0,0,-0.0004076374*J2^5+0.0000788882*J2^4*(J2-J1)^1+0,0.0004706991*J2^5+-0.0003081061*J2^4*(J2-J1)^1+0,0,0,0,0,0,0,-0.0000026103*J2^5+0.0001879395*J2^4*(J2-J1)^1+0,0.0000030141*J2^5+0.0002170139*J2^4*(J2-J1)^1+0,0,0,0,0,0,0,-0.0006549303*J2^5+-0.0009688087*J2^4*(J2-J1)^1+0,0.0007562484*J2^5+0.0006583280*J2^4*(J2-J1)^1+0,0,0,0,0,0,0,-0.0002442344*J2^5+0,-0.0004422160*J2^5+0,0,0,0,0,0,0,-0.0001588882*J2^5+0,-0.0002817608*J2^5+0,0,0,0,0,0,0,-0.0002330487*J2^5+0,-0.0004261529*J2^5+0,0,0,0,0,-0.0003907004*J2^5+0.0034722222*J2^4*(J2-J1)^1+0,-0.0007793835*J2^5+0.0014408698*J2^4*(J2-J1)^1+0,0.0004511419*J2^5+-0.0023805675*J2^4*(J2-J1)^1+0,0.0008999546*J2^5+0.0002170139*J2^4*(J2-J1)^1+0,0,0,0,0,0,0,0,0,0,0,0,0,0.0005525337*J2^5+-0.0028388619*J2^4*(J2-J1)^1+0,0.0011022148*J2^5+0.0003543822*J2^4*(J2-J1)^1+0,-0.0006380110*J2^5+0.0009745510*J2^4*(J2-J1)^1+0,-0.0012727280*J2^5+-0.0030690398*J2^4*(J2-J1)^1+0,0,0,0,0,0,0,0,0,0,0,0,0,0,0,0,0,0,0,0,0,0,0,0,0},
{0,0.0001083263*J2^5+-0.0013573411*J2^4*(J2-J1)^1+0,0,0,0,0,0,0,0,-0.0013390692*J2^5+0,0,0,0,0,0,0,0,-0.0000821355*J2^5+-0.0011812740*J2^4*(J2-J1)^1+0,0,0,0,0,0,0,0,0,0,0,0,0,0,0,-0.0001857177*J2^5+0,-0.0002560386*J2^5+0,0,0,0,0,0,0,-0.0002085100*J2^5+0,-0.0003370527*J2^5+0,0,0,0,0,0,0,0,0,0,0,0,0,0,0,0,0,-0.0009847249*J2^5+0,-0.0011721011*J2^5+-0.0045572917*J2^4*(J2-J1)^1+0,0,0,0,0,0,0,0,0,0,0,0,0,0,0,0,0,0,0,0,0,0,0,0,0,0,0,0,0,0,0,0,0,0,0,0,0},
{0,0.0007060487*J2^5+-0.0012779707*J2^4*(J2-J1)^1+0,0,0,0,0,0,0,0,0.0000045211*J2^5+0.0014648437*J2^4*(J2-J1)^1+0,0,0,0,0,0,0,0,0.0011343725*J2^5+-0.0000468881*J2^4*(J2-J1)^1+0,0,0,0,0,0,0,0,0,0,0,0,0,0,0,-0.0002560386*J2^5+0,-0.0004813656*J2^5+0,0,0,0,0,0,0,-0.0003370527*J2^5+0,-0.0005977050*J2^5+0,0,0,0,0,0,0,0,0,0,0,0,0,0,0,0,0,-0.0011721011*J2^5+0.0029296875*J2^4*(J2-J1)^1+0,-0.0023381506*J2^5+-0.0043226094*J2^4*(J2-J1)^1+0,0,0,0,0,0,0,0,0,0,0,0,0,0,0,0,0,0,0,0,0,0,0,0,0,0,0,0,0,0,0,0,0,0,0,0,0},
{0.0001083263*J2^5+-0.0002297039*J2^4*(J2-J1)^1+0,-0.0001250844*J2^5+0.0009162809*J2^4*(J2-J1)^1+0,0,0,0,0,0,0,-0.0013390692*J2^5+0,0.0015462240*J2^5+0,0,0,0,0,0,0,-0.0000821355*J2^5+-0.0003839140*J2^4*(J2-J1)^1+0,0.0000948419*J2^5+0.0009036617*J2^4*(J2-J1)^1+0,0,0,0,0,0,0,0.0002774718*J2^5+0,0.0004230264*J2^5+0,0,0,0,0,0,0,0.0001702477*J2^5+0,0.0002752024*J2^5+0,0,0,0,0,0,0,0.0002720211*J2^5+0,0.0004036522*J2^5+0,0,0,0,0,0,0,0,0,0,0,0,0,0,0,-0.0009847249*J2^5+0,-0.0011721011*J2^5+0.0039062500*J2^4*(J2-J1)^1+0,0.0011370624*J2^5+0,0.0013534257*J2^5+0.0003758791*J2^4*(J2-J1)^1+0,0,0,0,0,0,0,0,0,0,0,0,0,0,0,0,0,0,0,0,0,0,0,0,0,0,0,0,0,0,0,0,0,0,0,0,0},
{0.0007060487*J2^5+-0.0006269290*J2^4*(J2-J1)^1+0,-0.0008152748*J2^5+0.0010997943*J2^4*(J2-J1)^1+0,0,0,0,0,0,0,0.0000045211*J2^5+0.0001627604*J2^4*(J2-J1)^1+0,-0.0000052205*J2^5+-0.0009396977*J2^4*(J2-J1)^1+0,0,0,0,0,0,0,0.0011343725*J2^5+0.0013341798*J2^4*(J2-J1)^1+0,-0.0013098606*J2^5+-0.0007432182*J2^4*(J2-J1)^1+0,0,0,0,0,0,0,0.0004230264*J2^5+0,0.0007659406*J2^5+0,0,0,0,0,0,0,0.0002752024*J2^5+0,0.0004880241*J2^5+0,0,0,0,0,0,0,0.0004036522*J2^5+0,0.0007381185*J2^5+0,0,0,0,0,0,0,0,0,0,0,0,0,0,0,-0.0011721011*J2^5+0.0113932292*J2^4*(J2-J1)^1+0,-0.0023381506*J2^5+0.0054502467*J2^4*(J2-J1)^1+0,0.0013534257*J2^5+-0.0082693398*J2^4*(J2-J1)^1+0,0.0026998638*J2^5+-0.0006510417*J2^4*(J2-J1)^1+0,0,0,0,0,0,0,0,0,0,0,0,0,0,0,0,0,0,0,0,0,0,0,0,0,0,0,0,0,0,0,0,0,0,0,0,0},
{0,0,0,0.0001083263*J2^5+-0.0008909726*J2^4*(J2-J1)^1+0,0,0,0,0,0,0,0,-0.0013390692*J2^5+0,0,0,0,0,0,0,0,-0.0000821355*J2^5+-0.0003150064*J2^4*(J2-J1)^1+0,0,0,0,0,0,0,0,0,0,0,0,0,0,0,-0.0001857177*J2^5+0,-0.0002560386*J2^5+0,0,0,0,0,0,0,-0.0002085100*J2^5+0,-0.0003370527*J2^5+0,0,0,0,0,0,0,0.0005685312*J2^5+0,0.0006767129*J2^5+0.0009396977*J2^4*(J2-J1)^1+0,0,0,0,0,0,0,0,0,0,0,0,0,0,0,-0.0008040245*J2^5+0,-0.0009570165*J2^5+-0.0049170530*J2^4*(J2-J1)^1+0,0,0,0,0,0,0,0,0,0,0,0,0,0,0,0,0,0,0,0,0,0,0,0,0,0,0,0,0},
{0,0,0,0.0007060487*J2^5+-0.0005706662*J2^4*(J2-J1)^1+0,0,0,0,0,0,0,0,0.0000045211*J2^5+0.0004882812*J2^4*(J2-J1)^1+0,0,0,0,0,0,0,0,0.0011343725*J2^5+0.0008340400*J2^4*(J2-J1)^1+0,0,0,0,0,0,0,0,0,0,0,0,0,0,0,-0.0002560386*J2^5+0,-0.0004813656*J2^5+0,0,0,0,0,0,0,-0.0003370527*J2^5+0,-0.0005977050*J2^5+0,0,0,0,0,0,0,0.0006767129*J2^5+-0.0033829117*J2^4*(J2-J1)^1+0,0.0013499319*J2^5+0.0005425347*J2^4*(J2-J1)^1+0,0,0,0,0,0,0,0,0,0,0,0,0,0,0,-0.0009570165*J2^5+0.0011960399*J2^4*(J2-J1)^1+0,-0.0019090920*J2^5+-0.0049104638*J2^4*(J2-J1)^1+0,0,0,0,0,0,0,0,0,0,0,0,0,0,0,0,0,0,0,0,0,0,0,0,0,0,0,0,0},
{0,0,0.0001083263*J2^5+0.0002366646*J2^4*(J2-J1)^1+0,-0.0001250844*J2^5+0.0003777649*J2^4*(J2-J1)^1+0,0,0,0,0,0,0,-0.0013390692*J2^5+0,0.0015462240*J2^5+0,0,0,0,0,0,0,-0.0000821355*J2^5+0.0004823535*J2^4*(J2-J1)^1+0,0.0000948419*J2^5+-0.0000966179*J2^4*(J2-J1)^1+0,0,0,0,0,0,0,0.0002774718*J2^5+0,0.0004230264*J2^5+0,0,0,0,0,0,0,0.0001702477*J2^5+0,0.0002752024*J2^5+0,0,0,0,0,0,0,0.0002720211*J2^5+0,0.0004036522*J2^5+0,0,0,0,0,0.0005685312*J2^5+0,0.0006767129*J2^5+-0.0039467304*J2^4*(J2-J1)^1+0,-0.0006564833*J2^5+0,-0.0007814007*J2^5+0.0017361111*J2^4*(J2-J1)^1+0,0,0,0,0,0,0,0,0,0,0,0,0,-0.0008040245*J2^5+0,-0.0009570165*J2^5+0.0019933999*J2^4*(J2-J1)^1+0,0.0009284075*J2^5+0,0.0011050675*J2^5+0.0016879719*J2^4*(J2-J1)^1+0,0,0,0,0,0,0,0,0,0,0,0,0,0,0,0,0,0,0,0,0,0,0,0,0,0,0,0,0},
{0,0,0.0007060487*J2^5+0.0000803755*J2^4*(J2-J1)^1+0,-0.0008152748*J2^5+0.0002830694*J2^4*(J2-J1)^1+0,0,0,0,0,0,0,0.0000045211*J2^5+-0.0008138021*J2^4*(J2-J1)^1+0,-0.0000052205*J2^5+0.0001879395*J2^4*(J2-J1)^1+0,0,0,0,0,0,0,0.0011343725*J2^5+0.0022151079*J2^4*(J2-J1)^1+0,-0.0013098606*J2^5+-0.0017604264*J2^4*(J2-J1)^1+0,0,0,0,0,0,0,0.0004230264*J2^5+0,0.0007659406*J2^5+0,0,0,0,0,0,0,0.0002752024*J2^5+0,0.0004880241*J2^5+0,0,0,0,0,0,0,0.0004036522*J2^5+0,0.0007381185*J2^5+0,0,0,0,0,0.0006767129*J2^5+-0.0082693398*J2^4*(J2-J1)^1+0,0.0013499319*J2^5+-0.0050998264*J2^4*(J2-J1)^1+0,-0.0007814007*J2^5+0.0067274306*J2^4*(J2-J1)^1+0,-0.0015587671*J2^5+0.0026311536*J2^4*(J2-J1)^1+0,0,0,0,0,0,0,0,0,0,0,0,0,-0.0009570165*J2^5+0.0081064927*J2^4*(J2-J1)^1+0,-0.0019090920*J2^5+0.0030690398*J2^4*(J2-J1)^1+0,0.0011050675*J2^5+-0.0053708197*J2^4*(J2-J1)^1+0,0.0022044295*J2^5+0.0010631466*J2^4*(J2-J1)^1+0,0,0,0,0,0,0,0,0,0,0,0,0,0,0,0,0,0,0,0,0,0,0,0,0,0,0,0,0},
{0,0,0,0,0,0.0000884480*J2^5+-0.0013000794*J2^4*(J2-J1)^1+0,0,0,0,0,0,0,0,-0.0010933454*J2^5+0,0,0,0,0,0,0,0,-0.0000670633*J2^5+-0.0010730131*J2^4*(J2-J1)^1+0,0,0,0,0,0,0,0,0,0,0,0,0,0,0,-0.0001516378*J2^5+0,-0.0002090547*J2^5+0,0,0,0,0,0,0,-0.0001702477*J2^5+0,-0.0002752024*J2^5+0,0,0,0,0,0,0,0,0,0,0,0,0,0,0,0,0,-0.0008040245*J2^5+0,-0.0009570165*J2^5+-0.0053157329*J2^4*(J2-J1)^1+0,0,0,0,0,0,0,0,0,0,0,0,0,0,0,0,0,0,0,0,0,0,0,0,0,0,0,0,0,0,0,0,0},
{0,0,0,0,0,0.0005764863*J2^5+-0.0011320542*J2^4*(J2-J1)^1+0,0,0,0,0,0,0,0,0.0000036915*J2^5+0.0013953799*J2^4*(J2-J1)^1+0,0,0,0,0,0,0,0,0.0009262113*J2^5+-0.0002575468*J2^4*(J2-J1)^1+0,0,0,0,0,0,0,0,0,0,0,0,0,0,0,-0.0002090547*J2^5+0,-0.0003930334*J2^5+0,0,0,0,0,0,0,-0.0002752024*J2^5+0,-0.0004880241*J2^5+0,0,0,0,0,0,0,0,0,0,0,0,0,0,0,0,0,-0.0009570165*J2^5+0.0007973599*J2^4*(J2-J1)^1+0,-0.0019090920*J2^5+-0.0053708197*J2^4*(J2-J1)^1+0,0,0,0,0,0,0,0,0,0,0,0,0,0,0,0,0,0,0,0,0,0,0,0,0,0,0,0,0,0,0,0,0},
{0,0,0,0,0.0000884480*J2^5+-0.0003793674*J2^4*(J2-J1)^1+0,-0.0001021310*J2^5+0.0009696291*J2^4*(J2-J1)^1+0,0,0,0,0,0,0,-0.0010933454*J2^5+0,0.0012624866*J2^5+0,0,0,0,0,0,0,-0.0000670633*J2^5+-0.0004219715*J2^4*(J2-J1)^1+0,0.0000774381*J2^5+0.0008631297*J2^4*(J2-J1)^1+0,0,0,0,0,0,0,0.0002265548*J2^5+0,0.0003453996*J2^5+0,0,0,0,0,0,0,0.0001390067*J2^5+0,0.0002247018*J2^5+0,0,0,0,0,0,0,0.0002221043*J2^5+0,0.0003295806*J2^5+0,0,0,0,0,0,0,0,0,0,0,0,0,0,0,-0.0008040245*J2^5+0,-0.0009570165*J2^5+0.0015947199*J2^4*(J2-J1)^1+0,0.0009284075*J2^5+0,0.0011050675*J2^5+0.0021483279*J2^4*(J2-J1)^1+0,0,0,0,0,0,0,0,0,0,0,0,0,0,0,0,0,0,0,0,0,0,0,0,0,0,0,0,0,0,0,0,0},
{0,0,0,0,0.0005764863*J2^5+-0.0006004809*J2^4*(J2-J1)^1+0,-0.0006656691*J2^5+0.0010002797*J2^4*(J2-J1)^1+0,0,0,0,0,0,0,0.0000036915*J2^5+0.0003322333*J2^4*(J2-J1)^1+0,-0.0000042626*J2^5+-0.0009974380*J2^4*(J2-J1)^1+0,0,0,0,0,0,0,0.0009262113*J2^5+0.0008700905*J2^4*(J2-J1)^1+0,-0.0010694967*J2^5+-0.0003536523*J2^4*(J2-J1)^1+0,0,0,0,0,0,0,0.0003453996*J2^5+0,0.0006253879*J2^5+0,0,0,0,0,0,0,0.0002247018*J2^5+0,0.0003984700*J2^5+0,0,0,0,0,0,0,0.0003295806*J2^5+0,0.0006026712*J2^5+0,0,0,0,0,0,0,0,0,0,0,0,0,0,0,-0.0009570165*J2^5+0.0077078128*J2^4*(J2-J1)^1+0,-0.0019090920*J2^5+0.0026086839*J2^4*(J2-J1)^1+0,0.0011050675*J2^5+-0.0049104638*J2^4*(J2-J1)^1+0,0.0022044295*J2^5+0.0015947199*J2^4*(J2-J1)^1+0,0,0,0,0,0,0,0,0,0,0,0,0,0,0,0,0,0,0,0,0,0,0,0,0,0,0,0,0,0,0,0,0},
{0,0,0,0,0,0,0,0.0000884480*J2^5+-0.0009192911*J2^4*(J2-J1)^1+0,0,0,0,0,0,0,0,-0.0010933454*J2^5+0,0,0,0,0,0,0,0,-0.0000670633*J2^5+-0.0003657086*J2^4*(J2-J1)^1+0,0,0,0,0,0,0,0,0,0,0,0,0,0,0,-0.0001516378*J2^5+0,-0.0002090547*J2^5+0,0,0,0,0,0,0,-0.0001702477*J2^5+0,-0.0002752024*J2^5+0,0,0,0,0,0,0,0.0004642038*J2^5+0,0.0005525337*J2^5+0.0016879719*J2^4*(J2-J1)^1+0,0,0,0,0,0,0,0,0,0,0,0,0,0,0,-0.0006564833*J2^5+0,-0.0007814007*J2^5+-0.0053168403*J2^4*(J2-J1)^1+0,0,0,0,0,0,0,0,0,0,0,0,0,0,0,0,0,0,0,0,0,0,0,0,0},
{0,0,0,0,0,0,0,0.0005764863*J2^5+-0.0005545425*J2^4*(J2-J1)^1+0,0,0,0,0,0,0,0,0.0000036915*J2^5+0.0005980200*J2^4*(J2-J1)^1+0,0,0,0,0,0,0,0,0.0009262113*J2^5+0.0004617280*J2^4*(J2-J1)^1+0,0,0,0,0,0,0,0,0,0,0,0,0,0,0,-0.0002090547*J2^5+0,-0.0003930334*J2^5+0,0,0,0,0,0,0,-0.0002752024*J2^5+0,-0.0004880241*J2^5+0,0,0,0,0,0,0,0.0005525337*J2^5+-0.0018414239*J2^4*(J2-J1)^1+0,0.0011022148*J2^5+0.0015061243*J2^4*(J2-J1)^1+0,0,0,0,0,0,0,0,0,0,0,0,0,0,0,-0.0007814007*J2^5+-0.0003255208*J2^4*(J2-J1)^1+0,-0.0015587671*J2^5+-0.0055128932*J2^4*(J2-J1)^1+0,0,0,0,0,0,0,0,0,0,0,0,0,0,0,0,0,0,0,0,0,0,0,0,0},
{0,0,0,0,0,0,0.0000884480*J2^5+0.0000014209*J2^4*(J2-J1)^1+0,-0.0001021310*J2^5+0.0005299326*J2^4*(J2-J1)^1+0,0,0,0,0,0,0,-0.0010933454*J2^5+0,0.0012624866*J2^5+0,0,0,0,0,0,0,-0.0000670633*J2^5+0.0002853331*J2^4*(J2-J1)^1+0,0.0000774381*J2^5+0.0000464048*J2^4*(J2-J1)^1+0,0,0,0,0,0,0,0.0002265548*J2^5+0,0.0003453996*J2^5+0,0,0,0,0,0,0,0.0001390067*J2^5+0,0.0002247018*J2^5+0,0,0,0,0,0,0,0.0002221043*J2^5+0,0.0003295806*J2^5+0,0,0,0,0,0.0004642038*J2^5+0,0.0005525337*J2^5+-0.0023017799*J2^4*(J2-J1)^1+0,-0.0005360163*J2^5+0,-0.0006380110*J2^5+0.0003543822*J2^4*(J2-J1)^1+0,0,0,0,0,0,0,0,0,0,0,0,0,-0.0006564833*J2^5+0,-0.0007814007*J2^5+0.0003255208*J2^4*(J2-J1)^1+0,0.0007580416*J2^5+0,0.0009022838*J2^5+0.0028817396*J2^4*(J2-J1)^1+0,0,0,0,0,0,0,0,0,0,0,0,0,0,0,0,0,0,0,0,0,0,0,0,0},
{0,0,0,0,0,0,0.0005764863*J2^5+-0.0000229692*J2^4*(J2-J1)^1+0,-0.0006656691*J2^5+0.0003334266*J2^4*(J2-J1)^1+0,0,0,0,0,0,0,0.0000036915*J2^5+-0.0004651266*J2^4*(J2-J1)^1+0,-0.0000042626*J2^5+-0.0000767260*J2^4*(J2-J1)^1+0,0,0,0,0,0,0,0.0009262113*J2^5+0.0015893653*J2^4*(J2-J1)^1+0,-0.0010694967*J2^5+-0.0011841992*J2^4*(J2-J1)^1+0,0,0,0,0,0,0,0.0003453996*J2^5+0,0.0006253879*J2^5+0,0,0,0,0,0,0,0.0002247018*J2^5+0,0.0003984700*J2^5+0,0,0,0,0,0,0,0.0003295806*J2^5+0,0.0006026712*J2^5+0,0,0,0,0,0.0005525337*J2^5+-0.0058311757*J2^4*(J2-J1)^1+0,0.0011022148*J2^5+-0.0031008442*J2^4*(J2-J1)^1+0,-0.0006380110*J2^5+0.0044297775*J2^4*(J2-J1)^1+0,-0.0012727280*J2^5+0.0009207120*J2^4*(J2-J1)^1+0,0,0,0,0,0,0,0,0,0,0,0,0,-0.0007814007*J2^5+0.0053168403*J2^4*(J2-J1)^1+0,-0.0015587671*J2^5+0.0010023442*J2^4*(J2-J1)^1+0,0.0009022838*J2^5+-0.0028817396*J2^4*(J2-J1)^1+0,0.0017999092*J2^5+0.0026041667*J2^4*(J2-J1)^1+0,0,0,0,0,0,0,0,0,0,0,0,0,0,0,0,0,0,0,0,0,0,0,0,0}
}