96
{{0,0,0,0,0,0,0,0,0,0,0,0,0,0,0,0,0,0,0,0,0,0,0,0,0,0,0,0,0,0,0,0,0,0,0,0,0,0,0,0,0,0,0,0,0,0,0,0,0.0082812316*J1^2*J2^3+0.0054321289*J2^5+0,0.0005857642*J1^2*J2^3+0.0051009537*J1^1*J2^4+0.0022306944*J2^5+0,0.0014454136*J1^2*J2^3+0.0033816549*J1^1*J2^4+0.0030903438*J2^5+0,0.0034871112*J1^2*J2^3+0.0023454022*J1^1*J2^4+-0.0012613932*J2^5+0,0,0,0,0,0,0,0,0,0,0,0,0,0,0,0,0,0,0,0,0,0,0,0,0,0,0,0,0,0,0,0,0,0,0,0,0,0,0,0,0,0,0,0,0},
{0,0,0,0,0,0,0,0,0,0,0,0,0,0,0,0,0,0,0,0,0,0,0,0,0,0,0,0,0,0,0,0,0,0,0,0,0,0,0,0,0,0,0,0,0,0,0,0,0.0014454136*J1^2*J2^3+0.0033816549*J1^1*J2^4+0.0030903438*J2^5+0,-0.0003116923*J1^2*J2^3+0.0023454022*J1^1*J2^4+0.0025374103*J2^5+0,0.0028134081*J1^2*J2^3+-0.0039047988*J1^1*J2^4+0.0056625108*J2^5+0,0.0009456755*J1^2*J2^3+0.0023927166*J1^1*J2^4+-0.0006992546*J2^5+0,0,0,0,0,0,0,0,0,0,0,0,0,0,0,0,0,0,0,0,0,0,0,0,0,0,0,0,0,0,0,0,0,0,0,0,0,0,0,0,0,0,0,0,0},
{0,0,0,0,0,0,0,0,0,0,0,0,0,0,0,0,0,0,0,0,0,0,0,0,0,0,0,0,0,0,0,0,0,0,0,0,0,0,0,0,0,0,0,0,0,0,0,0,0,0,0,0,0,0,0,0,-0.0047811713*J1^2*J2^3+-0.0031362411*J2^5+0,-0.0003381911*J1^2*J2^3+-0.0029450370*J1^1*J2^4+-0.0012878920*J2^5+0,-0.0008345099*J1^2*J2^3+-0.0019523994*J1^1*J2^4+-0.0017842108*J2^5+0,-0.0020132846*J1^2*J2^3+-0.0013541186*J1^1*J2^4+0.0007282657*J2^5+0,0,0,0,0,-0.0067615973*J1^2*J2^3+-0.0044353147*J2^5+0,-0.0004782745*J1^2*J2^3+-0.0041649113*J1^1*J2^4+-0.0018213544*J2^5+0,-0.0011801753*J1^2*J2^3+-0.0027611097*J1^1*J2^4+-0.0025232552*J2^5+0,-0.0028472144*J1^2*J2^3+-0.0019150128*J1^1*J2^4+0.0010299233*J2^5+0,0,0,0,0,0,0,0,0,0,0,0,0,0,0,0,0,0,0,0,0,0,0,0,0,0,0,0,0},
{0,0,0,0,0,0,0,0,0,0,0,0,0,0,0,0,0,0,0,0,0,0,0,0,0,0,0,0,0,0,0,0,0,0,0,0,0,0,0,0,0,0,0,0,0,0,0,0,0,0,0,0,0,0,0,0,-0.0008345099*J1^2*J2^3+-0.0019523994*J1^1*J2^4+-0.0017842108*J2^5+0,0.0001799557*J1^2*J2^3+-0.0013541186*J1^1*J2^4+-0.0014649745*J2^5+0,-0.0016243219*J1^2*J2^3+0.0022544366*J1^1*J2^4+-0.0032692521*J2^5+0,-0.0005459860*J1^2*J2^3+-0.0013814355*J1^1*J2^4+0.0004037149*J2^5+0,0,0,0,0,-0.0011801753*J1^2*J2^3+-0.0027611097*J1^1*J2^4+-0.0025232552*J2^5+0,0.0002544957*J1^2*J2^3+-0.0019150128*J1^1*J2^4+-0.0020717869*J2^5+0,-0.0022971381*J1^2*J2^3+0.0031882548*J1^1*J2^4+-0.0046234207*J2^5+0,-0.0007721409*J1^2*J2^3+-0.0019536449*J1^1*J2^4+0.0005709390*J2^5+0,0,0,0,0,0,0,0,0,0,0,0,0,0,0,0,0,0,0,0,0,0,0,0,0,0,0,0,0},
{0,0,0,0,0,0,0,0,0,0,0,0,0,0,0,0,0,0,0,0,0,0,0,0,0,0,0,0,0,0,0,0,0,0,0,0,0,0,0,0,0,0,0,0,0,0,0,0,0,0,0,0,0.0082812316*J1^2*J2^3+0.0054321289*J2^5+0,0.0005857642*J1^2*J2^3+0.0051009537*J1^1*J2^4+0.0022306944*J2^5+0,0.0014454136*J1^2*J2^3+0.0033816549*J1^1*J2^4+0.0030903438*J2^5+0,0.0034871112*J1^2*J2^3+0.0023454022*J1^1*J2^4+-0.0012613932*J2^5+0,0,0,0,0,0,0,0,0,0,0,0,0,0,0,0,0,0,0,0,0,0,0,0,0,0,0,0,0,0,0,0,0,0,0,0,0,0,0,0,0},
{0,0,0,0,0,0,0,0,0,0,0,0,0,0,0,0,0,0,0,0,0,0,0,0,0,0,0,0,0,0,0,0,0,0,0,0,0,0,0,0,0,0,0,0,0,0,0,0,0,0,0,0,0.0014454136*J1^2*J2^3+0.0033816549*J1^1*J2^4+0.0030903438*J2^5+0,-0.0003116923*J1^2*J2^3+0.0023454022*J1^1*J2^4+0.0025374103*J2^5+0,0.0028134081*J1^2*J2^3+-0.0039047988*J1^1*J2^4+0.0056625108*J2^5+0,0.0009456755*J1^2*J2^3+0.0023927166*J1^1*J2^4+-0.0006992546*J2^5+0,0,0,0,0,0,0,0,0,0,0,0,0,0,0,0,0,0,0,0,0,0,0,0,0,0,0,0,0,0,0,0,0,0,0,0,0,0,0,0,0},
{0,0,0,0,0,0,0,0,0,0,0,0,0,0,0,0,0,0,0,0,0,0,0,0,0,0,0,0,0,0,0,0,0,0,0,0,0,0,0,0,0,0,0,0,0,0,0,0,0,0,0,0,0,0,0,0,0,0,0,0,-0.0047811713*J1^2*J2^3+-0.0031362411*J2^5+0,-0.0003381911*J1^2*J2^3+-0.0029450370*J1^1*J2^4+-0.0012878920*J2^5+0,-0.0008345099*J1^2*J2^3+-0.0019523994*J1^1*J2^4+-0.0017842108*J2^5+0,-0.0020132846*J1^2*J2^3+-0.0013541186*J1^1*J2^4+0.0007282657*J2^5+0,0,0,0,0,-0.0067615973*J1^2*J2^3+-0.0044353147*J2^5+0,-0.0004782745*J1^2*J2^3+-0.0041649113*J1^1*J2^4+-0.0018213544*J2^5+0,-0.0011801753*J1^2*J2^3+-0.0027611097*J1^1*J2^4+-0.0025232552*J2^5+0,-0.0028472144*J1^2*J2^3+-0.0019150128*J1^1*J2^4+0.0010299233*J2^5+0,0,0,0,0,0,0,0,0,0,0,0,0,0,0,0,0,0,0,0,0,0,0,0,0},
{0,0,0,0,0,0,0,0,0,0,0,0,0,0,0,0,0,0,0,0,0,0,0,0,0,0,0,0,0,0,0,0,0,0,0,0,0,0,0,0,0,0,0,0,0,0,0,0,0,0,0,0,0,0,0,0,0,0,0,0,-0.0008345099*J1^2*J2^3+-0.0019523994*J1^1*J2^4+-0.0017842108*J2^5+0,0.0001799557*J1^2*J2^3+-0.0013541186*J1^1*J2^4+-0.0014649745*J2^5+0,-0.0016243219*J1^2*J2^3+0.0022544366*J1^1*J2^4+-0.0032692521*J2^5+0,-0.0005459860*J1^2*J2^3+-0.0013814355*J1^1*J2^4+0.0004037149*J2^5+0,0,0,0,0,-0.0011801753*J1^2*J2^3+-0.0027611097*J1^1*J2^4+-0.0025232552*J2^5+0,0.0002544957*J1^2*J2^3+-0.0019150128*J1^1*J2^4+-0.0020717869*J2^5+0,-0.0022971381*J1^2*J2^3+0.0031882548*J1^1*J2^4+-0.0046234207*J2^5+0,-0.0007721409*J1^2*J2^3+-0.0019536449*J1^1*J2^4+0.0005709390*J2^5+0,0,0,0,0,0,0,0,0,0,0,0,0,0,0,0,0,0,0,0,0,0,0,0,0},
{0,0,0,0,0,0,0,0,0,0,0,0,0,0,0,0,0,0,0,0,0,0,0,0,0,0,0,0,0,0,0,0,0,0,0,0,0,0,0,0,0,0,0,0,0,0,0,0,0.0066113465*J1^1*J2^4+0,-0.0009055467*J1^2*J2^3+0.0089180164*J1^1*J2^4+-0.0041954070*J2^5+0,0.0025265252*J1^2*J2^3+0.0020538727*J1^1*J2^4+-0.0007633352*J2^5+0,-0.0015869141*J1^2*J2^3+0.0015788067*J1^1*J2^4+0.0022118895*J2^5+0,0,0,0,0,0,0,0,0,0,0,0,0,0,0,0,0,0,0,0,0,0,0,0,0,0,0,0,0,0,0,0,0,0,0,0,0,0,0,0,0,0,0,0,0},
{0,0,0,0,0,0,0,0,0,0,0,0,0,0,0,0,0,0,0,0,0,0,0,0,0,0,0,0,0,0,0,0,0,0,0,0,0,0,0,0,0,0,0,0,0,0,0,0,-0.0007633352*J1^2*J2^3+0.0020538727*J1^1*J2^4+0.0025265252*J2^5+0,0.0003124877*J1^2*J2^3+0.0015788067*J1^1*J2^4+0.0003124877*J2^5+0,-0.0010179782*J1^2*J2^3+0.0042397386*J1^1*J2^4+-0.0010179782*J2^5+0,-0.0045562368*J1^2*J2^3+0.0070949674*J1^1*J2^4+-0.0012663764*J2^5+0,0,0,0,0,0,0,0,0,0,0,0,0,0,0,0,0,0,0,0,0,0,0,0,0,0,0,0,0,0,0,0,0,0,0,0,0,0,0,0,0,0,0,0,0},
{0,0,0,0,0,0,0,0,0,0,0,0,0,0,0,0,0,0,0,0,0,0,0,0,0,0,0,0,0,0,0,0,0,0,0,0,0,0,0,0,0,0,0,0,0,0,0,0,0,0,0,0,0,0,0,0,-0.0038170627*J1^1*J2^4+0,0.0005228176*J1^2*J2^3+-0.0051488192*J1^1*J2^4+0.0024222194*J2^5+0,-0.0014586900*J1^2*J2^3+-0.0011858040*J1^1*J2^4+0.0004407118*J2^5+0,0.0009162053*J1^2*J2^3+-0.0009115245*J1^1*J2^4+-0.0012770350*J2^5+0,0,0,0,0,-0.0053981418*J1^1*J2^4+0,0.0007393757*J1^2*J2^3+-0.0072815299*J1^1*J2^4+0.0034255355*J2^5+0,-0.0020628992*J1^2*J2^3+-0.0016769800*J1^1*J2^4+0.0006232606*J2^5+0,0.0012957099*J1^2*J2^3+-0.0012890903*J1^1*J2^4+-0.0018060002*J2^5+0,0,0,0,0,0,0,0,0,0,0,0,0,0,0,0,0,0,0,0,0,0,0,0,0,0,0,0,0},
{0,0,0,0,0,0,0,0,0,0,0,0,0,0,0,0,0,0,0,0,0,0,0,0,0,0,0,0,0,0,0,0,0,0,0,0,0,0,0,0,0,0,0,0,0,0,0,0,0,0,0,0,0,0,0,0,0.0004407118*J1^2*J2^3+-0.0011858040*J1^1*J2^4+-0.0014586900*J2^5+0,-0.0001804149*J1^2*J2^3+-0.0009115245*J1^1*J2^4+-0.0001804149*J2^5+0,0.0005877300*J1^2*J2^3+-0.0024478142*J1^1*J2^4+0.0005877300*J2^5+0,0.0026305445*J1^2*J2^3+-0.0040962813*J1^1*J2^4+0.0007311428*J2^5+0,0,0,0,0,0.0006232606*J1^2*J2^3+-0.0016769800*J1^1*J2^4+-0.0020628992*J2^5+0,-0.0002551452*J1^2*J2^3+-0.0012890903*J1^1*J2^4+-0.0002551452*J2^5+0,0.0008311757*J1^2*J2^3+-0.0034617321*J1^1*J2^4+0.0008311757*J2^5+0,0.0037201518*J1^2*J2^3+-0.0057930166*J1^1*J2^4+0.0010339920*J2^5+0,0,0,0,0,0,0,0,0,0,0,0,0,0,0,0,0,0,0,0,0,0,0,0,0,0,0,0,0},
{0,0,0,0,0,0,0,0,0,0,0,0,0,0,0,0,0,0,0,0,0,0,0,0,0,0,0,0,0,0,0,0,0,0,0,0,0,0,0,0,0,0,0,0,0,0,0,0,0,0,0,0,0.0066113465*J1^1*J2^4+0,-0.0009055467*J1^2*J2^3+0.0089180164*J1^1*J2^4+-0.0041954070*J2^5+0,0.0025265252*J1^2*J2^3+0.0020538727*J1^1*J2^4+-0.0007633352*J2^5+0,-0.0015869141*J1^2*J2^3+0.0015788067*J1^1*J2^4+0.0022118895*J2^5+0,0,0,0,0,0,0,0,0,0,0,0,0,0,0,0,0,0,0,0,0,0,0,0,0,0,0,0,0,0,0,0,0,0,0,0,0,0,0,0,0},
{0,0,0,0,0,0,0,0,0,0,0,0,0,0,0,0,0,0,0,0,0,0,0,0,0,0,0,0,0,0,0,0,0,0,0,0,0,0,0,0,0,0,0,0,0,0,0,0,0,0,0,0,-0.0007633352*J1^2*J2^3+0.0020538727*J1^1*J2^4+0.0025265252*J2^5+0,0.0003124877*J1^2*J2^3+0.0015788067*J1^1*J2^4+0.0003124877*J2^5+0,-0.0010179782*J1^2*J2^3+0.0042397386*J1^1*J2^4+-0.0010179782*J2^5+0,-0.0045562368*J1^2*J2^3+0.0070949674*J1^1*J2^4+-0.0012663764*J2^5+0,0,0,0,0,0,0,0,0,0,0,0,0,0,0,0,0,0,0,0,0,0,0,0,0,0,0,0,0,0,0,0,0,0,0,0,0,0,0,0,0},
{0,0,0,0,0,0,0,0,0,0,0,0,0,0,0,0,0,0,0,0,0,0,0,0,0,0,0,0,0,0,0,0,0,0,0,0,0,0,0,0,0,0,0,0,0,0,0,0,0,0,0,0,0,0,0,0,0,0,0,0,-0.0038170627*J1^1*J2^4+0,0.0005228176*J1^2*J2^3+-0.0051488192*J1^1*J2^4+0.0024222194*J2^5+0,-0.0014586900*J1^2*J2^3+-0.0011858040*J1^1*J2^4+0.0004407118*J2^5+0,0.0009162053*J1^2*J2^3+-0.0009115245*J1^1*J2^4+-0.0012770350*J2^5+0,0,0,0,0,-0.0053981418*J1^1*J2^4+0,0.0007393757*J1^2*J2^3+-0.0072815299*J1^1*J2^4+0.0034255355*J2^5+0,-0.0020628992*J1^2*J2^3+-0.0016769800*J1^1*J2^4+0.0006232606*J2^5+0,0.0012957099*J1^2*J2^3+-0.0012890903*J1^1*J2^4+-0.0018060002*J2^5+0,0,0,0,0,0,0,0,0,0,0,0,0,0,0,0,0,0,0,0,0,0,0,0,0},
{0,0,0,0,0,0,0,0,0,0,0,0,0,0,0,0,0,0,0,0,0,0,0,0,0,0,0,0,0,0,0,0,0,0,0,0,0,0,0,0,0,0,0,0,0,0,0,0,0,0,0,0,0,0,0,0,0,0,0,0,0.0004407118*J1^2*J2^3+-0.0011858040*J1^1*J2^4+-0.0014586900*J2^5+0,-0.0001804149*J1^2*J2^3+-0.0009115245*J1^1*J2^4+-0.0001804149*J2^5+0,0.0005877300*J1^2*J2^3+-0.0024478142*J1^1*J2^4+0.0005877300*J2^5+0,0.0026305445*J1^2*J2^3+-0.0040962813*J1^1*J2^4+0.0007311428*J2^5+0,0,0,0,0,0.0006232606*J1^2*J2^3+-0.0016769800*J1^1*J2^4+-0.0020628992*J2^5+0,-0.0002551452*J1^2*J2^3+-0.0012890903*J1^1*J2^4+-0.0002551452*J2^5+0,0.0008311757*J1^2*J2^3+-0.0034617321*J1^1*J2^4+0.0008311757*J2^5+0,0.0037201518*J1^2*J2^3+-0.0057930166*J1^1*J2^4+0.0010339920*J2^5+0,0,0,0,0,0,0,0,0,0,0,0,0,0,0,0,0,0,0,0,0,0,0,0,0},
{0,0,0,0,0,0,0,0,0,0,0,0,0,0,0,0,0,0,0,0,0,0,0,0,0,0,0,0,0,0,0,0,0,0,0,0,0,0,0,0,0,0,0,0,0,0,0,0,0.0007174117*J1^2*J2^3+0.0109222949*J1^1*J2^4+0.0027320316*J2^5+0,0.0040211168*J1^2*J2^3+-0.0009078480*J1^1*J2^4+0.0051842581*J2^5+0,0.0014047795*J1^2*J2^3+0.0043248266*J1^1*J2^4+0.0025679208*J2^5+0,0.0010889448*J1^2*J2^3+0.0019411499*J1^1*J2^4+0.0017604847*J2^5+0,0,0,0,0,0,0,0,0,0,0,0,0,0,0,0,0,0,0,0,0,0,0,0,0,0,0,0,0,0,0,0,0,0,0,0,0,0,0,0,0,0,0,0,0},
{0,0,0,0,0,0,0,0,0,0,0,0,0,0,0,0,0,0,0,0,0,0,0,0,0,0,0,0,0,0,0,0,0,0,0,0,0,0,0,0,0,0,0,0,0,0,0,0,0.0037310621*J1^2*J2^3+0.0043248266*J1^1*J2^4+0.0002416382*J2^5+0,0.0024320246*J1^2*J2^3+0.0019411499*J1^1*J2^4+0.0004174048*J2^5+0,0.0004383920*J1^2*J2^3+0.0059284153*J1^1*J2^4+-0.0015762278*J2^5+0,0.0035391393*J1^2*J2^3+-0.0031492949*J1^1*J2^4+0.0023759980*J2^5+0,0,0,0,0,0,0,0,0,0,0,0,0,0,0,0,0,0,0,0,0,0,0,0,0,0,0,0,0,0,0,0,0,0,0,0,0,0,0,0,0,0,0,0,0},
{0,0,0,0,0,0,0,0,0,0,0,0,0,0,0,0,0,0,0,0,0,0,0,0,0,0,0,0,0,0,0,0,0,0,0,0,0,0,0,0,0,0,0,0,0,0,0,0,0,0,0,0,0,0,0,0,-0.0004141979*J1^2*J2^3+-0.0063059899*J1^1*J2^4+-0.0015773392*J2^5+0,-0.0023215929*J1^2*J2^3+0.0005241463*J1^1*J2^4+-0.0029931328*J2^5+0,-0.0008110498*J1^2*J2^3+-0.0024969398*J1^1*J2^4+-0.0014825898*J2^5+0,-0.0006287025*J1^2*J2^3+-0.0011207234*J1^1*J2^4+-0.0010164163*J2^5+0,0,0,0,0,-0.0005857642*J1^2*J2^3+-0.0089180164*J1^1*J2^4+-0.0022306944*J2^5+0,-0.0032832281*J1^2*J2^3+0.0007412548*J1^1*J2^4+-0.0042329290*J2^5+0,-0.0011469977*J1^2*J2^3+-0.0035312061*J1^1*J2^4+-0.0020966986*J2^5+0,-0.0008891197*J1^2*J2^3+-0.0015849423*J1^1*J2^4+-0.0014374297*J2^5+0,0,0,0,0,0,0,0,0,0,0,0,0,0,0,0,0,0,0,0,0,0,0,0,0,0,0,0,0},
{0,0,0,0,0,0,0,0,0,0,0,0,0,0,0,0,0,0,0,0,0,0,0,0,0,0,0,0,0,0,0,0,0,0,0,0,0,0,0,0,0,0,0,0,0,0,0,0,0,0,0,0,0,0,0,0,-0.0021541297*J1^2*J2^3+-0.0024969398*J1^1*J2^4+-0.0001395099*J2^5+0,-0.0014041301*J1^2*J2^3+-0.0011207234*J1^1*J2^4+-0.0002409888*J2^5+0,-0.0002531057*J1^2*J2^3+-0.0034227721*J1^1*J2^4+0.0009100356*J2^5+0,-0.0020433230*J1^2*J2^3+0.0018182463*J1^1*J2^4+-0.0013717831*J2^5+0,0,0,0,0,-0.0030463994*J1^2*J2^3+-0.0035312061*J1^1*J2^4+-0.0001972968*J2^5+0,-0.0019857398*J1^2*J2^3+-0.0015849423*J1^1*J2^4+-0.0003408096*J2^5+0,-0.0003579456*J1^2*J2^3+-0.0048405308*J1^1*J2^4+0.0012869846*J2^5+0,-0.0028896951*J1^2*J2^3+0.0025713885*J1^1*J2^4+-0.0019399942*J2^5+0,0,0,0,0,0,0,0,0,0,0,0,0,0,0,0,0,0,0,0,0,0,0,0,0,0,0,0,0},
{0,0,0,0,0,0,0,0,0,0,0,0,0,0,0,0,0,0,0,0,0,0,0,0,0,0,0,0,0,0,0,0,0,0,0,0,0,0,0,0,0,0,0,0,0,0,0,0,0,0,0,0,0.0007174117*J1^2*J2^3+0.0109222949*J1^1*J2^4+0.0027320316*J2^5+0,0.0040211168*J1^2*J2^3+-0.0009078480*J1^1*J2^4+0.0051842581*J2^5+0,0.0014047795*J1^2*J2^3+0.0043248266*J1^1*J2^4+0.0025679208*J2^5+0,0.0010889448*J1^2*J2^3+0.0019411499*J1^1*J2^4+0.0017604847*J2^5+0,0,0,0,0,0,0,0,0,0,0,0,0,0,0,0,0,0,0,0,0,0,0,0,0,0,0,0,0,0,0,0,0,0,0,0,0,0,0,0,0},
{0,0,0,0,0,0,0,0,0,0,0,0,0,0,0,0,0,0,0,0,0,0,0,0,0,0,0,0,0,0,0,0,0,0,0,0,0,0,0,0,0,0,0,0,0,0,0,0,0,0,0,0,0.0037310621*J1^2*J2^3+0.0043248266*J1^1*J2^4+0.0002416382*J2^5+0,0.0024320246*J1^2*J2^3+0.0019411499*J1^1*J2^4+0.0004174048*J2^5+0,0.0004383920*J1^2*J2^3+0.0059284153*J1^1*J2^4+-0.0015762278*J2^5+0,0.0035391393*J1^2*J2^3+-0.0031492949*J1^1*J2^4+0.0023759980*J2^5+0,0,0,0,0,0,0,0,0,0,0,0,0,0,0,0,0,0,0,0,0,0,0,0,0,0,0,0,0,0,0,0,0,0,0,0,0,0,0,0,0},
{0,0,0,0,0,0,0,0,0,0,0,0,0,0,0,0,0,0,0,0,0,0,0,0,0,0,0,0,0,0,0,0,0,0,0,0,0,0,0,0,0,0,0,0,0,0,0,0,0,0,0,0,0,0,0,0,0,0,0,0,-0.0004141979*J1^2*J2^3+-0.0063059899*J1^1*J2^4+-0.0015773392*J2^5+0,-0.0023215929*J1^2*J2^3+0.0005241463*J1^1*J2^4+-0.0029931328*J2^5+0,-0.0008110498*J1^2*J2^3+-0.0024969398*J1^1*J2^4+-0.0014825898*J2^5+0,-0.0006287025*J1^2*J2^3+-0.0011207234*J1^1*J2^4+-0.0010164163*J2^5+0,0,0,0,0,-0.0005857642*J1^2*J2^3+-0.0089180164*J1^1*J2^4+-0.0022306944*J2^5+0,-0.0032832281*J1^2*J2^3+0.0007412548*J1^1*J2^4+-0.0042329290*J2^5+0,-0.0011469977*J1^2*J2^3+-0.0035312061*J1^1*J2^4+-0.0020966986*J2^5+0,-0.0008891197*J1^2*J2^3+-0.0015849423*J1^1*J2^4+-0.0014374297*J2^5+0,0,0,0,0,0,0,0,0,0,0,0,0,0,0,0,0,0,0,0,0,0,0,0,0},
{0,0,0,0,0,0,0,0,0,0,0,0,0,0,0,0,0,0,0,0,0,0,0,0,0,0,0,0,0,0,0,0,0,0,0,0,0,0,0,0,0,0,0,0,0,0,0,0,0,0,0,0,0,0,0,0,0,0,0,0,-0.0021541297*J1^2*J2^3+-0.0024969398*J1^1*J2^4+-0.0001395099*J2^5+0,-0.0014041301*J1^2*J2^3+-0.0011207234*J1^1*J2^4+-0.0002409888*J2^5+0,-0.0002531057*J1^2*J2^3+-0.0034227721*J1^1*J2^4+0.0009100356*J2^5+0,-0.0020433230*J1^2*J2^3+0.0018182463*J1^1*J2^4+-0.0013717831*J2^5+0,0,0,0,0,-0.0030463994*J1^2*J2^3+-0.0035312061*J1^1*J2^4+-0.0001972968*J2^5+0,-0.0019857398*J1^2*J2^3+-0.0015849423*J1^1*J2^4+-0.0003408096*J2^5+0,-0.0003579456*J1^2*J2^3+-0.0048405308*J1^1*J2^4+0.0012869846*J2^5+0,-0.0028896951*J1^2*J2^3+0.0025713885*J1^1*J2^4+-0.0019399942*J2^5+0,0,0,0,0,0,0,0,0,0,0,0,0,0,0,0,0,0,0,0,0,0,0,0,0},
{0,0,0,0,0,0,0,0,0,0,0,0,0,0,0,0,0,0,0,0,0,0,0,0,0,0,0,0,0,0,0,0,0,0,0,0,0,0,0,0,0,0,0,0,0,0,0,0,-0.0029127333*J1^1*J2^4+0.0012941714*J2^5+0.0103141879*J2^4*(J2-J1)^1+0,-0.0000348036*J1^2*J2^3+-0.0019566159*J1^1*J2^4+0.0010569424*J2^5+0.0043968572*J1^1*J2^3*(J2-J1)^1+0,0.0023261869*J1^2*J2^3+-0.0058728931*J1^1*J2^4+0.0026122291*J2^5+0.0010058246*J1^1*J2^3*(J2-J1)^1+0.0015476009*J2^4*(J2-J1)^1+0,0.0014033062*J1^2*J2^3+-0.0041623214*J1^1*J2^4+0.0022194945*J2^5+-0.0004313486*J1^1*J2^3*(J2-J1)^1+0.0010060335*J2^4*(J2-J1)^1+0,0,0,0,0,0,0,0,0,0,0,0,0,0,0,0,0,0,0,0,0,0,0,0,0,0,0,0,0,0,0,0,0,0,0,0,0,0,0,0,0,0,0,0,0},
{0,0,0,0,0,0,0,0,0,0,0,0,0,0,0,0,0,0,0,0,0,0,0,0,0,0,0,0,0,0,0,0,0,0,0,0,0,0,0,0,0,0,0,0,0,0,0,0,0.0020790812*J1^2*J2^3+-0.0019566159*J1^1*J2^4+-0.0010569424*J2^5+0.0096487232*J1^1*J2^3*(J2-J1)^1+0,0.0011802642*J1^2*J2^3+-0.0012883944*J1^1*J2^4+-0.0004313905*J2^5+0.0081092196*J1^1*J2^3*(J2-J1)^1+-0.0034380626*J2^4*(J2-J1)^1+0,0.0025433827*J1^2*J2^3+-0.0041623214*J1^1*J2^4+0.0010794180*J2^5+0.0031011553*J1^1*J2^3*(J2-J1)^1+0.0005056959*J2^4*(J2-J1)^1+0,0.0015032263*J1^2*J2^3+-0.0028486037*J1^1*J2^4+0.0010338850*J2^5+0.0012061387*J1^1*J2^3*(J2-J1)^1+0.0003569304*J2^4*(J2-J1)^1+0,0,0,0,0,0,0,0,0,0,0,0,0,0,0,0,0,0,0,0,0,0,0,0,0,0,0,0,0,0,0,0,0,0,0,0,0,0,0,0,0,0,0,0,0},
{0,0,0,0,0,0,0,0,0,0,0,0,0,0,0,0,0,0,0,0,0,0,0,0,0,0,0,0,0,0,0,0,0,0,0,0,0,0,0,0,0,0,0,0,0,0,0,0,0,0,0,0,0,0,0,0,0.0016816673*J1^1*J2^4+-0.0007471902*J2^5+-0.0074398535*J2^4*(J2-J1)^1+0,0.0000200939*J1^2*J2^3+0.0011296527*J1^1*J2^4+-0.0006102260*J2^5+-0.0033958655*J1^1*J2^3*(J2-J1)^1+0,-0.0013430246*J1^2*J2^3+0.0033907164*J1^1*J2^4+-0.0015081712*J2^5+-0.0005592796*J1^1*J2^3*(J2-J1)^1+-0.0017722801*J2^4*(J2-J1)^1+0,-0.0008101992*J1^2*J2^3+0.0024031174*J1^1*J2^4+-0.0012814257*J2^5+-0.0002583202*J1^1*J2^3*(J2-J1)^1+-0.0005684591*J2^4*(J2-J1)^1+0,0,0,0,0,0.0023782368*J1^1*J2^4+-0.0010566865*J2^5+-0.0094715205*J2^4*(J2-J1)^1+0,0.0000284170*J1^2*J2^3+0.0015975702*J1^1*J2^4+-0.0008629899*J2^5+-0.0041962489*J1^1*J2^3*(J2-J1)^1+0,-0.0018993236*J1^2*J2^3+0.0047951972*J1^1*J2^4+-0.0021328761*J2^5+-0.0008060966*J1^1*J2^3*(J2-J1)^1+-0.0018849967*J2^4*(J2-J1)^1+0,-0.0011457948*J1^2*J2^3+0.0033985212*J1^1*J2^4+-0.0018122097*J2^5+-0.0000065626*J1^1*J2^3*(J2-J1)^1+-0.0008126728*J2^4*(J2-J1)^1+0,0,0,0,0,0,0,0,0,0,0,0,0,0,0,0,0,0,0,0,0,0,0,0,0,0,0,0,0},
{0,0,0,0,0,0,0,0,0,0,0,0,0,0,0,0,0,0,0,0,0,0,0,0,0,0,0,0,0,0,0,0,0,0,0,0,0,0,0,0,0,0,0,0,0,0,0,0,0,0,0,0,0,0,0,0,-0.0012003581*J1^2*J2^3+0.0011296527*J1^1*J2^4+0.0006102260*J2^5+-0.0064280318*J1^1*J2^3*(J2-J1)^1+0,-0.0006814259*J1^2*J2^3+0.0007438548*J1^1*J2^4+0.0002490634*J2^5+-0.0056718297*J1^1*J2^3*(J2-J1)^1+0.0024799512*J2^4*(J2-J1)^1+0,-0.0014684227*J1^2*J2^3+0.0024031174*J1^1*J2^4+-0.0006232023*J2^5+-0.0022978122*J1^1*J2^3*(J2-J1)^1+-0.0002795891*J2^4*(J2-J1)^1+0,-0.0008678881*J1^2*J2^3+0.0016446421*J1^1*J2^4+-0.0005969138*J2^5+-0.0012893572*J1^1*J2^3*(J2-J1)^1+0.0001011392*J2^4*(J2-J1)^1+0,0,0,0,0,-0.0016975627*J1^2*J2^3+0.0015975702*J1^1*J2^4+0.0008629899*J2^5+-0.0084843796*J1^1*J2^3*(J2-J1)^1+0,-0.0009636817*J1^2*J2^3+0.0010519696*J1^1*J2^4+0.0003522288*J2^5+-0.0073211643*J1^1*J2^3*(J2-J1)^1+0.0031571735*J2^4*(J2-J1)^1+0,-0.0020766633*J1^2*J2^3+0.0033985212*J1^1*J2^4+-0.0008813411*J2^5+-0.0028908400*J1^1*J2^3*(J2-J1)^1+-0.0004041488*J2^4*(J2-J1)^1+0,-0.0012273791*J1^2*J2^3+0.0023258752*J1^1*J2^4+-0.0008441636*J2^5+-0.0014041173*J1^1*J2^3*(J2-J1)^1+-0.0000742000*J2^4*(J2-J1)^1+0,0,0,0,0,0,0,0,0,0,0,0,0,0,0,0,0,0,0,0,0,0,0,0,0,0,0,0,0},
{0,0,0,0,0,0,0,0,0,0,0,0,0,0,0,0,0,0,0,0,0,0,0,0,0,0,0,0,0,0,0,0,0,0,0,0,0,0,0,0,0,0,0,0,0,0,0,0,0,0,0,0,-0.0029127333*J1^1*J2^4+0.0012941714*J2^5+0.0035224569*J2^4*(J2-J1)^1+0,-0.0000348036*J1^2*J2^3+-0.0019566159*J1^1*J2^4+0.0010569424*J2^5+0.0004756495*J1^1*J2^3*(J2-J1)^1+0,0.0023261869*J1^2*J2^3+-0.0058728931*J1^1*J2^4+0.0026122291*J2^5+0.0014327490*J1^1*J2^3*(J2-J1)^1+-0.0028005312*J2^4*(J2-J1)^1+0,0.0014033062*J1^2*J2^3+-0.0041623214*J1^1*J2^4+0.0022194945*J2^5+-0.0029417438*J1^1*J2^3*(J2-J1)^1+0.0012525184*J2^4*(J2-J1)^1+0,0,0,0,0,0,0,0,0,0,0,0,0,0,0,0,0,0,0,0,0,0,0,0,0,0,0,0,0,0,0,0,0,0,0,0,0,0,0,0,0},
{0,0,0,0,0,0,0,0,0,0,0,0,0,0,0,0,0,0,0,0,0,0,0,0,0,0,0,0,0,0,0,0,0,0,0,0,0,0,0,0,0,0,0,0,0,0,0,0,0,0,0,0,0.0020790812*J1^2*J2^3+-0.0019566159*J1^1*J2^4+-0.0010569424*J2^5+0.0057275155*J1^1*J2^3*(J2-J1)^1+0,0.0011802642*J1^2*J2^3+-0.0012883944*J1^1*J2^4+-0.0004313905*J2^5+0.0035813990*J1^1*J2^3*(J2-J1)^1+-0.0011741523*J2^4*(J2-J1)^1+0,0.0025433827*J1^2*J2^3+-0.0041623214*J1^1*J2^4+0.0010794180*J2^5+0.0005907600*J1^1*J2^3*(J2-J1)^1+0.0007521809*J2^4*(J2-J1)^1+0,0.0015032263*J1^2*J2^3+-0.0028486037*J1^1*J2^4+0.0010338850*J2^5+-0.0018349241*J1^1*J2^3*(J2-J1)^1+0.0020909241*J2^4*(J2-J1)^1+0,0,0,0,0,0,0,0,0,0,0,0,0,0,0,0,0,0,0,0,0,0,0,0,0,0,0,0,0,0,0,0,0,0,0,0,0,0,0,0,0},
{0,0,0,0,0,0,0,0,0,0,0,0,0,0,0,0,0,0,0,0,0,0,0,0,0,0,0,0,0,0,0,0,0,0,0,0,0,0,0,0,0,0,0,0,0,0,0,0,0,0,0,0,0,0,0,0,0,0,0,0,0.0016816673*J1^1*J2^4+-0.0007471902*J2^5+-0.0035186458*J2^4*(J2-J1)^1+0,0.0000200939*J1^2*J2^3+0.0011296527*J1^1*J2^4+-0.0006102260*J2^5+-0.0011319552*J1^1*J2^3*(J2-J1)^1+0,-0.0013430246*J1^2*J2^3+0.0033907164*J1^1*J2^4+-0.0015081712*J2^5+-0.0008057645*J1^1*J2^3*(J2-J1)^1+0.0007381151*J2^4*(J2-J1)^1+0,-0.0008101992*J1^2*J2^3+0.0024031174*J1^1*J2^4+-0.0012814257*J2^5+0.0011910572*J1^1*J2^3*(J2-J1)^1+-0.0007107672*J2^4*(J2-J1)^1+0,0,0,0,0,0.0023782368*J1^1*J2^4+-0.0010566865*J2^5+-0.0039260954*J2^4*(J2-J1)^1+0,0.0000284170*J1^2*J2^3+0.0015975702*J1^1*J2^4+-0.0008629899*J2^5+-0.0009945962*J1^1*J2^3*(J2-J1)^1+0,-0.0018993236*J1^2*J2^3+0.0047951972*J1^1*J2^4+-0.0021328761*J2^5+-0.0011546789*J1^1*J2^3*(J2-J1)^1+0.0016652383*J2^4*(J2-J1)^1+0,-0.0011457948*J1^2*J2^3+0.0033985212*J1^1*J2^4+-0.0018122097*J2^5+0.0020431665*J1^1*J2^3*(J2-J1)^1+-0.0010139268*J2^4*(J2-J1)^1+0,0,0,0,0,0,0,0,0,0,0,0,0,0,0,0,0,0,0,0,0,0,0,0,0},
{0,0,0,0,0,0,0,0,0,0,0,0,0,0,0,0,0,0,0,0,0,0,0,0,0,0,0,0,0,0,0,0,0,0,0,0,0,0,0,0,0,0,0,0,0,0,0,0,0,0,0,0,0,0,0,0,0,0,0,0,-0.0012003581*J1^2*J2^3+0.0011296527*J1^1*J2^4+0.0006102260*J2^5+-0.0041641214*J1^1*J2^3*(J2-J1)^1+0,-0.0006814259*J1^2*J2^3+0.0007438548*J1^1*J2^4+0.0002490634*J2^5+-0.0030576913*J1^1*J2^3*(J2-J1)^1+0.0011728819*J2^4*(J2-J1)^1+0,-0.0014684227*J1^2*J2^3+0.0024031174*J1^1*J2^4+-0.0006232023*J2^5+-0.0008484349*J1^1*J2^3*(J2-J1)^1+-0.0004218972*J2^4*(J2-J1)^1+0,-0.0008678881*J1^2*J2^3+0.0016446421*J1^1*J2^4+-0.0005969138*J2^5+0.0004664012*J1^1*J2^3*(J2-J1)^1+-0.0008999825*J2^4*(J2-J1)^1+0,0,0,0,0,-0.0016975627*J1^2*J2^3+0.0015975702*J1^1*J2^4+0.0008629899*J2^5+-0.0052827269*J1^1*J2^3*(J2-J1)^1+0,-0.0009636817*J1^2*J2^3+0.0010519696*J1^1*J2^4+0.0003522288*J2^5+-0.0036242142*J1^1*J2^3*(J2-J1)^1+0.0013086985*J2^4*(J2-J1)^1+0,-0.0020766633*J1^2*J2^3+0.0033985212*J1^1*J2^4+-0.0008813411*J2^5+-0.0008411108*J1^1*J2^3*(J2-J1)^1+-0.0006054029*J2^4*(J2-J1)^1+0,-0.0012273791*J1^2*J2^3+0.0023258752*J1^1*J2^4+-0.0008441636*J2^5+0.0010789001*J1^1*J2^3*(J2-J1)^1+-0.0014899999*J2^4*(J2-J1)^1+0,0,0,0,0,0,0,0,0,0,0,0,0,0,0,0,0,0,0,0,0,0,0,0,0},
{0,0,0,0,0,0,0,0,0,0,0,0,0,0,0,0,0,0,0,0,0,0,0,0,0,0,0,0,0,0,0,0,0,0,0,0,0,0,0,0,0,0,0,0,0,0,0,0,-0.0076904297*J1^2*J2^3+0.0018717448*J1^1*J2^4+-0.0040893555*J2^5+-0.0102539062*J1^1*J2^3*(J2-J1)^1+0,-0.0023609905*J1^2*J2^3+-0.0033594193*J2^5+-0.0020673349*J2^4*(J2-J1)^1+0,-0.0047219810*J1^1*J2^4+-0.0009984288*J2^5+0.0015974861*J2^4*(J2-J1)^1+0,-0.0036010742*J1^2*J2^3+-0.0021023220*J1^1*J2^4+0.0024007161*J2^5+0.0031467014*J1^1*J2^3*(J2-J1)^1+0,0,0,0,0,0,0,0,0,0,0,0,0,0,0,0,0,0,0,0,0,0,0,0,0,0,0,0,0,0,0,0,0,0,0,0,0,0,0,0,0,0,0,0,0},
{0,0,0,0,0,0,0,0,0,0,0,0,0,0,0,0,0,0,0,0,0,0,0,0,0,0,0,0,0,0,0,0,0,0,0,0,0,0,0,0,0,0,0,0,0,0,0,0,-0.0023609905*J1^2*J2^3+-0.0033594193*J2^5+-0.0134376772*J2^4*(J2-J1)^1+0,-0.0001627604*J1^2*J2^3+-0.0006239149*J1^1*J2^4+-0.0025160048*J2^5+0.0034179688*J1^1*J2^3*(J2-J1)^1+-0.0089518229*J2^4*(J2-J1)^1+0,0.0012003581*J1^2*J2^3+-0.0021023220*J1^1*J2^4+-0.0024007161*J2^5+-0.0034179687*J1^1*J2^3*(J2-J1)^1+0,-0.0013860541*J1^2*J2^3+-0.0008535587*J1^1*J2^4+0.0003328096*J2^5+-0.0001566163*J1^1*J2^3*(J2-J1)^1+-0.0005324954*J2^4*(J2-J1)^1+0,0,0,0,0,0,0,0,0,0,0,0,0,0,0,0,0,0,0,0,0,0,0,0,0,0,0,0,0,0,0,0,0,0,0,0,0,0,0,0,0,0,0,0,0},
{0,0,0,0,0,0,0,0,0,0,0,0,0,0,0,0,0,0,0,0,0,0,0,0,0,0,0,0,0,0,0,0,0,0,0,0,0,0,0,0,0,0,0,0,0,0,0,0,0,0,0,0,0,0,0,0,0.0044400717*J1^2*J2^3+-0.0010806524*J1^1*J2^4+0.0023609905*J2^5+0.0089271282*J1^1*J2^3*(J2-J1)^1+0,0.0013631185*J1^2*J2^3+0.0019395616*J2^5+0.0029296875*J2^4*(J2-J1)^1+0,0.0027262370*J1^1*J2^4+0.0005764431*J2^5+0.0008138021*J2^4*(J2-J1)^1+0,0.0020790812*J1^2*J2^3+0.0012137762*J1^1*J2^4+-0.0013860541*J2^5+-0.0008144047*J1^1*J2^3*(J2-J1)^1+0,0,0,0,0,0.0062792095*J1^2*J2^3+-0.0015282732*J1^1*J2^4+0.0033389448*J2^5+0.0104985726*J1^1*J2^3*(J2-J1)^1+0,0.0019277407*J1^2*J2^3+0.0027429544*J2^5+0.0029155879*J2^4*(J2-J1)^1+0,0.0038554813*J1^1*J2^4+0.0008152137*J2^5+-0.0000767260*J2^4*(J2-J1)^1+0,0.0029402648*J1^2*J2^3+0.0017165388*J1^1*J2^4+-0.0019601765*J2^5+-0.0018605065*J1^1*J2^3*(J2-J1)^1+0,0,0,0,0,0,0,0,0,0,0,0,0,0,0,0,0,0,0,0,0,0,0,0,0,0,0,0,0},
{0,0,0,0,0,0,0,0,0,0,0,0,0,0,0,0,0,0,0,0,0,0,0,0,0,0,0,0,0,0,0,0,0,0,0,0,0,0,0,0,0,0,0,0,0,0,0,0,0,0,0,0,0,0,0,0,0.0013631185*J1^2*J2^3+0.0019395616*J2^5+0.0094943576*J2^4*(J2-J1)^1+0,0.0000939698*J1^2*J2^3+0.0003602175*J1^1*J2^4+0.0014526160*J2^5+-0.0029757094*J1^1*J2^3*(J2-J1)^1+0.0071730258*J2^4*(J2-J1)^1+0,-0.0006930271*J1^2*J2^3+0.0012137762*J1^1*J2^4+0.0013860541*J2^5+0.0029757094*J1^1*J2^3*(J2-J1)^1+0,0.0008002387*J1^2*J2^3+0.0004928024*J1^1*J2^4+-0.0001921477*J2^5+0.0012478299*J1^1*J2^3*(J2-J1)^1+-0.0002712674*J2^4*(J2-J1)^1+0,0,0,0,0,0.0019277407*J1^2*J2^3+0.0027429544*J2^5+0.0121994334*J2^4*(J2-J1)^1+0,0.0001328933*J1^2*J2^3+0.0005094244*J1^1*J2^4+0.0020543093*J2^5+-0.0034995242*J1^1*J2^3*(J2-J1)^1+0.0087266616*J2^4*(J2-J1)^1+0,-0.0009800883*J1^2*J2^3+0.0017165388*J1^1*J2^4+0.0019601765*J2^5+0.0034995242*J1^1*J2^3*(J2-J1)^1+0,0.0011317084*J1^2*J2^3+0.0006969278*J1^1*J2^4+-0.0002717379*J2^5+0.0009462873*J1^1*J2^3*(J2-J1)^1+0.0000255753*J2^4*(J2-J1)^1+0,0,0,0,0,0,0,0,0,0,0,0,0,0,0,0,0,0,0,0,0,0,0,0,0,0,0,0,0},
{0,0,0,0,0,0,0,0,0,0,0,0,0,0,0,0,0,0,0,0,0,0,0,0,0,0,0,0,0,0,0,0,0,0,0,0,0,0,0,0,0,0,0,0,0,0,0,0,0,0,0,0,-0.0076904297*J1^2*J2^3+0.0018717448*J1^1*J2^4+-0.0040893555*J2^5+0.0040690104*J1^1*J2^3*(J2-J1)^1+0,-0.0023609905*J1^2*J2^3+-0.0033594193*J2^5+0.0062020048*J2^4*(J2-J1)^1+0,-0.0047219810*J1^1*J2^4+-0.0009984288*J2^5+0.0098668259*J2^4*(J2-J1)^1+0,-0.0036010742*J1^2*J2^3+-0.0021023220*J1^1*J2^4+0.0024007161*J2^5+0.0079210069*J1^1*J2^3*(J2-J1)^1+0,0,0,0,0,0,0,0,0,0,0,0,0,0,0,0,0,0,0,0,0,0,0,0,0,0,0,0,0,0,0,0,0,0,0,0,0,0,0,0,0},
{0,0,0,0,0,0,0,0,0,0,0,0,0,0,0,0,0,0,0,0,0,0,0,0,0,0,0,0,0,0,0,0,0,0,0,0,0,0,0,0,0,0,0,0,0,0,0,0,0,0,0,0,-0.0023609905*J1^2*J2^3+-0.0033594193*J2^5+-0.0051683374*J2^4*(J2-J1)^1+0,-0.0001627604*J1^2*J2^3+-0.0006239149*J1^1*J2^4+-0.0025160048*J2^5+-0.0013563368*J1^1*J2^3*(J2-J1)^1+0.0005967882*J2^4*(J2-J1)^1+0,0.0012003581*J1^2*J2^3+-0.0021023220*J1^1*J2^4+-0.0024007161*J2^5+0.0013563368*J1^1*J2^3*(J2-J1)^1+0,-0.0013860541*J1^2*J2^3+-0.0008535587*J1^1*J2^4+0.0003328096*J2^5+0.0053562769*J1^1*J2^3*(J2-J1)^1+-0.0032889420*J2^4*(J2-J1)^1+0,0,0,0,0,0,0,0,0,0,0,0,0,0,0,0,0,0,0,0,0,0,0,0,0,0,0,0,0,0,0,0,0,0,0,0,0,0,0,0,0},
{0,0,0,0,0,0,0,0,0,0,0,0,0,0,0,0,0,0,0,0,0,0,0,0,0,0,0,0,0,0,0,0,0,0,0,0,0,0,0,0,0,0,0,0,0,0,0,0,0,0,0,0,0,0,0,0,0,0,0,0,0.0044400717*J1^2*J2^3+-0.0010806524*J1^1*J2^4+0.0023609905*J2^5+0.0006577884*J1^1*J2^3*(J2-J1)^1+0,0.0013631185*J1^2*J2^3+0.0019395616*J2^5+-0.0018446181*J2^4*(J2-J1)^1+0,0.0027262370*J1^1*J2^4+0.0005764431*J2^5+-0.0039605035*J2^4*(J2-J1)^1+0,0.0020790812*J1^2*J2^3+0.0012137762*J1^1*J2^4+-0.0013860541*J2^5+-0.0035708513*J1^1*J2^3*(J2-J1)^1+0,0,0,0,0,0.0062792095*J1^2*J2^3+-0.0015282732*J1^1*J2^4+0.0033389448*J2^5+-0.0011960399*J1^1*J2^3*(J2-J1)^1+0,0.0019277407*J1^2*J2^3+0.0027429544*J2^5+-0.0038362998*J2^4*(J2-J1)^1+0,0.0038554813*J1^1*J2^4+0.0008152137*J2^5+-0.0068286137*J2^4*(J2-J1)^1+0,0.0029402648*J1^2*J2^3+0.0017165388*J1^1*J2^4+-0.0019601765*J2^5+-0.0057587107*J1^1*J2^3*(J2-J1)^1+0,0,0,0,0,0,0,0,0,0,0,0,0,0,0,0,0,0,0,0,0,0,0,0,0},
{0,0,0,0,0,0,0,0,0,0,0,0,0,0,0,0,0,0,0,0,0,0,0,0,0,0,0,0,0,0,0,0,0,0,0,0,0,0,0,0,0,0,0,0,0,0,0,0,0,0,0,0,0,0,0,0,0,0,0,0,0.0013631185*J1^2*J2^3+0.0019395616*J2^5+0.0047200521*J2^4*(J2-J1)^1+0,0.0000939698*J1^2*J2^3+0.0003602175*J1^1*J2^4+0.0014526160*J2^5+-0.0002192628*J1^1*J2^3*(J2-J1)^1+0.0016601326*J2^4*(J2-J1)^1+0,-0.0006930271*J1^2*J2^3+0.0012137762*J1^1*J2^4+0.0013860541*J2^5+0.0002192628*J1^1*J2^3*(J2-J1)^1+0,0.0008002387*J1^2*J2^3+0.0004928024*J1^1*J2^4+-0.0001921477*J2^5+-0.0019350405*J1^1*J2^3*(J2-J1)^1+0.0013201678*J2^4*(J2-J1)^1+0,0,0,0,0,0.0019277407*J1^2*J2^3+0.0027429544*J2^5+0.0054475457*J2^4*(J2-J1)^1+0,0.0001328933*J1^2*J2^3+0.0005094244*J1^1*J2^4+0.0020543093*J2^5+0.0003986800*J1^1*J2^3*(J2-J1)^1+0.0009302533*J2^4*(J2-J1)^1+0,-0.0009800883*J1^2*J2^3+0.0017165388*J1^1*J2^4+0.0019601765*J2^5+-0.0003986800*J1^1*J2^3*(J2-J1)^1+0,0.0011317084*J1^2*J2^3+0.0006969278*J1^1*J2^4+-0.0002717379*J2^5+-0.0035549712*J1^1*J2^3*(J2-J1)^1+0.0022762046*J2^4*(J2-J1)^1+0,0,0,0,0,0,0,0,0,0,0,0,0,0,0,0,0,0,0,0,0,0,0,0,0},
{0,0,0,0,0,0,0,0,0,0,0,0,0,0,0,0,0,0,0,0,0,0,0,0,0,0,0,0,0,0,0,0,0,0,0,0,0,0,0,0,0,0,0,0,0,0,0,0,0.0078428354*J1^1*J2^4+0.0003077032*J2^5+0.0091644940*J2^4*(J2-J1)^1+0,-0.0014455225*J1^2*J2^3+0.0039583445*J1^1*J2^4+0.0021928937*J2^5+0.0036685120*J1^1*J2^3*(J2-J1)^1+0,0.0018934222*J1^2*J2^3+-0.0017609904*J1^1*J2^4+0.0045732838*J2^5+0.0037407010*J1^1*J2^3*(J2-J1)^1+-0.0013601057*J2^4*(J2-J1)^1+0,0.0035968863*J1^2*J2^3+-0.0017946246*J1^1*J2^4+0.0009145845*J2^5+-0.0029942083*J1^1*J2^3*(J2-J1)^1+0.0034318307*J2^4*(J2-J1)^1+0,0,0,0,0,0,0,0,0,0,0,0,0,0,0,0,0,0,0,0,0,0,0,0,0,0,0,0,0,0,0,0,0,0,0,0,0,0,0,0,0,0,0,0,0},
{0,0,0,0,0,0,0,0,0,0,0,0,0,0,0,0,0,0,0,0,0,0,0,0,0,0,0,0,0,0,0,0,0,0,0,0,0,0,0,0,0,0,0,0,0,0,0,0,0.0029402648*J1^2*J2^3+0.0039583445*J1^1*J2^4+-0.0021928937*J2^5+0.0079949280*J1^1*J2^3*(J2-J1)^1+0,0.0008629899*J1^2*J2^3+0.0019564241*J1^1*J2^4+-0.0001025677*J2^5+0.0067338902*J1^1*J2^3*(J2-J1)^1+-0.0030548313*J2^4*(J2-J1)^1+0,0.0027907305*J1^2*J2^3+-0.0017946246*J1^1*J2^4+0.0017207403*J2^5+0.0037917798*J1^1*J2^3*(J2-J1)^1+-0.0008563000*J2^4*(J2-J1)^1+0,0.0030567515*J1^2*J2^3+-0.0014852572*J1^1*J2^4+-0.0000029224*J2^5+-0.0007864222*J1^1*J2^3*(J2-J1)^1+0.0019403519*J2^4*(J2-J1)^1+0,0,0,0,0,0,0,0,0,0,0,0,0,0,0,0,0,0,0,0,0,0,0,0,0,0,0,0,0,0,0,0,0,0,0,0,0,0,0,0,0,0,0,0,0},
{0,0,0,0,0,0,0,0,0,0,0,0,0,0,0,0,0,0,0,0,0,0,0,0,0,0,0,0,0,0,0,0,0,0,0,0,0,0,0,0,0,0,0,0,0,0,0,0,0,0,0,0,0,0,0,0,-0.0045280631*J1^1*J2^4+-0.0001776525*J2^5+-0.0063673949*J2^4*(J2-J1)^1+0,0.0008345728*J1^2*J2^3+-0.0022853513*J1^1*J2^4+-0.0012660677*J2^5+-0.0027394022*J1^1*J2^3*(J2-J1)^1+0,-0.0010931678*J1^2*J2^3+0.0010167083*J1^1*J2^4+-0.0026403866*J2^5+-0.0009472345*J1^1*J2^3*(J2-J1)^1+-0.0010485886*J2^4*(J2-J1)^1+0,-0.0020766633*J1^2*J2^3+0.0010361270*J1^1*J2^4+-0.0005280356*J2^5+0.0006699355*J1^1*J2^3*(J2-J1)^1+-0.0012813541*J2^4*(J2-J1)^1+0,0,0,0,0,-0.0064036483*J1^1*J2^4+-0.0002512386*J2^5+-0.0082438171*J2^4*(J2-J1)^1+0,0.0011802642*J1^2*J2^3+-0.0032319748*J1^1*J2^4+-0.0017904902*J2^5+-0.0034347136*J1^1*J2^3*(J2-J1)^1+0,-0.0015459728*J1^2*J2^3+0.0014378426*J1^1*J2^4+-0.0037340706*J2^5+-0.0021969307*J1^1*J2^3*(J2-J1)^1+-0.0001862033*J2^4*(J2-J1)^1+0,-0.0029368454*J1^2*J2^3+0.0014653049*J1^1*J2^4+-0.0007467551*J2^5+0.0016960963*J1^1*J2^3*(J2-J1)^1+-0.0023070932*J2^4*(J2-J1)^1+0,0,0,0,0,0,0,0,0,0,0,0,0,0,0,0,0,0,0,0,0,0,0,0,0,0,0,0,0},
{0,0,0,0,0,0,0,0,0,0,0,0,0,0,0,0,0,0,0,0,0,0,0,0,0,0,0,0,0,0,0,0,0,0,0,0,0,0,0,0,0,0,0,0,0,0,0,0,0,0,0,0,0,0,0,0,-0.0016975627*J1^2*J2^3+-0.0022853513*J1^1*J2^4+0.0012660677*J2^5+-0.0052372597*J1^1*J2^3*(J2-J1)^1+0,-0.0004982474*J1^2*J2^3+-0.0011295420*J1^1*J2^4+0.0000592175*J2^5+-0.0046053279*J1^1*J2^3*(J2-J1)^1+0.0021224650*J2^4*(J2-J1)^1+0,-0.0016112290*J1^2*J2^3+0.0010361270*J1^1*J2^4+-0.0009934699*J2^5+-0.0032479566*J1^1*J2^3*(J2-J1)^1+0.0011943993*J2^4*(J2-J1)^1+0,-0.0017648163*J1^2*J2^3+0.0008575137*J1^1*J2^4+0.0000016873*J2^5+-0.0011726763*J1^1*J2^3*(J2-J1)^1+0.0002993261*J2^4*(J2-J1)^1+0,0,0,0,0,-0.0024007161*J1^2*J2^3+-0.0032319748*J1^1*J2^4+0.0017904902*J2^5+-0.0069672175*J1^1*J2^3*(J2-J1)^1+0,-0.0007046283*J1^2*J2^3+-0.0015974136*J1^1*J2^4+0.0000837462*J2^5+-0.0060055578*J1^1*J2^3*(J2-J1)^1+0.0027479390*J2^4*(J2-J1)^1+0,-0.0022786219*J1^2*J2^3+0.0014653049*J1^1*J2^4+-0.0014049786*J2^5+-0.0038446397*J1^1*J2^3*(J2-J1)^1+0.0011941508*J2^4*(J2-J1)^1+0,-0.0024958272*J1^2*J2^3+0.0012127074*J1^1*J2^4+0.0000023861*J2^5+-0.0005081519*J1^1*J2^3*(J2-J1)^1+-0.0005804898*J2^4*(J2-J1)^1+0,0,0,0,0,0,0,0,0,0,0,0,0,0,0,0,0,0,0,0,0,0,0,0,0,0,0,0,0},
{0,0,0,0,0,0,0,0,0,0,0,0,0,0,0,0,0,0,0,0,0,0,0,0,0,0,0,0,0,0,0,0,0,0,0,0,0,0,0,0,0,0,0,0,0,0,0,0,0,0,0,0,0.0078428354*J1^1*J2^4+0.0003077032*J2^5+0.0038391415*J2^4*(J2-J1)^1+0,-0.0014455225*J1^2*J2^3+0.0039583445*J1^1*J2^4+0.0021928937*J2^5+0.0005939183*J1^1*J2^3*(J2-J1)^1+0,0.0018934222*J1^2*J2^3+-0.0017609904*J1^1*J2^4+0.0045732838*J2^5+0.0092861261*J1^1*J2^3*(J2-J1)^1+-0.0099801245*J2^4*(J2-J1)^1+0,0.0035968863*J1^2*J2^3+-0.0017946246*J1^1*J2^4+0.0009145845*J2^5+-0.0079709785*J1^1*J2^3*(J2-J1)^1+0.0066334834*J2^4*(J2-J1)^1+0,0,0,0,0,0,0,0,0,0,0,0,0,0,0,0,0,0,0,0,0,0,0,0,0,0,0,0,0,0,0,0,0,0,0,0,0,0,0,0,0},
{0,0,0,0,0,0,0,0,0,0,0,0,0,0,0,0,0,0,0,0,0,0,0,0,0,0,0,0,0,0,0,0,0,0,0,0,0,0,0,0,0,0,0,0,0,0,0,0,0,0,0,0,0.0029402648*J1^2*J2^3+0.0039583445*J1^1*J2^4+-0.0021928937*J2^5+0.0049203343*J1^1*J2^3*(J2-J1)^1+0,0.0008629899*J1^2*J2^3+0.0019564241*J1^1*J2^4+-0.0001025677*J2^5+0.0031836552*J1^1*J2^3*(J2-J1)^1+-0.0012797138*J2^4*(J2-J1)^1+0,0.0027907305*J1^2*J2^3+-0.0017946246*J1^1*J2^4+0.0017207403*J2^5+-0.0011849904*J1^1*J2^3*(J2-J1)^1+0.0023453527*J2^4*(J2-J1)^1+0,0.0030567515*J1^2*J2^3+-0.0014852572*J1^1*J2^4+-0.0000029224*J2^5+-0.0083815765*J1^1*J2^3*(J2-J1)^1+0.0085106416*J2^4*(J2-J1)^1+0,0,0,0,0,0,0,0,0,0,0,0,0,0,0,0,0,0,0,0,0,0,0,0,0,0,0,0,0,0,0,0,0,0,0,0,0,0,0,0,0},
{0,0,0,0,0,0,0,0,0,0,0,0,0,0,0,0,0,0,0,0,0,0,0,0,0,0,0,0,0,0,0,0,0,0,0,0,0,0,0,0,0,0,0,0,0,0,0,0,0,0,0,0,0,0,0,0,0,0,0,0,-0.0045280631*J1^1*J2^4+-0.0001776525*J2^5+-0.0032928012*J2^4*(J2-J1)^1+0,0.0008345728*J1^2*J2^3+-0.0022853513*J1^1*J2^4+-0.0012660677*J2^5+-0.0009642847*J1^1*J2^3*(J2-J1)^1+0,-0.0010931678*J1^2*J2^3+0.0010167083*J1^1*J2^4+-0.0026403866*J2^5+-0.0041488872*J1^1*J2^3*(J2-J1)^1+0.0039281816*J2^4*(J2-J1)^1+0,-0.0020766633*J1^2*J2^3+0.0010361270*J1^1*J2^4+-0.0005280356*J2^5+0.0035432751*J1^1*J2^3*(J2-J1)^1+-0.0031298292*J2^4*(J2-J1)^1+0,0,0,0,0,-0.0064036483*J1^1*J2^4+-0.0002512386*J2^5+-0.0038956850*J2^4*(J2-J1)^1+0,0.0011802642*J1^2*J2^3+-0.0032319748*J1^1*J2^4+-0.0017904902*J2^5+-0.0009243184*J1^1*J2^3*(J2-J1)^1+0,-0.0015459728*J1^2*J2^3+0.0014378426*J1^1*J2^4+-0.0037340706*J2^5+-0.0067247514*J1^1*J2^3*(J2-J1)^1+0.0068520126*J2^4*(J2-J1)^1+0,-0.0029368454*J1^2*J2^3+0.0014653049*J1^1*J2^4+-0.0007467551*J2^5+0.0057596122*J1^1*J2^3*(J2-J1)^1+-0.0049212317*J2^4*(J2-J1)^1+0,0,0,0,0,0,0,0,0,0,0,0,0,0,0,0,0,0,0,0,0,0,0,0,0},
{0,0,0,0,0,0,0,0,0,0,0,0,0,0,0,0,0,0,0,0,0,0,0,0,0,0,0,0,0,0,0,0,0,0,0,0,0,0,0,0,0,0,0,0,0,0,0,0,0,0,0,0,0,0,0,0,0,0,0,0,-0.0016975627*J1^2*J2^3+-0.0022853513*J1^1*J2^4+0.0012660677*J2^5+-0.0034621422*J1^1*J2^3*(J2-J1)^1+0,-0.0004982474*J1^2*J2^3+-0.0011295420*J1^1*J2^4+0.0000592175*J2^5+-0.0025555988*J1^1*J2^3*(J2-J1)^1+0.0010976004*J2^4*(J2-J1)^1+0,-0.0016112290*J1^2*J2^3+0.0010361270*J1^1*J2^4+-0.0009934699*J2^5+-0.0003746170*J1^1*J2^3*(J2-J1)^1+-0.0006540758*J2^4*(J2-J1)^1+0,-0.0017648163*J1^2*J2^3+0.0008575137*J1^1*J2^4+0.0000016873*J2^5+0.0032123880*J1^1*J2^3*(J2-J1)^1+-0.0034940324*J2^4*(J2-J1)^1+0,0,0,0,0,-0.0024007161*J1^2*J2^3+-0.0032319748*J1^1*J2^4+0.0017904902*J2^5+-0.0044568223*J1^1*J2^3*(J2-J1)^1+0,-0.0007046283*J1^2*J2^3+-0.0015974136*J1^1*J2^4+0.0000837462*J2^5+-0.0031068030*J1^1*J2^3*(J2-J1)^1+0.0012985617*J2^4*(J2-J1)^1+0,-0.0022786219*J1^2*J2^3+0.0014653049*J1^1*J2^4+-0.0014049786*J2^5+0.0002188761*J1^1*J2^3*(J2-J1)^1+-0.0014199876*J2^4*(J2-J1)^1+0,-0.0024958272*J1^2*J2^3+0.0012127074*J1^1*J2^4+0.0000023861*J2^5+0.0056932656*J1^1*J2^3*(J2-J1)^1+-0.0059451089*J2^4*(J2-J1)^1+0,0,0,0,0,0,0,0,0,0,0,0,0,0,0,0,0,0,0,0,0,0,0,0,0},
{-0.0019353922*J1^2*J2^3+-0.0011097849*J2^5+0,-0.0002560386*J1^2*J2^3+-0.0007693920*J1^1*J2^4+-0.0007327032*J2^5+0,0,0,0,0,0,0,-0.0049544974*J1^1*J2^4+0,-0.0001237559*J1^2*J2^3+-0.0016596396*J1^1*J2^4+-0.0010770850*J2^5+0,0,0,0,0,0,0,-0.0002085100*J1^2*J2^3+-0.0046558116*J1^1*J2^4+-0.0007923025*J2^5+0,-0.0012503047*J1^2*J2^3+-0.0017764023*J1^1*J2^4+-0.0002391465*J2^5+0,0,0,0,0,0,0,0.0017157661*J1^1*J2^4+-0.0001876266*J2^5+0.0011031539*J2^4*(J2-J1)^1+0,-0.0016131477*J1^2*J2^3+0.0016718788*J1^1*J2^4+0.0008235406*J2^5+0.0013573411*J1^1*J2^3*(J2-J1)^1+0,0,0,0,0,0,0,0.0051133898*J1^2*J2^3+-0.0028076172*J1^1*J2^4+0.0023193359*J2^5+0.0014648438*J1^1*J2^3*(J2-J1)^1+0,0.0013390692*J1^2*J2^3+0.0013312384*J2^5+-0.0005638186*J2^4*(J2-J1)^1+0,0,0,0,0,0,0,-0.0044932662*J1^1*J2^4+0.0001422628*J2^5+0.0012020406*J2^4*(J2-J1)^1+0,-0.0022813354*J1^2*J2^3+-0.0019297218*J1^1*J2^4+0.0016990042*J2^5+0.0011812740*J1^1*J2^3*(J2-J1)^1+0,0,0,0,0,0,0,0,0,0,0,0,0,0,0,0,0,0,0,0,0,0,0,0,0,0,0,0,0,0,0,0,0,0,0,0,0,0,0,0.0040011936*J1^2*J2^3+0.0012207031*J1^1*J2^4+0.0017055935*J2^5+-0.0205078125*J1^1*J2^3*(J2-J1)^1+0,0.0009847249*J1^2*J2^3+0.0030148635*J2^5+-0.0022552745*J2^4*(J2-J1)^1+0,0.0019694498*J1^1*J2^4+0.0020301386*J2^5+-0.0016914559*J2^4*(J2-J1)^1+0,0.0022956000*J1^2*J2^3+0.0015439634*J1^1*J2^4+-0.0015304000*J2^5+0.0045572917*J1^1*J2^3*(J2-J1)^1+0,0,0,0,0,0,0,0,0,0,0,0,0},
{-0.0001702477*J1^2*J2^3+-0.0009409738*J1^1*J2^4+-0.0006469123*J2^5+0,0.0001513906*J1^2*J2^3+-0.0004922330*J1^1*J2^4+-0.0006742166*J2^5+0,0,0,0,0,0,0,-0.0000061776*J1^2*J2^3+-0.0038014543*J1^1*J2^4+0.0009471515*J2^5+0,-0.0003226407*J1^2*J2^3+-0.0010062177*J1^1*J2^4+-0.0003226407*J2^5+0,0,0,0,0,0,0,-0.0007857523*J1^2*J2^3+-0.0013572961*J1^1*J2^4+-0.0011228050*J2^5+0,-0.0007558221*J1^2*J2^3+-0.0009576896*J1^1*J2^4+-0.0001720296*J2^5+0,0,0,0,0,0,0,0.0000339335*J1^2*J2^3+0.0016718788*J1^1*J2^4+-0.0008235406*J2^5+0.0002297039*J1^1*J2^3*(J2-J1)^1+0,-0.0009117597*J1^2*J2^3+0.0013585974*J1^1*J2^4+0.0000625422*J2^5+0.0009162809*J1^1*J2^3*(J2-J1)^1+-0.0003677180*J2^4*(J2-J1)^1+0,0,0,0,0,0,0,0.0013390692*J1^2*J2^3+0.0013312384*J2^5+0.0016914559*J2^4*(J2-J1)^1+0,-0.0001582393*J1^2*J2^3+0.0009358724*J1^1*J2^4+0.0007640697*J2^5+-0.0004882813*J1^1*J2^3*(J2-J1)^1+0.0006510417*J2^4*(J2-J1)^1+0,0,0,0,0,0,0,0.0011166731*J1^2*J2^3+-0.0019297218*J1^1*J2^4+-0.0016990042*J2^5+0.0003839140*J1^1*J2^3*(J2-J1)^1+0,-0.0006724181*J1^2*J2^3+-0.0007304954*J1^1*J2^4+-0.0000474209*J2^5+0.0009036617*J1^1*J2^3*(J2-J1)^1+-0.0004006802*J2^4*(J2-J1)^1+0,0,0,0,0,0,0,0,0,0,0,0,0,0,0,0,0,0,0,0,0,0,0,0,0,0,0,0,0,0,0,0,0,0,0,0,0,0,0,0.0009847249*J1^2*J2^3+0.0030148635*J2^5+-0.0169145587*J2^4*(J2-J1)^1+0,-0.0001966688*J1^2*J2^3+-0.0004069010*J1^1*J2^4+0.0029127333*J2^5+0.0068359375*J1^1*J2^3*(J2-J1)^1+-0.0110677083*J2^4*(J2-J1)^1+0,-0.0007652000*J1^2*J2^3+0.0015439634*J1^1*J2^4+0.0015304000*J2^5+-0.0039062500*J1^1*J2^3*(J2-J1)^1+0,0.0008835769*J1^2*J2^3+0.0011263321*J1^1*J2^4+-0.0006767129*J2^5+0.0003758791*J1^1*J2^3*(J2-J1)^1+0.0005638186*J2^4*(J2-J1)^1+0,0,0,0,0,0,0,0,0,0,0,0,0},
{-0.0002560386*J1^2*J2^3+-0.0007693920*J1^1*J2^4+-0.0007327032*J2^5+0,-0.0005389346*J1^2*J2^3+0.0008884174*J1^1*J2^4+-0.0013645418*J2^5+0,0,0,0,0,0,0,-0.0010770850*J1^2*J2^3+-0.0016596396*J1^1*J2^4+-0.0001237559*J2^5+0,0.0006933058*J1^2*J2^3+-0.0030381107*J1^1*J2^4+0.0006933058*J2^5+0,0,0,0,0,0,0,-0.0005761992*J1^2*J2^3+-0.0017764023*J1^1*J2^4+-0.0009132519*J2^5+0,0.0000676325*J1^2*J2^3+-0.0026045989*J1^1*J2^4+0.0006514250*J2^5+0,0,0,0,0,0,0,-0.0013051357*J1^2*J2^3+0.0034103196*J1^1*J2^4+-0.0012229122*J2^5+0.0010858729*J1^1*J2^3*(J2-J1)^1+0.0015243985*J2^4*(J2-J1)^1+0,-0.0016848717*J1^2*J2^3+0.0026606807*J1^1*J2^4+-0.0004664292*J2^5+0.0012779707*J1^1*J2^3*(J2-J1)^1+0.0006450135*J2^4*(J2-J1)^1+0,0,0,0,0,0,0,0.0026781385*J1^1*J2^4+-0.0000078308*J2^5+-0.0011276372*J2^4*(J2-J1)^1+0,-0.0009313513*J1^2*J2^3+0.0006103516*J1^1*J2^4+0.0018627025*J2^5+-0.0014648437*J1^1*J2^3*(J2-J1)^1+0,0,0,0,0,0,0,-0.0007770568*J1^2*J2^3+0.0002297947*J1^1*J2^4+-0.0019647909*J2^5+0.0021189102*J1^1*J2^3*(J2-J1)^1+-0.0014249117*J2^4*(J2-J1)^1+0,-0.0017657636*J1^2*J2^3+0.0016288290*J1^1*J2^4+-0.0013133999*J2^5+0.0000468881*J1^1*J2^3*(J2-J1)^1+0.0006351207*J2^4*(J2-J1)^1+0,0,0,0,0,0,0,0,0,0,0,0,0,0,0,0,0,0,0,0,0,0,0,0,0,0,0,0,0,0,0,0,0,0,0,0,0,0,0,0.0019694498*J1^1*J2^4+0.0020301386*J2^5+-0.0146592842*J2^4*(J2-J1)^1+0,-0.0007652000*J1^2*J2^3+0.0015439634*J1^1*J2^4+0.0015304000*J2^5+-0.0029296875*J1^1*J2^3*(J2-J1)^1+0,0.0009403935*J1^2*J2^3+-0.0026810258*J1^1*J2^4+0.0040497956*J2^5+0.0009765625*J1^1*J2^3*(J2-J1)^1+-0.0035807292*J2^4*(J2-J1)^1+0,0.0018683018*J1^2*J2^3+-0.0008431177*J1^1*J2^4+0.0003080120*J2^5+0.0043226094*J1^1*J2^3*(J2-J1)^1+-0.0026311536*J2^4*(J2-J1)^1+0,0,0,0,0,0,0,0,0,0,0,0,0},
{-0.0009494190*J1^2*J2^3+-0.0004922330*J1^1*J2^4+0.0004265930*J2^5+0,-0.0003450585*J1^2*J2^3+-0.0003725921*J1^1*J2^4+0.0001316060*J2^5+0,0,0,0,0,0,0,0.0002277641*J1^2*J2^3+-0.0010062177*J1^1*J2^4+-0.0008730455*J2^5+0,0.0013197049*J1^2*J2^3+-0.0026395741*J1^1*J2^4+0.0003663758*J2^5+0,0,0,0,0,0,0,-0.0003666271*J1^2*J2^3+-0.0009576896*J1^1*J2^4+-0.0005612246*J2^5+0,-0.0005871096*J1^2*J2^3+-0.0002514514*J1^1*J2^4+-0.0002500568*J2^5+0,0,0,0,0,0,0,-0.0008122950*J1^2*J2^3+0.0026606807*J1^1*J2^4+-0.0013390058*J2^5+0.0006269290*J1^1*J2^3*(J2-J1)^1+0.0006450135*J2^4*(J2-J1)^1+0,-0.0010066947*J1^2*J2^3+0.0019355162*J1^1*J2^4+-0.0006347310*J2^5+0.0007378367*J1^1*J2^3*(J2-J1)^1+0.0002366646*J2^4*(J2-J1)^1+0,0,0,0,0,0,0,0.0027940538*J1^2*J2^3+0.0006103516*J1^1*J2^4+-0.0018627025*J2^5+-0.0001627604*J1^1*J2^3*(J2-J1)^1+0,0.0010754318*J1^2*J2^3+-0.0001879395*J1^1*J2^4+0.0000026103*J2^5+-0.0009396977*J1^1*J2^3*(J2-J1)^1+0.0003758791*J2^4*(J2-J1)^1+0,0,0,0,0,0,0,-0.0023827684*J1^2*J2^3+0.0016288290*J1^1*J2^4+-0.0006963950*J2^5+-0.0013341798*J1^1*J2^3*(J2-J1)^1+0.0015558327*J2^4*(J2-J1)^1+0,-0.0021361371*J1^2*J2^3+0.0018042114*J1^1*J2^4+-0.0005054253*J2^5+-0.0014495216*J1^1*J2^3*(J2-J1)^1+0.0017399181*J2^4*(J2-J1)^1+0,0,0,0,0,0,0,0,0,0,0,0,0,0,0,0,0,0,0,0,0,0,0,0,0,0,0,0,0,0,0,0,0,0,0,0,0,0,0,0.0022956000*J1^2*J2^3+0.0015439634*J1^1*J2^4+-0.0015304000*J2^5+-0.0113932292*J1^1*J2^3*(J2-J1)^1+0,0.0008835769*J1^2*J2^3+0.0011263321*J1^1*J2^4+-0.0006767129*J2^5+-0.0082693398*J1^1*J2^3*(J2-J1)^1+0.0048864281*J2^4*(J2-J1)^1+0,0.0018683018*J1^2*J2^3+-0.0008431177*J1^1*J2^4+0.0003080120*J2^5+-0.0054502467*J1^1*J2^3*(J2-J1)^1+0.0022552745*J2^4*(J2-J1)^1+0,0.0018438645*J1^2*J2^3+-0.0000798732*J1^1*J2^4+-0.0009942702*J2^5+-0.0009765625*J1^1*J2^3*(J2-J1)^1+0.0009765625*J2^4*(J2-J1)^1+0,0,0,0,0,0,0,0,0,0,0,0,0},
{0,0,0,0,-0.0019353922*J1^2*J2^3+-0.0011097849*J2^5+0,-0.0002560386*J1^2*J2^3+-0.0007693920*J1^1*J2^4+-0.0007327032*J2^5+0,0,0,0,0,0,0,-0.0049544974*J1^1*J2^4+0,-0.0001237559*J1^2*J2^3+-0.0016596396*J1^1*J2^4+-0.0010770850*J2^5+0,0,0,0,0,0,0,-0.0002085100*J1^2*J2^3+-0.0046558116*J1^1*J2^4+-0.0007923025*J2^5+0,-0.0012503047*J1^2*J2^3+-0.0017764023*J1^1*J2^4+-0.0002391465*J2^5+0,0,0,0,0,0,0,0.0017157661*J1^1*J2^4+-0.0001876266*J2^5+0.0002953800*J2^4*(J2-J1)^1+0,-0.0016131477*J1^2*J2^3+0.0016718788*J1^1*J2^4+0.0008235406*J2^5+0.0008909726*J1^1*J2^3*(J2-J1)^1+0,0,0,0,0,0,0,0.0051133898*J1^2*J2^3+-0.0028076172*J1^1*J2^4+0.0023193359*J2^5+0.0043945312*J1^1*J2^3*(J2-J1)^1+0,0.0013390692*J1^2*J2^3+0.0013312384*J2^5+0.0011276372*J2^4*(J2-J1)^1+0,0,0,0,0,0,0,-0.0044932662*J1^1*J2^4+0.0001422628*J2^5+-0.0002983789*J2^4*(J2-J1)^1+0,-0.0022813354*J1^2*J2^3+-0.0019297218*J1^1*J2^4+0.0016990042*J2^5+0.0003150064*J1^1*J2^3*(J2-J1)^1+0,0,0,0,0,0,0,0,0,0,0,0,0,0,0,0,0,0,0,0,0,0,0,0,0,0,0,-0.0023100902*J1^2*J2^3+-0.0007047733*J1^1*J2^4+-0.0009847249*J2^5+0.0169145587*J1^1*J2^3*(J2-J1)^1+0,-0.0005685312*J1^2*J2^3+-0.0017406322*J2^5+0.0042317708*J2^4*(J2-J1)^1+0,-0.0011370624*J1^1*J2^4+-0.0011721011*J2^5+0.0039062500*J2^4*(J2-J1)^1+0,-0.0013253653*J1^2*J2^3+-0.0008914077*J1^1*J2^4+0.0008835769*J2^5+-0.0009396977*J1^1*J2^3*(J2-J1)^1+0,0,0,0,0,0,0,0,0,0,0,0,0,0.0032669609*J1^2*J2^3+0.0009966999*J1^1*J2^4+0.0013926113*J2^5+-0.0131564390*J1^1*J2^3*(J2-J1)^1+0,0.0008040245*J1^2*J2^3+0.0024616257*J2^5+0.0002301780*J2^4*(J2-J1)^1+0,0.0016080490*J1^1*J2^4+0.0016576012*J2^5+0.0006905340*J2^4*(J2-J1)^1+0,0.0018743496*J1^2*J2^3+0.0012606408*J1^1*J2^4+-0.0012495664*J2^5+0.0049170530*J1^1*J2^3*(J2-J1)^1+0,0,0,0,0},
{0,0,0,0,-0.0001702477*J1^2*J2^3+-0.0009409738*J1^1*J2^4+-0.0006469123*J2^5+0,0.0001513906*J1^2*J2^3+-0.0004922330*J1^1*J2^4+-0.0006742166*J2^5+0,0,0,0,0,0,0,-0.0000061776*J1^2*J2^3+-0.0038014543*J1^1*J2^4+0.0009471515*J2^5+0,-0.0003226407*J1^2*J2^3+-0.0010062177*J1^1*J2^4+-0.0003226407*J2^5+0,0,0,0,0,0,0,-0.0007857523*J1^2*J2^3+-0.0013572961*J1^1*J2^4+-0.0011228050*J2^5+0,-0.0007558221*J1^2*J2^3+-0.0009576896*J1^1*J2^4+-0.0001720296*J2^5+0,0,0,0,0,0,0,0.0000339335*J1^2*J2^3+0.0016718788*J1^1*J2^4+-0.0008235406*J2^5+-0.0002366646*J1^1*J2^3*(J2-J1)^1+0,-0.0009117597*J1^2*J2^3+0.0013585974*J1^1*J2^4+0.0000625422*J2^5+0.0003777649*J1^1*J2^3*(J2-J1)^1+-0.0000984600*J2^4*(J2-J1)^1+0,0,0,0,0,0,0,0.0013390692*J1^2*J2^3+0.0013312384*J2^5+0.0033829117*J2^4*(J2-J1)^1+0,-0.0001582393*J1^2*J2^3+0.0009358724*J1^1*J2^4+0.0007640697*J2^5+-0.0014648437*J1^1*J2^3*(J2-J1)^1+0.0026041667*J2^4*(J2-J1)^1+0,0,0,0,0,0,0,0.0011166731*J1^2*J2^3+-0.0019297218*J1^1*J2^4+-0.0016990042*J2^5+-0.0004823535*J1^1*J2^3*(J2-J1)^1+0,-0.0006724181*J1^2*J2^3+-0.0007304954*J1^1*J2^4+-0.0000474209*J2^5+-0.0000966179*J1^1*J2^3*(J2-J1)^1+0.0000994596*J2^4*(J2-J1)^1+0,0,0,0,0,0,0,0,0,0,0,0,0,0,0,0,0,0,0,0,0,0,0,0,0,0,0,-0.0005685312*J1^2*J2^3+-0.0017406322*J2^5+0.0126953125*J2^4*(J2-J1)^1+0,0.0001135468*J1^2*J2^3+0.0002349244*J1^1*J2^4+-0.0016816673*J2^5+-0.0056381862*J1^1*J2^3*(J2-J1)^1+0.0097728561*J2^4*(J2-J1)^1+0,0.0004417884*J1^2*J2^3+-0.0008914077*J1^1*J2^4+-0.0008835769*J2^5+0.0039467304*J1^1*J2^3*(J2-J1)^1+0,-0.0005101333*J1^2*J2^3+-0.0006502881*J1^1*J2^4+0.0003907004*J2^5+0.0017361111*J1^1*J2^3*(J2-J1)^1+-0.0013020833*J2^4*(J2-J1)^1+0,0,0,0,0,0,0,0,0,0,0,0,0,0.0008040245*J1^2*J2^3+0.0024616257*J2^5+-0.0117390774*J2^4*(J2-J1)^1+0,-0.0001605794*J1^2*J2^3+-0.0003322333*J1^1*J2^4+0.0023782368*J2^5+0.0043854797*J1^1*J2^3*(J2-J1)^1+-0.0066446662*J2^4*(J2-J1)^1+0,-0.0006247832*J1^2*J2^3+0.0012606408*J1^1*J2^4+0.0012495664*J2^5+-0.0019933999*J1^1*J2^3*(J2-J1)^1+0,0.0007214375*J1^2*J2^3+0.0009196463*J1^1*J2^4+-0.0005525337*J2^5+0.0016879719*J1^1*J2^3*(J2-J1)^1+-0.0002301780*J2^4*(J2-J1)^1+0,0,0,0,0},
{0,0,0,0,-0.0002560386*J1^2*J2^3+-0.0007693920*J1^1*J2^4+-0.0007327032*J2^5+0,-0.0005389346*J1^2*J2^3+0.0008884174*J1^1*J2^4+-0.0013645418*J2^5+0,0,0,0,0,0,0,-0.0010770850*J1^2*J2^3+-0.0016596396*J1^1*J2^4+-0.0001237559*J2^5+0,0.0006933058*J1^2*J2^3+-0.0030381107*J1^1*J2^4+0.0006933058*J2^5+0,0,0,0,0,0,0,-0.0005761992*J1^2*J2^3+-0.0017764023*J1^1*J2^4+-0.0009132519*J2^5+0,0.0000676325*J1^2*J2^3+-0.0026045989*J1^1*J2^4+0.0006514250*J2^5+0,0,0,0,0,0,0,-0.0013051357*J1^2*J2^3+0.0034103196*J1^1*J2^4+-0.0012229122*J2^5+0.0018445918*J1^1*J2^3*(J2-J1)^1+0.0002993111*J2^4*(J2-J1)^1+0,-0.0016848717*J1^2*J2^3+0.0026606807*J1^1*J2^4+-0.0004664292*J2^5+0.0005706662*J1^1*J2^3*(J2-J1)^1+0.0010830601*J2^4*(J2-J1)^1+0,0,0,0,0,0,0,0.0026781385*J1^1*J2^4+-0.0000078308*J2^5+0.0005638186*J2^4*(J2-J1)^1+0,-0.0009313513*J1^2*J2^3+0.0006103516*J1^1*J2^4+0.0018627025*J2^5+-0.0004882812*J1^1*J2^3*(J2-J1)^1+0,0,0,0,0,0,0,-0.0007770568*J1^2*J2^3+0.0002297947*J1^1*J2^4+-0.0019647909*J2^5+0.0027784549*J1^1*J2^3*(J2-J1)^1+-0.0029507240*J2^4*(J2-J1)^1+0,-0.0017657636*J1^2*J2^3+0.0016288290*J1^1*J2^4+-0.0013133999*J2^5+-0.0008340400*J1^1*J2^3*(J2-J1)^1+0.0010159090*J2^4*(J2-J1)^1+0,0,0,0,0,0,0,0,0,0,0,0,0,0,0,0,0,0,0,0,0,0,0,0,0,0,0,-0.0011370624*J1^1*J2^4+-0.0011721011*J2^5+0.0113932292*J2^4*(J2-J1)^1+0,0.0004417884*J1^2*J2^3+-0.0008914077*J1^1*J2^4+-0.0008835769*J2^5+0.0033829117*J1^1*J2^3*(J2-J1)^1+0,-0.0005429365*J1^2*J2^3+0.0015478909*J1^1*J2^4+-0.0023381506*J2^5+-0.0022552745*J1^1*J2^3*(J2-J1)^1+0.0054502467*J2^4*(J2-J1)^1+0,-0.0010786645*J1^2*J2^3+0.0004867742*J1^1*J2^4+-0.0001778308*J2^5+-0.0005425347*J1^1*J2^3*(J2-J1)^1+0.0005425347*J2^4*(J2-J1)^1+0,0,0,0,0,0,0,0,0,0,0,0,0,0.0016080490*J1^1*J2^4+0.0016576012*J2^5+-0.0098976535*J2^4*(J2-J1)^1+0,-0.0006247832*J1^2*J2^3+0.0012606408*J1^1*J2^4+0.0012495664*J2^5+-0.0011960399*J1^1*J2^3*(J2-J1)^1+0,0.0007678281*J1^2*J2^3+-0.0021890484*J1^1*J2^4+0.0033066443*J2^5+-0.0003986800*J1^1*J2^3*(J2-J1)^1+-0.0005315733*J2^4*(J2-J1)^1+0,0.0015254620*J1^2*J2^3+-0.0006884027*J1^1*J2^4+0.0002514908*J2^5+0.0049104638*J1^1*J2^3*(J2-J1)^1+-0.0028388619*J2^4*(J2-J1)^1+0,0,0,0,0},
{0,0,0,0,-0.0009494190*J1^2*J2^3+-0.0004922330*J1^1*J2^4+0.0004265930*J2^5+0,-0.0003450585*J1^2*J2^3+-0.0003725921*J1^1*J2^4+0.0001316060*J2^5+0,0,0,0,0,0,0,0.0002277641*J1^2*J2^3+-0.0010062177*J1^1*J2^4+-0.0008730455*J2^5+0,0.0013197049*J1^2*J2^3+-0.0026395741*J1^1*J2^4+0.0003663758*J2^5+0,0,0,0,0,0,0,-0.0003666271*J1^2*J2^3+-0.0009576896*J1^1*J2^4+-0.0005612246*J2^5+0,-0.0005871096*J1^2*J2^3+-0.0002514514*J1^1*J2^4+-0.0002500568*J2^5+0,0,0,0,0,0,0,-0.0008122950*J1^2*J2^3+0.0026606807*J1^1*J2^4+-0.0013390058*J2^5+-0.0000803755*J1^1*J2^3*(J2-J1)^1+0.0010830601*J2^4*(J2-J1)^1+0,-0.0010066947*J1^2*J2^3+0.0019355162*J1^1*J2^4+-0.0006347310*J2^5+-0.0003317945*J1^1*J2^3*(J2-J1)^1+0.0011508397*J2^4*(J2-J1)^1+0,0,0,0,0,0,0,0.0027940538*J1^2*J2^3+0.0006103516*J1^1*J2^4+-0.0018627025*J2^5+0.0008138021*J1^1*J2^3*(J2-J1)^1+0,0.0010754318*J1^2*J2^3+-0.0001879395*J1^1*J2^4+0.0000026103*J2^5+0.0001879395*J1^1*J2^3*(J2-J1)^1+-0.0001879395*J2^4*(J2-J1)^1+0,0,0,0,0,0,0,-0.0023827684*J1^2*J2^3+0.0016288290*J1^1*J2^4+-0.0006963950*J2^5+-0.0022151079*J1^1*J2^3*(J2-J1)^1+0.0019366210*J2^4*(J2-J1)^1+0,-0.0021361371*J1^2*J2^3+0.0018042114*J1^1*J2^4+-0.0005054253*J2^5+-0.0026865780*J1^1*J2^3*(J2-J1)^1+0.0026882187*J2^4*(J2-J1)^1+0,0,0,0,0,0,0,0,0,0,0,0,0,0,0,0,0,0,0,0,0,0,0,0,0,0,0,-0.0013253653*J1^2*J2^3+-0.0008914077*J1^1*J2^4+0.0008835769*J2^5+0.0082693398*J1^1*J2^3*(J2-J1)^1+0,-0.0005101333*J1^2*J2^3+-0.0006502881*J1^1*J2^4+0.0003907004*J2^5+0.0067274306*J1^1*J2^3*(J2-J1)^1+-0.0037977431*J2^4*(J2-J1)^1+0,-0.0010786645*J1^2*J2^3+0.0004867742*J1^1*J2^4+-0.0001778308*J2^5+0.0050998264*J1^1*J2^3*(J2-J1)^1+-0.0022786458*J2^4*(J2-J1)^1+0,-0.0010645557*J1^2*J2^3+0.0000461148*J1^1*J2^4+0.0005740422*J2^5+0.0033829117*J1^1*J2^3*(J2-J1)^1+-0.0028190931*J2^4*(J2-J1)^1+0,0,0,0,0,0,0,0,0,0,0,0,0,0.0018743496*J1^2*J2^3+0.0012606408*J1^1*J2^4+-0.0012495664*J2^5+-0.0081064927*J1^1*J2^3*(J2-J1)^1+0,0.0007214375*J1^2*J2^3+0.0009196463*J1^1*J2^4+-0.0005525337*J2^5+-0.0053708197*J1^1*J2^3*(J2-J1)^1+0.0032992178*J2^4*(J2-J1)^1+0,0.0015254620*J1^2*J2^3+-0.0006884027*J1^1*J2^4+0.0002514908*J2^5+-0.0030690398*J1^1*J2^3*(J2-J1)^1+0.0011508899*J2^4*(J2-J1)^1+0,0.0015055091*J1^2*J2^3+-0.0000652162*J1^1*J2^4+-0.0008118182*J2^5+0.0011960399*J1^1*J2^3*(J2-J1)^1+-0.0007973599*J2^4*(J2-J1)^1+0,0,0,0,0},
{0,0,0.0011173992*J1^2*J2^3+0.0006407346*J2^5+0,0.0001478240*J1^2*J2^3+0.0004442087*J1^1*J2^4+0.0004230264*J2^5+0,0,0,0,0,0,0,0.0028604804*J1^1*J2^4+0,0.0000714505*J1^2*J2^3+0.0009581933*J1^1*J2^4+0.0006218553*J2^5+0,0,0,0,0,0,0,0.0001203833*J1^2*J2^3+0.0026880341*J1^1*J2^4+0.0004574360*J2^5+0,0.0007218637*J1^2*J2^3+0.0010256063*J1^1*J2^4+0.0001380713*J2^5+0,0,0,0,0,0,0,-0.0009905980*J1^1*J2^4+0.0001083263*J2^5+-0.0011067551*J2^4*(J2-J1)^1+0,0.0009313513*J1^2*J2^3+-0.0009652597*J1^1*J2^4+-0.0004754714*J2^5+-0.0010549286*J1^1*J2^3*(J2-J1)^1+0,0,0,0,0,0,0,-0.0029522170*J1^2*J2^3+0.0016209785*J1^1*J2^4+-0.0013390692*J2^5+0,-0.0007731120*J1^2*J2^3+-0.0007685909*J2^5+0.0008138021*J2^4*(J2-J1)^1+0,0,0,0,0,0,0,0.0025941884*J1^1*J2^4+-0.0000821355*J2^5+-0.0009597851*J2^4*(J2-J1)^1+0,0.0013171296*J1^2*J2^3+0.0011141254*J1^1*J2^4+-0.0009809205*J2^5+-0.0008354608*J1^1*J2^3*(J2-J1)^1+0,0,0,0,0,0,0,0,0,0,0,0,0,0,0,0,0,0,0,0,0,0,0,0,0,0,0,0,0,0,0,0,0,0,0,0,0,0,0,0,0,-0.0023100902*J1^2*J2^3+-0.0007047733*J1^1*J2^4+-0.0009847249*J2^5+0.0050743676*J1^1*J2^3*(J2-J1)^1+0,-0.0005685312*J1^2*J2^3+-0.0017406322*J2^5+-0.0026041667*J2^4*(J2-J1)^1+0,-0.0011370624*J1^1*J2^4+-0.0011721011*J2^5+-0.0029296875*J2^4*(J2-J1)^1+0,-0.0013253653*J1^2*J2^3+-0.0008914077*J1^1*J2^4+0.0008835769*J2^5+-0.0048864281*J1^1*J2^3*(J2-J1)^1+0,0,0,0,0,0,0,0,0},
{0,0,0.0000982926*J1^2*J2^3+0.0005432715*J1^1*J2^4+0.0003734950*J2^5+0,-0.0000874054*J1^2*J2^3+0.0002841909*J1^1*J2^4+0.0003892591*J2^5+0,0,0,0,0,0,0,0.0000035667*J1^2*J2^3+0.0021947706*J1^1*J2^4+-0.0005468382*J2^5+0,0.0001862767*J1^2*J2^3+0.0005809401*J1^1*J2^4+0.0001862767*J2^5+0,0,0,0,0,0,0,0.0004536543*J1^2*J2^3+0.0007836353*J1^1*J2^4+0.0006482518*J2^5+0,0.0004363741*J1^2*J2^3+0.0005529224*J1^1*J2^4+0.0000993214*J2^5+0,0,0,0,0,0,0,-0.0000195915*J1^2*J2^3+-0.0009652597*J1^1*J2^4+0.0004754714*J2^5+-0.0004038870*J1^1*J2^3*(J2-J1)^1+0,0.0005264047*J1^2*J2^3+-0.0007843866*J1^1*J2^4+-0.0000361088*J2^5+-0.0008422476*J1^1*J2^3*(J2-J1)^1+0.0003689184*J2^4*(J2-J1)^1+0,0,0,0,0,0,0,-0.0007731120*J1^2*J2^3+-0.0007685909*J2^5+-0.0004882813*J2^4*(J2-J1)^1+0,0.0000913595*J1^2*J2^3+-0.0005403262*J1^1*J2^4+-0.0004411359*J2^5+0.0001879395*J2^4*(J2-J1)^1+0,0,0,0,0,0,0,-0.0006447115*J1^2*J2^3+0.0011141254*J1^1*J2^4+0.0009809205*J2^5+-0.0003751049*J1^1*J2^3*(J2-J1)^1+0,0.0003882208*J1^2*J2^3+0.0004217517*J1^1*J2^4+0.0000273785*J2^5+-0.0006989204*J1^1*J2^3*(J2-J1)^1+0.0003199284*J2^4*(J2-J1)^1+0,0,0,0,0,0,0,0,0,0,0,0,0,0,0,0,0,0,0,0,0,0,0,0,0,0,0,0,0,0,0,0,0,0,0,0,0,0,0,0,0,-0.0005685312*J1^2*J2^3+-0.0017406322*J2^5+0.0058593750*J2^4*(J2-J1)^1+0,0.0001135468*J1^2*J2^3+0.0002349244*J1^1*J2^4+-0.0016816673*J2^5+-0.0016914559*J1^1*J2^3*(J2-J1)^1+0.0018793954*J2^4*(J2-J1)^1+0,0.0004417884*J1^2*J2^3+-0.0008914077*J1^1*J2^4+-0.0008835769*J2^5+0,-0.0005101333*J1^2*J2^3+-0.0006502881*J1^1*J2^4+0.0003907004*J2^5+-0.0028211806*J1^1*J2^3*(J2-J1)^1+0.0009765625*J2^4*(J2-J1)^1+0,0,0,0,0,0,0,0,0},
{0,0,0.0001478240*J1^2*J2^3+0.0004442087*J1^1*J2^4+0.0004230264*J2^5+0,0.0003111540*J1^2*J2^3+-0.0005129280*J1^1*J2^4+0.0007878186*J2^5+0,0,0,0,0,0,0,0.0006218553*J1^2*J2^3+0.0009581933*J1^1*J2^4+0.0000714505*J2^5+0,-0.0004002803*J1^2*J2^3+0.0017540540*J1^1*J2^4+-0.0004002803*J2^5+0,0,0,0,0,0,0,0.0003326688*J1^2*J2^3+0.0010256063*J1^1*J2^4+0.0005272663*J2^5+0,-0.0000390477*J1^2*J2^3+0.0015037659*J1^1*J2^4+-0.0003761004*J2^5+0,0,0,0,0,0,0,0.0007535204*J1^2*J2^3+-0.0019689489*J1^1*J2^4+0.0007060487*J2^5+-0.0006811825*J1^1*J2^3*(J2-J1)^1+-0.0010971258*J2^4*(J2-J1)^1+0,0.0009727611*J1^2*J2^3+-0.0015361447*J1^1*J2^4+0.0002692930*J2^5+-0.0008631297*J1^1*J2^3*(J2-J1)^1+-0.0004037220*J2^4*(J2-J1)^1+0,0,0,0,0,0,0,-0.0015462240*J1^1*J2^4+0.0000045211*J2^5+0.0011393229*J2^4*(J2-J1)^1+0,0.0005377159*J1^2*J2^3+-0.0003523866*J1^1*J2^4+-0.0010754318*J2^5+0.0011276372*J1^1*J2^3*(J2-J1)^1+0,0,0,0,0,0,0,0.0004486340*J1^2*J2^3+-0.0001326720*J1^1*J2^4+0.0011343725*J2^5+-0.0008397234*J1^1*J2^3*(J2-J1)^1+0.0002855912*J2^4*(J2-J1)^1+0,0.0010194641*J1^2*J2^3+-0.0009404048*J1^1*J2^4+0.0007582918*J2^5+-0.0003371553*J1^1*J2^3*(J2-J1)^1+-0.0001451983*J2^4*(J2-J1)^1+0,0,0,0,0,0,0,0,0,0,0,0,0,0,0,0,0,0,0,0,0,0,0,0,0,0,0,0,0,0,0,0,0,0,0,0,0,0,0,0,0,-0.0011370624*J1^1*J2^4+-0.0011721011*J2^5+0.0045572917*J2^4*(J2-J1)^1+0,0.0004417884*J1^2*J2^3+-0.0008914077*J1^1*J2^4+-0.0008835769*J2^5+-0.0005638186*J1^1*J2^3*(J2-J1)^1+0,-0.0005429365*J1^2*J2^3+0.0015478909*J1^1*J2^4+-0.0023381506*J2^5+0.0016914559*J1^1*J2^3*(J2-J1)^1+-0.0024432140*J2^4*(J2-J1)^1+0,-0.0010786645*J1^2*J2^3+0.0004867742*J1^1*J2^4+-0.0001778308*J2^5+-0.0050998264*J1^1*J2^3*(J2-J1)^1+0.0028211806*J2^4*(J2-J1)^1+0,0,0,0,0,0,0,0,0},
{0,0,0.0005481473*J1^2*J2^3+0.0002841909*J1^1*J2^4+-0.0002462936*J2^5+0,0.0001992196*J1^2*J2^3+0.0002151161*J1^1*J2^4+-0.0000759828*J2^5+0,0,0,0,0,0,0,-0.0001314997*J1^2*J2^3+0.0005809401*J1^1*J2^4+0.0005040531*J2^5+0,-0.0007619320*J1^2*J2^3+0.0015239588*J1^1*J2^4+-0.0002115271*J2^5+0,0,0,0,0,0,0,0.0002116723*J1^2*J2^3+0.0005529224*J1^1*J2^4+0.0003240232*J2^5+0,0.0003389679*J1^2*J2^3+0.0001451755*J1^1*J2^4+0.0001443704*J2^5+0,0,0,0,0,0,0,0.0004689788*J1^2*J2^3+-0.0015361447*J1^1*J2^4+0.0007730754*J2^5+-0.0004872507*J1^1*J2^3*(J2-J1)^1+-0.0004037220*J2^4*(J2-J1)^1+0,0.0005812154*J1^2*J2^3+-0.0011174708*J1^1*J2^4+0.0003664621*J2^5+-0.0005525817*J1^1*J2^3*(J2-J1)^1+-0.0001004694*J2^4*(J2-J1)^1+0,0,0,0,0,0,0,-0.0016131477*J1^2*J2^3+-0.0003523866*J1^1*J2^4+0.0010754318*J2^5+0.0003758791*J1^1*J2^3*(J2-J1)^1+0,-0.0006209008*J1^2*J2^3+0.0001085069*J1^1*J2^4+-0.0000015070*J2^5+0.0008680556*J1^1*J2^3*(J2-J1)^1+-0.0003797743*J2^4*(J2-J1)^1+0,0,0,0,0,0,0,0.0013756920*J1^2*J2^3+-0.0009404048*J1^1*J2^4+0.0004020638*J2^5+0.0004602047*J1^1*J2^3*(J2-J1)^1+-0.0006767716*J2^4*(J2-J1)^1+0,0.0012332993*J1^2*J2^3+-0.0010416620*J1^1*J2^4+0.0002918074*J2^5+0.0003509504*J1^1*J2^3*(J2-J1)^1+-0.0005697616*J2^4*(J2-J1)^1+0,0,0,0,0,0,0,0,0,0,0,0,0,0,0,0,0,0,0,0,0,0,0,0,0,0,0,0,0,0,0,0,0,0,0,0,0,0,0,0,0,-0.0013253653*J1^2*J2^3+-0.0008914077*J1^1*J2^4+0.0008835769*J2^5+0.0043226094*J1^1*J2^3*(J2-J1)^1+0,-0.0005101333*J1^2*J2^3+-0.0006502881*J1^1*J2^4+0.0003907004*J2^5+0.0021701389*J1^1*J2^3*(J2-J1)^1+-0.0015190972*J2^4*(J2-J1)^1+0,-0.0010786645*J1^2*J2^3+0.0004867742*J1^1*J2^4+-0.0001778308*J2^5+0.0005425347*J1^1*J2^3*(J2-J1)^1+0,-0.0010645557*J1^2*J2^3+0.0000461148*J1^1*J2^4+0.0005740422*J2^5+-0.0031949722*J1^1*J2^3*(J2-J1)^1+0.0024432140*J2^4*(J2-J1)^1+0,0,0,0,0,0,0,0,0},
{0,0,0,0,0,0,0.0011173992*J1^2*J2^3+0.0006407346*J2^5+0,0.0001478240*J1^2*J2^3+0.0004442087*J1^1*J2^4+0.0004230264*J2^5+0,0,0,0,0,0,0,0.0028604804*J1^1*J2^4+0,0.0000714505*J1^2*J2^3+0.0009581933*J1^1*J2^4+0.0006218553*J2^5+0,0,0,0,0,0,0,0.0001203833*J1^2*J2^3+0.0026880341*J1^1*J2^4+0.0004574360*J2^5+0,0.0007218637*J1^2*J2^3+0.0010256063*J1^1*J2^4+0.0001380713*J2^5+0,0,0,0,0,0,0,-0.0009905980*J1^1*J2^4+0.0001083263*J2^5+-0.0006403866*J2^4*(J2-J1)^1+0,0.0009313513*J1^2*J2^3+-0.0009652597*J1^1*J2^4+-0.0004754714*J2^5+-0.0007856707*J1^1*J2^3*(J2-J1)^1+0,0,0,0,0,0,0,-0.0029522170*J1^2*J2^3+0.0016209785*J1^1*J2^4+-0.0013390692*J2^5+-0.0016914559*J1^1*J2^3*(J2-J1)^1+0,-0.0007731120*J1^2*J2^3+-0.0007685909*J2^5+-0.0001627604*J2^4*(J2-J1)^1+0,0,0,0,0,0,0,0.0025941884*J1^1*J2^4+-0.0000821355*J2^5+-0.0000935175*J2^4*(J2-J1)^1+0,0.0013171296*J1^2*J2^3+0.0011141254*J1^1*J2^4+-0.0009809205*J2^5+-0.0003353210*J1^1*J2^3*(J2-J1)^1+0,0,0,0,0,0,0,0,0,0,0,0,0,0,0,0,0,0,0,0,0,0,0,0,0,0,0,0,0,0.0013337312*J1^2*J2^3+0.0004069010*J1^1*J2^4+0.0005685312*J2^5+-0.0058593750*J1^1*J2^3*(J2-J1)^1+0,0.0003282416*J1^2*J2^3+0.0010049545*J2^5+-0.0001879395*J2^4*(J2-J1)^1+0,0.0006564833*J1^1*J2^4+0.0006767129*J2^5+0,0.0007652000*J1^2*J2^3+0.0005146545*J1^1*J2^4+-0.0005101333*J2^5+0.0018446181*J1^1*J2^3*(J2-J1)^1+0,0,0,0,0,0,0,0,0,0,0,0,0,-0.0018861807*J1^2*J2^3+-0.0005754450*J1^1*J2^4+-0.0008040245*J2^5+0.0020716019*J1^1*J2^3*(J2-J1)^1+0,-0.0004642038*J1^2*J2^3+-0.0014212203*J2^5+-0.0033223331*J2^4*(J2-J1)^1+0,-0.0009284075*J1^1*J2^4+-0.0009570165*J2^5+-0.0035881197*J2^4*(J2-J1)^1+0,-0.0010821562*J1^2*J2^3+-0.0007278313*J1^1*J2^4+0.0007214375*J2^5+-0.0046802858*J1^1*J2^3*(J2-J1)^1+0},
{0,0,0,0,0,0,0.0000982926*J1^2*J2^3+0.0005432715*J1^1*J2^4+0.0003734950*J2^5+0,-0.0000874054*J1^2*J2^3+0.0002841909*J1^1*J2^4+0.0003892591*J2^5+0,0,0,0,0,0,0,0.0000035667*J1^2*J2^3+0.0021947706*J1^1*J2^4+-0.0005468382*J2^5+0,0.0001862767*J1^2*J2^3+0.0005809401*J1^1*J2^4+0.0001862767*J2^5+0,0,0,0,0,0,0,0.0004536543*J1^2*J2^3+0.0007836353*J1^1*J2^4+0.0006482518*J2^5+0,0.0004363741*J1^2*J2^3+0.0005529224*J1^1*J2^4+0.0000993214*J2^5+0,0,0,0,0,0,0,-0.0000195915*J1^2*J2^3+-0.0009652597*J1^1*J2^4+0.0004754714*J2^5+-0.0001346290*J1^1*J2^3*(J2-J1)^1+0,0.0005264047*J1^2*J2^3+-0.0007843866*J1^1*J2^4+-0.0000361088*J2^5+-0.0005313352*J1^1*J2^3*(J2-J1)^1+0.0002134622*J2^4*(J2-J1)^1+0,0,0,0,0,0,0,-0.0007731120*J1^2*J2^3+-0.0007685909*J2^5+-0.0014648438*J2^4*(J2-J1)^1+0,0.0000913595*J1^2*J2^3+-0.0005403262*J1^1*J2^4+-0.0004411359*J2^5+0.0005638186*J1^1*J2^3*(J2-J1)^1+-0.0009396977*J2^4*(J2-J1)^1+0,0,0,0,0,0,0,-0.0006447115*J1^2*J2^3+0.0011141254*J1^1*J2^4+0.0009809205*J2^5+0.0001250350*J1^1*J2^3*(J2-J1)^1+0,0.0003882208*J1^2*J2^3+0.0004217517*J1^1*J2^4+0.0000273785*J2^5+-0.0001214087*J1^1*J2^3*(J2-J1)^1+0.0000311725*J2^4*(J2-J1)^1+0,0,0,0,0,0,0,0,0,0,0,0,0,0,0,0,0,0,0,0,0,0,0,0,0,0,0,0,0,0.0003282416*J1^2*J2^3+0.0010049545*J2^5+-0.0050743676*J2^4*(J2-J1)^1+0,-0.0000655563*J1^2*J2^3+-0.0001356337*J1^1*J2^4+0.0009709111*J2^5+0.0019531250*J1^1*J2^3*(J2-J1)^1+-0.0030381944*J2^4*(J2-J1)^1+0,-0.0002550667*J1^2*J2^3+0.0005146545*J1^1*J2^4+0.0005101333*J2^5+-0.0009765625*J1^1*J2^3*(J2-J1)^1+0,0.0002945256*J1^2*J2^3+0.0003754440*J1^1*J2^4+-0.0002255710*J2^5+0.0005011721*J1^1*J2^3*(J2-J1)^1+0,0,0,0,0,0,0,0,0,0,0,0,0,-0.0004642038*J1^2*J2^3+-0.0014212203*J2^5+0.0035881197*J2^4*(J2-J1)^1+0,0.0000927106*J1^2*J2^3+0.0001918150*J1^1*J2^4+-0.0013730756*J2^5+-0.0006905340*J1^1*J2^3*(J2-J1)^1+0.0001534520*J2^4*(J2-J1)^1+0,0.0003607187*J1^2*J2^3+-0.0007278313*J1^1*J2^4+-0.0007214375*J2^5+-0.0006905340*J1^1*J2^3*(J2-J1)^1+0,-0.0004165221*J1^2*J2^3+-0.0005309580*J1^1*J2^4+0.0003190055*J2^5+-0.0031008442*J1^1*J2^3*(J2-J1)^1+0.0011960399*J2^4*(J2-J1)^1+0},
{0,0,0,0,0,0,0.0001478240*J1^2*J2^3+0.0004442087*J1^1*J2^4+0.0004230264*J2^5+0,0.0003111540*J1^2*J2^3+-0.0005129280*J1^1*J2^4+0.0007878186*J2^5+0,0,0,0,0,0,0,0.0006218553*J1^2*J2^3+0.0009581933*J1^1*J2^4+0.0000714505*J2^5+0,-0.0004002803*J1^2*J2^3+0.0017540540*J1^1*J2^4+-0.0004002803*J2^5+0,0,0,0,0,0,0,0.0003326688*J1^2*J2^3+0.0010256063*J1^1*J2^4+0.0005272663*J2^5+0,-0.0000390477*J1^2*J2^3+0.0015037659*J1^1*J2^4+-0.0003761004*J2^5+0,0,0,0,0,0,0,0.0007535204*J1^2*J2^3+-0.0019689489*J1^1*J2^4+0.0007060487*J2^5+-0.0011192290*J1^1*J2^3*(J2-J1)^1+-0.0003898212*J2^4*(J2-J1)^1+0,0.0009727611*J1^2*J2^3+-0.0015361447*J1^1*J2^4+0.0002692930*J2^5+-0.0004547673*J1^1*J2^3*(J2-J1)^1+-0.0006566283*J2^4*(J2-J1)^1+0,0,0,0,0,0,0,-0.0015462240*J1^1*J2^4+0.0000045211*J2^5+0.0001627604*J2^4*(J2-J1)^1+0,0.0005377159*J1^2*J2^3+-0.0003523866*J1^1*J2^4+-0.0010754318*J2^5+0.0005638186*J1^1*J2^3*(J2-J1)^1+0,0,0,0,0,0,0,0.0004486340*J1^2*J2^3+-0.0001326720*J1^1*J2^4+0.0011343725*J2^5+-0.0012205117*J1^1*J2^3*(J2-J1)^1+0.0011665193*J2^4*(J2-J1)^1+0,0.0010194641*J1^2*J2^3+-0.0009404048*J1^1*J2^4+0.0007582918*J2^5+0.0001714488*J1^1*J2^3*(J2-J1)^1+-0.0003650465*J2^4*(J2-J1)^1+0,0,0,0,0,0,0,0,0,0,0,0,0,0,0,0,0,0,0,0,0,0,0,0,0,0,0,0,0,0.0006564833*J1^1*J2^4+0.0006767129*J2^5+-0.0043226094*J2^4*(J2-J1)^1+0,-0.0002550667*J1^2*J2^3+0.0005146545*J1^1*J2^4+0.0005101333*J2^5+-0.0006510417*J1^1*J2^3*(J2-J1)^1+0,0.0003134645*J1^2*J2^3+-0.0008936753*J1^1*J2^4+0.0013499319*J2^5+-0.0005425347*J2^4*(J2-J1)^1+0,0.0006227673*J1^2*J2^3+-0.0002810392*J1^1*J2^4+0.0001026707*J2^5+0.0018167489*J1^1*J2^3*(J2-J1)^1+-0.0010649907*J2^4*(J2-J1)^1+0,0,0,0,0,0,0,0,0,0,0,0,0,-0.0009284075*J1^1*J2^4+-0.0009570165*J2^5+0.0025249732*J2^4*(J2-J1)^1+0,0.0003607187*J1^2*J2^3+-0.0007278313*J1^1*J2^4+-0.0007214375*J2^5+-0.0011508899*J1^1*J2^3*(J2-J1)^1+0,-0.0004433058*J1^2*J2^3+0.0012638477*J1^1*J2^4+-0.0019090920*J2^5+0.0020716019*J1^1*J2^3*(J2-J1)^1+-0.0033759438*J2^4*(J2-J1)^1+0,-0.0008807259*J1^2*J2^3+0.0003974495*J1^1*J2^4+-0.0001451983*J2^5+-0.0049613508*J1^1*J2^3*(J2-J1)^1+0.0027021642*J2^4*(J2-J1)^1+0},
{0,0,0,0,0,0,0.0005481473*J1^2*J2^3+0.0002841909*J1^1*J2^4+-0.0002462936*J2^5+0,0.0001992196*J1^2*J2^3+0.0002151161*J1^1*J2^4+-0.0000759828*J2^5+0,0,0,0,0,0,0,-0.0001314997*J1^2*J2^3+0.0005809401*J1^1*J2^4+0.0005040531*J2^5+0,-0.0007619320*J1^2*J2^3+0.0015239588*J1^1*J2^4+-0.0002115271*J2^5+0,0,0,0,0,0,0,0.0002116723*J1^2*J2^3+0.0005529224*J1^1*J2^4+0.0003240232*J2^5+0,0.0003389679*J1^2*J2^3+0.0001451755*J1^1*J2^4+0.0001443704*J2^5+0,0,0,0,0,0,0,0.0004689788*J1^2*J2^3+-0.0015361447*J1^1*J2^4+0.0007730754*J2^5+-0.0000788882*J1^1*J2^3*(J2-J1)^1+-0.0006566283*J2^4*(J2-J1)^1+0,0.0005812154*J1^2*J2^3+-0.0011174708*J1^1*J2^4+0.0003664621*J2^5+0.0000649702*J1^1*J2^3*(J2-J1)^1+-0.0006282686*J2^4*(J2-J1)^1+0,0,0,0,0,0,0,-0.0016131477*J1^2*J2^3+-0.0003523866*J1^1*J2^4+0.0010754318*J2^5+-0.0001879395*J1^1*J2^3*(J2-J1)^1+0,-0.0006209008*J1^2*J2^3+0.0001085069*J1^1*J2^4+-0.0000015070*J2^5+0.0002170139*J1^1*J2^3*(J2-J1)^1+-0.0000542535*J2^4*(J2-J1)^1+0,0,0,0,0,0,0,0.0013756920*J1^2*J2^3+-0.0009404048*J1^1*J2^4+0.0004020638*J2^5+0.0009688087*J1^1*J2^3*(J2-J1)^1+-0.0008966198*J2^4*(J2-J1)^1+0,0.0012332993*J1^2*J2^3+-0.0010416620*J1^1*J2^4+0.0002918074*J2^5+0.0010651652*J1^1*J2^3*(J2-J1)^1+-0.0011172631*J2^4*(J2-J1)^1+0,0,0,0,0,0,0,0,0,0,0,0,0,0,0,0,0,0,0,0,0,0,0,0,0,0,0,0,0,0.0007652000*J1^2*J2^3+0.0005146545*J1^1*J2^4+-0.0005101333*J2^5+-0.0034722222*J1^1*J2^3*(J2-J1)^1+0,0.0002945256*J1^2*J2^3+0.0003754440*J1^1*J2^4+-0.0002255710*J2^5+-0.0023805675*J1^1*J2^3*(J2-J1)^1+0.0014408698*J2^4*(J2-J1)^1+0,0.0006227673*J1^2*J2^3+-0.0002810392*J1^1*J2^4+0.0001026707*J2^5+-0.0014408698*J1^1*J2^3*(J2-J1)^1+0.0005638186*J2^4*(J2-J1)^1+0,0.0006146215*J1^2*J2^3+-0.0000266244*J1^1*J2^4+-0.0003314234*J2^5+0.0002170139*J1^1*J2^3*(J2-J1)^1+-0.0001085069*J2^4*(J2-J1)^1+0,0,0,0,0,0,0,0,0,0,0,0,0,-0.0010821562*J1^2*J2^3+-0.0007278313*J1^1*J2^4+0.0007214375*J2^5+0.0028388619*J1^1*J2^3*(J2-J1)^1+0,-0.0004165221*J1^2*J2^3+-0.0005309580*J1^1*J2^4+0.0003190055*J2^5+0.0009745510*J1^1*J2^3*(J2-J1)^1+-0.0008416577*J2^4*(J2-J1)^1+0,-0.0008807259*J1^2*J2^3+0.0003974495*J1^1*J2^4+-0.0001451983*J2^5+-0.0003543822*J1^1*J2^3*(J2-J1)^1+0.0003986800*J2^4*(J2-J1)^1+0,-0.0008692061*J1^2*J2^3+0.0000376526*J1^1*J2^4+0.0004687035*J2^5+-0.0037595738*J1^1*J2^3*(J2-J1)^1+0.0029155879*J2^4*(J2-J1)^1+0},
{0,0,0.0015802411*J1^2*J2^3+0.0009061356*J2^5+0,0.0002090547*J1^2*J2^3+0.0006282059*J1^1*J2^4+0.0005982496*J2^5+0,0,0,0,0,0,0,0.0040453302*J1^1*J2^4+0,0.0001010462*J1^2*J2^3+0.0013550900*J1^1*J2^4+0.0008794362*J2^5+0,0,0,0,0,0,0,0.0001702477*J1^2*J2^3+0.0038014543*J1^1*J2^4+0.0006469123*J2^5+0,0.0010208695*J1^2*J2^3+0.0014504264*J1^1*J2^4+0.0001952623*J2^5+0,0,0,0,0,0,0,-0.0014009171*J1^1*J2^4+0.0001531965*J2^5+-0.0012329547*J2^4*(J2-J1)^1+0,0.0013171296*J1^2*J2^3+-0.0013650833*J1^1*J2^4+-0.0006724181*J2^5+-0.0013000794*J1^1*J2^3*(J2-J1)^1+0,0,0,0,0,0,0,-0.0041750653*J1^2*J2^3+0.0022924098*J1^1*J2^4+-0.0018937299*J2^5+-0.0005980200*J1^1*J2^3*(J2-J1)^1+0,-0.0010933454*J1^2*J2^3+-0.0010869516*J2^5+0.0008056230*J2^4*(J2-J1)^1+0,0,0,0,0,0,0,0.0036687365*J1^1*J2^4+-0.0001161571*J2^5+-0.0011694016*J2^4*(J2-J1)^1+0,0.0018627025*J1^2*J2^3+0.0015756113*J1^1*J2^4+-0.0013872311*J2^5+-0.0010730131*J1^1*J2^3*(J2-J1)^1+0,0,0,0,0,0,0,0,0,0,0,0,0,0,0,0,0,0,0,0,0,0,0,0,0,0,0,0,0,0,0,0,0,0,0,0,0,0,0,0,0,-0.0032669609*J1^2*J2^3+-0.0009966999*J1^1*J2^4+-0.0013926113*J2^5+0.0119603991*J1^1*J2^3*(J2-J1)^1+0,-0.0008040245*J1^2*J2^3+-0.0024616257*J2^5+-0.0009207120*J2^4*(J2-J1)^1+0,-0.0016080490*J1^1*J2^4+-0.0016576012*J2^5+-0.0013810679*J2^4*(J2-J1)^1+0,-0.0018743496*J1^2*J2^3+-0.0012606408*J1^1*J2^4+0.0012495664*J2^5+-0.0053157329*J1^1*J2^3*(J2-J1)^1+0,0,0,0,0,0,0,0,0},
{0,0,0.0001390067*J1^2*J2^3+0.0007683019*J1^1*J2^4+0.0005282016*J2^5+0,-0.0001236099*J1^2*J2^3+0.0004019066*J1^1*J2^4+0.0005504956*J2^5+0,0,0,0,0,0,0,0.0000050440*J1^2*J2^3+0.0031038744*J1^1*J2^4+-0.0007733459*J2^5+0,0.0002634350*J1^2*J2^3+0.0008215733*J1^1*J2^4+0.0002634350*J2^5+0,0,0,0,0,0,0,0.0006415641*J1^2*J2^3+0.0011082276*J1^1*J2^4+0.0009167665*J2^5+0,0.0006171262*J1^2*J2^3+0.0007819503*J1^1*J2^4+0.0001404616*J2^5+0,0,0,0,0,0,0,-0.0000277066*J1^2*J2^3+-0.0013650833*J1^1*J2^4+0.0006724181*J2^5+-0.0003793674*J1^1*J2^3*(J2-J1)^1+0,0.0007444487*J1^2*J2^3+-0.0011092901*J1^1*J2^4+-0.0000510655*J2^5+-0.0009696291*J1^1*J2^3*(J2-J1)^1+0.0004109849*J2^4*(J2-J1)^1+0,0,0,0,0,0,0,-0.0010933454*J1^2*J2^3+-0.0010869516*J2^5+-0.0010358009*J2^4*(J2-J1)^1+0,0.0001292018*J1^2*J2^3+-0.0007641366*J1^1*J2^4+-0.0006238603*J2^5+0.0001993400*J1^1*J2^3*(J2-J1)^1+-0.0001328933*J2^4*(J2-J1)^1+0,0,0,0,0,0,0,-0.0009117597*J1^2*J2^3+0.0015756113*J1^1*J2^4+0.0013872311*J2^5+-0.0004219715*J1^1*J2^3*(J2-J1)^1+0,0.0005490271*J1^2*J2^3+0.0005964470*J1^1*J2^4+0.0000387190*J2^5+-0.0008631297*J1^1*J2^3*(J2-J1)^1+0.0003898005*J2^4*(J2-J1)^1+0,0,0,0,0,0,0,0,0,0,0,0,0,0,0,0,0,0,0,0,0,0,0,0,0,0,0,0,0,0,0,0,0,0,0,0,0,0,0,0,0,-0.0008040245*J1^2*J2^3+-0.0024616257*J2^5+0.0110485435*J2^4*(J2-J1)^1+0,0.0001605794*J1^2*J2^3+0.0003322333*J1^1*J2^4+-0.0023782368*J2^5+-0.0039867997*J1^1*J2^3*(J2-J1)^1+0.0058473062*J2^4*(J2-J1)^1+0,0.0006247832*J1^2*J2^3+-0.0012606408*J1^1*J2^4+-0.0012495664*J2^5+0.0015947199*J1^1*J2^3*(J2-J1)^1+0,-0.0007214375*J1^2*J2^3+-0.0009196463*J1^1*J2^4+0.0005525337*J2^5+-0.0021483279*J1^1*J2^3*(J2-J1)^1+0.0004603560*J2^4*(J2-J1)^1+0,0,0,0,0,0,0,0,0},
{0,0,0.0002090547*J1^2*J2^3+0.0006282059*J1^1*J2^4+0.0005982496*J2^5+0,0.0004400382*J1^2*J2^3+-0.0007253897*J1^1*J2^4+0.0011141437*J2^5+0,0,0,0,0,0,0,0.0008794362*J1^2*J2^3+0.0013550900*J1^1*J2^4+0.0001010462*J2^5+0,-0.0005660818*J1^2*J2^3+0.0024806070*J1^1*J2^4+-0.0005660818*J2^5+0,0,0,0,0,0,0,0.0004704647*J1^2*J2^3+0.0014504264*J1^1*J2^4+0.0007456671*J2^5+0,-0.0000552217*J1^2*J2^3+0.0021266461*J1^1*J2^4+-0.0005318863*J2^5+0,0,0,0,0,0,0,0.0010656388*J1^2*J2^3+-0.0027845143*J1^1*J2^4+0.0009985036*J2^5+-0.0009249745*J1^1*J2^3*(J2-J1)^1+-0.0013981182*J2^4*(J2-J1)^1+0,0.0013756920*J1^2*J2^3+-0.0021724367*J1^1*J2^4+0.0003808378*J2^5+-0.0011320542*J1^1*J2^3*(J2-J1)^1+-0.0005488002*J2^4*(J2-J1)^1+0,0,0,0,0,0,0,-0.0021866909*J1^1*J2^4+0.0000063938*J2^5+0.0012659789*J2^4*(J2-J1)^1+0,0.0007604451*J1^2*J2^3+-0.0004983500*J1^1*J2^4+-0.0015208903*J2^5+0.0013953799*J1^1*J2^3*(J2-J1)^1+0,0,0,0,0,0,0,0.0006344642*J1^2*J2^3+-0.0001876266*J1^1*J2^4+0.0016042450*J2^5+-0.0014588156*J1^1*J2^3*(J2-J1)^1+0.0007836613*J2^4*(J2-J1)^1+0,0.0014417399*J1^2*J2^3+-0.0013299333*J1^1*J2^4+0.0010723865*J2^5+-0.0002575468*J1^1*J2^3*(J2-J1)^1+-0.0003619576*J2^4*(J2-J1)^1+0,0,0,0,0,0,0,0,0,0,0,0,0,0,0,0,0,0,0,0,0,0,0,0,0,0,0,0,0,0,0,0,0,0,0,0,0,0,0,0,0,-0.0016080490*J1^1*J2^4+-0.0016576012*J2^5+0.0092071195*J2^4*(J2-J1)^1+0,0.0006247832*J1^2*J2^3+-0.0012606408*J1^1*J2^4+-0.0012495664*J2^5+0.0007973599*J1^1*J2^3*(J2-J1)^1+0,-0.0007678281*J1^2*J2^3+0.0021890484*J1^1*J2^4+-0.0033066443*J2^5+0.0007973599*J1^1*J2^3*(J2-J1)^1+-0.0002657866*J2^4*(J2-J1)^1+0,-0.0015254620*J1^2*J2^3+0.0006884027*J1^1*J2^4+-0.0002514908*J2^5+-0.0053708197*J1^1*J2^3*(J2-J1)^1+0.0030690398*J2^4*(J2-J1)^1+0,0,0,0,0,0,0,0,0},
{0,0,0.0007751974*J1^2*J2^3+0.0004019066*J1^1*J2^4+-0.0003483118*J2^5+0,0.0002817391*J1^2*J2^3+0.0003042202*J1^1*J2^4+-0.0001074559*J2^5+0,0,0,0,0,0,0,-0.0001859686*J1^2*J2^3+0.0008215733*J1^1*J2^4+0.0007128387*J2^5+0,-0.0010775345*J1^2*J2^3+0.0021552032*J1^1*J2^4+-0.0002991446*J2^5+0,0,0,0,0,0,0,0.0002993498*J1^2*J2^3+0.0007819503*J1^1*J2^4+0.0004582380*J2^5+0,0.0004793730*J1^2*J2^3+0.0002053092*J1^1*J2^4+0.0002041706*J2^5+0,0,0,0,0,0,0,0.0006632361*J1^2*J2^3+-0.0021724367*J1^1*J2^4+0.0010932937*J2^5+-0.0006004809*J1^1*J2^3*(J2-J1)^1+-0.0005488002*J2^4*(J2-J1)^1+0,0.0008219628*J1^2*J2^3+-0.0015803424*J1^1*J2^4+0.0005182557*J2^5+-0.0006919548*J1^1*J2^3*(J2-J1)^1+-0.0001676605*J2^4*(J2-J1)^1+0,0,0,0,0,0,0,-0.0022813354*J1^2*J2^3+-0.0004983500*J1^1*J2^4+0.0015208903*J2^5+0.0003322333*J1^1*J2^3*(J2-J1)^1+0,-0.0008780864*J1^2*J2^3+0.0001534520*J1^1*J2^4+-0.0000021313*J2^5+0.0009974380*J1^1*J2^3*(J2-J1)^1+-0.0004219930*J2^4*(J2-J1)^1+0,0,0,0,0,0,0,0.0019455223*J1^2*J2^3+-0.0013299333*J1^1*J2^4+0.0005686041*J2^5+0.0008700905*J1^1*J2^3*(J2-J1)^1+-0.0011137158*J2^4*(J2-J1)^1+0,0.0017441487*J1^2*J2^3+-0.0014731325*J1^1*J2^4+0.0004126780*J2^5+0.0008399241*J1^1*J2^3*(J2-J1)^1+-0.0011132009*J2^4*(J2-J1)^1+0,0,0,0,0,0,0,0,0,0,0,0,0,0,0,0,0,0,0,0,0,0,0,0,0,0,0,0,0,0,0,0,0,0,0,0,0,0,0,0,0,-0.0018743496*J1^2*J2^3+-0.0012606408*J1^1*J2^4+0.0012495664*J2^5+0.0077078128*J1^1*J2^3*(J2-J1)^1+0,-0.0007214375*J1^2*J2^3+-0.0009196463*J1^1*J2^4+0.0005525337*J2^5+0.0049104638*J1^1*J2^3*(J2-J1)^1+-0.0030690398*J2^4*(J2-J1)^1+0,-0.0015254620*J1^2*J2^3+0.0006884027*J1^1*J2^4+-0.0002514908*J2^5+0.0026086839*J1^1*J2^3*(J2-J1)^1+-0.0009207120*J2^4*(J2-J1)^1+0,-0.0015055091*J1^2*J2^3+0.0000652162*J1^1*J2^4+0.0008118182*J2^5+-0.0018605065*J1^1*J2^3*(J2-J1)^1+0.0013289332*J2^4*(J2-J1)^1+0,0,0,0,0,0,0,0,0},
{0,0,0,0,0,0,0.0015802411*J1^2*J2^3+0.0009061356*J2^5+0,0.0002090547*J1^2*J2^3+0.0006282059*J1^1*J2^4+0.0005982496*J2^5+0,0,0,0,0,0,0,0.0040453302*J1^1*J2^4+0,0.0001010462*J1^2*J2^3+0.0013550900*J1^1*J2^4+0.0008794362*J2^5+0,0,0,0,0,0,0,0.0001702477*J1^2*J2^3+0.0038014543*J1^1*J2^4+0.0006469123*J2^5+0,0.0010208695*J1^2*J2^3+0.0014504264*J1^1*J2^4+0.0001952623*J2^5+0,0,0,0,0,0,0,-0.0014009171*J1^1*J2^4+0.0001531965*J2^5+-0.0005734101*J2^4*(J2-J1)^1+0,0.0013171296*J1^2*J2^3+-0.0013650833*J1^1*J2^4+-0.0006724181*J2^5+-0.0009192911*J1^1*J2^3*(J2-J1)^1+0,0,0,0,0,0,0,-0.0041750653*J1^2*J2^3+0.0022924098*J1^1*J2^4+-0.0018937299*J2^5+-0.0029900998*J1^1*J2^3*(J2-J1)^1+0,-0.0010933454*J1^2*J2^3+-0.0010869516*J2^5+-0.0005754450*J2^4*(J2-J1)^1+0,0,0,0,0,0,0,0.0036687365*J1^1*J2^4+-0.0001161571*J2^5+0.0000556858*J2^4*(J2-J1)^1+0,0.0018627025*J1^2*J2^3+0.0015756113*J1^1*J2^4+-0.0013872311*J2^5+-0.0003657086*J1^1*J2^3*(J2-J1)^1+0,0,0,0,0,0,0,0,0,0,0,0,0,0,0,0,0,0,0,0,0,0,0,0,0,0,0,0,0,0.0018861807*J1^2*J2^3+0.0005754450*J1^1*J2^4+0.0008040245*J2^5+-0.0110485435*J1^1*J2^3*(J2-J1)^1+0,0.0004642038*J1^2*J2^3+0.0014212203*J2^5+-0.0018605065*J2^4*(J2-J1)^1+0,0.0009284075*J1^1*J2^4+0.0009570165*J2^5+-0.0015947199*J2^4*(J2-J1)^1+0,0.0010821562*J1^2*J2^3+0.0007278313*J1^1*J2^4+-0.0007214375*J2^5+0.0016879719*J1^1*J2^3*(J2-J1)^1+0,0,0,0,0,0,0,0,0,0,0,0,0,-0.0026674624*J1^2*J2^3+-0.0008138021*J1^1*J2^4+-0.0011370624*J2^5+0.0068359375*J1^1*J2^3*(J2-J1)^1+0,-0.0006564833*J1^2*J2^3+-0.0020099090*J2^5+-0.0024432140*J2^4*(J2-J1)^1+0,-0.0013129665*J1^1*J2^4+-0.0013534257*J2^5+-0.0028190931*J2^4*(J2-J1)^1+0,-0.0015304000*J1^2*J2^3+-0.0010293089*J1^1*J2^4+0.0010202667*J2^5+-0.0053168403*J1^1*J2^3*(J2-J1)^1+0},
{0,0,0,0,0,0,0.0001390067*J1^2*J2^3+0.0007683019*J1^1*J2^4+0.0005282016*J2^5+0,-0.0001236099*J1^2*J2^3+0.0004019066*J1^1*J2^4+0.0005504956*J2^5+0,0,0,0,0,0,0,0.0000050440*J1^2*J2^3+0.0031038744*J1^1*J2^4+-0.0007733459*J2^5+0,0.0002634350*J1^2*J2^3+0.0008215733*J1^1*J2^4+0.0002634350*J2^5+0,0,0,0,0,0,0,0.0006415641*J1^2*J2^3+0.0011082276*J1^1*J2^4+0.0009167665*J2^5+0,0.0006171262*J1^2*J2^3+0.0007819503*J1^1*J2^4+0.0001404616*J2^5+0,0,0,0,0,0,0,-0.0000277066*J1^2*J2^3+-0.0013650833*J1^1*J2^4+0.0006724181*J2^5+0.0000014209*J1^1*J2^3*(J2-J1)^1+0,0.0007444487*J1^2*J2^3+-0.0011092901*J1^1*J2^4+-0.0000510655*J2^5+-0.0005299326*J1^1*J2^3*(J2-J1)^1+0.0001911367*J2^4*(J2-J1)^1+0,0,0,0,0,0,0,-0.0010933454*J1^2*J2^3+-0.0010869516*J2^5+-0.0024168689*J2^4*(J2-J1)^1+0,0.0001292018*J1^2*J2^3+-0.0007641366*J1^1*J2^4+-0.0006238603*J2^5+0.0009966999*J1^1*J2^3*(J2-J1)^1+-0.0017276132*J2^4*(J2-J1)^1+0,0,0,0,0,0,0,-0.0009117597*J1^2*J2^3+0.0015756113*J1^1*J2^4+0.0013872311*J2^5+0.0002853331*J1^1*J2^3*(J2-J1)^1+0,0.0005490271*J1^2*J2^3+0.0005964470*J1^1*J2^4+0.0000387190*J2^5+-0.0000464048*J1^1*J2^3*(J2-J1)^1+-0.0000185619*J2^4*(J2-J1)^1+0,0,0,0,0,0,0,0,0,0,0,0,0,0,0,0,0,0,0,0,0,0,0,0,0,0,0,0,0,0.0004642038*J1^2*J2^3+0.0014212203*J2^5+-0.0087709594*J2^4*(J2-J1)^1+0,-0.0000927106*J1^2*J2^3+-0.0001918150*J1^1*J2^4+0.0013730756*J2^5+0.0036828478*J1^1*J2^3*(J2-J1)^1+-0.0061380797*J2^4*(J2-J1)^1+0,-0.0003607187*J1^2*J2^3+0.0007278313*J1^1*J2^4+0.0007214375*J2^5+-0.0023017799*J1^1*J2^3*(J2-J1)^1+0,0.0004165221*J1^2*J2^3+0.0005309580*J1^1*J2^4+-0.0003190055*J2^5+-0.0003543822*J1^1*J2^3*(J2-J1)^1+0.0005315733*J2^4*(J2-J1)^1+0,0,0,0,0,0,0,0,0,0,0,0,0,-0.0006564833*J1^2*J2^3+-0.0020099090*J2^5+0.0073296421*J2^4*(J2-J1)^1+0,0.0001311126*J1^2*J2^3+0.0002712674*J1^1*J2^4+-0.0019418222*J2^5+-0.0022786458*J1^1*J2^3*(J2-J1)^1+0.0028211806*J2^4*(J2-J1)^1+0,0.0005101333*J1^2*J2^3+-0.0010293089*J1^1*J2^4+-0.0010202667*J2^5+0.0003255208*J1^1*J2^3*(J2-J1)^1+0,-0.0005890512*J1^2*J2^3+-0.0007508881*J1^1*J2^4+0.0004511419*J2^5+-0.0028817396*J1^1*J2^3*(J2-J1)^1+0.0009396977*J2^4*(J2-J1)^1+0},
{0,0,0,0,0,0,0.0002090547*J1^2*J2^3+0.0006282059*J1^1*J2^4+0.0005982496*J2^5+0,0.0004400382*J1^2*J2^3+-0.0007253897*J1^1*J2^4+0.0011141437*J2^5+0,0,0,0,0,0,0,0.0008794362*J1^2*J2^3+0.0013550900*J1^1*J2^4+0.0001010462*J2^5+0,-0.0005660818*J1^2*J2^3+0.0024806070*J1^1*J2^4+-0.0005660818*J2^5+0,0,0,0,0,0,0,0.0004704647*J1^2*J2^3+0.0014504264*J1^1*J2^4+0.0007456671*J2^5+0,-0.0000552217*J1^2*J2^3+0.0021266461*J1^1*J2^4+-0.0005318863*J2^5+0,0,0,0,0,0,0,0.0010656388*J1^2*J2^3+-0.0027845143*J1^1*J2^4+0.0009985036*J2^5+-0.0015444659*J1^1*J2^3*(J2-J1)^1+-0.0003978385*J2^4*(J2-J1)^1+0,0.0013756920*J1^2*J2^3+-0.0021724367*J1^1*J2^4+0.0003808378*J2^5+-0.0005545425*J1^1*J2^3*(J2-J1)^1+-0.0009064637*J2^4*(J2-J1)^1+0,0,0,0,0,0,0,-0.0021866909*J1^1*J2^4+0.0000063938*J2^5+-0.0001150890*J2^4*(J2-J1)^1+0,0.0007604451*J1^2*J2^3+-0.0004983500*J1^1*J2^4+-0.0015208903*J2^5+0.0005980200*J1^1*J2^3*(J2-J1)^1+0,0,0,0,0,0,0,0.0006344642*J1^2*J2^3+-0.0001876266*J1^1*J2^4+0.0016042450*J2^5+-0.0019973315*J1^1*J2^3*(J2-J1)^1+0.0020294817*J2^4*(J2-J1)^1+0,0.0014417399*J1^2*J2^3+-0.0013299333*J1^1*J2^4+0.0010723865*J2^5+0.0004617280*J1^1*J2^3*(J2-J1)^1+-0.0006728700*J2^4*(J2-J1)^1+0,0,0,0,0,0,0,0,0,0,0,0,0,0,0,0,0,0,0,0,0,0,0,0,0,0,0,0,0,0.0009284075*J1^1*J2^4+0.0009570165*J2^5+-0.0077078128*J2^4*(J2-J1)^1+0,-0.0003607187*J1^2*J2^3+0.0007278313*J1^1*J2^4+0.0007214375*J2^5+-0.0018414239*J1^1*J2^3*(J2-J1)^1+0,0.0004433058*J1^2*J2^3+-0.0012638477*J1^1*J2^4+0.0019090920*J2^5+0.0009207120*J1^1*J2^3*(J2-J1)^1+-0.0026086839*J2^4*(J2-J1)^1+0,0.0008807259*J1^2*J2^3+-0.0003974495*J1^1*J2^4+0.0001451983*J2^5+0.0015061243*J1^1*J2^3*(J2-J1)^1+-0.0009745510*J2^4*(J2-J1)^1+0,0,0,0,0,0,0,0,0,0,0,0,0,-0.0013129665*J1^1*J2^4+-0.0013534257*J2^5+0.0058261258*J2^4*(J2-J1)^1+0,0.0005101333*J1^2*J2^3+-0.0010293089*J1^1*J2^4+-0.0010202667*J2^5+-0.0003255208*J1^1*J2^3*(J2-J1)^1+0,-0.0006269290*J1^2*J2^3+0.0017873505*J1^1*J2^4+-0.0026998638*J2^5+0.0016276042*J1^1*J2^3*(J2-J1)^1+-0.0021701389*J2^4*(J2-J1)^1+0,-0.0012455345*J1^2*J2^3+0.0005620784*J1^1*J2^4+-0.0002053414*J2^5+-0.0055128932*J1^1*J2^3*(J2-J1)^1+0.0030696792*J2^4*(J2-J1)^1+0},
{0,0,0,0,0,0,0.0007751974*J1^2*J2^3+0.0004019066*J1^1*J2^4+-0.0003483118*J2^5+0,0.0002817391*J1^2*J2^3+0.0003042202*J1^1*J2^4+-0.0001074559*J2^5+0,0,0,0,0,0,0,-0.0001859686*J1^2*J2^3+0.0008215733*J1^1*J2^4+0.0007128387*J2^5+0,-0.0010775345*J1^2*J2^3+0.0021552032*J1^1*J2^4+-0.0002991446*J2^5+0,0,0,0,0,0,0,0.0002993498*J1^2*J2^3+0.0007819503*J1^1*J2^4+0.0004582380*J2^5+0,0.0004793730*J1^2*J2^3+0.0002053092*J1^1*J2^4+0.0002041706*J2^5+0,0,0,0,0,0,0,0.0006632361*J1^2*J2^3+-0.0021724367*J1^1*J2^4+0.0010932937*J2^5+-0.0000229692*J1^1*J2^3*(J2-J1)^1+-0.0009064637*J2^4*(J2-J1)^1+0,0.0008219628*J1^2*J2^3+-0.0015803424*J1^1*J2^4+0.0005182557*J2^5+0.0001813954*J1^1*J2^3*(J2-J1)^1+-0.0009140813*J2^4*(J2-J1)^1+0,0,0,0,0,0,0,-0.0022813354*J1^2*J2^3+-0.0004983500*J1^1*J2^4+0.0015208903*J2^5+-0.0004651266*J1^1*J2^3*(J2-J1)^1+0,-0.0008780864*J1^2*J2^3+0.0001534520*J1^1*J2^4+-0.0000021313*J2^5+0.0000767260*J1^1*J2^3*(J2-J1)^1+0.0000383630*J2^4*(J2-J1)^1+0,0,0,0,0,0,0,0.0019455223*J1^2*J2^3+-0.0013299333*J1^1*J2^4+0.0005686041*J2^5+0.0015893653*J1^1*J2^3*(J2-J1)^1+-0.0014246281*J2^4*(J2-J1)^1+0,0.0017441487*J1^2*J2^3+-0.0014731325*J1^1*J2^4+0.0004126780*J2^5+0.0018499764*J1^1*J2^3*(J2-J1)^1+-0.0018874850*J2^4*(J2-J1)^1+0,0,0,0,0,0,0,0,0,0,0,0,0,0,0,0,0,0,0,0,0,0,0,0,0,0,0,0,0,0.0010821562*J1^2*J2^3+0.0007278313*J1^1*J2^4+-0.0007214375*J2^5+-0.0058311757*J1^1*J2^3*(J2-J1)^1+0,0.0004165221*J1^2*J2^3+0.0005309580*J1^1*J2^4+-0.0003190055*J2^5+-0.0044297775*J1^1*J2^3*(J2-J1)^1+0.0025692709*J2^4*(J2-J1)^1+0,0.0008807259*J1^2*J2^3+-0.0003974495*J1^1*J2^4+0.0001451983*J2^5+-0.0031008442*J1^1*J2^3*(J2-J1)^1+0.0013289332*J2^4*(J2-J1)^1+0,0.0008692061*J1^2*J2^3+-0.0000376526*J1^1*J2^4+-0.0004687035*J2^5+-0.0012276159*J1^1*J2^3*(J2-J1)^1+0.0010741639*J2^4*(J2-J1)^1+0,0,0,0,0,0,0,0,0,0,0,0,0,-0.0015304000*J1^2*J2^3+-0.0010293089*J1^1*J2^4+0.0010202667*J2^5+0.0053168403*J1^1*J2^3*(J2-J1)^1+0,-0.0005890512*J1^2*J2^3+-0.0007508881*J1^1*J2^4+0.0004511419*J2^5+0.0028817396*J1^1*J2^3*(J2-J1)^1+-0.0019420419*J2^4*(J2-J1)^1+0,-0.0012455345*J1^2*J2^3+0.0005620784*J1^1*J2^4+-0.0002053414*J2^5+0.0010023442*J1^1*J2^3*(J2-J1)^1+-0.0001879395*J2^4*(J2-J1)^1+0,-0.0012292430*J1^2*J2^3+0.0000532488*J1^1*J2^4+0.0006628468*J2^5+-0.0031467014*J1^1*J2^3*(J2-J1)^1+0.0023871528*J2^4*(J2-J1)^1+0},
{0,0,0,0,0,0,0,0,0,0,0,0,0,0,0,0,0,0,0,0,0,0,0,0,0,0,0,0,0,0,0,0,0,0,0,0,0,0,0,0,0,0,0,0,0,0,0,0,0,0,0,0,0.0025528454*J1^2*J2^3+-0.0010101750*J1^1*J2^4+0.0016317459*J2^5+0.0000939698*J1^1*J2^3*(J2-J1)^1+0,0.0009420889*J1^2*J2^3+0.0008906612*J2^5+-0.0026584201*J2^4*(J2-J1)^1+0,0.0018841779*J1^1*J2^4+-0.0000514278*J2^5+-0.0054253472*J2^4*(J2-J1)^1+0,0.0009210995*J1^2*J2^3+0.0007511056*J1^1*J2^4+-0.0006140663*J2^5+-0.0046984885*J1^1*J2^3*(J2-J1)^1+0,0,0,0,0,0,0,0,0,0,0,0,0,0,0,0,0,0,0,0,0,0,0,0,0,0,0,0,0,0,0,0,0,0,0,0,0,0,0,0,0},
{0,0,0,0,0,0,0,0,0,0,0,0,0,0,0,0,0,0,0,0,0,0,0,0,0,0,0,0,0,0,0,0,0,0,0,0,0,0,0,0,0,0,0,0,0,0,0,0,0,0,0,0,0.0009420889*J1^2*J2^3+0.0008906612*J2^5+0.0043945312*J2^4*(J2-J1)^1+0,0.0002368821*J1^2*J2^3+0.0003367250*J1^1*J2^4+0.0004845316*J2^5+-0.0000313233*J1^1*J2^3*(J2-J1)^1+0.0010023442*J2^4*(J2-J1)^1+0,-0.0003070332*J1^2*J2^3+0.0007511056*J1^1*J2^4+0.0006140663*J2^5+-0.0006264651*J1^1*J2^3*(J2-J1)^1+0,0.0003545314*J1^2*J2^3+0.0002392427*J1^1*J2^4+0.0000171426*J2^5+-0.0030743634*J1^1*J2^3*(J2-J1)^1+0.0018084491*J2^4*(J2-J1)^1+0,0,0,0,0,0,0,0,0,0,0,0,0,0,0,0,0,0,0,0,0,0,0,0,0,0,0,0,0,0,0,0,0,0,0,0,0,0,0,0,0},
{0,0,0,0,0,0,0,0,0,0,0,0,0,0,0,0,0,0,0,0,0,0,0,0,0,0,0,0,0,0,0,0,0,0,0,0,0,0,0,0,0,0,0,0,0,0,0,0,0,0,0,0,0.0018841779*J1^1*J2^4+-0.0000514278*J2^5+0.0047200521*J2^4*(J2-J1)^1+0,-0.0003070332*J1^2*J2^3+0.0007511056*J1^1*J2^4+0.0006140663*J2^5+0.0011589605*J1^1*J2^3*(J2-J1)^1+0,0.0013247127*J1^2*J2^3+-0.0018389362*J1^1*J2^4+0.0015723622*J2^5+0.0042912862*J1^1*J2^3*(J2-J1)^1+-0.0047298118*J2^4*(J2-J1)^1+0,0.0012966203*J1^2*J2^3+-0.0016449351*J1^1*J2^4+0.0009592315*J2^5+-0.0045392072*J1^1*J2^3*(J2-J1)^1+0.0033817998*J2^4*(J2-J1)^1+0,0,0,0,0,0,0,0,0,0,0,0,0,0,0,0,0,0,0,0,0,0,0,0,0,0,0,0,0,0,0,0,0,0,0,0,0,0,0,0,0},
{0,0,0,0,0,0,0,0,0,0,0,0,0,0,0,0,0,0,0,0,0,0,0,0,0,0,0,0,0,0,0,0,0,0,0,0,0,0,0,0,0,0,0,0,0,0,0,0,0,0,0,0,0.0009210995*J1^2*J2^3+0.0007511056*J1^1*J2^4+-0.0006140663*J2^5+0.0052309839*J1^1*J2^3*(J2-J1)^1+0,0.0003545314*J1^2*J2^3+0.0002392427*J1^1*J2^4+0.0000171426*J2^5+0.0036892361*J1^1*J2^3*(J2-J1)^1+-0.0015733507*J2^4*(J2-J1)^1+0,0.0012966203*J1^2*J2^3+-0.0016449351*J1^1*J2^4+0.0009592315*J2^5+0.0001627604*J1^1*J2^3*(J2-J1)^1+0.0010308160*J2^4*(J2-J1)^1+0,0.0010556373*J1^2*J2^3+-0.0012864288*J1^1*J2^4+0.0005835044*J2^5+-0.0039571714*J1^1*J2^3*(J2-J1)^1+0.0041242288*J2^4*(J2-J1)^1+0,0,0,0,0,0,0,0,0,0,0,0,0,0,0,0,0,0,0,0,0,0,0,0,0,0,0,0,0,0,0,0,0,0,0,0,0,0,0,0,0},
{0,0,0,0,0,0,0,0,0,0,0,0,0,0,0,0,0,0,0,0,0,0,0,0,0,0,0,0,0,0,0,0,0,0,0,0,0,0,0,0,0,0,0,0,0,0,0,0,0,0,0,0,0,0,0,0,0,0,0,0,-0.0014738860*J1^2*J2^3+0.0005832248*J1^1*J2^4+-0.0009420889*J2^5+-0.0017903646*J1^1*J2^3*(J2-J1)^1+0,-0.0005439153*J1^2*J2^3+-0.0005142235*J2^5+0.0005324954*J2^4*(J2-J1)^1+0,-0.0010878306*J1^1*J2^4+0.0000296918*J2^5+0.0021299815*J2^4*(J2-J1)^1+0,-0.0005317971*J1^2*J2^3+-0.0004336510*J1^1*J2^4+0.0003545314*J2^5+0.0021339699*J1^1*J2^3*(J2-J1)^1+0,0,0,0,0,-0.0020843896*J1^2*J2^3+0.0008248045*J1^1*J2^4+-0.0013323150*J2^5+-0.0013043419*J1^1*J2^3*(J2-J1)^1+0,-0.0007692124*J1^2*J2^3+-0.0007272218*J2^5+0.0014618266*J2^4*(J2-J1)^1+0,-0.0015384248*J1^1*J2^4+0.0000419906*J2^5+0.0037210131*J2^4*(J2-J1)^1+0,-0.0007520746*J1^2*J2^3+-0.0006132752*J1^1*J2^4+0.0005013831*J2^5+0.0034270945*J1^1*J2^3*(J2-J1)^1+0,0,0,0,0,0,0,0,0,0,0,0,0,0,0,0,0,0,0,0,0,0,0,0,0},
{0,0,0,0,0,0,0,0,0,0,0,0,0,0,0,0,0,0,0,0,0,0,0,0,0,0,0,0,0,0,0,0,0,0,0,0,0,0,0,0,0,0,0,0,0,0,0,0,0,0,0,0,0,0,0,0,0,0,0,0,-0.0005439153*J1^2*J2^3+-0.0005142235*J2^5+-0.0035395280*J2^4*(J2-J1)^1+0,-0.0001367640*J1^2*J2^3+-0.0001944083*J1^1*J2^4+-0.0002797445*J2^5+0.0005967882*J1^1*J2^3*(J2-J1)^1+-0.0017361111*J2^4*(J2-J1)^1+0,0.0001772657*J1^2*J2^3+-0.0004336510*J1^1*J2^4+-0.0003545314*J2^5+-0.0002170139*J1^1*J2^3*(J2-J1)^1+0,-0.0002046888*J1^2*J2^3+-0.0001381269*J1^1*J2^4+-0.0000098973*J2^5+0.0011067551*J1^1*J2^3*(J2-J1)^1+-0.0007099938*J2^4*(J2-J1)^1+0,0,0,0,0,-0.0007692124*J1^2*J2^3+-0.0007272218*J2^5+-0.0042968841*J2^4*(J2-J1)^1+0,-0.0001934134*J1^2*J2^3+-0.0002749348*J1^1*J2^4+-0.0003956184*J2^5+0.0004347806*J1^1*J2^3*(J2-J1)^1+-0.0016368213*J2^4*(J2-J1)^1+0,0.0002506915*J1^2*J2^3+-0.0006132752*J1^1*J2^4+-0.0005013831*J2^5+0.0001023013*J1^1*J2^3*(J2-J1)^1+0,-0.0002894737*J1^2*J2^3+-0.0001953409*J1^1*J2^4+-0.0000139969*J2^5+0.0020376976*J1^1*J2^3*(J2-J1)^1+-0.0012403377*J2^4*(J2-J1)^1+0,0,0,0,0,0,0,0,0,0,0,0,0,0,0,0,0,0,0,0,0,0,0,0,0},
{0,0,0,0,0,0,0,0,0,0,0,0,0,0,0,0,0,0,0,0,0,0,0,0,0,0,0,0,0,0,0,0,0,0,0,0,0,0,0,0,0,0,0,0,0,0,0,0,0,0,0,0,0,0,0,0,0,0,0,0,-0.0010878306*J1^1*J2^4+0.0000296918*J2^5+-0.0037274676*J2^4*(J2-J1)^1+0,0.0001772657*J1^2*J2^3+-0.0004336510*J1^1*J2^4+-0.0003545314*J2^5+-0.0012478299*J1^1*J2^3*(J2-J1)^1+0,-0.0007648233*J1^2*J2^3+0.0010617103*J1^1*J2^4+-0.0009078038*J2^5+-0.0018988715*J1^1*J2^3*(J2-J1)^1+0.0015733507*J2^4*(J2-J1)^1+0,-0.0007486041*J1^2*J2^3+0.0009497037*J1^1*J2^4+-0.0005538126*J2^5+0.0019524830*J1^1*J2^3*(J2-J1)^1+-0.0016183683*J2^4*(J2-J1)^1+0,0,0,0,0,-0.0015384248*J1^1*J2^4+0.0000419906*J2^5+-0.0045626708*J2^4*(J2-J1)^1+0,0.0002506915*J1^2*J2^3+-0.0006132752*J1^1*J2^4+-0.0005013831*J2^5+-0.0013554926*J1^1*J2^3*(J2-J1)^1+0,-0.0010816234*J1^2*J2^3+0.0015014851*J1^1*J2^4+-0.0012838284*J2^5+-0.0030946152*J1^1*J2^3*(J2-J1)^1+0.0030434645*J2^4*(J2-J1)^1+0,-0.0010586860*J1^2*J2^3+0.0013430839*J1^1*J2^4+-0.0007832093*J2^5+0.0032337375*J1^1*J2^3*(J2-J1)^1+-0.0025249732*J2^4*(J2-J1)^1+0,0,0,0,0,0,0,0,0,0,0,0,0,0,0,0,0,0,0,0,0,0,0,0,0},
{0,0,0,0,0,0,0,0,0,0,0,0,0,0,0,0,0,0,0,0,0,0,0,0,0,0,0,0,0,0,0,0,0,0,0,0,0,0,0,0,0,0,0,0,0,0,0,0,0,0,0,0,0,0,0,0,0,0,0,0,-0.0005317971*J1^2*J2^3+-0.0004336510*J1^1*J2^4+0.0003545314*J2^5+-0.0035988137*J1^1*J2^3*(J2-J1)^1+0,-0.0002046888*J1^2*J2^3+-0.0001381269*J1^1*J2^4+-0.0000098973*J2^5+-0.0027982109*J1^1*J2^3*(J2-J1)^1+0.0012424892*J2^4*(J2-J1)^1+0,-0.0007486041*J1^2*J2^3+0.0009497037*J1^1*J2^4+-0.0005538126*J2^5+-0.0007621992*J1^1*J2^3*(J2-J1)^1+-0.0002610271*J2^4*(J2-J1)^1+0,-0.0006094725*J1^2*J2^3+0.0007427200*J1^1*J2^4+-0.0003368864*J2^5+0.0013201678*J1^1*J2^3*(J2-J1)^1+-0.0016095197*J2^4*(J2-J1)^1+0,0,0,0,0,-0.0007520746*J1^2*J2^3+-0.0006132752*J1^1*J2^4+0.0005013831*J2^5+-0.0046802858*J1^1*J2^3*(J2-J1)^1+0,-0.0002894737*J1^2*J2^3+-0.0001953409*J1^1*J2^4+-0.0000139969*J2^5+-0.0034847583*J1^1*J2^3*(J2-J1)^1+0.0015208903*J2^4*(J2-J1)^1+0,-0.0010586860*J1^2*J2^3+0.0013430839*J1^1*J2^4+-0.0007832093*J2^5+-0.0006054029*J1^1*J2^3*(J2-J1)^1+-0.0006054029*J2^4*(J2-J1)^1+0,-0.0008619242*J1^2*J2^3+0.0010503647*J1^1*J2^4+-0.0004764294*J2^5+0.0025490081*J1^1*J2^3*(J2-J1)^1+-0.0028218116*J2^4*(J2-J1)^1+0,0,0,0,0,0,0,0,0,0,0,0,0,0,0,0,0,0,0,0,0,0,0,0,0},
{0,0,0,0,0,0,0,0,0,0,0,0,0,0,0,0,0,0,0,0,0,0,0,0,0,0,0,0,0,0,0,0,0,0,0,0,0,0,0,0,0,0,0,0,0,0,0,0,-0.0044216580*J1^2*J2^3+0.0017496745*J1^1*J2^4+-0.0028262668*J2^5+-0.0146484375*J1^1*J2^3*(J2-J1)^1+0,-0.0016317459*J1^2*J2^3+-0.0015426704*J2^5+-0.0037587908*J2^4*(J2-J1)^1+0,-0.0032634918*J1^1*J2^4+0.0000890755*J2^5+0.0010336675*J2^4*(J2-J1)^1+0,-0.0015953912*J1^2*J2^3+-0.0013009531*J1^1*J2^4+0.0010635941*J2^5+0.0033094618*J1^1*J2^3*(J2-J1)^1+0,0,0,0,0,0,0,0,0,0,0,0,0,0,0,0,0,0,0,0,0,0,0,0,0,0,0,0,0,0,0,0,0,0,0,0,0,0,0,0,0,0,0,0,0},
{0,0,0,0,0,0,0,0,0,0,0,0,0,0,0,0,0,0,0,0,0,0,0,0,0,0,0,0,0,0,0,0,0,0,0,0,0,0,0,0,0,0,0,0,0,0,0,0,-0.0016317459*J1^2*J2^3+-0.0015426704*J2^5+-0.0159748610*J2^4*(J2-J1)^1+0,-0.0004102919*J1^2*J2^3+-0.0005832248*J1^1*J2^4+-0.0008392334*J2^5+0.0048828125*J1^1*J2^3*(J2-J1)^1+-0.0113932292*J2^4*(J2-J1)^1+0,0.0005317971*J1^2*J2^3+-0.0013009531*J1^1*J2^4+-0.0010635941*J2^5+-0.0037434896*J1^1*J2^3*(J2-J1)^1+0,-0.0006140663*J1^2*J2^3+-0.0004143806*J1^1*J2^4+-0.0000296918*J2^5+-0.0002505861*J1^1*J2^3*(J2-J1)^1+-0.0003445558*J2^4*(J2-J1)^1+0,0,0,0,0,0,0,0,0,0,0,0,0,0,0,0,0,0,0,0,0,0,0,0,0,0,0,0,0,0,0,0,0,0,0,0,0,0,0,0,0,0,0,0,0},
{0,0,0,0,0,0,0,0,0,0,0,0,0,0,0,0,0,0,0,0,0,0,0,0,0,0,0,0,0,0,0,0,0,0,0,0,0,0,0,0,0,0,0,0,0,0,0,0,-0.0032634918*J1^1*J2^4+0.0000890755*J2^5+-0.0165386796*J2^4*(J2-J1)^1+0,0.0005317971*J1^2*J2^3+-0.0013009531*J1^1*J2^4+-0.0010635941*J2^5+-0.0068359375*J1^1*J2^3*(J2-J1)^1+0,-0.0022944698*J1^2*J2^3+0.0031851309*J1^1*J2^4+-0.0027234113*J2^5+-0.0026041667*J1^1*J2^3*(J2-J1)^1+-0.0014648438*J2^4*(J2-J1)^1+0,-0.0022458123*J1^2*J2^3+0.0028491112*J1^1*J2^4+-0.0016614377*J2^5+0.0022865977*J1^1*J2^3*(J2-J1)^1+-0.0030696792*J2^4*(J2-J1)^1+0,0,0,0,0,0,0,0,0,0,0,0,0,0,0,0,0,0,0,0,0,0,0,0,0,0,0,0,0,0,0,0,0,0,0,0,0,0,0,0,0,0,0,0,0},
{0,0,0,0,0,0,0,0,0,0,0,0,0,0,0,0,0,0,0,0,0,0,0,0,0,0,0,0,0,0,0,0,0,0,0,0,0,0,0,0,0,0,0,0,0,0,0,0,-0.0015953912*J1^2*J2^3+-0.0013009531*J1^1*J2^4+0.0010635941*J2^5+-0.0138888889*J1^1*J2^3*(J2-J1)^1+0,-0.0006140663*J1^2*J2^3+-0.0004143806*J1^1*J2^4+-0.0000296918*J2^5+-0.0119654841*J1^1*J2^3*(J2-J1)^1+0.0055128932*J2^4*(J2-J1)^1+0,-0.0022458123*J1^2*J2^3+0.0028491112*J1^1*J2^4+-0.0016614377*J2^5+-0.0058574490*J1^1*J2^3*(J2-J1)^1+0.0010023442*J2^4*(J2-J1)^1+0,-0.0018284174*J1^2*J2^3+0.0022281600*J1^1*J2^4+-0.0010106593*J2^5+-0.0011935764*J1^1*J2^3*(J2-J1)^1+-0.0007052951*J2^4*(J2-J1)^1+0,0,0,0,0,0,0,0,0,0,0,0,0,0,0,0,0,0,0,0,0,0,0,0,0,0,0,0,0,0,0,0,0,0,0,0,0,0,0,0,0,0,0,0,0},
{0,0,0,0,0,0,0,0,0,0,0,0,0,0,0,0,0,0,0,0,0,0,0,0,0,0,0,0,0,0,0,0,0,0,0,0,0,0,0,0,0,0,0,0,0,0,0,0,0,0,0,0,0,0,0,0,0.0025528454*J1^2*J2^3+-0.0010101750*J1^1*J2^4+0.0016317459*J2^5+0.0114643120*J1^1*J2^3*(J2-J1)^1+0,0.0009420889*J1^2*J2^3+0.0008906612*J2^5+0.0039062500*J2^4*(J2-J1)^1+0,0.0018841779*J1^1*J2^4+-0.0000514278*J2^5+0.0011393229*J2^4*(J2-J1)^1+0,0.0009210995*J1^2*J2^3+0.0007511056*J1^1*J2^4+-0.0006140663*J2^5+-0.0009083744*J1^1*J2^3*(J2-J1)^1+0,0,0,0,0,0.0036102686*J1^2*J2^3+-0.0014286032*J1^1*J2^4+0.0023076372*J2^5+0.0140866923*J1^1*J2^3*(J2-J1)^1+0,0.0013323150*J1^2*J2^3+0.0012595851*J2^5+0.0042966558*J2^4*(J2-J1)^1+0,0.0026646299*J1^1*J2^4+-0.0000727299*J2^5+0.0003836300*J2^4*(J2-J1)^1+0,0.0013026314*J1^2*J2^3+0.0010622237*J1^1*J2^4+-0.0008684210*J2^5+-0.0019933999*J1^1*J2^3*(J2-J1)^1+0,0,0,0,0,0,0,0,0,0,0,0,0,0,0,0,0,0,0,0,0,0,0,0,0,0,0,0,0},
{0,0,0,0,0,0,0,0,0,0,0,0,0,0,0,0,0,0,0,0,0,0,0,0,0,0,0,0,0,0,0,0,0,0,0,0,0,0,0,0,0,0,0,0,0,0,0,0,0,0,0,0,0,0,0,0,0.0009420889*J1^2*J2^3+0.0008906612*J2^5+0.0109592014*J2^4*(J2-J1)^1+0,0.0002368821*J1^2*J2^3+0.0003367250*J1^1*J2^4+0.0004845316*J2^5+-0.0038214373*J1^1*J2^3*(J2-J1)^1+0.0085825724*J2^4*(J2-J1)^1+0,-0.0003070332*J1^2*J2^3+0.0007511056*J1^1*J2^4+0.0006140663*J2^5+0.0031636489*J1^1*J2^3*(J2-J1)^1+0,0.0003545314*J1^2*J2^3+0.0002392427*J1^1*J2^4+0.0000171426*J2^5+0.0013020833*J1^1*J2^3*(J2-J1)^1+-0.0003797743*J2^4*(J2-J1)^1+0,0,0,0,0,0.0013323150*J1^2*J2^3+0.0012595851*J2^5+0.0142710353*J2^4*(J2-J1)^1+0,0.0003350019*J1^2*J2^3+0.0004762011*J1^1*J2^4+0.0006852312*J2^5+-0.0046955641*J1^1*J2^3*(J2-J1)^1+0.0107200614*J2^4*(J2-J1)^1+0,-0.0004342105*J1^2*J2^3+0.0010622237*J1^1*J2^4+0.0008684210*J2^5+0.0037653108*J1^1*J2^3*(J2-J1)^1+0,0.0005013831*J1^2*J2^3+0.0003383403*J1^1*J2^4+0.0000242433*J2^5+0.0010230133*J1^1*J2^3*(J2-J1)^1+-0.0001278767*J2^4*(J2-J1)^1+0,0,0,0,0,0,0,0,0,0,0,0,0,0,0,0,0,0,0,0,0,0,0,0,0,0,0,0,0},
{0,0,0,0,0,0,0,0,0,0,0,0,0,0,0,0,0,0,0,0,0,0,0,0,0,0,0,0,0,0,0,0,0,0,0,0,0,0,0,0,0,0,0,0,0,0,0,0,0,0,0,0,0,0,0,0,0.0018841779*J1^1*J2^4+-0.0000514278*J2^5+0.0112847222*J2^4*(J2-J1)^1+0,-0.0003070332*J1^2*J2^3+0.0007511056*J1^1*J2^4+0.0006140663*J2^5+0.0049490746*J1^1*J2^3*(J2-J1)^1+0,0.0013247127*J1^2*J2^3+-0.0018389362*J1^1*J2^4+0.0015723622*J2^5+0.0005011721*J1^1*J2^3*(J2-J1)^1+0.0028504164*J2^4*(J2-J1)^1+0,0.0012966203*J1^2*J2^3+-0.0016449351*J1^1*J2^4+0.0009592315*J2^5+-0.0001627604*J1^1*J2^3*(J2-J1)^1+0.0011935764*J2^4*(J2-J1)^1+0,0,0,0,0,0.0026646299*J1^1*J2^4+-0.0000727299*J2^5+0.0147313913*J2^4*(J2-J1)^1+0,-0.0004342105*J1^2*J2^3+0.0010622237*J1^1*J2^4+0.0008684210*J2^5+0.0062902840*J1^1*J2^3*(J2-J1)^1+0,0.0018734267*J1^2*J2^3+-0.0026006485*J1^1*J2^4+0.0022236560*J2^5+0.0014175288*J1^1*J2^3*(J2-J1)^1+0.0026135687*J2^4*(J2-J1)^1+0,0.0018336980*J1^2*J2^3+-0.0023262896*J1^1*J2^4+0.0013565582*J2^5+-0.0010485886*J1^1*J2^3*(J2-J1)^1+0.0020971772*J2^4*(J2-J1)^1+0,0,0,0,0,0,0,0,0,0,0,0,0,0,0,0,0,0,0,0,0,0,0,0,0,0,0,0,0},
{0,0,0,0,0,0,0,0,0,0,0,0,0,0,0,0,0,0,0,0,0,0,0,0,0,0,0,0,0,0,0,0,0,0,0,0,0,0,0,0,0,0,0,0,0,0,0,0,0,0,0,0,0,0,0,0,0.0009210995*J1^2*J2^3+0.0007511056*J1^1*J2^4+-0.0006140663*J2^5+0.0090210980*J1^1*J2^3*(J2-J1)^1+0,0.0003545314*J1^2*J2^3+0.0002392427*J1^1*J2^4+0.0000171426*J2^5+0.0080656829*J1^1*J2^3*(J2-J1)^1+-0.0037615741*J2^4*(J2-J1)^1+0,0.0012966203*J1^2*J2^3+-0.0016449351*J1^1*J2^4+0.0009592315*J2^5+0.0045392072*J1^1*J2^3*(J2-J1)^1+-0.0011574074*J2^4*(J2-J1)^1+0,0.0010556373*J1^2*J2^3+-0.0012864288*J1^1*J2^4+0.0005835044*J2^5+0.0023596853*J1^1*J2^3*(J2-J1)^1+-0.0009292566*J2^4*(J2-J1)^1+0,0,0,0,0,0.0013026314*J1^2*J2^3+0.0010622237*J1^1*J2^4+-0.0008684210*J2^5+0.0120489947*J1^1*J2^3*(J2-J1)^1+0,0.0005013831*J1^2*J2^3+0.0003383403*J1^1*J2^4+0.0000242433*J2^5+0.0105881875*J1^1*J2^3*(J2-J1)^1+-0.0049104638*J2^4*(J2-J1)^1+0,0.0018336980*J1^2*J2^3+-0.0023262896*J1^1*J2^4+0.0013565582*J2^5+0.0056009977*J1^1*J2^3*(J2-J1)^1+-0.0012276159*J2^4*(J2-J1)^1+0,0.0014928965*J1^2*J2^3+-0.0018192850*J1^1*J2^4+0.0008251999*J2^5+0.0021558250*J1^1*J2^3*(J2-J1)^1+-0.0003691481*J2^4*(J2-J1)^1+0,0,0,0,0,0,0,0,0,0,0,0,0,0,0,0,0,0,0,0,0,0,0,0,0,0,0,0,0},
{0,0,0,0,0,0,0,0,0,0,0,0,0,0,0,0,0,0,0,0,0,0,0,0,0,0,0,0,0,0,0,0,0,0,0,0,0,0,0,0,0,0,0,0,0,0,0,0,0,0,0,0,-0.0036102686*J1^2*J2^3+0.0014286032*J1^1*J2^4+-0.0023076372*J2^5+0.0031229931*J1^1*J2^3*(J2-J1)^1+0,-0.0013323150*J1^2*J2^3+-0.0012595851*J2^5+0.0056393607*J2^4*(J2-J1)^1+0,-0.0026646299*J1^1*J2^4+0.0000727299*J2^5+0.0095523865*J2^4*(J2-J1)^1+0,-0.0013026314*J1^2*J2^3+-0.0010622237*J1^1*J2^4+0.0008684210*J2^5+0.0077299617*J1^1*J2^3*(J2-J1)^1+0,0,0,0,0,0,0,0,0,0,0,0,0,0,0,0,0,0,0,0,0,0,0,0,0,0,0,0,0,0,0,0,0,0,0,0,0,0,0,0,0},
{0,0,0,0,0,0,0,0,0,0,0,0,0,0,0,0,0,0,0,0,0,0,0,0,0,0,0,0,0,0,0,0,0,0,0,0,0,0,0,0,0,0,0,0,0,0,0,0,0,0,0,0,-0.0013323150*J1^2*J2^3+-0.0012595851*J2^5+-0.0043350188*J2^4*(J2-J1)^1+0,-0.0003350019*J1^2*J2^3+-0.0004762011*J1^1*J2^4+-0.0006852312*J2^5+-0.0010409977*J1^1*J2^3*(J2-J1)^1+0.0007530622*J2^4*(J2-J1)^1+0,0.0004342105*J1^2*J2^3+-0.0010622237*J1^1*J2^4+-0.0008684210*J2^5+0.0019712510*J1^1*J2^3*(J2-J1)^1+0,-0.0005013831*J1^2*J2^3+-0.0003383403*J1^1*J2^4+-0.0000242433*J2^5+0.0056009977*J1^1*J2^3*(J2-J1)^1+-0.0031841288*J2^4*(J2-J1)^1+0,0,0,0,0,0,0,0,0,0,0,0,0,0,0,0,0,0,0,0,0,0,0,0,0,0,0,0,0,0,0,0,0,0,0,0,0,0,0,0,0},
{0,0,0,0,0,0,0,0,0,0,0,0,0,0,0,0,0,0,0,0,0,0,0,0,0,0,0,0,0,0,0,0,0,0,0,0,0,0,0,0,0,0,0,0,0,0,0,0,0,0,0,0,-0.0026646299*J1^1*J2^4+0.0000727299*J2^5+-0.0047953748*J2^4*(J2-J1)^1+0,0.0004342105*J1^2*J2^3+-0.0010622237*J1^1*J2^4+-0.0008684210*J2^5+-0.0005537222*J1^1*J2^3*(J2-J1)^1+0,-0.0018734267*J1^2*J2^3+0.0026006485*J1^1*J2^4+-0.0022236560*J2^5+-0.0071540906*J1^1*J2^3*(J2-J1)^1+0.0088595549*J2^4*(J2-J1)^1+0,-0.0018336980*J1^2*J2^3+0.0023262896*J1^1*J2^4+-0.0013565582*J2^5+0.0076725996*J1^1*J2^3*(J2-J1)^1+-0.0054091827*J2^4*(J2-J1)^1+0,0,0,0,0,0,0,0,0,0,0,0,0,0,0,0,0,0,0,0,0,0,0,0,0,0,0,0,0,0,0,0,0,0,0,0,0,0,0,0,0},
{0,0,0,0,0,0,0,0,0,0,0,0,0,0,0,0,0,0,0,0,0,0,0,0,0,0,0,0,0,0,0,0,0,0,0,0,0,0,0,0,0,0,0,0,0,0,0,0,0,0,0,0,-0.0013026314*J1^2*J2^3+-0.0010622237*J1^1*J2^4+0.0008684210*J2^5+-0.0063124329*J1^1*J2^3*(J2-J1)^1+0,-0.0005013831*J1^2*J2^3+-0.0003383403*J1^1*J2^4+-0.0000242433*J2^5+-0.0039641765*J1^1*J2^3*(J2-J1)^1+0.0015984583*J2^4*(J2-J1)^1+0,-0.0018336980*J1^2*J2^3+0.0023262896*J1^1*J2^4+-0.0013565582*J2^5+0.0010230133*J1^1*J2^3*(J2-J1)^1+-0.0020843896*J2^4*(J2-J1)^1+0,-0.0014928965*J1^2*J2^3+0.0018192850*J1^1*J2^4+-0.0008251999*J2^5+0.0074051113*J1^1*J2^3*(J2-J1)^1+-0.0072796010*J2^4*(J2-J1)^1+0,0,0,0,0,0,0,0,0,0,0,0,0,0,0,0,0,0,0,0,0,0,0,0,0,0,0,0,0,0,0,0,0,0,0,0,0,0,0,0,0},
{0,0,0,0,0,0,0,0,0,0,0,0,0,0,0,0,0,0,0,0,0,0,0,0,0,0,0,0,0,0,0,0,0,0,0,0,0,0,0,0,0,0,0,0,0,0,0,0,0,0,0,0,0,0,0,0,0,0,0,0,0.0020843896*J1^2*J2^3+-0.0008248045*J1^1*J2^4+0.0013323150*J2^5+0.0006521710*J1^1*J2^3*(J2-J1)^1+0,0.0007692124*J1^2*J2^3+0.0007272218*J2^5+-0.0018383576*J2^4*(J2-J1)^1+0,0.0015384248*J1^1*J2^4+-0.0000419906*J2^5+-0.0040975441*J2^4*(J2-J1)^1+0,0.0007520746*J1^2*J2^3+0.0006132752*J1^1*J2^4+-0.0005013831*J2^5+-0.0036444848*J1^1*J2^3*(J2-J1)^1+0,0,0,0,0,0.0029477720*J1^2*J2^3+-0.0011664497*J1^1*J2^4+0.0018841779*J2^5+-0.0008138021*J1^1*J2^3*(J2-J1)^1+0,0.0010878306*J1^2*J2^3+0.0010284469*J2^5+-0.0036021745*J2^4*(J2-J1)^1+0,0.0021756612*J1^1*J2^4+-0.0000593837*J2^5+-0.0067971467*J2^4*(J2-J1)^1+0,0.0010635941*J1^2*J2^3+0.0008673020*J1^1*J2^4+-0.0007090627*J2^5+-0.0057327836*J1^1*J2^3*(J2-J1)^1+0,0,0,0,0,0,0,0,0,0,0,0,0,0,0,0,0,0,0,0,0,0,0,0,0},
{0,0,0,0,0,0,0,0,0,0,0,0,0,0,0,0,0,0,0,0,0,0,0,0,0,0,0,0,0,0,0,0,0,0,0,0,0,0,0,0,0,0,0,0,0,0,0,0,0,0,0,0,0,0,0,0,0,0,0,0,0.0007692124*J1^2*J2^3+0.0007272218*J2^5+0.0039203530*J2^4*(J2-J1)^1+0,0.0001934134*J1^2*J2^3+0.0002749348*J1^1*J2^4+0.0003956184*J2^5+-0.0002173903*J1^1*J2^3*(J2-J1)^1+0.0012020406*J2^4*(J2-J1)^1+0,-0.0002506915*J1^2*J2^3+0.0006132752*J1^1*J2^4+0.0005013831*J2^5+-0.0003196917*J1^1*J2^3*(J2-J1)^1+0,0.0002894737*J1^2*J2^3+0.0001953409*J1^1*J2^4+0.0000139969*J2^5+-0.0022887184*J1^1*J2^3*(J2-J1)^1+0.0013658480*J2^4*(J2-J1)^1+0,0,0,0,0,0.0010878306*J1^2*J2^3+0.0010284469*J2^5+0.0045418722*J2^4*(J2-J1)^1+0,0.0002735279*J1^2*J2^3+0.0003888166*J1^1*J2^4+0.0005594889*J2^5+0.0002712674*J1^1*J2^3*(J2-J1)^1+0.0005425347*J2^4*(J2-J1)^1+0,-0.0003545314*J1^2*J2^3+0.0008673020*J1^1*J2^4+0.0007090627*J2^5+-0.0010308160*J1^1*J2^3*(J2-J1)^1+0,0.0004093776*J1^2*J2^3+0.0002762537*J1^1*J2^4+0.0000197946*J2^5+-0.0039049660*J1^1*J2^3*(J2-J1)^1+0.0022657156*J2^4*(J2-J1)^1+0,0,0,0,0,0,0,0,0,0,0,0,0,0,0,0,0,0,0,0,0,0,0,0,0},
{0,0,0,0,0,0,0,0,0,0,0,0,0,0,0,0,0,0,0,0,0,0,0,0,0,0,0,0,0,0,0,0,0,0,0,0,0,0,0,0,0,0,0,0,0,0,0,0,0,0,0,0,0,0,0,0,0,0,0,0,0.0015384248*J1^1*J2^4+-0.0000419906*J2^5+0.0041861397*J2^4*(J2-J1)^1+0,-0.0002506915*J1^2*J2^3+0.0006132752*J1^1*J2^4+0.0005013831*J2^5+0.0011381023*J1^1*J2^3*(J2-J1)^1+0,0.0010816234*J1^2*J2^3+-0.0015014851*J1^1*J2^4+0.0012838284*J2^5+0.0033120055*J1^1*J2^3*(J2-J1)^1+-0.0034782452*J2^4*(J2-J1)^1+0,0.0010586860*J1^2*J2^3+-0.0013430839*J1^1*J2^4+0.0007832093*J2^5+-0.0034847583*J1^1*J2^3*(J2-J1)^1+0.0026504835*J2^4*(J2-J1)^1+0,0,0,0,0,0.0021756612*J1^1*J2^4+-0.0000593837*J2^5+0.0049177513*J2^4*(J2-J1)^1+0,-0.0003545314*J1^2*J2^3+0.0008673020*J1^1*J2^4+0.0007090627*J2^5+0.0010308160*J1^1*J2^3*(J2-J1)^1+0,0.0015296465*J1^2*J2^3+-0.0021234206*J1^1*J2^4+0.0018156075*J2^5+0.0052625868*J1^1*J2^3*(J2-J1)^1+-0.0060763889*J2^4*(J2-J1)^1+0,0.0014972082*J1^2*J2^3+-0.0018994075*J1^1*J2^4+0.0011076252*J2^5+-0.0055964219*J1^1*J2^3*(J2-J1)^1+0.0040824645*J2^4*(J2-J1)^1+0,0,0,0,0,0,0,0,0,0,0,0,0,0,0,0,0,0,0,0,0,0,0,0,0},
{0,0,0,0,0,0,0,0,0,0,0,0,0,0,0,0,0,0,0,0,0,0,0,0,0,0,0,0,0,0,0,0,0,0,0,0,0,0,0,0,0,0,0,0,0,0,0,0,0,0,0,0,0,0,0,0,0,0,0,0,0.0007520746*J1^2*J2^3+0.0006132752*J1^1*J2^4+-0.0005013831*J2^5+0.0044628954*J1^1*J2^3*(J2-J1)^1+0,0.0002894737*J1^2*J2^3+0.0001953409*J1^1*J2^4+0.0000139969*J2^5+0.0032337375*J1^1*J2^3*(J2-J1)^1+-0.0013953799*J2^4*(J2-J1)^1+0,0.0010586860*J1^2*J2^3+-0.0013430839*J1^1*J2^4+0.0007832093*J2^5+0.0003543822*J1^1*J2^3*(J2-J1)^1+0.0007309133*J2^4*(J2-J1)^1+0,0.0008619242*J1^2*J2^3+-0.0010503647*J1^1*J2^4+0.0004764294*J2^5+-0.0029113253*J1^1*J2^3*(J2-J1)^1+0.0031116654*J2^4*(J2-J1)^1+0,0,0,0,0,0.0010635941*J1^2*J2^3+0.0008673020*J1^1*J2^4+-0.0007090627*J2^5+0.0057327836*J1^1*J2^3*(J2-J1)^1+0,0.0004093776*J1^2*J2^3+0.0002762537*J1^1*J2^4+0.0000197946*J2^5+0.0039049660*J1^1*J2^3*(J2-J1)^1+-0.0016392504*J2^4*(J2-J1)^1+0,0.0014972082*J1^2*J2^3+-0.0018994075*J1^1*J2^4+0.0011076252*J2^5+-0.0001670574*J1^1*J2^3*(J2-J1)^1+0.0013677822*J2^4*(J2-J1)^1+0,0.0012189449*J1^2*J2^3+-0.0014854400*J1^1*J2^4+0.0006737729*J2^5+-0.0050817419*J1^1*J2^3*(J2-J1)^1+0.0051721644*J2^4*(J2-J1)^1+0,0,0,0,0,0,0,0,0,0,0,0,0,0,0,0,0,0,0,0,0,0,0,0,0}
}