96
{{0,0,0,0,0,0,0,0,0,0,0,0,0,0,0,0,0,0,0,0,0,0,0,0,-0.0006291896*J2^5+0,0,0,0,0,0,0,0,0,0,0,0,0,0,0,0,-0.0007923025*J2^5+0,0,0,0,0,0,0,0,0,0,0,0,0,0,0,0,0,0,0.0013312384*J2^5+-0.0005638186*J2^4*(J2-J1)^1+0,0,0,0,0,0,0,0,0,0,0,0,0,0,0,0,0,0,0,0,0,0,0,0,0.0030148635*J2^5+-0.0022552745*J2^4*(J2-J1)^1+0,0,0,0,0,0,0,0,0,0,0,0,0,0},
{0,0,0,0,0,0,0,0,0,0,0,0,0,0,0,0,0,0,0,0,0,0,0,0,0.0006469123*J2^5+0,0,0,0,0,0,0,0,0.0010101750*J2^5+0,0,0,0,0,0,0,0,0.0009711672*J2^5+0,0,0,0,0,0,0,0,0,0,0,0,0,0,0,0,0.0013312384*J2^5+0.0016914559*J2^4*(J2-J1)^1+0,0,-0.0015371817*J2^5+-0.0006510417*J2^4*(J2-J1)^1+0,0,0,0,0,0,0,0,0,0,0,0,0,0,0,0,0,0,0,0,0,0,0.0030148635*J2^5+-0.0169145587*J2^4*(J2-J1)^1+0,0,-0.0034812645*J2^5+0.0110677083*J2^4*(J2-J1)^1+0,0,0,0,0,0,0,0,0,0,0,0,0,0},
{0,0,0,0,0,0,0,0,0,0,0,0,0,0,0,0,0,0,0,0,0,0,0,0,0,0,-0.0000378937*J2^5+0,0,0,0,0,0,0,0,0,0,0,0,0,0,0,0,-0.0000139125*J2^5+0,0,0,0,0,0,0,0,-0.0009027175*J2^5+0.0006450135*J2^4*(J2-J1)^1+0,0,0,0,0,0,0,0,0,0,0,0,0,0,0,0,-0.0010048974*J2^5+0.0006351207*J2^4*(J2-J1)^1+0,0,0,0,0,0,0,0,0,0,0,0,0,0,0,0,0,0,0,0,0.0003080120*J2^5+-0.0026311536*J2^4*(J2-J1)^1+0,0,0,0,0,0,0,0,0,0},
{0,0,0,0,0,0,0,0,0,0,0,0,0,0,0,0,0,0,0,0,0,0,0,0,0,0,0.0000113595*J2^5+0,0,0,0,0,0,0,0,0.0000332375*J2^5+0,0,0,0,0,0,0,0,0.0000389725*J2^5+0,0,0,0,0,0,-0.0009027175*J2^5+0.0006450135*J2^4*(J2-J1)^1+0,0,0.0010423684*J2^5+-0.0007447974*J2^4*(J2-J1)^1+0,0,0,0,0,0,0,0,0,0,0,0,0,0,-0.0010048974*J2^5+0.0015558327*J2^4*(J2-J1)^1+0,0,0.0011603556*J2^5+-0.0012649476*J2^4*(J2-J1)^1+0,0,0,0,0,0,0,0,0,0,0,0,0,0,0,0,0,0,0.0003080120*J2^5+0.0022552745*J2^4*(J2-J1)^1+0,0,-0.0003556617*J2^5+0.0002170139*J2^4*(J2-J1)^1+0,0,0,0,0,0,0,0,0,0},
{0,0,0,0,0,0,0,0,0,0,0,0,0,0,0,0,0,0,0,0,0,0,0,0,0,0,0,0,-0.0006291896*J2^5+0,0,0,0,0,0,0,0,0,0,0,0,0,0,0,0,-0.0007923025*J2^5+0,0,0,0,0,0,0,0,0,0,0,0,0,0,0,0,0,0,0.0013312384*J2^5+0.0011276372*J2^4*(J2-J1)^1+0,0,0,0,0,0,0,0,0,0,0,0,-0.0017406322*J2^5+0.0042317708*J2^4*(J2-J1)^1+0,0,0,0,0,0,0,0,0,0,0,0,0,0,0,0,0.0024616257*J2^5+0.0002301780*J2^4*(J2-J1)^1+0,0,0,0,0,0},
{0,0,0,0,0,0,0,0,0,0,0,0,0,0,0,0,0,0,0,0,0,0,0,0,0,0,0,0,0.0006469123*J2^5+0,0,0,0,0,0,0,0,0.0010101750*J2^5+0,0,0,0,0,0,0,0,0.0009711672*J2^5+0,0,0,0,0,0,0,0,0,0,0,0,0,0,0,0,0.0013312384*J2^5+0.0033829117*J2^4*(J2-J1)^1+0,0,-0.0015371817*J2^5+-0.0026041667*J2^4*(J2-J1)^1+0,0,0,0,0,0,0,0,0,0,-0.0017406322*J2^5+0.0126953125*J2^4*(J2-J1)^1+0,0,0.0020099090*J2^5+-0.0097728561*J2^4*(J2-J1)^1+0,0,0,0,0,0,0,0,0,0,0,0,0,0,0.0024616257*J2^5+-0.0117390774*J2^4*(J2-J1)^1+0,0,-0.0028424405*J2^5+0.0066446662*J2^4*(J2-J1)^1+0,0,0,0,0,0},
{0,0,0,0,0,0,0,0,0,0,0,0,0,0,0,0,0,0,0,0,0,0,0,0,0,0,0,0,0,0,-0.0000378937*J2^5+0,0,0,0,0,0,0,0,0,0,0,0,0,0,0,0,-0.0000139125*J2^5+0,0,0,0,0,0,0,0,-0.0009027175*J2^5+0.0010830601*J2^4*(J2-J1)^1+0,0,0,0,0,0,0,0,0,0,0,0,0,0,0,0,-0.0010048974*J2^5+0.0010159090*J2^4*(J2-J1)^1+0,0,0,0,0,0,0,0,-0.0001778308*J2^5+0.0005425347*J2^4*(J2-J1)^1+0,0,0,0,0,0,0,0,0,0,0,0,0,0,0,0,0.0002514908*J2^5+-0.0028388619*J2^4*(J2-J1)^1+0,0},
{0,0,0,0,0,0,0,0,0,0,0,0,0,0,0,0,0,0,0,0,0,0,0,0,0,0,0,0,0,0,0.0000113595*J2^5+0,0,0,0,0,0,0,0,0.0000332375*J2^5+0,0,0,0,0,0,0,0,0.0000389725*J2^5+0,0,0,0,0,0,-0.0009027175*J2^5+0.0010830601*J2^4*(J2-J1)^1+0,0,0.0010423684*J2^5+-0.0012506100*J2^4*(J2-J1)^1+0,0,0,0,0,0,0,0,0,0,0,0,0,0,-0.0010048974*J2^5+0.0019366210*J2^4*(J2-J1)^1+0,0,0.0011603556*J2^5+-0.0017046440*J2^4*(J2-J1)^1+0,0,0,0,0,0,-0.0001778308*J2^5+-0.0022786458*J2^4*(J2-J1)^1+0,0,0.0002053414*J2^5+0.0010023442*J2^4*(J2-J1)^1+0,0,0,0,0,0,0,0,0,0,0,0,0,0,0.0002514908*J2^5+0.0011508899*J2^4*(J2-J1)^1+0,0,-0.0002903965*J2^5+0.0009745510*J2^4*(J2-J1)^1+0,0},
{0,0,0,0,0,0,0,0,0,0,0,0,0,0,0,0,0,0,0,0,0,0,0,0,0,0.0003632628*J2^5+0,0,0,0,0,0,0,0,0,0,0,0,0,0,0,0,0.0004574360*J2^5+0,0,0,0,0,0,0,0,0,0,0,0,0,0,0,0,0,0,-0.0007685909*J2^5+0.0008138021*J2^4*(J2-J1)^1+0,0,0,0,0,0,0,0,0,0,0,0,0,0,0,0,0,0,0,0,0,0,0,0,-0.0017406322*J2^5+-0.0026041667*J2^4*(J2-J1)^1+0,0,0,0,0,0,0,0,0,0,0,0,0},
{0,0,0,0,0,0,0,0,0,0,0,0,0,0,0,0,0,0,0,0,0,0,0,0,0,-0.0003734950*J2^5+0,0,0,0,0,0,0,0,-0.0005832248*J2^5+0,0,0,0,0,0,0,0,-0.0005607036*J2^5+0,0,0,0,0,0,0,0,0,0,0,0,0,0,0,0,-0.0007685909*J2^5+-0.0004882812*J2^4*(J2-J1)^1+0,0,0.0008874923*J2^5+-0.0001879395*J2^4*(J2-J1)^1+0,0,0,0,0,0,0,0,0,0,0,0,0,0,0,0,0,0,0,0,0,0,-0.0017406322*J2^5+0.0058593750*J2^4*(J2-J1)^1+0,0,0.0020099090*J2^5+-0.0018793954*J2^4*(J2-J1)^1+0,0,0,0,0,0,0,0,0,0,0,0,0},
{0,0,0,0,0,0,0,0,0,0,0,0,0,0,0,0,0,0,0,0,0,0,0,0,0,0,0,0.0000218779*J2^5+0,0,0,0,0,0,0,0,0,0,0,0,0,0,0,0,0.0000080324*J2^5+0,0,0,0,0,0,0,0,0.0005211842*J2^5+-0.0004037220*J2^4*(J2-J1)^1+0,0,0,0,0,0,0,0,0,0,0,0,0,0,0,0,0.0005801778*J2^5+-0.0001451983*J2^4*(J2-J1)^1+0,0,0,0,0,0,0,0,0,0,0,0,0,0,0,0,0,0,0,0,-0.0001778308*J2^5+0.0028211806*J2^4*(J2-J1)^1+0,0,0,0,0,0,0,0,0},
{0,0,0,0,0,0,0,0,0,0,0,0,0,0,0,0,0,0,0,0,0,0,0,0,0,0,0,-0.0000065584*J2^5+0,0,0,0,0,0,0,0,-0.0000191897*J2^5+0,0,0,0,0,0,0,0,-0.0000225008*J2^5+0,0,0,0,0,0,0.0005211842*J2^5+-0.0004037220*J2^4*(J2-J1)^1+0,0,-0.0006018117*J2^5+0.0004661780*J2^4*(J2-J1)^1+0,0,0,0,0,0,0,0,0,0,0,0,0,0,0.0005801778*J2^5+-0.0006767716*J2^4*(J2-J1)^1+0,0,-0.0006699316*J2^5+0.0004745645*J2^4*(J2-J1)^1+0,0,0,0,0,0,0,0,0,0,0,0,0,0,0,0,0,0,-0.0001778308*J2^5+0,0,0.0002053414*J2^5+-0.0016288094*J2^4*(J2-J1)^1+0,0,0,0,0,0,0,0,0},
{0,0,0,0,0,0,0,0,0,0,0,0,0,0,0,0,0,0,0,0,0,0,0,0,0,0,0,0,0,0.0003632628*J2^5+0,0,0,0,0,0,0,0,0,0,0,0,0,0,0,0,0.0004574360*J2^5+0,0,0,0,0,0,0,0,0,0,0,0,0,0,0,0,0,0,-0.0007685909*J2^5+-0.0001627604*J2^4*(J2-J1)^1+0,0,0,0,0,0,0,0,0,0,0,0,0.0010049545*J2^5+-0.0001879395*J2^4*(J2-J1)^1+0,0,0,0,0,0,0,0,0,0,0,0,0,0,0,0,-0.0014212203*J2^5+-0.0033223331*J2^4*(J2-J1)^1+0,0,0,0,0},
{0,0,0,0,0,0,0,0,0,0,0,0,0,0,0,0,0,0,0,0,0,0,0,0,0,0,0,0,0,-0.0003734950*J2^5+0,0,0,0,0,0,0,0,-0.0005832248*J2^5+0,0,0,0,0,0,0,0,-0.0005607036*J2^5+0,0,0,0,0,0,0,0,0,0,0,0,0,0,0,0,-0.0007685909*J2^5+-0.0014648438*J2^4*(J2-J1)^1+0,0,0.0008874923*J2^5+0.0009396977*J2^4*(J2-J1)^1+0,0,0,0,0,0,0,0,0,0,0.0010049545*J2^5+-0.0050743676*J2^4*(J2-J1)^1+0,0,-0.0011604215*J2^5+0.0030381944*J2^4*(J2-J1)^1+0,0,0,0,0,0,0,0,0,0,0,0,0,0,-0.0014212203*J2^5+0.0035881197*J2^4*(J2-J1)^1+0,0,0.0016410838*J2^5+-0.0001534520*J2^4*(J2-J1)^1+0,0,0,0,0},
{0,0,0,0,0,0,0,0,0,0,0,0,0,0,0,0,0,0,0,0,0,0,0,0,0,0,0,0,0,0,0,0.0000218779*J2^5+0,0,0,0,0,0,0,0,0,0,0,0,0,0,0,0,0.0000080324*J2^5+0,0,0,0,0,0,0,0,0.0005211842*J2^5+-0.0006566283*J2^4*(J2-J1)^1+0,0,0,0,0,0,0,0,0,0,0,0,0,0,0,0,0.0005801778*J2^5+-0.0003650465*J2^4*(J2-J1)^1+0,0,0,0,0,0,0,0,0.0001026707*J2^5+-0.0010649907*J2^4*(J2-J1)^1+0,0,0,0,0,0,0,0,0,0,0,0,0,0,0,0,-0.0001451983*J2^5+0.0027021642*J2^4*(J2-J1)^1+0},
{0,0,0,0,0,0,0,0,0,0,0,0,0,0,0,0,0,0,0,0,0,0,0,0,0,0,0,0,0,0,0,-0.0000065584*J2^5+0,0,0,0,0,0,0,0,-0.0000191897*J2^5+0,0,0,0,0,0,0,0,-0.0000225008*J2^5+0,0,0,0,0,0,0.0005211842*J2^5+-0.0006566283*J2^4*(J2-J1)^1+0,0,-0.0006018117*J2^5+0.0007582090*J2^4*(J2-J1)^1+0,0,0,0,0,0,0,0,0,0,0,0,0,0,0.0005801778*J2^5+-0.0008966198*J2^4*(J2-J1)^1+0,0,-0.0006699316*J2^5+0.0007284233*J2^4*(J2-J1)^1+0,0,0,0,0,0,0.0001026707*J2^5+0.0005638186*J2^4*(J2-J1)^1+0,0,-0.0001185539*J2^5+0.0002893519*J2^4*(J2-J1)^1+0,0,0,0,0,0,0,0,0,0,0,0,0,0,-0.0001451983*J2^5+0.0003986800*J2^4*(J2-J1)^1+0,0,0.0001676605*J2^5+-0.0017902732*J2^4*(J2-J1)^1+0},
{0,0,0,0,0,0,0,0,0,0,0,0,0,0,0,0,0,0,0,0,0,0,0,0,0,-0.0005137311*J2^5+0,0,0,0,0,0,0,0,0,0,0,0,0,0,0,0,-0.0006469123*J2^5+0,0,0,0,0,0,0,0,0,0,0,0,0,0,0,0,0,0,0.0010869516*J2^5+-0.0008056230*J2^4*(J2-J1)^1+0,0,0,0,0,0,0,0,0,0,0,0,0,0,0,0,0,0,0,0,0,0,0,0,0.0024616257*J2^5+0.0009207120*J2^4*(J2-J1)^1+0,0,0,0,0,0,0,0,0,0,0,0,0},
{0,0,0,0,0,0,0,0,0,0,0,0,0,0,0,0,0,0,0,0,0,0,0,0,0,0.0005282016*J2^5+0,0,0,0,0,0,0,0,0.0008248045*J2^5+0,0,0,0,0,0,0,0,0.0007929547*J2^5+0,0,0,0,0,0,0,0,0,0,0,0,0,0,0,0,0.0010869516*J2^5+0.0010358009*J2^4*(J2-J1)^1+0,0,-0.0012551036*J2^5+-0.0001328933*J2^4*(J2-J1)^1+0,0,0,0,0,0,0,0,0,0,0,0,0,0,0,0,0,0,0,0,0,0,0.0024616257*J2^5+-0.0110485435*J2^4*(J2-J1)^1+0,0,-0.0028424405*J2^5+0.0058473062*J2^4*(J2-J1)^1+0,0,0,0,0,0,0,0,0,0,0,0,0},
{0,0,0,0,0,0,0,0,0,0,0,0,0,0,0,0,0,0,0,0,0,0,0,0,0,0,0,-0.0000309401*J2^5+0,0,0,0,0,0,0,0,0,0,0,0,0,0,0,0,-0.0000113595*J2^5+0,0,0,0,0,0,0,0,-0.0007370657*J2^5+0.0005488002*J2^4*(J2-J1)^1+0,0,0,0,0,0,0,0,0,0,0,0,0,0,0,0,-0.0008204953*J2^5+0.0003619576*J2^4*(J2-J1)^1+0,0,0,0,0,0,0,0,0,0,0,0,0,0,0,0,0,0,0,0,0.0002514908*J2^5+-0.0030690398*J2^4*(J2-J1)^1+0,0,0,0,0,0,0,0,0},
{0,0,0,0,0,0,0,0,0,0,0,0,0,0,0,0,0,0,0,0,0,0,0,0,0,0,0,0.0000092750*J2^5+0,0,0,0,0,0,0,0,0.0000271383*J2^5+0,0,0,0,0,0,0,0,0.0000318209*J2^5+0,0,0,0,0,0,-0.0007370657*J2^5+0.0005488002*J2^4*(J2-J1)^1+0,0,0.0008510902*J2^5+-0.0006336999*J2^4*(J2-J1)^1+0,0,0,0,0,0,0,0,0,0,0,0,0,0,-0.0008204953*J2^5+0.0011137158*J2^4*(J2-J1)^1+0,0,0.0009474264*J2^5+-0.0008519805*J2^4*(J2-J1)^1+0,0,0,0,0,0,0,0,0,0,0,0,0,0,0,0,0,0,0.0002514908*J2^5+0.0009207120*J2^4*(J2-J1)^1+0,0,-0.0002903965*J2^5+0.0012403377*J2^4*(J2-J1)^1+0,0,0,0,0,0,0,0,0},
{0,0,0,0,0,0,0,0,0,0,0,0,0,0,0,0,0,0,0,0,0,0,0,0,0,0,0,0,0,-0.0005137311*J2^5+0,0,0,0,0,0,0,0,0,0,0,0,0,0,0,0,-0.0006469123*J2^5+0,0,0,0,0,0,0,0,0,0,0,0,0,0,0,0,0,0,0.0010869516*J2^5+0.0005754450*J2^4*(J2-J1)^1+0,0,0,0,0,0,0,0,0,0,0,0,-0.0014212203*J2^5+0.0018605065*J2^4*(J2-J1)^1+0,0,0,0,0,0,0,0,0,0,0,0,0,0,0,0,0.0020099090*J2^5+0.0024432140*J2^4*(J2-J1)^1+0,0,0,0,0},
{0,0,0,0,0,0,0,0,0,0,0,0,0,0,0,0,0,0,0,0,0,0,0,0,0,0,0,0,0,0.0005282016*J2^5+0,0,0,0,0,0,0,0,0.0008248045*J2^5+0,0,0,0,0,0,0,0,0.0007929547*J2^5+0,0,0,0,0,0,0,0,0,0,0,0,0,0,0,0,0.0010869516*J2^5+0.0024168689*J2^4*(J2-J1)^1+0,0,-0.0012551036*J2^5+-0.0017276132*J2^4*(J2-J1)^1+0,0,0,0,0,0,0,0,0,0,-0.0014212203*J2^5+0.0087709594*J2^4*(J2-J1)^1+0,0,0.0016410838*J2^5+-0.0061380797*J2^4*(J2-J1)^1+0,0,0,0,0,0,0,0,0,0,0,0,0,0,0.0020099090*J2^5+-0.0073296421*J2^4*(J2-J1)^1+0,0,-0.0023208430*J2^5+0.0028211806*J2^4*(J2-J1)^1+0,0,0,0,0},
{0,0,0,0,0,0,0,0,0,0,0,0,0,0,0,0,0,0,0,0,0,0,0,0,0,0,0,0,0,0,0,-0.0000309401*J2^5+0,0,0,0,0,0,0,0,0,0,0,0,0,0,0,0,-0.0000113595*J2^5+0,0,0,0,0,0,0,0,-0.0007370657*J2^5+0.0009064637*J2^4*(J2-J1)^1+0,0,0,0,0,0,0,0,0,0,0,0,0,0,0,0,-0.0008204953*J2^5+0.0006728700*J2^4*(J2-J1)^1+0,0,0,0,0,0,0,0,-0.0001451983*J2^5+0.0009745510*J2^4*(J2-J1)^1+0,0,0,0,0,0,0,0,0,0,0,0,0,0,0,0,0.0002053414*J2^5+-0.0030696792*J2^4*(J2-J1)^1+0},
{0,0,0,0,0,0,0,0,0,0,0,0,0,0,0,0,0,0,0,0,0,0,0,0,0,0,0,0,0,0,0,0.0000092750*J2^5+0,0,0,0,0,0,0,0,0.0000271383*J2^5+0,0,0,0,0,0,0,0,0.0000318209*J2^5+0,0,0,0,0,0,-0.0007370657*J2^5+0.0009064637*J2^4*(J2-J1)^1+0,0,0.0008510902*J2^5+-0.0010466941*J2^4*(J2-J1)^1+0,0,0,0,0,0,0,0,0,0,0,0,0,0,-0.0008204953*J2^5+0.0014246281*J2^4*(J2-J1)^1+0,0,0.0009474264*J2^5+-0.0012109911*J2^4*(J2-J1)^1+0,0,0,0,0,0,-0.0001451983*J2^5+-0.0013289332*J2^4*(J2-J1)^1+0,0,0.0001676605*J2^5+0.0002046027*J2^4*(J2-J1)^1+0,0,0,0,0,0,0,0,0,0,0,0,0,0,0.0002053414*J2^5+0.0001879395*J2^4*(J2-J1)^1+0,0,-0.0002371078*J2^5+0.0016637731*J2^4*(J2-J1)^1+0},
{0.0034605427*J2^5+0,-0.0022306944*J2^5+0,0,0,0,0,0,0,0,0,0,0,0,0,0,0,0,0,0,0,0,0,0,0,0,0,0,0,0,0,0,0,0,0,0,0,0,0,0,0,0,0,0,0,0,0,0,0,0,0,0,0,0,0,0,0,0,0,0,0,0,0,0,0,0,0,0,0,0,0,0,0,0,0,0,0,0,0,0,0,0,0,0,0,0,0,0,0,0,0,0,0,0,0,0,0},
{0,0,0,0,0,0,0,0,-0.0019979452*J2^5+0,0.0012878920*J2^5+0,0,0,0,0,0,0,0.0028255212*J2^5+0,-0.0018213544*J2^5+0,0,0,0,0,0,0,0,0,0,0,0,0,0,0,0,0,0,0,0,0,0,0,0,0,0,0,0,0,0,0,0,0,0,0,0,0,0,0,0,0,0,0,0,0,0,0,0,0,0,0,0,0,0,0,0,0,0,0,0,0,0,0,0,0,0,0,0,0,0,0,0,0,0,0,0,0,0,0},
{0,0,0.0001225029*J2^5+0,-0.0000374542*J2^5+0,0,0,0,0,0,0,0,0,0,0,0,0,0,0,0,0,0,0,0,0,0,0,0,0,0,0,0,0,0,0,0,0,0,0,0,0,0,0,0,0,0,0,0,0,0,0,0,0,0,0,0,0,0,0,0,0,0,0,0,0,0,0,0,0,0,0,0,0,0,0,0,0,0,0,0,0,0,0,0,0,0,0,0,0,0,0,0,0,0,0,0,0},
{0,0,0,0,0,0,0,0,0,0,-0.0000707271*J2^5+0,0.0000216242*J2^5+0,0,0,0,0,0,0,0.0001000232*J2^5+0,-0.0000305812*J2^5+0,0,0,0,0,0,0,0,0,0,0,0,0,0,0,0,0,0,0,0,0,0,0,0,0,0,0,0,0,0,0,0,0,0,0,0,0,0,0,0,0,0,0,0,0,0,0,0,0,0,0,0,0,0,0,0,0,0,0,0,0,0,0,0,0,0,0,0,0,0,0,0,0,0,0,0,0},
{0,0,0,0,0.0034605427*J2^5+0,-0.0022306944*J2^5+0,0,0,0,0,0,0,0,0,0,0,0,0,0,0,0,0,0,0,0,0,0,0,0,0,0,0,0,0,0,0,0,0,0,0,0,0,0,0,0,0,0,0,0,0,0,0,0,0,0,0,0,0,0,0,0,0,0,0,0,0,0,0,0,0,0,0,0,0,0,0,0,0,0,0,0,0,0,0,0,0,0,0,0,0,0,0,0,0,0,0},
{0,0,0,0,0,0,0,0,0,0,0,0,-0.0019979452*J2^5+0,0.0012878920*J2^5+0,0,0,0,0,0,0,0.0028255212*J2^5+0,-0.0018213544*J2^5+0,0,0,0,0,0,0,0,0,0,0,0,0,0,0,0,0,0,0,0,0,0,0,0,0,0,0,0,0,0,0,0,0,0,0,0,0,0,0,0,0,0,0,0,0,0,0,0,0,0,0,0,0,0,0,0,0,0,0,0,0,0,0,0,0,0,0,0,0,0,0,0,0,0,0},
{0,0,0,0,0,0,0.0001225029*J2^5+0,-0.0000374542*J2^5+0,0,0,0,0,0,0,0,0,0,0,0,0,0,0,0,0,0,0,0,0,0,0,0,0,0,0,0,0,0,0,0,0,0,0,0,0,0,0,0,0,0,0,0,0,0,0,0,0,0,0,0,0,0,0,0,0,0,0,0,0,0,0,0,0,0,0,0,0,0,0,0,0,0,0,0,0,0,0,0,0,0,0,0,0,0,0,0,0},
{0,0,0,0,0,0,0,0,0,0,0,0,0,0,-0.0000707271*J2^5+0,0.0000216242*J2^5+0,0,0,0,0,0,0,0.0001000232*J2^5+0,-0.0000305812*J2^5+0,0,0,0,0,0,0,0,0,0,0,0,0,0,0,0,0,0,0,0,0,0,0,0,0,0,0,0,0,0,0,0,0,0,0,0,0,0,0,0,0,0,0,0,0,0,0,0,0,0,0,0,0,0,0,0,0,0,0,0,0,0,0,0,0,0,0,0,0,0,0,0,0},
{0,-0.0042286397*J2^5+0,0,0,0,0,0,0,0,0,0,0,0,0,0,0,0,0,0,0,0,0,0,0,0,0,0,0,0,0,0,0,0,0,0,0,0,0,0,0,0,0,0,0,0,0,0,0,0,0,0,0,0,0,0,0,0,0,0,0,0,0,0,0,0,0,0,0,0,0,0,0,0,0,0,0,0,0,0,0,0,0,0,0,0,0,0,0,0,0,0,0,0,0,0,0},
{0,0,0,0,0,0,0,0,0,0.0024414063*J2^5+0,0,0,0,0,0,0,0,-0.0034526698*J2^5+0,0,0,0,0,0,0,0,0,0,0,0,0,0,0,0,0,0,0,0,0,0,0,0,0,0,0,0,0,0,0,0,0,0,0,0,0,0,0,0,0,0,0,0,0,0,0,0,0,0,0,0,0,0,0,0,0,0,0,0,0,0,0,0,0,0,0,0,0,0,0,0,0,0,0,0,0,0,0},
{0,0,0,-0.0001081812*J2^5+0,0,0,0,0,0,0,0,0,0,0,0,0,0,0,0,0,0,0,0,0,0,0,0,0,0,0,0,0,0,0,0,0,0,0,0,0,0,0,0,0,0,0,0,0,0,0,0,0,0,0,0,0,0,0,0,0,0,0,0,0,0,0,0,0,0,0,0,0,0,0,0,0,0,0,0,0,0,0,0,0,0,0,0,0,0,0,0,0,0,0,0,0},
{0,0,0,0,0,0,0,0,0,0,0,0.0000624585*J2^5+0,0,0,0,0,0,0,0,-0.0000883296*J2^5+0,0,0,0,0,0,0,0,0,0,0,0,0,0,0,0,0,0,0,0,0,0,0,0,0,0,0,0,0,0,0,0,0,0,0,0,0,0,0,0,0,0,0,0,0,0,0,0,0,0,0,0,0,0,0,0,0,0,0,0,0,0,0,0,0,0,0,0,0,0,0,0,0,0,0,0,0},
{0,0,0,0,0,-0.0042286397*J2^5+0,0,0,0,0,0,0,0,0,0,0,0,0,0,0,0,0,0,0,0,0,0,0,0,0,0,0,0,0,0,0,0,0,0,0,0,0,0,0,0,0,0,0,0,0,0,0,0,0,0,0,0,0,0,0,0,0,0,0,0,0,0,0,0,0,0,0,0,0,0,0,0,0,0,0,0,0,0,0,0,0,0,0,0,0,0,0,0,0,0,0},
{0,0,0,0,0,0,0,0,0,0,0,0,0,0.0024414063*J2^5+0,0,0,0,0,0,0,0,-0.0034526698*J2^5+0,0,0,0,0,0,0,0,0,0,0,0,0,0,0,0,0,0,0,0,0,0,0,0,0,0,0,0,0,0,0,0,0,0,0,0,0,0,0,0,0,0,0,0,0,0,0,0,0,0,0,0,0,0,0,0,0,0,0,0,0,0,0,0,0,0,0,0,0,0,0,0,0,0,0},
{0,0,0,0,0,0,0,-0.0001081812*J2^5+0,0,0,0,0,0,0,0,0,0,0,0,0,0,0,0,0,0,0,0,0,0,0,0,0,0,0,0,0,0,0,0,0,0,0,0,0,0,0,0,0,0,0,0,0,0,0,0,0,0,0,0,0,0,0,0,0,0,0,0,0,0,0,0,0,0,0,0,0,0,0,0,0,0,0,0,0,0,0,0,0,0,0,0,0,0,0,0,0},
{0,0,0,0,0,0,0,0,0,0,0,0,0,0,0,0.0000624585*J2^5+0,0,0,0,0,0,0,0,-0.0000883296*J2^5+0,0,0,0,0,0,0,0,0,0,0,0,0,0,0,0,0,0,0,0,0,0,0,0,0,0,0,0,0,0,0,0,0,0,0,0,0,0,0,0,0,0,0,0,0,0,0,0,0,0,0,0,0,0,0,0,0,0,0,0,0,0,0,0,0,0,0,0,0,0,0,0,0},
{0.0027320316*J2^5+0,-0.0044028604*J2^5+0,0,0,0,0,0,0,0,0,0,0,0,0,0,0,0,0,0,0,0,0,0,0,0,0,0,0,0,0,0,0,0,0,0,0,0,0,0,0,0,0,0,0,0,0,0,0,0,0,0,0,0,0,0,0,0,0,0,0,0,0,0,0,0,0,0,0,0,0,0,0,0,0,0,0,0,0,0,0,0,0,0,0,0,0,0,0,0,0,0,0,0,0,0,0},
{0,0,0,0,0,0,0,0,-0.0015773392*J2^5+0,0.0025419926*J2^5+0,0,0,0,0,0,0,0.0022306944*J2^5+0,-0.0035949205*J2^5+0,0,0,0,0,0,0,0,0,0,0,0,0,0,0,0,0,0,0,0,0,0,0,0,0,0,0,0,0,0,0,0,0,0,0,0,0,0,0,0,0,0,0,0,0,0,0,0,0,0,0,0,0,0,0,0,0,0,0,0,0,0,0,0,0,0,0,0,0,0,0,0,0,0,0,0,0,0,0},
{0,0,0.0000458718*J2^5+0,-0.0001265073*J2^5+0,0,0,0,0,0,0,0,0,0,0,0,0,0,0,0,0,0,0,0,0,0,0,0,0,0,0,0,0,0,0,0,0,0,0,0,0,0,0,0,0,0,0,0,0,0,0,0,0,0,0,0,0,0,0,0,0,0,0,0,0,0,0,0,0,0,0,0,0,0,0,0,0,0,0,0,0,0,0,0,0,0,0,0,0,0,0,0,0,0,0,0,0},
{0,0,0,0,0,0,0,0,0,0,-0.0000264841*J2^5+0,0.0000730390*J2^5+0,0,0,0,0,0,0,0.0000374542*J2^5+0,-0.0001032928*J2^5+0,0,0,0,0,0,0,0,0,0,0,0,0,0,0,0,0,0,0,0,0,0,0,0,0,0,0,0,0,0,0,0,0,0,0,0,0,0,0,0,0,0,0,0,0,0,0,0,0,0,0,0,0,0,0,0,0,0,0,0,0,0,0,0,0,0,0,0,0,0,0,0,0,0,0,0,0},
{0,0,0,0,0.0027320316*J2^5+0,-0.0044028604*J2^5+0,0,0,0,0,0,0,0,0,0,0,0,0,0,0,0,0,0,0,0,0,0,0,0,0,0,0,0,0,0,0,0,0,0,0,0,0,0,0,0,0,0,0,0,0,0,0,0,0,0,0,0,0,0,0,0,0,0,0,0,0,0,0,0,0,0,0,0,0,0,0,0,0,0,0,0,0,0,0,0,0,0,0,0,0,0,0,0,0,0,0},
{0,0,0,0,0,0,0,0,0,0,0,0,-0.0015773392*J2^5+0,0.0025419926*J2^5+0,0,0,0,0,0,0,0.0022306944*J2^5+0,-0.0035949205*J2^5+0,0,0,0,0,0,0,0,0,0,0,0,0,0,0,0,0,0,0,0,0,0,0,0,0,0,0,0,0,0,0,0,0,0,0,0,0,0,0,0,0,0,0,0,0,0,0,0,0,0,0,0,0,0,0,0,0,0,0,0,0,0,0,0,0,0,0,0,0,0,0,0,0,0,0},
{0,0,0,0,0,0,0.0000458718*J2^5+0,-0.0001265073*J2^5+0,0,0,0,0,0,0,0,0,0,0,0,0,0,0,0,0,0,0,0,0,0,0,0,0,0,0,0,0,0,0,0,0,0,0,0,0,0,0,0,0,0,0,0,0,0,0,0,0,0,0,0,0,0,0,0,0,0,0,0,0,0,0,0,0,0,0,0,0,0,0,0,0,0,0,0,0,0,0,0,0,0,0,0,0,0,0,0,0},
{0,0,0,0,0,0,0,0,0,0,0,0,0,0,-0.0000264841*J2^5+0,0.0000730390*J2^5+0,0,0,0,0,0,0,0.0000374542*J2^5+0,-0.0001032928*J2^5+0,0,0,0,0,0,0,0,0,0,0,0,0,0,0,0,0,0,0,0,0,0,0,0,0,0,0,0,0,0,0,0,0,0,0,0,0,0,0,0,0,0,0,0,0,0,0,0,0,0,0,0,0,0,0,0,0,0,0,0,0,0,0,0,0,0,0,0,0,0,0,0,0},
{0,0,0,0.0016494563*J2^5+0.0010060335*J2^4*(J2-J1)^1+0,0,0,0,0,0,0,0,0,0,0,0,0,0,0,0,0,0,0,0,0,0,0,0,0,0,0,0,0,0,0,0,0,0,0,0,0,0,0,0,0,0,0,0,0,0,0,0,0,0,0,0,0,0,0,0,0,0,0,0,0,0,0,0,0,0,0,0,0,0,0,0,0,0,0,0,0,0,0,0,0,0,0,0,0,0,0,0,0,0,0,0,0},
{0,0,0,0,0,0,0,0,0,0,0,-0.0009523140*J2^5+-0.0005684591*J2^4*(J2-J1)^1+0,0,0,0,0,0,0,0,0.0013467754*J2^5+0.0008126728*J2^4*(J2-J1)^1+0,0,0,0,0,0,0,0,0,0,0,0,0,0,0,0,0,0,0,0,0,0,0,0,0,0,0,0,0,0,0,0,0,0,0,0,0,0,0,0,0,0,0,0,0,0,0,0,0,0,0,0,0,0,0,0,0,0,0,0,0,0,0,0,0,0,0,0,0,0,0,0,0,0,0,0,0},
{0,0,0.0016494563*J2^5+0.0005056959*J2^4*(J2-J1)^1+0,-0.0019046280*J2^5+-0.0008727974*J2^4*(J2-J1)^1+0,0,0,0,0,0,0,0,0,0,0,0,0,0,0,0,0,0,0,0,0,0,0,0,0,0,0,0,0,0,0,0,0,0,0,0,0,0,0,0,0,0,0,0,0,0,0,0,0,0,0,0,0,0,0,0,0,0,0,0,0,0,0,0,0,0,0,0,0,0,0,0,0,0,0,0,0,0,0,0,0,0,0,0,0,0,0,0,0,0,0,0,0},
{0,0,0,0,0,0,0,0,0,0,-0.0009523140*J2^5+-0.0002795891*J2^4*(J2-J1)^1+0,0.0010996375*J2^5+0.0004896208*J2^4*(J2-J1)^1+0,0,0,0,0,0,0,0.0013467754*J2^5+0.0004041488*J2^4*(J2-J1)^1+0,-0.0015551223*J2^5+-0.0007025323*J2^4*(J2-J1)^1+0,0,0,0,0,0,0,0,0,0,0,0,0,0,0,0,0,0,0,0,0,0,0,0,0,0,0,0,0,0,0,0,0,0,0,0,0,0,0,0,0,0,0,0,0,0,0,0,0,0,0,0,0,0,0,0,0,0,0,0,0,0,0,0,0,0,0,0,0,0,0,0,0,0,0,0,0},
{0,0,0,0,0,0,0,0.0016494563*J2^5+0.0012525184*J2^4*(J2-J1)^1+0,0,0,0,0,0,0,0,0,0,0,0,0,0,0,0,0,0,0,0,0,0,0,0,0,0,0,0,0,0,0,0,0,0,0,0,0,0,0,0,0,0,0,0,0,0,0,0,0,0,0,0,0,0,0,0,0,0,0,0,0,0,0,0,0,0,0,0,0,0,0,0,0,0,0,0,0,0,0,0,0,0,0,0,0,0,0,0,0},
{0,0,0,0,0,0,0,0,0,0,0,0,0,0,0,-0.0009523140*J2^5+-0.0007107672*J2^4*(J2-J1)^1+0,0,0,0,0,0,0,0,0.0013467754*J2^5+0.0010139268*J2^4*(J2-J1)^1+0,0,0,0,0,0,0,0,0,0,0,0,0,0,0,0,0,0,0,0,0,0,0,0,0,0,0,0,0,0,0,0,0,0,0,0,0,0,0,0,0,0,0,0,0,0,0,0,0,0,0,0,0,0,0,0,0,0,0,0,0,0,0,0,0,0,0,0,0,0,0,0,0},
{0,0,0,0,0,0,0.0016494563*J2^5+0.0007521809*J2^4*(J2-J1)^1+0,-0.0019046280*J2^5+-0.0011574137*J2^4*(J2-J1)^1+0,0,0,0,0,0,0,0,0,0,0,0,0,0,0,0,0,0,0,0,0,0,0,0,0,0,0,0,0,0,0,0,0,0,0,0,0,0,0,0,0,0,0,0,0,0,0,0,0,0,0,0,0,0,0,0,0,0,0,0,0,0,0,0,0,0,0,0,0,0,0,0,0,0,0,0,0,0,0,0,0,0,0,0,0,0,0,0,0},
{0,0,0,0,0,0,0,0,0,0,0,0,0,0,-0.0009523140*J2^5+-0.0004218972*J2^4*(J2-J1)^1+0,0.0010996375*J2^5+0.0006539441*J2^4*(J2-J1)^1+0,0,0,0,0,0,0,0.0013467754*J2^5+0.0006054029*J2^4*(J2-J1)^1+0,-0.0015551223*J2^5+-0.0009349205*J2^4*(J2-J1)^1+0,0,0,0,0,0,0,0,0,0,0,0,0,0,0,0,0,0,0,0,0,0,0,0,0,0,0,0,0,0,0,0,0,0,0,0,0,0,0,0,0,0,0,0,0,0,0,0,0,0,0,0,0,0,0,0,0,0,0,0,0,0,0,0,0,0,0,0,0,0,0,0,0},
{0,-0.0033594193*J2^5+-0.0020673349*J2^4*(J2-J1)^1+0,0,0,0,0,0,0,0,0,0,0,0,0,0,0,0,0,0,0,0,0,0,0,0,0,0,0,0,0,0,0,0,0,0,0,0,0,0,0,0,0,0,0,0,0,0,0,0,0,0,0,0,0,0,0,0,0,0,0,0,0,0,0,0,0,0,0,0,0,0,0,0,0,0,0,0,0,0,0,0,0,0,0,0,0,0,0,0,0,0,0,0,0,0,0},
{0,0,0,0,0,0,0,0,0,0.0019395616*J2^5+0.0029296875*J2^4*(J2-J1)^1+0,0,0,0,0,0,0,0,-0.0027429544*J2^5+-0.0029155879*J2^4*(J2-J1)^1+0,0,0,0,0,0,0,0,0,0,0,0,0,0,0,0,0,0,0,0,0,0,0,0,0,0,0,0,0,0,0,0,0,0,0,0,0,0,0,0,0,0,0,0,0,0,0,0,0,0,0,0,0,0,0,0,0,0,0,0,0,0,0,0,0,0,0,0,0,0,0,0,0,0,0,0,0,0,0},
{-0.0033594193*J2^5+-0.0134376772*J2^4*(J2-J1)^1+0,0.0038791233*J2^5+0.0089518229*J2^4*(J2-J1)^1+0,0,0,0,0,0,0,0,0,0,0,0,0,0,0,0,0,0,0,0,0,0,0,0,0,0,0,0,0,0,0,0,0,0,0,0,0,0,0,0,0,0,0,0,0,0,0,0,0,0,0,0,0,0,0,0,0,0,0,0,0,0,0,0,0,0,0,0,0,0,0,0,0,0,0,0,0,0,0,0,0,0,0,0,0,0,0,0,0,0,0,0,0,0,0},
{0,0,0,0,0,0,0,0,0.0019395616*J2^5+0.0094943576*J2^4*(J2-J1)^1+0,-0.0022396129*J2^5+-0.0071730258*J2^4*(J2-J1)^1+0,0,0,0,0,0,0,-0.0027429544*J2^5+-0.0121994334*J2^4*(J2-J1)^1+0,0.0031672909*J2^5+0.0087266616*J2^4*(J2-J1)^1+0,0,0,0,0,0,0,0,0,0,0,0,0,0,0,0,0,0,0,0,0,0,0,0,0,0,0,0,0,0,0,0,0,0,0,0,0,0,0,0,0,0,0,0,0,0,0,0,0,0,0,0,0,0,0,0,0,0,0,0,0,0,0,0,0,0,0,0,0,0,0,0,0,0,0,0,0,0,0},
{0,0,0,0,0,-0.0033594193*J2^5+0.0062020048*J2^4*(J2-J1)^1+0,0,0,0,0,0,0,0,0,0,0,0,0,0,0,0,0,0,0,0,0,0,0,0,0,0,0,0,0,0,0,0,0,0,0,0,0,0,0,0,0,0,0,0,0,0,0,0,0,0,0,0,0,0,0,0,0,0,0,0,0,0,0,0,0,0,0,0,0,0,0,0,0,0,0,0,0,0,0,0,0,0,0,0,0,0,0,0,0,0,0},
{0,0,0,0,0,0,0,0,0,0,0,0,0,0.0019395616*J2^5+-0.0018446181*J2^4*(J2-J1)^1+0,0,0,0,0,0,0,0,-0.0027429544*J2^5+0.0038362998*J2^4*(J2-J1)^1+0,0,0,0,0,0,0,0,0,0,0,0,0,0,0,0,0,0,0,0,0,0,0,0,0,0,0,0,0,0,0,0,0,0,0,0,0,0,0,0,0,0,0,0,0,0,0,0,0,0,0,0,0,0,0,0,0,0,0,0,0,0,0,0,0,0,0,0,0,0,0,0,0,0,0},
{0,0,0,0,-0.0033594193*J2^5+-0.0051683374*J2^4*(J2-J1)^1+0,0.0038791233*J2^5+-0.0005967882*J2^4*(J2-J1)^1+0,0,0,0,0,0,0,0,0,0,0,0,0,0,0,0,0,0,0,0,0,0,0,0,0,0,0,0,0,0,0,0,0,0,0,0,0,0,0,0,0,0,0,0,0,0,0,0,0,0,0,0,0,0,0,0,0,0,0,0,0,0,0,0,0,0,0,0,0,0,0,0,0,0,0,0,0,0,0,0,0,0,0,0,0,0,0,0,0,0,0},
{0,0,0,0,0,0,0,0,0,0,0,0,0.0019395616*J2^5+0.0047200521*J2^4*(J2-J1)^1+0,-0.0022396129*J2^5+-0.0016601326*J2^4*(J2-J1)^1+0,0,0,0,0,0,0,-0.0027429544*J2^5+-0.0054475457*J2^4*(J2-J1)^1+0,0.0031672909*J2^5+0.0009302533*J2^4*(J2-J1)^1+0,0,0,0,0,0,0,0,0,0,0,0,0,0,0,0,0,0,0,0,0,0,0,0,0,0,0,0,0,0,0,0,0,0,0,0,0,0,0,0,0,0,0,0,0,0,0,0,0,0,0,0,0,0,0,0,0,0,0,0,0,0,0,0,0,0,0,0,0,0,0,0,0,0,0},
{0,0,0,0.0013176624*J2^5+0.0034318307*J2^4*(J2-J1)^1+0,0,0,0,0,0,0,0,0,0,0,0,0,0,0,0,0,0,0,0,0,0,0,0,0,0,0,0,0,0,0,0,0,0,0,0,0,0,0,0,0,0,0,0,0,0,0,0,0,0,0,0,0,0,0,0,0,0,0,0,0,0,0,0,0,0,0,0,0,0,0,0,0,0,0,0,0,0,0,0,0,0,0,0,0,0,0,0,0,0,0,0,0},
{0,0,0,0,0,0,0,0,0,0,0,-0.0007607528*J2^5+-0.0012813541*J2^4*(J2-J1)^1+0,0,0,0,0,0,0,0,0.0010758669*J2^5+0.0023070932*J2^4*(J2-J1)^1+0,0,0,0,0,0,0,0,0,0,0,0,0,0,0,0,0,0,0,0,0,0,0,0,0,0,0,0,0,0,0,0,0,0,0,0,0,0,0,0,0,0,0,0,0,0,0,0,0,0,0,0,0,0,0,0,0,0,0,0,0,0,0,0,0,0,0,0,0,0,0,0,0,0,0,0,0},
{0,0,0.0013176624*J2^5+-0.0008563000*J2^4*(J2-J1)^1+0,-0.0015215055*J2^5+-0.0014869833*J2^4*(J2-J1)^1+0,0,0,0,0,0,0,0,0,0,0,0,0,0,0,0,0,0,0,0,0,0,0,0,0,0,0,0,0,0,0,0,0,0,0,0,0,0,0,0,0,0,0,0,0,0,0,0,0,0,0,0,0,0,0,0,0,0,0,0,0,0,0,0,0,0,0,0,0,0,0,0,0,0,0,0,0,0,0,0,0,0,0,0,0,0,0,0,0,0,0,0,0},
{0,0,0,0,0,0,0,0,0,0,-0.0007607528*J2^5+0.0011943993*J2^4*(J2-J1)^1+0,0.0008784416*J2^5+0.0000502034*J2^4*(J2-J1)^1+0,0,0,0,0,0,0,0.0010758669*J2^5+-0.0011941508*J2^4*(J2-J1)^1+0,-0.0012423040*J2^5+-0.0006425576*J2^4*(J2-J1)^1+0,0,0,0,0,0,0,0,0,0,0,0,0,0,0,0,0,0,0,0,0,0,0,0,0,0,0,0,0,0,0,0,0,0,0,0,0,0,0,0,0,0,0,0,0,0,0,0,0,0,0,0,0,0,0,0,0,0,0,0,0,0,0,0,0,0,0,0,0,0,0,0,0,0,0,0,0},
{0,0,0,0,0,0,0,0.0013176624*J2^5+0.0066334834*J2^4*(J2-J1)^1+0,0,0,0,0,0,0,0,0,0,0,0,0,0,0,0,0,0,0,0,0,0,0,0,0,0,0,0,0,0,0,0,0,0,0,0,0,0,0,0,0,0,0,0,0,0,0,0,0,0,0,0,0,0,0,0,0,0,0,0,0,0,0,0,0,0,0,0,0,0,0,0,0,0,0,0,0,0,0,0,0,0,0,0,0,0,0,0,0},
{0,0,0,0,0,0,0,0,0,0,0,0,0,0,0,-0.0007607528*J2^5+-0.0031298292*J2^4*(J2-J1)^1+0,0,0,0,0,0,0,0,0.0010758669*J2^5+0.0049212317*J2^4*(J2-J1)^1+0,0,0,0,0,0,0,0,0,0,0,0,0,0,0,0,0,0,0,0,0,0,0,0,0,0,0,0,0,0,0,0,0,0,0,0,0,0,0,0,0,0,0,0,0,0,0,0,0,0,0,0,0,0,0,0,0,0,0,0,0,0,0,0,0,0,0,0,0,0,0,0,0},
{0,0,0,0,0,0,0.0013176624*J2^5+0.0023453527*J2^4*(J2-J1)^1+0,-0.0015215055*J2^5+-0.0051839334*J2^4*(J2-J1)^1+0,0,0,0,0,0,0,0,0,0,0,0,0,0,0,0,0,0,0,0,0,0,0,0,0,0,0,0,0,0,0,0,0,0,0,0,0,0,0,0,0,0,0,0,0,0,0,0,0,0,0,0,0,0,0,0,0,0,0,0,0,0,0,0,0,0,0,0,0,0,0,0,0,0,0,0,0,0,0,0,0,0,0,0,0,0,0,0,0},
{0,0,0,0,0,0,0,0,0,0,0,0,0,0,-0.0007607528*J2^5+-0.0006540758*J2^4*(J2-J1)^1+0,0.0008784416*J2^5+0.0021846386*J2^4*(J2-J1)^1+0,0,0,0,0,0,0,0.0010758669*J2^5+0.0014199876*J2^4*(J2-J1)^1+0,-0.0012423040*J2^5+-0.0036611047*J2^4*(J2-J1)^1+0,0,0,0,0,0,0,0,0,0,0,0,0,0,0,0,0,0,0,0,0,0,0,0,0,0,0,0,0,0,0,0,0,0,0,0,0,0,0,0,0,0,0,0,0,0,0,0,0,0,0,0,0,0,0,0,0,0,0,0,0,0,0,0,0,0,0,0,0,0,0,0,0},
{0,0,0,0,0,0.0008906612*J2^5+-0.0026584201*J2^4*(J2-J1)^1+0,0,0,0,0,0,0,0,0,0,0,0,0,0,0,0,0,0,0,0,0,0,0,0,0,0,0,0,0,0,0,0,0,0,0,0,0,0,0,0,0,0,0,0,0,0,0,0,0,0,0,0,0,0,0,0,0,0,0,0,0,0,0,0,0,0,0,0,0,0,0,0,0,0,0,0,0,0,0,0,0,0,0,0,0,0,0,0,0,0,0},
{0,0,0,0,0,0,0,0,0,0,0,0,0,-0.0005142235*J2^5+0.0005324954*J2^4*(J2-J1)^1+0,0,0,0,0,0,0,0,0.0007272218*J2^5+-0.0014618266*J2^4*(J2-J1)^1+0,0,0,0,0,0,0,0,0,0,0,0,0,0,0,0,0,0,0,0,0,0,0,0,0,0,0,0,0,0,0,0,0,0,0,0,0,0,0,0,0,0,0,0,0,0,0,0,0,0,0,0,0,0,0,0,0,0,0,0,0,0,0,0,0,0,0,0,0,0,0,0,0,0,0},
{0,0,0,0,0.0008906612*J2^5+0.0043945312*J2^4*(J2-J1)^1+0,-0.0010284469*J2^5+-0.0010023442*J2^4*(J2-J1)^1+0,0,0,0,0,0,0,0,0,0,0,0,0,0,0,0,0,0,0,0,0,0,0,0,0,0,0,0,0,0,0,0,0,0,0,0,0,0,0,0,0,0,0,0,0,0,0,0,0,0,0,0,0,0,0,0,0,0,0,0,0,0,0,0,0,0,0,0,0,0,0,0,0,0,0,0,0,0,0,0,0,0,0,0,0,0,0,0,0,0,0},
{0,0,0,0,0,0,0,0,0,0,0,0,-0.0005142235*J2^5+-0.0035395280*J2^4*(J2-J1)^1+0,0.0005937741*J2^5+0.0017361111*J2^4*(J2-J1)^1+0,0,0,0,0,0,0,0.0007272218*J2^5+0.0042968841*J2^4*(J2-J1)^1+0,-0.0008397234*J2^5+-0.0016368213*J2^4*(J2-J1)^1+0,0,0,0,0,0,0,0,0,0,0,0,0,0,0,0,0,0,0,0,0,0,0,0,0,0,0,0,0,0,0,0,0,0,0,0,0,0,0,0,0,0,0,0,0,0,0,0,0,0,0,0,0,0,0,0,0,0,0,0,0,0,0,0,0,0,0,0,0,0,0,0,0,0,0},
{0,0,0,0,0,0,0,0.0009592315*J2^5+0.0033817998*J2^4*(J2-J1)^1+0,0,0,0,0,0,0,0,0,0,0,0,0,0,0,0,0,0,0,0,0,0,0,0,0,0,0,0,0,0,0,0,0,0,0,0,0,0,0,0,0,0,0,0,0,0,0,0,0,0,0,0,0,0,0,0,0,0,0,0,0,0,0,0,0,0,0,0,0,0,0,0,0,0,0,0,0,0,0,0,0,0,0,0,0,0,0,0,0},
{0,0,0,0,0,0,0,0,0,0,0,0,0,0,0,-0.0005538126*J2^5+-0.0016183683*J2^4*(J2-J1)^1+0,0,0,0,0,0,0,0,0.0007832093*J2^5+0.0025249732*J2^4*(J2-J1)^1+0,0,0,0,0,0,0,0,0,0,0,0,0,0,0,0,0,0,0,0,0,0,0,0,0,0,0,0,0,0,0,0,0,0,0,0,0,0,0,0,0,0,0,0,0,0,0,0,0,0,0,0,0,0,0,0,0,0,0,0,0,0,0,0,0,0,0,0,0,0,0,0,0},
{0,0,0,0,0,0,0.0009592315*J2^5+0.0010308160*J2^4*(J2-J1)^1+0,-0.0011076252*J2^5+-0.0025476249*J2^4*(J2-J1)^1+0,0,0,0,0,0,0,0,0,0,0,0,0,0,0,0,0,0,0,0,0,0,0,0,0,0,0,0,0,0,0,0,0,0,0,0,0,0,0,0,0,0,0,0,0,0,0,0,0,0,0,0,0,0,0,0,0,0,0,0,0,0,0,0,0,0,0,0,0,0,0,0,0,0,0,0,0,0,0,0,0,0,0,0,0,0,0,0,0},
{0,0,0,0,0,0,0,0,0,0,0,0,0,0,-0.0005538126*J2^5+-0.0002610271*J2^4*(J2-J1)^1+0,0.0006394877*J2^5+0.0010850694*J2^4*(J2-J1)^1+0,0,0,0,0,0,0,0.0007832093*J2^5+0.0006054029*J2^4*(J2-J1)^1+0,-0.0009043722*J2^5+-0.0018073235*J2^4*(J2-J1)^1+0,0,0,0,0,0,0,0,0,0,0,0,0,0,0,0,0,0,0,0,0,0,0,0,0,0,0,0,0,0,0,0,0,0,0,0,0,0,0,0,0,0,0,0,0,0,0,0,0,0,0,0,0,0,0,0,0,0,0,0,0,0,0,0,0,0,0,0,0,0,0,0,0},
{0,-0.0015426704*J2^5+-0.0037587908*J2^4*(J2-J1)^1+0,0,0,0,0,0,0,0,0,0,0,0,0,0,0,0,0,0,0,0,0,0,0,0,0,0,0,0,0,0,0,0,0,0,0,0,0,0,0,0,0,0,0,0,0,0,0,0,0,0,0,0,0,0,0,0,0,0,0,0,0,0,0,0,0,0,0,0,0,0,0,0,0,0,0,0,0,0,0,0,0,0,0,0,0,0,0,0,0,0,0,0,0,0,0},
{0,0,0,0,0,0,0,0,0,0.0008906612*J2^5+0.0039062500*J2^4*(J2-J1)^1+0,0,0,0,0,0,0,0,-0.0012595851*J2^5+-0.0042966558*J2^4*(J2-J1)^1+0,0,0,0,0,0,0,0,0,0,0,0,0,0,0,0,0,0,0,0,0,0,0,0,0,0,0,0,0,0,0,0,0,0,0,0,0,0,0,0,0,0,0,0,0,0,0,0,0,0,0,0,0,0,0,0,0,0,0,0,0,0,0,0,0,0,0,0,0,0,0,0,0,0,0,0,0,0,0},
{-0.0015426704*J2^5+-0.0159748610*J2^4*(J2-J1)^1+0,0.0017813223*J2^5+0.0113932292*J2^4*(J2-J1)^1+0,0,0,0,0,0,0,0,0,0,0,0,0,0,0,0,0,0,0,0,0,0,0,0,0,0,0,0,0,0,0,0,0,0,0,0,0,0,0,0,0,0,0,0,0,0,0,0,0,0,0,0,0,0,0,0,0,0,0,0,0,0,0,0,0,0,0,0,0,0,0,0,0,0,0,0,0,0,0,0,0,0,0,0,0,0,0,0,0,0,0,0,0,0,0},
{0,0,0,0,0,0,0,0,0.0008906612*J2^5+0.0109592014*J2^4*(J2-J1)^1+0,-0.0010284469*J2^5+-0.0085825724*J2^4*(J2-J1)^1+0,0,0,0,0,0,0,-0.0012595851*J2^5+-0.0142710353*J2^4*(J2-J1)^1+0,0.0014544436*J2^5+0.0107200614*J2^4*(J2-J1)^1+0,0,0,0,0,0,0,0,0,0,0,0,0,0,0,0,0,0,0,0,0,0,0,0,0,0,0,0,0,0,0,0,0,0,0,0,0,0,0,0,0,0,0,0,0,0,0,0,0,0,0,0,0,0,0,0,0,0,0,0,0,0,0,0,0,0,0,0,0,0,0,0,0,0,0,0,0,0,0},
{0,0,0,-0.0016614377*J2^5+-0.0030696792*J2^4*(J2-J1)^1+0,0,0,0,0,0,0,0,0,0,0,0,0,0,0,0,0,0,0,0,0,0,0,0,0,0,0,0,0,0,0,0,0,0,0,0,0,0,0,0,0,0,0,0,0,0,0,0,0,0,0,0,0,0,0,0,0,0,0,0,0,0,0,0,0,0,0,0,0,0,0,0,0,0,0,0,0,0,0,0,0,0,0,0,0,0,0,0,0,0,0,0,0},
{0,0,0,0,0,0,0,0,0,0,0,0.0009592315*J2^5+0.0011935764*J2^4*(J2-J1)^1+0,0,0,0,0,0,0,0,-0.0013565582*J2^5+-0.0020971772*J2^4*(J2-J1)^1+0,0,0,0,0,0,0,0,0,0,0,0,0,0,0,0,0,0,0,0,0,0,0,0,0,0,0,0,0,0,0,0,0,0,0,0,0,0,0,0,0,0,0,0,0,0,0,0,0,0,0,0,0,0,0,0,0,0,0,0,0,0,0,0,0,0,0,0,0,0,0,0,0,0,0,0,0},
{0,0,-0.0016614377*J2^5+0.0010023442*J2^4*(J2-J1)^1+0,0.0019184631*J2^5+0.0011935764*J2^4*(J2-J1)^1+0,0,0,0,0,0,0,0,0,0,0,0,0,0,0,0,0,0,0,0,0,0,0,0,0,0,0,0,0,0,0,0,0,0,0,0,0,0,0,0,0,0,0,0,0,0,0,0,0,0,0,0,0,0,0,0,0,0,0,0,0,0,0,0,0,0,0,0,0,0,0,0,0,0,0,0,0,0,0,0,0,0,0,0,0,0,0,0,0,0,0,0,0},
{0,0,0,0,0,0,0,0,0,0,0.0009592315*J2^5+-0.0011574074*J2^4*(J2-J1)^1+0,-0.0011076252*J2^5+-0.0000208822*J2^4*(J2-J1)^1+0,0,0,0,0,0,0,-0.0013565582*J2^5+0.0012276159*J2^4*(J2-J1)^1+0,0.0015664185*J2^5+0.0005020414*J2^4*(J2-J1)^1+0,0,0,0,0,0,0,0,0,0,0,0,0,0,0,0,0,0,0,0,0,0,0,0,0,0,0,0,0,0,0,0,0,0,0,0,0,0,0,0,0,0,0,0,0,0,0,0,0,0,0,0,0,0,0,0,0,0,0,0,0,0,0,0,0,0,0,0,0,0,0,0,0,0,0,0,0},
{0,0,0,0,0,-0.0012595851*J2^5+0.0056393607*J2^4*(J2-J1)^1+0,0,0,0,0,0,0,0,0,0,0,0,0,0,0,0,0,0,0,0,0,0,0,0,0,0,0,0,0,0,0,0,0,0,0,0,0,0,0,0,0,0,0,0,0,0,0,0,0,0,0,0,0,0,0,0,0,0,0,0,0,0,0,0,0,0,0,0,0,0,0,0,0,0,0,0,0,0,0,0,0,0,0,0,0,0,0,0,0,0,0},
{0,0,0,0,0,0,0,0,0,0,0,0,0,0.0007272218*J2^5+-0.0018383576*J2^4*(J2-J1)^1+0,0,0,0,0,0,0,0,-0.0010284469*J2^5+0.0036021745*J2^4*(J2-J1)^1+0,0,0,0,0,0,0,0,0,0,0,0,0,0,0,0,0,0,0,0,0,0,0,0,0,0,0,0,0,0,0,0,0,0,0,0,0,0,0,0,0,0,0,0,0,0,0,0,0,0,0,0,0,0,0,0,0,0,0,0,0,0,0,0,0,0,0,0,0,0,0,0,0,0,0},
{0,0,0,0,-0.0012595851*J2^5+-0.0043350188*J2^4*(J2-J1)^1+0,0.0014544436*J2^5+-0.0007530622*J2^4*(J2-J1)^1+0,0,0,0,0,0,0,0,0,0,0,0,0,0,0,0,0,0,0,0,0,0,0,0,0,0,0,0,0,0,0,0,0,0,0,0,0,0,0,0,0,0,0,0,0,0,0,0,0,0,0,0,0,0,0,0,0,0,0,0,0,0,0,0,0,0,0,0,0,0,0,0,0,0,0,0,0,0,0,0,0,0,0,0,0,0,0,0,0,0,0},
{0,0,0,0,0,0,0,0,0,0,0,0,0.0007272218*J2^5+0.0039203530*J2^4*(J2-J1)^1+0,-0.0008397234*J2^5+-0.0012020406*J2^4*(J2-J1)^1+0,0,0,0,0,0,0,-0.0010284469*J2^5+-0.0045418722*J2^4*(J2-J1)^1+0,0.0011875482*J2^5+0.0005425347*J2^4*(J2-J1)^1+0,0,0,0,0,0,0,0,0,0,0,0,0,0,0,0,0,0,0,0,0,0,0,0,0,0,0,0,0,0,0,0,0,0,0,0,0,0,0,0,0,0,0,0,0,0,0,0,0,0,0,0,0,0,0,0,0,0,0,0,0,0,0,0,0,0,0,0,0,0,0,0,0,0,0},
{0,0,0,0,0,0,0,-0.0013565582*J2^5+-0.0054091827*J2^4*(J2-J1)^1+0,0,0,0,0,0,0,0,0,0,0,0,0,0,0,0,0,0,0,0,0,0,0,0,0,0,0,0,0,0,0,0,0,0,0,0,0,0,0,0,0,0,0,0,0,0,0,0,0,0,0,0,0,0,0,0,0,0,0,0,0,0,0,0,0,0,0,0,0,0,0,0,0,0,0,0,0,0,0,0,0,0,0,0,0,0,0,0,0},
{0,0,0,0,0,0,0,0,0,0,0,0,0,0,0,0.0007832093*J2^5+0.0026504835*J2^4*(J2-J1)^1+0,0,0,0,0,0,0,0,-0.0011076252*J2^5+-0.0040824645*J2^4*(J2-J1)^1+0,0,0,0,0,0,0,0,0,0,0,0,0,0,0,0,0,0,0,0,0,0,0,0,0,0,0,0,0,0,0,0,0,0,0,0,0,0,0,0,0,0,0,0,0,0,0,0,0,0,0,0,0,0,0,0,0,0,0,0,0,0,0,0,0,0,0,0,0,0,0,0,0},
{0,0,0,0,0,0,-0.0013565582*J2^5+-0.0020843896*J2^4*(J2-J1)^1+0,0.0015664185*J2^5+0.0043264160*J2^4*(J2-J1)^1+0,0,0,0,0,0,0,0,0,0,0,0,0,0,0,0,0,0,0,0,0,0,0,0,0,0,0,0,0,0,0,0,0,0,0,0,0,0,0,0,0,0,0,0,0,0,0,0,0,0,0,0,0,0,0,0,0,0,0,0,0,0,0,0,0,0,0,0,0,0,0,0,0,0,0,0,0,0,0,0,0,0,0,0,0,0,0,0,0},
{0,0,0,0,0,0,0,0,0,0,0,0,0,0,0.0007832093*J2^5+0.0007309133*J2^4*(J2-J1)^1+0,-0.0009043722*J2^5+-0.0019522503*J2^4*(J2-J1)^1+0,0,0,0,0,0,0,-0.0011076252*J2^5+-0.0013677822*J2^4*(J2-J1)^1+0,0.0012789754*J2^5+0.0031467014*J2^4*(J2-J1)^1+0,0,0,0,0,0,0,0,0,0,0,0,0,0,0,0,0,0,0,0,0,0,0,0,0,0,0,0,0,0,0,0,0,0,0,0,0,0,0,0,0,0,0,0,0,0,0,0,0,0,0,0,0,0,0,0,0,0,0,0,0,0,0,0,0,0,0,0,0,0,0,0,0}
}