96
{{0,0,0,0,0,0,0,0,0,0,0,0,0,0,0,0,0,0,0,0,0,0,0,0,0.0034605427*J2^5+0,0.0083633096*J1^1*J2^4+-0.0022306944*J2^5+0,0,0,0,0,0,0,-0.0034605427*J1^1*J2^4+0,0.0022306944*J1^1*J2^4+-0.0083633096*J2^5+0,0,0,0,0,0,0,0,0,0,0,0,0,0,0,0,0,0,0,0,0,0,0,0,0,0,0,0,0,0,0,0,0,0,0,0,0,0,0,0,0,0,0,0,0,0,0,0,0,0,0,0,0,0,0,0,0,0,0,0,0,0,0},
{0,0,0,0,0,0,0,0,0,0,0,0,0,0,0,0,0,0,0,0,0,0,0,0,0.0019979452*J1^1*J2^4+0,-0.0012878920*J1^1*J2^4+0.0048285590*J2^5+0,0,0,0,0,0,0,-0.0019979452*J2^5+0,-0.0048285590*J1^1*J2^4+0.0012878920*J2^5+0,0,0,0,0,0,0,-0.0028255212*J1^1*J2^4+0.0028255212*J2^5+0,0.0086499680*J1^1*J2^4+-0.0086499680*J2^5+0,0,0,0,0,0,0,0,0,0,0,0,0,0,0,0,0,0,0,0,0,0,0,0,0,0,0,0,0,0,0,0,0,0,0,0,0,0,0,0,0,0,0,0,0,0,0,0,0,0,0,0,0,0,0},
{0,0,0,0,0,0,0,0,0,0,0,0,0,0,0,0,0,0,0,0,0,0,0,0,0,0,0.0001225029*J2^5+0,0.0001708278*J1^1*J2^4+-0.0000374542*J2^5+0,0,0,0,0,0,0,-0.0001225029*J1^1*J2^4+0,0.0000374542*J1^1*J2^4+-0.0001708278*J2^5+0,0,0,0,0,0,0,0,0,0,0,0,0,0,0,0,0,0,0,0,0,0,0,0,0,0,0,0,0,0,0,0,0,0,0,0,0,0,0,0,0,0,0,0,0,0,0,0,0,0,0,0,0,0,0,0,0,0,0,0,0},
{0,0,0,0,0,0,0,0,0,0,0,0,0,0,0,0,0,0,0,0,0,0,0,0,0,0,0.0000707271*J1^1*J2^4+0,-0.0000216242*J1^1*J2^4+0.0000986275*J2^5+0,0,0,0,0,0,0,-0.0000707271*J2^5+0,-0.0000986275*J1^1*J2^4+0.0000216242*J2^5+0,0,0,0,0,0,0,-0.0001000232*J1^1*J2^4+0.0001000232*J2^5+0,0.0001700615*J1^1*J2^4+-0.0001700615*J2^5+0,0,0,0,0,0,0,0,0,0,0,0,0,0,0,0,0,0,0,0,0,0,0,0,0,0,0,0,0,0,0,0,0,0,0,0,0,0,0,0,0,0,0,0,0,0,0,0,0,0,0,0,0},
{0,0,0,0,0,0,0,0,0,0,0,0,0,0,0,0,0,0,0,0,0,0,0,0,0,0,0,0,0.0034605427*J2^5+0,0.0083633096*J1^1*J2^4+-0.0022306944*J2^5+0,0,0,0,0,0,0,-0.0034605427*J1^1*J2^4+0,0.0022306944*J1^1*J2^4+-0.0083633096*J2^5+0,0,0,0,0,0,0,0,0,0,0,0,0,0,0,0,0,0,0,0,0,0,0,0,0,0,0,0,0,0,0,0,0,0,0,0,0,0,0,0,0,0,0,0,0,0,0,0,0,0,0,0,0,0,0,0,0,0,0},
{0,0,0,0,0,0,0,0,0,0,0,0,0,0,0,0,0,0,0,0,0,0,0,0,0,0,0,0,0.0019979452*J1^1*J2^4+0,-0.0012878920*J1^1*J2^4+0.0048285590*J2^5+0,0,0,0,0,0,0,-0.0019979452*J2^5+0,-0.0048285590*J1^1*J2^4+0.0012878920*J2^5+0,0,0,0,0,0,0,-0.0028255212*J1^1*J2^4+0.0028255212*J2^5+0,0.0086499680*J1^1*J2^4+-0.0086499680*J2^5+0,0,0,0,0,0,0,0,0,0,0,0,0,0,0,0,0,0,0,0,0,0,0,0,0,0,0,0,0,0,0,0,0,0,0,0,0,0,0,0,0,0,0,0,0,0,0,0,0,0,0},
{0,0,0,0,0,0,0,0,0,0,0,0,0,0,0,0,0,0,0,0,0,0,0,0,0,0,0,0,0,0,0.0001225029*J2^5+0,0.0001708278*J1^1*J2^4+-0.0000374542*J2^5+0,0,0,0,0,0,0,-0.0001225029*J1^1*J2^4+0,0.0000374542*J1^1*J2^4+-0.0001708278*J2^5+0,0,0,0,0,0,0,0,0,0,0,0,0,0,0,0,0,0,0,0,0,0,0,0,0,0,0,0,0,0,0,0,0,0,0,0,0,0,0,0,0,0,0,0,0,0,0,0,0,0,0,0,0,0,0,0,0},
{0,0,0,0,0,0,0,0,0,0,0,0,0,0,0,0,0,0,0,0,0,0,0,0,0,0,0,0,0,0,0.0000707271*J1^1*J2^4+0,-0.0000216242*J1^1*J2^4+0.0000986275*J2^5+0,0,0,0,0,0,0,-0.0000707271*J2^5+0,-0.0000986275*J1^1*J2^4+0.0000216242*J2^5+0,0,0,0,0,0,0,-0.0001000232*J1^1*J2^4+0.0001000232*J2^5+0,0.0001700615*J1^1*J2^4+-0.0001700615*J2^5+0,0,0,0,0,0,0,0,0,0,0,0,0,0,0,0,0,0,0,0,0,0,0,0,0,0,0,0,0,0,0,0,0,0,0,0,0,0,0,0,0,0,0,0,0,0,0,0,0},
{0,0,0,0,0,0,0,0,0,0,0,0,0,0,0,0,0,0,0,0,0,0,0,0,-0.0144856771*J1^1*J2^4+0,-0.0042286397*J2^5+0,0,0,0,0,0,0,0.0144856771*J2^5+0,0.0042286397*J1^1*J2^4+0,0,0,0,0,0,0,0,0,0,0,0,0,0,0,0,0,0,0,0,0,0,0,0,0,0,0,0,0,0,0,0,0,0,0,0,0,0,0,0,0,0,0,0,0,0,0,0,0,0,0,0,0,0,0,0,0,0,0,0,0,0,0},
{0,0,0,0,0,0,0,0,0,0,0,0,0,0,0,0,0,0,0,0,0,0,0,0,-0.0083633096*J2^5+0,-0.0024414063*J1^1*J2^4+0,0,0,0,0,0,0,0.0083633096*J1^1*J2^4+0,0.0024414063*J2^5+0,0,0,0,0,0,0,-0.0118275058*J1^1*J2^4+0.0118275058*J2^5+0,0.0034526698*J1^1*J2^4+-0.0034526698*J2^5+0,0,0,0,0,0,0,0,0,0,0,0,0,0,0,0,0,0,0,0,0,0,0,0,0,0,0,0,0,0,0,0,0,0,0,0,0,0,0,0,0,0,0,0,0,0,0,0,0,0,0,0,0,0,0},
{0,0,0,0,0,0,0,0,0,0,0,0,0,0,0,0,0,0,0,0,0,0,0,0,0,0,-0.0002958824*J1^1*J2^4+0,-0.0001081812*J2^5+0,0,0,0,0,0,0,0.0002958824*J2^5+0,0.0001081812*J1^1*J2^4+0,0,0,0,0,0,0,0,0,0,0,0,0,0,0,0,0,0,0,0,0,0,0,0,0,0,0,0,0,0,0,0,0,0,0,0,0,0,0,0,0,0,0,0,0,0,0,0,0,0,0,0,0,0,0,0,0,0,0,0,0},
{0,0,0,0,0,0,0,0,0,0,0,0,0,0,0,0,0,0,0,0,0,0,0,0,0,0,-0.0001708278*J2^5+0,-0.0000624585*J1^1*J2^4+0,0,0,0,0,0,0,0.0001708278*J1^1*J2^4+0,0.0000624585*J2^5+0,0,0,0,0,0,0,-0.0002415869*J1^1*J2^4+0.0002415869*J2^5+0,0.0000883296*J1^1*J2^4+-0.0000883296*J2^5+0,0,0,0,0,0,0,0,0,0,0,0,0,0,0,0,0,0,0,0,0,0,0,0,0,0,0,0,0,0,0,0,0,0,0,0,0,0,0,0,0,0,0,0,0,0,0,0,0,0,0,0,0},
{0,0,0,0,0,0,0,0,0,0,0,0,0,0,0,0,0,0,0,0,0,0,0,0,0,0,0,0,-0.0144856771*J1^1*J2^4+0,-0.0042286397*J2^5+0,0,0,0,0,0,0,0.0144856771*J2^5+0,0.0042286397*J1^1*J2^4+0,0,0,0,0,0,0,0,0,0,0,0,0,0,0,0,0,0,0,0,0,0,0,0,0,0,0,0,0,0,0,0,0,0,0,0,0,0,0,0,0,0,0,0,0,0,0,0,0,0,0,0,0,0,0,0,0,0,0},
{0,0,0,0,0,0,0,0,0,0,0,0,0,0,0,0,0,0,0,0,0,0,0,0,0,0,0,0,-0.0083633096*J2^5+0,-0.0024414063*J1^1*J2^4+0,0,0,0,0,0,0,0.0083633096*J1^1*J2^4+0,0.0024414063*J2^5+0,0,0,0,0,0,0,-0.0118275058*J1^1*J2^4+0.0118275058*J2^5+0,0.0034526698*J1^1*J2^4+-0.0034526698*J2^5+0,0,0,0,0,0,0,0,0,0,0,0,0,0,0,0,0,0,0,0,0,0,0,0,0,0,0,0,0,0,0,0,0,0,0,0,0,0,0,0,0,0,0,0,0,0,0,0,0,0,0},
{0,0,0,0,0,0,0,0,0,0,0,0,0,0,0,0,0,0,0,0,0,0,0,0,0,0,0,0,0,0,-0.0002958824*J1^1*J2^4+0,-0.0001081812*J2^5+0,0,0,0,0,0,0,0.0002958824*J2^5+0,0.0001081812*J1^1*J2^4+0,0,0,0,0,0,0,0,0,0,0,0,0,0,0,0,0,0,0,0,0,0,0,0,0,0,0,0,0,0,0,0,0,0,0,0,0,0,0,0,0,0,0,0,0,0,0,0,0,0,0,0,0,0,0,0,0},
{0,0,0,0,0,0,0,0,0,0,0,0,0,0,0,0,0,0,0,0,0,0,0,0,0,0,0,0,0,0,-0.0001708278*J2^5+0,-0.0000624585*J1^1*J2^4+0,0,0,0,0,0,0,0.0001708278*J1^1*J2^4+0,0.0000624585*J2^5+0,0,0,0,0,0,0,-0.0002415869*J1^1*J2^4+0.0002415869*J2^5+0,0.0000883296*J1^1*J2^4+-0.0000883296*J2^5+0,0,0,0,0,0,0,0,0,0,0,0,0,0,0,0,0,0,0,0,0,0,0,0,0,0,0,0,0,0,0,0,0,0,0,0,0,0,0,0,0,0,0,0,0,0,0,0,0},
{0,0,0,0,0,0,0,0,0,0,0,0,0,0,0,0,0,0,0,0,0,0,0,0,0.0027320316*J2^5+0,0.0118275058*J1^1*J2^4+-0.0044028604*J2^5+0,0,0,0,0,0,0,-0.0027320316*J1^1*J2^4+0,0.0044028604*J1^1*J2^4+-0.0118275058*J2^5+0,0,0,0,0,0,0,0,0,0,0,0,0,0,0,0,0,0,0,0,0,0,0,0,0,0,0,0,0,0,0,0,0,0,0,0,0,0,0,0,0,0,0,0,0,0,0,0,0,0,0,0,0,0,0,0,0,0,0,0,0,0,0},
{0,0,0,0,0,0,0,0,0,0,0,0,0,0,0,0,0,0,0,0,0,0,0,0,0.0015773392*J1^1*J2^4+0,-0.0025419926*J1^1*J2^4+0.0068286137*J2^5+0,0,0,0,0,0,0,-0.0015773392*J2^5+0,-0.0068286137*J1^1*J2^4+0.0025419926*J2^5+0,0,0,0,0,0,0,-0.0022306944*J1^1*J2^4+0.0022306944*J2^5+0,0.0132520385*J1^1*J2^4+-0.0132520385*J2^5+0,0,0,0,0,0,0,0,0,0,0,0,0,0,0,0,0,0,0,0,0,0,0,0,0,0,0,0,0,0,0,0,0,0,0,0,0,0,0,0,0,0,0,0,0,0,0,0,0,0,0,0,0,0,0},
{0,0,0,0,0,0,0,0,0,0,0,0,0,0,0,0,0,0,0,0,0,0,0,0,0,0,0.0000458718*J2^5+0,0.0002415869*J1^1*J2^4+-0.0001265073*J2^5+0,0,0,0,0,0,0,-0.0000458718*J1^1*J2^4+0,0.0001265073*J1^1*J2^4+-0.0002415869*J2^5+0,0,0,0,0,0,0,0,0,0,0,0,0,0,0,0,0,0,0,0,0,0,0,0,0,0,0,0,0,0,0,0,0,0,0,0,0,0,0,0,0,0,0,0,0,0,0,0,0,0,0,0,0,0,0,0,0,0,0,0,0},
{0,0,0,0,0,0,0,0,0,0,0,0,0,0,0,0,0,0,0,0,0,0,0,0,0,0,0.0000264841*J1^1*J2^4+0,-0.0000730390*J1^1*J2^4+0.0001394803*J2^5+0,0,0,0,0,0,0,-0.0000264841*J2^5+0,-0.0001394803*J1^1*J2^4+0.0000730390*J2^5+0,0,0,0,0,0,0,-0.0000374542*J1^1*J2^4+0.0000374542*J2^5+0,0.0003005477*J1^1*J2^4+-0.0003005477*J2^5+0,0,0,0,0,0,0,0,0,0,0,0,0,0,0,0,0,0,0,0,0,0,0,0,0,0,0,0,0,0,0,0,0,0,0,0,0,0,0,0,0,0,0,0,0,0,0,0,0,0,0,0,0},
{0,0,0,0,0,0,0,0,0,0,0,0,0,0,0,0,0,0,0,0,0,0,0,0,0,0,0,0,0.0027320316*J2^5+0,0.0118275058*J1^1*J2^4+-0.0044028604*J2^5+0,0,0,0,0,0,0,-0.0027320316*J1^1*J2^4+0,0.0044028604*J1^1*J2^4+-0.0118275058*J2^5+0,0,0,0,0,0,0,0,0,0,0,0,0,0,0,0,0,0,0,0,0,0,0,0,0,0,0,0,0,0,0,0,0,0,0,0,0,0,0,0,0,0,0,0,0,0,0,0,0,0,0,0,0,0,0,0,0,0,0},
{0,0,0,0,0,0,0,0,0,0,0,0,0,0,0,0,0,0,0,0,0,0,0,0,0,0,0,0,0.0015773392*J1^1*J2^4+0,-0.0025419926*J1^1*J2^4+0.0068286137*J2^5+0,0,0,0,0,0,0,-0.0015773392*J2^5+0,-0.0068286137*J1^1*J2^4+0.0025419926*J2^5+0,0,0,0,0,0,0,-0.0022306944*J1^1*J2^4+0.0022306944*J2^5+0,0.0132520385*J1^1*J2^4+-0.0132520385*J2^5+0,0,0,0,0,0,0,0,0,0,0,0,0,0,0,0,0,0,0,0,0,0,0,0,0,0,0,0,0,0,0,0,0,0,0,0,0,0,0,0,0,0,0,0,0,0,0,0,0,0,0},
{0,0,0,0,0,0,0,0,0,0,0,0,0,0,0,0,0,0,0,0,0,0,0,0,0,0,0,0,0,0,0.0000458718*J2^5+0,0.0002415869*J1^1*J2^4+-0.0001265073*J2^5+0,0,0,0,0,0,0,-0.0000458718*J1^1*J2^4+0,0.0001265073*J1^1*J2^4+-0.0002415869*J2^5+0,0,0,0,0,0,0,0,0,0,0,0,0,0,0,0,0,0,0,0,0,0,0,0,0,0,0,0,0,0,0,0,0,0,0,0,0,0,0,0,0,0,0,0,0,0,0,0,0,0,0,0,0,0,0,0,0},
{0,0,0,0,0,0,0,0,0,0,0,0,0,0,0,0,0,0,0,0,0,0,0,0,0,0,0,0,0,0,0.0000264841*J1^1*J2^4+0,-0.0000730390*J1^1*J2^4+0.0001394803*J2^5+0,0,0,0,0,0,0,-0.0000264841*J2^5+0,-0.0001394803*J1^1*J2^4+0.0000730390*J2^5+0,0,0,0,0,0,0,-0.0000374542*J1^1*J2^4+0.0000374542*J2^5+0,0.0003005477*J1^1*J2^4+-0.0003005477*J2^5+0,0,0,0,0,0,0,0,0,0,0,0,0,0,0,0,0,0,0,0,0,0,0,0,0,0,0,0,0,0,0,0,0,0,0,0,0,0,0,0,0,0,0,0,0,0,0,0,0},
{-0.0006291896*J2^5+0,-0.0003632628*J1^1*J2^4+0,0,0,0,0,0,0,-0.0054117839*J1^1*J2^4+0,-0.0031244949*J2^5+0,0,0,0,0,0,0,-0.0007923025*J2^5+0,-0.0004574360*J1^1*J2^4+0,0,0,0,0,0,0,0,0,0,0,0,0,0,0,0,0,0,0,0,0,0,0,0,0,0,0,0,0,0,0,0,0,0,0,0,0,0,0,-0.0059407552*J1^1*J2^4+0.0014648438*J1^1*J2^3*(J2-J1)^1+0,0.0013312384*J2^5+-0.0005638186*J2^4*(J2-J1)^1+0,-0.0034298966*J2^5+0,0.0007685909*J1^1*J2^4+-0.0008138021*J1^1*J2^3*(J2-J1)^1+0,0,0,0,0,0,0,0,0,0,0,0,0,0,0,0,0,0,0,0,0,0.0019124349*J1^1*J2^4+-0.0205078125*J1^1*J2^3*(J2-J1)^1+0,0.0030148635*J2^5+-0.0022552745*J2^4*(J2-J1)^1+0,0.0011041448*J2^5+-0.0050743676*J2^4*(J2-J1)^1+0,0.0017406322*J1^1*J2^4+0.0026041667*J1^1*J2^3*(J2-J1)^1+0,0,0,0,0,0,0,0,0,0,0,0,0},
{0.0031244949*J1^1*J2^4+0.0006469123*J2^5+0,0.0003734950*J1^1*J2^4+0.0018039280*J2^5+0,0,0,0,0,0,0,0.0010101750*J2^5+0,0.0005832248*J1^1*J2^4+0,0,0,0,0,0,0,0.0044187030*J1^1*J2^4+0.0009711672*J2^5+0,0.0005607036*J1^1*J2^4+0.0025511394*J2^5+0,0,0,0,0,0,0,0,0,0,0,0,0,0,0,0,0,0,0,0,0,0,0,0,0,0,0,0,0,0,0,0,0,0,0,0,0,0,0,0.0013312384*J2^5+0.0016914559*J2^4*(J2-J1)^1+0,-0.0059407552*J1^1*J2^4+-0.0015371817*J2^5+0.0008138021*J1^1*J2^3*(J2-J1)^1+-0.0006510417*J2^4*(J2-J1)^1+0,0.0007685909*J1^1*J2^4+0.0004882813*J1^1*J2^3*(J2-J1)^1+0,-0.0008874923*J1^1*J2^4+-0.0034298966*J2^5+0.0001879395*J1^1*J2^3*(J2-J1)^1+-0.0003758791*J2^4*(J2-J1)^1+0,0,0,0,0,0,0,0,0,0,0,0,0,0,0,0,0,0,0,0,0,0.0030148635*J2^5+-0.0169145587*J2^4*(J2-J1)^1+0,0.0019124349*J1^1*J2^4+-0.0034812645*J2^5+-0.0152994792*J1^1*J2^3*(J2-J1)^1+0.0110677083*J2^4*(J2-J1)^1+0,0.0017406322*J1^1*J2^4+-0.0058593750*J1^1*J2^3*(J2-J1)^1+0,-0.0020099090*J1^1*J2^4+0.0011041448*J2^5+0.0018793954*J1^1*J2^3*(J2-J1)^1+-0.0020673349*J2^4*(J2-J1)^1+0,0,0,0,0,0,0,0,0,0,0,0,0},
{0,0,-0.0000378937*J2^5+0,-0.0000218779*J1^1*J2^4+0,0,0,0,0,0,0,-0.0000509380*J1^1*J2^4+0,-0.0000294091*J2^5+0,0,0,0,0,0,0,-0.0000139125*J2^5+0,-0.0000080324*J1^1*J2^4+0,0,0,0,0,0,0,0,0,0,0,0,0,0,0,0,0,0,0,0,0,0,0,0,0,0,0,0,0,0.0003680483*J1^1*J2^4+0.0010858729*J1^1*J2^3*(J2-J1)^1+0,-0.0009027175*J2^5+0.0006450135*J2^4*(J2-J1)^1+0,0.0002124928*J2^5+0.0006811825*J2^4*(J2-J1)^1+0,-0.0005211842*J1^1*J2^4+0.0004037220*J1^1*J2^3*(J2-J1)^1+0,0,0,0,0,0,0,0,0,0,0,0,0,-0.0008914927*J1^1*J2^4+0.0021189102*J1^1*J2^3*(J2-J1)^1+0,-0.0010048974*J2^5+0.0006351207*J2^4*(J2-J1)^1+0,-0.0005147036*J2^5+0.0008397234*J2^4*(J2-J1)^1+0,-0.0005801778*J1^1*J2^4+0.0001451983*J1^1*J2^3*(J2-J1)^1+0,0,0,0,0,0,0,0,0,0,0,0,0,0,0,0,0,-0.0016004774*J1^1*J2^4+0.0009765625*J1^1*J2^3*(J2-J1)^1+0,0.0003080120*J2^5+-0.0026311536*J2^4*(J2-J1)^1+0,-0.0009240361*J2^5+-0.0016914559*J2^4*(J2-J1)^1+0,0.0001778308*J1^1*J2^4+-0.0028211806*J1^1*J2^3*(J2-J1)^1+0,0,0,0,0,0,0,0,0},
{0,0,0.0000294091*J1^1*J2^4+0.0000113595*J2^5+0,0.0000065584*J1^1*J2^4+0.0000169793*J2^5+0,0,0,0,0,0,0,0.0000332375*J2^5+0,0.0000191897*J1^1*J2^4+0,0,0,0,0,0,0,0.0000415907*J1^1*J2^4+0.0000389725*J2^5+0,0.0000225008*J1^1*J2^4+0.0000240124*J2^5+0,0,0,0,0,0,0,0,0,0,0,0,0,0,0,0,0,0,0,0,0,0,0,0,0,0,0,0,0,-0.0009027175*J2^5+0.0006450135*J2^4*(J2-J1)^1+0,0.0003680483*J1^1*J2^4+0.0010423684*J2^5+0.0011276372*J1^1*J2^3*(J2-J1)^1+-0.0007447974*J2^4*(J2-J1)^1+0,-0.0005211842*J1^1*J2^4+0.0004037220*J1^1*J2^3*(J2-J1)^1+0,0.0006018117*J1^1*J2^4+0.0002124928*J2^5+-0.0004661780*J1^1*J2^3*(J2-J1)^1+0.0007052951*J2^4*(J2-J1)^1+0,0,0,0,0,0,0,0,0,0,0,0,0,-0.0010048974*J2^5+0.0015558327*J2^4*(J2-J1)^1+0,-0.0008914927*J1^1*J2^4+0.0011603556*J2^5+0.0018235917*J1^1*J2^3*(J2-J1)^1+-0.0012649476*J2^4*(J2-J1)^1+0,-0.0005801778*J1^1*J2^4+0.0006767716*J1^1*J2^3*(J2-J1)^1+0,0.0006699316*J1^1*J2^4+-0.0005147036*J2^5+-0.0004745645*J1^1*J2^3*(J2-J1)^1+0.0006692212*J2^4*(J2-J1)^1+0,0,0,0,0,0,0,0,0,0,0,0,0,0,0,0,0,0.0003080120*J2^5+0.0022552745*J2^4*(J2-J1)^1+0,-0.0016004774*J1^1*J2^4+-0.0003556617*J2^5+-0.0007595486*J1^1*J2^3*(J2-J1)^1+0.0002170139*J2^4*(J2-J1)^1+0,0.0001778308*J1^1*J2^4+0,-0.0002053414*J1^1*J2^4+-0.0009240361*J2^5+0.0016288094*J1^1*J2^3*(J2-J1)^1+-0.0026938001*J2^4*(J2-J1)^1+0,0,0,0,0,0,0,0,0},
{0,0,0,0,-0.0006291896*J2^5+0,-0.0003632628*J1^1*J2^4+0,0,0,0,0,0,0,-0.0054117839*J1^1*J2^4+0,-0.0031244949*J2^5+0,0,0,0,0,0,0,-0.0007923025*J2^5+0,-0.0004574360*J1^1*J2^4+0,0,0,0,0,0,0,0,0,0,0,0,0,0,0,0,0,0,0,0,0,0,0,0,0,0,0,0,0,0,0,0,0,0,0,0,0,0,0,-0.0059407552*J1^1*J2^4+0.0043945312*J1^1*J2^3*(J2-J1)^1+0,0.0013312384*J2^5+0.0011276372*J2^4*(J2-J1)^1+0,-0.0034298966*J2^5+0.0016914559*J2^4*(J2-J1)^1+0,0.0007685909*J1^1*J2^4+0.0001627604*J1^1*J2^3*(J2-J1)^1+0,0,0,0,0,0,0,0,0,-0.0011041448*J1^1*J2^4+0.0169145587*J1^1*J2^3*(J2-J1)^1+0,-0.0017406322*J2^5+0.0042317708*J2^4*(J2-J1)^1+0,-0.0006374783*J2^5+0.0058593750*J2^4*(J2-J1)^1+0,-0.0010049545*J1^1*J2^4+0.0001879395*J1^1*J2^3*(J2-J1)^1+0,0,0,0,0,0,0,0,0,0,0,0,0,0.0015614966*J1^1*J2^4+-0.0131564390*J1^1*J2^3*(J2-J1)^1+0,0.0024616257*J2^5+0.0002301780*J2^4*(J2-J1)^1+0,0.0009015305*J2^5+-0.0020716019*J2^4*(J2-J1)^1+0,0.0014212203*J1^1*J2^4+0.0033223331*J1^1*J2^3*(J2-J1)^1+0,0,0,0,0},
{0,0,0,0,0.0031244949*J1^1*J2^4+0.0006469123*J2^5+0,0.0003734950*J1^1*J2^4+0.0018039280*J2^5+0,0,0,0,0,0,0,0.0010101750*J2^5+0,0.0005832248*J1^1*J2^4+0,0,0,0,0,0,0,0.0044187030*J1^1*J2^4+0.0009711672*J2^5+0,0.0005607036*J1^1*J2^4+0.0025511394*J2^5+0,0,0,0,0,0,0,0,0,0,0,0,0,0,0,0,0,0,0,0,0,0,0,0,0,0,0,0,0,0,0,0,0,0,0,0,0,0,0,0.0013312384*J2^5+0.0033829117*J2^4*(J2-J1)^1+0,-0.0059407552*J1^1*J2^4+-0.0015371817*J2^5+0.0037434896*J1^1*J2^3*(J2-J1)^1+-0.0026041667*J2^4*(J2-J1)^1+0,0.0007685909*J1^1*J2^4+0.0014648438*J1^1*J2^3*(J2-J1)^1+0,-0.0008874923*J1^1*J2^4+-0.0034298966*J2^5+-0.0009396977*J1^1*J2^3*(J2-J1)^1+0.0013155768*J2^4*(J2-J1)^1+0,0,0,0,0,0,0,0,0,-0.0017406322*J2^5+0.0126953125*J2^4*(J2-J1)^1+0,-0.0011041448*J1^1*J2^4+0.0020099090*J2^5+0.0139075260*J1^1*J2^3*(J2-J1)^1+-0.0097728561*J2^4*(J2-J1)^1+0,-0.0010049545*J1^1*J2^4+0.0050743676*J1^1*J2^3*(J2-J1)^1+0,0.0011604215*J1^1*J2^4+-0.0006374783*J2^5+-0.0030381944*J1^1*J2^3*(J2-J1)^1+0.0041232639*J2^4*(J2-J1)^1+0,0,0,0,0,0,0,0,0,0,0,0,0,0.0024616257*J2^5+-0.0117390774*J2^4*(J2-J1)^1+0,0.0015614966*J1^1*J2^4+-0.0028424405*J2^5+-0.0089038527*J1^1*J2^3*(J2-J1)^1+0.0066446662*J2^4*(J2-J1)^1+0,0.0014212203*J1^1*J2^4+-0.0035881197*J1^1*J2^3*(J2-J1)^1+0,-0.0016410838*J1^1*J2^4+0.0009015305*J2^5+0.0001534520*J1^1*J2^3*(J2-J1)^1+0.0003836300*J2^4*(J2-J1)^1+0,0,0,0,0},
{0,0,0,0,0,0,-0.0000378937*J2^5+0,-0.0000218779*J1^1*J2^4+0,0,0,0,0,0,0,-0.0000509380*J1^1*J2^4+0,-0.0000294091*J2^5+0,0,0,0,0,0,0,-0.0000139125*J2^5+0,-0.0000080324*J1^1*J2^4+0,0,0,0,0,0,0,0,0,0,0,0,0,0,0,0,0,0,0,0,0,0,0,0,0,0,0,0,0,0.0003680483*J1^1*J2^4+0.0018445918*J1^1*J2^3*(J2-J1)^1+0,-0.0009027175*J2^5+0.0010830601*J2^4*(J2-J1)^1+0,0.0002124928*J2^5+0.0011192290*J2^4*(J2-J1)^1+0,-0.0005211842*J1^1*J2^4+0.0006566283*J1^1*J2^3*(J2-J1)^1+0,0,0,0,0,0,0,0,0,0,0,0,0,-0.0008914927*J1^1*J2^4+0.0027784549*J1^1*J2^3*(J2-J1)^1+0,-0.0010048974*J2^5+0.0010159090*J2^4*(J2-J1)^1+0,-0.0005147036*J2^5+0.0012205117*J2^4*(J2-J1)^1+0,-0.0005801778*J1^1*J2^4+0.0003650465*J1^1*J2^3*(J2-J1)^1+0,0,0,0,0,0.0009240361*J1^1*J2^4+-0.0022552745*J1^1*J2^3*(J2-J1)^1+0,-0.0001778308*J2^5+0.0005425347*J2^4*(J2-J1)^1+0,0.0005334925*J2^5+0,-0.0001026707*J1^1*J2^4+0.0010649907*J1^1*J2^3*(J2-J1)^1+0,0,0,0,0,0,0,0,0,0,0,0,0,-0.0013067843*J1^1*J2^4+-0.0003986800*J1^1*J2^3*(J2-J1)^1+0,0.0002514908*J2^5+-0.0028388619*J2^4*(J2-J1)^1+0,-0.0007544723*J2^5+-0.0020716019*J2^4*(J2-J1)^1+0,0.0001451983*J1^1*J2^4+-0.0027021642*J1^1*J2^3*(J2-J1)^1+0},
{0,0,0,0,0,0,0.0000294091*J1^1*J2^4+0.0000113595*J2^5+0,0.0000065584*J1^1*J2^4+0.0000169793*J2^5+0,0,0,0,0,0,0,0.0000332375*J2^5+0,0.0000191897*J1^1*J2^4+0,0,0,0,0,0,0,0.0000415907*J1^1*J2^4+0.0000389725*J2^5+0,0.0000225008*J1^1*J2^4+0.0000240124*J2^5+0,0,0,0,0,0,0,0,0,0,0,0,0,0,0,0,0,0,0,0,0,0,0,0,0,0,0,0,0,-0.0009027175*J2^5+0.0010830601*J2^4*(J2-J1)^1+0,0.0003680483*J1^1*J2^4+0.0010423684*J2^5+0.0018863561*J1^1*J2^3*(J2-J1)^1+-0.0012506100*J2^4*(J2-J1)^1+0,-0.0005211842*J1^1*J2^4+0.0006566283*J1^1*J2^3*(J2-J1)^1+0,0.0006018117*J1^1*J2^4+0.0002124928*J2^5+-0.0007582090*J1^1*J2^3*(J2-J1)^1+0.0011433417*J2^4*(J2-J1)^1+0,0,0,0,0,0,0,0,0,0,0,0,0,-0.0010048974*J2^5+0.0019366210*J2^4*(J2-J1)^1+0,-0.0008914927*J1^1*J2^4+0.0011603556*J2^5+0.0024831364*J1^1*J2^3*(J2-J1)^1+-0.0017046440*J2^4*(J2-J1)^1+0,-0.0005801778*J1^1*J2^4+0.0008966198*J1^1*J2^3*(J2-J1)^1+0,0.0006699316*J1^1*J2^4+-0.0005147036*J2^5+-0.0007284233*J1^1*J2^3*(J2-J1)^1+0.0010500095*J2^4*(J2-J1)^1+0,0,0,0,0,-0.0001778308*J2^5+-0.0022786458*J2^4*(J2-J1)^1+0,0.0009240361*J1^1*J2^4+0.0002053414*J2^5+-0.0012529303*J1^1*J2^3*(J2-J1)^1+0.0010023442*J2^4*(J2-J1)^1+0,-0.0001026707*J1^1*J2^4+-0.0005638186*J1^1*J2^3*(J2-J1)^1+0,0.0001185539*J1^1*J2^4+0.0005334925*J2^5+-0.0002893519*J1^1*J2^3*(J2-J1)^1+0.0005787037*J2^4*(J2-J1)^1+0,0,0,0,0,0,0,0,0,0,0,0,0,0.0002514908*J2^5+0.0011508899*J2^4*(J2-J1)^1+0,-0.0013067843*J1^1*J2^4+-0.0002903965*J2^5+-0.0018162088*J1^1*J2^3*(J2-J1)^1+0.0009745510*J2^4*(J2-J1)^1+0,0.0001451983*J1^1*J2^4+-0.0003986800*J1^1*J2^3*(J2-J1)^1+0,-0.0001676605*J1^1*J2^4+-0.0007544723*J2^5+0.0017902732*J1^1*J2^3*(J2-J1)^1+-0.0028900125*J2^4*(J2-J1)^1+0},
{0.0006291896*J1^1*J2^4+0,0.0003632628*J2^5+0,0,0,0,0,0,0,0.0054117839*J2^5+0,0.0031244949*J1^1*J2^4+0,0,0,0,0,0,0,0.0007923025*J1^1*J2^4+0,0.0004574360*J2^5+0,0,0,0,0,0,0,0,0,0,0,0,0,0,0,0,0,0,0,0,0,0,0,0,0,0,0,0,0,0,0,0,0,0,0,0,0,0,0,0.0059407552*J2^5+-0.0014648438*J2^4*(J2-J1)^1+0,-0.0013312384*J1^1*J2^4+0.0005638186*J1^1*J2^3*(J2-J1)^1+0,0.0034298966*J1^1*J2^4+0,-0.0007685909*J2^5+0.0008138021*J2^4*(J2-J1)^1+0,0,0,0,0,0,0,0,0,0,0,0,0,0,0,0,0,0,0,0,0,-0.0019124349*J2^5+0.0205078125*J2^4*(J2-J1)^1+0,-0.0030148635*J1^1*J2^4+0.0022552745*J1^1*J2^3*(J2-J1)^1+0,-0.0011041448*J1^1*J2^4+0.0050743676*J1^1*J2^3*(J2-J1)^1+0,-0.0017406322*J2^5+-0.0026041667*J2^4*(J2-J1)^1+0,0,0,0,0,0,0,0,0,0,0,0,0},
{-0.0006469123*J1^1*J2^4+-0.0031244949*J2^5+0,-0.0018039280*J1^1*J2^4+-0.0003734950*J2^5+0,0,0,0,0,0,0,-0.0010101750*J1^1*J2^4+0,-0.0005832248*J2^5+0,0,0,0,0,0,0,-0.0009711672*J1^1*J2^4+-0.0044187030*J2^5+0,-0.0025511394*J1^1*J2^4+-0.0005607036*J2^5+0,0,0,0,0,0,0,0,0,0,0,0,0,0,0,0,0,0,0,0,0,0,0,0,0,0,0,0,0,0,0,0,0,0,0,0,0,0,0,-0.0013312384*J1^1*J2^4+-0.0016914559*J1^1*J2^3*(J2-J1)^1+0,0.0015371817*J1^1*J2^4+0.0059407552*J2^5+0.0006510417*J1^1*J2^3*(J2-J1)^1+-0.0008138021*J2^4*(J2-J1)^1+0,-0.0007685909*J2^5+-0.0004882813*J2^4*(J2-J1)^1+0,0.0034298966*J1^1*J2^4+0.0008874923*J2^5+0.0003758791*J1^1*J2^3*(J2-J1)^1+-0.0001879395*J2^4*(J2-J1)^1+0,0,0,0,0,0,0,0,0,0,0,0,0,0,0,0,0,0,0,0,0,-0.0030148635*J1^1*J2^4+0.0169145587*J1^1*J2^3*(J2-J1)^1+0,0.0034812645*J1^1*J2^4+-0.0019124349*J2^5+-0.0110677083*J1^1*J2^3*(J2-J1)^1+0.0152994792*J2^4*(J2-J1)^1+0,-0.0017406322*J2^5+0.0058593750*J2^4*(J2-J1)^1+0,-0.0011041448*J1^1*J2^4+0.0020099090*J2^5+0.0020673349*J1^1*J2^3*(J2-J1)^1+-0.0018793954*J2^4*(J2-J1)^1+0,0,0,0,0,0,0,0,0,0,0,0,0},
{0,0,0.0000378937*J1^1*J2^4+0,0.0000218779*J2^5+0,0,0,0,0,0,0,0.0000509380*J2^5+0,0.0000294091*J1^1*J2^4+0,0,0,0,0,0,0,0.0000139125*J1^1*J2^4+0,0.0000080324*J2^5+0,0,0,0,0,0,0,0,0,0,0,0,0,0,0,0,0,0,0,0,0,0,0,0,0,0,0,0,0,-0.0003680483*J2^5+-0.0010858729*J2^4*(J2-J1)^1+0,0.0009027175*J1^1*J2^4+-0.0006450135*J1^1*J2^3*(J2-J1)^1+0,-0.0002124928*J1^1*J2^4+-0.0006811825*J1^1*J2^3*(J2-J1)^1+0,0.0005211842*J2^5+-0.0004037220*J2^4*(J2-J1)^1+0,0,0,0,0,0,0,0,0,0,0,0,0,0.0008914927*J2^5+-0.0021189102*J2^4*(J2-J1)^1+0,0.0010048974*J1^1*J2^4+-0.0006351207*J1^1*J2^3*(J2-J1)^1+0,0.0005147036*J1^1*J2^4+-0.0008397234*J1^1*J2^3*(J2-J1)^1+0,0.0005801778*J2^5+-0.0001451983*J2^4*(J2-J1)^1+0,0,0,0,0,0,0,0,0,0,0,0,0,0,0,0,0,0.0016004774*J2^5+-0.0009765625*J2^4*(J2-J1)^1+0,-0.0003080120*J1^1*J2^4+0.0026311536*J1^1*J2^3*(J2-J1)^1+0,0.0009240361*J1^1*J2^4+0.0016914559*J1^1*J2^3*(J2-J1)^1+0,-0.0001778308*J2^5+0.0028211806*J2^4*(J2-J1)^1+0,0,0,0,0,0,0,0,0},
{0,0,-0.0000113595*J1^1*J2^4+-0.0000294091*J2^5+0,-0.0000169793*J1^1*J2^4+-0.0000065584*J2^5+0,0,0,0,0,0,0,-0.0000332375*J1^1*J2^4+0,-0.0000191897*J2^5+0,0,0,0,0,0,0,-0.0000389725*J1^1*J2^4+-0.0000415907*J2^5+0,-0.0000240124*J1^1*J2^4+-0.0000225008*J2^5+0,0,0,0,0,0,0,0,0,0,0,0,0,0,0,0,0,0,0,0,0,0,0,0,0,0,0,0,0,0.0009027175*J1^1*J2^4+-0.0006450135*J1^1*J2^3*(J2-J1)^1+0,-0.0010423684*J1^1*J2^4+-0.0003680483*J2^5+0.0007447974*J1^1*J2^3*(J2-J1)^1+-0.0011276372*J2^4*(J2-J1)^1+0,0.0005211842*J2^5+-0.0004037220*J2^4*(J2-J1)^1+0,-0.0002124928*J1^1*J2^4+-0.0006018117*J2^5+-0.0007052951*J1^1*J2^3*(J2-J1)^1+0.0004661780*J2^4*(J2-J1)^1+0,0,0,0,0,0,0,0,0,0,0,0,0,0.0010048974*J1^1*J2^4+-0.0015558327*J1^1*J2^3*(J2-J1)^1+0,-0.0011603556*J1^1*J2^4+0.0008914927*J2^5+0.0012649476*J1^1*J2^3*(J2-J1)^1+-0.0018235917*J2^4*(J2-J1)^1+0,0.0005801778*J2^5+-0.0006767716*J2^4*(J2-J1)^1+0,0.0005147036*J1^1*J2^4+-0.0006699316*J2^5+-0.0006692212*J1^1*J2^3*(J2-J1)^1+0.0004745645*J2^4*(J2-J1)^1+0,0,0,0,0,0,0,0,0,0,0,0,0,0,0,0,0,-0.0003080120*J1^1*J2^4+-0.0022552745*J1^1*J2^3*(J2-J1)^1+0,0.0003556617*J1^1*J2^4+0.0016004774*J2^5+-0.0002170139*J1^1*J2^3*(J2-J1)^1+0.0007595486*J2^4*(J2-J1)^1+0,-0.0001778308*J2^5+0,0.0009240361*J1^1*J2^4+0.0002053414*J2^5+0.0026938001*J1^1*J2^3*(J2-J1)^1+-0.0016288094*J2^4*(J2-J1)^1+0,0,0,0,0,0,0,0,0},
{0,0,0,0,0.0006291896*J1^1*J2^4+0,0.0003632628*J2^5+0,0,0,0,0,0,0,0.0054117839*J2^5+0,0.0031244949*J1^1*J2^4+0,0,0,0,0,0,0,0.0007923025*J1^1*J2^4+0,0.0004574360*J2^5+0,0,0,0,0,0,0,0,0,0,0,0,0,0,0,0,0,0,0,0,0,0,0,0,0,0,0,0,0,0,0,0,0,0,0,0,0,0,0,0.0059407552*J2^5+-0.0043945312*J2^4*(J2-J1)^1+0,-0.0013312384*J1^1*J2^4+-0.0011276372*J1^1*J2^3*(J2-J1)^1+0,0.0034298966*J1^1*J2^4+-0.0016914559*J1^1*J2^3*(J2-J1)^1+0,-0.0007685909*J2^5+-0.0001627604*J2^4*(J2-J1)^1+0,0,0,0,0,0,0,0,0,0.0011041448*J2^5+-0.0169145587*J2^4*(J2-J1)^1+0,0.0017406322*J1^1*J2^4+-0.0042317708*J1^1*J2^3*(J2-J1)^1+0,0.0006374783*J1^1*J2^4+-0.0058593750*J1^1*J2^3*(J2-J1)^1+0,0.0010049545*J2^5+-0.0001879395*J2^4*(J2-J1)^1+0,0,0,0,0,0,0,0,0,0,0,0,0,-0.0015614966*J2^5+0.0131564390*J2^4*(J2-J1)^1+0,-0.0024616257*J1^1*J2^4+-0.0002301780*J1^1*J2^3*(J2-J1)^1+0,-0.0009015305*J1^1*J2^4+0.0020716019*J1^1*J2^3*(J2-J1)^1+0,-0.0014212203*J2^5+-0.0033223331*J2^4*(J2-J1)^1+0,0,0,0,0},
{0,0,0,0,-0.0006469123*J1^1*J2^4+-0.0031244949*J2^5+0,-0.0018039280*J1^1*J2^4+-0.0003734950*J2^5+0,0,0,0,0,0,0,-0.0010101750*J1^1*J2^4+0,-0.0005832248*J2^5+0,0,0,0,0,0,0,-0.0009711672*J1^1*J2^4+-0.0044187030*J2^5+0,-0.0025511394*J1^1*J2^4+-0.0005607036*J2^5+0,0,0,0,0,0,0,0,0,0,0,0,0,0,0,0,0,0,0,0,0,0,0,0,0,0,0,0,0,0,0,0,0,0,0,0,0,0,0,-0.0013312384*J1^1*J2^4+-0.0033829117*J1^1*J2^3*(J2-J1)^1+0,0.0015371817*J1^1*J2^4+0.0059407552*J2^5+0.0026041667*J1^1*J2^3*(J2-J1)^1+-0.0037434896*J2^4*(J2-J1)^1+0,-0.0007685909*J2^5+-0.0014648438*J2^4*(J2-J1)^1+0,0.0034298966*J1^1*J2^4+0.0008874923*J2^5+-0.0013155768*J1^1*J2^3*(J2-J1)^1+0.0009396977*J2^4*(J2-J1)^1+0,0,0,0,0,0,0,0,0,0.0017406322*J1^1*J2^4+-0.0126953125*J1^1*J2^3*(J2-J1)^1+0,-0.0020099090*J1^1*J2^4+0.0011041448*J2^5+0.0097728561*J1^1*J2^3*(J2-J1)^1+-0.0139075260*J2^4*(J2-J1)^1+0,0.0010049545*J2^5+-0.0050743676*J2^4*(J2-J1)^1+0,0.0006374783*J1^1*J2^4+-0.0011604215*J2^5+-0.0041232639*J1^1*J2^3*(J2-J1)^1+0.0030381944*J2^4*(J2-J1)^1+0,0,0,0,0,0,0,0,0,0,0,0,0,-0.0024616257*J1^1*J2^4+0.0117390774*J1^1*J2^3*(J2-J1)^1+0,0.0028424405*J1^1*J2^4+-0.0015614966*J2^5+-0.0066446662*J1^1*J2^3*(J2-J1)^1+0.0089038527*J2^4*(J2-J1)^1+0,-0.0014212203*J2^5+0.0035881197*J2^4*(J2-J1)^1+0,-0.0009015305*J1^1*J2^4+0.0016410838*J2^5+-0.0003836300*J1^1*J2^3*(J2-J1)^1+-0.0001534520*J2^4*(J2-J1)^1+0,0,0,0,0},
{0,0,0,0,0,0,0.0000378937*J1^1*J2^4+0,0.0000218779*J2^5+0,0,0,0,0,0,0,0.0000509380*J2^5+0,0.0000294091*J1^1*J2^4+0,0,0,0,0,0,0,0.0000139125*J1^1*J2^4+0,0.0000080324*J2^5+0,0,0,0,0,0,0,0,0,0,0,0,0,0,0,0,0,0,0,0,0,0,0,0,0,0,0,0,0,-0.0003680483*J2^5+-0.0018445918*J2^4*(J2-J1)^1+0,0.0009027175*J1^1*J2^4+-0.0010830601*J1^1*J2^3*(J2-J1)^1+0,-0.0002124928*J1^1*J2^4+-0.0011192290*J1^1*J2^3*(J2-J1)^1+0,0.0005211842*J2^5+-0.0006566283*J2^4*(J2-J1)^1+0,0,0,0,0,0,0,0,0,0,0,0,0,0.0008914927*J2^5+-0.0027784549*J2^4*(J2-J1)^1+0,0.0010048974*J1^1*J2^4+-0.0010159090*J1^1*J2^3*(J2-J1)^1+0,0.0005147036*J1^1*J2^4+-0.0012205117*J1^1*J2^3*(J2-J1)^1+0,0.0005801778*J2^5+-0.0003650465*J2^4*(J2-J1)^1+0,0,0,0,0,-0.0009240361*J2^5+0.0022552745*J2^4*(J2-J1)^1+0,0.0001778308*J1^1*J2^4+-0.0005425347*J1^1*J2^3*(J2-J1)^1+0,-0.0005334925*J1^1*J2^4+0,0.0001026707*J2^5+-0.0010649907*J2^4*(J2-J1)^1+0,0,0,0,0,0,0,0,0,0,0,0,0,0.0013067843*J2^5+0.0003986800*J2^4*(J2-J1)^1+0,-0.0002514908*J1^1*J2^4+0.0028388619*J1^1*J2^3*(J2-J1)^1+0,0.0007544723*J1^1*J2^4+0.0020716019*J1^1*J2^3*(J2-J1)^1+0,-0.0001451983*J2^5+0.0027021642*J2^4*(J2-J1)^1+0},
{0,0,0,0,0,0,-0.0000113595*J1^1*J2^4+-0.0000294091*J2^5+0,-0.0000169793*J1^1*J2^4+-0.0000065584*J2^5+0,0,0,0,0,0,0,-0.0000332375*J1^1*J2^4+0,-0.0000191897*J2^5+0,0,0,0,0,0,0,-0.0000389725*J1^1*J2^4+-0.0000415907*J2^5+0,-0.0000240124*J1^1*J2^4+-0.0000225008*J2^5+0,0,0,0,0,0,0,0,0,0,0,0,0,0,0,0,0,0,0,0,0,0,0,0,0,0,0,0,0,0.0009027175*J1^1*J2^4+-0.0010830601*J1^1*J2^3*(J2-J1)^1+0,-0.0010423684*J1^1*J2^4+-0.0003680483*J2^5+0.0012506100*J1^1*J2^3*(J2-J1)^1+-0.0018863561*J2^4*(J2-J1)^1+0,0.0005211842*J2^5+-0.0006566283*J2^4*(J2-J1)^1+0,-0.0002124928*J1^1*J2^4+-0.0006018117*J2^5+-0.0011433417*J1^1*J2^3*(J2-J1)^1+0.0007582090*J2^4*(J2-J1)^1+0,0,0,0,0,0,0,0,0,0,0,0,0,0.0010048974*J1^1*J2^4+-0.0019366210*J1^1*J2^3*(J2-J1)^1+0,-0.0011603556*J1^1*J2^4+0.0008914927*J2^5+0.0017046440*J1^1*J2^3*(J2-J1)^1+-0.0024831364*J2^4*(J2-J1)^1+0,0.0005801778*J2^5+-0.0008966198*J2^4*(J2-J1)^1+0,0.0005147036*J1^1*J2^4+-0.0006699316*J2^5+-0.0010500095*J1^1*J2^3*(J2-J1)^1+0.0007284233*J2^4*(J2-J1)^1+0,0,0,0,0,0.0001778308*J1^1*J2^4+0.0022786458*J1^1*J2^3*(J2-J1)^1+0,-0.0002053414*J1^1*J2^4+-0.0009240361*J2^5+-0.0010023442*J1^1*J2^3*(J2-J1)^1+0.0012529303*J2^4*(J2-J1)^1+0,0.0001026707*J2^5+0.0005638186*J2^4*(J2-J1)^1+0,-0.0005334925*J1^1*J2^4+-0.0001185539*J2^5+-0.0005787037*J1^1*J2^3*(J2-J1)^1+0.0002893519*J2^4*(J2-J1)^1+0,0,0,0,0,0,0,0,0,0,0,0,0,-0.0002514908*J1^1*J2^4+-0.0011508899*J1^1*J2^3*(J2-J1)^1+0,0.0002903965*J1^1*J2^4+0.0013067843*J2^5+-0.0009745510*J1^1*J2^3*(J2-J1)^1+0.0018162088*J2^4*(J2-J1)^1+0,-0.0001451983*J2^5+0.0003986800*J2^4*(J2-J1)^1+0,0.0007544723*J1^1*J2^4+0.0001676605*J2^5+0.0028900125*J1^1*J2^3*(J2-J1)^1+-0.0017902732*J2^4*(J2-J1)^1+0},
{0,0.0005137311*J1^1*J2^4+-0.0005137311*J2^5+0,0,0,0,0,0,0,0,-0.0044187030*J1^1*J2^4+0.0044187030*J2^5+0,0,0,0,0,0,0,0,0.0006469123*J1^1*J2^4+-0.0006469123*J2^5+0,0,0,0,0,0,0,0,0,0,0,0,0,0,0,0,0,0,0,0,0,0,0,0,0,0,0,0,0,0,0,0,0,0,0,0,0,0,0,0,0,-0.0048506063*J1^1*J2^4+0.0048506063*J2^5+0.0005980200*J1^1*J2^3*(J2-J1)^1+-0.0005980200*J2^4*(J2-J1)^1+0,-0.0010869516*J1^1*J2^4+0.0010869516*J2^5+0.0008056230*J1^1*J2^3*(J2-J1)^1+-0.0008056230*J2^4*(J2-J1)^1+0,0,0,0,0,0,0,0,0,0,0,0,0,0,0,0,0,0,0,0,0,0,0,0.0015614966*J1^1*J2^4+-0.0015614966*J2^5+-0.0119603991*J1^1*J2^3*(J2-J1)^1+0.0119603991*J2^4*(J2-J1)^1+0,-0.0024616257*J1^1*J2^4+0.0024616257*J2^5+-0.0009207120*J1^1*J2^3*(J2-J1)^1+0.0009207120*J2^4*(J2-J1)^1+0,0,0,0,0,0,0,0,0,0,0,0,0},
{0,0.0020229377*J1^1*J2^4+-0.0020229377*J2^5+0,0,0,0,0,0,0,0,-0.0008248045*J1^1*J2^4+0.0008248045*J2^5+0,0,0,0,0,0,0,0,0.0028149012*J1^1*J2^4+-0.0028149012*J2^5+0,0,0,0,0,0,0,0,0,0,0,0,0,0,0,0,0,0,0,0,0,0,0,0,0,0,0,0,0,0,0,0,0,0,0,0,0,0,0,0,0,-0.0010869516*J1^1*J2^4+0.0010869516*J2^5+-0.0010358009*J1^1*J2^3*(J2-J1)^1+0.0010358009*J2^4*(J2-J1)^1+0,-0.0035955027*J1^1*J2^4+0.0035955027*J2^5+0.0001993400*J1^1*J2^3*(J2-J1)^1+-0.0001993400*J2^4*(J2-J1)^1+0,0,0,0,0,0,0,0,0,0,0,0,0,0,0,0,0,0,0,0,0,0,0,-0.0024616257*J1^1*J2^4+0.0024616257*J2^5+0.0110485435*J1^1*J2^3*(J2-J1)^1+-0.0110485435*J2^4*(J2-J1)^1+0,0.0044039371*J1^1*J2^4+-0.0044039371*J2^5+-0.0135551190*J1^1*J2^3*(J2-J1)^1+0.0135551190*J2^4*(J2-J1)^1+0,0,0,0,0,0,0,0,0,0,0,0,0},
{0,0,0,0.0000309401*J1^1*J2^4+-0.0000309401*J2^5+0,0,0,0,0,0,0,0,-0.0000415907*J1^1*J2^4+0.0000415907*J2^5+0,0,0,0,0,0,0,0,0.0000113595*J1^1*J2^4+-0.0000113595*J2^5+0,0,0,0,0,0,0,0,0,0,0,0,0,0,0,0,0,0,0,0,0,0,0,0,0,0,0,0,0,0,0,0.0003005102*J1^1*J2^4+-0.0003005102*J2^5+0.0009249745*J1^1*J2^3*(J2-J1)^1+-0.0009249745*J2^4*(J2-J1)^1+0,0.0007370657*J1^1*J2^4+-0.0007370657*J2^5+-0.0005488002*J1^1*J2^3*(J2-J1)^1+0.0005488002*J2^4*(J2-J1)^1+0,0,0,0,0,0,0,0,0,0,0,0,0,0,0,-0.0007279008*J1^1*J2^4+0.0007279008*J2^5+0.0014588156*J1^1*J2^3*(J2-J1)^1+-0.0014588156*J2^4*(J2-J1)^1+0,0.0008204953*J1^1*J2^4+-0.0008204953*J2^5+-0.0003619576*J1^1*J2^3*(J2-J1)^1+0.0003619576*J2^4*(J2-J1)^1+0,0,0,0,0,0,0,0,0,0,0,0,0,0,0,0,0,0,0,-0.0013067843*J1^1*J2^4+0.0013067843*J2^5+-0.0007973599*J1^1*J2^3*(J2-J1)^1+0.0007973599*J2^4*(J2-J1)^1+0,-0.0002514908*J1^1*J2^4+0.0002514908*J2^5+0.0030690398*J1^1*J2^3*(J2-J1)^1+-0.0030690398*J2^4*(J2-J1)^1+0,0,0,0,0,0,0,0,0},
{0,0,0,0.0000147374*J1^1*J2^4+-0.0000147374*J2^5+0,0,0,0,0,0,0,0,-0.0000271383*J1^1*J2^4+0.0000271383*J2^5+0,0,0,0,0,0,0,0,0.0000021378*J1^1*J2^4+-0.0000021378*J2^5+0,0,0,0,0,0,0,0,0,0,0,0,0,0,0,0,0,0,0,0,0,0,0,0,0,0,0,0,0,0,0,0.0007370657*J1^1*J2^4+-0.0007370657*J2^5+-0.0005488002*J1^1*J2^3*(J2-J1)^1+0.0005488002*J2^4*(J2-J1)^1+0,-0.0005505801*J1^1*J2^4+0.0005505801*J2^5+0.0015927748*J1^1*J2^3*(J2-J1)^1+-0.0015927748*J2^4*(J2-J1)^1+0,0,0,0,0,0,0,0,0,0,0,0,0,0,0,0.0008204953*J1^1*J2^4+-0.0008204953*J2^5+-0.0011137158*J1^1*J2^3*(J2-J1)^1+0.0011137158*J2^4*(J2-J1)^1+0,-0.0016753271*J1^1*J2^4+0.0016753271*J2^5+0.0020696695*J1^1*J2^3*(J2-J1)^1+-0.0020696695*J2^4*(J2-J1)^1+0,0,0,0,0,0,0,0,0,0,0,0,0,0,0,0,0,0,0,-0.0002514908*J1^1*J2^4+0.0002514908*J2^5+-0.0009207120*J1^1*J2^3*(J2-J1)^1+0.0009207120*J2^4*(J2-J1)^1+0,-0.0010163878*J1^1*J2^4+0.0010163878*J2^5+-0.0034552264*J1^1*J2^3*(J2-J1)^1+0.0034552264*J2^4*(J2-J1)^1+0,0,0,0,0,0,0,0,0},
{0,0,0,0,0,0.0005137311*J1^1*J2^4+-0.0005137311*J2^5+0,0,0,0,0,0,0,0,-0.0044187030*J1^1*J2^4+0.0044187030*J2^5+0,0,0,0,0,0,0,0,0.0006469123*J1^1*J2^4+-0.0006469123*J2^5+0,0,0,0,0,0,0,0,0,0,0,0,0,0,0,0,0,0,0,0,0,0,0,0,0,0,0,0,0,0,0,0,0,0,0,0,0,0,0,0,0,-0.0048506063*J1^1*J2^4+0.0048506063*J2^5+0.0029900998*J1^1*J2^3*(J2-J1)^1+-0.0029900998*J2^4*(J2-J1)^1+0,-0.0010869516*J1^1*J2^4+0.0010869516*J2^5+-0.0005754450*J1^1*J2^3*(J2-J1)^1+0.0005754450*J2^4*(J2-J1)^1+0,0,0,0,0,0,0,0,0,0,0,-0.0009015305*J1^1*J2^4+0.0009015305*J2^5+0.0110485435*J1^1*J2^3*(J2-J1)^1+-0.0110485435*J2^4*(J2-J1)^1+0,0.0014212203*J1^1*J2^4+-0.0014212203*J2^5+-0.0018605065*J1^1*J2^3*(J2-J1)^1+0.0018605065*J2^4*(J2-J1)^1+0,0,0,0,0,0,0,0,0,0,0,0,0,0,0,0.0012749566*J1^1*J2^4+-0.0012749566*J2^5+-0.0068359375*J1^1*J2^3*(J2-J1)^1+0.0068359375*J2^4*(J2-J1)^1+0,-0.0020099090*J1^1*J2^4+0.0020099090*J2^5+-0.0024432140*J1^1*J2^3*(J2-J1)^1+0.0024432140*J2^4*(J2-J1)^1+0,0,0,0,0},
{0,0,0,0,0,0.0020229377*J1^1*J2^4+-0.0020229377*J2^5+0,0,0,0,0,0,0,0,-0.0008248045*J1^1*J2^4+0.0008248045*J2^5+0,0,0,0,0,0,0,0,0.0028149012*J1^1*J2^4+-0.0028149012*J2^5+0,0,0,0,0,0,0,0,0,0,0,0,0,0,0,0,0,0,0,0,0,0,0,0,0,0,0,0,0,0,0,0,0,0,0,0,0,0,0,0,0,-0.0010869516*J1^1*J2^4+0.0010869516*J2^5+-0.0024168689*J1^1*J2^3*(J2-J1)^1+0.0024168689*J2^4*(J2-J1)^1+0,-0.0035955027*J1^1*J2^4+0.0035955027*J2^5+0.0041861397*J1^1*J2^3*(J2-J1)^1+-0.0041861397*J2^4*(J2-J1)^1+0,0,0,0,0,0,0,0,0,0,0,0.0014212203*J1^1*J2^4+-0.0014212203*J2^5+-0.0087709594*J1^1*J2^3*(J2-J1)^1+0.0087709594*J2^4*(J2-J1)^1+0,-0.0025426143*J1^1*J2^4+0.0025426143*J2^5+0.0147313913*J1^1*J2^3*(J2-J1)^1+-0.0147313913*J2^4*(J2-J1)^1+0,0,0,0,0,0,0,0,0,0,0,0,0,0,0,-0.0020099090*J1^1*J2^4+0.0020099090*J2^5+0.0073296421*J1^1*J2^3*(J2-J1)^1+-0.0073296421*J2^4*(J2-J1)^1+0,0.0035957996*J1^1*J2^4+-0.0035957996*J2^5+-0.0061848958*J1^1*J2^3*(J2-J1)^1+0.0061848958*J2^4*(J2-J1)^1+0,0,0,0,0},
{0,0,0,0,0,0,0,0.0000309401*J1^1*J2^4+-0.0000309401*J2^5+0,0,0,0,0,0,0,0,-0.0000415907*J1^1*J2^4+0.0000415907*J2^5+0,0,0,0,0,0,0,0,0.0000113595*J1^1*J2^4+-0.0000113595*J2^5+0,0,0,0,0,0,0,0,0,0,0,0,0,0,0,0,0,0,0,0,0,0,0,0,0,0,0,0,0,0,0,0.0003005102*J1^1*J2^4+-0.0003005102*J2^5+0.0015444659*J1^1*J2^3*(J2-J1)^1+-0.0015444659*J2^4*(J2-J1)^1+0,0.0007370657*J1^1*J2^4+-0.0007370657*J2^5+-0.0009064637*J1^1*J2^3*(J2-J1)^1+0.0009064637*J2^4*(J2-J1)^1+0,0,0,0,0,0,0,0,0,0,0,0,0,0,0,-0.0007279008*J1^1*J2^4+0.0007279008*J2^5+0.0019973315*J1^1*J2^3*(J2-J1)^1+-0.0019973315*J2^4*(J2-J1)^1+0,0.0008204953*J1^1*J2^4+-0.0008204953*J2^5+-0.0006728700*J1^1*J2^3*(J2-J1)^1+0.0006728700*J2^4*(J2-J1)^1+0,0,0,0,0,0,0,0.0007544723*J1^1*J2^4+-0.0007544723*J2^5+-0.0009207120*J1^1*J2^3*(J2-J1)^1+0.0009207120*J2^4*(J2-J1)^1+0,0.0001451983*J1^1*J2^4+-0.0001451983*J2^5+-0.0009745510*J1^1*J2^3*(J2-J1)^1+0.0009745510*J2^4*(J2-J1)^1+0,0,0,0,0,0,0,0,0,0,0,0,0,0,0,-0.0010669850*J1^1*J2^4+0.0010669850*J2^5+-0.0016276042*J1^1*J2^3*(J2-J1)^1+0.0016276042*J2^4*(J2-J1)^1+0,-0.0002053414*J1^1*J2^4+0.0002053414*J2^5+0.0030696792*J1^1*J2^3*(J2-J1)^1+-0.0030696792*J2^4*(J2-J1)^1+0},
{0,0,0,0,0,0,0,0.0000147374*J1^1*J2^4+-0.0000147374*J2^5+0,0,0,0,0,0,0,0,-0.0000271383*J1^1*J2^4+0.0000271383*J2^5+0,0,0,0,0,0,0,0,0.0000021378*J1^1*J2^4+-0.0000021378*J2^5+0,0,0,0,0,0,0,0,0,0,0,0,0,0,0,0,0,0,0,0,0,0,0,0,0,0,0,0,0,0,0,0.0007370657*J1^1*J2^4+-0.0007370657*J2^5+-0.0009064637*J1^1*J2^3*(J2-J1)^1+0.0009064637*J2^4*(J2-J1)^1+0,-0.0005505801*J1^1*J2^4+0.0005505801*J2^5+0.0026252605*J1^1*J2^3*(J2-J1)^1+-0.0026252605*J2^4*(J2-J1)^1+0,0,0,0,0,0,0,0,0,0,0,0,0,0,0,0.0008204953*J1^1*J2^4+-0.0008204953*J2^5+-0.0014246281*J1^1*J2^3*(J2-J1)^1+0.0014246281*J2^4*(J2-J1)^1+0,-0.0016753271*J1^1*J2^4+0.0016753271*J2^5+0.0029671961*J1^1*J2^3*(J2-J1)^1+-0.0029671961*J2^4*(J2-J1)^1+0,0,0,0,0,0,0,0.0001451983*J1^1*J2^4+-0.0001451983*J2^5+0.0013289332*J1^1*J2^3*(J2-J1)^1+-0.0013289332*J2^4*(J2-J1)^1+0,0.0005868118*J1^1*J2^4+-0.0005868118*J2^5+-0.0003069040*J1^1*J2^3*(J2-J1)^1+0.0003069040*J2^4*(J2-J1)^1+0,0,0,0,0,0,0,0,0,0,0,0,0,0,0,-0.0002053414*J1^1*J2^4+0.0002053414*J2^5+-0.0001879395*J1^1*J2^3*(J2-J1)^1+0.0001879395*J2^4*(J2-J1)^1+0,-0.0008298772*J1^1*J2^4+0.0008298772*J2^5+-0.0044487847*J1^1*J2^3*(J2-J1)^1+0.0044487847*J2^4*(J2-J1)^1+0},
{0,0,0,0,0,0,0,0,0,0,0,0,0,0,0,0,0,0,0,0,0,0,0,0,0,0,0.0046736909*J1^1*J2^4+0.0010058246*J1^1*J2^3*(J2-J1)^1+0,0.0016494563*J2^5+0.0010060335*J2^4*(J2-J1)^1+0,0,0,0,0,0,0,-0.0046736909*J2^5+-0.0010058246*J2^4*(J2-J1)^1+0,-0.0016494563*J1^1*J2^4+-0.0010060335*J1^1*J2^3*(J2-J1)^1+0,0,0,0,0,0,0,0,0,0,0,0,0,0,0,0,0,0,0,0,0,0,0,0,0,0,0,0,0,0,0,0,0,0,0,0,0,0,0,0,0,0,0,0,0,0,0,0,0,0,0,0,0,0,0,0,0,0,0,0,0},
{0,0,0,0,0,0,0,0,0,0,0,0,0,0,0,0,0,0,0,0,0,0,0,0,0,0,0.0016494563*J2^5+0.0005056959*J2^4*(J2-J1)^1+0,0.0046736909*J1^1*J2^4+-0.0019046280*J2^5+0.0014103200*J1^1*J2^3*(J2-J1)^1+-0.0008727974*J2^4*(J2-J1)^1+0,0,0,0,0,0,0,-0.0016494563*J1^1*J2^4+-0.0005056959*J1^1*J2^3*(J2-J1)^1+0,0.0019046280*J1^1*J2^4+-0.0046736909*J2^5+0.0008727974*J1^1*J2^3*(J2-J1)^1+-0.0014103200*J2^4*(J2-J1)^1+0,0,0,0,0,0,0,0,0,0,0,0,0,0,0,0,0,0,0,0,0,0,0,0,0,0,0,0,0,0,0,0,0,0,0,0,0,0,0,0,0,0,0,0,0,0,0,0,0,0,0,0,0,0,0,0,0,0,0,0,0},
{0,0,0,0,0,0,0,0,0,0,0,0,0,0,0,0,0,0,0,0,0,0,0,0,0,0,0.0026983567*J2^5+0.0005592796*J2^4*(J2-J1)^1+0,0.0009523140*J1^1*J2^4+0.0005684591*J1^1*J2^3*(J2-J1)^1+0,0,0,0,0,0,0,-0.0026983567*J1^1*J2^4+-0.0005592796*J1^1*J2^3*(J2-J1)^1+0,-0.0009523140*J2^5+-0.0005684591*J2^4*(J2-J1)^1+0,0,0,0,0,0,0,0.0038160527*J1^1*J2^4+-0.0038160527*J2^5+0.0008060966*J1^1*J2^3*(J2-J1)^1+-0.0008060966*J2^4*(J2-J1)^1+0,-0.0013467754*J1^1*J2^4+0.0013467754*J2^5+-0.0008126728*J1^1*J2^3*(J2-J1)^1+0.0008126728*J2^4*(J2-J1)^1+0,0,0,0,0,0,0,0,0,0,0,0,0,0,0,0,0,0,0,0,0,0,0,0,0,0,0,0,0,0,0,0,0,0,0,0,0,0,0,0,0,0,0,0,0,0,0,0,0,0,0,0,0},
{0,0,0,0,0,0,0,0,0,0,0,0,0,0,0,0,0,0,0,0,0,0,0,0,0,0,0.0009523140*J1^1*J2^4+0.0002795891*J1^1*J2^3*(J2-J1)^1+0,-0.0010996375*J1^1*J2^4+0.0026983567*J2^5+-0.0004896208*J1^1*J2^3*(J2-J1)^1+0.0007928151*J2^4*(J2-J1)^1+0,0,0,0,0,0,0,-0.0009523140*J2^5+-0.0002795891*J2^4*(J2-J1)^1+0,-0.0026983567*J1^1*J2^4+0.0010996375*J2^5+-0.0007928151*J1^1*J2^3*(J2-J1)^1+0.0004896208*J2^4*(J2-J1)^1+0,0,0,0,0,0,0,-0.0013467754*J1^1*J2^4+0.0013467754*J2^5+-0.0004041488*J1^1*J2^3*(J2-J1)^1+0.0004041488*J2^4*(J2-J1)^1+0,0.0053711749*J1^1*J2^4+-0.0053711749*J2^5+0.0018388980*J1^1*J2^3*(J2-J1)^1+-0.0018388980*J2^4*(J2-J1)^1+0,0,0,0,0,0,0,0,0,0,0,0,0,0,0,0,0,0,0,0,0,0,0,0,0,0,0,0,0,0,0,0,0,0,0,0,0,0,0,0,0,0,0,0,0,0,0,0,0,0,0,0,0},
{0,0,0,0,0,0,0,0,0,0,0,0,0,0,0,0,0,0,0,0,0,0,0,0,0,0,0,0,0,0,0.0046736909*J1^1*J2^4+0.0014327490*J1^1*J2^3*(J2-J1)^1+0,0.0016494563*J2^5+0.0012525184*J2^4*(J2-J1)^1+0,0,0,0,0,0,0,-0.0046736909*J2^5+-0.0014327490*J2^4*(J2-J1)^1+0,-0.0016494563*J1^1*J2^4+-0.0012525184*J1^1*J2^3*(J2-J1)^1+0,0,0,0,0,0,0,0,0,0,0,0,0,0,0,0,0,0,0,0,0,0,0,0,0,0,0,0,0,0,0,0,0,0,0,0,0,0,0,0,0,0,0,0,0,0,0,0,0,0,0,0,0,0,0,0,0},
{0,0,0,0,0,0,0,0,0,0,0,0,0,0,0,0,0,0,0,0,0,0,0,0,0,0,0,0,0,0,0.0016494563*J2^5+0.0007521809*J2^4*(J2-J1)^1+0,0.0046736909*J1^1*J2^4+-0.0019046280*J2^5+0.0018372444*J1^1*J2^3*(J2-J1)^1+-0.0011574137*J2^4*(J2-J1)^1+0,0,0,0,0,0,0,-0.0016494563*J1^1*J2^4+-0.0007521809*J1^1*J2^3*(J2-J1)^1+0,0.0019046280*J1^1*J2^4+-0.0046736909*J2^5+0.0011574137*J1^1*J2^3*(J2-J1)^1+-0.0018372444*J2^4*(J2-J1)^1+0,0,0,0,0,0,0,0,0,0,0,0,0,0,0,0,0,0,0,0,0,0,0,0,0,0,0,0,0,0,0,0,0,0,0,0,0,0,0,0,0,0,0,0,0,0,0,0,0,0,0,0,0,0,0,0,0},
{0,0,0,0,0,0,0,0,0,0,0,0,0,0,0,0,0,0,0,0,0,0,0,0,0,0,0,0,0,0,0.0026983567*J2^5+0.0008057645*J2^4*(J2-J1)^1+0,0.0009523140*J1^1*J2^4+0.0007107672*J1^1*J2^3*(J2-J1)^1+0,0,0,0,0,0,0,-0.0026983567*J1^1*J2^4+-0.0008057645*J1^1*J2^3*(J2-J1)^1+0,-0.0009523140*J2^5+-0.0007107672*J2^4*(J2-J1)^1+0,0,0,0,0,0,0,0.0038160527*J1^1*J2^4+-0.0038160527*J2^5+0.0011546789*J1^1*J2^3*(J2-J1)^1+-0.0011546789*J2^4*(J2-J1)^1+0,-0.0013467754*J1^1*J2^4+0.0013467754*J2^5+-0.0010139268*J1^1*J2^3*(J2-J1)^1+0.0010139268*J2^4*(J2-J1)^1+0,0,0,0,0,0,0,0,0,0,0,0,0,0,0,0,0,0,0,0,0,0,0,0,0,0,0,0,0,0,0,0,0,0,0,0,0,0,0,0,0,0,0,0,0,0,0,0,0},
{0,0,0,0,0,0,0,0,0,0,0,0,0,0,0,0,0,0,0,0,0,0,0,0,0,0,0,0,0,0,0.0009523140*J1^1*J2^4+0.0004218972*J1^1*J2^3*(J2-J1)^1+0,-0.0010996375*J1^1*J2^4+0.0026983567*J2^5+-0.0006539441*J1^1*J2^3*(J2-J1)^1+0.0010393001*J2^4*(J2-J1)^1+0,0,0,0,0,0,0,-0.0009523140*J2^5+-0.0004218972*J2^4*(J2-J1)^1+0,-0.0026983567*J1^1*J2^4+0.0010996375*J2^5+-0.0010393001*J1^1*J2^3*(J2-J1)^1+0.0006539441*J2^4*(J2-J1)^1+0,0,0,0,0,0,0,-0.0013467754*J1^1*J2^4+0.0013467754*J2^5+-0.0006054029*J1^1*J2^3*(J2-J1)^1+0.0006054029*J2^4*(J2-J1)^1+0,0.0053711749*J1^1*J2^4+-0.0053711749*J2^5+0.0024198685*J1^1*J2^3*(J2-J1)^1+-0.0024198685*J2^4*(J2-J1)^1+0,0,0,0,0,0,0,0,0,0,0,0,0,0,0,0,0,0,0,0,0,0,0,0,0,0,0,0,0,0,0,0,0,0,0,0,0,0,0,0,0,0,0,0,0,0,0,0,0},
{0,0,0,0,0,0,0,0,0,0,0,0,0,0,0,0,0,0,0,0,0,0,0,0,-0.0124918620*J1^1*J2^4+-0.0102539063*J1^1*J2^3*(J2-J1)^1+0,-0.0033594193*J2^5+-0.0020673349*J2^4*(J2-J1)^1+0,0,0,0,0,0,0,0.0124918620*J2^5+0.0102539063*J2^4*(J2-J1)^1+0,0.0033594193*J1^1*J2^4+0.0020673349*J1^1*J2^3*(J2-J1)^1+0,0,0,0,0,0,0,0,0,0,0,0,0,0,0,0,0,0,0,0,0,0,0,0,0,0,0,0,0,0,0,0,0,0,0,0,0,0,0,0,0,0,0,0,0,0,0,0,0,0,0,0,0,0,0,0,0,0,0,0,0,0,0},
{0,0,0,0,0,0,0,0,0,0,0,0,0,0,0,0,0,0,0,0,0,0,0,0,-0.0033594193*J2^5+-0.0134376772*J2^4*(J2-J1)^1+0,-0.0124918620*J1^1*J2^4+0.0038791233*J2^5+-0.0144856771*J1^1*J2^3*(J2-J1)^1+0.0089518229*J2^4*(J2-J1)^1+0,0,0,0,0,0,0,0.0033594193*J1^1*J2^4+0.0134376772*J1^1*J2^3*(J2-J1)^1+0,-0.0038791233*J1^1*J2^4+0.0124918620*J2^5+-0.0089518229*J1^1*J2^3*(J2-J1)^1+0.0144856771*J2^4*(J2-J1)^1+0,0,0,0,0,0,0,0,0,0,0,0,0,0,0,0,0,0,0,0,0,0,0,0,0,0,0,0,0,0,0,0,0,0,0,0,0,0,0,0,0,0,0,0,0,0,0,0,0,0,0,0,0,0,0,0,0,0,0,0,0,0,0},
{0,0,0,0,0,0,0,0,0,0,0,0,0,0,0,0,0,0,0,0,0,0,0,0,-0.0072121799*J2^5+-0.0089271282*J2^4*(J2-J1)^1+0,-0.0019395616*J1^1*J2^4+-0.0029296875*J1^1*J2^3*(J2-J1)^1+0,0,0,0,0,0,0,0.0072121799*J1^1*J2^4+0.0089271282*J1^1*J2^3*(J2-J1)^1+0,0.0019395616*J2^5+0.0029296875*J2^4*(J2-J1)^1+0,0,0,0,0,0,0,-0.0101995626*J1^1*J2^4+0.0101995626*J2^5+-0.0104985726*J1^1*J2^3*(J2-J1)^1+0.0104985726*J2^4*(J2-J1)^1+0,0.0027429544*J1^1*J2^4+-0.0027429544*J2^5+0.0029155879*J1^1*J2^3*(J2-J1)^1+-0.0029155879*J2^4*(J2-J1)^1+0,0,0,0,0,0,0,0,0,0,0,0,0,0,0,0,0,0,0,0,0,0,0,0,0,0,0,0,0,0,0,0,0,0,0,0,0,0,0,0,0,0,0,0,0,0,0,0,0,0,0,0,0,0,0},
{0,0,0,0,0,0,0,0,0,0,0,0,0,0,0,0,0,0,0,0,0,0,0,0,-0.0019395616*J1^1*J2^4+-0.0094943576*J1^1*J2^3*(J2-J1)^1+0,0.0022396129*J1^1*J2^4+-0.0072121799*J2^5+0.0071730258*J1^1*J2^3*(J2-J1)^1+-0.0113703422*J2^4*(J2-J1)^1+0,0,0,0,0,0,0,0.0019395616*J2^5+0.0094943576*J2^4*(J2-J1)^1+0,0.0072121799*J1^1*J2^4+-0.0022396129*J2^5+0.0113703422*J1^1*J2^3*(J2-J1)^1+-0.0071730258*J2^4*(J2-J1)^1+0,0,0,0,0,0,0,0.0027429544*J1^1*J2^4+-0.0027429544*J2^5+0.0121994334*J1^1*J2^3*(J2-J1)^1+-0.0121994334*J2^4*(J2-J1)^1+0,-0.0133668535*J1^1*J2^4+0.0133668535*J2^5+-0.0226804606*J1^1*J2^3*(J2-J1)^1+0.0226804606*J2^4*(J2-J1)^1+0,0,0,0,0,0,0,0,0,0,0,0,0,0,0,0,0,0,0,0,0,0,0,0,0,0,0,0,0,0,0,0,0,0,0,0,0,0,0,0,0,0,0,0,0,0,0,0,0,0,0,0,0,0,0},
{0,0,0,0,0,0,0,0,0,0,0,0,0,0,0,0,0,0,0,0,0,0,0,0,0,0,0,0,-0.0124918620*J1^1*J2^4+0.0040690104*J1^1*J2^3*(J2-J1)^1+0,-0.0033594193*J2^5+0.0062020048*J2^4*(J2-J1)^1+0,0,0,0,0,0,0,0.0124918620*J2^5+-0.0040690104*J2^4*(J2-J1)^1+0,0.0033594193*J1^1*J2^4+-0.0062020048*J1^1*J2^3*(J2-J1)^1+0,0,0,0,0,0,0,0,0,0,0,0,0,0,0,0,0,0,0,0,0,0,0,0,0,0,0,0,0,0,0,0,0,0,0,0,0,0,0,0,0,0,0,0,0,0,0,0,0,0,0,0,0,0,0,0,0,0,0},
{0,0,0,0,0,0,0,0,0,0,0,0,0,0,0,0,0,0,0,0,0,0,0,0,0,0,0,0,-0.0033594193*J2^5+-0.0051683374*J2^4*(J2-J1)^1+0,-0.0124918620*J1^1*J2^4+0.0038791233*J2^5+-0.0001627604*J1^1*J2^3*(J2-J1)^1+-0.0005967882*J2^4*(J2-J1)^1+0,0,0,0,0,0,0,0.0033594193*J1^1*J2^4+0.0051683374*J1^1*J2^3*(J2-J1)^1+0,-0.0038791233*J1^1*J2^4+0.0124918620*J2^5+0.0005967882*J1^1*J2^3*(J2-J1)^1+0.0001627604*J2^4*(J2-J1)^1+0,0,0,0,0,0,0,0,0,0,0,0,0,0,0,0,0,0,0,0,0,0,0,0,0,0,0,0,0,0,0,0,0,0,0,0,0,0,0,0,0,0,0,0,0,0,0,0,0,0,0,0,0,0,0,0,0,0,0},
{0,0,0,0,0,0,0,0,0,0,0,0,0,0,0,0,0,0,0,0,0,0,0,0,0,0,0,0,-0.0072121799*J2^5+-0.0006577884*J2^4*(J2-J1)^1+0,-0.0019395616*J1^1*J2^4+0.0018446181*J1^1*J2^3*(J2-J1)^1+0,0,0,0,0,0,0,0.0072121799*J1^1*J2^4+0.0006577884*J1^1*J2^3*(J2-J1)^1+0,0.0019395616*J2^5+-0.0018446181*J2^4*(J2-J1)^1+0,0,0,0,0,0,0,-0.0101995626*J1^1*J2^4+0.0101995626*J2^5+0.0011960399*J1^1*J2^3*(J2-J1)^1+-0.0011960399*J2^4*(J2-J1)^1+0,0.0027429544*J1^1*J2^4+-0.0027429544*J2^5+-0.0038362998*J1^1*J2^3*(J2-J1)^1+0.0038362998*J2^4*(J2-J1)^1+0,0,0,0,0,0,0,0,0,0,0,0,0,0,0,0,0,0,0,0,0,0,0,0,0,0,0,0,0,0,0,0,0,0,0,0,0,0,0,0,0,0,0,0,0,0,0,0,0,0,0},
{0,0,0,0,0,0,0,0,0,0,0,0,0,0,0,0,0,0,0,0,0,0,0,0,0,0,0,0,-0.0019395616*J1^1*J2^4+-0.0047200521*J1^1*J2^3*(J2-J1)^1+0,0.0022396129*J1^1*J2^4+-0.0072121799*J2^5+0.0016601326*J1^1*J2^3*(J2-J1)^1+-0.0031010024*J2^4*(J2-J1)^1+0,0,0,0,0,0,0,0.0019395616*J2^5+0.0047200521*J2^4*(J2-J1)^1+0,0.0072121799*J1^1*J2^4+-0.0022396129*J2^5+0.0031010024*J1^1*J2^3*(J2-J1)^1+-0.0016601326*J2^4*(J2-J1)^1+0,0,0,0,0,0,0,0.0027429544*J1^1*J2^4+-0.0027429544*J2^5+0.0054475457*J1^1*J2^3*(J2-J1)^1+-0.0054475457*J2^4*(J2-J1)^1+0,-0.0133668535*J1^1*J2^4+0.0133668535*J2^5+-0.0031894398*J1^1*J2^3*(J2-J1)^1+0.0031894398*J2^4*(J2-J1)^1+0,0,0,0,0,0,0,0,0,0,0,0,0,0,0,0,0,0,0,0,0,0,0,0,0,0,0,0,0,0,0,0,0,0,0,0,0,0,0,0,0,0,0,0,0,0,0,0,0,0,0},
{0,0,0,0,0,0,0,0,0,0,0,0,0,0,0,0,0,0,0,0,0,0,0,0,0,0,0.0038548293*J1^1*J2^4+0.0037407010*J1^1*J2^3*(J2-J1)^1+0,0.0013176624*J2^5+0.0034318307*J2^4*(J2-J1)^1+0,0,0,0,0,0,0,-0.0038548293*J2^5+-0.0037407010*J2^4*(J2-J1)^1+0,-0.0013176624*J1^1*J2^4+-0.0034318307*J1^1*J2^3*(J2-J1)^1+0,0,0,0,0,0,0,0,0,0,0,0,0,0,0,0,0,0,0,0,0,0,0,0,0,0,0,0,0,0,0,0,0,0,0,0,0,0,0,0,0,0,0,0,0,0,0,0,0,0,0,0,0,0,0,0,0,0,0,0,0},
{0,0,0,0,0,0,0,0,0,0,0,0,0,0,0,0,0,0,0,0,0,0,0,0,0,0,0.0013176624*J2^5+-0.0008563000*J2^4*(J2-J1)^1+0,0.0038548293*J1^1*J2^4+-0.0015215055*J2^5+0.0017270663*J1^1*J2^3*(J2-J1)^1+-0.0014869833*J2^4*(J2-J1)^1+0,0,0,0,0,0,0,-0.0013176624*J1^1*J2^4+0.0008563000*J1^1*J2^3*(J2-J1)^1+0,0.0015215055*J1^1*J2^4+-0.0038548293*J2^5+0.0014869833*J1^1*J2^3*(J2-J1)^1+-0.0017270663*J2^4*(J2-J1)^1+0,0,0,0,0,0,0,0,0,0,0,0,0,0,0,0,0,0,0,0,0,0,0,0,0,0,0,0,0,0,0,0,0,0,0,0,0,0,0,0,0,0,0,0,0,0,0,0,0,0,0,0,0,0,0,0,0,0,0,0,0},
{0,0,0,0,0,0,0,0,0,0,0,0,0,0,0,0,0,0,0,0,0,0,0,0,0,0,0.0022255867*J2^5+0.0009472345*J2^4*(J2-J1)^1+0,0.0007607528*J1^1*J2^4+0.0012813541*J1^1*J2^3*(J2-J1)^1+0,0,0,0,0,0,0,-0.0022255867*J1^1*J2^4+-0.0009472345*J1^1*J2^3*(J2-J1)^1+0,-0.0007607528*J2^5+-0.0012813541*J2^4*(J2-J1)^1+0,0,0,0,0,0,0,0.0031474549*J1^1*J2^4+-0.0031474549*J2^5+0.0021969307*J1^1*J2^3*(J2-J1)^1+-0.0021969307*J2^4*(J2-J1)^1+0,-0.0010758669*J1^1*J2^4+0.0010758669*J2^5+-0.0023070932*J1^1*J2^3*(J2-J1)^1+0.0023070932*J2^4*(J2-J1)^1+0,0,0,0,0,0,0,0,0,0,0,0,0,0,0,0,0,0,0,0,0,0,0,0,0,0,0,0,0,0,0,0,0,0,0,0,0,0,0,0,0,0,0,0,0,0,0,0,0,0,0,0,0},
{0,0,0,0,0,0,0,0,0,0,0,0,0,0,0,0,0,0,0,0,0,0,0,0,0,0,0.0007607528*J1^1*J2^4+-0.0011943993*J1^1*J2^3*(J2-J1)^1+0,-0.0008784416*J1^1*J2^4+0.0022255867*J2^5+-0.0000502034*J1^1*J2^3*(J2-J1)^1+-0.0002153380*J2^4*(J2-J1)^1+0,0,0,0,0,0,0,-0.0007607528*J2^5+0.0011943993*J2^4*(J2-J1)^1+0,-0.0022255867*J1^1*J2^4+0.0008784416*J2^5+0.0002153380*J1^1*J2^3*(J2-J1)^1+0.0000502034*J2^4*(J2-J1)^1+0,0,0,0,0,0,0,-0.0010758669*J1^1*J2^4+0.0010758669*J2^5+0.0011941508*J1^1*J2^3*(J2-J1)^1+-0.0011941508*J2^4*(J2-J1)^1+0,0.0043897590*J1^1*J2^4+-0.0043897590*J2^5+0.0011953625*J1^1*J2^3*(J2-J1)^1+-0.0011953625*J2^4*(J2-J1)^1+0,0,0,0,0,0,0,0,0,0,0,0,0,0,0,0,0,0,0,0,0,0,0,0,0,0,0,0,0,0,0,0,0,0,0,0,0,0,0,0,0,0,0,0,0,0,0,0,0,0,0,0,0},
{0,0,0,0,0,0,0,0,0,0,0,0,0,0,0,0,0,0,0,0,0,0,0,0,0,0,0,0,0,0,0.0038548293*J1^1*J2^4+0.0092861261*J1^1*J2^3*(J2-J1)^1+0,0.0013176624*J2^5+0.0066334834*J2^4*(J2-J1)^1+0,0,0,0,0,0,0,-0.0038548293*J2^5+-0.0092861261*J2^4*(J2-J1)^1+0,-0.0013176624*J1^1*J2^4+-0.0066334834*J1^1*J2^3*(J2-J1)^1+0,0,0,0,0,0,0,0,0,0,0,0,0,0,0,0,0,0,0,0,0,0,0,0,0,0,0,0,0,0,0,0,0,0,0,0,0,0,0,0,0,0,0,0,0,0,0,0,0,0,0,0,0,0,0,0,0},
{0,0,0,0,0,0,0,0,0,0,0,0,0,0,0,0,0,0,0,0,0,0,0,0,0,0,0,0,0,0,0.0013176624*J2^5+0.0023453527*J2^4*(J2-J1)^1+0,0.0038548293*J1^1*J2^4+-0.0015215055*J2^5+0.0072724914*J1^1*J2^3*(J2-J1)^1+-0.0051839334*J2^4*(J2-J1)^1+0,0,0,0,0,0,0,-0.0013176624*J1^1*J2^4+-0.0023453527*J1^1*J2^3*(J2-J1)^1+0,0.0015215055*J1^1*J2^4+-0.0038548293*J2^5+0.0051839334*J1^1*J2^3*(J2-J1)^1+-0.0072724914*J2^4*(J2-J1)^1+0,0,0,0,0,0,0,0,0,0,0,0,0,0,0,0,0,0,0,0,0,0,0,0,0,0,0,0,0,0,0,0,0,0,0,0,0,0,0,0,0,0,0,0,0,0,0,0,0,0,0,0,0,0,0,0,0},
{0,0,0,0,0,0,0,0,0,0,0,0,0,0,0,0,0,0,0,0,0,0,0,0,0,0,0,0,0,0,0.0022255867*J2^5+0.0041488872*J2^4*(J2-J1)^1+0,0.0007607528*J1^1*J2^4+0.0031298292*J1^1*J2^3*(J2-J1)^1+0,0,0,0,0,0,0,-0.0022255867*J1^1*J2^4+-0.0041488872*J1^1*J2^3*(J2-J1)^1+0,-0.0007607528*J2^5+-0.0031298292*J2^4*(J2-J1)^1+0,0,0,0,0,0,0,0.0031474549*J1^1*J2^4+-0.0031474549*J2^5+0.0067247514*J1^1*J2^3*(J2-J1)^1+-0.0067247514*J2^4*(J2-J1)^1+0,-0.0010758669*J1^1*J2^4+0.0010758669*J2^5+-0.0049212317*J1^1*J2^3*(J2-J1)^1+0.0049212317*J2^4*(J2-J1)^1+0,0,0,0,0,0,0,0,0,0,0,0,0,0,0,0,0,0,0,0,0,0,0,0,0,0,0,0,0,0,0,0,0,0,0,0,0,0,0,0,0,0,0,0,0,0,0,0,0},
{0,0,0,0,0,0,0,0,0,0,0,0,0,0,0,0,0,0,0,0,0,0,0,0,0,0,0,0,0,0,0.0007607528*J1^1*J2^4+0.0006540758*J1^1*J2^3*(J2-J1)^1+0,-0.0008784416*J1^1*J2^4+0.0022255867*J2^5+-0.0021846386*J1^1*J2^3*(J2-J1)^1+0.0029863147*J2^4*(J2-J1)^1+0,0,0,0,0,0,0,-0.0007607528*J2^5+-0.0006540758*J2^4*(J2-J1)^1+0,-0.0022255867*J1^1*J2^4+0.0008784416*J2^5+-0.0029863147*J1^1*J2^3*(J2-J1)^1+0.0021846386*J2^4*(J2-J1)^1+0,0,0,0,0,0,0,-0.0010758669*J1^1*J2^4+0.0010758669*J2^5+-0.0014199876*J1^1*J2^3*(J2-J1)^1+0.0014199876*J2^4*(J2-J1)^1+0,0.0043897590*J1^1*J2^4+-0.0043897590*J2^5+0.0087417303*J1^1*J2^3*(J2-J1)^1+-0.0087417303*J2^4*(J2-J1)^1+0,0,0,0,0,0,0,0,0,0,0,0,0,0,0,0,0,0,0,0,0,0,0,0,0,0,0,0,0,0,0,0,0,0,0,0,0,0,0,0,0,0,0,0,0,0,0,0,0},
{0,0,0,0,0,0,0,0,0,0,0,0,0,0,0,0,0,0,0,0,0,0,0,0,0,0,0,0,0.0045810263*J1^1*J2^4+0.0000939698*J1^1*J2^3*(J2-J1)^1+0,0.0008906612*J2^5+-0.0026584201*J2^4*(J2-J1)^1+0,0,0,0,0,0,0,-0.0045810263*J2^5+-0.0000939698*J2^4*(J2-J1)^1+0,-0.0008906612*J1^1*J2^4+0.0026584201*J1^1*J2^3*(J2-J1)^1+0,0,0,0,0,0,0,0,0,0,0,0,0,0,0,0,0,0,0,0,0,0,0,0,0,0,0,0,0,0,0,0,0,0,0,0,0,0,0,0,0,0,0,0,0,0,0,0,0,0,0,0,0,0,0,0,0,0,0},
{0,0,0,0,0,0,0,0,0,0,0,0,0,0,0,0,0,0,0,0,0,0,0,0,0,0,0,0,0.0008906612*J2^5+0.0043945312*J2^4*(J2-J1)^1+0,0.0045810263*J1^1*J2^4+-0.0010284469*J2^5+0.0019733652*J1^1*J2^3*(J2-J1)^1+-0.0010023442*J2^4*(J2-J1)^1+0,0,0,0,0,0,0,-0.0008906612*J1^1*J2^4+-0.0043945312*J1^1*J2^3*(J2-J1)^1+0,0.0010284469*J1^1*J2^4+-0.0045810263*J2^5+0.0010023442*J1^1*J2^3*(J2-J1)^1+-0.0019733652*J2^4*(J2-J1)^1+0,0,0,0,0,0,0,0,0,0,0,0,0,0,0,0,0,0,0,0,0,0,0,0,0,0,0,0,0,0,0,0,0,0,0,0,0,0,0,0,0,0,0,0,0,0,0,0,0,0,0,0,0,0,0,0,0,0,0},
{0,0,0,0,0,0,0,0,0,0,0,0,0,0,0,0,0,0,0,0,0,0,0,0,0,0,0,0,0.0026448568*J2^5+0.0017903646*J2^4*(J2-J1)^1+0,0.0005142235*J1^1*J2^4+-0.0005324954*J1^1*J2^3*(J2-J1)^1+0,0,0,0,0,0,0,-0.0026448568*J1^1*J2^4+-0.0017903646*J1^1*J2^3*(J2-J1)^1+0,-0.0005142235*J2^5+0.0005324954*J2^4*(J2-J1)^1+0,0,0,0,0,0,0,0.0037403923*J1^1*J2^4+-0.0037403923*J2^5+0.0013043419*J1^1*J2^3*(J2-J1)^1+-0.0013043419*J2^4*(J2-J1)^1+0,-0.0007272218*J1^1*J2^4+0.0007272218*J2^5+0.0014618266*J1^1*J2^3*(J2-J1)^1+-0.0014618266*J2^4*(J2-J1)^1+0,0,0,0,0,0,0,0,0,0,0,0,0,0,0,0,0,0,0,0,0,0,0,0,0,0,0,0,0,0,0,0,0,0,0,0,0,0,0,0,0,0,0,0,0,0,0,0,0,0,0},
{0,0,0,0,0,0,0,0,0,0,0,0,0,0,0,0,0,0,0,0,0,0,0,0,0,0,0,0,0.0005142235*J1^1*J2^4+0.0035395280*J1^1*J2^3*(J2-J1)^1+0,-0.0005937741*J1^1*J2^4+0.0026448568*J2^5+-0.0017361111*J1^1*J2^3*(J2-J1)^1+0.0028754340*J2^4*(J2-J1)^1+0,0,0,0,0,0,0,-0.0005142235*J2^5+-0.0035395280*J2^4*(J2-J1)^1+0,-0.0026448568*J1^1*J2^4+0.0005937741*J2^5+-0.0028754340*J1^1*J2^3*(J2-J1)^1+0.0017361111*J2^4*(J2-J1)^1+0,0,0,0,0,0,0,-0.0007272218*J1^1*J2^4+0.0007272218*J2^5+-0.0042968841*J1^1*J2^3*(J2-J1)^1+0.0042968841*J2^4*(J2-J1)^1+0,0.0045801157*J1^1*J2^4+-0.0045801157*J2^5+0.0044756831*J1^1*J2^3*(J2-J1)^1+-0.0044756831*J2^4*(J2-J1)^1+0,0,0,0,0,0,0,0,0,0,0,0,0,0,0,0,0,0,0,0,0,0,0,0,0,0,0,0,0,0,0,0,0,0,0,0,0,0,0,0,0,0,0,0,0,0,0,0,0,0,0},
{0,0,0,0,0,0,0,0,0,0,0,0,0,0,0,0,0,0,0,0,0,0,0,0,0,0,0,0,0,0,0.0025176068*J1^1*J2^4+0.0042912862*J1^1*J2^3*(J2-J1)^1+0,0.0009592315*J2^5+0.0033817998*J2^4*(J2-J1)^1+0,0,0,0,0,0,0,-0.0025176068*J2^5+-0.0042912862*J2^4*(J2-J1)^1+0,-0.0009592315*J1^1*J2^4+-0.0033817998*J1^1*J2^3*(J2-J1)^1+0,0,0,0,0,0,0,0,0,0,0,0,0,0,0,0,0,0,0,0,0,0,0,0,0,0,0,0,0,0,0,0,0,0,0,0,0,0,0,0,0,0,0,0,0,0,0,0,0,0,0,0,0,0,0,0,0},
{0,0,0,0,0,0,0,0,0,0,0,0,0,0,0,0,0,0,0,0,0,0,0,0,0,0,0,0,0,0,0.0009592315*J2^5+0.0010308160*J2^4*(J2-J1)^1+0,0.0025176068*J1^1*J2^4+-0.0011076252*J2^5+0.0036648210*J1^1*J2^3*(J2-J1)^1+-0.0025476249*J2^4*(J2-J1)^1+0,0,0,0,0,0,0,-0.0009592315*J1^1*J2^4+-0.0010308160*J1^1*J2^3*(J2-J1)^1+0,0.0011076252*J1^1*J2^4+-0.0025176068*J2^5+0.0025476249*J1^1*J2^3*(J2-J1)^1+-0.0036648210*J2^4*(J2-J1)^1+0,0,0,0,0,0,0,0,0,0,0,0,0,0,0,0,0,0,0,0,0,0,0,0,0,0,0,0,0,0,0,0,0,0,0,0,0,0,0,0,0,0,0,0,0,0,0,0,0,0,0,0,0,0,0,0,0},
{0,0,0,0,0,0,0,0,0,0,0,0,0,0,0,0,0,0,0,0,0,0,0,0,0,0,0,0,0,0,0.0014535409*J2^5+0.0018988715*J2^4*(J2-J1)^1+0,0.0005538126*J1^1*J2^4+0.0016183683*J1^1*J2^3*(J2-J1)^1+0,0,0,0,0,0,0,-0.0014535409*J1^1*J2^4+-0.0018988715*J1^1*J2^3*(J2-J1)^1+0,-0.0005538126*J2^5+-0.0016183683*J2^4*(J2-J1)^1+0,0,0,0,0,0,0,0.0020556173*J1^1*J2^4+-0.0020556173*J2^5+0.0030946152*J1^1*J2^3*(J2-J1)^1+-0.0030946152*J2^4*(J2-J1)^1+0,-0.0007832093*J1^1*J2^4+0.0007832093*J2^5+-0.0025249732*J1^1*J2^3*(J2-J1)^1+0.0025249732*J2^4*(J2-J1)^1+0,0,0,0,0,0,0,0,0,0,0,0,0,0,0,0,0,0,0,0,0,0,0,0,0,0,0,0,0,0,0,0,0,0,0,0,0,0,0,0,0,0,0,0,0,0,0,0,0},
{0,0,0,0,0,0,0,0,0,0,0,0,0,0,0,0,0,0,0,0,0,0,0,0,0,0,0,0,0,0,0.0005538126*J1^1*J2^4+0.0002610271*J1^1*J2^3*(J2-J1)^1+0,-0.0006394877*J1^1*J2^4+0.0014535409*J2^5+-0.0010850694*J1^1*J2^3*(J2-J1)^1+0.0015371817*J2^4*(J2-J1)^1+0,0,0,0,0,0,0,-0.0005538126*J2^5+-0.0002610271*J2^4*(J2-J1)^1+0,-0.0014535409*J1^1*J2^4+0.0006394877*J2^5+-0.0015371817*J1^1*J2^3*(J2-J1)^1+0.0010850694*J2^4*(J2-J1)^1+0,0,0,0,0,0,0,-0.0007832093*J1^1*J2^4+0.0007832093*J2^5+-0.0006054029*J1^1*J2^3*(J2-J1)^1+0.0006054029*J2^4*(J2-J1)^1+0,0.0029599895*J1^1*J2^4+-0.0029599895*J2^5+0.0043904320*J1^1*J2^3*(J2-J1)^1+-0.0043904320*J2^4*(J2-J1)^1+0,0,0,0,0,0,0,0,0,0,0,0,0,0,0,0,0,0,0,0,0,0,0,0,0,0,0,0,0,0,0,0,0,0,0,0,0,0,0,0,0,0,0,0,0,0,0,0,0},
{0,0,0,0,0,0,0,0,0,0,0,0,0,0,0,0,0,0,0,0,0,0,0,0,-0.0079345703*J1^1*J2^4+-0.0146484375*J1^1*J2^3*(J2-J1)^1+0,-0.0015426704*J2^5+-0.0037587908*J2^4*(J2-J1)^1+0,0,0,0,0,0,0,0.0079345703*J2^5+0.0146484375*J2^4*(J2-J1)^1+0,0.0015426704*J1^1*J2^4+0.0037587908*J1^1*J2^3*(J2-J1)^1+0,0,0,0,0,0,0,0,0,0,0,0,0,0,0,0,0,0,0,0,0,0,0,0,0,0,0,0,0,0,0,0,0,0,0,0,0,0,0,0,0,0,0,0,0,0,0,0,0,0,0,0,0,0,0,0,0,0,0,0,0,0,0},
{0,0,0,0,0,0,0,0,0,0,0,0,0,0,0,0,0,0,0,0,0,0,0,0,-0.0015426704*J2^5+-0.0159748610*J2^4*(J2-J1)^1+0,-0.0079345703*J1^1*J2^4+0.0017813223*J2^5+-0.0179036458*J1^1*J2^3*(J2-J1)^1+0.0113932292*J2^4*(J2-J1)^1+0,0,0,0,0,0,0,0.0015426704*J1^1*J2^4+0.0159748610*J1^1*J2^3*(J2-J1)^1+0,-0.0017813223*J1^1*J2^4+0.0079345703*J2^5+-0.0113932292*J1^1*J2^3*(J2-J1)^1+0.0179036458*J2^4*(J2-J1)^1+0,0,0,0,0,0,0,0,0,0,0,0,0,0,0,0,0,0,0,0,0,0,0,0,0,0,0,0,0,0,0,0,0,0,0,0,0,0,0,0,0,0,0,0,0,0,0,0,0,0,0,0,0,0,0,0,0,0,0,0,0,0,0},
{0,0,0,0,0,0,0,0,0,0,0,0,0,0,0,0,0,0,0,0,0,0,0,0,-0.0045810263*J2^5+-0.0114643120*J2^4*(J2-J1)^1+0,-0.0008906612*J1^1*J2^4+-0.0039062500*J1^1*J2^3*(J2-J1)^1+0,0,0,0,0,0,0,0.0045810263*J1^1*J2^4+0.0114643120*J1^1*J2^3*(J2-J1)^1+0,0.0008906612*J2^5+0.0039062500*J2^4*(J2-J1)^1+0,0,0,0,0,0,0,-0.0064785495*J1^1*J2^4+0.0064785495*J2^5+-0.0140866923*J1^1*J2^3*(J2-J1)^1+0.0140866923*J2^4*(J2-J1)^1+0,0.0012595851*J1^1*J2^4+-0.0012595851*J2^5+0.0042966558*J1^1*J2^3*(J2-J1)^1+-0.0042966558*J2^4*(J2-J1)^1+0,0,0,0,0,0,0,0,0,0,0,0,0,0,0,0,0,0,0,0,0,0,0,0,0,0,0,0,0,0,0,0,0,0,0,0,0,0,0,0,0,0,0,0,0,0,0,0,0,0,0,0,0,0,0},
{0,0,0,0,0,0,0,0,0,0,0,0,0,0,0,0,0,0,0,0,0,0,0,0,-0.0008906612*J1^1*J2^4+-0.0109592014*J1^1*J2^3*(J2-J1)^1+0,0.0010284469*J1^1*J2^4+-0.0045810263*J2^5+0.0085825724*J1^1*J2^3*(J2-J1)^1+-0.0133437074*J2^4*(J2-J1)^1+0,0,0,0,0,0,0,0.0008906612*J2^5+0.0109592014*J2^4*(J2-J1)^1+0,0.0045810263*J1^1*J2^4+-0.0010284469*J2^5+0.0133437074*J1^1*J2^3*(J2-J1)^1+-0.0085825724*J2^4*(J2-J1)^1+0,0,0,0,0,0,0,0.0012595851*J1^1*J2^4+-0.0012595851*J2^5+0.0142710353*J1^1*J2^3*(J2-J1)^1+-0.0142710353*J2^4*(J2-J1)^1+0,-0.0079329931*J1^1*J2^4+0.0079329931*J2^5+-0.0274646202*J1^1*J2^3*(J2-J1)^1+0.0274646202*J2^4*(J2-J1)^1+0,0,0,0,0,0,0,0,0,0,0,0,0,0,0,0,0,0,0,0,0,0,0,0,0,0,0,0,0,0,0,0,0,0,0,0,0,0,0,0,0,0,0,0,0,0,0,0,0,0,0,0,0,0,0},
{0,0,0,0,0,0,0,0,0,0,0,0,0,0,0,0,0,0,0,0,0,0,0,0,0,0,-0.0043606228*J1^1*J2^4+-0.0026041667*J1^1*J2^3*(J2-J1)^1+0,-0.0016614377*J2^5+-0.0030696792*J2^4*(J2-J1)^1+0,0,0,0,0,0,0,0.0043606228*J2^5+0.0026041667*J2^4*(J2-J1)^1+0,0.0016614377*J1^1*J2^4+0.0030696792*J1^1*J2^3*(J2-J1)^1+0,0,0,0,0,0,0,0,0,0,0,0,0,0,0,0,0,0,0,0,0,0,0,0,0,0,0,0,0,0,0,0,0,0,0,0,0,0,0,0,0,0,0,0,0,0,0,0,0,0,0,0,0,0,0,0,0,0,0,0,0},
{0,0,0,0,0,0,0,0,0,0,0,0,0,0,0,0,0,0,0,0,0,0,0,0,0,0,-0.0016614377*J2^5+0.0010023442*J2^4*(J2-J1)^1+0,-0.0043606228*J1^1*J2^4+0.0019184631*J2^5+-0.0015190972*J1^1*J2^3*(J2-J1)^1+0.0011935764*J2^4*(J2-J1)^1+0,0,0,0,0,0,0,0.0016614377*J1^1*J2^4+-0.0010023442*J1^1*J2^3*(J2-J1)^1+0,-0.0019184631*J1^1*J2^4+0.0043606228*J2^5+-0.0011935764*J1^1*J2^3*(J2-J1)^1+0.0015190972*J2^4*(J2-J1)^1+0,0,0,0,0,0,0,0,0,0,0,0,0,0,0,0,0,0,0,0,0,0,0,0,0,0,0,0,0,0,0,0,0,0,0,0,0,0,0,0,0,0,0,0,0,0,0,0,0,0,0,0,0,0,0,0,0,0,0,0,0},
{0,0,0,0,0,0,0,0,0,0,0,0,0,0,0,0,0,0,0,0,0,0,0,0,0,0,-0.0025176068*J2^5+-0.0005011721*J2^4*(J2-J1)^1+0,-0.0009592315*J1^1*J2^4+-0.0011935764*J1^1*J2^3*(J2-J1)^1+0,0,0,0,0,0,0,0.0025176068*J1^1*J2^4+0.0005011721*J1^1*J2^3*(J2-J1)^1+0,0.0009592315*J2^5+0.0011935764*J2^4*(J2-J1)^1+0,0,0,0,0,0,0,-0.0035604336*J1^1*J2^4+0.0035604336*J2^5+-0.0014175288*J1^1*J2^3*(J2-J1)^1+0.0014175288*J2^4*(J2-J1)^1+0,0.0013565582*J1^1*J2^4+-0.0013565582*J2^5+0.0020971772*J1^1*J2^3*(J2-J1)^1+-0.0020971772*J2^4*(J2-J1)^1+0,0,0,0,0,0,0,0,0,0,0,0,0,0,0,0,0,0,0,0,0,0,0,0,0,0,0,0,0,0,0,0,0,0,0,0,0,0,0,0,0,0,0,0,0,0,0,0,0,0,0,0,0},
{0,0,0,0,0,0,0,0,0,0,0,0,0,0,0,0,0,0,0,0,0,0,0,0,0,0,-0.0009592315*J1^1*J2^4+0.0011574074*J1^1*J2^3*(J2-J1)^1+0,0.0011076252*J1^1*J2^4+-0.0025176068*J2^5+0.0000208822*J1^1*J2^3*(J2-J1)^1+0.0001252930*J2^4*(J2-J1)^1+0,0,0,0,0,0,0,0.0009592315*J2^5+-0.0011574074*J2^4*(J2-J1)^1+0,0.0025176068*J1^1*J2^4+-0.0011076252*J2^5+-0.0001252930*J1^1*J2^3*(J2-J1)^1+-0.0000208822*J2^4*(J2-J1)^1+0,0,0,0,0,0,0,0.0013565582*J1^1*J2^4+-0.0013565582*J2^5+-0.0012276159*J1^1*J2^3*(J2-J1)^1+0.0012276159*J2^4*(J2-J1)^1+0,-0.0051268522*J1^1*J2^4+0.0051268522*J2^5+-0.0010336147*J1^1*J2^3*(J2-J1)^1+0.0010336147*J2^4*(J2-J1)^1+0,0,0,0,0,0,0,0,0,0,0,0,0,0,0,0,0,0,0,0,0,0,0,0,0,0,0,0,0,0,0,0,0,0,0,0,0,0,0,0,0,0,0,0,0,0,0,0,0,0,0,0,0},
{0,0,0,0,0,0,0,0,0,0,0,0,0,0,0,0,0,0,0,0,0,0,0,0,0,0,0,0,-0.0064785495*J1^1*J2^4+0.0031229931*J1^1*J2^3*(J2-J1)^1+0,-0.0012595851*J2^5+0.0056393607*J2^4*(J2-J1)^1+0,0,0,0,0,0,0,0.0064785495*J2^5+-0.0031229931*J2^4*(J2-J1)^1+0,0.0012595851*J1^1*J2^4+-0.0056393607*J1^1*J2^3*(J2-J1)^1+0,0,0,0,0,0,0,0,0,0,0,0,0,0,0,0,0,0,0,0,0,0,0,0,0,0,0,0,0,0,0,0,0,0,0,0,0,0,0,0,0,0,0,0,0,0,0,0,0,0,0,0,0,0,0,0,0,0,0},
{0,0,0,0,0,0,0,0,0,0,0,0,0,0,0,0,0,0,0,0,0,0,0,0,0,0,0,0,-0.0012595851*J2^5+-0.0043350188*J2^4*(J2-J1)^1+0,-0.0064785495*J1^1*J2^4+0.0014544436*J2^5+0.0004651266*J1^1*J2^3*(J2-J1)^1+-0.0007530622*J2^4*(J2-J1)^1+0,0,0,0,0,0,0,0.0012595851*J1^1*J2^4+0.0043350188*J1^1*J2^3*(J2-J1)^1+0,-0.0014544436*J1^1*J2^4+0.0064785495*J2^5+0.0007530622*J1^1*J2^3*(J2-J1)^1+-0.0004651266*J2^4*(J2-J1)^1+0,0,0,0,0,0,0,0,0,0,0,0,0,0,0,0,0,0,0,0,0,0,0,0,0,0,0,0,0,0,0,0,0,0,0,0,0,0,0,0,0,0,0,0,0,0,0,0,0,0,0,0,0,0,0,0,0,0,0},
{0,0,0,0,0,0,0,0,0,0,0,0,0,0,0,0,0,0,0,0,0,0,0,0,0,0,0,0,-0.0037403923*J2^5+-0.0006521710*J2^4*(J2-J1)^1+0,-0.0007272218*J1^1*J2^4+0.0018383576*J1^1*J2^3*(J2-J1)^1+0,0,0,0,0,0,0,0.0037403923*J1^1*J2^4+0.0006521710*J1^1*J2^3*(J2-J1)^1+0,0.0007272218*J2^5+-0.0018383576*J2^4*(J2-J1)^1+0,0,0,0,0,0,0,-0.0052897135*J1^1*J2^4+0.0052897135*J2^5+0.0008138021*J1^1*J2^3*(J2-J1)^1+-0.0008138021*J2^4*(J2-J1)^1+0,0.0010284469*J1^1*J2^4+-0.0010284469*J2^5+-0.0036021745*J1^1*J2^3*(J2-J1)^1+0.0036021745*J2^4*(J2-J1)^1+0,0,0,0,0,0,0,0,0,0,0,0,0,0,0,0,0,0,0,0,0,0,0,0,0,0,0,0,0,0,0,0,0,0,0,0,0,0,0,0,0,0,0,0,0,0,0,0,0,0,0},
{0,0,0,0,0,0,0,0,0,0,0,0,0,0,0,0,0,0,0,0,0,0,0,0,0,0,0,0,-0.0007272218*J1^1*J2^4+-0.0039203530*J1^1*J2^3*(J2-J1)^1+0,0.0008397234*J1^1*J2^4+-0.0037403923*J2^5+0.0012020406*J1^1*J2^3*(J2-J1)^1+-0.0021866909*J2^4*(J2-J1)^1+0,0,0,0,0,0,0,0.0007272218*J2^5+0.0039203530*J2^4*(J2-J1)^1+0,0.0037403923*J1^1*J2^4+-0.0008397234*J2^5+0.0021866909*J1^1*J2^3*(J2-J1)^1+-0.0012020406*J2^4*(J2-J1)^1+0,0,0,0,0,0,0,0.0010284469*J1^1*J2^4+-0.0010284469*J2^5+0.0045418722*J1^1*J2^3*(J2-J1)^1+-0.0045418722*J2^4*(J2-J1)^1+0,-0.0064772618*J1^1*J2^4+0.0064772618*J2^5+-0.0018988715*J1^1*J2^3*(J2-J1)^1+0.0018988715*J2^4*(J2-J1)^1+0,0,0,0,0,0,0,0,0,0,0,0,0,0,0,0,0,0,0,0,0,0,0,0,0,0,0,0,0,0,0,0,0,0,0,0,0,0,0,0,0,0,0,0,0,0,0,0,0,0,0},
{0,0,0,0,0,0,0,0,0,0,0,0,0,0,0,0,0,0,0,0,0,0,0,0,0,0,0,0,0,0,-0.0035604336*J1^1*J2^4+-0.0071540906*J1^1*J2^3*(J2-J1)^1+0,-0.0013565582*J2^5+-0.0054091827*J2^4*(J2-J1)^1+0,0,0,0,0,0,0,0.0035604336*J2^5+0.0071540906*J2^4*(J2-J1)^1+0,0.0013565582*J1^1*J2^4+0.0054091827*J1^1*J2^3*(J2-J1)^1+0,0,0,0,0,0,0,0,0,0,0,0,0,0,0,0,0,0,0,0,0,0,0,0,0,0,0,0,0,0,0,0,0,0,0,0,0,0,0,0,0,0,0,0,0,0,0,0,0,0,0,0,0,0,0,0,0},
{0,0,0,0,0,0,0,0,0,0,0,0,0,0,0,0,0,0,0,0,0,0,0,0,0,0,0,0,0,0,-0.0013565582*J2^5+-0.0020843896*J2^4*(J2-J1)^1+0,-0.0035604336*J1^1*J2^4+0.0015664185*J2^5+-0.0062681351*J1^1*J2^3*(J2-J1)^1+0.0043264160*J2^4*(J2-J1)^1+0,0,0,0,0,0,0,0.0013565582*J1^1*J2^4+0.0020843896*J1^1*J2^3*(J2-J1)^1+0,-0.0015664185*J1^1*J2^4+0.0035604336*J2^5+-0.0043264160*J1^1*J2^3*(J2-J1)^1+0.0062681351*J2^4*(J2-J1)^1+0,0,0,0,0,0,0,0,0,0,0,0,0,0,0,0,0,0,0,0,0,0,0,0,0,0,0,0,0,0,0,0,0,0,0,0,0,0,0,0,0,0,0,0,0,0,0,0,0,0,0,0,0,0,0,0,0},
{0,0,0,0,0,0,0,0,0,0,0,0,0,0,0,0,0,0,0,0,0,0,0,0,0,0,0,0,0,0,-0.0020556173*J2^5+-0.0033120055*J2^4*(J2-J1)^1+0,-0.0007832093*J1^1*J2^4+-0.0026504835*J1^1*J2^3*(J2-J1)^1+0,0,0,0,0,0,0,0.0020556173*J1^1*J2^4+0.0033120055*J1^1*J2^3*(J2-J1)^1+0,0.0007832093*J2^5+0.0026504835*J2^4*(J2-J1)^1+0,0,0,0,0,0,0,-0.0029070819*J1^1*J2^4+0.0029070819*J2^5+-0.0052625868*J1^1*J2^3*(J2-J1)^1+0.0052625868*J2^4*(J2-J1)^1+0,0.0011076252*J1^1*J2^4+-0.0011076252*J2^5+0.0040824645*J1^1*J2^3*(J2-J1)^1+-0.0040824645*J2^4*(J2-J1)^1+0,0,0,0,0,0,0,0,0,0,0,0,0,0,0,0,0,0,0,0,0,0,0,0,0,0,0,0,0,0,0,0,0,0,0,0,0,0,0,0,0,0,0,0,0,0,0,0,0},
{0,0,0,0,0,0,0,0,0,0,0,0,0,0,0,0,0,0,0,0,0,0,0,0,0,0,0,0,0,0,-0.0007832093*J1^1*J2^4+-0.0007309133*J1^1*J2^3*(J2-J1)^1+0,0.0009043722*J1^1*J2^4+-0.0020556173*J2^5+0.0019522503*J1^1*J2^3*(J2-J1)^1+-0.0028004989*J2^4*(J2-J1)^1+0,0,0,0,0,0,0,0.0007832093*J2^5+0.0007309133*J2^4*(J2-J1)^1+0,0.0020556173*J1^1*J2^4+-0.0009043722*J2^5+0.0028004989*J1^1*J2^3*(J2-J1)^1+-0.0019522503*J2^4*(J2-J1)^1+0,0,0,0,0,0,0,0.0011076252*J1^1*J2^4+-0.0011076252*J2^5+0.0013677822*J1^1*J2^3*(J2-J1)^1+-0.0013677822*J2^4*(J2-J1)^1+0,-0.0041860573*J1^1*J2^4+0.0041860573*J2^5+-0.0076859086*J1^1*J2^3*(J2-J1)^1+0.0076859086*J2^4*(J2-J1)^1+0,0,0,0,0,0,0,0,0,0,0,0,0,0,0,0,0,0,0,0,0,0,0,0,0,0,0,0,0,0,0,0,0,0,0,0,0,0,0,0,0,0,0,0,0,0,0,0,0}
}