12
{{0,0,0,0,0,0,0,0,0,0.1443375673*J2^1+0,0,0},
{0,0,0,0,0,0,0,-0.0833333333*J2^1+0,0,0,0,0.1178511302*J2^1+0},
{0,0,0,0,0,0,0,0,-0.2500000000*J2^1+0,0,0,0},
{0,0,0,0,0,0,0.1443375673*J2^1+0,0,0,0,-0.2041241452*J2^1+0,0},
{0,0,0,0,0,0,0,0,0,0.2041241452*J2^1+0,0,0},
{0,0,0,0,0,0,0,-0.1178511302*J2^1+0,0,0,0,0.1666666667*J2^1+0},
{0,0,0,0.1443375673*J2^1+0,0,0,0,0,0,0,0,0},
{0,-0.0833333333*J2^1+0,0,0,0,-0.1178511302*J2^1+0,0,0,0,0,0,0},
{0,0,-0.2500000000*J2^1+0,0,0,0,0,0,0,0,0,0},
{0.1443375673*J2^1+0,0,0,0,0.2041241452*J2^1+0,0,0,0,0,0,0,0},
{0,0,0,-0.2041241452*J2^1+0,0,0,0,0,0,0,0,0},
{0,0.1178511302*J2^1+0,0,0,0,0.1666666667*J2^1+0,0,0,0,0,0,0}
}