36
{{-0.0090301890*J2^4+0,0,0,0,0,0,0,0,-0.0043179686*J2^4+0,0,0,0,0,0,0,0,0,0.0112763724*J2^4+0,0,0,0,0,0,0,0,0,0,0,0,0.0073296421*J2^4+0,0,0,0,0,0,0},
{0,0.0002237118*J2^4+0,0,0,0,0,0,0,0,0.0000677273*J2^4+0,0,0,0,-0.0028573495*J2^4+0,0,0,0,0,0,0,0,-0.0016623966*J2^4+0,0,0,0,0,0,0,0,0,0,0.0026311536*J2^4+0,0,0,0,0},
{0,0,-0.0090301890*J2^4+0,0,0,0,0,0,0,0,-0.0043179686*J2^4+0,0,0,0,0,0,0,0,0,0.0112763724*J2^4+0,0,0,0,0,0,-0.0042317708*J2^4+0,0,0,0,0,0,0,0,0.0059846277*J2^4+0,0,0},
{0,0,0,0.0002237118*J2^4+0,0,0,0,0,0,0,0,0.0000677273*J2^4+0,0,0,0,-0.0028573495*J2^4+0,0,0,0,0,0,0,0,-0.0016623966*J2^4+0,0,0,0,-0.0015190972*J2^4+0,0,0,0,0,0,0,0,0.0021483279*J2^4+0},
{0,0,0,0,-0.0151367187*J2^4+0,0,0,0,0,0,0,0,0,0,0,0,-0.0195312500*J2^4+0,0,0,0,0,0,0,0,0,0,0,0,-0.0126953125*J2^4+0,0,0,0,0,0,0,0},
{0,0,0,0,0,0.0003194927*J2^4+0,0,0,0,0,0,0,0.0049490746*J2^4+0,0,0,0,0,0,0,0,0.0028793553*J2^4+0,0,0,0,0,0,0,0,0,0,-0.0045572917*J2^4+0,0,0,0,0,0},
{0,0,0,0,0,0,-0.0151367188*J2^4+0,0,0,0,0,0,0,0,0,0,0,0,-0.0195312500*J2^4+0,0,0,0,0,0,0.0073296421*J2^4+0,0,0,0,0,0,0,0,-0.0103656793*J2^4+0,0,0,0},
{0,0,0,0,0,0,0,0.0003194927*J2^4+0,0,0,0,0,0,0,0.0049490746*J2^4+0,0,0,0,0,0,0,0,0.0028793553*J2^4+0,0,0,0,0.0026311536*J2^4+0,0,0,0,0,0,0,0,-0.0037210131*J2^4+0,0},
{-0.0043179686*J2^4+0,0,0,0,0,0,0,0,-0.0120834539*J2^4+0,0,0,0,0,0,0,0,0,0.0159471988*J2^4+0,0,0,0,0,0,0,0,0,0,0,0,0.0103656793*J2^4+0,0,0,0,0,0,0},
{0,0.0000677273*J2^4+0,0,0,0,0,0,0,0,0.0002716023*J2^4+0,0,0,0,-0.0040409025*J2^4+0,0,0,0,0,0,0,0,-0.0023509838*J2^4+0,0,0,0,0,0,0,0,0,0,0.0037210131*J2^4+0,0,0,0,0},
{0,0,-0.0043179686*J2^4+0,0,0,0,0,0,0,0,-0.0120834539*J2^4+0,0,0,0,0,0,0,0,0,0.0159471988*J2^4+0,0,0,0,0,0,-0.0059846277*J2^4+0,0,0,0,0,0,0,0,0.0084635417*J2^4+0,0,0},
{0,0,0,0.0000677273*J2^4+0,0,0,0,0,0,0,0,0.0002716023*J2^4+0,0,0,0,-0.0040409025*J2^4+0,0,0,0,0,0,0,0,-0.0023509838*J2^4+0,0,0,0,-0.0021483279*J2^4+0,0,0,0,0,0,0,0,0.0030381944*J2^4+0},
{0,0,0,0,0,0.0049073102*J2^4+0,0,0,0,0,0,0,-0.0110355581*J2^4+0,0,0,0,0,0,0,0,0,0,0,0,0,0,0,0,0,0,0.0049073102*J2^4+0,0,0,0,0,0},
{0,-0.0028332369*J2^4+0,0,0,0,0,0,0,0,-0.0040068020*J2^4+0,0,0,0,-0.0110355581*J2^4+0,0,0,0,0,0,0,0,0,0,0,0,0,0,0,0,0,0,0.0049073102*J2^4+0,0,0,0,0},
{0,0,0,0,0,0,0,0.0049073102*J2^4+0,0,0,0,0,0,0,-0.0110355581*J2^4+0,0,0,0,0,0,0,0,0,0,0,0,-0.0028332369*J2^4+0,0,0,0,0,0,0,0,0.0040068020*J2^4+0,0},
{0,0,0,-0.0028332369*J2^4+0,0,0,0,0,0,0,0,-0.0040068020*J2^4+0,0,0,0,-0.0110355581*J2^4+0,0,0,0,0,0,0,0,0,0,0,0,-0.0028332369*J2^4+0,0,0,0,0,0,0,0,0.0040068020*J2^4+0},
{0,0,0,0,-0.0136718750*J2^4+0,0,0,0,0,0,0,0,0,0,0,0,-0.0273437500*J2^4+0,0,0,0,0,0,0,0,0,0,0,0,-0.0136718750*J2^4+0,0,0,0,0,0,0,0},
{0.0078934607*J2^4+0,0,0,0,0,0,0,0,0.0111630392*J2^4+0,0,0,0,0,0,0,0,0,-0.0273437500*J2^4+0,0,0,0,0,0,0,0,0,0,0,0,-0.0136718750*J2^4+0,0,0,0,0,0,0},
{0,0,0,0,0,0,-0.0136718750*J2^4+0,0,0,0,0,0,0,0,0,0,0,0,-0.0273437500*J2^4+0,0,0,0,0,0,0.0078934607*J2^4+0,0,0,0,0,0,0,0,-0.0111630392*J2^4+0,0,0,0},
{0,0,0.0078934607*J2^4+0,0,0,0,0,0,0,0,0.0111630392*J2^4+0,0,0,0,0,0,0,0,0,-0.0273437500*J2^4+0,0,0,0,0,0,0.0078934607*J2^4+0,0,0,0,0,0,0,0,-0.0111630392*J2^4+0,0,0},
{0,0,0,0,0,0.0053009670*J2^4+0,0,0,0,0,0,0,0,0,0,0,0,0,0,0,0.0032270769*J2^4+0,0,0,0,0,0,0,0,0,0,-0.0053009670*J2^4+0,0,0,0,0,0},
{0,-0.0030605147*J2^4+0,0,0,0,0,0,0,0,-0.0043282215*J2^4+0,0,0,0,0,0,0,0,0,0,0,0,0.0032270769*J2^4+0,0,0,0,0,0,0,0,0,0,-0.0053009670*J2^4+0,0,0,0,0},
{0,0,0,0,0,0,0,0.0053009670*J2^4+0,0,0,0,0,0,0,0,0,0,0,0,0,0,0,0.0032270769*J2^4+0,0,0,0,0.0030605147*J2^4+0,0,0,0,0,0,0,0,-0.0043282215*J2^4+0,0},
{0,0,0,-0.0030605147*J2^4+0,0,0,0,0,0,0,0,-0.0043282215*J2^4+0,0,0,0,0,0,0,0,0,0,0,0,0.0032270769*J2^4+0,0,0,0,0.0030605147*J2^4+0,0,0,0,0,0,0,0,-0.0043282215*J2^4+0},
{0,0,0,0,0,0,0.0073296421*J2^4+0,0,0,0,0,0,0,0,0,0,0,0,0.0112763724*J2^4+0,0,0,0,0,0,-0.0090301890*J2^4+0,0,0,0,0,0,0,0,0.0043179686*J2^4+0,0,0,0},
{0,0,-0.0042317708*J2^4+0,0,0,0,0,0,0,0,-0.0059846277*J2^4+0,0,0,0,0,0,0,0,0,0.0112763724*J2^4+0,0,0,0,0,0,-0.0090301890*J2^4+0,0,0,0,0,0,0,0,0.0043179686*J2^4+0,0,0},
{0,0,0,0,0,0,0,0.0026311536*J2^4+0,0,0,0,0,0,0,-0.0028573495*J2^4+0,0,0,0,0,0,0,0,0.0016623966*J2^4+0,0,0,0,0.0002237118*J2^4+0,0,0,0,0,0,0,0,-0.0000677273*J2^4+0,0},
{0,0,0,-0.0015190972*J2^4+0,0,0,0,0,0,0,0,-0.0021483279*J2^4+0,0,0,0,-0.0028573495*J2^4+0,0,0,0,0,0,0,0,0.0016623966*J2^4+0,0,0,0,0.0002237118*J2^4+0,0,0,0,0,0,0,0,-0.0000677273*J2^4+0},
{0,0,0,0,-0.0126953125*J2^4+0,0,0,0,0,0,0,0,0,0,0,0,-0.0195312500*J2^4+0,0,0,0,0,0,0,0,0,0,0,0,-0.0151367188*J2^4+0,0,0,0,0,0,0,0},
{0.0073296421*J2^4+0,0,0,0,0,0,0,0,0.0103656793*J2^4+0,0,0,0,0,0,0,0,0,-0.0195312500*J2^4+0,0,0,0,0,0,0,0,0,0,0,0,-0.0151367188*J2^4+0,0,0,0,0,0,0},
{0,0,0,0,0,-0.0045572917*J2^4+0,0,0,0,0,0,0,0.0049490746*J2^4+0,0,0,0,0,0,0,0,-0.0028793553*J2^4+0,0,0,0,0,0,0,0,0,0,0.0003194927*J2^4+0,0,0,0,0,0},
{0,0.0026311536*J2^4+0,0,0,0,0,0,0,0,0.0037210131*J2^4+0,0,0,0,0.0049490746*J2^4+0,0,0,0,0,0,0,0,-0.0028793553*J2^4+0,0,0,0,0,0,0,0,0,0,0.0003194927*J2^4+0,0,0,0,0},
{0,0,0,0,0,0,-0.0103656793*J2^4+0,0,0,0,0,0,0,0,0,0,0,0,-0.0159471988*J2^4+0,0,0,0,0,0,0.0043179686*J2^4+0,0,0,0,0,0,0,0,-0.0120834539*J2^4+0,0,0,0},
{0,0,0.0059846277*J2^4+0,0,0,0,0,0,0,0,0.0084635417*J2^4+0,0,0,0,0,0,0,0,0,-0.0159471988*J2^4+0,0,0,0,0,0,0.0043179686*J2^4+0,0,0,0,0,0,0,0,-0.0120834539*J2^4+0,0,0},
{0,0,0,0,0,0,0,-0.0037210131*J2^4+0,0,0,0,0,0,0,0.0040409025*J2^4+0,0,0,0,0,0,0,0,-0.0023509838*J2^4+0,0,0,0,-0.0000677273*J2^4+0,0,0,0,0,0,0,0,0.0002716023*J2^4+0,0},
{0,0,0,0.0021483279*J2^4+0,0,0,0,0,0,0,0,0.0030381944*J2^4+0,0,0,0,0.0040409025*J2^4+0,0,0,0,0,0,0,0,-0.0023509838*J2^4+0,0,0,0,-0.0000677273*J2^4+0,0,0,0,0,0,0,0,0.0002716023*J2^4+0}
}