96
{{0,0,0,0,0,0,0,0,0,0,0,0,0,0,0,0,0,0,0,0,0,0,0,0,0,0,0,0,0,0,0,0,0,0,0,0,0,0,0,0,0,0,0,0,0,0,0,0,0,0,0,0,0,0,0,0,0,0,0,0,0,0,0,0,0,0,0,0,0,0,0,0,0,0,0,0,0,0,0,0,-0.0064380787*J1^1*J2^3+0,0,-0.0062020048*J1^2*J2^2+-0.0109422577*J1^1*J2^3+-0.0062020048*J2^4+0,0,0.0018585132*J1^2*J2^2+0.0018585132*J2^4+0,0,0.0031587577*J1^2*J2^2+0.0071614583*J1^1*J2^3+0.0031587577*J2^4+0,0,0,0,0,0,0,0,0,0},
{0,0,0,0,0,0,0,0,0,0,0,0,0,0,0,0,0,0,0,0,0,0,0,0,0,0,0,0,0,0,0,0,0,0,0,0,0,0,0,0,0,0,0,0,0,0,0,0,0,0,0,0,0,0,0,0,0,0,0,0,0,0,0,0,0,0,0,0,0,0,0,0,0,0,0,0,0,0,0,0,-0.0028608575*J1^2*J2^2+0.0109422577*J1^1*J2^3+-0.0028608575*J2^4+0,0,0.0052324460*J1^2*J2^2+0.0021460262*J1^1*J2^3+0.0052324460*J2^4+0,0,-0.0031587577*J1^2*J2^2+0.0033034336*J1^1*J2^3+-0.0031587577*J2^4+0,0,-0.0006195044*J1^2*J2^2+-0.0060419082*J1^1*J2^3+-0.0006195044*J2^4+0,0,0,0,0,0,0,0,0,0},
{0,0,0,0,0,0,0,0,0,0,0,0,0,0,0,0,0,0,0,0,0,0,0,0,0,0,0,0,0,0,0,0,0,0,0,0,0,0,0,0,0,0,0,0,0,0,0,0,0,0,0,0,0,0,0,0,0,0,0,0,0,0,0,0,0,0,0,0,0,0,0,0,0,0,0,0,0,0,0,0,0.0018585132*J1^2*J2^2+0.0018585132*J2^4+0,0,0.0031587577*J1^2*J2^2+0.0071614583*J1^1*J2^3+0.0031587577*J2^4+0,0,0.0021460262*J1^2*J2^2+-0.0064380787*J1^1*J2^3+0.0021460262*J2^4+0,0,-0.0025545856*J1^2*J2^2+-0.0026729179*J1^1*J2^3+-0.0025545856*J2^4+0,0,0,0,0,0,0,0,0,0},
{0,0,0,0,0,0,0,0,0,0,0,0,0,0,0,0,0,0,0,0,0,0,0,0,0,0,0,0,0,0,0,0,0,0,0,0,0,0,0,0,0,0,0,0,0,0,0,0,0,0,0,0,0,0,0,0,0,0,0,0,0,0,0,0,0,0,0,0,0,0,0,0,0,0,0,0,0,0,0,0,-0.0031587577*J1^2*J2^2+0.0033034336*J1^1*J2^3+-0.0031587577*J2^4+0,0,-0.0006195044*J1^2*J2^2+-0.0060419082*J1^1*J2^3+-0.0006195044*J2^4+0,0,-0.0065082767*J1^2*J2^2+0.0147567343*J1^1*J2^3+-0.0065082767*J2^4+0,0,0.0045171039*J1^2*J2^2+-0.0048305684*J1^1*J2^3+0.0045171039*J2^4+0,0,0,0,0,0,0,0,0,0},
{0,0,0,0,0,0,0,0,0,0,0,0,0,0,0,0,0,0,0,0,0,0,0,0,0,0,0,0,0,0,0,0,0,0,0,0,0,0,0,0,0,0,0,0,0,0,0,0,0,0,0,0,0,0,0,0,0,0,0,0,0,0,0,0,0,0,0,0,0,0,0,0,0.0037170265*J1^1*J2^3+0,0,0.0035807292*J1^2*J2^2+0.0063175154*J1^1*J2^3+0.0035807292*J2^4+0,0,-0.0010730131*J1^2*J2^2+-0.0010730131*J2^4+0,0,-0.0018237096*J1^2*J2^2+-0.0041346699*J1^1*J2^3+-0.0018237096*J2^4+0,0,0,0,0,0,0,0,0,0,-0.0052566692*J1^1*J2^3+0,0,-0.0050639158*J1^2*J2^2+-0.0089343160*J1^1*J2^3+-0.0050639158*J2^4+0,0,0.0015174697*J1^2*J2^2+0.0015174697*J2^4+0,0,0.0025791149*J1^2*J2^2+0.0058473062*J1^1*J2^3+0.0025791149*J2^4+0,0},
{0,0,0,0,0,0,0,0,0,0,0,0,0,0,0,0,0,0,0,0,0,0,0,0,0,0,0,0,0,0,0,0,0,0,0,0,0,0,0,0,0,0,0,0,0,0,0,0,0,0,0,0,0,0,0,0,0,0,0,0,0,0,0,0,0,0,0,0,0,0,0,0,0.0016517168*J1^2*J2^2+-0.0063175154*J1^1*J2^3+0.0016517168*J2^4+0,0,-0.0030209541*J1^2*J2^2+-0.0012390088*J1^1*J2^3+-0.0030209541*J2^4+0,0,0.0018237096*J1^2*J2^2+-0.0019072383*J1^1*J2^3+0.0018237096*J2^4+0,0,0.0003576710*J1^2*J2^2+0.0034882973*J1^1*J2^3+0.0003576710*J2^4+0,0,0,0,0,0,0,0,0,0,-0.0023358803*J1^2*J2^2+0.0089343160*J1^1*J2^3+-0.0023358803*J2^4+0,0,0.0042722743*J1^2*J2^2+0.0017522231*J1^1*J2^3+0.0042722743*J2^4+0,0,-0.0025791149*J1^2*J2^2+0.0026972423*J1^1*J2^3+-0.0025791149*J2^4+0,0,-0.0005058232*J1^2*J2^2+-0.0049331974*J1^1*J2^3+-0.0005058232*J2^4+0,0},
{0,0,0,0,0,0,0,0,0,0,0,0,0,0,0,0,0,0,0,0,0,0,0,0,0,0,0,0,0,0,0,0,0,0,0,0,0,0,0,0,0,0,0,0,0,0,0,0,0,0,0,0,0,0,0,0,0,0,0,0,0,0,0,0,0,0,0,0,0,0,0,0,-0.0010730131*J1^2*J2^2+-0.0010730131*J2^4+0,0,-0.0018237096*J1^2*J2^2+-0.0041346699*J1^1*J2^3+-0.0018237096*J2^4+0,0,-0.0012390088*J1^2*J2^2+0.0037170265*J1^1*J2^3+-0.0012390088*J2^4+0,0,0.0014748907*J1^2*J2^2+0.0015432099*J1^1*J2^3+0.0014748907*J2^4+0,0,0,0,0,0,0,0,0,0,0.0015174697*J1^2*J2^2+0.0015174697*J2^4+0,0,0.0025791149*J1^2*J2^2+0.0058473062*J1^1*J2^3+0.0025791149*J2^4+0,0,0.0017522231*J1^2*J2^2+-0.0052566692*J1^1*J2^3+0.0017522231*J2^4+0,0,-0.0020858104*J1^2*J2^2+-0.0021824283*J1^1*J2^3+-0.0020858104*J2^4+0,0},
{0,0,0,0,0,0,0,0,0,0,0,0,0,0,0,0,0,0,0,0,0,0,0,0,0,0,0,0,0,0,0,0,0,0,0,0,0,0,0,0,0,0,0,0,0,0,0,0,0,0,0,0,0,0,0,0,0,0,0,0,0,0,0,0,0,0,0,0,0,0,0,0,0.0018237096*J1^2*J2^2+-0.0019072383*J1^1*J2^3+0.0018237096*J2^4+0,0,0.0003576710*J1^2*J2^2+0.0034882973*J1^1*J2^3+0.0003576710*J2^4+0,0,0.0037575553*J1^2*J2^2+-0.0085198045*J1^1*J2^3+0.0037575553*J2^4+0,0,-0.0026079512*J1^2*J2^2+0.0027889300*J1^1*J2^3+-0.0026079512*J2^4+0,0,0,0,0,0,0,0,0,0,-0.0025791149*J1^2*J2^2+0.0026972423*J1^1*J2^3+-0.0025791149*J2^4+0,0,-0.0005058232*J1^2*J2^2+-0.0049331974*J1^1*J2^3+-0.0005058232*J2^4+0,0,-0.0053139857*J1^2*J2^2+0.0120488231*J1^1*J2^3+-0.0053139857*J2^4+0,0,0.0036881999*J1^2*J2^2+-0.0039441426*J1^1*J2^3+0.0036881999*J2^4+0,0},
{0,0,0,0,0,0,0,0,0,0,0,0,0,0,0,0,0,0,0,0,0,0,0,0,0,0,0,0,0,0,0,0,0,0,0,0,0,0,0,0,0,0,0,0,0,0,0,0,0,0,0,0,0,0,0,0,0,0,0,0,0,0,0,0,0,0,0,0,0,0,0,0,0,0,0,0,0,0,0,0,0,0.0037170265*J1^1*J2^3+0,0,0.0035807292*J1^2*J2^2+0.0063175154*J1^1*J2^3+0.0035807292*J2^4+0,0,-0.0010730131*J1^2*J2^2+-0.0010730131*J2^4+0,0,-0.0018237096*J1^2*J2^2+-0.0041346699*J1^1*J2^3+-0.0018237096*J2^4+0,0,0,0,0,0,0,0,0},
{0,0,0,0,0,0,0,0,0,0,0,0,0,0,0,0,0,0,0,0,0,0,0,0,0,0,0,0,0,0,0,0,0,0,0,0,0,0,0,0,0,0,0,0,0,0,0,0,0,0,0,0,0,0,0,0,0,0,0,0,0,0,0,0,0,0,0,0,0,0,0,0,0,0,0,0,0,0,0,0,0,0.0016517168*J1^2*J2^2+-0.0063175154*J1^1*J2^3+0.0016517168*J2^4+0,0,-0.0030209541*J1^2*J2^2+-0.0012390088*J1^1*J2^3+-0.0030209541*J2^4+0,0,0.0018237096*J1^2*J2^2+-0.0019072383*J1^1*J2^3+0.0018237096*J2^4+0,0,0.0003576710*J1^2*J2^2+0.0034882973*J1^1*J2^3+0.0003576710*J2^4+0,0,0,0,0,0,0,0,0},
{0,0,0,0,0,0,0,0,0,0,0,0,0,0,0,0,0,0,0,0,0,0,0,0,0,0,0,0,0,0,0,0,0,0,0,0,0,0,0,0,0,0,0,0,0,0,0,0,0,0,0,0,0,0,0,0,0,0,0,0,0,0,0,0,0,0,0,0,0,0,0,0,0,0,0,0,0,0,0,0,0,-0.0010730131*J1^2*J2^2+-0.0010730131*J2^4+0,0,-0.0018237096*J1^2*J2^2+-0.0041346699*J1^1*J2^3+-0.0018237096*J2^4+0,0,-0.0012390088*J1^2*J2^2+0.0037170265*J1^1*J2^3+-0.0012390088*J2^4+0,0,0.0014748907*J1^2*J2^2+0.0015432099*J1^1*J2^3+0.0014748907*J2^4+0,0,0,0,0,0,0,0,0},
{0,0,0,0,0,0,0,0,0,0,0,0,0,0,0,0,0,0,0,0,0,0,0,0,0,0,0,0,0,0,0,0,0,0,0,0,0,0,0,0,0,0,0,0,0,0,0,0,0,0,0,0,0,0,0,0,0,0,0,0,0,0,0,0,0,0,0,0,0,0,0,0,0,0,0,0,0,0,0,0,0,0.0018237096*J1^2*J2^2+-0.0019072383*J1^1*J2^3+0.0018237096*J2^4+0,0,0.0003576710*J1^2*J2^2+0.0034882973*J1^1*J2^3+0.0003576710*J2^4+0,0,0.0037575553*J1^2*J2^2+-0.0085198045*J1^1*J2^3+0.0037575553*J2^4+0,0,-0.0026079512*J1^2*J2^2+0.0027889300*J1^1*J2^3+-0.0026079512*J2^4+0,0,0,0,0,0,0,0,0},
{0,0,0,0,0,0,0,0,0,0,0,0,0,0,0,0,0,0,0,0,0,0,0,0,0,0,0,0,0,0,0,0,0,0,0,0,0,0,0,0,0,0,0,0,0,0,0,0,0,0,0,0,0,0,0,0,0,0,0,0,0,0,0,0,0,0,0,0,0,0,0,0,0,-0.0021460262*J1^1*J2^3+0,0,-0.0020673349*J1^2*J2^2+-0.0036474192*J1^1*J2^3+-0.0020673349*J2^4+0,0,0.0006195044*J1^2*J2^2+0.0006195044*J2^4+0,0,0.0010529192*J1^2*J2^2+0.0023871528*J1^1*J2^3+0.0010529192*J2^4+0,0,0,0,0,0,0,0,0,0,0.0030349394*J1^1*J2^3+0,0,0.0029236531*J1^2*J2^2+0.0051582298*J1^1*J2^3+0.0029236531*J2^4+0,0,-0.0008761115*J1^2*J2^2+-0.0008761115*J2^4+0,0,-0.0014890527*J1^2*J2^2+-0.0033759438*J1^1*J2^3+-0.0014890527*J2^4+0},
{0,0,0,0,0,0,0,0,0,0,0,0,0,0,0,0,0,0,0,0,0,0,0,0,0,0,0,0,0,0,0,0,0,0,0,0,0,0,0,0,0,0,0,0,0,0,0,0,0,0,0,0,0,0,0,0,0,0,0,0,0,0,0,0,0,0,0,0,0,0,0,0,0,-0.0009536192*J1^2*J2^2+0.0036474192*J1^1*J2^3+-0.0009536192*J2^4+0,0,0.0017441487*J1^2*J2^2+0.0007153421*J1^1*J2^3+0.0017441487*J2^4+0,0,-0.0010529192*J1^2*J2^2+0.0011011445*J1^1*J2^3+-0.0010529192*J2^4+0,0,-0.0002065015*J1^2*J2^2+-0.0020139694*J1^1*J2^3+-0.0002065015*J2^4+0,0,0,0,0,0,0,0,0,0,0.0013486211*J1^2*J2^2+-0.0051582298*J1^1*J2^3+0.0013486211*J2^4+0,0,-0.0024665987*J1^2*J2^2+-0.0010116465*J1^1*J2^3+-0.0024665987*J2^4+0,0,0.0014890527*J1^2*J2^2+-0.0015572536*J1^1*J2^3+0.0014890527*J2^4+0,0,0.0002920372*J1^2*J2^2+0.0028481828*J1^1*J2^3+0.0002920372*J2^4+0},
{0,0,0,0,0,0,0,0,0,0,0,0,0,0,0,0,0,0,0,0,0,0,0,0,0,0,0,0,0,0,0,0,0,0,0,0,0,0,0,0,0,0,0,0,0,0,0,0,0,0,0,0,0,0,0,0,0,0,0,0,0,0,0,0,0,0,0,0,0,0,0,0,0,0.0006195044*J1^2*J2^2+0.0006195044*J2^4+0,0,0.0010529192*J1^2*J2^2+0.0023871528*J1^1*J2^3+0.0010529192*J2^4+0,0,0.0007153421*J1^2*J2^2+-0.0021460262*J1^1*J2^3+0.0007153421*J2^4+0,0,-0.0008515285*J1^2*J2^2+-0.0008909726*J1^1*J2^3+-0.0008515285*J2^4+0,0,0,0,0,0,0,0,0,0,-0.0008761115*J1^2*J2^2+-0.0008761115*J2^4+0,0,-0.0014890527*J1^2*J2^2+-0.0033759438*J1^1*J2^3+-0.0014890527*J2^4+0,0,-0.0010116465*J1^2*J2^2+0.0030349394*J1^1*J2^3+-0.0010116465*J2^4+0,0,0.0012042432*J1^2*J2^2+0.0012600256*J1^1*J2^3+0.0012042432*J2^4+0},
{0,0,0,0,0,0,0,0,0,0,0,0,0,0,0,0,0,0,0,0,0,0,0,0,0,0,0,0,0,0,0,0,0,0,0,0,0,0,0,0,0,0,0,0,0,0,0,0,0,0,0,0,0,0,0,0,0,0,0,0,0,0,0,0,0,0,0,0,0,0,0,0,0,-0.0010529192*J1^2*J2^2+0.0011011445*J1^1*J2^3+-0.0010529192*J2^4+0,0,-0.0002065015*J1^2*J2^2+-0.0020139694*J1^1*J2^3+-0.0002065015*J2^4+0,0,-0.0021694256*J1^2*J2^2+0.0049189114*J1^1*J2^3+-0.0021694256*J2^4+0,0,0.0015057013*J1^2*J2^2+-0.0016101895*J1^1*J2^3+0.0015057013*J2^4+0,0,0,0,0,0,0,0,0,0,0.0014890527*J1^2*J2^2+-0.0015572536*J1^1*J2^3+0.0014890527*J2^4+0,0,0.0002920372*J1^2*J2^2+0.0028481828*J1^1*J2^3+0.0002920372*J2^4+0,0,0.0030680311*J1^2*J2^2+-0.0069563913*J1^1*J2^3+0.0030680311*J2^4+0,0,-0.0021293832*J1^2*J2^2+0.0022771518*J1^1*J2^3+-0.0021293832*J2^4+0},
{0,0,0,0,0,0,0,0,0,0,0,0,0,0,0,0,0,0,0,0,0,0,0,0,0,0,0,0,0,0,0,0,0,0,0,0,0,0,0,0,0,0,0,0,0,0,0,0,0,0,0,0,0,0,0,0,0,0,0,0,0,0,0,0,0,0,0,0,0,0,0,0,0,0,0,0,0,0,0,0,0,-0.0052566692*J1^1*J2^3+0,0,-0.0050639158*J1^2*J2^2+-0.0089343160*J1^1*J2^3+-0.0050639158*J2^4+0,0,0.0015174697*J1^2*J2^2+0.0015174697*J2^4+0,0,0.0025791149*J1^2*J2^2+0.0058473062*J1^1*J2^3+0.0025791149*J2^4+0,0,0,0,0,0,0,0,0},
{0,0,0,0,0,0,0,0,0,0,0,0,0,0,0,0,0,0,0,0,0,0,0,0,0,0,0,0,0,0,0,0,0,0,0,0,0,0,0,0,0,0,0,0,0,0,0,0,0,0,0,0,0,0,0,0,0,0,0,0,0,0,0,0,0,0,0,0,0,0,0,0,0,0,0,0,0,0,0,0,0,-0.0023358803*J1^2*J2^2+0.0089343160*J1^1*J2^3+-0.0023358803*J2^4+0,0,0.0042722743*J1^2*J2^2+0.0017522231*J1^1*J2^3+0.0042722743*J2^4+0,0,-0.0025791149*J1^2*J2^2+0.0026972423*J1^1*J2^3+-0.0025791149*J2^4+0,0,-0.0005058232*J1^2*J2^2+-0.0049331974*J1^1*J2^3+-0.0005058232*J2^4+0,0,0,0,0,0,0,0,0},
{0,0,0,0,0,0,0,0,0,0,0,0,0,0,0,0,0,0,0,0,0,0,0,0,0,0,0,0,0,0,0,0,0,0,0,0,0,0,0,0,0,0,0,0,0,0,0,0,0,0,0,0,0,0,0,0,0,0,0,0,0,0,0,0,0,0,0,0,0,0,0,0,0,0,0,0,0,0,0,0,0,0.0015174697*J1^2*J2^2+0.0015174697*J2^4+0,0,0.0025791149*J1^2*J2^2+0.0058473062*J1^1*J2^3+0.0025791149*J2^4+0,0,0.0017522231*J1^2*J2^2+-0.0052566692*J1^1*J2^3+0.0017522231*J2^4+0,0,-0.0020858104*J1^2*J2^2+-0.0021824283*J1^1*J2^3+-0.0020858104*J2^4+0,0,0,0,0,0,0,0,0},
{0,0,0,0,0,0,0,0,0,0,0,0,0,0,0,0,0,0,0,0,0,0,0,0,0,0,0,0,0,0,0,0,0,0,0,0,0,0,0,0,0,0,0,0,0,0,0,0,0,0,0,0,0,0,0,0,0,0,0,0,0,0,0,0,0,0,0,0,0,0,0,0,0,0,0,0,0,0,0,0,0,-0.0025791149*J1^2*J2^2+0.0026972423*J1^1*J2^3+-0.0025791149*J2^4+0,0,-0.0005058232*J1^2*J2^2+-0.0049331974*J1^1*J2^3+-0.0005058232*J2^4+0,0,-0.0053139857*J1^2*J2^2+0.0120488231*J1^1*J2^3+-0.0053139857*J2^4+0,0,0.0036881999*J1^2*J2^2+-0.0039441426*J1^1*J2^3+0.0036881999*J2^4+0,0,0,0,0,0,0,0,0},
{0,0,0,0,0,0,0,0,0,0,0,0,0,0,0,0,0,0,0,0,0,0,0,0,0,0,0,0,0,0,0,0,0,0,0,0,0,0,0,0,0,0,0,0,0,0,0,0,0,0,0,0,0,0,0,0,0,0,0,0,0,0,0,0,0,0,0,0,0,0,0,0,0,0.0030349394*J1^1*J2^3+0,0,0.0029236531*J1^2*J2^2+0.0051582298*J1^1*J2^3+0.0029236531*J2^4+0,0,-0.0008761115*J1^2*J2^2+-0.0008761115*J2^4+0,0,-0.0014890527*J1^2*J2^2+-0.0033759438*J1^1*J2^3+-0.0014890527*J2^4+0,0,0,0,0,0,0,0,0,0,-0.0042920525*J1^1*J2^3+0,0,-0.0041346699*J1^2*J2^2+-0.0072948385*J1^1*J2^3+-0.0041346699*J2^4+0,0,0.0012390088*J1^2*J2^2+0.0012390088*J2^4+0,0,0.0021058385*J1^2*J2^2+0.0047743056*J1^1*J2^3+0.0021058385*J2^4+0},
{0,0,0,0,0,0,0,0,0,0,0,0,0,0,0,0,0,0,0,0,0,0,0,0,0,0,0,0,0,0,0,0,0,0,0,0,0,0,0,0,0,0,0,0,0,0,0,0,0,0,0,0,0,0,0,0,0,0,0,0,0,0,0,0,0,0,0,0,0,0,0,0,0,0.0013486211*J1^2*J2^2+-0.0051582298*J1^1*J2^3+0.0013486211*J2^4+0,0,-0.0024665987*J1^2*J2^2+-0.0010116465*J1^1*J2^3+-0.0024665987*J2^4+0,0,0.0014890527*J1^2*J2^2+-0.0015572536*J1^1*J2^3+0.0014890527*J2^4+0,0,0.0002920372*J1^2*J2^2+0.0028481828*J1^1*J2^3+0.0002920372*J2^4+0,0,0,0,0,0,0,0,0,0,-0.0019072383*J1^2*J2^2+0.0072948385*J1^1*J2^3+-0.0019072383*J2^4+0,0,0.0034882973*J1^2*J2^2+0.0014306842*J1^1*J2^3+0.0034882973*J2^4+0,0,-0.0021058385*J1^2*J2^2+0.0022022891*J1^1*J2^3+-0.0021058385*J2^4+0,0,-0.0004130029*J1^2*J2^2+-0.0040279388*J1^1*J2^3+-0.0004130029*J2^4+0},
{0,0,0,0,0,0,0,0,0,0,0,0,0,0,0,0,0,0,0,0,0,0,0,0,0,0,0,0,0,0,0,0,0,0,0,0,0,0,0,0,0,0,0,0,0,0,0,0,0,0,0,0,0,0,0,0,0,0,0,0,0,0,0,0,0,0,0,0,0,0,0,0,0,-0.0008761115*J1^2*J2^2+-0.0008761115*J2^4+0,0,-0.0014890527*J1^2*J2^2+-0.0033759438*J1^1*J2^3+-0.0014890527*J2^4+0,0,-0.0010116465*J1^2*J2^2+0.0030349394*J1^1*J2^3+-0.0010116465*J2^4+0,0,0.0012042432*J1^2*J2^2+0.0012600256*J1^1*J2^3+0.0012042432*J2^4+0,0,0,0,0,0,0,0,0,0,0.0012390088*J1^2*J2^2+0.0012390088*J2^4+0,0,0.0021058385*J1^2*J2^2+0.0047743056*J1^1*J2^3+0.0021058385*J2^4+0,0,0.0014306842*J1^2*J2^2+-0.0042920525*J1^1*J2^3+0.0014306842*J2^4+0,0,-0.0017030571*J1^2*J2^2+-0.0017819453*J1^1*J2^3+-0.0017030571*J2^4+0},
{0,0,0,0,0,0,0,0,0,0,0,0,0,0,0,0,0,0,0,0,0,0,0,0,0,0,0,0,0,0,0,0,0,0,0,0,0,0,0,0,0,0,0,0,0,0,0,0,0,0,0,0,0,0,0,0,0,0,0,0,0,0,0,0,0,0,0,0,0,0,0,0,0,0.0014890527*J1^2*J2^2+-0.0015572536*J1^1*J2^3+0.0014890527*J2^4+0,0,0.0002920372*J1^2*J2^2+0.0028481828*J1^1*J2^3+0.0002920372*J2^4+0,0,0.0030680311*J1^2*J2^2+-0.0069563913*J1^1*J2^3+0.0030680311*J2^4+0,0,-0.0021293832*J1^2*J2^2+0.0022771518*J1^1*J2^3+-0.0021293832*J2^4+0,0,0,0,0,0,0,0,0,0,-0.0021058385*J1^2*J2^2+0.0022022891*J1^1*J2^3+-0.0021058385*J2^4+0,0,-0.0004130029*J1^2*J2^2+-0.0040279388*J1^1*J2^3+-0.0004130029*J2^4+0,0,-0.0043388511*J1^2*J2^2+0.0098378229*J1^1*J2^3+-0.0043388511*J2^4+0,0,0.0030114026*J1^2*J2^2+-0.0032203789*J1^1*J2^3+0.0030114026*J2^4+0},
{0,0,0,0,0,0,0,0,0,0,0,0,0,0,0,0,0,0,0,0,0,0,0,0,0,0,0,0,0,0,0,0,0,0,0,0,0,0,0,0,0,0,0,0,0,0,0,0,0,0,0,0,0,0,0,0,0,0,0,0,0,0,0,0,0,0,0,0,0,0,0,0,0,0,0,0,0,0,0,0,0,0,0,0,0,0,0,0,0,0,0,0,0,0,0,0},
{0,0,0,0,0,0,0,0,0,0,0,0,0,0,0,0,0,0,0,0,0,0,0,0,0,0,0,0,0,0,0,0,0,0,0,0,0,0,0,0,0,0,0,0,0,0,0,0,0,0,0,0,0,0,0,0,0,0,0,0,0,0,0,0,0,0,0,0,0,0,0,0,0,0,0,0,0,0,0,0,0,0,0,0,0,0,0,0,0,0,0,0,0,0,0,0},
{0,0,0,0,0,0,0,0,0,0,0,0,0,0,0,0,0,0,0,0,0,0,0,0,0,0,0,0,0,0,0,0,0,0,0,0,0,0,0,0,0,0,0,0,0,0,0,0,0,0,0,0,0,0,0,0,0,0,0,0,0,0,0,0,0,0,0,0,0,0,0,0,0,0,0,0,0,0,0,0,0,0,0,0,0,0,0,0,0,0,0,0,0,0,0,0},
{0,0,0,0,0,0,0,0,0,0,0,0,0,0,0,0,0,0,0,0,0,0,0,0,0,0,0,0,0,0,0,0,0,0,0,0,0,0,0,0,0,0,0,0,0,0,0,0,0,0,0,0,0,0,0,0,0,0,0,0,0,0,0,0,0,0,0,0,0,0,0,0,0,0,0,0,0,0,0,0,0,0,0,0,0,0,0,0,0,0,0,0,0,0,0,0},
{0,0,0,0,0,0,0,0,0,0,0,0,0,0,0,0,0,0,0,0,0,0,0,0,0,0,0,0,0,0,0,0,0,0,0,0,0,0,0,0,0,0,0,0,0,0,0,0,0,0,0,0,0,0,0,0,0,0,0,0,0,0,0,0,0,0,0,0,0,0,0,0,0,0,0,0,0,0,0,0,0,0,0,0,0,0,0,0,0,0,0,0,0,0,0,0},
{0,0,0,0,0,0,0,0,0,0,0,0,0,0,0,0,0,0,0,0,0,0,0,0,0,0,0,0,0,0,0,0,0,0,0,0,0,0,0,0,0,0,0,0,0,0,0,0,0,0,0,0,0,0,0,0,0,0,0,0,0,0,0,0,0,0,0,0,0,0,0,0,0,0,0,0,0,0,0,0,0,0,0,0,0,0,0,0,0,0,0,0,0,0,0,0},
{0,0,0,0,0,0,0,0,0,0,0,0,0,0,0,0,0,0,0,0,0,0,0,0,0,0,0,0,0,0,0,0,0,0,0,0,0,0,0,0,0,0,0,0,0,0,0,0,0,0,0,0,0,0,0,0,0,0,0,0,0,0,0,0,0,0,0,0,0,0,0,0,0,0,0,0,0,0,0,0,0,0,0,0,0,0,0,0,0,0,0,0,0,0,0,0},
{0,0,0,0,0,0,0,0,0,0,0,0,0,0,0,0,0,0,0,0,0,0,0,0,0,0,0,0,0,0,0,0,0,0,0,0,0,0,0,0,0,0,0,0,0,0,0,0,0,0,0,0,0,0,0,0,0,0,0,0,0,0,0,0,0,0,0,0,0,0,0,0,0,0,0,0,0,0,0,0,0,0,0,0,0,0,0,0,0,0,0,0,0,0,0,0},
{0,0,0,0,0,0,0,0,0,0,0,0,0,0,0,0,0,0,0,0,0,0,0,0,0,0,0,0,0,0,0,0,0,0,0,0,0,0,0,0,0,0,0,0,0,0,0,0,0,0,0,0,0,0,0,0,0,0,0,0,0,0,0,0,0,0,0,0,0,0,0,0,0,0,0,0,0,0,0,0,0,0,0,0,0,0,0,0,0,0,0,0,0,0,0,0},
{0,0,0,0,0,0,0,0,0,0,0,0,0,0,0,0,0,0,0,0,0,0,0,0,0,0,0,0,0,0,0,0,0,0,0,0,0,0,0,0,0,0,0,0,0,0,0,0,0,0,0,0,0,0,0,0,0,0,0,0,0,0,0,0,0,0,0,0,0,0,0,0,0,0,0,0,0,0,0,0,0,0,0,0,0,0,0,0,0,0,0,0,0,0,0,0},
{0,0,0,0,0,0,0,0,0,0,0,0,0,0,0,0,0,0,0,0,0,0,0,0,0,0,0,0,0,0,0,0,0,0,0,0,0,0,0,0,0,0,0,0,0,0,0,0,0,0,0,0,0,0,0,0,0,0,0,0,0,0,0,0,0,0,0,0,0,0,0,0,0,0,0,0,0,0,0,0,0,0,0,0,0,0,0,0,0,0,0,0,0,0,0,0},
{0,0,0,0,0,0,0,0,0,0,0,0,0,0,0,0,0,0,0,0,0,0,0,0,0,0,0,0,0,0,0,0,0,0,0,0,0,0,0,0,0,0,0,0,0,0,0,0,0,0,0,0,0,0,0,0,0,0,0,0,0,0,0,0,0,0,0,0,0,0,0,0,0,0,0,0,0,0,0,0,0,0,0,0,0,0,0,0,0,0,0,0,0,0,0,0},
{0,0,0,0,0,0,0,0,0,0,0,0,0,0,0,0,0,0,0,0,0,0,0,0,0,0,0,0,0,0,0,0,0,0,0,0,0,0,0,0,0,0,0,0,0,0,0,0,0,0,0,0,0,0,0,0,0,0,0,0,0,0,0,0,0,0,0,0,0,0,0,0,0,0,0,0,0,0,0,0,0,0,0,0,0,0,0,0,0,0,0,0,0,0,0,0},
{0,0,0,0,0,0,0,0,0,0,0,0,0,0,0,0,0,0,0,0,0,0,0,0,0,0,0,0,0,0,0,0,0,0,0,0,0,0,0,0,0,0,0,0,0,0,0,0,0,0,0,0,0,0,0,0,0,0,0,0,0,0,0,0,0,0,0,0,0,0,0,0,0,0,0,0,0,0,0,0,0,0,0,0,0,0,0,0,0,0,0,0,0,0,0,0},
{0,0,0,0,0,0,0,0,0,0,0,0,0,0,0,0,0,0,0,0,0,0,0,0,0,0,0,0,0,0,0,0,0,0,0,0,0,0,0,0,0,0,0,0,0,0,0,0,0,0,0,0,0,0,0,0,0,0,0,0,0,0,0,0,0,0,0,0,0,0,0,0,0,0,0,0,0,0,0,0,0,0,0,0,0,0,0,0,0,0,0,0,0,0,0,0},
{0,0,0,0,0,0,0,0,0,0,0,0,0,0,0,0,0,0,0,0,0,0,0,0,0,0,0,0,0,0,0,0,0,0,0,0,0,0,0,0,0,0,0,0,0,0,0,0,0,0,0,0,0,0,0,0,0,0,0,0,0,0,0,0,0,0,0,0,0,0,0,0,0,0,0,0,0,0,0,0,0,0,0,0,0,0,0,0,0,0,0,0,0,0,0,0},
{0,0,0,0,0,0,0,0,0,0,0,0,0,0,0,0,0,0,0,0,0,0,0,0,0,0,0,0,0,0,0,0,0,0,0,0,0,0,0,0,0,0,0,0,0,0,0,0,0,0,0,0,0,0,0,0,0,0,0,0,0,0,0,0,0,0,0,0,0,0,0,0,0,0,0,0,0,0,0,0,0,0,0,0,0,0,0,0,0,0,0,0,0,0,0,0},
{0,0,0,0,0,0,0,0,0,0,0,0,0,0,0,0,0,0,0,0,0,0,0,0,0,0,0,0,0,0,0,0,0,0,0,0,0,0,0,0,0,0,0,0,0,0,0,0,0,0,0,0,0,0,0,0,0,0,0,0,0,0,0,0,0,0,0,0,0,0,0,0,0,0,0,0,0,0,0,0,0,0,0,0,0,0,0,0,0,0,0,0,0,0,0,0},
{0,0,0,0,0,0,0,0,0,0,0,0,0,0,0,0,0,0,0,0,0,0,0,0,0,0,0,0,0,0,0,0,0,0,0,0,0,0,0,0,0,0,0,0,0,0,0,0,0,0,0,0,0,0,0,0,0,0,0,0,0,0,0,0,0,0,0,0,0,0,0,0,0,0,0,0,0,0,0,0,0,0,0,0,0,0,0,0,0,0,0,0,0,0,0,0},
{0,0,0,0,0,0,0,0,0,0,0,0,0,0,0,0,0,0,0,0,0,0,0,0,0,0,0,0,0,0,0,0,0,0,0,0,0,0,0,0,0,0,0,0,0,0,0,0,0,0,0,0,0,0,0,0,0,0,0,0,0,0,0,0,0,0,0,0,0,0,0,0,0,0,0,0,0,0,0,0,0,0,0,0,0,0,0,0,0,0,0,0,0,0,0,0},
{0,0,0,0,0,0,0,0,0,0,0,0,0,0,0,0,0,0,0,0,0,0,0,0,0,0,0,0,0,0,0,0,0,0,0,0,0,0,0,0,0,0,0,0,0,0,0,0,0,0,0,0,0,0,0,0,0,0,0,0,0,0,0,0,0,0,0,0,0,0,0,0,0,0,0,0,0,0,0,0,0,0,0,0,0,0,0,0,0,0,0,0,0,0,0,0},
{0,0,0,0,0,0,0,0,0,0,0,0,0,0,0,0,0,0,0,0,0,0,0,0,0,0,0,0,0,0,0,0,0,0,0,0,0,0,0,0,0,0,0,0,0,0,0,0,0,0,0,0,0,0,0,0,0,0,0,0,0,0,0,0,0,0,0,0,0,0,0,0,0,0,0,0,0,0,0,0,0,0,0,0,0,0,0,0,0,0,0,0,0,0,0,0},
{0,0,0,0,0,0,0,0,0,0,0,0,0,0,0,0,0,0,0,0,0,0,0,0,0,0,0,0,0,0,0,0,0,0,0,0,0,0,0,0,0,0,0,0,0,0,0,0,0,0,0,0,0,0,0,0,0,0,0,0,0,0,0,0,0,0,0,0,0,0,0,0,0,0,0,0,0,0,0,0,0,0,0,0,0,0,0,0,0,0,0,0,0,0,0,0},
{0,0,0,0,0,0,0,0,0,0,0,0,0,0,0,0,0,0,0,0,0,0,0,0,0,0,0,0,0,0,0,0,0,0,0,0,0,0,0,0,0,0,0,0,0,0,0,0,0,0,0,0,0,0,0,0,0,0,0,0,0,0,0,0,0,0,0,0,0,0,0,0,0,0,0,0,0,0,0,0,0,0,0,0,0,0,0,0,0,0,0,0,0,0,0,0},
{0,0,0,0,0,0,0,0,0,0,0,0,0,0,0,0,0,0,0,0,0,0,0,0,0,0,0,0,0,0,0,0,0,0,0,0,0,0,0,0,0,0,0,0,0,0,0,0,0,0,0,0,0,0,0,0,0,0,0,0,0,0,0,0,0,0,0,0,0,0,0,0,0,0,0,0,0,0,0,0,0,0,0,0,0,0,0,0,0,0,0,0,0,0,0,0},
{0,0,0,0,0,0,0,0,0,0,0,0,0,0,0,0,0,0,0,0,0,0,0,0,0,0,0,0,0,0,0,0,0,0,0,0,0,0,0,0,0,0,0,0,0,0,0,0,0,0,0,0,0,0,0,0,0,0,0,0,0,0,0,0,0,0,0,0,0,0,0,0,0,0,0,0,0,0,0,0,0,0,0,0,0,0,0,0,0,0,0,0,0,0,0,0},
{0,0,0,0,0,0,0,0,0,0,0,0,0,0,0,0,0,0,0,0,0,0,0,0,0,0,0,0,0,0,0,0,0,0,0,0,0,0,0,0,0,0,0,0,0,0,0,0,0,0,0,0,0,0,0,0,0,0,0,0,0,0,0,0,0,0,0,0,0,0,0,0,0,0,0,0,0,0,0,0,0,0,0,0,0,0,0,0,0,0,0,0,0,0,0,0},
{0,0,0,0,0,0,0,0,0,0,0,0,0,0,0,0,0,0,0,0,0,0,0,0,0,0,0,0,0,0,0,0,0,0,0,0,0,0,0,0,0,0,0,0,0,0,0,0,0,0,0,0,0,0,0,0,0,0,0,0,0,0,0,0,0,0,0,0,0,0,0,0,0,0,0,0,0,0,0,0,0,0,0,0,0,0,0,0,0,0,0,0,0,0,0,0},
{0,0,0,0,0,0,0,0,0,0,0,0,0,0,0,0,0,0,0,0,0,0,0,0,0,0,0,0,0,0,0,0,0,0,0,0,0,0,0,0,0,0,0,0,0,0,0,0,0,0,0,0,0,0,0,0,0,0,0,0,0,0,0,0,0,0,0,0,0,0,0,0,0,0,0,0,0,0,0,0,0,0,0,0,0,0,0,0,0,0,0,0,0,0,0,0},
{0,0,0,0,0,0,0,0,0,0,0,0,0,0,0,0,0,0,0,0,0,0,0,0,0,0,0,0,0,0,0,0,0,0,0,0,0,0,0,0,0,0,0,0,0,0,0,0,0,0,0,0,0,0,0,0,0,0,0,0,0,0,0,0,0,0,0,0,0,0,0,0,0,0,0,0,0,0,0,0,0,0,0,0,0,0,0,0,0,0,0,0,0,0,0,0},
{0,0,0,0,0,0,0,0,0,0,0,0,0,0,0,0,0,0,0,0,0,0,0,0,0,0,0,0,0,0,0,0,0,0,0,0,0,0,0,0,0,0,0,0,0,0,0,0,0,0,0,0,0,0,0,0,0,0,0,0,0,0,0,0,0,0,0,0,0,0,0,0,0,0,0,0,0,0,0,0,0,0,0,0,0,0,0,0,0,0,0,0,0,0,0,0},
{0,0,0,0,0,0,0,0,0,0,0,0,0,0,0,0,0,0,0,0,0,0,0,0,0,0,0,0,0,0,0,0,0,0,0,0,0,0,0,0,0,0,0,0,0,0,0,0,0,0,0,0,0,0,0,0,0,0,0,0,0,0,0,0,0,0,0,0,0,0,0,0,0,0,0,0,0,0,0,0,0,0,0,0,0,0,0,0,0,0,0,0,0,0,0,0},
{0,0,0,0,0,0,0,0,0,0,0,0,0,0,0,0,0,0,0,0,0,0,0,0,0,0,0,0,0,0,0,0,0,0,0,0,0,0,0,0,0,0,0,0,0,0,0,0,0,0,0,0,0,0,0,0,0,0,0,0,0,0,0,0,0,0,0,0,0,0,0,0,0,0,0,0,0,0,0,0,0,0,0,0,0,0,0,0,0,0,0,0,0,0,0,0},
{0,0,0,0,0,0,0,0,0,0,0,0,0,0,0,0,0,0,0,0,0,0,0,0,0,0,0,0,0,0,0,0,0,0,0,0,0,0,0,0,0,0,0,0,0,0,0,0,0,0,0,0,0,0,0,0,0,0,0,0,0,0,0,0,0,0,0,0,0,0,0,0,0,0,0,0,0,0,0,0,0,0,0,0,0,0,0,0,0,0,0,0,0,0,0,0},
{0,0,0,0,0,0,0,0,0,0,0,0,0,0,0,0,0,0,0,0,0,0,0,0,0,0,0,0,0,0,0,0,0,0,0,0,0,0,0,0,0,0,0,0,0,0,0,0,0,0,0,0,0,0,0,0,0,0,0,0,0,0,0,0,0,0,0,0,0,0,0,0,0,0,0,0,0,0,0,0,0,0,0,0,0,0,0,0,0,0,0,0,0,0,0,0},
{0,0,0,0,0,0,0,0,0,0,0,0,0,0,0,0,0,0,0,0,0,0,0,0,0,0,0,0,0,0,0,0,0,0,0,0,0,0,0,0,0,0,0,0,0,0,0,0,0,0,0,0,0,0,0,0,0,0,0,0,0,0,0,0,0,0,0,0,0,0,0,0,0,0,0,0,0,0,0,0,0,0,0,0,0,0,0,0,0,0,0,0,0,0,0,0},
{0,0,0,0,0,0,0,0,0,0,0,0,0,0,0,0,0,0,0,0,0,0,0,0,0,0,0,0,0,0,0,0,0,0,0,0,0,0,0,0,0,0,0,0,0,0,0,0,0,0,0,0,0,0,0,0,0,0,0,0,0,0,0,0,0,0,0,0,0,0,0,0,0,0,0,0,0,0,0,0,0,0,0,0,0,0,0,0,0,0,0,0,0,0,0,0},
{0,0,0,0,0,0,0,0,0,0,0,0,0,0,0,0,0,0,0,0,0,0,0,0,0,0,0,0,0,0,0,0,0,0,0,0,0,0,0,0,0,0,0,0,0,0,0,0,0,0,0,0,0,0,0,0,0,0,0,0,0,0,0,0,0,0,0,0,0,0,0,0,0,0,0,0,0,0,0,0,0,0,0,0,0,0,0,0,0,0,0,0,0,0,0,0},
{0,0,0,0,0,0,0,0,0,0,0,0,0,0,0,0,0,0,0,0,0,0,0,0,0,0,0,0,0,0,0,0,0,0,0,0,0,0,0,0,0,0,0,0,0,0,0,0,0,0,0,0,0,0,0,0,0,0,0,0,0,0,0,0,0,0,0,0,0,0,0,0,0,0,0,0,0,0,0,0,0,0,0,0,0,0,0,0,0,0,0,0,0,0,0,0},
{0,0,0,0,0,0,0,0,0,0,0,0,0,0,0,0,0,0,0,0,0,0,0,0,0,0,0,0,0,0,0,0,0,0,0,0,0,0,0,0,0,0,0,0,0,0,0,0,0,0,0,0,0,0,0,0,0,0,0,0,0,0,0,0,0,0,0,0,0,0,0,0,0,0,0,0,0,0,0,0,0,0,0,0,0,0,0,0,0,0,0,0,0,0,0,0},
{0,0,0,0,0,0,0,0,0,0,0,0,0,0,0,0,0,0,0,0,0,0,0,0,0,0,0,0,0,0,0,0,0,0,0,0,0,0,0,0,0,0,0,0,0,0,0,0,0,0,0,0,0,0,0,0,0,0,0,0,0,0,0,0,0,0,0,0,0,0,0,0,0,0,0,0,0,0,0,0,0,0,0,0,0,0,0,0,0,0,0,0,0,0,0,0},
{0,0,0,0,0,0,0,0,0,0,0,0,0,0,0,0,0,0,0,0,0,0,0,0,0,0,0,0,0,0,0,0,0,0,0,0,0,0,0,0,0,0,0,0,0,0,0,0,0,0,0,0,0,0,0,0,0,0,0,0,0,0,0,0,0,0,0,0,0,0,0,0,0,0,0,0,0,0,0,0,0,0,0,0,0,0,0,0,0,0,0,0,0,0,0,0},
{0,0,0,0,0,0,0,0,0,0,0,0,0,0,0,0,0,0,0,0,0,0,0,0,0,0,0,0,0,0,0,0,0,0,0,0,0,0,0,0,0,0,0,0,0,0,0,0,0,0,0,0,0,0,0,0,0,0,0,0,0,0,0,0,0,0,0,0,0,0,0,0,0,0,0,0,0,0,0,0,0,0,0,0,0,0,0,0,0,0,0,0,0,0,0,0},
{0,0,0,0,0,0,0,0,0,0,0,0,0,0,0,0,0,0,0,0,0,0,0,0,0,0,0,0,0,0,0,0,0,0,0,0,0,0,0,0,0,0,0,0,0,0,0,0,0,0,0,0,0,0,0,0,0,0,0,0,0,0,0,0,0,0,0,0,0,0,0,0,0,0,0,0,0,0,0,0,0,0,0,0,0,0,0,0,0,0,0,0,0,0,0,0},
{0,0,0,0,0,0,0,0,0,0,0,0,0,0,0,0,0,0,0,0,0,0,0,0,0,0,0,0,0,0,0,0,0,0,0,0,0,0,0,0,0,0,0,0,0,0,0,0,0,0,0,0,0,0,0,0,0,0,0,0,0,0,0,0,0,0,0,0,0,0,0,0,0,0,0,0,0,0,0,0,0,0,0,0,0,0,0,0,0,0,0,0,0,0,0,0},
{0,0,0,0,0,0,0,0,0,0,0,0,0,0,0,0,0,0,0,0,0,0,0,0,0,0,0,0,0,0,0,0,0,0,0,0,0,0,0,0,0,0,0,0,0,0,0,0,0,0,0,0,0,0,0,0,0,0,0,0,0,0,0,0,0,0,0,0,0,0,0,0,0,0,0,0,0,0,0,0,0,0,0,0,0,0,0,0,0,0,0,0,0,0,0,0},
{0,0,0,0,0,0,0,0,0,0,0,0,0,0,0,0,0,0,0,0,0,0,0,0,0,0,0,0,0,0,0,0,0,0,0,0,0,0,0,0,0,0,0,0,0,0,0,0,0,0,0,0,0,0,0,0,0,0,0,0,0,0,0,0,0,0,0,0,0,0,0,0,0,0,0,0,0,0,0,0,0,0,0,0,0,0,0,0,0,0,0,0,0,0,0,0},
{0,0,0,0,0,0,0,0,0,0,0,0,0,0,0,0,0,0,0,0,0,0,0,0,0,0,0,0,0,0,0,0,0,0,0,0,0,0,0,0,0,0,0,0,0,0,0,0,0,0,0,0,0,0,0,0,0,0,0,0,0,0,0,0,0,0,0,0,0,0,0,0,0,0,0,0,0,0,0,0,0,0,0,0,0,0,0,0,0,0,0,0,0,0,0,0},
{0,0,0,0,0.0037170265*J1^1*J2^3+0,-0.0022545332*J1^2*J2^2+-0.0011091821*J1^1*J2^3+-0.0022545332*J2^4+0,-0.0010730131*J1^2*J2^2+-0.0010730131*J2^4+0,0.0003201933*J1^2*J2^2+0.0026033107*J1^1*J2^3+0.0003201933*J2^4+0,0,0,0,0,0,0,0,0,0,0,0,0,0,0,0,0,0,0,0,0,0,0,0,0,0,0,0,0,0,0,0,0,0,0,0,0,0,0,0,0,0,0,0,0,0,0,0,0,0,0,0,0,0,0,0,0,0,0,0,0,0,0,0,0,0,0,0,0,0,0,0,0,0,0,0,0,0,0,0,0,0,0,0,0,0,0,0,0},
{0,0,0,0,0,0,0,0,0,0,0,0,-0.0021460262*J1^1*J2^3+0,0.0013016553*J1^2*J2^2+0.0006403866*J1^1*J2^3+0.0013016553*J2^4+0,0.0006195044*J1^2*J2^2+0.0006195044*J2^4+0,-0.0001848637*J1^2*J2^2+-0.0015030221*J1^1*J2^3+-0.0001848637*J2^4+0,0,0,0,0,0.0030349394*J1^1*J2^3+0,-0.0018408186*J1^2*J2^2+-0.0009056434*J1^1*J2^3+-0.0018408186*J2^4+0,-0.0008761115*J1^2*J2^2+-0.0008761115*J2^4+0,0.0002614367*J1^2*J2^2+0.0021255943*J1^1*J2^3+0.0002614367*J2^4+0,0,0,0,0,0,0,0,0,0,0,0,0,0,0,0,0,0,0,0,0,0,0,0,0,0,0,0,0,0,0,0,0,0,0,0,0,0,0,0,0,0,0,0,0,0,0,0,0,0,0,0,0,0,0,0,0,0,0,0,0,0,0,0,0,0,0,0,0,0,0,0,0},
{0,0,0,0,-0.0003255208*J1^2*J2^2+0.0011091821*J1^1*J2^3+-0.0003255208*J2^4+0,0.0014895949*J1^2*J2^2+-0.0012390088*J1^1*J2^3+0.0014895949*J2^4+0,-0.0003201933*J1^2*J2^2+0.0003758791*J1^1*J2^3+-0.0003201933*J2^4+0,0.0003576710*J1^2*J2^2+-0.0017200360*J1^1*J2^3+0.0003576710*J2^4+0,0,0,0,0,0,0,0,0,0,0,0,0,0,0,0,0,0,0,0,0,0,0,0,0,0,0,0,0,0,0,0,0,0,0,0,0,0,0,0,0,0,0,0,0,0,0,0,0,0,0,0,0,0,0,0,0,0,0,0,0,0,0,0,0,0,0,0,0,0,0,0,0,0,0,0,0,0,0,0,0,0,0,0,0,0,0,0,0},
{0,0,0,0,0,0,0,0,0,0,0,0,0.0001879395*J1^2*J2^2+-0.0006403866*J1^1*J2^3+0.0001879395*J2^4+0,-0.0008600180*J1^2*J2^2+0.0007153421*J1^1*J2^3+-0.0008600180*J2^4+0,0.0001848637*J1^2*J2^2+-0.0002170139*J1^1*J2^3+0.0001848637*J2^4+0,-0.0002065015*J1^2*J2^2+0.0009930633*J1^1*J2^3+-0.0002065015*J2^4+0,0,0,0,0,-0.0002657866*J1^2*J2^2+0.0009056434*J1^1*J2^3+-0.0002657866*J2^4+0,0.0012162491*J1^2*J2^2+-0.0010116465*J1^1*J2^3+0.0012162491*J2^4+0,-0.0002614367*J1^2*J2^2+0.0003069040*J1^1*J2^3+-0.0002614367*J2^4+0,0.0002920372*J1^2*J2^2+-0.0014044035*J1^1*J2^3+0.0002920372*J2^4+0,0,0,0,0,0,0,0,0,0,0,0,0,0,0,0,0,0,0,0,0,0,0,0,0,0,0,0,0,0,0,0,0,0,0,0,0,0,0,0,0,0,0,0,0,0,0,0,0,0,0,0,0,0,0,0,0,0,0,0,0,0,0,0,0,0,0,0,0,0,0,0,0},
{0,0,0,0,-0.0010730131*J1^2*J2^2+-0.0010730131*J2^4+0,0.0003201933*J1^2*J2^2+0.0026033107*J1^1*J2^3+0.0003201933*J2^4+0,-0.0012390088*J1^2*J2^2+0.0037170265*J1^1*J2^3+-0.0012390088*J2^4+0,-0.0018848058*J1^2*J2^2+0.0018968621*J1^1*J2^3+-0.0018848058*J2^4+0,0,0,0,0,0,0,0,0,0,0,0,0,0,0,0,0,0,0,0,0,0,0,0,0,0,0,0,0,0,0,0,0,0,0,0,0,0,0,0,0,0,0,0,0,0,0,0,0,0,0,0,0,0,0,0,0,0,0,0,0,0,0,0,0,0,0,0,0,0,0,0,0,0,0,0,0,0,0,0,0,0,0,0,0,0,0,0,0},
{0,0,0,0,0,0,0,0,0,0,0,0,0.0006195044*J1^2*J2^2+0.0006195044*J2^4+0,-0.0001848637*J1^2*J2^2+-0.0015030221*J1^1*J2^3+-0.0001848637*J2^4+0,0.0007153421*J1^2*J2^2+-0.0021460262*J1^1*J2^3+0.0007153421*J2^4+0,0.0010881931*J1^2*J2^2+-0.0010951539*J1^1*J2^3+0.0010881931*J2^4+0,0,0,0,0,-0.0008761115*J1^2*J2^2+-0.0008761115*J2^4+0,0.0002614367*J1^2*J2^2+0.0021255943*J1^1*J2^3+0.0002614367*J2^4+0,-0.0010116465*J1^2*J2^2+0.0030349394*J1^1*J2^3+-0.0010116465*J2^4+0,-0.0015389375*J1^2*J2^2+0.0015487815*J1^1*J2^3+-0.0015389375*J2^4+0,0,0,0,0,0,0,0,0,0,0,0,0,0,0,0,0,0,0,0,0,0,0,0,0,0,0,0,0,0,0,0,0,0,0,0,0,0,0,0,0,0,0,0,0,0,0,0,0,0,0,0,0,0,0,0,0,0,0,0,0,0,0,0,0,0,0,0,0,0,0,0,0},
{0,0,0,0,-0.0003201933*J1^2*J2^2+0.0003758791*J1^1*J2^3+-0.0003201933*J2^4+0,0.0003576710*J1^2*J2^2+-0.0017200360*J1^1*J2^3+0.0003576710*J2^4+0,-0.0006952482*J1^2*J2^2+0.0015432099*J1^1*J2^3+-0.0006952482*J2^4+0,0.0019025978*J1^2*J2^2+-0.0032251353*J1^1*J2^3+0.0019025978*J2^4+0,0,0,0,0,0,0,0,0,0,0,0,0,0,0,0,0,0,0,0,0,0,0,0,0,0,0,0,0,0,0,0,0,0,0,0,0,0,0,0,0,0,0,0,0,0,0,0,0,0,0,0,0,0,0,0,0,0,0,0,0,0,0,0,0,0,0,0,0,0,0,0,0,0,0,0,0,0,0,0,0,0,0,0,0,0,0,0,0},
{0,0,0,0,0,0,0,0,0,0,0,0,0.0001848637*J1^2*J2^2+-0.0002170139*J1^1*J2^3+0.0001848637*J2^4+0,-0.0002065015*J1^2*J2^2+0.0009930633*J1^1*J2^3+-0.0002065015*J2^4+0,0.0004014017*J1^2*J2^2+-0.0008909726*J1^1*J2^3+0.0004014017*J2^4+0,-0.0010984654*J1^2*J2^2+0.0018620328*J1^1*J2^3+-0.0010984654*J2^4+0,0,0,0,0,-0.0002614367*J1^2*J2^2+0.0003069040*J1^1*J2^3+-0.0002614367*J2^4+0,0.0002920372*J1^2*J2^2+-0.0014044035*J1^1*J2^3+0.0002920372*J2^4+0,-0.0005676678*J1^2*J2^2+0.0012600256*J1^1*J2^3+-0.0005676678*J2^4+0,0.0015534646*J1^2*J2^2+-0.0026333120*J1^1*J2^3+0.0015534646*J2^4+0,0,0,0,0,0,0,0,0,0,0,0,0,0,0,0,0,0,0,0,0,0,0,0,0,0,0,0,0,0,0,0,0,0,0,0,0,0,0,0,0,0,0,0,0,0,0,0,0,0,0,0,0,0,0,0,0,0,0,0,0,0,0,0,0,0,0,0,0,0,0,0,0},
{-0.0064380787*J1^1*J2^3+0,0.0039049660*J1^2*J2^2+0.0019211597*J1^1*J2^3+0.0039049660*J2^4+0,0.0018585132*J1^2*J2^2+0.0018585132*J2^4+0,-0.0005545910*J1^2*J2^2+-0.0045090664*J1^1*J2^3+-0.0005545910*J2^4+0,0,0,0,0,0,0,0,0,0,0,0,0,0,0,0,0,0,0,0,0,0,0,0,0,0,0,0,0,0,0,0,0,0,0,0,0,0,0,0,0,0,0,0,0,0,0,0,0,0,0,0,0,0,0,0,0,0,0,0,0,0,0,0,0,0,0,0,0,0,0,0,0,0,0,0,0,0,0,0,0,0,0,0,0,0,0,0,0,0,0,0,0},
{0,0,0,0,0,0,0,0,0.0037170265*J1^1*J2^3+0,-0.0022545332*J1^2*J2^2+-0.0011091821*J1^1*J2^3+-0.0022545332*J2^4+0,-0.0010730131*J1^2*J2^2+-0.0010730131*J2^4+0,0.0003201933*J1^2*J2^2+0.0026033107*J1^1*J2^3+0.0003201933*J2^4+0,0,0,0,0,-0.0052566692*J1^1*J2^3+0,0.0031883914*J1^2*J2^2+0.0015686204*J1^1*J2^3+0.0031883914*J2^4+0,0.0015174697*J1^2*J2^2+0.0015174697*J2^4+0,-0.0004528217*J1^2*J2^2+-0.0036816373*J1^1*J2^3+-0.0004528217*J2^4+0,0,0,0,0,0,0,0,0,0,0,0,0,0,0,0,0,0,0,0,0,0,0,0,0,0,0,0,0,0,0,0,0,0,0,0,0,0,0,0,0,0,0,0,0,0,0,0,0,0,0,0,0,0,0,0,0,0,0,0,0,0,0,0,0,0,0,0,0,0,0,0,0,0,0,0,0},
{0.0005638186*J1^2*J2^2+-0.0019211597*J1^1*J2^3+0.0005638186*J2^4+0,-0.0025800540*J1^2*J2^2+0.0021460262*J1^1*J2^3+-0.0025800540*J2^4+0,0.0005545910*J1^2*J2^2+-0.0006510417*J1^1*J2^3+0.0005545910*J2^4+0,-0.0006195044*J1^2*J2^2+0.0029791898*J1^1*J2^3+-0.0006195044*J2^4+0,0,0,0,0,0,0,0,0,0,0,0,0,0,0,0,0,0,0,0,0,0,0,0,0,0,0,0,0,0,0,0,0,0,0,0,0,0,0,0,0,0,0,0,0,0,0,0,0,0,0,0,0,0,0,0,0,0,0,0,0,0,0,0,0,0,0,0,0,0,0,0,0,0,0,0,0,0,0,0,0,0,0,0,0,0,0,0,0,0,0,0,0},
{0,0,0,0,0,0,0,0,-0.0003255208*J1^2*J2^2+0.0011091821*J1^1*J2^3+-0.0003255208*J2^4+0,0.0014895949*J1^2*J2^2+-0.0012390088*J1^1*J2^3+0.0014895949*J2^4+0,-0.0003201933*J1^2*J2^2+0.0003758791*J1^1*J2^3+-0.0003201933*J2^4+0,0.0003576710*J1^2*J2^2+-0.0017200360*J1^1*J2^3+0.0003576710*J2^4+0,0,0,0,0,0.0004603560*J1^2*J2^2+-0.0015686204*J1^1*J2^3+0.0004603560*J2^4+0,-0.0021066053*J1^2*J2^2+0.0017522231*J1^1*J2^3+-0.0021066053*J2^4+0,0.0004528217*J1^2*J2^2+-0.0005315733*J1^1*J2^3+0.0004528217*J2^4+0,-0.0005058232*J1^2*J2^2+0.0024324983*J1^1*J2^3+-0.0005058232*J2^4+0,0,0,0,0,0,0,0,0,0,0,0,0,0,0,0,0,0,0,0,0,0,0,0,0,0,0,0,0,0,0,0,0,0,0,0,0,0,0,0,0,0,0,0,0,0,0,0,0,0,0,0,0,0,0,0,0,0,0,0,0,0,0,0,0,0,0,0,0,0,0,0,0,0,0,0,0},
{0.0018585132*J1^2*J2^2+0.0018585132*J2^4+0,-0.0005545910*J1^2*J2^2+-0.0045090664*J1^1*J2^3+-0.0005545910*J2^4+0,0.0021460262*J1^2*J2^2+-0.0064380787*J1^1*J2^3+0.0021460262*J2^4+0,0.0032645794*J1^2*J2^2+-0.0032854616*J1^1*J2^3+0.0032645794*J2^4+0,0,0,0,0,0,0,0,0,0,0,0,0,0,0,0,0,0,0,0,0,0,0,0,0,0,0,0,0,0,0,0,0,0,0,0,0,0,0,0,0,0,0,0,0,0,0,0,0,0,0,0,0,0,0,0,0,0,0,0,0,0,0,0,0,0,0,0,0,0,0,0,0,0,0,0,0,0,0,0,0,0,0,0,0,0,0,0,0,0,0,0,0},
{0,0,0,0,0,0,0,0,-0.0010730131*J1^2*J2^2+-0.0010730131*J2^4+0,0.0003201933*J1^2*J2^2+0.0026033107*J1^1*J2^3+0.0003201933*J2^4+0,-0.0012390088*J1^2*J2^2+0.0037170265*J1^1*J2^3+-0.0012390088*J2^4+0,-0.0018848058*J1^2*J2^2+0.0018968621*J1^1*J2^3+-0.0018848058*J2^4+0,0,0,0,0,0.0015174697*J1^2*J2^2+0.0015174697*J2^4+0,-0.0004528217*J1^2*J2^2+-0.0036816373*J1^1*J2^3+-0.0004528217*J2^4+0,0.0017522231*J1^2*J2^2+-0.0052566692*J1^1*J2^3+0.0017522231*J2^4+0,0.0026655179*J1^2*J2^2+-0.0026825682*J1^1*J2^3+0.0026655179*J2^4+0,0,0,0,0,0,0,0,0,0,0,0,0,0,0,0,0,0,0,0,0,0,0,0,0,0,0,0,0,0,0,0,0,0,0,0,0,0,0,0,0,0,0,0,0,0,0,0,0,0,0,0,0,0,0,0,0,0,0,0,0,0,0,0,0,0,0,0,0,0,0,0,0,0,0,0,0},
{0.0005545910*J1^2*J2^2+-0.0006510417*J1^1*J2^3+0.0005545910*J2^4+0,-0.0006195044*J1^2*J2^2+0.0029791898*J1^1*J2^3+-0.0006195044*J2^4+0,0.0012042052*J1^2*J2^2+-0.0026729179*J1^1*J2^3+0.0012042052*J2^4+0,-0.0032953961*J1^2*J2^2+0.0055860983*J1^1*J2^3+-0.0032953961*J2^4+0,0,0,0,0,0,0,0,0,0,0,0,0,0,0,0,0,0,0,0,0,0,0,0,0,0,0,0,0,0,0,0,0,0,0,0,0,0,0,0,0,0,0,0,0,0,0,0,0,0,0,0,0,0,0,0,0,0,0,0,0,0,0,0,0,0,0,0,0,0,0,0,0,0,0,0,0,0,0,0,0,0,0,0,0,0,0,0,0,0,0,0,0},
{0,0,0,0,0,0,0,0,-0.0003201933*J1^2*J2^2+0.0003758791*J1^1*J2^3+-0.0003201933*J2^4+0,0.0003576710*J1^2*J2^2+-0.0017200360*J1^1*J2^3+0.0003576710*J2^4+0,-0.0006952482*J1^2*J2^2+0.0015432099*J1^1*J2^3+-0.0006952482*J2^4+0,0.0019025978*J1^2*J2^2+-0.0032251353*J1^1*J2^3+0.0019025978*J2^4+0,0,0,0,0,0.0004528217*J1^2*J2^2+-0.0005315733*J1^1*J2^3+0.0004528217*J2^4+0,-0.0005058232*J1^2*J2^2+0.0024324983*J1^1*J2^3+-0.0005058232*J2^4+0,0.0009832294*J1^2*J2^2+-0.0021824283*J1^1*J2^3+0.0009832294*J2^4+0,-0.0026906796*J1^2*J2^2+0.0045610301*J1^1*J2^3+-0.0026906796*J2^4+0,0,0,0,0,0,0,0,0,0,0,0,0,0,0,0,0,0,0,0,0,0,0,0,0,0,0,0,0,0,0,0,0,0,0,0,0,0,0,0,0,0,0,0,0,0,0,0,0,0,0,0,0,0,0,0,0,0,0,0,0,0,0,0,0,0,0,0,0,0,0,0,0,0,0,0,0},
{0,0,0,0,-0.0052566692*J1^1*J2^3+0,0.0031883914*J1^2*J2^2+0.0015686204*J1^1*J2^3+0.0031883914*J2^4+0,0.0015174697*J1^2*J2^2+0.0015174697*J2^4+0,-0.0004528217*J1^2*J2^2+-0.0036816373*J1^1*J2^3+-0.0004528217*J2^4+0,0,0,0,0,0,0,0,0,0,0,0,0,0,0,0,0,0,0,0,0,0,0,0,0,0,0,0,0,0,0,0,0,0,0,0,0,0,0,0,0,0,0,0,0,0,0,0,0,0,0,0,0,0,0,0,0,0,0,0,0,0,0,0,0,0,0,0,0,0,0,0,0,0,0,0,0,0,0,0,0,0,0,0,0,0,0,0,0},
{0,0,0,0,0,0,0,0,0,0,0,0,0.0030349394*J1^1*J2^3+0,-0.0018408186*J1^2*J2^2+-0.0009056434*J1^1*J2^3+-0.0018408186*J2^4+0,-0.0008761115*J1^2*J2^2+-0.0008761115*J2^4+0,0.0002614367*J1^2*J2^2+0.0021255943*J1^1*J2^3+0.0002614367*J2^4+0,0,0,0,0,-0.0042920525*J1^1*J2^3+0,0.0026033107*J1^2*J2^2+0.0012807732*J1^1*J2^3+0.0026033107*J2^4+0,0.0012390088*J1^2*J2^2+0.0012390088*J2^4+0,-0.0003697274*J1^2*J2^2+-0.0030060442*J1^1*J2^3+-0.0003697274*J2^4+0,0,0,0,0,0,0,0,0,0,0,0,0,0,0,0,0,0,0,0,0,0,0,0,0,0,0,0,0,0,0,0,0,0,0,0,0,0,0,0,0,0,0,0,0,0,0,0,0,0,0,0,0,0,0,0,0,0,0,0,0,0,0,0,0,0,0,0,0,0,0,0,0},
{0,0,0,0,0.0004603560*J1^2*J2^2+-0.0015686204*J1^1*J2^3+0.0004603560*J2^4+0,-0.0021066053*J1^2*J2^2+0.0017522231*J1^1*J2^3+-0.0021066053*J2^4+0,0.0004528217*J1^2*J2^2+-0.0005315733*J1^1*J2^3+0.0004528217*J2^4+0,-0.0005058232*J1^2*J2^2+0.0024324983*J1^1*J2^3+-0.0005058232*J2^4+0,0,0,0,0,0,0,0,0,0,0,0,0,0,0,0,0,0,0,0,0,0,0,0,0,0,0,0,0,0,0,0,0,0,0,0,0,0,0,0,0,0,0,0,0,0,0,0,0,0,0,0,0,0,0,0,0,0,0,0,0,0,0,0,0,0,0,0,0,0,0,0,0,0,0,0,0,0,0,0,0,0,0,0,0,0,0,0,0},
{0,0,0,0,0,0,0,0,0,0,0,0,-0.0002657866*J1^2*J2^2+0.0009056434*J1^1*J2^3+-0.0002657866*J2^4+0,0.0012162491*J1^2*J2^2+-0.0010116465*J1^1*J2^3+0.0012162491*J2^4+0,-0.0002614367*J1^2*J2^2+0.0003069040*J1^1*J2^3+-0.0002614367*J2^4+0,0.0002920372*J1^2*J2^2+-0.0014044035*J1^1*J2^3+0.0002920372*J2^4+0,0,0,0,0,0.0003758791*J1^2*J2^2+-0.0012807732*J1^1*J2^3+0.0003758791*J2^4+0,-0.0017200360*J1^2*J2^2+0.0014306842*J1^1*J2^3+-0.0017200360*J2^4+0,0.0003697274*J1^2*J2^2+-0.0004340278*J1^1*J2^3+0.0003697274*J2^4+0,-0.0004130029*J1^2*J2^2+0.0019861265*J1^1*J2^3+-0.0004130029*J2^4+0,0,0,0,0,0,0,0,0,0,0,0,0,0,0,0,0,0,0,0,0,0,0,0,0,0,0,0,0,0,0,0,0,0,0,0,0,0,0,0,0,0,0,0,0,0,0,0,0,0,0,0,0,0,0,0,0,0,0,0,0,0,0,0,0,0,0,0,0,0,0,0,0},
{0,0,0,0,0.0015174697*J1^2*J2^2+0.0015174697*J2^4+0,-0.0004528217*J1^2*J2^2+-0.0036816373*J1^1*J2^3+-0.0004528217*J2^4+0,0.0017522231*J1^2*J2^2+-0.0052566692*J1^1*J2^3+0.0017522231*J2^4+0,0.0026655179*J1^2*J2^2+-0.0026825682*J1^1*J2^3+0.0026655179*J2^4+0,0,0,0,0,0,0,0,0,0,0,0,0,0,0,0,0,0,0,0,0,0,0,0,0,0,0,0,0,0,0,0,0,0,0,0,0,0,0,0,0,0,0,0,0,0,0,0,0,0,0,0,0,0,0,0,0,0,0,0,0,0,0,0,0,0,0,0,0,0,0,0,0,0,0,0,0,0,0,0,0,0,0,0,0,0,0,0,0},
{0,0,0,0,0,0,0,0,0,0,0,0,-0.0008761115*J1^2*J2^2+-0.0008761115*J2^4+0,0.0002614367*J1^2*J2^2+0.0021255943*J1^1*J2^3+0.0002614367*J2^4+0,-0.0010116465*J1^2*J2^2+0.0030349394*J1^1*J2^3+-0.0010116465*J2^4+0,-0.0015389375*J1^2*J2^2+0.0015487815*J1^1*J2^3+-0.0015389375*J2^4+0,0,0,0,0,0.0012390088*J1^2*J2^2+0.0012390088*J2^4+0,-0.0003697274*J1^2*J2^2+-0.0030060442*J1^1*J2^3+-0.0003697274*J2^4+0,0.0014306842*J1^2*J2^2+-0.0042920525*J1^1*J2^3+0.0014306842*J2^4+0,0.0021763863*J1^2*J2^2+-0.0021903077*J1^1*J2^3+0.0021763863*J2^4+0,0,0,0,0,0,0,0,0,0,0,0,0,0,0,0,0,0,0,0,0,0,0,0,0,0,0,0,0,0,0,0,0,0,0,0,0,0,0,0,0,0,0,0,0,0,0,0,0,0,0,0,0,0,0,0,0,0,0,0,0,0,0,0,0,0,0,0,0,0,0,0,0},
{0,0,0,0,0.0004528217*J1^2*J2^2+-0.0005315733*J1^1*J2^3+0.0004528217*J2^4+0,-0.0005058232*J1^2*J2^2+0.0024324983*J1^1*J2^3+-0.0005058232*J2^4+0,0.0009832294*J1^2*J2^2+-0.0021824283*J1^1*J2^3+0.0009832294*J2^4+0,-0.0026906796*J1^2*J2^2+0.0045610301*J1^1*J2^3+-0.0026906796*J2^4+0,0,0,0,0,0,0,0,0,0,0,0,0,0,0,0,0,0,0,0,0,0,0,0,0,0,0,0,0,0,0,0,0,0,0,0,0,0,0,0,0,0,0,0,0,0,0,0,0,0,0,0,0,0,0,0,0,0,0,0,0,0,0,0,0,0,0,0,0,0,0,0,0,0,0,0,0,0,0,0,0,0,0,0,0,0,0,0,0},
{0,0,0,0,0,0,0,0,0,0,0,0,-0.0002614367*J1^2*J2^2+0.0003069040*J1^1*J2^3+-0.0002614367*J2^4+0,0.0002920372*J1^2*J2^2+-0.0014044035*J1^1*J2^3+0.0002920372*J2^4+0,-0.0005676678*J1^2*J2^2+0.0012600256*J1^1*J2^3+-0.0005676678*J2^4+0,0.0015534646*J1^2*J2^2+-0.0026333120*J1^1*J2^3+0.0015534646*J2^4+0,0,0,0,0,0.0003697274*J1^2*J2^2+-0.0004340278*J1^1*J2^3+0.0003697274*J2^4+0,-0.0004130029*J1^2*J2^2+0.0019861265*J1^1*J2^3+-0.0004130029*J2^4+0,0.0008028035*J1^2*J2^2+-0.0017819453*J1^1*J2^3+0.0008028035*J2^4+0,-0.0021969307*J1^2*J2^2+0.0037240655*J1^1*J2^3+-0.0021969307*J2^4+0,0,0,0,0,0,0,0,0,0,0,0,0,0,0,0,0,0,0,0,0,0,0,0,0,0,0,0,0,0,0,0,0,0,0,0,0,0,0,0,0,0,0,0,0,0,0,0,0,0,0,0,0,0,0,0,0,0,0,0,0,0,0,0,0,0,0,0,0,0,0,0,0}
}