96
{{0,0,0,0,0,0,0,0,0,0,0,0,0,0,0,0,0,0,0,0,0,0,0,0,0,0,0,0,0,0,0,0,0,0,0,0,0,0,0,0,0,0,0,0,0,0,0,0,0,0,0,0,0,0,0,0,0,0,0,0,0,0,0,0,0,0,0,0,0,0,0,0,0,0,0,0,-0.0028190931*J1^2*J2^2+0,-0.0016276042*J2^4+0,-0.0016276042*J2^4+0,-0.0028190931*J1^2*J2^2+0.0018793954*J2^4+0,0,0,0,0,0,0,0,0,0,0,0,0,0,0,0,0},
{0,0,0,0,0,0,0,0,0,0,0,0,0,0,0,0,0,0,0,0,0,0,0,0,0,0,0,0,0,0,0,0,0,0,0,0,0,0,0,0,0,0,0,0,0,0,0,0,0,0,0,0,0,0,0,0,0,0,0,0,0,0,0,0,0,0,0,0,0,0,0,0,0,0,0,0,-0.0016276042*J2^4+0,0.0009396977*J1^2*J2^2+-0.0018793954*J2^4+0,0.0009396977*J1^2*J2^2+-0.0018793954*J2^4+0,-0.0010850694*J1^2*J2^2+0.0005425347*J2^4+0,0,0,0,0,0,0,0,0,0,0,0,0,0,0,0,0},
{0,0,0,0,0,0,0,0,0,0,0,0,0,0,0,0,0,0,0,0,0,0,0,0,0,0,0,0,0,0,0,0,0,0,0,0,0,0,0,0,0,0,0,0,0,0,0,0,0,0,0,0,0,0,0,0,0,0,0,0,0,0,0,0,0,0,0,0,0,0,0,0,-0.0028190931*J1^2*J2^2+0,-0.0016276042*J2^4+0,-0.0016276042*J2^4+0,-0.0028190931*J1^2*J2^2+0.0018793954*J2^4+0,-0.0032552083*J1^2*J2^2+0,-0.0018793954*J2^4+0,-0.0018793954*J2^4+0,-0.0032552083*J1^2*J2^2+0.0021701389*J2^4+0,0,0,0,0,0,0,0,0,0,0,0,0,0,0,0,0},
{0,0,0,0,0,0,0,0,0,0,0,0,0,0,0,0,0,0,0,0,0,0,0,0,0,0,0,0,0,0,0,0,0,0,0,0,0,0,0,0,0,0,0,0,0,0,0,0,0,0,0,0,0,0,0,0,0,0,0,0,0,0,0,0,0,0,0,0,0,0,0,0,-0.0016276042*J2^4+0,0.0009396977*J1^2*J2^2+-0.0018793954*J2^4+0,0.0009396977*J1^2*J2^2+-0.0018793954*J2^4+0,-0.0010850694*J1^2*J2^2+0.0005425347*J2^4+0,-0.0018793954*J2^4+0,0.0010850694*J1^2*J2^2+-0.0021701389*J2^4+0,0.0010850694*J1^2*J2^2+-0.0021701389*J2^4+0,-0.0012529303*J1^2*J2^2+0.0006264651*J2^4+0,0,0,0,0,0,0,0,0,0,0,0,0,0,0,0,0},
{0,0,0,0,0,0,0,0,0,0,0,0,0,0,0,0,0,0,0,0,0,0,0,0,0,0,0,0,0,0,0,0,0,0,0,0,0,0,0,0,0,0,0,0,0,0,0,0,0,0,0,0,0,0,0,0,0,0,0,0,0,0,0,0,0,0,0,0,0,0,0,0,0,0,0,0,0,0,0,0,0,0,0,0,0.0016276042*J1^2*J2^2+0,0.0009396977*J2^4+0,0.0009396977*J2^4+0,0.0016276042*J1^2*J2^2+-0.0010850694*J2^4+0,0,0,0,0,-0.0023017799*J1^2*J2^2+0,-0.0013289332*J2^4+0,-0.0013289332*J2^4+0,-0.0023017799*J1^2*J2^2+0.0015345199*J2^4+0},
{0,0,0,0,0,0,0,0,0,0,0,0,0,0,0,0,0,0,0,0,0,0,0,0,0,0,0,0,0,0,0,0,0,0,0,0,0,0,0,0,0,0,0,0,0,0,0,0,0,0,0,0,0,0,0,0,0,0,0,0,0,0,0,0,0,0,0,0,0,0,0,0,0,0,0,0,0,0,0,0,0,0,0,0,0.0009396977*J2^4+0,-0.0005425347*J1^2*J2^2+0.0010850694*J2^4+0,-0.0005425347*J1^2*J2^2+0.0010850694*J2^4+0,0.0006264651*J1^2*J2^2+-0.0003132326*J2^4+0,0,0,0,0,-0.0013289332*J2^4+0,0.0007672600*J1^2*J2^2+-0.0015345199*J2^4+0,0.0007672600*J1^2*J2^2+-0.0015345199*J2^4+0,-0.0008859555*J1^2*J2^2+0.0004429777*J2^4+0},
{0,0,0,0,0,0,0,0,0,0,0,0,0,0,0,0,0,0,0,0,0,0,0,0,0,0,0,0,0,0,0,0,0,0,0,0,0,0,0,0,0,0,0,0,0,0,0,0,0,0,0,0,0,0,0,0,0,0,0,0,0,0,0,0,0,0,0,0,0,0,0,0,0,0,0,0,0,0,0,0,0.0016276042*J1^2*J2^2+0,0.0009396977*J2^4+0,0.0009396977*J2^4+0,0.0016276042*J1^2*J2^2+-0.0010850694*J2^4+0,0.0018793954*J1^2*J2^2+0,0.0010850694*J2^4+0,0.0010850694*J2^4+0,0.0018793954*J1^2*J2^2+-0.0012529303*J2^4+0,-0.0023017799*J1^2*J2^2+0,-0.0013289332*J2^4+0,-0.0013289332*J2^4+0,-0.0023017799*J1^2*J2^2+0.0015345199*J2^4+0,-0.0026578665*J1^2*J2^2+0,-0.0015345199*J2^4+0,-0.0015345199*J2^4+0,-0.0026578665*J1^2*J2^2+0.0017719110*J2^4+0},
{0,0,0,0,0,0,0,0,0,0,0,0,0,0,0,0,0,0,0,0,0,0,0,0,0,0,0,0,0,0,0,0,0,0,0,0,0,0,0,0,0,0,0,0,0,0,0,0,0,0,0,0,0,0,0,0,0,0,0,0,0,0,0,0,0,0,0,0,0,0,0,0,0,0,0,0,0,0,0,0,0.0009396977*J2^4+0,-0.0005425347*J1^2*J2^2+0.0010850694*J2^4+0,-0.0005425347*J1^2*J2^2+0.0010850694*J2^4+0,0.0006264651*J1^2*J2^2+-0.0003132326*J2^4+0,0.0010850694*J2^4+0,-0.0006264651*J1^2*J2^2+0.0012529303*J2^4+0,-0.0006264651*J1^2*J2^2+0.0012529303*J2^4+0,0.0007233796*J1^2*J2^2+-0.0003616898*J2^4+0,-0.0013289332*J2^4+0,0.0007672600*J1^2*J2^2+-0.0015345199*J2^4+0,0.0007672600*J1^2*J2^2+-0.0015345199*J2^4+0,-0.0008859555*J1^2*J2^2+0.0004429777*J2^4+0,-0.0015345199*J2^4+0,0.0008859555*J1^2*J2^2+-0.0017719110*J2^4+0,0.0008859555*J1^2*J2^2+-0.0017719110*J2^4+0,-0.0010230133*J1^2*J2^2+0.0005115066*J2^4+0},
{0,0,0,0,0,0,0,0,0,0,0,0,0,0,0,0,0,0,0,0,0,0,0,0,0,0,0,0,0,0,0,0,0,0,0,0,0,0,0,0,0,0,0,0,0,0,0,0,0,0,0,0,0,0,0,0,0,0,0,0,0,0,0,0,0,0,0,0,0,0,0,0,0,0,0,0,0.0028190931*J2^4+0,0.0016276042*J1^2*J2^2+0,0.0016276042*J1^2*J2^2+0,-0.0018793954*J1^2*J2^2+0.0028190931*J2^4+0,0,0,0,0,0,0,0,0,0,0,0,0,0,0,0,0},
{0,0,0,0,0,0,0,0,0,0,0,0,0,0,0,0,0,0,0,0,0,0,0,0,0,0,0,0,0,0,0,0,0,0,0,0,0,0,0,0,0,0,0,0,0,0,0,0,0,0,0,0,0,0,0,0,0,0,0,0,0,0,0,0,0,0,0,0,0,0,0,0,0,0,0,0,0.0016276042*J1^2*J2^2+0,0.0018793954*J1^2*J2^2+-0.0009396977*J2^4+0,0.0018793954*J1^2*J2^2+-0.0009396977*J2^4+0,-0.0005425347*J1^2*J2^2+0.0010850694*J2^4+0,0,0,0,0,0,0,0,0,0,0,0,0,0,0,0,0},
{0,0,0,0,0,0,0,0,0,0,0,0,0,0,0,0,0,0,0,0,0,0,0,0,0,0,0,0,0,0,0,0,0,0,0,0,0,0,0,0,0,0,0,0,0,0,0,0,0,0,0,0,0,0,0,0,0,0,0,0,0,0,0,0,0,0,0,0,0,0,0,0,0.0028190931*J2^4+0,0.0016276042*J1^2*J2^2+0,0.0016276042*J1^2*J2^2+0,-0.0018793954*J1^2*J2^2+0.0028190931*J2^4+0,0.0032552083*J2^4+0,0.0018793954*J1^2*J2^2+0,0.0018793954*J1^2*J2^2+0,-0.0021701389*J1^2*J2^2+0.0032552083*J2^4+0,0,0,0,0,0,0,0,0,0,0,0,0,0,0,0,0},
{0,0,0,0,0,0,0,0,0,0,0,0,0,0,0,0,0,0,0,0,0,0,0,0,0,0,0,0,0,0,0,0,0,0,0,0,0,0,0,0,0,0,0,0,0,0,0,0,0,0,0,0,0,0,0,0,0,0,0,0,0,0,0,0,0,0,0,0,0,0,0,0,0.0016276042*J1^2*J2^2+0,0.0018793954*J1^2*J2^2+-0.0009396977*J2^4+0,0.0018793954*J1^2*J2^2+-0.0009396977*J2^4+0,-0.0005425347*J1^2*J2^2+0.0010850694*J2^4+0,0.0018793954*J1^2*J2^2+0,0.0021701389*J1^2*J2^2+-0.0010850694*J2^4+0,0.0021701389*J1^2*J2^2+-0.0010850694*J2^4+0,-0.0006264651*J1^2*J2^2+0.0012529303*J2^4+0,0,0,0,0,0,0,0,0,0,0,0,0,0,0,0,0},
{0,0,0,0,0,0,0,0,0,0,0,0,0,0,0,0,0,0,0,0,0,0,0,0,0,0,0,0,0,0,0,0,0,0,0,0,0,0,0,0,0,0,0,0,0,0,0,0,0,0,0,0,0,0,0,0,0,0,0,0,0,0,0,0,0,0,0,0,0,0,0,0,0,0,0,0,0,0,0,0,0,0,0,0,-0.0016276042*J2^4+0,-0.0009396977*J1^2*J2^2+0,-0.0009396977*J1^2*J2^2+0,0.0010850694*J1^2*J2^2+-0.0016276042*J2^4+0,0,0,0,0,0.0023017799*J2^4+0,0.0013289332*J1^2*J2^2+0,0.0013289332*J1^2*J2^2+0,-0.0015345199*J1^2*J2^2+0.0023017799*J2^4+0},
{0,0,0,0,0,0,0,0,0,0,0,0,0,0,0,0,0,0,0,0,0,0,0,0,0,0,0,0,0,0,0,0,0,0,0,0,0,0,0,0,0,0,0,0,0,0,0,0,0,0,0,0,0,0,0,0,0,0,0,0,0,0,0,0,0,0,0,0,0,0,0,0,0,0,0,0,0,0,0,0,0,0,0,0,-0.0009396977*J1^2*J2^2+0,-0.0010850694*J1^2*J2^2+0.0005425347*J2^4+0,-0.0010850694*J1^2*J2^2+0.0005425347*J2^4+0,0.0003132326*J1^2*J2^2+-0.0006264651*J2^4+0,0,0,0,0,0.0013289332*J1^2*J2^2+0,0.0015345199*J1^2*J2^2+-0.0007672600*J2^4+0,0.0015345199*J1^2*J2^2+-0.0007672600*J2^4+0,-0.0004429777*J1^2*J2^2+0.0008859555*J2^4+0},
{0,0,0,0,0,0,0,0,0,0,0,0,0,0,0,0,0,0,0,0,0,0,0,0,0,0,0,0,0,0,0,0,0,0,0,0,0,0,0,0,0,0,0,0,0,0,0,0,0,0,0,0,0,0,0,0,0,0,0,0,0,0,0,0,0,0,0,0,0,0,0,0,0,0,0,0,0,0,0,0,-0.0016276042*J2^4+0,-0.0009396977*J1^2*J2^2+0,-0.0009396977*J1^2*J2^2+0,0.0010850694*J1^2*J2^2+-0.0016276042*J2^4+0,-0.0018793954*J2^4+0,-0.0010850694*J1^2*J2^2+0,-0.0010850694*J1^2*J2^2+0,0.0012529303*J1^2*J2^2+-0.0018793954*J2^4+0,0.0023017799*J2^4+0,0.0013289332*J1^2*J2^2+0,0.0013289332*J1^2*J2^2+0,-0.0015345199*J1^2*J2^2+0.0023017799*J2^4+0,0.0026578665*J2^4+0,0.0015345199*J1^2*J2^2+0,0.0015345199*J1^2*J2^2+0,-0.0017719110*J1^2*J2^2+0.0026578665*J2^4+0},
{0,0,0,0,0,0,0,0,0,0,0,0,0,0,0,0,0,0,0,0,0,0,0,0,0,0,0,0,0,0,0,0,0,0,0,0,0,0,0,0,0,0,0,0,0,0,0,0,0,0,0,0,0,0,0,0,0,0,0,0,0,0,0,0,0,0,0,0,0,0,0,0,0,0,0,0,0,0,0,0,-0.0009396977*J1^2*J2^2+0,-0.0010850694*J1^2*J2^2+0.0005425347*J2^4+0,-0.0010850694*J1^2*J2^2+0.0005425347*J2^4+0,0.0003132326*J1^2*J2^2+-0.0006264651*J2^4+0,-0.0010850694*J1^2*J2^2+0,-0.0012529303*J1^2*J2^2+0.0006264651*J2^4+0,-0.0012529303*J1^2*J2^2+0.0006264651*J2^4+0,0.0003616898*J1^2*J2^2+-0.0007233796*J2^4+0,0.0013289332*J1^2*J2^2+0,0.0015345199*J1^2*J2^2+-0.0007672600*J2^4+0,0.0015345199*J1^2*J2^2+-0.0007672600*J2^4+0,-0.0004429777*J1^2*J2^2+0.0008859555*J2^4+0,0.0015345199*J1^2*J2^2+0,0.0017719110*J1^2*J2^2+-0.0008859555*J2^4+0,0.0017719110*J1^2*J2^2+-0.0008859555*J2^4+0,-0.0005115066*J1^2*J2^2+0.0010230133*J2^4+0},
{0,0,0,0,0,0,0,0,0,0,0,0,0,0,0,0,0,0,0,0,0,0,0,0,0,0,0,0,0,0,0,0,0,0,0,0,0,0,0,0,0,0,0,0,0,0,0,0,0,0,0,0,0,0,0,0,0,0,0,0,0,0,0,0,0,0,0,0,0,0,0,0,0,0,0,0,0,0.0023017799*J1^2*J2^2+-0.0023017799*J2^4+0,0.0023017799*J1^2*J2^2+-0.0023017799*J2^4+0,-0.0026578665*J1^2*J2^2+0.0026578665*J2^4+0,0,0,0,0,0,0,0,0,0,0,0,0,0,0,0,0},
{0,0,0,0,0,0,0,0,0,0,0,0,0,0,0,0,0,0,0,0,0,0,0,0,0,0,0,0,0,0,0,0,0,0,0,0,0,0,0,0,0,0,0,0,0,0,0,0,0,0,0,0,0,0,0,0,0,0,0,0,0,0,0,0,0,0,0,0,0,0,0,0,0,0,0,0,-0.0023017799*J1^2*J2^2+0.0023017799*J2^4+0,0,0,-0.0023017799*J1^2*J2^2+0.0023017799*J2^4+0,0,0,0,0,0,0,0,0,0,0,0,0,0,0,0,0},
{0,0,0,0,0,0,0,0,0,0,0,0,0,0,0,0,0,0,0,0,0,0,0,0,0,0,0,0,0,0,0,0,0,0,0,0,0,0,0,0,0,0,0,0,0,0,0,0,0,0,0,0,0,0,0,0,0,0,0,0,0,0,0,0,0,0,0,0,0,0,0,0,0,0.0023017799*J1^2*J2^2+-0.0023017799*J2^4+0,0.0023017799*J1^2*J2^2+-0.0023017799*J2^4+0,-0.0026578665*J1^2*J2^2+0.0026578665*J2^4+0,0,0.0026578665*J1^2*J2^2+-0.0026578665*J2^4+0,0.0026578665*J1^2*J2^2+-0.0026578665*J2^4+0,-0.0030690398*J1^2*J2^2+0.0030690398*J2^4+0,0,0,0,0,0,0,0,0,0,0,0,0,0,0,0,0},
{0,0,0,0,0,0,0,0,0,0,0,0,0,0,0,0,0,0,0,0,0,0,0,0,0,0,0,0,0,0,0,0,0,0,0,0,0,0,0,0,0,0,0,0,0,0,0,0,0,0,0,0,0,0,0,0,0,0,0,0,0,0,0,0,0,0,0,0,0,0,0,0,-0.0023017799*J1^2*J2^2+0.0023017799*J2^4+0,0,0,-0.0023017799*J1^2*J2^2+0.0023017799*J2^4+0,-0.0026578665*J1^2*J2^2+0.0026578665*J2^4+0,0,0,-0.0026578665*J1^2*J2^2+0.0026578665*J2^4+0,0,0,0,0,0,0,0,0,0,0,0,0,0,0,0,0},
{0,0,0,0,0,0,0,0,0,0,0,0,0,0,0,0,0,0,0,0,0,0,0,0,0,0,0,0,0,0,0,0,0,0,0,0,0,0,0,0,0,0,0,0,0,0,0,0,0,0,0,0,0,0,0,0,0,0,0,0,0,0,0,0,0,0,0,0,0,0,0,0,0,0,0,0,0,0,0,0,0,0,0,0,0,-0.0013289332*J1^2*J2^2+0.0013289332*J2^4+0,-0.0013289332*J1^2*J2^2+0.0013289332*J2^4+0,0.0015345199*J1^2*J2^2+-0.0015345199*J2^4+0,0,0,0,0,0,0.0018793954*J1^2*J2^2+-0.0018793954*J2^4+0,0.0018793954*J1^2*J2^2+-0.0018793954*J2^4+0,-0.0021701389*J1^2*J2^2+0.0021701389*J2^4+0},
{0,0,0,0,0,0,0,0,0,0,0,0,0,0,0,0,0,0,0,0,0,0,0,0,0,0,0,0,0,0,0,0,0,0,0,0,0,0,0,0,0,0,0,0,0,0,0,0,0,0,0,0,0,0,0,0,0,0,0,0,0,0,0,0,0,0,0,0,0,0,0,0,0,0,0,0,0,0,0,0,0,0,0,0,0.0013289332*J1^2*J2^2+-0.0013289332*J2^4+0,0,0,0.0013289332*J1^2*J2^2+-0.0013289332*J2^4+0,0,0,0,0,-0.0018793954*J1^2*J2^2+0.0018793954*J2^4+0,0,0,-0.0018793954*J1^2*J2^2+0.0018793954*J2^4+0},
{0,0,0,0,0,0,0,0,0,0,0,0,0,0,0,0,0,0,0,0,0,0,0,0,0,0,0,0,0,0,0,0,0,0,0,0,0,0,0,0,0,0,0,0,0,0,0,0,0,0,0,0,0,0,0,0,0,0,0,0,0,0,0,0,0,0,0,0,0,0,0,0,0,0,0,0,0,0,0,0,0,-0.0013289332*J1^2*J2^2+0.0013289332*J2^4+0,-0.0013289332*J1^2*J2^2+0.0013289332*J2^4+0,0.0015345199*J1^2*J2^2+-0.0015345199*J2^4+0,0,-0.0015345199*J1^2*J2^2+0.0015345199*J2^4+0,-0.0015345199*J1^2*J2^2+0.0015345199*J2^4+0,0.0017719110*J1^2*J2^2+-0.0017719110*J2^4+0,0,0.0018793954*J1^2*J2^2+-0.0018793954*J2^4+0,0.0018793954*J1^2*J2^2+-0.0018793954*J2^4+0,-0.0021701389*J1^2*J2^2+0.0021701389*J2^4+0,0,0.0021701389*J1^2*J2^2+-0.0021701389*J2^4+0,0.0021701389*J1^2*J2^2+-0.0021701389*J2^4+0,-0.0025058605*J1^2*J2^2+0.0025058605*J2^4+0},
{0,0,0,0,0,0,0,0,0,0,0,0,0,0,0,0,0,0,0,0,0,0,0,0,0,0,0,0,0,0,0,0,0,0,0,0,0,0,0,0,0,0,0,0,0,0,0,0,0,0,0,0,0,0,0,0,0,0,0,0,0,0,0,0,0,0,0,0,0,0,0,0,0,0,0,0,0,0,0,0,0.0013289332*J1^2*J2^2+-0.0013289332*J2^4+0,0,0,0.0013289332*J1^2*J2^2+-0.0013289332*J2^4+0,0.0015345199*J1^2*J2^2+-0.0015345199*J2^4+0,0,0,0.0015345199*J1^2*J2^2+-0.0015345199*J2^4+0,-0.0018793954*J1^2*J2^2+0.0018793954*J2^4+0,0,0,-0.0018793954*J1^2*J2^2+0.0018793954*J2^4+0,-0.0021701389*J1^2*J2^2+0.0021701389*J2^4+0,0,0,-0.0021701389*J1^2*J2^2+0.0021701389*J2^4+0},
{0,0,0,0,0,0,0,0,0,0,0,0,0,0,0,0,0,0,0,0,0,0,0,0,0,0,0,0,0,0,0,0,0,0,0,0,0,0,0,0,0,0,0,0,0,0,0,0,0,0,0,0,0,0,0,0,0,0,0,0,0,0,0,0,0,0,0,0,0,0,0,0,0,0,0,0,0.0011833230*J1^1*J2^3+0,0.0003415959*J1^2*J2^2+0.0003415959*J2^4+0,-0.0009444123*J1^2*J2^2+0.0025720165*J1^1*J2^3+-0.0009444123*J2^4+0,0.0007424772*J1^2*J2^2+-0.0010905134*J1^1*J2^3+0.0007424772*J2^4+0,0,0,0,0,0,0,0,0,0,0,0,0,0,0,0,0},
{0,0,0,0,0,0,0,0,0,0,0,0,0,0,0,0,0,0,0,0,0,0,0,0,0,0,0,0,0,0,0,0,0,0,0,0,0,0,0,0,0,0,0,0,0,0,0,0,0,0,0,0,0,0,0,0,0,0,0,0,0,0,0,0,0,0,0,0,0,0,0,0,0,0,0,0,0.0003415959*J1^2*J2^2+0.0003415959*J2^4+0,-0.0003944410*J1^2*J2^2+0.0011833230*J1^1*J2^3+-0.0003944410*J2^4+0,0.0007424772*J1^2*J2^2+-0.0010905134*J1^1*J2^3+0.0007424772*J2^4+0,-0.0018017511*J1^2*J2^2+0.0038312329*J1^1*J2^3+-0.0018017511*J2^4+0,0,0,0,0,0,0,0,0,0,0,0,0,0,0,0,0},
{0,0,0,0,0,0,0,0,0,0,0,0,0,0,0,0,0,0,0,0,0,0,0,0,0,0,0,0,0,0,0,0,0,0,0,0,0,0,0,0,0,0,0,0,0,0,0,0,0,0,0,0,0,0,0,0,0,0,0,0,0,0,0,0,0,0,0,0,0,0,0,0,0.0011833230*J1^1*J2^3+0,0.0003415959*J1^2*J2^2+0.0003415959*J2^4+0,-0.0009444123*J1^2*J2^2+0.0025720165*J1^1*J2^3+-0.0009444123*J2^4+0,0.0007424772*J1^2*J2^2+-0.0010905134*J1^1*J2^3+0.0007424772*J2^4+0,0.0013663837*J1^1*J2^3+0,0.0003944410*J1^2*J2^2+0.0003944410*J2^4+0,-0.0010905134*J1^2*J2^2+0.0029699088*J1^1*J2^3+-0.0010905134*J2^4+0,0.0008573388*J1^2*J2^2+-0.0012592164*J1^1*J2^3+0.0008573388*J2^4+0,0,0,0,0,0,0,0,0,0,0,0,0,0,0,0,0},
{0,0,0,0,0,0,0,0,0,0,0,0,0,0,0,0,0,0,0,0,0,0,0,0,0,0,0,0,0,0,0,0,0,0,0,0,0,0,0,0,0,0,0,0,0,0,0,0,0,0,0,0,0,0,0,0,0,0,0,0,0,0,0,0,0,0,0,0,0,0,0,0,0.0003415959*J1^2*J2^2+0.0003415959*J2^4+0,-0.0003944410*J1^2*J2^2+0.0011833230*J1^1*J2^3+-0.0003944410*J2^4+0,0.0007424772*J1^2*J2^2+-0.0010905134*J1^1*J2^3+0.0007424772*J2^4+0,-0.0018017511*J1^2*J2^2+0.0038312329*J1^1*J2^3+-0.0018017511*J2^4+0,0.0003944410*J1^2*J2^2+0.0003944410*J2^4+0,-0.0004554612*J1^2*J2^2+0.0013663837*J1^1*J2^3+-0.0004554612*J2^4+0,0.0008573388*J1^2*J2^2+-0.0012592164*J1^1*J2^3+0.0008573388*J2^4+0,-0.0020804830*J1^2*J2^2+0.0044239266*J1^1*J2^3+-0.0020804830*J2^4+0,0,0,0,0,0,0,0,0,0,0,0,0,0,0,0,0},
{0,0,0,0,0,0,0,0,0,0,0,0,0,0,0,0,0,0,0,0,0,0,0,0,0,0,0,0,0,0,0,0,0,0,0,0,0,0,0,0,0,0,0,0,0,0,0,0,0,0,0,0,0,0,0,0,0,0,0,0,0,0,0,0,0,0,0,0,0,0,0,0,0,0,0,0,0,0,0,0,0,0,0,0,-0.0006831919*J1^1*J2^3+0,-0.0001972205*J1^2*J2^2+-0.0001972205*J2^4+0,0.0005452567*J1^2*J2^2+-0.0014849544*J1^1*J2^3+0.0005452567*J2^4+0,-0.0004286694*J1^2*J2^2+0.0006296082*J1^1*J2^3+-0.0004286694*J2^4+0,0,0,0,0,0.0009661792*J1^1*J2^3+0,0.0002789119*J1^2*J2^2+0.0002789119*J2^4+0,-0.0007711094*J1^2*J2^2+0.0021000426*J1^1*J2^3+-0.0007711094*J2^4+0,0.0006062301*J1^2*J2^2+-0.0008904004*J1^1*J2^3+0.0006062301*J2^4+0},
{0,0,0,0,0,0,0,0,0,0,0,0,0,0,0,0,0,0,0,0,0,0,0,0,0,0,0,0,0,0,0,0,0,0,0,0,0,0,0,0,0,0,0,0,0,0,0,0,0,0,0,0,0,0,0,0,0,0,0,0,0,0,0,0,0,0,0,0,0,0,0,0,0,0,0,0,0,0,0,0,0,0,0,0,-0.0001972205*J1^2*J2^2+-0.0001972205*J2^4+0,0.0002277306*J1^2*J2^2+-0.0006831919*J1^1*J2^3+0.0002277306*J2^4+0,-0.0004286694*J1^2*J2^2+0.0006296082*J1^1*J2^3+-0.0004286694*J2^4+0,0.0010402415*J1^2*J2^2+-0.0022119633*J1^1*J2^3+0.0010402415*J2^4+0,0,0,0,0,0.0002789119*J1^2*J2^2+0.0002789119*J2^4+0,-0.0003220597*J1^2*J2^2+0.0009661792*J1^1*J2^3+-0.0003220597*J2^4+0,0.0006062301*J1^2*J2^2+-0.0008904004*J1^1*J2^3+0.0006062301*J2^4+0,-0.0014711236*J1^2*J2^2+0.0031281885*J1^1*J2^3+-0.0014711236*J2^4+0},
{0,0,0,0,0,0,0,0,0,0,0,0,0,0,0,0,0,0,0,0,0,0,0,0,0,0,0,0,0,0,0,0,0,0,0,0,0,0,0,0,0,0,0,0,0,0,0,0,0,0,0,0,0,0,0,0,0,0,0,0,0,0,0,0,0,0,0,0,0,0,0,0,0,0,0,0,0,0,0,0,-0.0006831919*J1^1*J2^3+0,-0.0001972205*J1^2*J2^2+-0.0001972205*J2^4+0,0.0005452567*J1^2*J2^2+-0.0014849544*J1^1*J2^3+0.0005452567*J2^4+0,-0.0004286694*J1^2*J2^2+0.0006296082*J1^1*J2^3+-0.0004286694*J2^4+0,-0.0007888820*J1^1*J2^3+0,-0.0002277306*J1^2*J2^2+-0.0002277306*J2^4+0,0.0006296082*J1^2*J2^2+-0.0017146776*J1^1*J2^3+0.0006296082*J2^4+0,-0.0004949848*J1^2*J2^2+0.0007270089*J1^1*J2^3+-0.0004949848*J2^4+0,0.0009661792*J1^1*J2^3+0,0.0002789119*J1^2*J2^2+0.0002789119*J2^4+0,-0.0007711094*J1^2*J2^2+0.0021000426*J1^1*J2^3+-0.0007711094*J2^4+0,0.0006062301*J1^2*J2^2+-0.0008904004*J1^1*J2^3+0.0006062301*J2^4+0,0.0011156477*J1^1*J2^3+0,0.0003220597*J1^2*J2^2+0.0003220597*J2^4+0,-0.0008904004*J1^2*J2^2+0.0024249204*J1^1*J2^3+-0.0008904004*J2^4+0,0.0007000142*J1^2*J2^2+-0.0010281459*J1^1*J2^3+0.0007000142*J2^4+0},
{0,0,0,0,0,0,0,0,0,0,0,0,0,0,0,0,0,0,0,0,0,0,0,0,0,0,0,0,0,0,0,0,0,0,0,0,0,0,0,0,0,0,0,0,0,0,0,0,0,0,0,0,0,0,0,0,0,0,0,0,0,0,0,0,0,0,0,0,0,0,0,0,0,0,0,0,0,0,0,0,-0.0001972205*J1^2*J2^2+-0.0001972205*J2^4+0,0.0002277306*J1^2*J2^2+-0.0006831919*J1^1*J2^3+0.0002277306*J2^4+0,-0.0004286694*J1^2*J2^2+0.0006296082*J1^1*J2^3+-0.0004286694*J2^4+0,0.0010402415*J1^2*J2^2+-0.0022119633*J1^1*J2^3+0.0010402415*J2^4+0,-0.0002277306*J1^2*J2^2+-0.0002277306*J2^4+0,0.0002629607*J1^2*J2^2+-0.0007888820*J1^1*J2^3+0.0002629607*J2^4+0,-0.0004949848*J1^2*J2^2+0.0007270089*J1^1*J2^3+-0.0004949848*J2^4+0,0.0012011674*J1^2*J2^2+-0.0025541552*J1^1*J2^3+0.0012011674*J2^4+0,0.0002789119*J1^2*J2^2+0.0002789119*J2^4+0,-0.0003220597*J1^2*J2^2+0.0009661792*J1^1*J2^3+-0.0003220597*J2^4+0,0.0006062301*J1^2*J2^2+-0.0008904004*J1^1*J2^3+0.0006062301*J2^4+0,-0.0014711236*J1^2*J2^2+0.0031281885*J1^1*J2^3+-0.0014711236*J2^4+0,0.0003220597*J1^2*J2^2+0.0003220597*J2^4+0,-0.0003718826*J1^2*J2^2+0.0011156477*J1^1*J2^3+-0.0003718826*J2^4+0,0.0007000142*J1^2*J2^2+-0.0010281459*J1^1*J2^3+0.0007000142*J2^4+0,-0.0016987072*J1^2*J2^2+0.0036121210*J1^1*J2^3+-0.0016987072*J2^4+0},
{0,0,0,0,0,0,0,0,0,0,0,0,0,0,0,0,0,0,0,0,0,0,0,0,0,0,0,0,0,0,0,0,0,0,0,0,0,0,0,0,0,0,0,0,0,0,0,0,0,0,0,0,0,0,0,0,0,0,0,0,0,0,0,0,0,0,0,0,0,0,0,0,0,0,0,0,0.0027912502*J1^2*J2^2+0.0027912502*J2^4+0,0.0032230581*J1^1*J2^3+0,0.0006671168*J1^2*J2^2+0.0018888246*J1^1*J2^3+0.0006671168*J2^4+0,0.0005452567*J1^2*J2^2+0.0007703201*J1^1*J2^3+0.0005452567*J2^4+0,0,0,0,0,0,0,0,0,0,0,0,0,0,0,0,0},
{0,0,0,0,0,0,0,0,0,0,0,0,0,0,0,0,0,0,0,0,0,0,0,0,0,0,0,0,0,0,0,0,0,0,0,0,0,0,0,0,0,0,0,0,0,0,0,0,0,0,0,0,0,0,0,0,0,0,0,0,0,0,0,0,0,0,0,0,0,0,0,0,0,0,0,0,0.0032230581*J1^1*J2^3+0,0.0027912502*J1^2*J2^2+-0.0037216670*J1^1*J2^3+0.0027912502*J2^4+0,0.0005452567*J1^2*J2^2+0.0007703201*J1^1*J2^3+0.0005452567*J2^4+0,0.0000375086*J1^2*J2^2+0.0009993356*J1^1*J2^3+0.0000375086*J2^4+0,0,0,0,0,0,0,0,0,0,0,0,0,0,0,0,0},
{0,0,0,0,0,0,0,0,0,0,0,0,0,0,0,0,0,0,0,0,0,0,0,0,0,0,0,0,0,0,0,0,0,0,0,0,0,0,0,0,0,0,0,0,0,0,0,0,0,0,0,0,0,0,0,0,0,0,0,0,0,0,0,0,0,0,0,0,0,0,0,0,0.0027912502*J1^2*J2^2+0.0027912502*J2^4+0,0.0032230581*J1^1*J2^3+0,0.0006671168*J1^2*J2^2+0.0018888246*J1^1*J2^3+0.0006671168*J2^4+0,0.0005452567*J1^2*J2^2+0.0007703201*J1^1*J2^3+0.0005452567*J2^4+0,0.0032230581*J1^2*J2^2+0.0032230581*J2^4+0,0.0037216670*J1^1*J2^3+0,0.0007703201*J1^2*J2^2+0.0021810268*J1^1*J2^3+0.0007703201*J2^4+0,0.0006296082*J1^2*J2^2+0.0008894890*J1^1*J2^3+0.0006296082*J2^4+0,0,0,0,0,0,0,0,0,0,0,0,0,0,0,0,0},
{0,0,0,0,0,0,0,0,0,0,0,0,0,0,0,0,0,0,0,0,0,0,0,0,0,0,0,0,0,0,0,0,0,0,0,0,0,0,0,0,0,0,0,0,0,0,0,0,0,0,0,0,0,0,0,0,0,0,0,0,0,0,0,0,0,0,0,0,0,0,0,0,0.0032230581*J1^1*J2^3+0,0.0027912502*J1^2*J2^2+-0.0037216670*J1^1*J2^3+0.0027912502*J2^4+0,0.0005452567*J1^2*J2^2+0.0007703201*J1^1*J2^3+0.0005452567*J2^4+0,0.0000375086*J1^2*J2^2+0.0009993356*J1^1*J2^3+0.0000375086*J2^4+0,0.0037216670*J1^1*J2^3+0,0.0032230581*J1^2*J2^2+-0.0042974108*J1^1*J2^3+0.0032230581*J2^4+0,0.0006296082*J1^2*J2^2+0.0008894890*J1^1*J2^3+0.0006296082*J2^4+0,0.0000433112*J1^2*J2^2+0.0011539333*J1^1*J2^3+0.0000433112*J2^4+0,0,0,0,0,0,0,0,0,0,0,0,0,0,0,0,0},
{0,0,0,0,0,0,0,0,0,0,0,0,0,0,0,0,0,0,0,0,0,0,0,0,0,0,0,0,0,0,0,0,0,0,0,0,0,0,0,0,0,0,0,0,0,0,0,0,0,0,0,0,0,0,0,0,0,0,0,0,0,0,0,0,0,0,0,0,0,0,0,0,0,0,0,0,0,0,0,0,0,0,0,0,-0.0016115291*J1^2*J2^2+-0.0016115291*J2^4+0,-0.0018608335*J1^1*J2^3+0,-0.0003851600*J1^2*J2^2+-0.0010905134*J1^1*J2^3+-0.0003851600*J2^4+0,-0.0003148041*J1^2*J2^2+-0.0004447445*J1^1*J2^3+-0.0003148041*J2^4+0,0,0,0,0,0.0022790463*J1^2*J2^2+0.0022790463*J2^4+0,0.0026316159*J1^1*J2^3+0,0.0005446986*J1^2*J2^2+0.0015422188*J1^1*J2^3+0.0005446986*J2^4+0,0.0004452002*J1^2*J2^2+0.0006289637*J1^1*J2^3+0.0004452002*J2^4+0},
{0,0,0,0,0,0,0,0,0,0,0,0,0,0,0,0,0,0,0,0,0,0,0,0,0,0,0,0,0,0,0,0,0,0,0,0,0,0,0,0,0,0,0,0,0,0,0,0,0,0,0,0,0,0,0,0,0,0,0,0,0,0,0,0,0,0,0,0,0,0,0,0,0,0,0,0,0,0,0,0,0,0,0,0,-0.0018608335*J1^1*J2^3+0,-0.0016115291*J1^2*J2^2+0.0021487054*J1^1*J2^3+-0.0016115291*J2^4+0,-0.0003148041*J1^2*J2^2+-0.0004447445*J1^1*J2^3+-0.0003148041*J2^4+0,-0.0000216556*J1^2*J2^2+-0.0005769667*J1^1*J2^3+-0.0000216556*J2^4+0,0,0,0,0,0.0026316159*J1^1*J2^3+0,0.0022790463*J1^2*J2^2+-0.0030387283*J1^1*J2^3+0.0022790463*J2^4+0,0.0004452002*J1^2*J2^2+0.0006289637*J1^1*J2^3+0.0004452002*J2^4+0,0.0000306256*J1^2*J2^2+0.0008159541*J1^1*J2^3+0.0000306256*J2^4+0},
{0,0,0,0,0,0,0,0,0,0,0,0,0,0,0,0,0,0,0,0,0,0,0,0,0,0,0,0,0,0,0,0,0,0,0,0,0,0,0,0,0,0,0,0,0,0,0,0,0,0,0,0,0,0,0,0,0,0,0,0,0,0,0,0,0,0,0,0,0,0,0,0,0,0,0,0,0,0,0,0,-0.0016115291*J1^2*J2^2+-0.0016115291*J2^4+0,-0.0018608335*J1^1*J2^3+0,-0.0003851600*J1^2*J2^2+-0.0010905134*J1^1*J2^3+-0.0003851600*J2^4+0,-0.0003148041*J1^2*J2^2+-0.0004447445*J1^1*J2^3+-0.0003148041*J2^4+0,-0.0018608335*J1^2*J2^2+-0.0018608335*J2^4+0,-0.0021487054*J1^1*J2^3+0,-0.0004447445*J1^2*J2^2+-0.0012592164*J1^1*J2^3+-0.0004447445*J2^4+0,-0.0003635045*J1^2*J2^2+-0.0005135467*J1^1*J2^3+-0.0003635045*J2^4+0,0.0022790463*J1^2*J2^2+0.0022790463*J2^4+0,0.0026316159*J1^1*J2^3+0,0.0005446986*J1^2*J2^2+0.0015422188*J1^1*J2^3+0.0005446986*J2^4+0,0.0004452002*J1^2*J2^2+0.0006289637*J1^1*J2^3+0.0004452002*J2^4+0,0.0026316159*J1^2*J2^2+0.0026316159*J2^4+0,0.0030387283*J1^1*J2^3+0,0.0006289637*J1^2*J2^2+0.0017808009*J1^1*J2^3+0.0006289637*J2^4+0,0.0005140729*J1^2*J2^2+0.0007262647*J1^1*J2^3+0.0005140729*J2^4+0},
{0,0,0,0,0,0,0,0,0,0,0,0,0,0,0,0,0,0,0,0,0,0,0,0,0,0,0,0,0,0,0,0,0,0,0,0,0,0,0,0,0,0,0,0,0,0,0,0,0,0,0,0,0,0,0,0,0,0,0,0,0,0,0,0,0,0,0,0,0,0,0,0,0,0,0,0,0,0,0,0,-0.0018608335*J1^1*J2^3+0,-0.0016115291*J1^2*J2^2+0.0021487054*J1^1*J2^3+-0.0016115291*J2^4+0,-0.0003148041*J1^2*J2^2+-0.0004447445*J1^1*J2^3+-0.0003148041*J2^4+0,-0.0000216556*J1^2*J2^2+-0.0005769667*J1^1*J2^3+-0.0000216556*J2^4+0,-0.0021487054*J1^1*J2^3+0,-0.0018608335*J1^2*J2^2+0.0024811113*J1^1*J2^3+-0.0018608335*J2^4+0,-0.0003635045*J1^2*J2^2+-0.0005135467*J1^1*J2^3+-0.0003635045*J2^4+0,-0.0000250057*J1^2*J2^2+-0.0006662237*J1^1*J2^3+-0.0000250057*J2^4+0,0.0026316159*J1^1*J2^3+0,0.0022790463*J1^2*J2^2+-0.0030387283*J1^1*J2^3+0.0022790463*J2^4+0,0.0004452002*J1^2*J2^2+0.0006289637*J1^1*J2^3+0.0004452002*J2^4+0,0.0000306256*J1^2*J2^2+0.0008159541*J1^1*J2^3+0.0000306256*J2^4+0,0.0030387283*J1^1*J2^3+0,0.0026316159*J1^2*J2^2+-0.0035088213*J1^1*J2^3+0.0026316159*J2^4+0,0.0005140729*J1^2*J2^2+0.0007262647*J1^1*J2^3+0.0005140729*J2^4+0,0.0000353634*J1^2*J2^2+0.0009421826*J1^1*J2^3+0.0000353634*J2^4+0},
{0,0,0,0,0,0,0,0,0,0,0,0,0,0,0,0,0,0,0,0,0,0,0,0,0,0,0,0,0,0,0,0,0,0,0,0,0,0,0,0,0,0,0,0,0,0,0,0,0,0,0,0,0,0,0,0,0,0,0,0,0,0,0,0,0,0,0,0,0,0,0,0,0,0,0,0,-0.0008170478*J1^2*J2^2+-0.0031500640*J1^1*J2^3+-0.0008170478*J2^4+0,-0.0009093451*J1^2*J2^2+-0.0009434456*J1^1*J2^3+-0.0009093451*J2^4+0,-0.0018073235*J1^2*J2^2+0.0008525111*J1^1*J2^3+-0.0018073235*J2^4+0,0.0002460987*J1^2*J2^2+-0.0020869174*J1^1*J2^3+0.0002460987*J2^4+0,0,0,0,0,0,0,0,0,0,0,0,0,0,0,0,0},
{0,0,0,0,0,0,0,0,0,0,0,0,0,0,0,0,0,0,0,0,0,0,0,0,0,0,0,0,0,0,0,0,0,0,0,0,0,0,0,0,0,0,0,0,0,0,0,0,0,0,0,0,0,0,0,0,0,0,0,0,0,0,0,0,0,0,0,0,0,0,0,0,0,0,0,0,-0.0009093451*J1^2*J2^2+-0.0009434456*J1^1*J2^3+-0.0009093451*J2^4+0,0.0002329735*J1^2*J2^2+-0.0020606668*J1^1*J2^3+0.0002329735*J2^4+0,0.0002460987*J1^2*J2^2+-0.0020869174*J1^1*J2^3+0.0002460987*J2^4+0,-0.0020914938*J1^2*J2^2+0.0032622757*J1^1*J2^3+-0.0020914938*J2^4+0,0,0,0,0,0,0,0,0,0,0,0,0,0,0,0,0},
{0,0,0,0,0,0,0,0,0,0,0,0,0,0,0,0,0,0,0,0,0,0,0,0,0,0,0,0,0,0,0,0,0,0,0,0,0,0,0,0,0,0,0,0,0,0,0,0,0,0,0,0,0,0,0,0,0,0,0,0,0,0,0,0,0,0,0,0,0,0,0,0,-0.0008170478*J1^2*J2^2+-0.0031500640*J1^1*J2^3+-0.0008170478*J2^4+0,-0.0009093451*J1^2*J2^2+-0.0009434456*J1^1*J2^3+-0.0009093451*J2^4+0,-0.0018073235*J1^2*J2^2+0.0008525111*J1^1*J2^3+-0.0018073235*J2^4+0,0.0002460987*J1^2*J2^2+-0.0020869174*J1^1*J2^3+0.0002460987*J2^4+0,-0.0009434456*J1^2*J2^2+-0.0036373806*J1^1*J2^3+-0.0009434456*J2^4+0,-0.0010500213*J1^2*J2^2+-0.0010893971*J1^1*J2^3+-0.0010500213*J2^4+0,-0.0020869174*J1^2*J2^2+0.0009843950*J1^1*J2^3+-0.0020869174*J2^4+0,0.0002841704*J1^2*J2^2+-0.0024097646*J1^1*J2^3+0.0002841704*J2^4+0,0,0,0,0,0,0,0,0,0,0,0,0,0,0,0,0},
{0,0,0,0,0,0,0,0,0,0,0,0,0,0,0,0,0,0,0,0,0,0,0,0,0,0,0,0,0,0,0,0,0,0,0,0,0,0,0,0,0,0,0,0,0,0,0,0,0,0,0,0,0,0,0,0,0,0,0,0,0,0,0,0,0,0,0,0,0,0,0,0,-0.0009093451*J1^2*J2^2+-0.0009434456*J1^1*J2^3+-0.0009093451*J2^4+0,0.0002329735*J1^2*J2^2+-0.0020606668*J1^1*J2^3+0.0002329735*J2^4+0,0.0002460987*J1^2*J2^2+-0.0020869174*J1^1*J2^3+0.0002460987*J2^4+0,-0.0020914938*J1^2*J2^2+0.0032622757*J1^1*J2^3+-0.0020914938*J2^4+0,-0.0010500213*J1^2*J2^2+-0.0010893971*J1^1*J2^3+-0.0010500213*J2^4+0,0.0002690146*J1^2*J2^2+-0.0023794531*J1^1*J2^3+0.0002690146*J2^4+0,0.0002841704*J1^2*J2^2+-0.0024097646*J1^1*J2^3+0.0002841704*J2^4+0,-0.0024150490*J1^2*J2^2+0.0037669515*J1^1*J2^3+-0.0024150490*J2^4+0,0,0,0,0,0,0,0,0,0,0,0,0,0,0,0,0},
{0,0,0,0,0,0,0,0,0,0,0,0,0,0,0,0,0,0,0,0,0,0,0,0,0,0,0,0,0,0,0,0,0,0,0,0,0,0,0,0,0,0,0,0,0,0,0,0,0,0,0,0,0,0,0,0,0,0,0,0,0,0,0,0,0,0,0,0,0,0,0,0,0,0,0,0,0,0,0,0,0,0,0,0,0.0004717228*J1^2*J2^2+0.0018186903*J1^1*J2^3+0.0004717228*J2^4+0,0.0005250107*J1^2*J2^2+0.0005446986*J1^1*J2^3+0.0005250107*J2^4+0,0.0010434587*J1^2*J2^2+-0.0004921975*J1^1*J2^3+0.0010434587*J2^4+0,-0.0001420852*J1^2*J2^2+0.0012048823*J1^1*J2^3+-0.0001420852*J2^4+0,0,0,0,0,-0.0006671168*J1^2*J2^2+-0.0025720165*J1^1*J2^3+-0.0006671168*J2^4+0,-0.0007424772*J1^2*J2^2+-0.0007703201*J1^1*J2^3+-0.0007424772*J2^4+0,-0.0014756734*J1^2*J2^2+0.0006960724*J1^1*J2^3+-0.0014756734*J2^4+0,0.0002009388*J1^2*J2^2+-0.0017039609*J1^1*J2^3+0.0002009388*J2^4+0},
{0,0,0,0,0,0,0,0,0,0,0,0,0,0,0,0,0,0,0,0,0,0,0,0,0,0,0,0,0,0,0,0,0,0,0,0,0,0,0,0,0,0,0,0,0,0,0,0,0,0,0,0,0,0,0,0,0,0,0,0,0,0,0,0,0,0,0,0,0,0,0,0,0,0,0,0,0,0,0,0,0,0,0,0,0.0005250107*J1^2*J2^2+0.0005446986*J1^1*J2^3+0.0005250107*J2^4+0,-0.0001345073*J1^2*J2^2+0.0011897266*J1^1*J2^3+-0.0001345073*J2^4+0,-0.0001420852*J1^2*J2^2+0.0012048823*J1^1*J2^3+-0.0001420852*J2^4+0,0.0012075245*J1^2*J2^2+-0.0018834757*J1^1*J2^3+0.0012075245*J2^4+0,0,0,0,0,-0.0007424772*J1^2*J2^2+-0.0007703201*J1^1*J2^3+-0.0007424772*J2^4+0,0.0001902221*J1^2*J2^2+-0.0016825274*J1^1*J2^3+0.0001902221*J2^4+0,0.0002009388*J1^2*J2^2+-0.0017039609*J1^1*J2^3+0.0002009388*J2^4+0,-0.0017076976*J1^2*J2^2+0.0026636369*J1^1*J2^3+-0.0017076976*J2^4+0},
{0,0,0,0,0,0,0,0,0,0,0,0,0,0,0,0,0,0,0,0,0,0,0,0,0,0,0,0,0,0,0,0,0,0,0,0,0,0,0,0,0,0,0,0,0,0,0,0,0,0,0,0,0,0,0,0,0,0,0,0,0,0,0,0,0,0,0,0,0,0,0,0,0,0,0,0,0,0,0,0,0.0004717228*J1^2*J2^2+0.0018186903*J1^1*J2^3+0.0004717228*J2^4+0,0.0005250107*J1^2*J2^2+0.0005446986*J1^1*J2^3+0.0005250107*J2^4+0,0.0010434587*J1^2*J2^2+-0.0004921975*J1^1*J2^3+0.0010434587*J2^4+0,-0.0001420852*J1^2*J2^2+0.0012048823*J1^1*J2^3+-0.0001420852*J2^4+0,0.0005446986*J1^2*J2^2+0.0021000426*J1^1*J2^3+0.0005446986*J2^4+0,0.0006062301*J1^2*J2^2+0.0006289637*J1^1*J2^3+0.0006062301*J2^4+0,0.0012048823*J1^2*J2^2+-0.0005683407*J1^1*J2^3+0.0012048823*J2^4+0,-0.0001640658*J1^2*J2^2+0.0013912783*J1^1*J2^3+-0.0001640658*J2^4+0,-0.0006671168*J1^2*J2^2+-0.0025720165*J1^1*J2^3+-0.0006671168*J2^4+0,-0.0007424772*J1^2*J2^2+-0.0007703201*J1^1*J2^3+-0.0007424772*J2^4+0,-0.0014756734*J1^2*J2^2+0.0006960724*J1^1*J2^3+-0.0014756734*J2^4+0,0.0002009388*J1^2*J2^2+-0.0017039609*J1^1*J2^3+0.0002009388*J2^4+0,-0.0007703201*J1^2*J2^2+-0.0029699088*J1^1*J2^3+-0.0007703201*J2^4+0,-0.0008573388*J1^2*J2^2+-0.0008894890*J1^1*J2^3+-0.0008573388*J2^4+0,-0.0017039609*J1^2*J2^2+0.0008037551*J1^1*J2^3+-0.0017039609*J2^4+0,0.0002320241*J1^2*J2^2+-0.0019675646*J1^1*J2^3+0.0002320241*J2^4+0},
{0,0,0,0,0,0,0,0,0,0,0,0,0,0,0,0,0,0,0,0,0,0,0,0,0,0,0,0,0,0,0,0,0,0,0,0,0,0,0,0,0,0,0,0,0,0,0,0,0,0,0,0,0,0,0,0,0,0,0,0,0,0,0,0,0,0,0,0,0,0,0,0,0,0,0,0,0,0,0,0,0.0005250107*J1^2*J2^2+0.0005446986*J1^1*J2^3+0.0005250107*J2^4+0,-0.0001345073*J1^2*J2^2+0.0011897266*J1^1*J2^3+-0.0001345073*J2^4+0,-0.0001420852*J1^2*J2^2+0.0012048823*J1^1*J2^3+-0.0001420852*J2^4+0,0.0012075245*J1^2*J2^2+-0.0018834757*J1^1*J2^3+0.0012075245*J2^4+0,0.0006062301*J1^2*J2^2+0.0006289637*J1^1*J2^3+0.0006062301*J2^4+0,-0.0001553157*J1^2*J2^2+0.0013737779*J1^1*J2^3+-0.0001553157*J2^4+0,-0.0001640658*J1^2*J2^2+0.0013912783*J1^1*J2^3+-0.0001640658*J2^4+0,0.0013943292*J1^2*J2^2+-0.0021748505*J1^1*J2^3+0.0013943292*J2^4+0,-0.0007424772*J1^2*J2^2+-0.0007703201*J1^1*J2^3+-0.0007424772*J2^4+0,0.0001902221*J1^2*J2^2+-0.0016825274*J1^1*J2^3+0.0001902221*J2^4+0,0.0002009388*J1^2*J2^2+-0.0017039609*J1^1*J2^3+0.0002009388*J2^4+0,-0.0017076976*J1^2*J2^2+0.0026636369*J1^1*J2^3+-0.0017076976*J2^4+0,-0.0008573388*J1^2*J2^2+-0.0008894890*J1^1*J2^3+-0.0008573388*J2^4+0,0.0002196495*J1^2*J2^2+-0.0019428153*J1^1*J2^3+0.0002196495*J2^4+0,0.0002320241*J1^2*J2^2+-0.0019675646*J1^1*J2^3+0.0002320241*J2^4+0,-0.0019718793*J1^2*J2^2+0.0030757030*J1^1*J2^3+-0.0019718793*J2^4+0},
{0,0,0,0,0,0,0,0,0,0,0,0,0,0,0,0,0,0,0,0,0,0,0,0,0,0,0,0,0,0,0,0,0,0,0,0,0,0,0,0,0,0,0,0,0,0,0,0,0,0,0,0,0,0,0,0,0,0,0,0,0,0,0,0,0,0,0,0,0,0,0,0,0,0,0,0,0,0,0,0,0,0,0,0,0,0,0,0,0,0,0,0,0,0,0,0},
{0,0,0,0,0,0,0,0,0,0,0,0,0,0,0,0,0,0,0,0,0,0,0,0,0,0,0,0,0,0,0,0,0,0,0,0,0,0,0,0,0,0,0,0,0,0,0,0,0,0,0,0,0,0,0,0,0,0,0,0,0,0,0,0,0,0,0,0,0,0,0,0,0,0,0,0,0,0,0,0,0,0,0,0,0,0,0,0,0,0,0,0,0,0,0,0},
{0,0,0,0,0,0,0,0,0,0,0,0,0,0,0,0,0,0,0,0,0,0,0,0,0,0,0,0,0,0,0,0,0,0,0,0,0,0,0,0,0,0,0,0,0,0,0,0,0,0,0,0,0,0,0,0,0,0,0,0,0,0,0,0,0,0,0,0,0,0,0,0,0,0,0,0,0,0,0,0,0,0,0,0,0,0,0,0,0,0,0,0,0,0,0,0},
{0,0,0,0,0,0,0,0,0,0,0,0,0,0,0,0,0,0,0,0,0,0,0,0,0,0,0,0,0,0,0,0,0,0,0,0,0,0,0,0,0,0,0,0,0,0,0,0,0,0,0,0,0,0,0,0,0,0,0,0,0,0,0,0,0,0,0,0,0,0,0,0,0,0,0,0,0,0,0,0,0,0,0,0,0,0,0,0,0,0,0,0,0,0,0,0},
{0,0,0,0,0,0,0,0,0,0,0,0,0,0,0,0,0,0,0,0,0,0,0,0,0,0,0,0,0,0,0,0,0,0,0,0,0,0,0,0,0,0,0,0,0,0,0,0,0,0,0,0,0,0,0,0,0,0,0,0,0,0,0,0,0,0,0,0,0,0,0,0,0,0,0,0,0,0,0,0,0,0,0,0,0,0,0,0,0,0,0,0,0,0,0,0},
{0,0,0,0,0,0,0,0,0,0,0,0,0,0,0,0,0,0,0,0,0,0,0,0,0,0,0,0,0,0,0,0,0,0,0,0,0,0,0,0,0,0,0,0,0,0,0,0,0,0,0,0,0,0,0,0,0,0,0,0,0,0,0,0,0,0,0,0,0,0,0,0,0,0,0,0,0,0,0,0,0,0,0,0,0,0,0,0,0,0,0,0,0,0,0,0},
{0,0,0,0,0,0,0,0,0,0,0,0,0,0,0,0,0,0,0,0,0,0,0,0,0,0,0,0,0,0,0,0,0,0,0,0,0,0,0,0,0,0,0,0,0,0,0,0,0,0,0,0,0,0,0,0,0,0,0,0,0,0,0,0,0,0,0,0,0,0,0,0,0,0,0,0,0,0,0,0,0,0,0,0,0,0,0,0,0,0,0,0,0,0,0,0},
{0,0,0,0,0,0,0,0,0,0,0,0,0,0,0,0,0,0,0,0,0,0,0,0,0,0,0,0,0,0,0,0,0,0,0,0,0,0,0,0,0,0,0,0,0,0,0,0,0,0,0,0,0,0,0,0,0,0,0,0,0,0,0,0,0,0,0,0,0,0,0,0,0,0,0,0,0,0,0,0,0,0,0,0,0,0,0,0,0,0,0,0,0,0,0,0},
{0,0,0,0,0,0,0,0,0,0,0,0,0,0,0,0,0,0,0,0,0,0,0,0,0,0,0,0,0,0,0,0,0,0,0,0,0,0,0,0,0,0,0,0,0,0,0,0,0,0,0,0,0,0,0,0,0,0,0,0,0,0,0,0,0,0,0,0,0,0,0,0,0,0,0,0,0,0,0,0,0,0,0,0,0,0,0,0,0,0,0,0,0,0,0,0},
{0,0,0,0,0,0,0,0,0,0,0,0,0,0,0,0,0,0,0,0,0,0,0,0,0,0,0,0,0,0,0,0,0,0,0,0,0,0,0,0,0,0,0,0,0,0,0,0,0,0,0,0,0,0,0,0,0,0,0,0,0,0,0,0,0,0,0,0,0,0,0,0,0,0,0,0,0,0,0,0,0,0,0,0,0,0,0,0,0,0,0,0,0,0,0,0},
{0,0,0,0,0,0,0,0,0,0,0,0,0,0,0,0,0,0,0,0,0,0,0,0,0,0,0,0,0,0,0,0,0,0,0,0,0,0,0,0,0,0,0,0,0,0,0,0,0,0,0,0,0,0,0,0,0,0,0,0,0,0,0,0,0,0,0,0,0,0,0,0,0,0,0,0,0,0,0,0,0,0,0,0,0,0,0,0,0,0,0,0,0,0,0,0},
{0,0,0,0,0,0,0,0,0,0,0,0,0,0,0,0,0,0,0,0,0,0,0,0,0,0,0,0,0,0,0,0,0,0,0,0,0,0,0,0,0,0,0,0,0,0,0,0,0,0,0,0,0,0,0,0,0,0,0,0,0,0,0,0,0,0,0,0,0,0,0,0,0,0,0,0,0,0,0,0,0,0,0,0,0,0,0,0,0,0,0,0,0,0,0,0},
{0,0,0,0,0,0,0,0,0,0,0,0,0,0,0,0,0,0,0,0,0,0,0,0,0,0,0,0,0,0,0,0,0,0,0,0,0,0,0,0,0,0,0,0,0,0,0,0,0,0,0,0,0,0,0,0,0,0,0,0,0,0,0,0,0,0,0,0,0,0,0,0,0,0,0,0,0,0,0,0,0,0,0,0,0,0,0,0,0,0,0,0,0,0,0,0},
{0,0,0,0,0,0,0,0,0,0,0,0,0,0,0,0,0,0,0,0,0,0,0,0,0,0,0,0,0,0,0,0,0,0,0,0,0,0,0,0,0,0,0,0,0,0,0,0,0,0,0,0,0,0,0,0,0,0,0,0,0,0,0,0,0,0,0,0,0,0,0,0,0,0,0,0,0,0,0,0,0,0,0,0,0,0,0,0,0,0,0,0,0,0,0,0},
{0,0,0,0,0,0,0,0,0,0,0,0,0,0,0,0,0,0,0,0,0,0,0,0,0,0,0,0,0,0,0,0,0,0,0,0,0,0,0,0,0,0,0,0,0,0,0,0,0,0,0,0,0,0,0,0,0,0,0,0,0,0,0,0,0,0,0,0,0,0,0,0,0,0,0,0,0,0,0,0,0,0,0,0,0,0,0,0,0,0,0,0,0,0,0,0},
{0,0,0,0,0,0,0,0,0,0,0,0,0,0,0,0,0,0,0,0,0,0,0,0,0,0,0,0,0,0,0,0,0,0,0,0,0,0,0,0,0,0,0,0,0,0,0,0,0,0,0,0,0,0,0,0,0,0,0,0,0,0,0,0,0,0,0,0,0,0,0,0,0,0,0,0,0,0,0,0,0,0,0,0,0,0,0,0,0,0,0,0,0,0,0,0},
{0,0,0,0,0,0,0,0,0,0,0,0,0,0,0,0,0,0,0,0,0,0,0,0,0,0,0,0,0,0,0,0,0,0,0,0,0,0,0,0,0,0,0,0,0,0,0,0,0,0,0,0,0,0,0,0,0,0,0,0,0,0,0,0,0,0,0,0,0,0,0,0,0,0,0,0,0,0,0,0,0,0,0,0,0,0,0,0,0,0,0,0,0,0,0,0},
{0,0,0,0,0,0,0,0,0,0,0,0,0,0,0,0,0,0,0,0,0,0,0,0,0,0,0,0,0,0,0,0,0,0,0,0,0,0,0,0,0,0,0,0,0,0,0,0,0,0,0,0,0,0,0,0,0,0,0,0,0,0,0,0,0,0,0,0,0,0,0,0,0,0,0,0,0,0,0,0,0,0,0,0,0,0,0,0,0,0,0,0,0,0,0,0},
{0,0,0,0,0,0,0,0,0,0,0,0,0,0,0,0,0,0,0,0,0,0,0,0,0,0,0,0,0,0,0,0,0,0,0,0,0,0,0,0,0,0,0,0,0,0,0,0,0,0,0,0,0,0,0,0,0,0,0,0,0,0,0,0,0,0,0,0,0,0,0,0,0,0,0,0,0,0,0,0,0,0,0,0,0,0,0,0,0,0,0,0,0,0,0,0},
{0,0,0,0,0,0,0,0,0,0,0,0,0,0,0,0,0,0,0,0,0,0,0,0,0,0,0,0,0,0,0,0,0,0,0,0,0,0,0,0,0,0,0,0,0,0,0,0,0,0,0,0,0,0,0,0,0,0,0,0,0,0,0,0,0,0,0,0,0,0,0,0,0,0,0,0,0,0,0,0,0,0,0,0,0,0,0,0,0,0,0,0,0,0,0,0},
{0,0,0,0,0,0,0,0,0,0,0,0,0,0,0,0,0,0,0,0,0,0,0,0,0,0,0,0,0,0,0,0,0,0,0,0,0,0,0,0,0,0,0,0,0,0,0,0,0,0,0,0,0,0,0,0,0,0,0,0,0,0,0,0,0,0,0,0,0,0,0,0,0,0,0,0,0,0,0,0,0,0,0,0,0,0,0,0,0,0,0,0,0,0,0,0},
{0,0,0,0,0,0,0,0,0,0,0,0,0,0,0,0,0,0,0,0,0,0,0,0,0,0,0,0,0,0,0,0,0,0,0,0,0,0,0,0,0,0,0,0,0,0,0,0,0,0,0,0,0,0,0,0,0,0,0,0,0,0,0,0,0,0,0,0,0,0,0,0,0,0,0,0,0,0,0,0,0,0,0,0,0,0,0,0,0,0,0,0,0,0,0,0},
{0,0,0,0,0,0,0,0,0,0,0,0,0,0,0,0,0,0,0,0,0,0,0,0,0,0,0,0,0,0,0,0,0,0,0,0,0,0,0,0,0,0,0,0,0,0,0,0,0,0,0,0,0,0,0,0,0,0,0,0,0,0,0,0,0,0,0,0,0,0,0,0,0,0,0,0,0,0,0,0,0,0,0,0,0,0,0,0,0,0,0,0,0,0,0,0},
{0,0,0,0,0,0,0,0,0,0,0,0,0,0,0,0,0,0,0,0,0,0,0,0,0,0,0,0,0,0,0,0,0,0,0,0,0,0,0,0,0,0,0,0,0,0,0,0,0,0,0,0,0,0,0,0,0,0,0,0,0,0,0,0,0,0,0,0,0,0,0,0,0,0,0,0,0,0,0,0,0,0,0,0,0,0,0,0,0,0,0,0,0,0,0,0},
{0,0,-0.0039467304*J1^2*J2^2+0,-0.0022786458*J2^4+0,0,0,0,0,0,0,0.0039467304*J2^4+0,0.0022786458*J1^2*J2^2+0,0,0,0,0,0,0,0,-0.0032224918*J1^2*J2^2+0.0032224918*J2^4+0,0,0,0,0,0,0,0.0055128932*J1^1*J2^3+0,0.0015914352*J1^2*J2^2+0.0015914352*J2^4+0,0,0,0,0,0,0,-0.0005011721*J1^2*J2^2+-0.0005011721*J2^4+0,-0.0005787037*J1^1*J2^3+0,0,0,0,0,0,0,0.0000442978*J1^2*J2^2+-0.0032780353*J1^1*J2^3+0.0000442978*J2^4+0,-0.0009462873*J1^2*J2^2+0.0000511507*J1^1*J2^3+-0.0009462873*J2^4+0,0,0,0,0,0,0,0,0,0,0,0,0,0,0,0,0,0,0,0,0,0,0,0,0,0,0,0,0,0,0,0,0,0,0,0,0,0,0,0,0,0,0,0,0,0,0,0,0,0,0,0,0},
{0,0,-0.0022786458*J2^4+0,0.0013155768*J1^2*J2^2+-0.0026311536*J2^4+0,0,0,0,0,0,0,0.0022786458*J1^2*J2^2+0,0.0026311536*J1^2*J2^2+-0.0013155768*J2^4+0,0,0,0,0,0,0,0.0032224918*J1^2*J2^2+-0.0032224918*J2^4+0,0,0,0,0,0,0,0,0.0015914352*J1^2*J2^2+0.0015914352*J2^4+0,-0.0018376311*J1^2*J2^2+0.0055128932*J1^1*J2^3+-0.0018376311*J2^4+0,0,0,0,0,0,0,-0.0005787037*J1^1*J2^3+0,-0.0005011721*J1^2*J2^2+0.0006682295*J1^1*J2^3+-0.0005011721*J2^4+0,0,0,0,0,0,0,-0.0009462873*J1^2*J2^2+0.0000511507*J1^1*J2^3+-0.0009462873*J2^4+0,0.0011369762*J1^2*J2^2+-0.0033370990*J1^1*J2^3+0.0011369762*J2^4+0,0,0,0,0,0,0,0,0,0,0,0,0,0,0,0,0,0,0,0,0,0,0,0,0,0,0,0,0,0,0,0,0,0,0,0,0,0,0,0,0,0,0,0,0,0,0,0,0,0,0,0,0},
{0,0,-0.0022786458*J2^4+0,0.0013155768*J1^2*J2^2+-0.0026311536*J2^4+0,0,0,0,0,0,0,0.0022786458*J1^2*J2^2+0,0.0026311536*J1^2*J2^2+-0.0013155768*J2^4+0,0,0,0,0,0,0,0.0032224918*J1^2*J2^2+-0.0032224918*J2^4+0,0,0,0,0,0,0,0,0.0002531829*J1^2*J2^2+0.0026765046*J1^1*J2^3+0.0002531829*J2^4+0,0.0007726403*J1^2*J2^2+0.0002923504*J1^1*J2^3+0.0007726403*J2^4+0,0,0,0,0,0,0,-0.0000361690*J1^2*J2^2+-0.0005063657*J1^1*J2^3+-0.0000361690*J2^4+0,-0.0001461752*J1^2*J2^2+-0.0000417643*J1^1*J2^3+-0.0001461752*J2^4+0,0,0,0,0,0,0,0.0003836300*J1^2*J2^2+-0.0026086839*J1^1*J2^3+0.0003836300*J2^4+0,-0.0007530622*J1^2*J2^2+0.0004429777*J1^1*J2^3+-0.0007530622*J2^4+0,0,0,0,0,0,0,0,0,0,0,0,0,0,0,0,0,0,0,0,0,0,0,0,0,0,0,0,0,0,0,0,0,0,0,0,0,0,0,0,0,0,0,0,0,0,0,0,0,0,0,0,0},
{0,0,-0.0039467304*J1^2*J2^2+0.0026311536*J2^4+0,-0.0015190972*J1^2*J2^2+0.0007595486*J2^4+0,0,0,0,0,0,0,-0.0026311536*J1^2*J2^2+0.0039467304*J2^4+0,-0.0007595486*J1^2*J2^2+0.0015190972*J2^4+0,0,0,0,0,0,0,-0.0037210131*J1^2*J2^2+0.0037210131*J2^4+0,-0.0032224918*J1^2*J2^2+0.0032224918*J2^4+0,0,0,0,0,0,0,0.0007726403*J1^2*J2^2+0.0002923504*J1^1*J2^3+0.0007726403*J2^4+0,-0.0006389853*J1^2*J2^2+0.0023389275*J1^1*J2^3+-0.0006389853*J2^4+0,0,0,0,0,0,0,-0.0001461752*J1^2*J2^2+-0.0000417643*J1^1*J2^3+-0.0001461752*J2^4+0,0.0001326196*J1^2*J2^2+-0.0004581404*J1^1*J2^3+0.0001326196*J2^4+0,0,0,0,0,0,0,-0.0007530622*J1^2*J2^2+0.0004429777*J1^1*J2^3+-0.0007530622*J2^4+0,0.0012531913*J1^2*J2^2+-0.0031201905*J1^1*J2^3+0.0012531913*J2^4+0,0,0,0,0,0,0,0,0,0,0,0,0,0,0,0,0,0,0,0,0,0,0,0,0,0,0,0,0,0,0,0,0,0,0,0,0,0,0,0,0,0,0,0,0,0,0,0,0,0,0,0,0},
{-0.0039467304*J1^2*J2^2+0,-0.0022786458*J2^4+0,-0.0045572917*J1^2*J2^2+0,-0.0026311536*J2^4+0,0,0,0,0,0.0039467304*J2^4+0,0.0022786458*J1^2*J2^2+0,0.0045572917*J2^4+0,0.0026311536*J1^2*J2^2+0,0,0,0,0,0,-0.0032224918*J1^2*J2^2+0.0032224918*J2^4+0,0,-0.0037210131*J1^2*J2^2+0.0037210131*J2^4+0,0,0,0,0,0.0055128932*J1^1*J2^3+0,0.0015914352*J1^2*J2^2+0.0015914352*J2^4+0,0.0063657407*J1^1*J2^3+0,0.0018376311*J1^2*J2^2+0.0018376311*J2^4+0,0,0,0,0,-0.0005011721*J1^2*J2^2+-0.0005011721*J2^4+0,-0.0005787037*J1^1*J2^3+0,-0.0005787037*J1^2*J2^2+-0.0005787037*J2^4+0,-0.0006682295*J1^1*J2^3+0,0,0,0,0,0.0000442978*J1^2*J2^2+-0.0032780353*J1^1*J2^3+0.0000442978*J2^4+0,-0.0009462873*J1^2*J2^2+0.0000511507*J1^1*J2^3+-0.0009462873*J2^4+0,0.0000511507*J1^2*J2^2+-0.0037851491*J1^1*J2^3+0.0000511507*J2^4+0,-0.0010926784*J1^2*J2^2+0.0000590637*J1^1*J2^3+-0.0010926784*J2^4+0,0,0,0,0,0,0,0,0,0,0,0,0,0,0,0,0,0,0,0,0,0,0,0,0,0,0,0,0,0,0,0,0,0,0,0,0,0,0,0,0,0,0,0,0,0,0,0,0,0,0,0,0},
{-0.0022786458*J2^4+0,0.0013155768*J1^2*J2^2+-0.0026311536*J2^4+0,-0.0026311536*J2^4+0,0.0015190972*J1^2*J2^2+-0.0030381944*J2^4+0,0,0,0,0,0.0022786458*J1^2*J2^2+0,0.0026311536*J1^2*J2^2+-0.0013155768*J2^4+0,0.0026311536*J1^2*J2^2+0,0.0030381944*J1^2*J2^2+-0.0015190972*J2^4+0,0,0,0,0,0.0032224918*J1^2*J2^2+-0.0032224918*J2^4+0,0,0.0037210131*J1^2*J2^2+-0.0037210131*J2^4+0,0,0,0,0,0,0.0015914352*J1^2*J2^2+0.0015914352*J2^4+0,-0.0018376311*J1^2*J2^2+0.0055128932*J1^1*J2^3+-0.0018376311*J2^4+0,0.0018376311*J1^2*J2^2+0.0018376311*J2^4+0,-0.0021219136*J1^2*J2^2+0.0063657407*J1^1*J2^3+-0.0021219136*J2^4+0,0,0,0,0,-0.0005787037*J1^1*J2^3+0,-0.0005011721*J1^2*J2^2+0.0006682295*J1^1*J2^3+-0.0005011721*J2^4+0,-0.0006682295*J1^1*J2^3+0,-0.0005787037*J1^2*J2^2+0.0007716049*J1^1*J2^3+-0.0005787037*J2^4+0,0,0,0,0,-0.0009462873*J1^2*J2^2+0.0000511507*J1^1*J2^3+-0.0009462873*J2^4+0,0.0011369762*J1^2*J2^2+-0.0033370990*J1^1*J2^3+0.0011369762*J2^4+0,-0.0010926784*J1^2*J2^2+0.0000590637*J1^1*J2^3+-0.0010926784*J2^4+0,0.0013128670*J1^2*J2^2+-0.0038533500*J1^1*J2^3+0.0013128670*J2^4+0,0,0,0,0,0,0,0,0,0,0,0,0,0,0,0,0,0,0,0,0,0,0,0,0,0,0,0,0,0,0,0,0,0,0,0,0,0,0,0,0,0,0,0,0,0,0,0,0,0,0,0,0},
{-0.0022786458*J2^4+0,0.0013155768*J1^2*J2^2+-0.0026311536*J2^4+0,-0.0026311536*J2^4+0,0.0015190972*J1^2*J2^2+-0.0030381944*J2^4+0,0,0,0,0,0.0022786458*J1^2*J2^2+0,0.0026311536*J1^2*J2^2+-0.0013155768*J2^4+0,0.0026311536*J1^2*J2^2+0,0.0030381944*J1^2*J2^2+-0.0015190972*J2^4+0,0,0,0,0,0.0032224918*J1^2*J2^2+-0.0032224918*J2^4+0,0,0.0037210131*J1^2*J2^2+-0.0037210131*J2^4+0,0,0,0,0,0,0.0002531829*J1^2*J2^2+0.0026765046*J1^1*J2^3+0.0002531829*J2^4+0,0.0007726403*J1^2*J2^2+0.0002923504*J1^1*J2^3+0.0007726403*J2^4+0,0.0002923504*J1^2*J2^2+0.0030905613*J1^1*J2^3+0.0002923504*J2^4+0,0.0008921682*J1^2*J2^2+0.0003375772*J1^1*J2^3+0.0008921682*J2^4+0,0,0,0,0,-0.0000361690*J1^2*J2^2+-0.0005063657*J1^1*J2^3+-0.0000361690*J2^4+0,-0.0001461752*J1^2*J2^2+-0.0000417643*J1^1*J2^3+-0.0001461752*J2^4+0,-0.0000417643*J1^2*J2^2+-0.0005847008*J1^1*J2^3+-0.0000417643*J2^4+0,-0.0001687886*J1^2*J2^2+-0.0000482253*J1^1*J2^3+-0.0001687886*J2^4+0,0,0,0,0,0.0003836300*J1^2*J2^2+-0.0026086839*J1^1*J2^3+0.0003836300*J2^4+0,-0.0007530622*J1^2*J2^2+0.0004429777*J1^1*J2^3+-0.0007530622*J2^4+0,0.0004429777*J1^2*J2^2+-0.0030122487*J1^1*J2^3+0.0004429777*J2^4+0,-0.0008695613*J1^2*J2^2+0.0005115066*J1^1*J2^3+-0.0008695613*J2^4+0,0,0,0,0,0,0,0,0,0,0,0,0,0,0,0,0,0,0,0,0,0,0,0,0,0,0,0,0,0,0,0,0,0,0,0,0,0,0,0,0,0,0,0,0,0,0,0,0,0,0,0,0},
{-0.0039467304*J1^2*J2^2+0.0026311536*J2^4+0,-0.0015190972*J1^2*J2^2+0.0007595486*J2^4+0,-0.0045572917*J1^2*J2^2+0.0030381944*J2^4+0,-0.0017541024*J1^2*J2^2+0.0008770512*J2^4+0,0,0,0,0,-0.0026311536*J1^2*J2^2+0.0039467304*J2^4+0,-0.0007595486*J1^2*J2^2+0.0015190972*J2^4+0,-0.0030381944*J1^2*J2^2+0.0045572917*J2^4+0,-0.0008770512*J1^2*J2^2+0.0017541024*J2^4+0,0,0,0,0,-0.0037210131*J1^2*J2^2+0.0037210131*J2^4+0,-0.0032224918*J1^2*J2^2+0.0032224918*J2^4+0,-0.0042966558*J1^2*J2^2+0.0042966558*J2^4+0,-0.0037210131*J1^2*J2^2+0.0037210131*J2^4+0,0,0,0,0,0.0007726403*J1^2*J2^2+0.0002923504*J1^1*J2^3+0.0007726403*J2^4+0,-0.0006389853*J1^2*J2^2+0.0023389275*J1^1*J2^3+-0.0006389853*J2^4+0,0.0008921682*J1^2*J2^2+0.0003375772*J1^1*J2^3+0.0008921682*J2^4+0,-0.0007378367*J1^2*J2^2+0.0027007608*J1^1*J2^3+-0.0007378367*J2^4+0,0,0,0,0,-0.0001461752*J1^2*J2^2+-0.0000417643*J1^1*J2^3+-0.0001461752*J2^4+0,0.0001326196*J1^2*J2^2+-0.0004581404*J1^1*J2^3+0.0001326196*J2^4+0,-0.0001687886*J1^2*J2^2+-0.0000482253*J1^1*J2^3+-0.0001687886*J2^4+0,0.0001531359*J1^2*J2^2+-0.0005290150*J1^1*J2^3+0.0001531359*J2^4+0,0,0,0,0,-0.0007530622*J1^2*J2^2+0.0004429777*J1^1*J2^3+-0.0007530622*J2^4+0,0.0012531913*J1^2*J2^2+-0.0031201905*J1^1*J2^3+0.0012531913*J2^4+0,-0.0008695613*J1^2*J2^2+0.0005115066*J1^1*J2^3+-0.0008695613*J2^4+0,0.0014470606*J1^2*J2^2+-0.0036028857*J1^1*J2^3+0.0014470606*J2^4+0,0,0,0,0,0,0,0,0,0,0,0,0,0,0,0,0,0,0,0,0,0,0,0,0,0,0,0,0,0,0,0,0,0,0,0,0,0,0,0,0,0,0,0,0,0,0,0,0,0,0,0,0},
{0,0,0,0,0,0,0.0022786458*J1^2*J2^2+0,0.0013155768*J2^4+0,0,0,0,0,0,0,-0.0022786458*J2^4+0,-0.0013155768*J1^2*J2^2+0,0,0,0,0,0,0,0,0.0018605065*J1^2*J2^2+-0.0018605065*J2^4+0,0,0,0,0,0,0,-0.0031828704*J1^1*J2^3+0,-0.0009188155*J1^2*J2^2+-0.0009188155*J2^4+0,0,0,0,0,0,0,0.0002893519*J1^2*J2^2+0.0002893519*J2^4+0,0.0003341147*J1^1*J2^3+0,0,0,0,0,0,0,-0.0000255753*J1^2*J2^2+0.0018925746*J1^1*J2^3+-0.0000255753*J2^4+0,0.0005463392*J1^2*J2^2+-0.0000295318*J1^1*J2^3+0.0005463392*J2^4+0,0,0,0,0,0,0,0,0,0,0,0,0,0,0,0,0,0,0,0,0,0,0,0,0,0,0,0,0,0,0,0,0,0,0,0,0,0,0,0,0,0,0,0,0,0,0,0,0},
{0,0,0,0,0,0,0.0013155768*J2^4+0,-0.0007595486*J1^2*J2^2+0.0015190972*J2^4+0,0,0,0,0,0,0,-0.0013155768*J1^2*J2^2+0,-0.0015190972*J1^2*J2^2+0.0007595486*J2^4+0,0,0,0,0,0,0,-0.0018605065*J1^2*J2^2+0.0018605065*J2^4+0,0,0,0,0,0,0,0,-0.0009188155*J1^2*J2^2+-0.0009188155*J2^4+0,0.0010609568*J1^2*J2^2+-0.0031828704*J1^1*J2^3+0.0010609568*J2^4+0,0,0,0,0,0,0,0.0003341147*J1^1*J2^3+0,0.0002893519*J1^2*J2^2+-0.0003858025*J1^1*J2^3+0.0002893519*J2^4+0,0,0,0,0,0,0,0.0005463392*J1^2*J2^2+-0.0000295318*J1^1*J2^3+0.0005463392*J2^4+0,-0.0006564335*J1^2*J2^2+0.0019266750*J1^1*J2^3+-0.0006564335*J2^4+0,0,0,0,0,0,0,0,0,0,0,0,0,0,0,0,0,0,0,0,0,0,0,0,0,0,0,0,0,0,0,0,0,0,0,0,0,0,0,0,0,0,0,0,0,0,0,0,0},
{0,0,0,0,0,0,0.0013155768*J2^4+0,-0.0007595486*J1^2*J2^2+0.0015190972*J2^4+0,0,0,0,0,0,0,-0.0013155768*J1^2*J2^2+0,-0.0015190972*J1^2*J2^2+0.0007595486*J2^4+0,0,0,0,0,0,0,-0.0018605065*J1^2*J2^2+0.0018605065*J2^4+0,0,0,0,0,0,0,0,-0.0001461752*J1^2*J2^2+-0.0015452807*J1^1*J2^3+-0.0001461752*J2^4+0,-0.0004460841*J1^2*J2^2+-0.0001687886*J1^1*J2^3+-0.0004460841*J2^4+0,0,0,0,0,0,0,0.0000208822*J1^2*J2^2+0.0002923504*J1^1*J2^3+0.0000208822*J2^4+0,0.0000843943*J1^2*J2^2+0.0000241127*J1^1*J2^3+0.0000843943*J2^4+0,0,0,0,0,0,0,-0.0002214889*J1^2*J2^2+0.0015061243*J1^1*J2^3+-0.0002214889*J2^4+0,0.0004347806*J1^2*J2^2+-0.0002557533*J1^1*J2^3+0.0004347806*J2^4+0,0,0,0,0,0,0,0,0,0,0,0,0,0,0,0,0,0,0,0,0,0,0,0,0,0,0,0,0,0,0,0,0,0,0,0,0,0,0,0,0,0,0,0,0,0,0,0,0},
{0,0,0,0,0,0,0.0022786458*J1^2*J2^2+-0.0015190972*J2^4+0,0.0008770512*J1^2*J2^2+-0.0004385256*J2^4+0,0,0,0,0,0,0,0.0015190972*J1^2*J2^2+-0.0022786458*J2^4+0,0.0004385256*J1^2*J2^2+-0.0008770512*J2^4+0,0,0,0,0,0,0,0.0021483279*J1^2*J2^2+-0.0021483279*J2^4+0,0.0018605065*J1^2*J2^2+-0.0018605065*J2^4+0,0,0,0,0,0,0,-0.0004460841*J1^2*J2^2+-0.0001687886*J1^1*J2^3+-0.0004460841*J2^4+0,0.0003689184*J1^2*J2^2+-0.0013503804*J1^1*J2^3+0.0003689184*J2^4+0,0,0,0,0,0,0,0.0000843943*J1^2*J2^2+0.0000241127*J1^1*J2^3+0.0000843943*J2^4+0,-0.0000765680*J1^2*J2^2+0.0002645075*J1^1*J2^3+-0.0000765680*J2^4+0,0,0,0,0,0,0,0.0004347806*J1^2*J2^2+-0.0002557533*J1^1*J2^3+0.0004347806*J2^4+0,-0.0007235303*J1^2*J2^2+0.0018014428*J1^1*J2^3+-0.0007235303*J2^4+0,0,0,0,0,0,0,0,0,0,0,0,0,0,0,0,0,0,0,0,0,0,0,0,0,0,0,0,0,0,0,0,0,0,0,0,0,0,0,0,0,0,0,0,0,0,0,0,0},
{0,0,0,0,0.0022786458*J1^2*J2^2+0,0.0013155768*J2^4+0,0.0026311536*J1^2*J2^2+0,0.0015190972*J2^4+0,0,0,0,0,-0.0022786458*J2^4+0,-0.0013155768*J1^2*J2^2+0,-0.0026311536*J2^4+0,-0.0015190972*J1^2*J2^2+0,0,0,0,0,0,0.0018605065*J1^2*J2^2+-0.0018605065*J2^4+0,0,0.0021483279*J1^2*J2^2+-0.0021483279*J2^4+0,0,0,0,0,-0.0031828704*J1^1*J2^3+0,-0.0009188155*J1^2*J2^2+-0.0009188155*J2^4+0,-0.0036752621*J1^1*J2^3+0,-0.0010609568*J1^2*J2^2+-0.0010609568*J2^4+0,0,0,0,0,0.0002893519*J1^2*J2^2+0.0002893519*J2^4+0,0.0003341147*J1^1*J2^3+0,0.0003341147*J1^2*J2^2+0.0003341147*J2^4+0,0.0003858025*J1^1*J2^3+0,0,0,0,0,-0.0000255753*J1^2*J2^2+0.0018925746*J1^1*J2^3+-0.0000255753*J2^4+0,0.0005463392*J1^2*J2^2+-0.0000295318*J1^1*J2^3+0.0005463392*J2^4+0,-0.0000295318*J1^2*J2^2+0.0021853569*J1^1*J2^3+-0.0000295318*J2^4+0,0.0006308582*J1^2*J2^2+-0.0000341004*J1^1*J2^3+0.0006308582*J2^4+0,0,0,0,0,0,0,0,0,0,0,0,0,0,0,0,0,0,0,0,0,0,0,0,0,0,0,0,0,0,0,0,0,0,0,0,0,0,0,0,0,0,0,0,0,0,0,0,0},
{0,0,0,0,0.0013155768*J2^4+0,-0.0007595486*J1^2*J2^2+0.0015190972*J2^4+0,0.0015190972*J2^4+0,-0.0008770512*J1^2*J2^2+0.0017541024*J2^4+0,0,0,0,0,-0.0013155768*J1^2*J2^2+0,-0.0015190972*J1^2*J2^2+0.0007595486*J2^4+0,-0.0015190972*J1^2*J2^2+0,-0.0017541024*J1^2*J2^2+0.0008770512*J2^4+0,0,0,0,0,-0.0018605065*J1^2*J2^2+0.0018605065*J2^4+0,0,-0.0021483279*J1^2*J2^2+0.0021483279*J2^4+0,0,0,0,0,0,-0.0009188155*J1^2*J2^2+-0.0009188155*J2^4+0,0.0010609568*J1^2*J2^2+-0.0031828704*J1^1*J2^3+0.0010609568*J2^4+0,-0.0010609568*J1^2*J2^2+-0.0010609568*J2^4+0,0.0012250874*J1^2*J2^2+-0.0036752621*J1^1*J2^3+0.0012250874*J2^4+0,0,0,0,0,0.0003341147*J1^1*J2^3+0,0.0002893519*J1^2*J2^2+-0.0003858025*J1^1*J2^3+0.0002893519*J2^4+0,0.0003858025*J1^1*J2^3+0,0.0003341147*J1^2*J2^2+-0.0004454863*J1^1*J2^3+0.0003341147*J2^4+0,0,0,0,0,0.0005463392*J1^2*J2^2+-0.0000295318*J1^1*J2^3+0.0005463392*J2^4+0,-0.0006564335*J1^2*J2^2+0.0019266750*J1^1*J2^3+-0.0006564335*J2^4+0,0.0006308582*J1^2*J2^2+-0.0000341004*J1^1*J2^3+0.0006308582*J2^4+0,-0.0007579841*J1^2*J2^2+0.0022247327*J1^1*J2^3+-0.0007579841*J2^4+0,0,0,0,0,0,0,0,0,0,0,0,0,0,0,0,0,0,0,0,0,0,0,0,0,0,0,0,0,0,0,0,0,0,0,0,0,0,0,0,0,0,0,0,0,0,0,0,0},
{0,0,0,0,0.0013155768*J2^4+0,-0.0007595486*J1^2*J2^2+0.0015190972*J2^4+0,0.0015190972*J2^4+0,-0.0008770512*J1^2*J2^2+0.0017541024*J2^4+0,0,0,0,0,-0.0013155768*J1^2*J2^2+0,-0.0015190972*J1^2*J2^2+0.0007595486*J2^4+0,-0.0015190972*J1^2*J2^2+0,-0.0017541024*J1^2*J2^2+0.0008770512*J2^4+0,0,0,0,0,-0.0018605065*J1^2*J2^2+0.0018605065*J2^4+0,0,-0.0021483279*J1^2*J2^2+0.0021483279*J2^4+0,0,0,0,0,0,-0.0001461752*J1^2*J2^2+-0.0015452807*J1^1*J2^3+-0.0001461752*J2^4+0,-0.0004460841*J1^2*J2^2+-0.0001687886*J1^1*J2^3+-0.0004460841*J2^4+0,-0.0001687886*J1^2*J2^2+-0.0017843364*J1^1*J2^3+-0.0001687886*J2^4+0,-0.0005150936*J1^2*J2^2+-0.0001949003*J1^1*J2^3+-0.0005150936*J2^4+0,0,0,0,0,0.0000208822*J1^2*J2^2+0.0002923504*J1^1*J2^3+0.0000208822*J2^4+0,0.0000843943*J1^2*J2^2+0.0000241127*J1^1*J2^3+0.0000843943*J2^4+0,0.0000241127*J1^2*J2^2+0.0003375772*J1^1*J2^3+0.0000241127*J2^4+0,0.0000974501*J1^2*J2^2+0.0000278429*J1^1*J2^3+0.0000974501*J2^4+0,0,0,0,0,-0.0002214889*J1^2*J2^2+0.0015061243*J1^1*J2^3+-0.0002214889*J2^4+0,0.0004347806*J1^2*J2^2+-0.0002557533*J1^1*J2^3+0.0004347806*J2^4+0,-0.0002557533*J1^2*J2^2+0.0017391226*J1^1*J2^3+-0.0002557533*J2^4+0,0.0005020414*J1^2*J2^2+-0.0002953185*J1^1*J2^3+0.0005020414*J2^4+0,0,0,0,0,0,0,0,0,0,0,0,0,0,0,0,0,0,0,0,0,0,0,0,0,0,0,0,0,0,0,0,0,0,0,0,0,0,0,0,0,0,0,0,0,0,0,0,0},
{0,0,0,0,0.0022786458*J1^2*J2^2+-0.0015190972*J2^4+0,0.0008770512*J1^2*J2^2+-0.0004385256*J2^4+0,0.0026311536*J1^2*J2^2+-0.0017541024*J2^4+0,0.0010127315*J1^2*J2^2+-0.0005063657*J2^4+0,0,0,0,0,0.0015190972*J1^2*J2^2+-0.0022786458*J2^4+0,0.0004385256*J1^2*J2^2+-0.0008770512*J2^4+0,0.0017541024*J1^2*J2^2+-0.0026311536*J2^4+0,0.0005063657*J1^2*J2^2+-0.0010127315*J2^4+0,0,0,0,0,0.0021483279*J1^2*J2^2+-0.0021483279*J2^4+0,0.0018605065*J1^2*J2^2+-0.0018605065*J2^4+0,0.0024806754*J1^2*J2^2+-0.0024806754*J2^4+0,0.0021483279*J1^2*J2^2+-0.0021483279*J2^4+0,0,0,0,0,-0.0004460841*J1^2*J2^2+-0.0001687886*J1^1*J2^3+-0.0004460841*J2^4+0,0.0003689184*J1^2*J2^2+-0.0013503804*J1^1*J2^3+0.0003689184*J2^4+0,-0.0005150936*J1^2*J2^2+-0.0001949003*J1^1*J2^3+-0.0005150936*J2^4+0,0.0004259902*J1^2*J2^2+-0.0015592850*J1^1*J2^3+0.0004259902*J2^4+0,0,0,0,0,0.0000843943*J1^2*J2^2+0.0000241127*J1^1*J2^3+0.0000843943*J2^4+0,-0.0000765680*J1^2*J2^2+0.0002645075*J1^1*J2^3+-0.0000765680*J2^4+0,0.0000974501*J1^2*J2^2+0.0000278429*J1^1*J2^3+0.0000974501*J2^4+0,-0.0000884131*J1^2*J2^2+0.0003054270*J1^1*J2^3+-0.0000884131*J2^4+0,0,0,0,0,0.0004347806*J1^2*J2^2+-0.0002557533*J1^1*J2^3+0.0004347806*J2^4+0,-0.0007235303*J1^2*J2^2+0.0018014428*J1^1*J2^3+-0.0007235303*J2^4+0,0.0005020414*J1^2*J2^2+-0.0002953185*J1^1*J2^3+0.0005020414*J2^4+0,-0.0008354608*J1^2*J2^2+0.0020801270*J1^1*J2^3+-0.0008354608*J2^4+0,0,0,0,0,0,0,0,0,0,0,0,0,0,0,0,0,0,0,0,0,0,0,0,0,0,0,0,0,0,0,0,0,0,0,0,0,0,0,0,0,0,0,0,0,0,0,0,0},
{0,0,0,0,0,0,-0.0032224918*J1^2*J2^2+0,-0.0018605065*J2^4+0,0,0,0,0,0,0,0.0032224918*J2^4+0,0.0018605065*J1^2*J2^2+0,0,0,0,0,0,0,0,-0.0026311536*J1^2*J2^2+0.0026311536*J2^4+0,0,0,0,0,0,0,0.0045012584*J1^1*J2^3+0,0.0012994014*J1^2*J2^2+0.0012994014*J2^4+0,0,0,0,0,0,0,-0.0004092053*J1^2*J2^2+-0.0004092053*J2^4+0,-0.0004725096*J1^1*J2^3+0,0,0,0,0,0,0,0.0000361690*J1^2*J2^2+-0.0026765046*J1^1*J2^3+0.0000361690*J2^4+0,-0.0007726403*J1^2*J2^2+0.0000417643*J1^1*J2^3+-0.0007726403*J2^4+0,0,0,0,0,0,0,0,0,0,0,0,0,0,0,0,0,0,0,0,0,0,0,0,0,0,0,0,0,0,0,0,0,0,0,0,0,0,0,0,0,0,0,0,0,0,0,0,0},
{0,0,0,0,0,0,-0.0018605065*J2^4+0,0.0010741639*J1^2*J2^2+-0.0021483279*J2^4+0,0,0,0,0,0,0,0.0018605065*J1^2*J2^2+0,0.0021483279*J1^2*J2^2+-0.0010741639*J2^4+0,0,0,0,0,0,0,0.0026311536*J1^2*J2^2+-0.0026311536*J2^4+0,0,0,0,0,0,0,0,0.0012994014*J1^2*J2^2+0.0012994014*J2^4+0,-0.0015004195*J1^2*J2^2+0.0045012584*J1^1*J2^3+-0.0015004195*J2^4+0,0,0,0,0,0,0,-0.0004725096*J1^1*J2^3+0,-0.0004092053*J1^2*J2^2+0.0005456071*J1^1*J2^3+-0.0004092053*J2^4+0,0,0,0,0,0,0,-0.0007726403*J1^2*J2^2+0.0000417643*J1^1*J2^3+-0.0007726403*J2^4+0,0.0009283372*J1^2*J2^2+-0.0027247299*J1^1*J2^3+0.0009283372*J2^4+0,0,0,0,0,0,0,0,0,0,0,0,0,0,0,0,0,0,0,0,0,0,0,0,0,0,0,0,0,0,0,0,0,0,0,0,0,0,0,0,0,0,0,0,0,0,0,0,0},
{0,0,0,0,0,0,-0.0018605065*J2^4+0,0.0010741639*J1^2*J2^2+-0.0021483279*J2^4+0,0,0,0,0,0,0,0.0018605065*J1^2*J2^2+0,0.0021483279*J1^2*J2^2+-0.0010741639*J2^4+0,0,0,0,0,0,0,0.0026311536*J1^2*J2^2+-0.0026311536*J2^4+0,0,0,0,0,0,0,0,0.0002067229*J1^2*J2^2+0.0021853569*J1^1*J2^3+0.0002067229*J2^4+0,0.0006308582*J1^2*J2^2+0.0002387031*J1^1*J2^3+0.0006308582*J2^4+0,0,0,0,0,0,0,-0.0000295318*J1^2*J2^2+-0.0004134459*J1^1*J2^3+-0.0000295318*J2^4+0,-0.0001193515*J1^2*J2^2+-0.0000341004*J1^1*J2^3+-0.0001193515*J2^4+0,0,0,0,0,0,0,0.0003132326*J1^2*J2^2+-0.0021299815*J1^1*J2^3+0.0003132326*J2^4+0,-0.0006148727*J1^2*J2^2+0.0003616898*J1^1*J2^3+-0.0006148727*J2^4+0,0,0,0,0,0,0,0,0,0,0,0,0,0,0,0,0,0,0,0,0,0,0,0,0,0,0,0,0,0,0,0,0,0,0,0,0,0,0,0,0,0,0,0,0,0,0,0,0},
{0,0,0,0,0,0,-0.0032224918*J1^2*J2^2+0.0021483279*J2^4+0,-0.0012403377*J1^2*J2^2+0.0006201688*J2^4+0,0,0,0,0,0,0,-0.0021483279*J1^2*J2^2+0.0032224918*J2^4+0,-0.0006201688*J1^2*J2^2+0.0012403377*J2^4+0,0,0,0,0,0,0,-0.0030381944*J1^2*J2^2+0.0030381944*J2^4+0,-0.0026311536*J1^2*J2^2+0.0026311536*J2^4+0,0,0,0,0,0,0,0.0006308582*J1^2*J2^2+0.0002387031*J1^1*J2^3+0.0006308582*J2^4+0,-0.0005217293*J1^2*J2^2+0.0019097263*J1^1*J2^3+-0.0005217293*J2^4+0,0,0,0,0,0,0,-0.0001193515*J1^2*J2^2+-0.0000341004*J1^1*J2^3+-0.0001193515*J2^4+0,0.0001082834*J1^2*J2^2+-0.0003740701*J1^1*J2^3+0.0001082834*J2^4+0,0,0,0,0,0,0,-0.0006148727*J1^2*J2^2+0.0003616898*J1^1*J2^3+-0.0006148727*J2^4+0,0.0010232264*J1^2*J2^2+-0.0025476249*J1^1*J2^3+0.0010232264*J2^4+0,0,0,0,0,0,0,0,0,0,0,0,0,0,0,0,0,0,0,0,0,0,0,0,0,0,0,0,0,0,0,0,0,0,0,0,0,0,0,0,0,0,0,0,0,0,0,0,0},
{0,0,0,0,-0.0032224918*J1^2*J2^2+0,-0.0018605065*J2^4+0,-0.0037210131*J1^2*J2^2+0,-0.0021483279*J2^4+0,0,0,0,0,0.0032224918*J2^4+0,0.0018605065*J1^2*J2^2+0,0.0037210131*J2^4+0,0.0021483279*J1^2*J2^2+0,0,0,0,0,0,-0.0026311536*J1^2*J2^2+0.0026311536*J2^4+0,0,-0.0030381944*J1^2*J2^2+0.0030381944*J2^4+0,0,0,0,0,0.0045012584*J1^1*J2^3+0,0.0012994014*J1^2*J2^2+0.0012994014*J2^4+0,0.0051976055*J1^1*J2^3+0,0.0015004195*J1^2*J2^2+0.0015004195*J2^4+0,0,0,0,0,-0.0004092053*J1^2*J2^2+-0.0004092053*J2^4+0,-0.0004725096*J1^1*J2^3+0,-0.0004725096*J1^2*J2^2+-0.0004725096*J2^4+0,-0.0005456071*J1^1*J2^3+0,0,0,0,0,0.0000361690*J1^2*J2^2+-0.0026765046*J1^1*J2^3+0.0000361690*J2^4+0,-0.0007726403*J1^2*J2^2+0.0000417643*J1^1*J2^3+-0.0007726403*J2^4+0,0.0000417643*J1^2*J2^2+-0.0030905613*J1^1*J2^3+0.0000417643*J2^4+0,-0.0008921682*J1^2*J2^2+0.0000482253*J1^1*J2^3+-0.0008921682*J2^4+0,0,0,0,0,0,0,0,0,0,0,0,0,0,0,0,0,0,0,0,0,0,0,0,0,0,0,0,0,0,0,0,0,0,0,0,0,0,0,0,0,0,0,0,0,0,0,0,0},
{0,0,0,0,-0.0018605065*J2^4+0,0.0010741639*J1^2*J2^2+-0.0021483279*J2^4+0,-0.0021483279*J2^4+0,0.0012403377*J1^2*J2^2+-0.0024806754*J2^4+0,0,0,0,0,0.0018605065*J1^2*J2^2+0,0.0021483279*J1^2*J2^2+-0.0010741639*J2^4+0,0.0021483279*J1^2*J2^2+0,0.0024806754*J1^2*J2^2+-0.0012403377*J2^4+0,0,0,0,0,0.0026311536*J1^2*J2^2+-0.0026311536*J2^4+0,0,0.0030381944*J1^2*J2^2+-0.0030381944*J2^4+0,0,0,0,0,0,0.0012994014*J1^2*J2^2+0.0012994014*J2^4+0,-0.0015004195*J1^2*J2^2+0.0045012584*J1^1*J2^3+-0.0015004195*J2^4+0,0.0015004195*J1^2*J2^2+0.0015004195*J2^4+0,-0.0017325352*J1^2*J2^2+0.0051976055*J1^1*J2^3+-0.0017325352*J2^4+0,0,0,0,0,-0.0004725096*J1^1*J2^3+0,-0.0004092053*J1^2*J2^2+0.0005456071*J1^1*J2^3+-0.0004092053*J2^4+0,-0.0005456071*J1^1*J2^3+0,-0.0004725096*J1^2*J2^2+0.0006300128*J1^1*J2^3+-0.0004725096*J2^4+0,0,0,0,0,-0.0007726403*J1^2*J2^2+0.0000417643*J1^1*J2^3+-0.0007726403*J2^4+0,0.0009283372*J1^2*J2^2+-0.0027247299*J1^1*J2^3+0.0009283372*J2^4+0,-0.0008921682*J1^2*J2^2+0.0000482253*J1^1*J2^3+-0.0008921682*J2^4+0,0.0010719515*J1^2*J2^2+-0.0031462471*J1^1*J2^3+0.0010719515*J2^4+0,0,0,0,0,0,0,0,0,0,0,0,0,0,0,0,0,0,0,0,0,0,0,0,0,0,0,0,0,0,0,0,0,0,0,0,0,0,0,0,0,0,0,0,0,0,0,0,0},
{0,0,0,0,-0.0018605065*J2^4+0,0.0010741639*J1^2*J2^2+-0.0021483279*J2^4+0,-0.0021483279*J2^4+0,0.0012403377*J1^2*J2^2+-0.0024806754*J2^4+0,0,0,0,0,0.0018605065*J1^2*J2^2+0,0.0021483279*J1^2*J2^2+-0.0010741639*J2^4+0,0.0021483279*J1^2*J2^2+0,0.0024806754*J1^2*J2^2+-0.0012403377*J2^4+0,0,0,0,0,0.0026311536*J1^2*J2^2+-0.0026311536*J2^4+0,0,0.0030381944*J1^2*J2^2+-0.0030381944*J2^4+0,0,0,0,0,0,0.0002067229*J1^2*J2^2+0.0021853569*J1^1*J2^3+0.0002067229*J2^4+0,0.0006308582*J1^2*J2^2+0.0002387031*J1^1*J2^3+0.0006308582*J2^4+0,0.0002387031*J1^2*J2^2+0.0025234328*J1^1*J2^3+0.0002387031*J2^4+0,0.0007284523*J1^2*J2^2+0.0002756306*J1^1*J2^3+0.0007284523*J2^4+0,0,0,0,0,-0.0000295318*J1^2*J2^2+-0.0004134459*J1^1*J2^3+-0.0000295318*J2^4+0,-0.0001193515*J1^2*J2^2+-0.0000341004*J1^1*J2^3+-0.0001193515*J2^4+0,-0.0000341004*J1^2*J2^2+-0.0004774062*J1^1*J2^3+-0.0000341004*J2^4+0,-0.0001378153*J1^2*J2^2+-0.0000393758*J1^1*J2^3+-0.0001378153*J2^4+0,0,0,0,0,0.0003132326*J1^2*J2^2+-0.0021299815*J1^1*J2^3+0.0003132326*J2^4+0,-0.0006148727*J1^2*J2^2+0.0003616898*J1^1*J2^3+-0.0006148727*J2^4+0,0.0003616898*J1^2*J2^2+-0.0024594907*J1^1*J2^3+0.0003616898*J2^4+0,-0.0007099938*J1^2*J2^2+0.0004176434*J1^1*J2^3+-0.0007099938*J2^4+0,0,0,0,0,0,0,0,0,0,0,0,0,0,0,0,0,0,0,0,0,0,0,0,0,0,0,0,0,0,0,0,0,0,0,0,0,0,0,0,0,0,0,0,0,0,0,0,0},
{0,0,0,0,-0.0032224918*J1^2*J2^2+0.0021483279*J2^4+0,-0.0012403377*J1^2*J2^2+0.0006201688*J2^4+0,-0.0037210131*J1^2*J2^2+0.0024806754*J2^4+0,-0.0014322186*J1^2*J2^2+0.0007161093*J2^4+0,0,0,0,0,-0.0021483279*J1^2*J2^2+0.0032224918*J2^4+0,-0.0006201688*J1^2*J2^2+0.0012403377*J2^4+0,-0.0024806754*J1^2*J2^2+0.0037210131*J2^4+0,-0.0007161093*J1^2*J2^2+0.0014322186*J2^4+0,0,0,0,0,-0.0030381944*J1^2*J2^2+0.0030381944*J2^4+0,-0.0026311536*J1^2*J2^2+0.0026311536*J2^4+0,-0.0035082048*J1^2*J2^2+0.0035082048*J2^4+0,-0.0030381944*J1^2*J2^2+0.0030381944*J2^4+0,0,0,0,0,0.0006308582*J1^2*J2^2+0.0002387031*J1^1*J2^3+0.0006308582*J2^4+0,-0.0005217293*J1^2*J2^2+0.0019097263*J1^1*J2^3+-0.0005217293*J2^4+0,0.0007284523*J1^2*J2^2+0.0002756306*J1^1*J2^3+0.0007284523*J2^4+0,-0.0006024412*J1^2*J2^2+0.0022051620*J1^1*J2^3+-0.0006024412*J2^4+0,0,0,0,0,-0.0001193515*J1^2*J2^2+-0.0000341004*J1^1*J2^3+-0.0001193515*J2^4+0,0.0001082834*J1^2*J2^2+-0.0003740701*J1^1*J2^3+0.0001082834*J2^4+0,-0.0001378153*J1^2*J2^2+-0.0000393758*J1^1*J2^3+-0.0001378153*J2^4+0,0.0001250350*J1^2*J2^2+-0.0004319389*J1^1*J2^3+0.0001250350*J2^4+0,0,0,0,0,-0.0006148727*J1^2*J2^2+0.0003616898*J1^1*J2^3+-0.0006148727*J2^4+0,0.0010232264*J1^2*J2^2+-0.0025476249*J1^1*J2^3+0.0010232264*J2^4+0,-0.0007099938*J1^2*J2^2+0.0004176434*J1^1*J2^3+-0.0007099938*J2^4+0,0.0011815201*J1^2*J2^2+-0.0029417438*J1^1*J2^3+0.0011815201*J2^4+0,0,0,0,0,0,0,0,0,0,0,0,0,0,0,0,0,0,0,0,0,0,0,0,0,0,0,0,0,0,0,0,0,0,0,0,0,0,0,0,0,0,0,0,0,0,0,0,0}
}