96
{{0,0,0,0,0,0,0,0,0,0,0,0,0,0,0,0,0,0,0,0,0,0,0,0,0,0,0,0,0,0,0,0,0,0,0,0,0,0,0,0,0,0,0,0,0,0,0,0,0,0,0,0,0,0,0,0,0,0,0,0,0,0,0,0,0,0,0,0,0,0,0,0,0,0.0186060145*J1^2*J2^2+0.0095849166*J1^1*J2^3+0,0,-0.0231119792*J1^2*J2^2+0.0018446181*J1^1*J2^3+-0.0158420139*J2^4+0,0,0.0107421875*J1^1*J2^3+0.0055338542*J2^4+0,0,-0.0006264651*J1^2*J2^2+-0.0224900984*J1^1*J2^3+0.0016914559*J2^4+0,0,0,0,0,0,0,0,0,0,0,0,0,0,0,0,0},
{0,0,0,0,0,0,0,0,0,0,0,0,0,0,0,0,0,0,0,0,0,0,0,0,0,0,0,0,0,0,0,0,0,0,0,0,0,0,0,0,0,0,0,0,0,0,0,0,0,0,0,0,0,0,0,0,0,0,0,0,0,0,0,0,0,0,0,0,0,0,0,0,0,-0.0231119792*J1^2*J2^2+0.0228949653*J1^1*J2^3+-0.0243055556*J2^4+0,0,-0.0080814003*J1^2*J2^2+0.0020673349*J1^1*J2^3+0.0231792100*J2^4+0,0,0.0115269585*J1^2*J2^2+-0.0273765264*J1^1*J2^3+0.0016914559*J2^4+0,0,-0.0062934028*J1^2*J2^2+0.0087167245*J1^1*J2^3+0.0074869792*J2^4+0,0,0,0,0,0,0,0,0,0,0,0,0,0,0,0,0},
{0,0,0,0,0,0,0,0,0,0,0,0,0,0,0,0,0,0,0,0,0,0,0,0,0,0,0,0,0,0,0,0,0,0,0,0,0,0,0,0,0,0,0,0,0,0,0,0,0,0,0,0,0,0,0,0,0,0,0,0,0,0,0,0,0,0,0,0,0,0,0,0,0,0.0107421875*J1^1*J2^3+0.0055338542*J2^4+0,0,-0.0006264651*J1^2*J2^2+-0.0224900984*J1^1*J2^3+0.0016914559*J2^4+0,0,0.0186060145*J1^2*J2^2+-0.0028190931*J1^1*J2^3+-0.0063899444*J2^4+0,0,-0.0223885995*J1^2*J2^2+0.0278139468*J1^1*J2^3+-0.0177951389*J2^4+0,0,0,0,0,0,0,0,0,0,0,0,0,0,0,0,0},
{0,0,0,0,0,0,0,0,0,0,0,0,0,0,0,0,0,0,0,0,0,0,0,0,0,0,0,0,0,0,0,0,0,0,0,0,0,0,0,0,0,0,0,0,0,0,0,0,0,0,0,0,0,0,0,0,0,0,0,0,0,0,0,0,0,0,0,0,0,0,0,0,0,0.0115269585*J1^2*J2^2+-0.0273765264*J1^1*J2^3+0.0016914559*J2^4+0,0,-0.0062934028*J1^2*J2^2+0.0087167245*J1^1*J2^3+0.0074869792*J2^4+0,0,-0.0364221644*J1^2*J2^2+0.0545066551*J1^1*J2^3+-0.0262586806*J2^4+0,0,-0.0008144047*J1^2*J2^2+-0.0079978716*J1^1*J2^3+0.0145339912*J2^4+0,0,0,0,0,0,0,0,0,0,0,0,0,0,0,0,0},
{0,0,0,0,0,0,0,0,0,0,0,0,0,0,0,0,0,0,0,0,0,0,0,0,0,0,0,0,0,0,0,0,0,0,0,0,0,0,0,0,0,0,0,0,0,0,0,0,0,0,0,0,0,0,0,0,0,0,0,0,0,0,0,0,0,0,0,0,0,0,0,0,0,0,0,0,0,0,0,0,0,-0.0107421875*J1^2*J2^2+-0.0055338542*J1^1*J2^3+0,0,0.0133437074*J1^2*J2^2+-0.0010649907*J1^1*J2^3+0.0091463910*J2^4+0,0,-0.0062020048*J1^1*J2^3+-0.0031949722*J2^4+0,0,0.0003616898*J1^2*J2^2+0.0129846644*J1^1*J2^3+-0.0009765625*J2^4+0,0,0.0151917473*J1^2*J2^2+0.0078260516*J1^1*J2^3+0,0,-0.0188708520*J1^2*J2^2+0.0015061243*J1^1*J2^3+-0.0129349502*J2^4+0,0,0.0087709594*J1^1*J2^3+0.0045183730*J2^4+0,0,-0.0005115066*J1^2*J2^2+-0.0183630884*J1^1*J2^3+0.0013810679*J2^4+0},
{0,0,0,0,0,0,0,0,0,0,0,0,0,0,0,0,0,0,0,0,0,0,0,0,0,0,0,0,0,0,0,0,0,0,0,0,0,0,0,0,0,0,0,0,0,0,0,0,0,0,0,0,0,0,0,0,0,0,0,0,0,0,0,0,0,0,0,0,0,0,0,0,0,0,0,0,0,0,0,0,0,0.0133437074*J1^2*J2^2+-0.0132184144*J1^1*J2^3+0.0140328190*J2^4+0,0,0.0046657986*J1^2*J2^2+-0.0011935764*J1^1*J2^3+-0.0133825231*J2^4+0,0,-0.0066550926*J1^2*J2^2+0.0158058449*J1^1*J2^3+-0.0009765625*J2^4+0,0,0.0036334978*J1^2*J2^2+-0.0050326033*J1^1*J2^3+-0.0043226094*J2^4+0,0,-0.0188708520*J1^2*J2^2+0.0186936609*J1^1*J2^3+-0.0198454030*J2^4+0,0,-0.0065984357*J1^2*J2^2+0.0016879719*J1^1*J2^3+0.0189257457*J2^4+0,0,0.0094117222*J1^2*J2^2+-0.0223528402*J1^1*J2^3+0.0013810679*J2^4+0,0,-0.0051385419*J1^2*J2^2+0.0071171758*J1^1*J2^3+0.0061130929*J2^4+0},
{0,0,0,0,0,0,0,0,0,0,0,0,0,0,0,0,0,0,0,0,0,0,0,0,0,0,0,0,0,0,0,0,0,0,0,0,0,0,0,0,0,0,0,0,0,0,0,0,0,0,0,0,0,0,0,0,0,0,0,0,0,0,0,0,0,0,0,0,0,0,0,0,0,0,0,0,0,0,0,0,0,-0.0062020048*J1^1*J2^3+-0.0031949722*J2^4+0,0,0.0003616898*J1^2*J2^2+0.0129846644*J1^1*J2^3+-0.0009765625*J2^4+0,0,-0.0107421875*J1^2*J2^2+0.0016276042*J1^1*J2^3+0.0036892361*J2^4+0,0,0.0129260640*J1^2*J2^2+-0.0160583896*J1^1*J2^3+0.0102740282*J2^4+0,0,0.0087709594*J1^1*J2^3+0.0045183730*J2^4+0,0,-0.0005115066*J1^2*J2^2+-0.0183630884*J1^1*J2^3+0.0013810679*J2^4+0,0,0.0151917473*J1^2*J2^2+-0.0023017799*J1^1*J2^3+-0.0052173677*J2^4+0,0,-0.0182802150*J1^2*J2^2+0.0227099924*J1^1*J2^3+-0.0145296701*J2^4+0},
{0,0,0,0,0,0,0,0,0,0,0,0,0,0,0,0,0,0,0,0,0,0,0,0,0,0,0,0,0,0,0,0,0,0,0,0,0,0,0,0,0,0,0,0,0,0,0,0,0,0,0,0,0,0,0,0,0,0,0,0,0,0,0,0,0,0,0,0,0,0,0,0,0,0,0,0,0,0,0,0,0,-0.0066550926*J1^2*J2^2+0.0158058449*J1^1*J2^3+-0.0009765625*J2^4+0,0,0.0036334978*J1^2*J2^2+-0.0050326033*J1^1*J2^3+-0.0043226094*J2^4+0,0,0.0210283464*J1^2*J2^2+-0.0314694320*J1^1*J2^3+0.0151604563*J2^4+0,0,0.0004701968*J1^2*J2^2+0.0046175733*J1^1*J2^3+-0.0083912037*J2^4+0,0,0.0094117222*J1^2*J2^2+-0.0223528402*J1^1*J2^3+0.0013810679*J2^4+0,0,-0.0051385419*J1^2*J2^2+0.0071171758*J1^1*J2^3+0.0061130929*J2^4+0,0,-0.0297385727*J1^2*J2^2+0.0445044975*J1^1*J2^3+-0.0214401229*J2^4+0,0,-0.0006649586*J1^2*J2^2+-0.0065302348*J1^1*J2^3+0.0118669541*J2^4+0},
{0,0,0,0,0,0,0,0,0,0,0,0,0,0,0,0,0,0,0,0,0,0,0,0,0,0,0,0,0,0,0,0,0,0,0,0,0,0,0,0,0,0,0,0,0,0,0,0,0,0,0,0,0,0,0,0,0,0,0,0,0,0,0,0,0,0,0,0,0,0,0,0,-0.0322265625*J1^2*J2^2+0,-0.0095849166*J1^1*J2^3+0,-0.0214251076*J1^1*J2^3+-0.0073296421*J2^4+0,0.0231119792*J1^2*J2^2+0.0105251736*J1^1*J2^3+0.0200737847*J2^4+0,-0.0186060145*J1^1*J2^3+0,-0.0055338542*J2^4+0,-0.0094401042*J1^2*J2^2+-0.0042317708*J1^1*J2^3+-0.0029296875*J2^4+0,0.0060767118*J1^2*J2^2+0.0249333124*J1^1*J2^3+0,0,0,0,0,0,0,0,0,0,0,0,0,0,0,0,0},
{0,0,0,0,0,0,0,0,0,0,0,0,0,0,0,0,0,0,0,0,0,0,0,0,0,0,0,0,0,0,0,0,0,0,0,0,0,0,0,0,0,0,0,0,0,0,0,0,0,0,0,0,0,0,0,0,0,0,0,0,0,0,0,0,0,0,0,0,0,0,0,0,-0.0214251076*J1^1*J2^3+0.0073296421*J2^4+0,0.0231119792*J1^2*J2^2+-0.0105251736*J1^1*J2^3+0.0200737847*J2^4+0,-0.0322265625*J1^2*J2^2+0.0130208333*J1^1*J2^3+0,0.0266874148*J1^2*J2^2+-0.0095849166*J1^1*J2^3+-0.0231792100*J2^4+0,-0.0094401042*J1^2*J2^2+0.0042317708*J1^1*J2^3+-0.0029296875*J2^4+0,-0.0060767118*J1^2*J2^2+0.0249333124*J1^1*J2^3+0,0.0109004934*J1^2*J2^2+-0.0186060145*J1^1*J2^3+-0.0033829117*J2^4+0,0.0020254630*J1^1*J2^3+-0.0055338542*J2^4+0,0,0,0,0,0,0,0,0,0,0,0,0,0,0,0,0},
{0,0,0,0,0,0,0,0,0,0,0,0,0,0,0,0,0,0,0,0,0,0,0,0,0,0,0,0,0,0,0,0,0,0,0,0,0,0,0,0,0,0,0,0,0,0,0,0,0,0,0,0,0,0,0,0,0,0,0,0,0,0,0,0,0,0,0,0,0,0,0,0,-0.0186060145*J1^1*J2^3+0,-0.0055338542*J2^4+0,-0.0094401042*J1^2*J2^2+-0.0042317708*J1^1*J2^3+-0.0029296875*J2^4+0,0.0060767118*J1^2*J2^2+0.0249333124*J1^1*J2^3+0,-0.0322265625*J1^2*J2^2+0.0214843750*J1^1*J2^3+0,-0.0095849166*J1^1*J2^3+0.0063899444*J2^4+0,0.0109004934*J1^2*J2^2+-0.0165386796*J1^1*J2^3+-0.0039467304*J2^4+0,0.0160951968*J1^2*J2^2+-0.0182653356*J1^1*J2^3+0.0200737847*J2^4+0,0,0,0,0,0,0,0,0,0,0,0,0,0,0,0,0},
{0,0,0,0,0,0,0,0,0,0,0,0,0,0,0,0,0,0,0,0,0,0,0,0,0,0,0,0,0,0,0,0,0,0,0,0,0,0,0,0,0,0,0,0,0,0,0,0,0,0,0,0,0,0,0,0,0,0,0,0,0,0,0,0,0,0,0,0,0,0,0,0,-0.0094401042*J1^2*J2^2+0.0042317708*J1^1*J2^3+-0.0029296875*J2^4+0,-0.0060767118*J1^2*J2^2+0.0249333124*J1^1*J2^3+0,0.0109004934*J1^2*J2^2+-0.0186060145*J1^1*J2^3+-0.0033829117*J2^4+0,0.0020254630*J1^1*J2^3+-0.0055338542*J2^4+0,0.0109004934*J1^2*J2^2+-0.0263115357*J1^1*J2^3+0.0107125538*J2^4+0,0.0301287616*J1^2*J2^2+-0.0393156829*J1^1*J2^3+0.0200737847*J2^4+0,-0.0448133681*J1^2*J2^2+0.0345052083*J1^1*J2^3+0.0039062500*J2^4+0,0.0266874148*J1^2*J2^2+-0.0119237198*J1^1*J2^3+-0.0167892656*J2^4+0,0,0,0,0,0,0,0,0,0,0,0,0,0,0,0,0},
{0,0,0,0,0,0,0,0,0,0,0,0,0,0,0,0,0,0,0,0,0,0,0,0,0,0,0,0,0,0,0,0,0,0,0,0,0,0,0,0,0,0,0,0,0,0,0,0,0,0,0,0,0,0,0,0,0,0,0,0,0,0,0,0,0,0,0,0,0,0,0,0,0,0,0,0,0,0,0,0,0.0186060145*J1^2*J2^2+0,0.0055338542*J1^1*J2^3+0,0.0123697917*J1^1*J2^3+0.0042317708*J2^4+0,-0.0133437074*J1^2*J2^2+-0.0060767118*J1^1*J2^3+-0.0115896050*J2^4+0,0.0107421875*J1^1*J2^3+0,0.0031949722*J2^4+0,0.0054502467*J1^2*J2^2+0.0024432140*J1^1*J2^3+0.0016914559*J2^4+0,-0.0035083912*J1^2*J2^2+-0.0143952546*J1^1*J2^3+0,-0.0263128781*J1^2*J2^2+0,-0.0078260516*J1^1*J2^3+0,-0.0174935271*J1^1*J2^3+-0.0059846277*J2^4+0,0.0188708520*J1^2*J2^2+0.0085937683*J1^1*J2^3+0.0163901766*J2^4+0,-0.0151917473*J1^1*J2^3+0,-0.0045183730*J2^4+0,-0.0077078128*J1^2*J2^2+-0.0034552264*J1^1*J2^3+-0.0023920798*J2^4+0,0.0049616144*J1^2*J2^2+0.0203579643*J1^1*J2^3+0},
{0,0,0,0,0,0,0,0,0,0,0,0,0,0,0,0,0,0,0,0,0,0,0,0,0,0,0,0,0,0,0,0,0,0,0,0,0,0,0,0,0,0,0,0,0,0,0,0,0,0,0,0,0,0,0,0,0,0,0,0,0,0,0,0,0,0,0,0,0,0,0,0,0,0,0,0,0,0,0,0,0.0123697917*J1^1*J2^3+-0.0042317708*J2^4+0,-0.0133437074*J1^2*J2^2+0.0060767118*J1^1*J2^3+-0.0115896050*J2^4+0,0.0186060145*J1^2*J2^2+-0.0075175816*J1^1*J2^3+0,-0.0154079861*J1^2*J2^2+0.0055338542*J1^1*J2^3+0.0133825231*J2^4+0,0.0054502467*J1^2*J2^2+-0.0024432140*J1^1*J2^3+0.0016914559*J2^4+0,0.0035083912*J1^2*J2^2+-0.0143952546*J1^1*J2^3+0,-0.0062934028*J1^2*J2^2+0.0107421875*J1^1*J2^3+0.0019531250*J2^4+0,-0.0011694016*J1^1*J2^3+0.0031949722*J2^4+0,-0.0174935271*J1^1*J2^3+0.0059846277*J2^4+0,0.0188708520*J1^2*J2^2+-0.0085937683*J1^1*J2^3+0.0163901766*J2^4+0,-0.0263128781*J1^2*J2^2+0.0106314659*J1^1*J2^3+0,0.0217901829*J1^2*J2^2+-0.0078260516*J1^1*J2^3+-0.0189257457*J2^4+0,-0.0077078128*J1^2*J2^2+0.0034552264*J1^1*J2^3+-0.0023920798*J2^4+0,-0.0049616144*J1^2*J2^2+0.0203579643*J1^1*J2^3+0,0.0089002156*J1^2*J2^2+-0.0151917473*J1^1*J2^3+-0.0027621359*J2^4+0,0.0016537836*J1^1*J2^3+-0.0045183730*J2^4+0},
{0,0,0,0,0,0,0,0,0,0,0,0,0,0,0,0,0,0,0,0,0,0,0,0,0,0,0,0,0,0,0,0,0,0,0,0,0,0,0,0,0,0,0,0,0,0,0,0,0,0,0,0,0,0,0,0,0,0,0,0,0,0,0,0,0,0,0,0,0,0,0,0,0,0,0,0,0,0,0,0,0.0107421875*J1^1*J2^3+0,0.0031949722*J2^4+0,0.0054502467*J1^2*J2^2+0.0024432140*J1^1*J2^3+0.0016914559*J2^4+0,-0.0035083912*J1^2*J2^2+-0.0143952546*J1^1*J2^3+0,0.0186060145*J1^2*J2^2+-0.0124040097*J1^1*J2^3+0,0.0055338542*J1^1*J2^3+-0.0036892361*J2^4+0,-0.0062934028*J1^2*J2^2+0.0095486111*J1^1*J2^3+0.0022786458*J2^4+0,-0.0092925662*J1^2*J2^2+0.0105454965*J1^1*J2^3+-0.0115896050*J2^4+0,-0.0151917473*J1^1*J2^3+0,-0.0045183730*J2^4+0,-0.0077078128*J1^2*J2^2+-0.0034552264*J1^1*J2^3+-0.0023920798*J2^4+0,0.0049616144*J1^2*J2^2+0.0203579643*J1^1*J2^3+0,-0.0263128781*J1^2*J2^2+0.0175419187*J1^1*J2^3+0,-0.0078260516*J1^1*J2^3+0.0052173677*J2^4+0,0.0089002156*J1^2*J2^2+-0.0135037753*J1^1*J2^3+-0.0032224918*J2^4+0,0.0131416731*J1^2*J2^2+-0.0149135841*J1^1*J2^3+0.0163901766*J2^4+0},
{0,0,0,0,0,0,0,0,0,0,0,0,0,0,0,0,0,0,0,0,0,0,0,0,0,0,0,0,0,0,0,0,0,0,0,0,0,0,0,0,0,0,0,0,0,0,0,0,0,0,0,0,0,0,0,0,0,0,0,0,0,0,0,0,0,0,0,0,0,0,0,0,0,0,0,0,0,0,0,0,0.0054502467*J1^2*J2^2+-0.0024432140*J1^1*J2^3+0.0016914559*J2^4+0,0.0035083912*J1^2*J2^2+-0.0143952546*J1^1*J2^3+0,-0.0062934028*J1^2*J2^2+0.0107421875*J1^1*J2^3+0.0019531250*J2^4+0,-0.0011694016*J1^1*J2^3+0.0031949722*J2^4+0,-0.0062934028*J1^2*J2^2+0.0151909722*J1^1*J2^3+-0.0061848958*J2^4+0,-0.0173948486*J1^2*J2^2+0.0226989201*J1^1*J2^3+-0.0115896050*J2^4+0,0.0258730101*J1^2*J2^2+-0.0199215913*J1^1*J2^3+-0.0022552745*J2^4+0,-0.0154079861*J1^2*J2^2+0.0068841628*J1^1*J2^3+0.0096932870*J2^4+0,-0.0077078128*J1^2*J2^2+0.0034552264*J1^1*J2^3+-0.0023920798*J2^4+0,-0.0049616144*J1^2*J2^2+0.0203579643*J1^1*J2^3+0,0.0089002156*J1^2*J2^2+-0.0151917473*J1^1*J2^3+-0.0027621359*J2^4+0,0.0016537836*J1^1*J2^3+-0.0045183730*J2^4+0,0.0089002156*J1^2*J2^2+-0.0214832789*J1^1*J2^3+0.0087467636*J2^4+0,0.0246000308*J1^2*J2^2+-0.0321011206*J1^1*J2^3+0.0163901766*J2^4+0,-0.0365899618*J1^2*J2^2+0.0281733846*J1^1*J2^3+0.0031894398*J2^4+0,0.0217901829*J1^2*J2^2+-0.0097356764*J1^1*J2^3+-0.0137083780*J2^4+0},
{0,0,0,0,0,0,0,0,0,0,0,0,0,0,0,0,0,0,0,0,0,0,0,0,0,0,0,0,0,0,0,0,0,0,0,0,0,0,0,0,0,0,0,0,0,0,0,0,0,0,0,0,0,0,0,0,0,0,0,0,0,0,0,0,0,0,0,0,0,0,0,0,0.0117390774*J1^1*J2^3+0,0.0263128781*J1^2*J2^2+0.0067775595*J1^1*J2^3+0,-0.0283062780*J1^2*J2^2+-0.0128906524*J1^1*J2^3+-0.0245852649*J2^4+0,-0.0163426372*J1^2*J2^2+0.0100511055*J1^1*J2^3+-0.0082096816*J2^4+0,0.0067775595*J2^4+0,0.0151917473*J1^1*J2^3+0.0039130258*J2^4+0,-0.0074424216*J1^2*J2^2+-0.0305369465*J1^1*J2^3+0,0.0034109286*J1^2*J2^2+-0.0141752879*J1^1*J2^3+0.0023920798*J2^4+0,0,0,0,0,0,0,0,0,0,0,0,0,0,0,0,0},
{0,0,0,0,0,0,0,0,0,0,0,0,0,0,0,0,0,0,0,0,0,0,0,0,0,0,0,0,0,0,0,0,0,0,0,0,0,0,0,0,0,0,0,0,0,0,0,0,0,0,0,0,0,0,0,0,0,0,0,0,0,0,0,0,0,0,0,0,0,0,0,0,-0.0283062780*J1^2*J2^2+0.0128906524*J1^1*J2^3+-0.0245852649*J2^4+0,-0.0163426372*J1^2*J2^2+0.0249359488*J1^1*J2^3+-0.0201789370*J2^4+0,-0.0326852744*J1^2*J2^2+0.0117390774*J1^1*J2^3+0.0283886186*J2^4+0,0.0074420261*J1^2*J2^2+-0.0038539064*J1^1*J2^3+0.0163901766*J2^4+0,0.0074424216*J1^2*J2^2+-0.0305369465*J1^1*J2^3+0,0.0120046969*J1^2*J2^2+-0.0210857407*J1^1*J2^3+0.0023920798*J2^4+0,-0.0024806754*J1^1*J2^3+0.0067775595*J2^4+0,-0.0089002156*J1^2*J2^2+0.0137595287*J1^1*J2^3+0.0066751617*J2^4+0,0,0,0,0,0,0,0,0,0,0,0,0,0,0,0,0},
{0,0,0,0,0,0,0,0,0,0,0,0,0,0,0,0,0,0,0,0,0,0,0,0,0,0,0,0,0,0,0,0,0,0,0,0,0,0,0,0,0,0,0,0,0,0,0,0,0,0,0,0,0,0,0,0,0,0,0,0,0,0,0,0,0,0,0,0,0,0,0,0,0.0067775595*J2^4+0,0.0151917473*J1^1*J2^3+0.0039130258*J2^4+0,-0.0074424216*J1^2*J2^2+-0.0305369465*J1^1*J2^3+0,0.0034109286*J1^2*J2^2+-0.0141752879*J1^1*J2^3+0.0023920798*J2^4+0,0.0117390774*J1^1*J2^3+-0.0078260516*J2^4+0,0.0263128781*J1^2*J2^2+-0.0107643592*J1^1*J2^3+-0.0045183730*J2^4+0,-0.0197125097*J1^2*J2^2+0.0223703762*J1^1*J2^3+-0.0245852649*J2^4+0,-0.0202812383*J1^2*J2^2+0.0264193180*J1^1*J2^3+-0.0109718175*J2^4+0,0,0,0,0,0,0,0,0,0,0,0,0,0,0,0,0},
{0,0,0,0,0,0,0,0,0,0,0,0,0,0,0,0,0,0,0,0,0,0,0,0,0,0,0,0,0,0,0,0,0,0,0,0,0,0,0,0,0,0,0,0,0,0,0,0,0,0,0,0,0,0,0,0,0,0,0,0,0,0,0,0,0,0,0,0,0,0,0,0,0.0074424216*J1^2*J2^2+-0.0305369465*J1^1*J2^3+0,0.0120046969*J1^2*J2^2+-0.0210857407*J1^1*J2^3+0.0023920798*J2^4+0,-0.0024806754*J1^1*J2^3+0.0067775595*J2^4+0,-0.0089002156*J1^2*J2^2+0.0137595287*J1^1*J2^3+0.0066751617*J2^4+0,-0.0369000462*J1^2*J2^2+0.0481516810*J1^1*J2^3+-0.0245852649*J2^4+0,-0.0302044672*J1^2*J2^2+0.0492836649*J1^1*J2^3+-0.0229410729*J2^4+0,-0.0326852744*J1^2*J2^2+0.0146035146*J1^1*J2^3+0.0205625670*J2^4+0,0.0177191098*J1^2*J2^2+-0.0197420415*J1^1*J2^3+0.0086823638*J2^4+0,0,0,0,0,0,0,0,0,0,0,0,0,0,0,0,0},
{0,0,0,0,0,0,0,0,0,0,0,0,0,0,0,0,0,0,0,0,0,0,0,0,0,0,0,0,0,0,0,0,0,0,0,0,0,0,0,0,0,0,0,0,0,0,0,0,0,0,0,0,0,0,0,0,0,0,0,0,0,0,0,0,0,0,0,0,0,0,0,0,0,0,0,0,0,0,0,0,-0.0067775595*J1^1*J2^3+0,-0.0151917473*J1^2*J2^2+-0.0039130258*J1^1*J2^3+0,0.0163426372*J1^2*J2^2+0.0074424216*J1^1*J2^3+0.0141943093*J2^4+0,0.0094354260*J1^2*J2^2+-0.0058030085*J1^1*J2^3+0.0047398619*J2^4+0,-0.0039130258*J2^4+0,-0.0087709594*J1^1*J2^3+-0.0022591865*J2^4+0,0.0042968841*J1^2*J2^2+0.0176305143*J1^1*J2^3+0,-0.0019693006*J1^2*J2^2+0.0081841063*J1^1*J2^3+-0.0013810679*J2^4+0,0.0095849166*J1^1*J2^3+0,0.0214843750*J1^2*J2^2+0.0055338542*J1^1*J2^3+0,-0.0231119792*J1^2*J2^2+-0.0105251736*J1^1*J2^3+-0.0200737847*J2^4+0,-0.0133437074*J1^2*J2^2+0.0082066933*J1^1*J2^3+-0.0067031770*J2^4+0,0.0055338542*J2^4+0,0.0124040097*J1^1*J2^3+0.0031949722*J2^4+0,-0.0060767118*J1^2*J2^2+-0.0249333124*J1^1*J2^3+0,0.0027850116*J1^2*J2^2+-0.0115740741*J1^1*J2^3+0.0019531250*J2^4+0},
{0,0,0,0,0,0,0,0,0,0,0,0,0,0,0,0,0,0,0,0,0,0,0,0,0,0,0,0,0,0,0,0,0,0,0,0,0,0,0,0,0,0,0,0,0,0,0,0,0,0,0,0,0,0,0,0,0,0,0,0,0,0,0,0,0,0,0,0,0,0,0,0,0,0,0,0,0,0,0,0,0.0163426372*J1^2*J2^2+-0.0074424216*J1^1*J2^3+0.0141943093*J2^4+0,0.0094354260*J1^2*J2^2+-0.0143967767*J1^1*J2^3+0.0116503147*J2^4+0,0.0188708520*J1^2*J2^2+-0.0067775595*J1^1*J2^3+-0.0163901766*J2^4+0,-0.0042966558*J1^2*J2^2+0.0022250539*J1^1*J2^3+-0.0094628729*J2^4+0,-0.0042968841*J1^2*J2^2+0.0176305143*J1^1*J2^3+0,-0.0069309150*J1^2*J2^2+0.0121738581*J1^1*J2^3+-0.0013810679*J2^4+0,0.0014322186*J1^1*J2^3+-0.0039130258*J2^4+0,0.0051385419*J1^2*J2^2+-0.0079440676*J1^1*J2^3+-0.0038539064*J2^4+0,-0.0231119792*J1^2*J2^2+0.0105251736*J1^1*J2^3+-0.0200737847*J2^4+0,-0.0133437074*J1^2*J2^2+0.0203601169*J1^1*J2^3+-0.0164760331*J2^4+0,-0.0266874148*J1^2*J2^2+0.0095849166*J1^1*J2^3+0.0231792100*J2^4+0,0.0060763889*J1^2*J2^2+-0.0031467014*J1^1*J2^3+0.0133825231*J2^4+0,0.0060767118*J1^2*J2^2+-0.0249333124*J1^1*J2^3+0,0.0098017940*J1^2*J2^2+-0.0172164352*J1^1*J2^3+0.0019531250*J2^4+0,-0.0020254630*J1^1*J2^3+0.0055338542*J2^4+0,-0.0072669956*J1^2*J2^2+0.0112346081*J1^1*J2^3+0.0054502467*J2^4+0},
{0,0,0,0,0,0,0,0,0,0,0,0,0,0,0,0,0,0,0,0,0,0,0,0,0,0,0,0,0,0,0,0,0,0,0,0,0,0,0,0,0,0,0,0,0,0,0,0,0,0,0,0,0,0,0,0,0,0,0,0,0,0,0,0,0,0,0,0,0,0,0,0,0,0,0,0,0,0,0,0,-0.0039130258*J2^4+0,-0.0087709594*J1^1*J2^3+-0.0022591865*J2^4+0,0.0042968841*J1^2*J2^2+0.0176305143*J1^1*J2^3+0,-0.0019693006*J1^2*J2^2+0.0081841063*J1^1*J2^3+-0.0013810679*J2^4+0,-0.0067775595*J1^1*J2^3+0.0045183730*J2^4+0,-0.0151917473*J1^2*J2^2+0.0062148057*J1^1*J2^3+0.0026086839*J2^4+0,0.0113810228*J1^2*J2^2+-0.0129155427*J1^1*J2^3+0.0141943093*J2^4+0,0.0117093784*J1^2*J2^2+-0.0152532004*J1^1*J2^3+0.0063345818*J2^4+0,0.0055338542*J2^4+0,0.0124040097*J1^1*J2^3+0.0031949722*J2^4+0,-0.0060767118*J1^2*J2^2+-0.0249333124*J1^1*J2^3+0,0.0027850116*J1^2*J2^2+-0.0115740741*J1^1*J2^3+0.0019531250*J2^4+0,0.0095849166*J1^1*J2^3+-0.0063899444*J2^4+0,0.0214843750*J1^2*J2^2+-0.0087890625*J1^1*J2^3+-0.0036892361*J2^4+0,-0.0160951968*J1^2*J2^2+0.0182653356*J1^1*J2^3+-0.0200737847*J2^4+0,-0.0165595618*J1^2*J2^2+0.0215712828*J1^1*J2^3+-0.0089584514*J2^4+0},
{0,0,0,0,0,0,0,0,0,0,0,0,0,0,0,0,0,0,0,0,0,0,0,0,0,0,0,0,0,0,0,0,0,0,0,0,0,0,0,0,0,0,0,0,0,0,0,0,0,0,0,0,0,0,0,0,0,0,0,0,0,0,0,0,0,0,0,0,0,0,0,0,0,0,0,0,0,0,0,0,-0.0042968841*J1^2*J2^2+0.0176305143*J1^1*J2^3+0,-0.0069309150*J1^2*J2^2+0.0121738581*J1^1*J2^3+-0.0013810679*J2^4+0,0.0014322186*J1^1*J2^3+-0.0039130258*J2^4+0,0.0051385419*J1^2*J2^2+-0.0079440676*J1^1*J2^3+-0.0038539064*J2^4+0,0.0213042516*J1^2*J2^2+-0.0278003860*J1^1*J2^3+0.0141943093*J2^4+0,0.0174385573*J1^2*J2^2+-0.0284539372*J1^1*J2^3+0.0132450346*J2^4+0,0.0188708520*J1^2*J2^2+-0.0084313431*J1^1*J2^3+-0.0118718036*J2^4+0,-0.0102301328*J1^2*J2^2+0.0113980730*J1^1*J2^3+-0.0050127651*J2^4+0,0.0060767118*J1^2*J2^2+-0.0249333124*J1^1*J2^3+0,0.0098017940*J1^2*J2^2+-0.0172164352*J1^1*J2^3+0.0019531250*J2^4+0,-0.0020254630*J1^1*J2^3+0.0055338542*J2^4+0,-0.0072669956*J1^2*J2^2+0.0112346081*J1^1*J2^3+0.0054502467*J2^4+0,-0.0301287616*J1^2*J2^2+0.0393156829*J1^1*J2^3+-0.0200737847*J2^4+0,-0.0246618442*J1^2*J2^2+0.0402399439*J1^1*J2^3+-0.0187313076*J2^4+0,-0.0266874148*J1^2*J2^2+0.0119237198*J1^1*J2^3+0.0167892656*J2^4+0,0.0144675926*J1^2*J2^2+-0.0161193094*J1^1*J2^3+0.0070891204*J2^4+0},
{0,0,0,0,0,0,0,0,0,0,0,0,0,0,0,0,0,0,0,0,0,0,0,0,0,0,0,0,0,0,0,0,0,0,0,0,0,0,0,0,0,0,0,0,0,0,0,0,0,0,0,0,0,0,0,0,0,0,0,0,0,0,0,0,0,0,0,0,0,0,0,0,-0.0673828125*J1^2*J2^2+0.0122130594*J2^4+0,0.0318522718*J1^1*J2^3+0,0,0.0179036458*J1^2*J2^2+-0.0179036458*J2^4+0,-0.0318522718*J1^1*J2^3+0,-0.0040710198*J1^2*J2^2+0.0224609375*J2^4+0,0.0179036458*J1^2*J2^2+-0.0179036458*J2^4+0,0,0,0,0,0,0,0,0,0,0,0,0,0,0,0,0,0},
{0,0,0,0,0,0,0,0,0,0,0,0,0,0,0,0,0,0,0,0,0,0,0,0,0,0,0,0,0,0,0,0,0,0,0,0,0,0,0,0,0,0,0,0,0,0,0,0,0,0,0,0,0,0,0,0,0,0,0,0,0,0,0,0,0,0,0,0,0,0,0,0,0.0318522718*J1^1*J2^3+0,-0.0673828125*J1^2*J2^2+0.0367798354*J1^1*J2^3+0.0122130594*J2^4+0,0.0179036458*J1^2*J2^2+-0.0179036458*J2^4+0,0.0206733495*J1^2*J2^2+-0.0206733495*J2^4+0,-0.0040710198*J1^2*J2^2+0.0224609375*J2^4+0,-0.0047008088*J1^2*J2^2+-0.0318522718*J1^1*J2^3+0.0259356566*J2^4+0,0,0.0179036458*J1^2*J2^2+-0.0179036458*J2^4+0,0,0,0,0,0,0,0,0,0,0,0,0,0,0,0,0},
{0,0,0,0,0,0,0,0,0,0,0,0,0,0,0,0,0,0,0,0,0,0,0,0,0,0,0,0,0,0,0,0,0,0,0,0,0,0,0,0,0,0,0,0,0,0,0,0,0,0,0,0,0,0,0,0,0,0,0,0,0,0,0,0,0,0,0,0,0,0,0,0,-0.0318522718*J1^1*J2^3+0,-0.0040710198*J1^2*J2^2+0.0224609375*J2^4+0,0.0179036458*J1^2*J2^2+-0.0179036458*J2^4+0,0,-0.0673828125*J1^2*J2^2+0.0367798354*J1^1*J2^3+0.0122130594*J2^4+0,0.0047008088*J1^2*J2^2+0.0318522718*J1^1*J2^3+-0.0259356566*J2^4+0,-0.0206733495*J1^2*J2^2+0.0206733495*J2^4+0,0.0179036458*J1^2*J2^2+-0.0179036458*J2^4+0,0,0,0,0,0,0,0,0,0,0,0,0,0,0,0,0},
{0,0,0,0,0,0,0,0,0,0,0,0,0,0,0,0,0,0,0,0,0,0,0,0,0,0,0,0,0,0,0,0,0,0,0,0,0,0,0,0,0,0,0,0,0,0,0,0,0,0,0,0,0,0,0,0,0,0,0,0,0,0,0,0,0,0,0,0,0,0,0,0,-0.0040710198*J1^2*J2^2+0.0224609375*J2^4+0,-0.0047008088*J1^2*J2^2+-0.0318522718*J1^1*J2^3+0.0259356566*J2^4+0,0,0.0179036458*J1^2*J2^2+-0.0179036458*J2^4+0,0.0047008088*J1^2*J2^2+0.0318522718*J1^1*J2^3+-0.0259356566*J2^4+0,-0.0619547861*J1^2*J2^2+0.0735596708*J1^1*J2^3+-0.0177348573*J2^4+0,0.0179036458*J1^2*J2^2+-0.0179036458*J2^4+0,0,0,0,0,0,0,0,0,0,0,0,0,0,0,0,0,0},
{0,0,0,0,0,0,0,0,0,0,0,0,0,0,0,0,0,0,0,0,0,0,0,0,0,0,0,0,0,0,0,0,0,0,0,0,0,0,0,0,0,0,0,0,0,0,0,0,0,0,0,0,0,0,0,0,0,0,0,0,0,0,0,0,0,0,0,0,0,0,0,0,0,0,0,0,0,0,0,0,0.0389034849*J1^2*J2^2+-0.0070512131*J2^4+0,-0.0183899177*J1^1*J2^3+0,0,-0.0103366747*J1^2*J2^2+0.0103366747*J2^4+0,0.0183899177*J1^1*J2^3+0,0.0023504044*J1^2*J2^2+-0.0129678283*J2^4+0,-0.0103366747*J1^2*J2^2+0.0103366747*J2^4+0,0,-0.0550178360*J1^2*J2^2+0.0099719213*J2^4+0,0.0260072710*J1^1*J2^3+0,0,0.0146182656*J1^2*J2^2+-0.0146182656*J2^4+0,-0.0260072710*J1^1*J2^3+0,-0.0033239738*J1^2*J2^2+0.0183392787*J2^4+0,0.0146182656*J1^2*J2^2+-0.0146182656*J2^4+0,0},
{0,0,0,0,0,0,0,0,0,0,0,0,0,0,0,0,0,0,0,0,0,0,0,0,0,0,0,0,0,0,0,0,0,0,0,0,0,0,0,0,0,0,0,0,0,0,0,0,0,0,0,0,0,0,0,0,0,0,0,0,0,0,0,0,0,0,0,0,0,0,0,0,0,0,0,0,0,0,0,0,-0.0183899177*J1^1*J2^3+0,0.0389034849*J1^2*J2^2+-0.0212348479*J1^1*J2^3+-0.0070512131*J2^4+0,-0.0103366747*J1^2*J2^2+0.0103366747*J2^4+0,-0.0119357639*J1^2*J2^2+0.0119357639*J2^4+0,0.0023504044*J1^2*J2^2+-0.0129678283*J2^4+0,0.0027140132*J1^2*J2^2+0.0183899177*J1^1*J2^3+-0.0149739583*J2^4+0,0,-0.0103366747*J1^2*J2^2+0.0103366747*J2^4+0,0.0260072710*J1^1*J2^3+0,-0.0550178360*J1^2*J2^2+0.0300306098*J1^1*J2^3+0.0099719213*J2^4+0,0.0146182656*J1^2*J2^2+-0.0146182656*J2^4+0,0.0168797192*J1^2*J2^2+-0.0168797192*J2^4+0,-0.0033239738*J1^2*J2^2+0.0183392787*J2^4+0,-0.0038381943*J1^2*J2^2+-0.0260072710*J1^1*J2^3+0.0211763750*J2^4+0,0,0.0146182656*J1^2*J2^2+-0.0146182656*J2^4+0},
{0,0,0,0,0,0,0,0,0,0,0,0,0,0,0,0,0,0,0,0,0,0,0,0,0,0,0,0,0,0,0,0,0,0,0,0,0,0,0,0,0,0,0,0,0,0,0,0,0,0,0,0,0,0,0,0,0,0,0,0,0,0,0,0,0,0,0,0,0,0,0,0,0,0,0,0,0,0,0,0,0.0183899177*J1^1*J2^3+0,0.0023504044*J1^2*J2^2+-0.0129678283*J2^4+0,-0.0103366747*J1^2*J2^2+0.0103366747*J2^4+0,0,0.0389034849*J1^2*J2^2+-0.0212348479*J1^1*J2^3+-0.0070512131*J2^4+0,-0.0027140132*J1^2*J2^2+-0.0183899177*J1^1*J2^3+0.0149739583*J2^4+0,0.0119357639*J1^2*J2^2+-0.0119357639*J2^4+0,-0.0103366747*J1^2*J2^2+0.0103366747*J2^4+0,-0.0260072710*J1^1*J2^3+0,-0.0033239738*J1^2*J2^2+0.0183392787*J2^4+0,0.0146182656*J1^2*J2^2+-0.0146182656*J2^4+0,0,-0.0550178360*J1^2*J2^2+0.0300306098*J1^1*J2^3+0.0099719213*J2^4+0,0.0038381943*J1^2*J2^2+0.0260072710*J1^1*J2^3+-0.0211763750*J2^4+0,-0.0168797192*J1^2*J2^2+0.0168797192*J2^4+0,0.0146182656*J1^2*J2^2+-0.0146182656*J2^4+0},
{0,0,0,0,0,0,0,0,0,0,0,0,0,0,0,0,0,0,0,0,0,0,0,0,0,0,0,0,0,0,0,0,0,0,0,0,0,0,0,0,0,0,0,0,0,0,0,0,0,0,0,0,0,0,0,0,0,0,0,0,0,0,0,0,0,0,0,0,0,0,0,0,0,0,0,0,0,0,0,0,0.0023504044*J1^2*J2^2+-0.0129678283*J2^4+0,0.0027140132*J1^2*J2^2+0.0183899177*J1^1*J2^3+-0.0149739583*J2^4+0,0,-0.0103366747*J1^2*J2^2+0.0103366747*J2^4+0,-0.0027140132*J1^2*J2^2+-0.0183899177*J1^1*J2^3+0.0149739583*J2^4+0,0.0357696124*J1^2*J2^2+-0.0424696957*J1^1*J2^3+0.0102392246*J2^4+0,-0.0103366747*J1^2*J2^2+0.0103366747*J2^4+0,0,-0.0033239738*J1^2*J2^2+0.0183392787*J2^4+0,-0.0038381943*J1^2*J2^2+-0.0260072710*J1^1*J2^3+0.0211763750*J2^4+0,0,0.0146182656*J1^2*J2^2+-0.0146182656*J2^4+0,0.0038381943*J1^2*J2^2+0.0260072710*J1^1*J2^3+-0.0211763750*J2^4+0,-0.0505858710*J1^2*J2^2+0.0600612197*J1^1*J2^3+-0.0144804503*J2^4+0,0.0146182656*J1^2*J2^2+-0.0146182656*J2^4+0,0},
{0,0,0,0,0,0,0,0,0,0,0,0,0,0,0,0,0,0,0,0,0,0,0,0,0,0,0,0,0,0,0,0,0,0,0,0,0,0,0,0,0,0,0,0,0,0,0,0,0,0,0,0,0,0,0,0,0,0,0,0,0,0,0,0,0,0,0,0,0,0,0,0,0,-0.0052135821*J1^2*J2^2+0.0052135821*J2^4+0,0.0389034849*J1^2*J2^2+0.0515928843*J1^1*J2^3+0.0174783773*J2^4+0,-0.0148935828*J1^2*J2^2+-0.0325520833*J1^1*J2^3+-0.0148935828*J2^4+0,-0.0052135821*J1^2*J2^2+0.0052135821*J2^4+0,0,0.0148935828*J1^2*J2^2+0.0325520833*J1^1*J2^3+0.0148935828*J2^4+0,-0.0058261258*J1^2*J2^2+-0.0171976281*J1^1*J2^3+-0.0129678283*J2^4+0,0,0,0,0,0,0,0,0,0,0,0,0,0,0,0,0},
{0,0,0,0,0,0,0,0,0,0,0,0,0,0,0,0,0,0,0,0,0,0,0,0,0,0,0,0,0,0,0,0,0,0,0,0,0,0,0,0,0,0,0,0,0,0,0,0,0,0,0,0,0,0,0,0,0,0,0,0,0,0,0,0,0,0,0,0,0,0,0,0,-0.0052135821*J1^2*J2^2+0.0052135821*J2^4+0,-0.0060201260*J1^2*J2^2+0.0060201260*J2^4+0,-0.0148935828*J1^2*J2^2+-0.0325520833*J1^1*J2^3+-0.0148935828*J2^4+0,0.0217058568*J1^2*J2^2+0.0140049761*J1^1*J2^3+0.0002807492*J2^4+0,0,-0.0052135821*J1^2*J2^2+0.0052135821*J2^4+0,-0.0058261258*J1^2*J2^2+-0.0171976281*J1^1*J2^3+-0.0129678283*J2^4+0,0.0081661523*J1^2*J2^2+0.0126939729*J1^1*J2^3+-0.0000803755*J2^4+0,0,0,0,0,0,0,0,0,0,0,0,0,0,0,0,0},
{0,0,0,0,0,0,0,0,0,0,0,0,0,0,0,0,0,0,0,0,0,0,0,0,0,0,0,0,0,0,0,0,0,0,0,0,0,0,0,0,0,0,0,0,0,0,0,0,0,0,0,0,0,0,0,0,0,0,0,0,0,0,0,0,0,0,0,0,0,0,0,0,-0.0052135821*J1^2*J2^2+0.0052135821*J2^4+0,0,0.0148935828*J1^2*J2^2+0.0325520833*J1^1*J2^3+0.0148935828*J2^4+0,-0.0058261258*J1^2*J2^2+-0.0171976281*J1^1*J2^3+-0.0129678283*J2^4+0,0.0060201260*J1^2*J2^2+-0.0060201260*J2^4+0,-0.0052135821*J1^2*J2^2+0.0052135821*J2^4+0,0.0217058568*J1^2*J2^2+0.0140049761*J1^1*J2^3+0.0002807492*J2^4+0,-0.0081661523*J1^2*J2^2+-0.0126939729*J1^1*J2^3+0.0000803755*J2^4+0,0,0,0,0,0,0,0,0,0,0,0,0,0,0,0,0},
{0,0,0,0,0,0,0,0,0,0,0,0,0,0,0,0,0,0,0,0,0,0,0,0,0,0,0,0,0,0,0,0,0,0,0,0,0,0,0,0,0,0,0,0,0,0,0,0,0,0,0,0,0,0,0,0,0,0,0,0,0,0,0,0,0,0,0,0,0,0,0,0,0,-0.0052135821*J1^2*J2^2+0.0052135821*J2^4+0,-0.0058261258*J1^2*J2^2+-0.0171976281*J1^1*J2^3+-0.0129678283*J2^4+0,0.0081661523*J1^2*J2^2+0.0126939729*J1^1*J2^3+-0.0000803755*J2^4+0,-0.0052135821*J1^2*J2^2+0.0052135821*J2^4+0,0,-0.0081661523*J1^2*J2^2+-0.0126939729*J1^1*J2^3+0.0000803755*J2^4+0,0.0122763964*J1^2*J2^2+-0.0006527612*J1^1*J2^3+0.0003735588*J2^4+0,0,0,0,0,0,0,0,0,0,0,0,0,0,0,0,0},
{0,0,0,0,0,0,0,0,0,0,0,0,0,0,0,0,0,0,0,0,0,0,0,0,0,0,0,0,0,0,0,0,0,0,0,0,0,0,0,0,0,0,0,0,0,0,0,0,0,0,0,0,0,0,0,0,0,0,0,0,0,0,0,0,0,0,0,0,0,0,0,0,0,0,0,0,0,0,0,0,0,0.0030100630*J1^2*J2^2+-0.0030100630*J2^4+0,-0.0224609375*J1^2*J2^2+-0.0297871656*J1^1*J2^3+-0.0100911458*J2^4+0,0.0085988140*J1^2*J2^2+0.0187939541*J1^1*J2^3+0.0085988140*J2^4+0,0.0030100630*J1^2*J2^2+-0.0030100630*J2^4+0,0,-0.0085988140*J1^2*J2^2+-0.0187939541*J1^1*J2^3+-0.0085988140*J2^4+0,0.0033637153*J1^2*J2^2+0.0099290552*J1^1*J2^3+0.0074869792*J2^4+0,0,-0.0042568719*J1^2*J2^2+0.0042568719*J2^4+0,0.0317645624*J1^2*J2^2+0.0421254136*J1^1*J2^3+0.0142710353*J2^4+0,-0.0121605594*J1^2*J2^2+-0.0265786647*J1^1*J2^3+-0.0121605594*J2^4+0,-0.0042568719*J1^2*J2^2+0.0042568719*J2^4+0,0,0.0121605594*J1^2*J2^2+0.0265786647*J1^1*J2^3+0.0121605594*J2^4+0,-0.0047570118*J1^2*J2^2+-0.0140418045*J1^1*J2^3+-0.0105881875*J2^4+0},
{0,0,0,0,0,0,0,0,0,0,0,0,0,0,0,0,0,0,0,0,0,0,0,0,0,0,0,0,0,0,0,0,0,0,0,0,0,0,0,0,0,0,0,0,0,0,0,0,0,0,0,0,0,0,0,0,0,0,0,0,0,0,0,0,0,0,0,0,0,0,0,0,0,0,0,0,0,0,0,0,0.0030100630*J1^2*J2^2+-0.0030100630*J2^4+0,0.0034757214*J1^2*J2^2+-0.0034757214*J2^4+0,0.0085988140*J1^2*J2^2+0.0187939541*J1^1*J2^3+0.0085988140*J2^4+0,-0.0125318823*J1^2*J2^2+-0.0080857767*J1^1*J2^3+-0.0001620906*J2^4+0,0,0.0030100630*J1^2*J2^2+-0.0030100630*J2^4+0,0.0033637153*J1^2*J2^2+0.0099290552*J1^1*J2^3+0.0074869792*J2^4+0,-0.0047147302*J1^2*J2^2+-0.0073288687*J1^1*J2^3+0.0000464048*J2^4+0,-0.0042568719*J1^2*J2^2+0.0042568719*J2^4+0,-0.0049154123*J1^2*J2^2+0.0049154123*J2^4+0,-0.0121605594*J1^2*J2^2+-0.0265786647*J1^1*J2^3+-0.0121605594*J2^4+0,0.0177227579*J1^2*J2^2+0.0114350151*J1^1*J2^3+0.0002292308*J2^4+0,0,-0.0042568719*J1^2*J2^2+0.0042568719*J2^4+0,-0.0047570118*J1^2*J2^2+-0.0140418045*J1^1*J2^3+-0.0105881875*J2^4+0,0.0066676354*J1^2*J2^2+0.0103645855*J1^1*J2^3+-0.0000656263*J2^4+0},
{0,0,0,0,0,0,0,0,0,0,0,0,0,0,0,0,0,0,0,0,0,0,0,0,0,0,0,0,0,0,0,0,0,0,0,0,0,0,0,0,0,0,0,0,0,0,0,0,0,0,0,0,0,0,0,0,0,0,0,0,0,0,0,0,0,0,0,0,0,0,0,0,0,0,0,0,0,0,0,0,0.0030100630*J1^2*J2^2+-0.0030100630*J2^4+0,0,-0.0085988140*J1^2*J2^2+-0.0187939541*J1^1*J2^3+-0.0085988140*J2^4+0,0.0033637153*J1^2*J2^2+0.0099290552*J1^1*J2^3+0.0074869792*J2^4+0,-0.0034757214*J1^2*J2^2+0.0034757214*J2^4+0,0.0030100630*J1^2*J2^2+-0.0030100630*J2^4+0,-0.0125318823*J1^2*J2^2+-0.0080857767*J1^1*J2^3+-0.0001620906*J2^4+0,0.0047147302*J1^2*J2^2+0.0073288687*J1^1*J2^3+-0.0000464048*J2^4+0,-0.0042568719*J1^2*J2^2+0.0042568719*J2^4+0,0,0.0121605594*J1^2*J2^2+0.0265786647*J1^1*J2^3+0.0121605594*J2^4+0,-0.0047570118*J1^2*J2^2+-0.0140418045*J1^1*J2^3+-0.0105881875*J2^4+0,0.0049154123*J1^2*J2^2+-0.0049154123*J2^4+0,-0.0042568719*J1^2*J2^2+0.0042568719*J2^4+0,0.0177227579*J1^2*J2^2+0.0114350151*J1^1*J2^3+0.0002292308*J2^4+0,-0.0066676354*J1^2*J2^2+-0.0103645855*J1^1*J2^3+0.0000656263*J2^4+0},
{0,0,0,0,0,0,0,0,0,0,0,0,0,0,0,0,0,0,0,0,0,0,0,0,0,0,0,0,0,0,0,0,0,0,0,0,0,0,0,0,0,0,0,0,0,0,0,0,0,0,0,0,0,0,0,0,0,0,0,0,0,0,0,0,0,0,0,0,0,0,0,0,0,0,0,0,0,0,0,0,0,0.0030100630*J1^2*J2^2+-0.0030100630*J2^4+0,0.0033637153*J1^2*J2^2+0.0099290552*J1^1*J2^3+0.0074869792*J2^4+0,-0.0047147302*J1^2*J2^2+-0.0073288687*J1^1*J2^3+0.0000464048*J2^4+0,0.0030100630*J1^2*J2^2+-0.0030100630*J2^4+0,0,0.0047147302*J1^2*J2^2+0.0073288687*J1^1*J2^3+-0.0000464048*J2^4+0,-0.0070877808*J1^2*J2^2+0.0003768719*J1^1*J2^3+-0.0002156743*J2^4+0,0,-0.0042568719*J1^2*J2^2+0.0042568719*J2^4+0,-0.0047570118*J1^2*J2^2+-0.0140418045*J1^1*J2^3+-0.0105881875*J2^4+0,0.0066676354*J1^2*J2^2+0.0103645855*J1^1*J2^3+-0.0000656263*J2^4+0,-0.0042568719*J1^2*J2^2+0.0042568719*J2^4+0,0,-0.0066676354*J1^2*J2^2+-0.0103645855*J1^1*J2^3+0.0000656263*J2^4+0,0.0100236357*J1^2*J2^2+-0.0005329773*J1^1*J2^3+0.0003050095*J2^4+0},
{0,0,0,0,0,0,0,0,0,0,0,0,0,0,0,0,0,0,0,0,0,0,0,0,0,0,0,0,0,0,0,0,0,0,0,0,0,0,0,0,0,0,0,0,0,0,0,0,0,0,0,0,0,0,0,0,0,0,0,0,0,0,0,0,0,0,0,0,0,0,0,0,0,-0.0182408392*J1^2*J2^2+0.0182408392*J2^4+0,0.0550178360*J1^2*J2^2+0.0512279153*J1^1*J2^3+-0.0073731185*J2^4+0,-0.0147882253*J1^2*J2^2+-0.0275076905*J1^1*J2^3+-0.0147882253*J2^4+0,-0.0182408392*J1^2*J2^2+0.0182408392*J2^4+0,0,0.0147882253*J1^2*J2^2+0.0275076905*J1^1*J2^3+0.0147882253*J2^4+0,0.0024577062*J1^2*J2^2+-0.0170759718*J1^1*J2^3+-0.0183392787*J2^4+0,0,0,0,0,0,0,0,0,0,0,0,0,0,0,0,0},
{0,0,0,0,0,0,0,0,0,0,0,0,0,0,0,0,0,0,0,0,0,0,0,0,0,0,0,0,0,0,0,0,0,0,0,0,0,0,0,0,0,0,0,0,0,0,0,0,0,0,0,0,0,0,0,0,0,0,0,0,0,0,0,0,0,0,0,0,0,0,0,0,-0.0182408392*J1^2*J2^2+0.0182408392*J2^4+0,-0.0210627068*J1^2*J2^2+0.0210627068*J2^4+0,-0.0147882253*J1^2*J2^2+-0.0275076905*J1^1*J2^3+-0.0147882253*J2^4+0,0.0379418643*J1^2*J2^2+0.0194647703*J1^1*J2^3+-0.0244490902*J2^4+0,0,-0.0182408392*J1^2*J2^2+0.0182408392*J2^4+0,0.0024577062*J1^2*J2^2+-0.0170759718*J1^1*J2^3+-0.0183392787*J2^4+0,0.0176261400*J1^2*J2^2+0.0077900567*J1^1*J2^3+-0.0063881496*J2^4+0,0,0,0,0,0,0,0,0,0,0,0,0,0,0,0,0},
{0,0,0,0,0,0,0,0,0,0,0,0,0,0,0,0,0,0,0,0,0,0,0,0,0,0,0,0,0,0,0,0,0,0,0,0,0,0,0,0,0,0,0,0,0,0,0,0,0,0,0,0,0,0,0,0,0,0,0,0,0,0,0,0,0,0,0,0,0,0,0,0,-0.0182408392*J1^2*J2^2+0.0182408392*J2^4+0,0,0.0147882253*J1^2*J2^2+0.0275076905*J1^1*J2^3+0.0147882253*J2^4+0,0.0024577062*J1^2*J2^2+-0.0170759718*J1^1*J2^3+-0.0183392787*J2^4+0,0.0210627068*J1^2*J2^2+-0.0210627068*J2^4+0,-0.0182408392*J1^2*J2^2+0.0182408392*J2^4+0,0.0379418643*J1^2*J2^2+0.0194647703*J1^1*J2^3+-0.0244490902*J2^4+0,-0.0176261400*J1^2*J2^2+-0.0077900567*J1^1*J2^3+0.0063881496*J2^4+0,0,0,0,0,0,0,0,0,0,0,0,0,0,0,0,0},
{0,0,0,0,0,0,0,0,0,0,0,0,0,0,0,0,0,0,0,0,0,0,0,0,0,0,0,0,0,0,0,0,0,0,0,0,0,0,0,0,0,0,0,0,0,0,0,0,0,0,0,0,0,0,0,0,0,0,0,0,0,0,0,0,0,0,0,0,0,0,0,0,0,-0.0182408392*J1^2*J2^2+0.0182408392*J2^4+0,0.0024577062*J1^2*J2^2+-0.0170759718*J1^1*J2^3+-0.0183392787*J2^4+0,0.0176261400*J1^2*J2^2+0.0077900567*J1^1*J2^3+-0.0063881496*J2^4+0,-0.0182408392*J1^2*J2^2+0.0182408392*J2^4+0,0,-0.0176261400*J1^2*J2^2+-0.0077900567*J1^1*J2^3+0.0063881496*J2^4+0,0.0175889509*J1^2*J2^2+0.0104695876*J1^1*J2^3+-0.0170726905*J2^4+0,0,0,0,0,0,0,0,0,0,0,0,0,0,0,0,0},
{0,0,0,0,0,0,0,0,0,0,0,0,0,0,0,0,0,0,0,0,0,0,0,0,0,0,0,0,0,0,0,0,0,0,0,0,0,0,0,0,0,0,0,0,0,0,0,0,0,0,0,0,0,0,0,0,0,0,0,0,0,0,0,0,0,0,0,0,0,0,0,0,0,0,0,0,0,0,0,0,0,0.0105313534*J1^2*J2^2+-0.0105313534*J2^4+0,-0.0317645624*J1^2*J2^2+-0.0295764507*J1^1*J2^3+0.0042568719*J2^4+0,0.0085379859*J1^2*J2^2+0.0158815725*J1^1*J2^3+0.0085379859*J2^4+0,0.0105313534*J1^2*J2^2+-0.0105313534*J2^4+0,0,-0.0085379859*J1^2*J2^2+-0.0158815725*J1^1*J2^3+-0.0085379859*J2^4+0,-0.0014189573*J1^2*J2^2+0.0098588169*J1^1*J2^3+0.0105881875*J2^4+0,0,-0.0148935828*J1^2*J2^2+0.0148935828*J2^4+0,0.0449218750*J1^2*J2^2+0.0418274177*J1^1*J2^3+-0.0060201260*J2^4+0,-0.0120745354*J1^2*J2^2+-0.0224599352*J1^1*J2^3+-0.0120745354*J2^4+0,-0.0148935828*J1^2*J2^2+0.0148935828*J2^4+0,0,0.0120745354*J1^2*J2^2+0.0224599352*J1^1*J2^3+0.0120745354*J2^4+0,0.0020067087*J1^2*J2^2+-0.0139424726*J1^1*J2^3+-0.0149739583*J2^4+0},
{0,0,0,0,0,0,0,0,0,0,0,0,0,0,0,0,0,0,0,0,0,0,0,0,0,0,0,0,0,0,0,0,0,0,0,0,0,0,0,0,0,0,0,0,0,0,0,0,0,0,0,0,0,0,0,0,0,0,0,0,0,0,0,0,0,0,0,0,0,0,0,0,0,0,0,0,0,0,0,0,0.0105313534*J1^2*J2^2+-0.0105313534*J2^4+0,0.0121605594*J1^2*J2^2+-0.0121605594*J2^4+0,0.0085379859*J1^2*J2^2+0.0158815725*J1^1*J2^3+0.0085379859*J2^4+0,-0.0219057455*J1^2*J2^2+-0.0112379904*J1^1*J2^3+0.0141156888*J2^4+0,0,0.0105313534*J1^2*J2^2+-0.0105313534*J2^4+0,-0.0014189573*J1^2*J2^2+0.0098588169*J1^1*J2^3+0.0105881875*J2^4+0,-0.0101764567*J1^2*J2^2+-0.0044975913*J1^1*J2^3+0.0036881999*J2^4+0,-0.0148935828*J1^2*J2^2+0.0148935828*J2^4+0,-0.0171976281*J1^2*J2^2+0.0171976281*J2^4+0,-0.0120745354*J1^2*J2^2+-0.0224599352*J1^1*J2^3+-0.0120745354*J2^4+0,0.0309794024*J1^2*J2^2+0.0158929184*J1^1*J2^3+-0.0199625986*J2^4+0,0,-0.0148935828*J1^2*J2^2+0.0148935828*J2^4+0,0.0020067087*J1^2*J2^2+-0.0139424726*J1^1*J2^3+-0.0149739583*J2^4+0,0.0143916830*J1^2*J2^2+0.0063605547*J1^1*J2^3+-0.0052159023*J2^4+0},
{0,0,0,0,0,0,0,0,0,0,0,0,0,0,0,0,0,0,0,0,0,0,0,0,0,0,0,0,0,0,0,0,0,0,0,0,0,0,0,0,0,0,0,0,0,0,0,0,0,0,0,0,0,0,0,0,0,0,0,0,0,0,0,0,0,0,0,0,0,0,0,0,0,0,0,0,0,0,0,0,0.0105313534*J1^2*J2^2+-0.0105313534*J2^4+0,0,-0.0085379859*J1^2*J2^2+-0.0158815725*J1^1*J2^3+-0.0085379859*J2^4+0,-0.0014189573*J1^2*J2^2+0.0098588169*J1^1*J2^3+0.0105881875*J2^4+0,-0.0121605594*J1^2*J2^2+0.0121605594*J2^4+0,0.0105313534*J1^2*J2^2+-0.0105313534*J2^4+0,-0.0219057455*J1^2*J2^2+-0.0112379904*J1^1*J2^3+0.0141156888*J2^4+0,0.0101764567*J1^2*J2^2+0.0044975913*J1^1*J2^3+-0.0036881999*J2^4+0,-0.0148935828*J1^2*J2^2+0.0148935828*J2^4+0,0,0.0120745354*J1^2*J2^2+0.0224599352*J1^1*J2^3+0.0120745354*J2^4+0,0.0020067087*J1^2*J2^2+-0.0139424726*J1^1*J2^3+-0.0149739583*J2^4+0,0.0171976281*J1^2*J2^2+-0.0171976281*J2^4+0,-0.0148935828*J1^2*J2^2+0.0148935828*J2^4+0,0.0309794024*J1^2*J2^2+0.0158929184*J1^1*J2^3+-0.0199625986*J2^4+0,-0.0143916830*J1^2*J2^2+-0.0063605547*J1^1*J2^3+0.0052159023*J2^4+0},
{0,0,0,0,0,0,0,0,0,0,0,0,0,0,0,0,0,0,0,0,0,0,0,0,0,0,0,0,0,0,0,0,0,0,0,0,0,0,0,0,0,0,0,0,0,0,0,0,0,0,0,0,0,0,0,0,0,0,0,0,0,0,0,0,0,0,0,0,0,0,0,0,0,0,0,0,0,0,0,0,0,0.0105313534*J1^2*J2^2+-0.0105313534*J2^4+0,-0.0014189573*J1^2*J2^2+0.0098588169*J1^1*J2^3+0.0105881875*J2^4+0,-0.0101764567*J1^2*J2^2+-0.0044975913*J1^1*J2^3+0.0036881999*J2^4+0,0.0105313534*J1^2*J2^2+-0.0105313534*J2^4+0,0,0.0101764567*J1^2*J2^2+0.0044975913*J1^1*J2^3+-0.0036881999*J2^4+0,-0.0101549856*J1^2*J2^2+-0.0060446192*J1^1*J2^3+0.0098569224*J2^4+0,0,-0.0148935828*J1^2*J2^2+0.0148935828*J2^4+0,0.0020067087*J1^2*J2^2+-0.0139424726*J1^1*J2^3+-0.0149739583*J2^4+0,0.0143916830*J1^2*J2^2+0.0063605547*J1^1*J2^3+-0.0052159023*J2^4+0,-0.0148935828*J1^2*J2^2+0.0148935828*J2^4+0,0,-0.0143916830*J1^2*J2^2+-0.0063605547*J1^1*J2^3+0.0052159023*J2^4+0,0.0143613183*J1^2*J2^2+0.0085483825*J1^1*J2^3+-0.0139397934*J2^4+0},
{0,0,0,0,0,0,0,0,0,0,0,0,0,0,0,0,0,0,0,0,0,0,0,0,0,0,0,0,0,0,0,0,0,0,0,0,0,0,0,0,0,0,0,0,0,0,0,0,0,0,0,0,0,0,0,0,0,0,0,0,0,0,0,0,0,0,0,0,0,0,0,0,0,0,0,0,-0.0186060145*J1^2*J2^2+-0.0095849166*J1^1*J2^3+0,0.0107421875*J1^1*J2^3+0.0055338542*J2^4+0,-0.0231119792*J1^2*J2^2+0.0018446181*J1^1*J2^3+-0.0158420139*J2^4+0,0.0006264651*J1^2*J2^2+0.0224900984*J1^1*J2^3+-0.0016914559*J2^4+0,0,0,0,0,0,0,0,0,0,0,0,0,0,0,0,0},
{0,0,0,0,0,0,0,0,0,0,0,0,0,0,0,0,0,0,0,0,0,0,0,0,0,0,0,0,0,0,0,0,0,0,0,0,0,0,0,0,0,0,0,0,0,0,0,0,0,0,0,0,0,0,0,0,0,0,0,0,0,0,0,0,0,0,0,0,0,0,0,0,0,0,0,0,0.0107421875*J1^1*J2^3+0.0055338542*J2^4+0,-0.0186060145*J1^2*J2^2+0.0028190931*J1^1*J2^3+0.0063899444*J2^4+0,0.0006264651*J1^2*J2^2+0.0224900984*J1^1*J2^3+-0.0016914559*J2^4+0,-0.0223885995*J1^2*J2^2+0.0278139468*J1^1*J2^3+-0.0177951389*J2^4+0,0,0,0,0,0,0,0,0,0,0,0,0,0,0,0,0},
{0,0,0,0,0,0,0,0,0,0,0,0,0,0,0,0,0,0,0,0,0,0,0,0,0,0,0,0,0,0,0,0,0,0,0,0,0,0,0,0,0,0,0,0,0,0,0,0,0,0,0,0,0,0,0,0,0,0,0,0,0,0,0,0,0,0,0,0,0,0,0,0,0,0,0,0,-0.0231119792*J1^2*J2^2+0.0228949653*J1^1*J2^3+-0.0243055556*J2^4+0,-0.0115269585*J1^2*J2^2+0.0273765264*J1^1*J2^3+-0.0016914559*J2^4+0,0.0080814003*J1^2*J2^2+-0.0020673349*J1^1*J2^3+-0.0231792100*J2^4+0,-0.0062934028*J1^2*J2^2+0.0087167245*J1^1*J2^3+0.0074869792*J2^4+0,0,0,0,0,0,0,0,0,0,0,0,0,0,0,0,0},
{0,0,0,0,0,0,0,0,0,0,0,0,0,0,0,0,0,0,0,0,0,0,0,0,0,0,0,0,0,0,0,0,0,0,0,0,0,0,0,0,0,0,0,0,0,0,0,0,0,0,0,0,0,0,0,0,0,0,0,0,0,0,0,0,0,0,0,0,0,0,0,0,0,0,0,0,-0.0115269585*J1^2*J2^2+0.0273765264*J1^1*J2^3+-0.0016914559*J2^4+0,-0.0364221644*J1^2*J2^2+0.0545066551*J1^1*J2^3+-0.0262586806*J2^4+0,-0.0062934028*J1^2*J2^2+0.0087167245*J1^1*J2^3+0.0074869792*J2^4+0,0.0008144047*J1^2*J2^2+0.0079978716*J1^1*J2^3+-0.0145339912*J2^4+0,0,0,0,0,0,0,0,0,0,0,0,0,0,0,0,0},
{0,0,0,0,0,0,0,0,0,0,0,0,0,0,0,0,0,0,0,0,0,0,0,0,0,0,0,0,0,0,0,0,0,0,0,0,0,0,0,0,0,0,0,0,0,0,0,0,0,0,0,0,0,0,0,0,0,0,0,0,0,0,0,0,0,0,0,0,0,0,0,0,0,0,0,0,0,0,0,0,0,0,0,0,0.0107421875*J1^2*J2^2+0.0055338542*J1^1*J2^3+0,-0.0062020048*J1^1*J2^3+-0.0031949722*J2^4+0,0.0133437074*J1^2*J2^2+-0.0010649907*J1^1*J2^3+0.0091463910*J2^4+0,-0.0003616898*J1^2*J2^2+-0.0129846644*J1^1*J2^3+0.0009765625*J2^4+0,0,0,0,0,-0.0151917473*J1^2*J2^2+-0.0078260516*J1^1*J2^3+0,0.0087709594*J1^1*J2^3+0.0045183730*J2^4+0,-0.0188708520*J1^2*J2^2+0.0015061243*J1^1*J2^3+-0.0129349502*J2^4+0,0.0005115066*J1^2*J2^2+0.0183630884*J1^1*J2^3+-0.0013810679*J2^4+0},
{0,0,0,0,0,0,0,0,0,0,0,0,0,0,0,0,0,0,0,0,0,0,0,0,0,0,0,0,0,0,0,0,0,0,0,0,0,0,0,0,0,0,0,0,0,0,0,0,0,0,0,0,0,0,0,0,0,0,0,0,0,0,0,0,0,0,0,0,0,0,0,0,0,0,0,0,0,0,0,0,0,0,0,0,-0.0062020048*J1^1*J2^3+-0.0031949722*J2^4+0,0.0107421875*J1^2*J2^2+-0.0016276042*J1^1*J2^3+-0.0036892361*J2^4+0,-0.0003616898*J1^2*J2^2+-0.0129846644*J1^1*J2^3+0.0009765625*J2^4+0,0.0129260640*J1^2*J2^2+-0.0160583896*J1^1*J2^3+0.0102740282*J2^4+0,0,0,0,0,0.0087709594*J1^1*J2^3+0.0045183730*J2^4+0,-0.0151917473*J1^2*J2^2+0.0023017799*J1^1*J2^3+0.0052173677*J2^4+0,0.0005115066*J1^2*J2^2+0.0183630884*J1^1*J2^3+-0.0013810679*J2^4+0,-0.0182802150*J1^2*J2^2+0.0227099924*J1^1*J2^3+-0.0145296701*J2^4+0},
{0,0,0,0,0,0,0,0,0,0,0,0,0,0,0,0,0,0,0,0,0,0,0,0,0,0,0,0,0,0,0,0,0,0,0,0,0,0,0,0,0,0,0,0,0,0,0,0,0,0,0,0,0,0,0,0,0,0,0,0,0,0,0,0,0,0,0,0,0,0,0,0,0,0,0,0,0,0,0,0,0,0,0,0,0.0133437074*J1^2*J2^2+-0.0132184144*J1^1*J2^3+0.0140328190*J2^4+0,0.0066550926*J1^2*J2^2+-0.0158058449*J1^1*J2^3+0.0009765625*J2^4+0,-0.0046657986*J1^2*J2^2+0.0011935764*J1^1*J2^3+0.0133825231*J2^4+0,0.0036334978*J1^2*J2^2+-0.0050326033*J1^1*J2^3+-0.0043226094*J2^4+0,0,0,0,0,-0.0188708520*J1^2*J2^2+0.0186936609*J1^1*J2^3+-0.0198454030*J2^4+0,-0.0094117222*J1^2*J2^2+0.0223528402*J1^1*J2^3+-0.0013810679*J2^4+0,0.0065984357*J1^2*J2^2+-0.0016879719*J1^1*J2^3+-0.0189257457*J2^4+0,-0.0051385419*J1^2*J2^2+0.0071171758*J1^1*J2^3+0.0061130929*J2^4+0},
{0,0,0,0,0,0,0,0,0,0,0,0,0,0,0,0,0,0,0,0,0,0,0,0,0,0,0,0,0,0,0,0,0,0,0,0,0,0,0,0,0,0,0,0,0,0,0,0,0,0,0,0,0,0,0,0,0,0,0,0,0,0,0,0,0,0,0,0,0,0,0,0,0,0,0,0,0,0,0,0,0,0,0,0,0.0066550926*J1^2*J2^2+-0.0158058449*J1^1*J2^3+0.0009765625*J2^4+0,0.0210283464*J1^2*J2^2+-0.0314694320*J1^1*J2^3+0.0151604563*J2^4+0,0.0036334978*J1^2*J2^2+-0.0050326033*J1^1*J2^3+-0.0043226094*J2^4+0,-0.0004701968*J1^2*J2^2+-0.0046175733*J1^1*J2^3+0.0083912037*J2^4+0,0,0,0,0,-0.0094117222*J1^2*J2^2+0.0223528402*J1^1*J2^3+-0.0013810679*J2^4+0,-0.0297385727*J1^2*J2^2+0.0445044975*J1^1*J2^3+-0.0214401229*J2^4+0,-0.0051385419*J1^2*J2^2+0.0071171758*J1^1*J2^3+0.0061130929*J2^4+0,0.0006649586*J1^2*J2^2+0.0065302348*J1^1*J2^3+-0.0118669541*J2^4+0},
{0,0,0,0,0,0,0,0,0,0,0,0,0,0,0,0,0,0,0,0,0,0,0,0,0,0,0,0,0,0,0,0,0,0,0,0,0,0,0,0,0,0,0,0,0,0,0,0,0,0,0,0,0,0,0,0,0,0,0,0,0,0,0,0,0,0,0,0,0,0,0,0,0.0322265625*J1^2*J2^2+0,-0.0186060145*J1^1*J2^3+0,-0.0214251076*J1^1*J2^3+-0.0073296421*J2^4+0,0.0094401042*J1^2*J2^2+0.0042317708*J1^1*J2^3+0.0029296875*J2^4+0,-0.0095849166*J1^1*J2^3+0,0.0055338542*J2^4+0,-0.0231119792*J1^2*J2^2+-0.0105251736*J1^1*J2^3+-0.0200737847*J2^4+0,0.0060767118*J1^2*J2^2+0.0249333124*J1^1*J2^3+0,0,0,0,0,0,0,0,0,0,0,0,0,0,0,0,0},
{0,0,0,0,0,0,0,0,0,0,0,0,0,0,0,0,0,0,0,0,0,0,0,0,0,0,0,0,0,0,0,0,0,0,0,0,0,0,0,0,0,0,0,0,0,0,0,0,0,0,0,0,0,0,0,0,0,0,0,0,0,0,0,0,0,0,0,0,0,0,0,0,-0.0186060145*J1^1*J2^3+0,0.0322265625*J1^2*J2^2+-0.0214843750*J1^1*J2^3+0,0.0094401042*J1^2*J2^2+0.0042317708*J1^1*J2^3+0.0029296875*J2^4+0,0.0109004934*J1^2*J2^2+-0.0165386796*J1^1*J2^3+-0.0039467304*J2^4+0,0.0055338542*J2^4+0,-0.0095849166*J1^1*J2^3+0.0063899444*J2^4+0,0.0060767118*J1^2*J2^2+0.0249333124*J1^1*J2^3+0,-0.0160951968*J1^2*J2^2+0.0182653356*J1^1*J2^3+-0.0200737847*J2^4+0,0,0,0,0,0,0,0,0,0,0,0,0,0,0,0,0},
{0,0,0,0,0,0,0,0,0,0,0,0,0,0,0,0,0,0,0,0,0,0,0,0,0,0,0,0,0,0,0,0,0,0,0,0,0,0,0,0,0,0,0,0,0,0,0,0,0,0,0,0,0,0,0,0,0,0,0,0,0,0,0,0,0,0,0,0,0,0,0,0,-0.0214251076*J1^1*J2^3+0.0073296421*J2^4+0,0.0094401042*J1^2*J2^2+-0.0042317708*J1^1*J2^3+0.0029296875*J2^4+0,0.0322265625*J1^2*J2^2+-0.0130208333*J1^1*J2^3+0,0.0109004934*J1^2*J2^2+-0.0186060145*J1^1*J2^3+-0.0033829117*J2^4+0,-0.0231119792*J1^2*J2^2+0.0105251736*J1^1*J2^3+-0.0200737847*J2^4+0,-0.0060767118*J1^2*J2^2+0.0249333124*J1^1*J2^3+0,0.0266874148*J1^2*J2^2+-0.0095849166*J1^1*J2^3+-0.0231792100*J2^4+0,-0.0020254630*J1^1*J2^3+0.0055338542*J2^4+0,0,0,0,0,0,0,0,0,0,0,0,0,0,0,0,0},
{0,0,0,0,0,0,0,0,0,0,0,0,0,0,0,0,0,0,0,0,0,0,0,0,0,0,0,0,0,0,0,0,0,0,0,0,0,0,0,0,0,0,0,0,0,0,0,0,0,0,0,0,0,0,0,0,0,0,0,0,0,0,0,0,0,0,0,0,0,0,0,0,0.0094401042*J1^2*J2^2+-0.0042317708*J1^1*J2^3+0.0029296875*J2^4+0,0.0109004934*J1^2*J2^2+-0.0263115357*J1^1*J2^3+0.0107125538*J2^4+0,0.0109004934*J1^2*J2^2+-0.0186060145*J1^1*J2^3+-0.0033829117*J2^4+0,0.0448133681*J1^2*J2^2+-0.0345052083*J1^1*J2^3+-0.0039062500*J2^4+0,-0.0060767118*J1^2*J2^2+0.0249333124*J1^1*J2^3+0,-0.0301287616*J1^2*J2^2+0.0393156829*J1^1*J2^3+-0.0200737847*J2^4+0,-0.0020254630*J1^1*J2^3+0.0055338542*J2^4+0,0.0266874148*J1^2*J2^2+-0.0119237198*J1^1*J2^3+-0.0167892656*J2^4+0,0,0,0,0,0,0,0,0,0,0,0,0,0,0,0,0},
{0,0,0,0,0,0,0,0,0,0,0,0,0,0,0,0,0,0,0,0,0,0,0,0,0,0,0,0,0,0,0,0,0,0,0,0,0,0,0,0,0,0,0,0,0,0,0,0,0,0,0,0,0,0,0,0,0,0,0,0,0,0,0,0,0,0,0,0,0,0,0,0,0,0,0,0,0,0,0,0,-0.0186060145*J1^2*J2^2+0,0.0107421875*J1^1*J2^3+0,0.0123697917*J1^1*J2^3+0.0042317708*J2^4+0,-0.0054502467*J1^2*J2^2+-0.0024432140*J1^1*J2^3+-0.0016914559*J2^4+0,0.0055338542*J1^1*J2^3+0,-0.0031949722*J2^4+0,0.0133437074*J1^2*J2^2+0.0060767118*J1^1*J2^3+0.0115896050*J2^4+0,-0.0035083912*J1^2*J2^2+-0.0143952546*J1^1*J2^3+0,0.0263128781*J1^2*J2^2+0,-0.0151917473*J1^1*J2^3+0,-0.0174935271*J1^1*J2^3+-0.0059846277*J2^4+0,0.0077078128*J1^2*J2^2+0.0034552264*J1^1*J2^3+0.0023920798*J2^4+0,-0.0078260516*J1^1*J2^3+0,0.0045183730*J2^4+0,-0.0188708520*J1^2*J2^2+-0.0085937683*J1^1*J2^3+-0.0163901766*J2^4+0,0.0049616144*J1^2*J2^2+0.0203579643*J1^1*J2^3+0},
{0,0,0,0,0,0,0,0,0,0,0,0,0,0,0,0,0,0,0,0,0,0,0,0,0,0,0,0,0,0,0,0,0,0,0,0,0,0,0,0,0,0,0,0,0,0,0,0,0,0,0,0,0,0,0,0,0,0,0,0,0,0,0,0,0,0,0,0,0,0,0,0,0,0,0,0,0,0,0,0,0.0107421875*J1^1*J2^3+0,-0.0186060145*J1^2*J2^2+0.0124040097*J1^1*J2^3+0,-0.0054502467*J1^2*J2^2+-0.0024432140*J1^1*J2^3+-0.0016914559*J2^4+0,-0.0062934028*J1^2*J2^2+0.0095486111*J1^1*J2^3+0.0022786458*J2^4+0,-0.0031949722*J2^4+0,0.0055338542*J1^1*J2^3+-0.0036892361*J2^4+0,-0.0035083912*J1^2*J2^2+-0.0143952546*J1^1*J2^3+0,0.0092925662*J1^2*J2^2+-0.0105454965*J1^1*J2^3+0.0115896050*J2^4+0,-0.0151917473*J1^1*J2^3+0,0.0263128781*J1^2*J2^2+-0.0175419187*J1^1*J2^3+0,0.0077078128*J1^2*J2^2+0.0034552264*J1^1*J2^3+0.0023920798*J2^4+0,0.0089002156*J1^2*J2^2+-0.0135037753*J1^1*J2^3+-0.0032224918*J2^4+0,0.0045183730*J2^4+0,-0.0078260516*J1^1*J2^3+0.0052173677*J2^4+0,0.0049616144*J1^2*J2^2+0.0203579643*J1^1*J2^3+0,-0.0131416731*J1^2*J2^2+0.0149135841*J1^1*J2^3+-0.0163901766*J2^4+0},
{0,0,0,0,0,0,0,0,0,0,0,0,0,0,0,0,0,0,0,0,0,0,0,0,0,0,0,0,0,0,0,0,0,0,0,0,0,0,0,0,0,0,0,0,0,0,0,0,0,0,0,0,0,0,0,0,0,0,0,0,0,0,0,0,0,0,0,0,0,0,0,0,0,0,0,0,0,0,0,0,0.0123697917*J1^1*J2^3+-0.0042317708*J2^4+0,-0.0054502467*J1^2*J2^2+0.0024432140*J1^1*J2^3+-0.0016914559*J2^4+0,-0.0186060145*J1^2*J2^2+0.0075175816*J1^1*J2^3+0,-0.0062934028*J1^2*J2^2+0.0107421875*J1^1*J2^3+0.0019531250*J2^4+0,0.0133437074*J1^2*J2^2+-0.0060767118*J1^1*J2^3+0.0115896050*J2^4+0,0.0035083912*J1^2*J2^2+-0.0143952546*J1^1*J2^3+0,-0.0154079861*J1^2*J2^2+0.0055338542*J1^1*J2^3+0.0133825231*J2^4+0,0.0011694016*J1^1*J2^3+-0.0031949722*J2^4+0,-0.0174935271*J1^1*J2^3+0.0059846277*J2^4+0,0.0077078128*J1^2*J2^2+-0.0034552264*J1^1*J2^3+0.0023920798*J2^4+0,0.0263128781*J1^2*J2^2+-0.0106314659*J1^1*J2^3+0,0.0089002156*J1^2*J2^2+-0.0151917473*J1^1*J2^3+-0.0027621359*J2^4+0,-0.0188708520*J1^2*J2^2+0.0085937683*J1^1*J2^3+-0.0163901766*J2^4+0,-0.0049616144*J1^2*J2^2+0.0203579643*J1^1*J2^3+0,0.0217901829*J1^2*J2^2+-0.0078260516*J1^1*J2^3+-0.0189257457*J2^4+0,-0.0016537836*J1^1*J2^3+0.0045183730*J2^4+0},
{0,0,0,0,0,0,0,0,0,0,0,0,0,0,0,0,0,0,0,0,0,0,0,0,0,0,0,0,0,0,0,0,0,0,0,0,0,0,0,0,0,0,0,0,0,0,0,0,0,0,0,0,0,0,0,0,0,0,0,0,0,0,0,0,0,0,0,0,0,0,0,0,0,0,0,0,0,0,0,0,-0.0054502467*J1^2*J2^2+0.0024432140*J1^1*J2^3+-0.0016914559*J2^4+0,-0.0062934028*J1^2*J2^2+0.0151909722*J1^1*J2^3+-0.0061848958*J2^4+0,-0.0062934028*J1^2*J2^2+0.0107421875*J1^1*J2^3+0.0019531250*J2^4+0,-0.0258730101*J1^2*J2^2+0.0199215913*J1^1*J2^3+0.0022552745*J2^4+0,0.0035083912*J1^2*J2^2+-0.0143952546*J1^1*J2^3+0,0.0173948486*J1^2*J2^2+-0.0226989201*J1^1*J2^3+0.0115896050*J2^4+0,0.0011694016*J1^1*J2^3+-0.0031949722*J2^4+0,-0.0154079861*J1^2*J2^2+0.0068841628*J1^1*J2^3+0.0096932870*J2^4+0,0.0077078128*J1^2*J2^2+-0.0034552264*J1^1*J2^3+0.0023920798*J2^4+0,0.0089002156*J1^2*J2^2+-0.0214832789*J1^1*J2^3+0.0087467636*J2^4+0,0.0089002156*J1^2*J2^2+-0.0151917473*J1^1*J2^3+-0.0027621359*J2^4+0,0.0365899618*J1^2*J2^2+-0.0281733846*J1^1*J2^3+-0.0031894398*J2^4+0,-0.0049616144*J1^2*J2^2+0.0203579643*J1^1*J2^3+0,-0.0246000308*J1^2*J2^2+0.0321011206*J1^1*J2^3+-0.0163901766*J2^4+0,-0.0016537836*J1^1*J2^3+0.0045183730*J2^4+0,0.0217901829*J1^2*J2^2+-0.0097356764*J1^1*J2^3+-0.0137083780*J2^4+0},
{0,0,0,0,0,0,0,0,0,0,0,0,0,0,0,0,0,0,0,0,0,0,0,0,0,0,0,0,0,0,0,0,0,0,0,0,0,0,0,0,0,0,0,0,0,0,0,0,0,0,0,0,0,0,0,0,0,0,0,0,0,0,0,0,0,0,0,0,0,0,0,0,-0.0117390774*J1^1*J2^3+0,0.0067775595*J2^4+0,-0.0283062780*J1^2*J2^2+-0.0128906524*J1^1*J2^3+-0.0245852649*J2^4+0,0.0074424216*J1^2*J2^2+0.0305369465*J1^1*J2^3+0,0.0263128781*J1^2*J2^2+0.0067775595*J1^1*J2^3+0,-0.0151917473*J1^1*J2^3+-0.0039130258*J2^4+0,0.0163426372*J1^2*J2^2+-0.0100511055*J1^1*J2^3+0.0082096816*J2^4+0,0.0034109286*J1^2*J2^2+-0.0141752879*J1^1*J2^3+0.0023920798*J2^4+0,0,0,0,0,0,0,0,0,0,0,0,0,0,0,0,0},
{0,0,0,0,0,0,0,0,0,0,0,0,0,0,0,0,0,0,0,0,0,0,0,0,0,0,0,0,0,0,0,0,0,0,0,0,0,0,0,0,0,0,0,0,0,0,0,0,0,0,0,0,0,0,0,0,0,0,0,0,0,0,0,0,0,0,0,0,0,0,0,0,0.0067775595*J2^4+0,-0.0117390774*J1^1*J2^3+0.0078260516*J2^4+0,0.0074424216*J1^2*J2^2+0.0305369465*J1^1*J2^3+0,-0.0197125097*J1^2*J2^2+0.0223703762*J1^1*J2^3+-0.0245852649*J2^4+0,-0.0151917473*J1^1*J2^3+-0.0039130258*J2^4+0,0.0263128781*J1^2*J2^2+-0.0107643592*J1^1*J2^3+-0.0045183730*J2^4+0,0.0034109286*J1^2*J2^2+-0.0141752879*J1^1*J2^3+0.0023920798*J2^4+0,0.0202812383*J1^2*J2^2+-0.0264193180*J1^1*J2^3+0.0109718175*J2^4+0,0,0,0,0,0,0,0,0,0,0,0,0,0,0,0,0},
{0,0,0,0,0,0,0,0,0,0,0,0,0,0,0,0,0,0,0,0,0,0,0,0,0,0,0,0,0,0,0,0,0,0,0,0,0,0,0,0,0,0,0,0,0,0,0,0,0,0,0,0,0,0,0,0,0,0,0,0,0,0,0,0,0,0,0,0,0,0,0,0,-0.0283062780*J1^2*J2^2+0.0128906524*J1^1*J2^3+-0.0245852649*J2^4+0,-0.0074424216*J1^2*J2^2+0.0305369465*J1^1*J2^3+0,0.0326852744*J1^2*J2^2+-0.0117390774*J1^1*J2^3+-0.0283886186*J2^4+0,-0.0024806754*J1^1*J2^3+0.0067775595*J2^4+0,0.0163426372*J1^2*J2^2+-0.0249359488*J1^1*J2^3+0.0201789370*J2^4+0,0.0120046969*J1^2*J2^2+-0.0210857407*J1^1*J2^3+0.0023920798*J2^4+0,0.0074420261*J1^2*J2^2+-0.0038539064*J1^1*J2^3+0.0163901766*J2^4+0,0.0089002156*J1^2*J2^2+-0.0137595287*J1^1*J2^3+-0.0066751617*J2^4+0,0,0,0,0,0,0,0,0,0,0,0,0,0,0,0,0},
{0,0,0,0,0,0,0,0,0,0,0,0,0,0,0,0,0,0,0,0,0,0,0,0,0,0,0,0,0,0,0,0,0,0,0,0,0,0,0,0,0,0,0,0,0,0,0,0,0,0,0,0,0,0,0,0,0,0,0,0,0,0,0,0,0,0,0,0,0,0,0,0,-0.0074424216*J1^2*J2^2+0.0305369465*J1^1*J2^3+0,-0.0369000462*J1^2*J2^2+0.0481516810*J1^1*J2^3+-0.0245852649*J2^4+0,-0.0024806754*J1^1*J2^3+0.0067775595*J2^4+0,0.0326852744*J1^2*J2^2+-0.0146035146*J1^1*J2^3+-0.0205625670*J2^4+0,0.0120046969*J1^2*J2^2+-0.0210857407*J1^1*J2^3+0.0023920798*J2^4+0,0.0302044672*J1^2*J2^2+-0.0492836649*J1^1*J2^3+0.0229410729*J2^4+0,0.0089002156*J1^2*J2^2+-0.0137595287*J1^1*J2^3+-0.0066751617*J2^4+0,0.0177191098*J1^2*J2^2+-0.0197420415*J1^1*J2^3+0.0086823638*J2^4+0,0,0,0,0,0,0,0,0,0,0,0,0,0,0,0,0},
{0,0,0,0,0,0,0,0,0,0,0,0,0,0,0,0,0,0,0,0,0,0,0,0,0,0,0,0,0,0,0,0,0,0,0,0,0,0,0,0,0,0,0,0,0,0,0,0,0,0,0,0,0,0,0,0,0,0,0,0,0,0,0,0,0,0,0,0,0,0,0,0,0,0,0,0,0,0,0,0,0.0067775595*J1^1*J2^3+0,-0.0039130258*J2^4+0,0.0163426372*J1^2*J2^2+0.0074424216*J1^1*J2^3+0.0141943093*J2^4+0,-0.0042968841*J1^2*J2^2+-0.0176305143*J1^1*J2^3+0,-0.0151917473*J1^2*J2^2+-0.0039130258*J1^1*J2^3+0,0.0087709594*J1^1*J2^3+0.0022591865*J2^4+0,-0.0094354260*J1^2*J2^2+0.0058030085*J1^1*J2^3+-0.0047398619*J2^4+0,-0.0019693006*J1^2*J2^2+0.0081841063*J1^1*J2^3+-0.0013810679*J2^4+0,-0.0095849166*J1^1*J2^3+0,0.0055338542*J2^4+0,-0.0231119792*J1^2*J2^2+-0.0105251736*J1^1*J2^3+-0.0200737847*J2^4+0,0.0060767118*J1^2*J2^2+0.0249333124*J1^1*J2^3+0,0.0214843750*J1^2*J2^2+0.0055338542*J1^1*J2^3+0,-0.0124040097*J1^1*J2^3+-0.0031949722*J2^4+0,0.0133437074*J1^2*J2^2+-0.0082066933*J1^1*J2^3+0.0067031770*J2^4+0,0.0027850116*J1^2*J2^2+-0.0115740741*J1^1*J2^3+0.0019531250*J2^4+0},
{0,0,0,0,0,0,0,0,0,0,0,0,0,0,0,0,0,0,0,0,0,0,0,0,0,0,0,0,0,0,0,0,0,0,0,0,0,0,0,0,0,0,0,0,0,0,0,0,0,0,0,0,0,0,0,0,0,0,0,0,0,0,0,0,0,0,0,0,0,0,0,0,0,0,0,0,0,0,0,0,-0.0039130258*J2^4+0,0.0067775595*J1^1*J2^3+-0.0045183730*J2^4+0,-0.0042968841*J1^2*J2^2+-0.0176305143*J1^1*J2^3+0,0.0113810228*J1^2*J2^2+-0.0129155427*J1^1*J2^3+0.0141943093*J2^4+0,0.0087709594*J1^1*J2^3+0.0022591865*J2^4+0,-0.0151917473*J1^2*J2^2+0.0062148057*J1^1*J2^3+0.0026086839*J2^4+0,-0.0019693006*J1^2*J2^2+0.0081841063*J1^1*J2^3+-0.0013810679*J2^4+0,-0.0117093784*J1^2*J2^2+0.0152532004*J1^1*J2^3+-0.0063345818*J2^4+0,0.0055338542*J2^4+0,-0.0095849166*J1^1*J2^3+0.0063899444*J2^4+0,0.0060767118*J1^2*J2^2+0.0249333124*J1^1*J2^3+0,-0.0160951968*J1^2*J2^2+0.0182653356*J1^1*J2^3+-0.0200737847*J2^4+0,-0.0124040097*J1^1*J2^3+-0.0031949722*J2^4+0,0.0214843750*J1^2*J2^2+-0.0087890625*J1^1*J2^3+-0.0036892361*J2^4+0,0.0027850116*J1^2*J2^2+-0.0115740741*J1^1*J2^3+0.0019531250*J2^4+0,0.0165595618*J1^2*J2^2+-0.0215712828*J1^1*J2^3+0.0089584514*J2^4+0},
{0,0,0,0,0,0,0,0,0,0,0,0,0,0,0,0,0,0,0,0,0,0,0,0,0,0,0,0,0,0,0,0,0,0,0,0,0,0,0,0,0,0,0,0,0,0,0,0,0,0,0,0,0,0,0,0,0,0,0,0,0,0,0,0,0,0,0,0,0,0,0,0,0,0,0,0,0,0,0,0,0.0163426372*J1^2*J2^2+-0.0074424216*J1^1*J2^3+0.0141943093*J2^4+0,0.0042968841*J1^2*J2^2+-0.0176305143*J1^1*J2^3+0,-0.0188708520*J1^2*J2^2+0.0067775595*J1^1*J2^3+0.0163901766*J2^4+0,0.0014322186*J1^1*J2^3+-0.0039130258*J2^4+0,-0.0094354260*J1^2*J2^2+0.0143967767*J1^1*J2^3+-0.0116503147*J2^4+0,-0.0069309150*J1^2*J2^2+0.0121738581*J1^1*J2^3+-0.0013810679*J2^4+0,-0.0042966558*J1^2*J2^2+0.0022250539*J1^1*J2^3+-0.0094628729*J2^4+0,-0.0051385419*J1^2*J2^2+0.0079440676*J1^1*J2^3+0.0038539064*J2^4+0,-0.0231119792*J1^2*J2^2+0.0105251736*J1^1*J2^3+-0.0200737847*J2^4+0,-0.0060767118*J1^2*J2^2+0.0249333124*J1^1*J2^3+0,0.0266874148*J1^2*J2^2+-0.0095849166*J1^1*J2^3+-0.0231792100*J2^4+0,-0.0020254630*J1^1*J2^3+0.0055338542*J2^4+0,0.0133437074*J1^2*J2^2+-0.0203601169*J1^1*J2^3+0.0164760331*J2^4+0,0.0098017940*J1^2*J2^2+-0.0172164352*J1^1*J2^3+0.0019531250*J2^4+0,0.0060763889*J1^2*J2^2+-0.0031467014*J1^1*J2^3+0.0133825231*J2^4+0,0.0072669956*J1^2*J2^2+-0.0112346081*J1^1*J2^3+-0.0054502467*J2^4+0},
{0,0,0,0,0,0,0,0,0,0,0,0,0,0,0,0,0,0,0,0,0,0,0,0,0,0,0,0,0,0,0,0,0,0,0,0,0,0,0,0,0,0,0,0,0,0,0,0,0,0,0,0,0,0,0,0,0,0,0,0,0,0,0,0,0,0,0,0,0,0,0,0,0,0,0,0,0,0,0,0,0.0042968841*J1^2*J2^2+-0.0176305143*J1^1*J2^3+0,0.0213042516*J1^2*J2^2+-0.0278003860*J1^1*J2^3+0.0141943093*J2^4+0,0.0014322186*J1^1*J2^3+-0.0039130258*J2^4+0,-0.0188708520*J1^2*J2^2+0.0084313431*J1^1*J2^3+0.0118718036*J2^4+0,-0.0069309150*J1^2*J2^2+0.0121738581*J1^1*J2^3+-0.0013810679*J2^4+0,-0.0174385573*J1^2*J2^2+0.0284539372*J1^1*J2^3+-0.0132450346*J2^4+0,-0.0051385419*J1^2*J2^2+0.0079440676*J1^1*J2^3+0.0038539064*J2^4+0,-0.0102301328*J1^2*J2^2+0.0113980730*J1^1*J2^3+-0.0050127651*J2^4+0,-0.0060767118*J1^2*J2^2+0.0249333124*J1^1*J2^3+0,-0.0301287616*J1^2*J2^2+0.0393156829*J1^1*J2^3+-0.0200737847*J2^4+0,-0.0020254630*J1^1*J2^3+0.0055338542*J2^4+0,0.0266874148*J1^2*J2^2+-0.0119237198*J1^1*J2^3+-0.0167892656*J2^4+0,0.0098017940*J1^2*J2^2+-0.0172164352*J1^1*J2^3+0.0019531250*J2^4+0,0.0246618442*J1^2*J2^2+-0.0402399439*J1^1*J2^3+0.0187313076*J2^4+0,0.0072669956*J1^2*J2^2+-0.0112346081*J1^1*J2^3+-0.0054502467*J2^4+0,0.0144675926*J1^2*J2^2+-0.0161193094*J1^1*J2^3+0.0070891204*J2^4+0},
{0,0,0,0,0,0,0,0,-0.0068359375*J1^2*J2^2+0,-0.0056381862*J1^1*J2^3+-0.0005638186*J2^4+0,-0.0039467304*J1^1*J2^3+0,-0.0048828125*J1^2*J2^2+-0.0003255208*J1^1*J2^3+0.0016276042*J2^4+0,0,0,0,0,0.0020716019*J1^1*J2^3+0,-0.0035881197*J1^2*J2^2+-0.0118275058*J1^1*J2^3+0.0001328933*J2^4+0,0.0011960399*J2^4+0,-0.0068286137*J1^2*J2^2+-0.0019948759*J1^1*J2^3+0,0,0,0,0,-0.0361328125*J1^2*J2^2+-0.0001808449*J2^4+0,0.0209656999*J1^1*J2^3+0,-0.0209656999*J1^1*J2^3+0,0.0000602816*J1^2*J2^2+0.0120442708*J2^4+0,0,0,0,0,0,0.0069955274*J1^2*J2^2+-0.0069955274*J2^4+0,0.0069955274*J1^2*J2^2+-0.0069955274*J2^4+0,0,0,0,0,0,0,0.0050204145*J1^2*J2^2+-0.0050204145*J2^4+0,0.0050204145*J1^2*J2^2+-0.0050204145*J2^4+0,0,0,0,0,0,0,0,0,0,0,0,0,0,0.0068359375*J1^2*J2^2+0,-0.0039467304*J1^1*J2^3+0,-0.0056381862*J1^1*J2^3+-0.0005638186*J2^4+0,0.0048828125*J1^2*J2^2+0.0003255208*J1^1*J2^3+-0.0016276042*J2^4+0,0,0,0,0,-0.0020716019*J1^1*J2^3+0,0.0011960399*J2^4+0,-0.0035881197*J1^2*J2^2+-0.0118275058*J1^1*J2^3+0.0001328933*J2^4+0,0.0068286137*J1^2*J2^2+0.0019948759*J1^1*J2^3+0,0,0,0,0,0,0,0,0,0,0,0,0,0,0,0,0,0,0,0,0,0,0,0,0,0,0,0,0},
{0.0039467304*J1^2*J2^2+0.0016914559*J1^1*J2^3+0,-0.0029296875*J1^2*J2^2+-0.0064019097*J1^1*J2^3+0.0004340278*J2^4+0,0.0022786458*J1^1*J2^3+0.0009765625*J2^4+0,-0.0027564466*J1^2*J2^2+-0.0014408698*J1^1*J2^3+-0.0009396977*J2^4+0,0,0,0,0,-0.0016914559*J1^1*J2^3+0,0.0029296875*J1^2*J2^2+0.0096571181*J1^1*J2^3+-0.0001085069*J2^4+0,-0.0009765625*J2^4+0,0.0055755397*J1^2*J2^2+0.0016288094*J1^1*J2^3+0,0,0,0,0,0.0055815196*J1^2*J2^2+0.0011960399*J1^1*J2^3+0,-0.0020716019*J1^2*J2^2+-0.0022250539*J1^1*J2^3+0.0005370820*J2^4+0,0.0032224918*J1^1*J2^3+0.0006905340*J2^4+0,0.0000442978*J1^2*J2^2+-0.0008859555*J1^1*J2^3+-0.0013289332*J2^4+0,0,0,0,0,0.0209656999*J1^1*J2^3+0,-0.0361328125*J1^2*J2^2+0.0242091049*J1^1*J2^3+-0.0001808449*J2^4+0,0.0000602816*J1^2*J2^2+0.0120442708*J2^4+0,0.0000696072*J1^2*J2^2+-0.0209656999*J1^1*J2^3+0.0139075260*J2^4+0,0,0,0,0,0.0069955274*J1^2*J2^2+-0.0069955274*J2^4+0,0.0080777392*J1^2*J2^2+-0.0080777392*J2^4+0,0,0.0069955274*J1^2*J2^2+-0.0069955274*J2^4+0,0,0,0,0,0.0050204145*J1^2*J2^2+-0.0050204145*J2^4+0,0.0057970753*J1^2*J2^2+-0.0057970753*J2^4+0,0,0.0050204145*J1^2*J2^2+-0.0050204145*J2^4+0,0,0,0,0,0,0,0,0,0,0,0,0,-0.0039467304*J1^1*J2^3+0,0.0068359375*J1^2*J2^2+-0.0045572917*J1^1*J2^3+0,0.0048828125*J1^2*J2^2+0.0003255208*J1^1*J2^3+-0.0016276042*J2^4+0,0.0056381862*J1^2*J2^2+-0.0052623071*J1^1*J2^3+-0.0024432140*J2^4+0,0,0,0,0,0.0011960399*J2^4+0,-0.0020716019*J1^1*J2^3+0.0013810679*J2^4+0,0.0068286137*J1^2*J2^2+0.0019948759*J1^1*J2^3+0,0.0042968841*J1^2*J2^2+-0.0095240215*J1^1*J2^3+0.0001328933*J2^4+0,0,0,0,0,0,0,0,0,0,0,0,0,0,0,0,0,0,0,0,0,0,0,0,0,0,0,0,0},
{0,0,0,0,0,0,0,0,-0.0056381862*J1^1*J2^3+0.0005638186*J2^4+0,-0.0068359375*J1^2*J2^2+0.0130208333*J1^1*J2^3+0,-0.0048828125*J1^2*J2^2+0.0003255208*J1^1*J2^3+0.0016276042*J2^4+0,0.0056381862*J1^2*J2^2+-0.0039467304*J1^1*J2^3+0.0018793954*J2^4+0,0,0,0,0,-0.0035881197*J1^2*J2^2+0.0118275058*J1^1*J2^3+0.0001328933*J2^4+0,-0.0041432038*J1^2*J2^2+0.0020716019*J1^1*J2^3+-0.0001534520*J2^4+0,0.0068286137*J1^2*J2^2+-0.0019948759*J1^1*J2^3+0,-0.0024806754*J1^1*J2^3+0.0011960399*J2^4+0,0,0,0,0,0,-0.0081380208*J1^2*J2^2+0.0081380208*J2^4+0,-0.0081380208*J1^2*J2^2+0.0081380208*J2^4+0,0,0,0,0,0,0.0208612890*J1^2*J2^2+-0.0141998764*J1^1*J2^3+-0.0140954656*J2^4+0,0.0040991512*J1^2*J2^2+-0.0039062500*J1^1*J2^3+0.0040991512*J2^4+0,-0.0040991512*J1^2*J2^2+0.0039062500*J1^1*J2^3+-0.0040991512*J2^4+0,0.0046984885*J1^2*J2^2+0.0047332921*J1^1*J2^3+-0.0069537630*J2^4+0,0,0,0,0,0.0295023179*J1^2*J2^2+-0.0298271682*J1^1*J2^3+0.0098931697*J2^4+0,0.0086103618*J1^2*J2^2+-0.0227449953*J1^1*J2^3+0.0086103618*J2^4+0,-0.0086103618*J1^2*J2^2+0.0227449953*J1^1*J2^3+-0.0086103618*J2^4+0,-0.0032977232*J1^2*J2^2+0.0099423894*J1^1*J2^3+-0.0098341060*J2^4+0,0,0,0,0,0,0,0,0,0,0,0,0,-0.0056381862*J1^1*J2^3+0.0005638186*J2^4+0,0.0048828125*J1^2*J2^2+-0.0003255208*J1^1*J2^3+-0.0016276042*J2^4+0,0.0068359375*J1^2*J2^2+-0.0130208333*J1^1*J2^3+0,0.0056381862*J1^2*J2^2+-0.0039467304*J1^1*J2^3+0.0018793954*J2^4+0,0,0,0,0,-0.0035881197*J1^2*J2^2+0.0118275058*J1^1*J2^3+0.0001328933*J2^4+0,-0.0068286137*J1^2*J2^2+0.0019948759*J1^1*J2^3+0,0.0041432038*J1^2*J2^2+-0.0020716019*J1^1*J2^3+0.0001534520*J2^4+0,-0.0024806754*J1^1*J2^3+0.0011960399*J2^4+0,0,0,0,0,0,0,0,0,0,0,0,0,0,0,0,0,0,0,0,0,0,0,0,0,0,0,0,0},
{-0.0029296875*J1^2*J2^2+0.0129123264*J1^1*J2^3+-0.0002170139*J2^4+0,0.0005638186*J1^2*J2^2+-0.0058261258*J1^1*J2^3+-0.0001252930*J2^4+0,0.0083946328*J1^2*J2^2+-0.0018167489*J1^1*J2^3+-0.0009396977*J2^4+0,-0.0032552083*J1^2*J2^2+0.0002531829*J1^1*J2^3+-0.0001085069*J2^4+0,0,0,0,0,0.0029296875*J1^2*J2^2+-0.0096571181*J1^1*J2^3+-0.0001085069*J2^4+0,0.0033829117*J1^2*J2^2+-0.0016914559*J1^1*J2^3+0.0001252930*J2^4+0,-0.0055755397*J1^2*J2^2+0.0016288094*J1^1*J2^3+0,0.0020254630*J1^1*J2^3+-0.0009765625*J2^4+0,0,0,0,0,-0.0020716019*J1^2*J2^2+0.0114321734*J1^1*J2^3+-0.0003836300*J2^4+0,0.0031894398*J1^2*J2^2+-0.0094354260*J1^1*J2^3+-0.0000885955*J2^4+0,0.0079293016*J1^2*J2^2+-0.0014175288*J1^1*J2^3+-0.0013289332*J2^4+0,-0.0046035598*J1^2*J2^2+0.0017902732*J1^1*J2^3+-0.0008439860*J2^4+0,0,0,0,0,-0.0081380208*J1^2*J2^2+0.0081380208*J2^4+0,-0.0093969770*J1^2*J2^2+0.0093969770*J2^4+0,0,-0.0081380208*J1^2*J2^2+0.0081380208*J2^4+0,0,0,0,0,0.0040991512*J1^2*J2^2+-0.0039062500*J1^1*J2^3+0.0040991512*J2^4+0,0.0255945812*J1^2*J2^2+-0.0187104254*J1^1*J2^3+-0.0093621734*J2^4+0,0.0046984885*J1^2*J2^2+0.0047332921*J1^1*J2^3+-0.0069537630*J2^4+0,0.0013261960*J1^2*J2^2+0.0093717850*J1^1*J2^3+-0.0121286651*J2^4+0,0,0,0,0,0.0086103618*J1^2*J2^2+-0.0227449953*J1^1*J2^3+0.0086103618*J2^4+0,0.0394447073*J1^2*J2^2+-0.0560908266*J1^1*J2^3+0.0198355591*J2^4+0,-0.0032977232*J1^2*J2^2+0.0099423894*J1^1*J2^3+-0.0098341060*J2^4+0,-0.0124182446*J1^2*J2^2+0.0342254777*J1^1*J2^3+-0.0199658092*J2^4+0,0,0,0,0,0,0,0,0,0,0,0,0,0.0048828125*J1^2*J2^2+-0.0003255208*J1^1*J2^3+-0.0016276042*J2^4+0,0.0056381862*J1^2*J2^2+-0.0060140653*J1^1*J2^3+-0.0013155768*J2^4+0,0.0056381862*J1^2*J2^2+-0.0039467304*J1^1*J2^3+0.0018793954*J2^4+0,0.0133463542*J1^2*J2^2+-0.0175781250*J1^1*J2^3+0.0021701389*J2^4+0,0,0,0,0,-0.0068286137*J1^2*J2^2+0.0019948759*J1^1*J2^3+0,-0.0114731236*J1^2*J2^2+0.0141309901*J1^1*J2^3+0.0001328933*J2^4+0,-0.0024806754*J1^1*J2^3+0.0011960399*J2^4+0,0.0041432038*J1^2*J2^2+-0.0049360391*J1^1*J2^3+0.0015345199*J2^4+0,0,0,0,0,0,0,0,0,0,0,0,0,0,0,0,0,0,0,0,0,0,0,0,0,0,0,0,0},
{0,0,0,0,0,0,0,0,-0.0039467304*J1^1*J2^3+0,-0.0048828125*J1^2*J2^2+-0.0003255208*J1^1*J2^3+0.0016276042*J2^4+0,-0.0068359375*J1^2*J2^2+0.0045572917*J1^1*J2^3+0,0.0056381862*J1^2*J2^2+-0.0052623071*J1^1*J2^3+-0.0024432140*J2^4+0,0,0,0,0,0.0011960399*J2^4+0,-0.0068286137*J1^2*J2^2+-0.0019948759*J1^1*J2^3+0,0.0020716019*J1^1*J2^3+-0.0013810679*J2^4+0,0.0042968841*J1^2*J2^2+-0.0095240215*J1^1*J2^3+0.0001328933*J2^4+0,0,0,0,0,-0.0209656999*J1^1*J2^3+0,0.0000602816*J1^2*J2^2+0.0120442708*J2^4+0,-0.0361328125*J1^2*J2^2+0.0242091049*J1^1*J2^3+-0.0001808449*J2^4+0,-0.0000696072*J1^2*J2^2+0.0209656999*J1^1*J2^3+-0.0139075260*J2^4+0,0,0,0,0,0.0069955274*J1^2*J2^2+-0.0069955274*J2^4+0,0,-0.0080777392*J1^2*J2^2+0.0080777392*J2^4+0,0.0069955274*J1^2*J2^2+-0.0069955274*J2^4+0,0,0,0,0,0.0050204145*J1^2*J2^2+-0.0050204145*J2^4+0,0,-0.0057970753*J1^2*J2^2+0.0057970753*J2^4+0,0.0050204145*J1^2*J2^2+-0.0050204145*J2^4+0,0,0,0,0,-0.0039467304*J1^2*J2^2+-0.0016914559*J1^1*J2^3+0,0.0022786458*J1^1*J2^3+0.0009765625*J2^4+0,-0.0029296875*J1^2*J2^2+-0.0064019097*J1^1*J2^3+0.0004340278*J2^4+0,0.0027564466*J1^2*J2^2+0.0014408698*J1^1*J2^3+0.0009396977*J2^4+0,0,0,0,0,-0.0016914559*J1^1*J2^3+0,0.0009765625*J2^4+0,-0.0029296875*J1^2*J2^2+-0.0096571181*J1^1*J2^3+0.0001085069*J2^4+0,0.0055755397*J1^2*J2^2+0.0016288094*J1^1*J2^3+0,0,0,0,0,0.0055815196*J1^2*J2^2+0.0011960399*J1^1*J2^3+0,-0.0032224918*J1^1*J2^3+-0.0006905340*J2^4+0,0.0020716019*J1^2*J2^2+0.0022250539*J1^1*J2^3+-0.0005370820*J2^4+0,0.0000442978*J1^2*J2^2+-0.0008859555*J1^1*J2^3+-0.0013289332*J2^4+0,0,0,0,0,0,0,0,0,0,0,0,0,0,0,0,0,0,0,0,0,0,0,0,0,0,0,0,0},
{0.0022786458*J1^1*J2^3+0.0009765625*J2^4+0,-0.0027564466*J1^2*J2^2+-0.0014408698*J1^1*J2^3+-0.0009396977*J2^4+0,0.0039467304*J1^2*J2^2+-0.0009396977*J1^1*J2^3+-0.0011276372*J2^4+0,0.0002531829*J1^2*J2^2+-0.0047381366*J1^1*J2^3+0.0015190972*J2^4+0,0,0,0,0,-0.0009765625*J2^4+0,0.0055755397*J1^2*J2^2+0.0016288094*J1^1*J2^3+0,-0.0016914559*J1^1*J2^3+0.0011276372*J2^4+0,-0.0035083912*J1^2*J2^2+0.0077763310*J1^1*J2^3+-0.0001085069*J2^4+0,0,0,0,0,0.0032224918*J1^1*J2^3+0.0006905340*J2^4+0,0.0000442978*J1^2*J2^2+-0.0008859555*J1^1*J2^3+-0.0013289332*J2^4+0,0.0055815196*J1^2*J2^2+-0.0025249732*J1^1*J2^3+-0.0007973599*J2^4+0,-0.0021227526*J1^2*J2^2+-0.0012020406*J1^1*J2^3+0.0020716019*J2^4+0,0,0,0,0,0.0000602816*J1^2*J2^2+0.0120442708*J2^4+0,0.0000696072*J1^2*J2^2+-0.0209656999*J1^1*J2^3+0.0139075260*J2^4+0,-0.0000696072*J1^2*J2^2+0.0209656999*J1^1*J2^3+-0.0139075260*J2^4+0,-0.0362131880*J1^2*J2^2+0.0484182099*J1^1*J2^3+-0.0162398727*J2^4+0,0,0,0,0,0,0.0069955274*J1^2*J2^2+-0.0069955274*J2^4+0,0.0069955274*J1^2*J2^2+-0.0069955274*J2^4+0,0,0,0,0,0,0,0.0050204145*J1^2*J2^2+-0.0050204145*J2^4+0,0.0050204145*J1^2*J2^2+-0.0050204145*J2^4+0,0,0,0,0,0,0.0022786458*J1^1*J2^3+0.0009765625*J2^4+0,-0.0039467304*J1^2*J2^2+0.0009396977*J1^1*J2^3+0.0011276372*J2^4+0,0.0027564466*J1^2*J2^2+0.0014408698*J1^1*J2^3+0.0009396977*J2^4+0,0.0002531829*J1^2*J2^2+-0.0047381366*J1^1*J2^3+0.0015190972*J2^4+0,0,0,0,0,0.0009765625*J2^4+0,-0.0016914559*J1^1*J2^3+0.0011276372*J2^4+0,0.0055755397*J1^2*J2^2+0.0016288094*J1^1*J2^3+0,0.0035083912*J1^2*J2^2+-0.0077763310*J1^1*J2^3+0.0001085069*J2^4+0,0,0,0,0,-0.0032224918*J1^1*J2^3+-0.0006905340*J2^4+0,0.0055815196*J1^2*J2^2+-0.0025249732*J1^1*J2^3+-0.0007973599*J2^4+0,0.0000442978*J1^2*J2^2+-0.0008859555*J1^1*J2^3+-0.0013289332*J2^4+0,0.0021227526*J1^2*J2^2+0.0012020406*J1^1*J2^3+-0.0020716019*J2^4+0,0,0,0,0,0,0,0,0,0,0,0,0,0,0,0,0,0,0,0,0,0,0,0,0,0,0,0,0},
{0,0,0,0,0,0,0,0,-0.0048828125*J1^2*J2^2+0.0003255208*J1^1*J2^3+0.0016276042*J2^4+0,0.0056381862*J1^2*J2^2+-0.0039467304*J1^1*J2^3+0.0018793954*J2^4+0,0.0056381862*J1^2*J2^2+-0.0060140653*J1^1*J2^3+-0.0013155768*J2^4+0,-0.0133463542*J1^2*J2^2+0.0175781250*J1^1*J2^3+-0.0021701389*J2^4+0,0,0,0,0,0.0068286137*J1^2*J2^2+-0.0019948759*J1^1*J2^3+0,-0.0024806754*J1^1*J2^3+0.0011960399*J2^4+0,-0.0114731236*J1^2*J2^2+0.0141309901*J1^1*J2^3+0.0001328933*J2^4+0,-0.0041432038*J1^2*J2^2+0.0049360391*J1^1*J2^3+-0.0015345199*J2^4+0,0,0,0,0,-0.0081380208*J1^2*J2^2+0.0081380208*J2^4+0,0,0.0093969770*J1^2*J2^2+-0.0093969770*J2^4+0,-0.0081380208*J1^2*J2^2+0.0081380208*J2^4+0,0,0,0,0,-0.0040991512*J1^2*J2^2+0.0039062500*J1^1*J2^3+-0.0040991512*J2^4+0,0.0046984885*J1^2*J2^2+0.0047332921*J1^1*J2^3+-0.0069537630*J2^4+0,0.0255945812*J1^2*J2^2+-0.0187104254*J1^1*J2^3+-0.0093621734*J2^4+0,-0.0013261960*J1^2*J2^2+-0.0093717850*J1^1*J2^3+0.0121286651*J2^4+0,0,0,0,0,-0.0086103618*J1^2*J2^2+0.0227449953*J1^1*J2^3+-0.0086103618*J2^4+0,-0.0032977232*J1^2*J2^2+0.0099423894*J1^1*J2^3+-0.0098341060*J2^4+0,0.0394447073*J1^2*J2^2+-0.0560908266*J1^1*J2^3+0.0198355591*J2^4+0,0.0124182446*J1^2*J2^2+-0.0342254777*J1^1*J2^3+0.0199658092*J2^4+0,0,0,0,0,-0.0029296875*J1^2*J2^2+0.0129123264*J1^1*J2^3+-0.0002170139*J2^4+0,-0.0083946328*J1^2*J2^2+0.0018167489*J1^1*J2^3+0.0009396977*J2^4+0,-0.0005638186*J1^2*J2^2+0.0058261258*J1^1*J2^3+0.0001252930*J2^4+0,-0.0032552083*J1^2*J2^2+0.0002531829*J1^1*J2^3+-0.0001085069*J2^4+0,0,0,0,0,-0.0029296875*J1^2*J2^2+0.0096571181*J1^1*J2^3+0.0001085069*J2^4+0,-0.0055755397*J1^2*J2^2+0.0016288094*J1^1*J2^3+0,0.0033829117*J1^2*J2^2+-0.0016914559*J1^1*J2^3+0.0001252930*J2^4+0,-0.0020254630*J1^1*J2^3+0.0009765625*J2^4+0,0,0,0,0,0.0020716019*J1^2*J2^2+-0.0114321734*J1^1*J2^3+0.0003836300*J2^4+0,0.0079293016*J1^2*J2^2+-0.0014175288*J1^1*J2^3+-0.0013289332*J2^4+0,0.0031894398*J1^2*J2^2+-0.0094354260*J1^1*J2^3+-0.0000885955*J2^4+0,0.0046035598*J1^2*J2^2+-0.0017902732*J1^1*J2^3+0.0008439860*J2^4+0,0,0,0,0,0,0,0,0,0,0,0,0,0,0,0,0,0,0,0,0,0,0,0,0,0,0,0,0},
{0.0083946328*J1^2*J2^2+-0.0018167489*J1^1*J2^3+-0.0009396977*J2^4+0,-0.0032552083*J1^2*J2^2+0.0002531829*J1^1*J2^3+-0.0001085069*J2^4+0,-0.0126229745*J1^2*J2^2+0.0150101273*J1^1*J2^3+0.0008680556*J2^4+0,0.0043226094*J1^2*J2^2+-0.0061184762*J1^1*J2^3+0,0,0,0,0,-0.0055755397*J1^2*J2^2+0.0016288094*J1^1*J2^3+0,0.0020254630*J1^1*J2^3+-0.0009765625*J2^4+0,0.0093677662*J1^2*J2^2+-0.0115379051*J1^1*J2^3+-0.0001085069*J2^4+0,0.0033829117*J1^2*J2^2+-0.0040302590*J1^1*J2^3+0.0012529303*J2^4+0,0,0,0,0,0.0079293016*J1^2*J2^2+-0.0014175288*J1^1*J2^3+-0.0013289332*J2^4+0,-0.0046035598*J1^2*J2^2+0.0017902732*J1^1*J2^3+-0.0008439860*J2^4+0,-0.0112275708*J1^2*J2^2+0.0130689947*J1^1*J2^3+0.0011508899*J2^4+0,0.0085051727*J1^2*J2^2+-0.0115026555*J1^1*J2^3+0.0008859555*J2^4+0,0,0,0,0,0,-0.0081380208*J1^2*J2^2+0.0081380208*J2^4+0,-0.0081380208*J1^2*J2^2+0.0081380208*J2^4+0,0,0,0,0,0,0.0046984885*J1^2*J2^2+0.0047332921*J1^1*J2^3+-0.0069537630*J2^4+0,0.0013261960*J1^2*J2^2+0.0093717850*J1^1*J2^3+-0.0121286651*J2^4+0,-0.0013261960*J1^2*J2^2+-0.0093717850*J1^1*J2^3+0.0121286651*J2^4+0,0.0240632219*J1^2*J2^2+-0.0295320306*J1^1*J2^3+0.0046428027*J2^4+0,0,0,0,0,-0.0032977232*J1^2*J2^2+0.0099423894*J1^1*J2^3+-0.0098341060*J2^4+0,-0.0124182446*J1^2*J2^2+0.0342254777*J1^1*J2^3+-0.0199658092*J2^4+0,0.0124182446*J1^2*J2^2+-0.0342254777*J1^1*J2^3+0.0199658092*J2^4+0,0.0537840610*J1^2*J2^2+-0.0956110041*J1^1*J2^3+0.0428900897*J2^4+0,0,0,0,0,-0.0083946328*J1^2*J2^2+0.0018167489*J1^1*J2^3+0.0009396977*J2^4+0,-0.0126229745*J1^2*J2^2+0.0150101273*J1^1*J2^3+0.0008680556*J2^4+0,-0.0032552083*J1^2*J2^2+0.0002531829*J1^1*J2^3+-0.0001085069*J2^4+0,-0.0043226094*J1^2*J2^2+0.0061184762*J1^1*J2^3+0,0,0,0,0,-0.0055755397*J1^2*J2^2+0.0016288094*J1^1*J2^3+0,-0.0093677662*J1^2*J2^2+0.0115379051*J1^1*J2^3+0.0001085069*J2^4+0,-0.0020254630*J1^1*J2^3+0.0009765625*J2^4+0,0.0033829117*J1^2*J2^2+-0.0040302590*J1^1*J2^3+0.0012529303*J2^4+0,0,0,0,0,0.0079293016*J1^2*J2^2+-0.0014175288*J1^1*J2^3+-0.0013289332*J2^4+0,0.0112275708*J1^2*J2^2+-0.0130689947*J1^1*J2^3+-0.0011508899*J2^4+0,0.0046035598*J1^2*J2^2+-0.0017902732*J1^1*J2^3+0.0008439860*J2^4+0,0.0085051727*J1^2*J2^2+-0.0115026555*J1^1*J2^3+0.0008859555*J2^4+0,0,0,0,0,0,0,0,0,0,0,0,0,0,0,0,0,0,0,0,0,0,0,0,0,0,0,0,0},
{0,0,0,0,0,0,0,0,0,0,0,0,0.0039467304*J1^2*J2^2+0,0.0032552083*J1^1*J2^3+0.0003255208*J2^4+0,0.0022786458*J1^1*J2^3+0,0.0028190931*J1^2*J2^2+0.0001879395*J1^1*J2^3+-0.0009396977*J2^4+0,0,0,0,0,-0.0011960399*J1^1*J2^3+0,0.0020716019*J1^2*J2^2+0.0068286137*J1^1*J2^3+-0.0000767260*J2^4+0,-0.0006905340*J2^4+0,0.0039425019*J1^2*J2^2+0.0011517421*J1^1*J2^3+0,0,0,0,0,0.0208612890*J1^2*J2^2+0.0001044109*J2^4+0,-0.0121045525*J1^1*J2^3+0,0.0121045525*J1^1*J2^3+0,-0.0000348036*J1^2*J2^2+-0.0069537630*J2^4+0,0,0,0,0,0,-0.0040388696*J1^2*J2^2+0.0040388696*J2^4+0,-0.0040388696*J1^2*J2^2+0.0040388696*J2^4+0,0,0,0,0,0,0,-0.0028985376*J1^2*J2^2+0.0028985376*J2^4+0,-0.0028985376*J1^2*J2^2+0.0028985376*J2^4+0,0,0,0,0,0,0,0,0,0,0,0,0,0,-0.0039467304*J1^2*J2^2+0,0.0022786458*J1^1*J2^3+0,0.0032552083*J1^1*J2^3+0.0003255208*J2^4+0,-0.0028190931*J1^2*J2^2+-0.0001879395*J1^1*J2^3+0.0009396977*J2^4+0,0,0,0,0,0.0011960399*J1^1*J2^3+0,-0.0006905340*J2^4+0,0.0020716019*J1^2*J2^2+0.0068286137*J1^1*J2^3+-0.0000767260*J2^4+0,-0.0039425019*J1^2*J2^2+-0.0011517421*J1^1*J2^3+0,0,0,0,0,0,0,0,0,0,0,0,0,0,0,0,0,0,0,0,0,0,0,0,0},
{0,0,0,0,-0.0022786458*J1^2*J2^2+-0.0009765625*J1^1*J2^3+0,0.0016914559*J1^2*J2^2+0.0036961443*J1^1*J2^3+-0.0002505861*J2^4+0,-0.0013155768*J1^1*J2^3+-0.0005638186*J2^4+0,0.0015914352*J1^2*J2^2+0.0008318866*J1^1*J2^3+0.0005425347*J2^4+0,0,0,0,0,0.0009765625*J1^1*J2^3+0,-0.0016914559*J1^2*J2^2+-0.0055755397*J1^1*J2^3+0.0000626465*J2^4+0,0.0005638186*J2^4+0,-0.0032190394*J1^2*J2^2+-0.0009403935*J1^1*J2^3+0,0,0,0,0,-0.0032224918*J1^2*J2^2+-0.0006905340*J1^1*J2^3+0,0.0011960399*J1^2*J2^2+0.0012846355*J1^1*J2^3+-0.0003100844*J2^4+0,-0.0018605065*J1^1*J2^3+-0.0003986800*J2^4+0,-0.0000255753*J1^2*J2^2+0.0005115066*J1^1*J2^3+0.0007672600*J2^4+0,0,0,0,0,-0.0121045525*J1^1*J2^3+0,0.0208612890*J1^2*J2^2+-0.0139771333*J1^1*J2^3+0.0001044109*J2^4+0,-0.0000348036*J1^2*J2^2+-0.0069537630*J2^4+0,-0.0000401878*J1^2*J2^2+0.0121045525*J1^1*J2^3+-0.0080295139*J2^4+0,0,0,0,0,-0.0040388696*J1^2*J2^2+0.0040388696*J2^4+0,-0.0046636849*J1^2*J2^2+0.0046636849*J2^4+0,0,-0.0040388696*J1^2*J2^2+0.0040388696*J2^4+0,0,0,0,0,-0.0028985376*J1^2*J2^2+0.0028985376*J2^4+0,-0.0033469430*J1^2*J2^2+0.0033469430*J2^4+0,0,-0.0028985376*J1^2*J2^2+0.0028985376*J2^4+0,0,0,0,0,0,0,0,0,0,0,0,0,0.0022786458*J1^1*J2^3+0,-0.0039467304*J1^2*J2^2+0.0026311536*J1^1*J2^3+0,-0.0028190931*J1^2*J2^2+-0.0001879395*J1^1*J2^3+0.0009396977*J2^4+0,-0.0032552083*J1^2*J2^2+0.0030381944*J1^1*J2^3+0.0014105903*J2^4+0,0,0,0,0,-0.0006905340*J2^4+0,0.0011960399*J1^1*J2^3+-0.0007973599*J2^4+0,-0.0039425019*J1^2*J2^2+-0.0011517421*J1^1*J2^3+0,-0.0024808072*J1^2*J2^2+0.0054986964*J1^1*J2^3+-0.0000767260*J2^4+0,0,0,0,0,0,0,0,0,0,0,0,0,0,0,0,0,0,0,0,0,0,0,0,0},
{0,0,0,0,0,0,0,0,0,0,0,0,0.0032552083*J1^1*J2^3+-0.0003255208*J2^4+0,0.0039467304*J1^2*J2^2+-0.0075175816*J1^1*J2^3+0,0.0028190931*J1^2*J2^2+-0.0001879395*J1^1*J2^3+-0.0009396977*J2^4+0,-0.0032552083*J1^2*J2^2+0.0022786458*J1^1*J2^3+-0.0010850694*J2^4+0,0,0,0,0,0.0020716019*J1^2*J2^2+-0.0068286137*J1^1*J2^3+-0.0000767260*J2^4+0,0.0023920798*J1^2*J2^2+-0.0011960399*J1^1*J2^3+0.0000885955*J2^4+0,-0.0039425019*J1^2*J2^2+0.0011517421*J1^1*J2^3+0,0.0014322186*J1^1*J2^3+-0.0006905340*J2^4+0,0,0,0,0,0,0.0046984885*J1^2*J2^2+-0.0046984885*J2^4+0,0.0046984885*J1^2*J2^2+-0.0046984885*J2^4+0,0,0,0,0,0,-0.0120442708*J1^2*J2^2+0.0081983025*J1^1*J2^3+0.0081380208*J2^4+0,-0.0023666461*J1^2*J2^2+0.0022552745*J1^1*J2^3+-0.0023666461*J2^4+0,0.0023666461*J1^2*J2^2+-0.0022552745*J1^1*J2^3+0.0023666461*J2^4+0,-0.0027126736*J1^2*J2^2+-0.0027327675*J1^1*J2^3+0.0040147569*J2^4+0,0,0,0,0,-0.0170331712*J1^2*J2^2+0.0172207236*J1^1*J2^3+-0.0057118242*J2^4+0,-0.0049711947*J1^2*J2^2+0.0131318292*J1^1*J2^3+-0.0049711947*J2^4+0,0.0049711947*J1^2*J2^2+-0.0131318292*J1^1*J2^3+0.0049711947*J2^4+0,0.0019039414*J1^2*J2^2+-0.0057402412*J1^1*J2^3+0.0056777237*J2^4+0,0,0,0,0,0,0,0,0,0,0,0,0,0.0032552083*J1^1*J2^3+-0.0003255208*J2^4+0,-0.0028190931*J1^2*J2^2+0.0001879395*J1^1*J2^3+0.0009396977*J2^4+0,-0.0039467304*J1^2*J2^2+0.0075175816*J1^1*J2^3+0,-0.0032552083*J1^2*J2^2+0.0022786458*J1^1*J2^3+-0.0010850694*J2^4+0,0,0,0,0,0.0020716019*J1^2*J2^2+-0.0068286137*J1^1*J2^3+-0.0000767260*J2^4+0,0.0039425019*J1^2*J2^2+-0.0011517421*J1^1*J2^3+0,-0.0023920798*J1^2*J2^2+0.0011960399*J1^1*J2^3+-0.0000885955*J2^4+0,0.0014322186*J1^1*J2^3+-0.0006905340*J2^4+0,0,0,0,0,0,0,0,0,0,0,0,0,0,0,0,0,0,0,0,0,0,0,0,0},
{0,0,0,0,0.0016914559*J1^2*J2^2+-0.0074549351*J1^1*J2^3+0.0001252930*J2^4+0,-0.0003255208*J1^2*J2^2+0.0033637153*J1^1*J2^3+0.0000723380*J2^4+0,-0.0048466435*J1^2*J2^2+0.0010489005*J1^1*J2^3+0.0005425347*J2^4+0,0.0018793954*J1^2*J2^2+-0.0001461752*J1^1*J2^3+0.0000626465*J2^4+0,0,0,0,0,-0.0016914559*J1^2*J2^2+0.0055755397*J1^1*J2^3+0.0000626465*J2^4+0,-0.0019531250*J1^2*J2^2+0.0009765625*J1^1*J2^3+-0.0000723380*J2^4+0,0.0032190394*J1^2*J2^2+-0.0009403935*J1^1*J2^3+0,-0.0011694016*J1^1*J2^3+0.0005638186*J2^4+0,0,0,0,0,0.0011960399*J1^2*J2^2+-0.0066003684*J1^1*J2^3+0.0002214889*J2^4+0,-0.0018414239*J1^2*J2^2+0.0054475457*J1^1*J2^3+0.0000511507*J2^4+0,-0.0045779844*J1^2*J2^2+0.0008184106*J1^1*J2^3+0.0007672600*J2^4+0,0.0026578665*J1^2*J2^2+-0.0010336147*J1^1*J2^3+0.0004872755*J2^4+0,0,0,0,0,0.0046984885*J1^2*J2^2+-0.0046984885*J2^4+0,0.0054253472*J1^2*J2^2+-0.0054253472*J2^4+0,0,0.0046984885*J1^2*J2^2+-0.0046984885*J2^4+0,0,0,0,0,-0.0023666461*J1^2*J2^2+0.0022552745*J1^1*J2^3+-0.0023666461*J2^4+0,-0.0147770383*J1^2*J2^2+0.0108024691*J1^1*J2^3+0.0054052533*J2^4+0,-0.0027126736*J1^2*J2^2+-0.0027327675*J1^1*J2^3+0.0040147569*J2^4+0,-0.0007656796*J1^2*J2^2+-0.0054108026*J1^1*J2^3+0.0070024881*J2^4+0,0,0,0,0,-0.0049711947*J1^2*J2^2+0.0131318292*J1^1*J2^3+-0.0049711947*J2^4+0,-0.0227734124*J1^2*J2^2+0.0323840538*J1^1*J2^3+-0.0114520654*J2^4+0,0.0019039414*J1^2*J2^2+-0.0057402412*J1^1*J2^3+0.0056777237*J2^4+0,0.0071696768*J1^2*J2^2+-0.0197600888*J1^1*J2^3+0.0115272653*J2^4+0,0,0,0,0,0,0,0,0,0,0,0,0,-0.0028190931*J1^2*J2^2+0.0001879395*J1^1*J2^3+0.0009396977*J2^4+0,-0.0032552083*J1^2*J2^2+0.0034722222*J1^1*J2^3+0.0007595486*J2^4+0,-0.0032552083*J1^2*J2^2+0.0022786458*J1^1*J2^3+-0.0010850694*J2^4+0,-0.0077055212*J1^2*J2^2+0.0101487352*J1^1*J2^3+-0.0012529303*J2^4+0,0,0,0,0,0.0039425019*J1^2*J2^2+-0.0011517421*J1^1*J2^3+0,0.0066240110*J1^2*J2^2+-0.0081585309*J1^1*J2^3+-0.0000767260*J2^4+0,0.0014322186*J1^1*J2^3+-0.0006905340*J2^4+0,-0.0023920798*J1^2*J2^2+0.0028498235*J1^1*J2^3+-0.0008859555*J2^4+0,0,0,0,0,0,0,0,0,0,0,0,0,0,0,0,0,0,0,0,0,0,0,0,0},
{0,0,0,0,0,0,0,0,0,0,0,0,0.0022786458*J1^1*J2^3+0,0.0028190931*J1^2*J2^2+0.0001879395*J1^1*J2^3+-0.0009396977*J2^4+0,0.0039467304*J1^2*J2^2+-0.0026311536*J1^1*J2^3+0,-0.0032552083*J1^2*J2^2+0.0030381944*J1^1*J2^3+0.0014105903*J2^4+0,0,0,0,0,-0.0006905340*J2^4+0,0.0039425019*J1^2*J2^2+0.0011517421*J1^1*J2^3+0,-0.0011960399*J1^1*J2^3+0.0007973599*J2^4+0,-0.0024808072*J1^2*J2^2+0.0054986964*J1^1*J2^3+-0.0000767260*J2^4+0,0,0,0,0,0.0121045525*J1^1*J2^3+0,-0.0000348036*J1^2*J2^2+-0.0069537630*J2^4+0,0.0208612890*J1^2*J2^2+-0.0139771333*J1^1*J2^3+0.0001044109*J2^4+0,0.0000401878*J1^2*J2^2+-0.0121045525*J1^1*J2^3+0.0080295139*J2^4+0,0,0,0,0,-0.0040388696*J1^2*J2^2+0.0040388696*J2^4+0,0,0.0046636849*J1^2*J2^2+-0.0046636849*J2^4+0,-0.0040388696*J1^2*J2^2+0.0040388696*J2^4+0,0,0,0,0,-0.0028985376*J1^2*J2^2+0.0028985376*J2^4+0,0,0.0033469430*J1^2*J2^2+-0.0033469430*J2^4+0,-0.0028985376*J1^2*J2^2+0.0028985376*J2^4+0,0,0,0,0,0.0022786458*J1^2*J2^2+0.0009765625*J1^1*J2^3+0,-0.0013155768*J1^1*J2^3+-0.0005638186*J2^4+0,0.0016914559*J1^2*J2^2+0.0036961443*J1^1*J2^3+-0.0002505861*J2^4+0,-0.0015914352*J1^2*J2^2+-0.0008318866*J1^1*J2^3+-0.0005425347*J2^4+0,0,0,0,0,0.0009765625*J1^1*J2^3+0,-0.0005638186*J2^4+0,0.0016914559*J1^2*J2^2+0.0055755397*J1^1*J2^3+-0.0000626465*J2^4+0,-0.0032190394*J1^2*J2^2+-0.0009403935*J1^1*J2^3+0,0,0,0,0,-0.0032224918*J1^2*J2^2+-0.0006905340*J1^1*J2^3+0,0.0018605065*J1^1*J2^3+0.0003986800*J2^4+0,-0.0011960399*J1^2*J2^2+-0.0012846355*J1^1*J2^3+0.0003100844*J2^4+0,-0.0000255753*J1^2*J2^2+0.0005115066*J1^1*J2^3+0.0007672600*J2^4+0,0,0,0,0,0,0,0,0,0,0,0,0,0,0,0,0,0,0,0,0,0,0,0,0},
{0,0,0,0,-0.0013155768*J1^1*J2^3+-0.0005638186*J2^4+0,0.0015914352*J1^2*J2^2+0.0008318866*J1^1*J2^3+0.0005425347*J2^4+0,-0.0022786458*J1^2*J2^2+0.0005425347*J1^1*J2^3+0.0006510417*J2^4+0,-0.0001461752*J1^2*J2^2+0.0027355644*J1^1*J2^3+-0.0008770512*J2^4+0,0,0,0,0,0.0005638186*J2^4+0,-0.0032190394*J1^2*J2^2+-0.0009403935*J1^1*J2^3+0,0.0009765625*J1^1*J2^3+-0.0006510417*J2^4+0,0.0020255706*J1^2*J2^2+-0.0044896668*J1^1*J2^3+0.0000626465*J2^4+0,0,0,0,0,-0.0018605065*J1^1*J2^3+-0.0003986800*J2^4+0,-0.0000255753*J1^2*J2^2+0.0005115066*J1^1*J2^3+0.0007672600*J2^4+0,-0.0032224918*J1^2*J2^2+0.0014577939*J1^1*J2^3+0.0004603560*J2^4+0,0.0012255718*J1^2*J2^2+0.0006939985*J1^1*J2^3+-0.0011960399*J2^4+0,0,0,0,0,-0.0000348036*J1^2*J2^2+-0.0069537630*J2^4+0,-0.0000401878*J1^2*J2^2+0.0121045525*J1^1*J2^3+-0.0080295139*J2^4+0,0.0000401878*J1^2*J2^2+-0.0121045525*J1^1*J2^3+0.0080295139*J2^4+0,0.0209076938*J1^2*J2^2+-0.0279542665*J1^1*J2^3+0.0093760949*J2^4+0,0,0,0,0,0,-0.0040388696*J1^2*J2^2+0.0040388696*J2^4+0,-0.0040388696*J1^2*J2^2+0.0040388696*J2^4+0,0,0,0,0,0,0,-0.0028985376*J1^2*J2^2+0.0028985376*J2^4+0,-0.0028985376*J1^2*J2^2+0.0028985376*J2^4+0,0,0,0,0,0,-0.0013155768*J1^1*J2^3+-0.0005638186*J2^4+0,0.0022786458*J1^2*J2^2+-0.0005425347*J1^1*J2^3+-0.0006510417*J2^4+0,-0.0015914352*J1^2*J2^2+-0.0008318866*J1^1*J2^3+-0.0005425347*J2^4+0,-0.0001461752*J1^2*J2^2+0.0027355644*J1^1*J2^3+-0.0008770512*J2^4+0,0,0,0,0,-0.0005638186*J2^4+0,0.0009765625*J1^1*J2^3+-0.0006510417*J2^4+0,-0.0032190394*J1^2*J2^2+-0.0009403935*J1^1*J2^3+0,-0.0020255706*J1^2*J2^2+0.0044896668*J1^1*J2^3+-0.0000626465*J2^4+0,0,0,0,0,0.0018605065*J1^1*J2^3+0.0003986800*J2^4+0,-0.0032224918*J1^2*J2^2+0.0014577939*J1^1*J2^3+0.0004603560*J2^4+0,-0.0000255753*J1^2*J2^2+0.0005115066*J1^1*J2^3+0.0007672600*J2^4+0,-0.0012255718*J1^2*J2^2+-0.0006939985*J1^1*J2^3+0.0011960399*J2^4+0,0,0,0,0,0,0,0,0,0,0,0,0,0,0,0,0,0,0,0,0,0,0,0,0},
{0,0,0,0,0,0,0,0,0,0,0,0,0.0028190931*J1^2*J2^2+-0.0001879395*J1^1*J2^3+-0.0009396977*J2^4+0,-0.0032552083*J1^2*J2^2+0.0022786458*J1^1*J2^3+-0.0010850694*J2^4+0,-0.0032552083*J1^2*J2^2+0.0034722222*J1^1*J2^3+0.0007595486*J2^4+0,0.0077055212*J1^2*J2^2+-0.0101487352*J1^1*J2^3+0.0012529303*J2^4+0,0,0,0,0,-0.0039425019*J1^2*J2^2+0.0011517421*J1^1*J2^3+0,0.0014322186*J1^1*J2^3+-0.0006905340*J2^4+0,0.0066240110*J1^2*J2^2+-0.0081585309*J1^1*J2^3+-0.0000767260*J2^4+0,0.0023920798*J1^2*J2^2+-0.0028498235*J1^1*J2^3+0.0008859555*J2^4+0,0,0,0,0,0.0046984885*J1^2*J2^2+-0.0046984885*J2^4+0,0,-0.0054253472*J1^2*J2^2+0.0054253472*J2^4+0,0.0046984885*J1^2*J2^2+-0.0046984885*J2^4+0,0,0,0,0,0.0023666461*J1^2*J2^2+-0.0022552745*J1^1*J2^3+0.0023666461*J2^4+0,-0.0027126736*J1^2*J2^2+-0.0027327675*J1^1*J2^3+0.0040147569*J2^4+0,-0.0147770383*J1^2*J2^2+0.0108024691*J1^1*J2^3+0.0054052533*J2^4+0,0.0007656796*J1^2*J2^2+0.0054108026*J1^1*J2^3+-0.0070024881*J2^4+0,0,0,0,0,0.0049711947*J1^2*J2^2+-0.0131318292*J1^1*J2^3+0.0049711947*J2^4+0,0.0019039414*J1^2*J2^2+-0.0057402412*J1^1*J2^3+0.0056777237*J2^4+0,-0.0227734124*J1^2*J2^2+0.0323840538*J1^1*J2^3+-0.0114520654*J2^4+0,-0.0071696768*J1^2*J2^2+0.0197600888*J1^1*J2^3+-0.0115272653*J2^4+0,0,0,0,0,0.0016914559*J1^2*J2^2+-0.0074549351*J1^1*J2^3+0.0001252930*J2^4+0,0.0048466435*J1^2*J2^2+-0.0010489005*J1^1*J2^3+-0.0005425347*J2^4+0,0.0003255208*J1^2*J2^2+-0.0033637153*J1^1*J2^3+-0.0000723380*J2^4+0,0.0018793954*J1^2*J2^2+-0.0001461752*J1^1*J2^3+0.0000626465*J2^4+0,0,0,0,0,0.0016914559*J1^2*J2^2+-0.0055755397*J1^1*J2^3+-0.0000626465*J2^4+0,0.0032190394*J1^2*J2^2+-0.0009403935*J1^1*J2^3+0,-0.0019531250*J1^2*J2^2+0.0009765625*J1^1*J2^3+-0.0000723380*J2^4+0,0.0011694016*J1^1*J2^3+-0.0005638186*J2^4+0,0,0,0,0,-0.0011960399*J1^2*J2^2+0.0066003684*J1^1*J2^3+-0.0002214889*J2^4+0,-0.0045779844*J1^2*J2^2+0.0008184106*J1^1*J2^3+0.0007672600*J2^4+0,-0.0018414239*J1^2*J2^2+0.0054475457*J1^1*J2^3+0.0000511507*J2^4+0,-0.0026578665*J1^2*J2^2+0.0010336147*J1^1*J2^3+-0.0004872755*J2^4+0,0,0,0,0,0,0,0,0,0,0,0,0,0,0,0,0,0,0,0,0,0,0,0,0},
{0,0,0,0,-0.0048466435*J1^2*J2^2+0.0010489005*J1^1*J2^3+0.0005425347*J2^4+0,0.0018793954*J1^2*J2^2+-0.0001461752*J1^1*J2^3+0.0000626465*J2^4+0,0.0072878777*J1^2*J2^2+-0.0086661010*J1^1*J2^3+-0.0005011721*J2^4+0,-0.0024956597*J1^2*J2^2+0.0035325039*J1^1*J2^3+0,0,0,0,0,0.0032190394*J1^2*J2^2+-0.0009403935*J1^1*J2^3+0,-0.0011694016*J1^1*J2^3+0.0005638186*J2^4+0,-0.0054084823*J1^2*J2^2+0.0066614126*J1^1*J2^3+0.0000626465*J2^4+0,-0.0019531250*J1^2*J2^2+0.0023268711*J1^1*J2^3+-0.0007233796*J2^4+0,0,0,0,0,-0.0045779844*J1^2*J2^2+0.0008184106*J1^1*J2^3+0.0007672600*J2^4+0,0.0026578665*J1^2*J2^2+-0.0010336147*J1^1*J2^3+0.0004872755*J2^4+0,0.0064822410*J1^2*J2^2+-0.0075453876*J1^1*J2^3+-0.0006644666*J2^4+0,-0.0049104638*J1^2*J2^2+0.0066410612*J1^1*J2^3+-0.0005115066*J2^4+0,0,0,0,0,0,0.0046984885*J1^2*J2^2+-0.0046984885*J2^4+0,0.0046984885*J1^2*J2^2+-0.0046984885*J2^4+0,0,0,0,0,0,-0.0027126736*J1^2*J2^2+-0.0027327675*J1^1*J2^3+0.0040147569*J2^4+0,-0.0007656796*J1^2*J2^2+-0.0054108026*J1^1*J2^3+0.0070024881*J2^4+0,0.0007656796*J1^2*J2^2+0.0054108026*J1^1*J2^3+-0.0070024881*J2^4+0,-0.0138929077*J1^2*J2^2+0.0170503258*J1^1*J2^3+-0.0026805234*J2^4+0,0,0,0,0,0.0019039414*J1^2*J2^2+-0.0057402412*J1^1*J2^3+0.0056777237*J2^4+0,0.0071696768*J1^2*J2^2+-0.0197600888*J1^1*J2^3+0.0115272653*J2^4+0,-0.0071696768*J1^2*J2^2+0.0197600888*J1^1*J2^3+-0.0115272653*J2^4+0,-0.0310522421*J1^2*J2^2+0.0552010390*J1^1*J2^3+-0.0247626049*J2^4+0,0,0,0,0,0.0048466435*J1^2*J2^2+-0.0010489005*J1^1*J2^3+-0.0005425347*J2^4+0,0.0072878777*J1^2*J2^2+-0.0086661010*J1^1*J2^3+-0.0005011721*J2^4+0,0.0018793954*J1^2*J2^2+-0.0001461752*J1^1*J2^3+0.0000626465*J2^4+0,0.0024956597*J1^2*J2^2+-0.0035325039*J1^1*J2^3+0,0,0,0,0,0.0032190394*J1^2*J2^2+-0.0009403935*J1^1*J2^3+0,0.0054084823*J1^2*J2^2+-0.0066614126*J1^1*J2^3+-0.0000626465*J2^4+0,0.0011694016*J1^1*J2^3+-0.0005638186*J2^4+0,-0.0019531250*J1^2*J2^2+0.0023268711*J1^1*J2^3+-0.0007233796*J2^4+0,0,0,0,0,-0.0045779844*J1^2*J2^2+0.0008184106*J1^1*J2^3+0.0007672600*J2^4+0,-0.0064822410*J1^2*J2^2+0.0075453876*J1^1*J2^3+0.0006644666*J2^4+0,-0.0026578665*J1^2*J2^2+0.0010336147*J1^1*J2^3+-0.0004872755*J2^4+0,-0.0049104638*J1^2*J2^2+0.0066410612*J1^1*J2^3+-0.0005115066*J2^4+0,0,0,0,0,0,0,0,0,0,0,0,0,0,0,0,0,0,0,0,0,0,0,0,0},
{0,0,0,0,0,0,0,0,0,0,0,0,-0.0055815196*J1^2*J2^2+0,-0.0046035598*J1^1*J2^3+-0.0004603560*J2^4+0,-0.0032224918*J1^1*J2^3+0,-0.0039867997*J1^2*J2^2+-0.0002657866*J1^1*J2^3+0.0013289332*J2^4+0,0,0,0,0,0.0016914559*J1^1*J2^3+0,-0.0029296875*J1^2*J2^2+-0.0096571181*J1^1*J2^3+0.0001085069*J2^4+0,0.0009765625*J2^4+0,-0.0055755397*J1^2*J2^2+-0.0016288094*J1^1*J2^3+0,0,0,0,0,-0.0295023179*J1^2*J2^2+-0.0001476592*J2^4+0,0.0171184223*J1^1*J2^3+0,-0.0171184223*J1^1*J2^3+0,0.0000492197*J1^2*J2^2+0.0098341060*J2^4+0,0,0,0,0,0,0.0057118242*J1^2*J2^2+-0.0057118242*J2^4+0,0.0057118242*J1^2*J2^2+-0.0057118242*J2^4+0,0,0,0,0,0,0,0.0040991512*J1^2*J2^2+-0.0040991512*J2^4+0,0.0040991512*J1^2*J2^2+-0.0040991512*J2^4+0,0,0,0,0,0,0,0,0,0,0,0,0,0,0.0055815196*J1^2*J2^2+0,-0.0032224918*J1^1*J2^3+0,-0.0046035598*J1^1*J2^3+-0.0004603560*J2^4+0,0.0039867997*J1^2*J2^2+0.0002657866*J1^1*J2^3+-0.0013289332*J2^4+0,0,0,0,0,-0.0016914559*J1^1*J2^3+0,0.0009765625*J2^4+0,-0.0029296875*J1^2*J2^2+-0.0096571181*J1^1*J2^3+0.0001085069*J2^4+0,0.0055755397*J1^2*J2^2+0.0016288094*J1^1*J2^3+0,0,0,0,0,0,0,0,0,0,0,0,0,0,0,0,0,0,0,0,0,0,0,0,0},
{0,0,0,0,0.0032224918*J1^2*J2^2+0.0013810679*J1^1*J2^3+0,-0.0023920798*J1^2*J2^2+-0.0052271374*J1^1*J2^3+0.0003543822*J2^4+0,0.0018605065*J1^1*J2^3+0.0007973599*J2^4+0,-0.0022506292*J1^2*J2^2+-0.0011764653*J1^1*J2^3+-0.0007672600*J2^4+0,0,0,0,0,-0.0013810679*J1^1*J2^3+0,0.0023920798*J1^2*J2^2+0.0078850039*J1^1*J2^3+-0.0000885955*J2^4+0,-0.0007973599*J2^4+0,0.0045524091*J1^2*J2^2+0.0013299173*J1^1*J2^3+0,0,0,0,0,0.0045572917*J1^2*J2^2+0.0009765625*J1^1*J2^3+0,-0.0016914559*J1^2*J2^2+-0.0018167489*J1^1*J2^3+0.0004385256*J2^4+0,0.0026311536*J1^1*J2^3+0.0005638186*J2^4+0,0.0000361690*J1^2*J2^2+-0.0007233796*J1^1*J2^3+-0.0010850694*J2^4+0,0,0,0,0,0.0171184223*J1^1*J2^3+0,-0.0295023179*J1^2*J2^2+0.0197666514*J1^1*J2^3+-0.0001476592*J2^4+0,0.0000492197*J1^2*J2^2+0.0098341060*J2^4+0,0.0000568341*J1^2*J2^2+-0.0171184223*J1^1*J2^3+0.0113554474*J2^4+0,0,0,0,0,0.0057118242*J1^2*J2^2+-0.0057118242*J2^4+0,0.0065954464*J1^2*J2^2+-0.0065954464*J2^4+0,0,0.0057118242*J1^2*J2^2+-0.0057118242*J2^4+0,0,0,0,0,0.0040991512*J1^2*J2^2+-0.0040991512*J2^4+0,0.0047332921*J1^2*J2^2+-0.0047332921*J2^4+0,0,0.0040991512*J1^2*J2^2+-0.0040991512*J2^4+0,0,0,0,0,0,0,0,0,0,0,0,0,-0.0032224918*J1^1*J2^3+0,0.0055815196*J1^2*J2^2+-0.0037210131*J1^1*J2^3+0,0.0039867997*J1^2*J2^2+0.0002657866*J1^1*J2^3+-0.0013289332*J2^4+0,0.0046035598*J1^2*J2^2+-0.0042966558*J1^1*J2^3+-0.0019948759*J2^4+0,0,0,0,0,0.0009765625*J2^4+0,-0.0016914559*J1^1*J2^3+0.0011276372*J2^4+0,0.0055755397*J1^2*J2^2+0.0016288094*J1^1*J2^3+0,0.0035083912*J1^2*J2^2+-0.0077763310*J1^1*J2^3+0.0001085069*J2^4+0,0,0,0,0,0,0,0,0,0,0,0,0,0,0,0,0,0,0,0,0,0,0,0,0},
{0,0,0,0,0,0,0,0,0,0,0,0,-0.0046035598*J1^1*J2^3+0.0004603560*J2^4+0,-0.0055815196*J1^2*J2^2+0.0106314659*J1^1*J2^3+0,-0.0039867997*J1^2*J2^2+0.0002657866*J1^1*J2^3+0.0013289332*J2^4+0,0.0046035598*J1^2*J2^2+-0.0032224918*J1^1*J2^3+0.0015345199*J2^4+0,0,0,0,0,-0.0029296875*J1^2*J2^2+0.0096571181*J1^1*J2^3+0.0001085069*J2^4+0,-0.0033829117*J1^2*J2^2+0.0016914559*J1^1*J2^3+-0.0001252930*J2^4+0,0.0055755397*J1^2*J2^2+-0.0016288094*J1^1*J2^3+0,-0.0020254630*J1^1*J2^3+0.0009765625*J2^4+0,0,0,0,0,0,-0.0066446662*J1^2*J2^2+0.0066446662*J2^4+0,-0.0066446662*J1^2*J2^2+0.0066446662*J2^4+0,0,0,0,0,0,0.0170331712*J1^2*J2^2+-0.0115941505*J1^1*J2^3+-0.0115088994*J2^4+0,0.0033469430*J1^2*J2^2+-0.0031894398*J1^1*J2^3+0.0033469430*J2^4+0,-0.0033469430*J1^2*J2^2+0.0031894398*J1^1*J2^3+-0.0033469430*J2^4+0,0.0038362998*J1^2*J2^2+0.0038647168*J1^1*J2^3+-0.0056777237*J2^4+0,0,0,0,0,0.0240885417*J1^2*J2^2+-0.0243537809*J1^1*J2^3+0.0080777392*J2^4+0,0.0070303310*J1^2*J2^2+-0.0185712109*J1^1*J2^3+0.0070303310*J2^4+0,-0.0070303310*J1^2*J2^2+0.0185712109*J1^1*J2^3+-0.0070303310*J2^4+0,-0.0026925797*J1^2*J2^2+0.0081179270*J1^1*J2^3+-0.0080295139*J2^4+0,0,0,0,0,0,0,0,0,0,0,0,0,-0.0046035598*J1^1*J2^3+0.0004603560*J2^4+0,0.0039867997*J1^2*J2^2+-0.0002657866*J1^1*J2^3+-0.0013289332*J2^4+0,0.0055815196*J1^2*J2^2+-0.0106314659*J1^1*J2^3+0,0.0046035598*J1^2*J2^2+-0.0032224918*J1^1*J2^3+0.0015345199*J2^4+0,0,0,0,0,-0.0029296875*J1^2*J2^2+0.0096571181*J1^1*J2^3+0.0001085069*J2^4+0,-0.0055755397*J1^2*J2^2+0.0016288094*J1^1*J2^3+0,0.0033829117*J1^2*J2^2+-0.0016914559*J1^1*J2^3+0.0001252930*J2^4+0,-0.0020254630*J1^1*J2^3+0.0009765625*J2^4+0,0,0,0,0,0,0,0,0,0,0,0,0,0,0,0,0,0,0,0,0,0,0,0,0},
{0,0,0,0,-0.0023920798*J1^2*J2^2+0.0105428703*J1^1*J2^3+-0.0001771911*J2^4+0,0.0004603560*J1^2*J2^2+-0.0047570118*J1^1*J2^3+-0.0001023013*J2^4+0,0.0068541890*J1^2*J2^2+-0.0014833693*J1^1*J2^3+-0.0007672600*J2^4+0,-0.0026578665*J1^2*J2^2+0.0002067229*J1^1*J2^3+-0.0000885955*J2^4+0,0,0,0,0,0.0023920798*J1^2*J2^2+-0.0078850039*J1^1*J2^3+-0.0000885955*J2^4+0,0.0027621359*J1^2*J2^2+-0.0013810679*J1^1*J2^3+0.0001023013*J2^4+0,-0.0045524091*J1^2*J2^2+0.0013299173*J1^1*J2^3+0,0.0016537836*J1^1*J2^3+-0.0007973599*J2^4+0,0,0,0,0,-0.0016914559*J1^2*J2^2+0.0093343305*J1^1*J2^3+-0.0003132326*J2^4+0,0.0026041667*J1^2*J2^2+-0.0077039931*J1^1*J2^3+-0.0000723380*J2^4+0,0.0064742477*J1^2*J2^2+-0.0011574074*J1^1*J2^3+-0.0010850694*J2^4+0,-0.0037587908*J1^2*J2^2+0.0014617520*J1^1*J2^3+-0.0006891116*J2^4+0,0,0,0,0,-0.0066446662*J1^2*J2^2+0.0066446662*J2^4+0,-0.0076725996*J1^2*J2^2+0.0076725996*J2^4+0,0,-0.0066446662*J1^2*J2^2+0.0066446662*J2^4+0,0,0,0,0,0.0033469430*J1^2*J2^2+-0.0031894398*J1^1*J2^3+0.0033469430*J2^4+0,0.0208978880*J1^2*J2^2+-0.0152769984*J1^1*J2^3+-0.0076441826*J2^4+0,0.0038362998*J1^2*J2^2+0.0038647168*J1^1*J2^3+-0.0056777237*J2^4+0,0.0010828345*J1^2*J2^2+0.0076520304*J1^1*J2^3+-0.0099030136*J2^4+0,0,0,0,0,0.0070303310*J1^2*J2^2+-0.0185712109*J1^1*J2^3+0.0070303310*J2^4+0,0.0322064686*J1^2*J2^2+-0.0457979681*J1^1*J2^3+0.0161956662*J2^4+0,-0.0026925797*J1^2*J2^2+0.0081179270*J1^1*J2^3+-0.0080295139*J2^4+0,-0.0101394542*J1^2*J2^2+0.0279449855*J1^1*J2^3+-0.0163020150*J2^4+0,0,0,0,0,0,0,0,0,0,0,0,0,0.0039867997*J1^2*J2^2+-0.0002657866*J1^1*J2^3+-0.0013289332*J2^4+0,0.0046035598*J1^2*J2^2+-0.0049104638*J1^1*J2^3+-0.0010741639*J2^4+0,0.0046035598*J1^2*J2^2+-0.0032224918*J1^1*J2^3+0.0015345199*J2^4+0,0.0108972525*J1^2*J2^2+-0.0143524790*J1^1*J2^3+0.0017719110*J2^4+0,0,0,0,0,-0.0055755397*J1^2*J2^2+0.0016288094*J1^1*J2^3+0,-0.0093677662*J1^2*J2^2+0.0115379051*J1^1*J2^3+0.0001085069*J2^4+0,-0.0020254630*J1^1*J2^3+0.0009765625*J2^4+0,0.0033829117*J1^2*J2^2+-0.0040302590*J1^1*J2^3+0.0012529303*J2^4+0,0,0,0,0,0,0,0,0,0,0,0,0,0,0,0,0,0,0,0,0,0,0,0,0},
{0,0,0,0,0,0,0,0,0,0,0,0,-0.0032224918*J1^1*J2^3+0,-0.0039867997*J1^2*J2^2+-0.0002657866*J1^1*J2^3+0.0013289332*J2^4+0,-0.0055815196*J1^2*J2^2+0.0037210131*J1^1*J2^3+0,0.0046035598*J1^2*J2^2+-0.0042966558*J1^1*J2^3+-0.0019948759*J2^4+0,0,0,0,0,0.0009765625*J2^4+0,-0.0055755397*J1^2*J2^2+-0.0016288094*J1^1*J2^3+0,0.0016914559*J1^1*J2^3+-0.0011276372*J2^4+0,0.0035083912*J1^2*J2^2+-0.0077763310*J1^1*J2^3+0.0001085069*J2^4+0,0,0,0,0,-0.0171184223*J1^1*J2^3+0,0.0000492197*J1^2*J2^2+0.0098341060*J2^4+0,-0.0295023179*J1^2*J2^2+0.0197666514*J1^1*J2^3+-0.0001476592*J2^4+0,-0.0000568341*J1^2*J2^2+0.0171184223*J1^1*J2^3+-0.0113554474*J2^4+0,0,0,0,0,0.0057118242*J1^2*J2^2+-0.0057118242*J2^4+0,0,-0.0065954464*J1^2*J2^2+0.0065954464*J2^4+0,0.0057118242*J1^2*J2^2+-0.0057118242*J2^4+0,0,0,0,0,0.0040991512*J1^2*J2^2+-0.0040991512*J2^4+0,0,-0.0047332921*J1^2*J2^2+0.0047332921*J2^4+0,0.0040991512*J1^2*J2^2+-0.0040991512*J2^4+0,0,0,0,0,-0.0032224918*J1^2*J2^2+-0.0013810679*J1^1*J2^3+0,0.0018605065*J1^1*J2^3+0.0007973599*J2^4+0,-0.0023920798*J1^2*J2^2+-0.0052271374*J1^1*J2^3+0.0003543822*J2^4+0,0.0022506292*J1^2*J2^2+0.0011764653*J1^1*J2^3+0.0007672600*J2^4+0,0,0,0,0,-0.0013810679*J1^1*J2^3+0,0.0007973599*J2^4+0,-0.0023920798*J1^2*J2^2+-0.0078850039*J1^1*J2^3+0.0000885955*J2^4+0,0.0045524091*J1^2*J2^2+0.0013299173*J1^1*J2^3+0,0,0,0,0,0.0045572917*J1^2*J2^2+0.0009765625*J1^1*J2^3+0,-0.0026311536*J1^1*J2^3+-0.0005638186*J2^4+0,0.0016914559*J1^2*J2^2+0.0018167489*J1^1*J2^3+-0.0004385256*J2^4+0,0.0000361690*J1^2*J2^2+-0.0007233796*J1^1*J2^3+-0.0010850694*J2^4+0,0,0,0,0,0,0,0,0,0,0,0,0,0,0,0,0,0,0,0,0,0,0,0,0},
{0,0,0,0,0.0018605065*J1^1*J2^3+0.0007973599*J2^4+0,-0.0022506292*J1^2*J2^2+-0.0011764653*J1^1*J2^3+-0.0007672600*J2^4+0,0.0032224918*J1^2*J2^2+-0.0007672600*J1^1*J2^3+-0.0009207120*J2^4+0,0.0002067229*J1^2*J2^2+-0.0038686723*J1^1*J2^3+0.0012403377*J2^4+0,0,0,0,0,-0.0007973599*J2^4+0,0.0045524091*J1^2*J2^2+0.0013299173*J1^1*J2^3+0,-0.0013810679*J1^1*J2^3+0.0009207120*J2^4+0,-0.0028645894*J1^2*J2^2+0.0063493477*J1^1*J2^3+-0.0000885955*J2^4+0,0,0,0,0,0.0026311536*J1^1*J2^3+0.0005638186*J2^4+0,0.0000361690*J1^2*J2^2+-0.0007233796*J1^1*J2^3+-0.0010850694*J2^4+0,0.0045572917*J1^2*J2^2+-0.0020616319*J1^1*J2^3+-0.0006510417*J2^4+0,-0.0017332202*J1^2*J2^2+-0.0009814620*J1^1*J2^3+0.0016914559*J2^4+0,0,0,0,0,0.0000492197*J1^2*J2^2+0.0098341060*J2^4+0,0.0000568341*J1^2*J2^2+-0.0171184223*J1^1*J2^3+0.0113554474*J2^4+0,-0.0000568341*J1^2*J2^2+0.0171184223*J1^1*J2^3+-0.0113554474*J2^4+0,-0.0295679442*J1^2*J2^2+0.0395333028*J1^1*J2^3+-0.0132598005*J2^4+0,0,0,0,0,0,0.0057118242*J1^2*J2^2+-0.0057118242*J2^4+0,0.0057118242*J1^2*J2^2+-0.0057118242*J2^4+0,0,0,0,0,0,0,0.0040991512*J1^2*J2^2+-0.0040991512*J2^4+0,0.0040991512*J1^2*J2^2+-0.0040991512*J2^4+0,0,0,0,0,0,0.0018605065*J1^1*J2^3+0.0007973599*J2^4+0,-0.0032224918*J1^2*J2^2+0.0007672600*J1^1*J2^3+0.0009207120*J2^4+0,0.0022506292*J1^2*J2^2+0.0011764653*J1^1*J2^3+0.0007672600*J2^4+0,0.0002067229*J1^2*J2^2+-0.0038686723*J1^1*J2^3+0.0012403377*J2^4+0,0,0,0,0,0.0007973599*J2^4+0,-0.0013810679*J1^1*J2^3+0.0009207120*J2^4+0,0.0045524091*J1^2*J2^2+0.0013299173*J1^1*J2^3+0,0.0028645894*J1^2*J2^2+-0.0063493477*J1^1*J2^3+0.0000885955*J2^4+0,0,0,0,0,-0.0026311536*J1^1*J2^3+-0.0005638186*J2^4+0,0.0045572917*J1^2*J2^2+-0.0020616319*J1^1*J2^3+-0.0006510417*J2^4+0,0.0000361690*J1^2*J2^2+-0.0007233796*J1^1*J2^3+-0.0010850694*J2^4+0,0.0017332202*J1^2*J2^2+0.0009814620*J1^1*J2^3+-0.0016914559*J2^4+0,0,0,0,0,0,0,0,0,0,0,0,0,0,0,0,0,0,0,0,0,0,0,0,0},
{0,0,0,0,0,0,0,0,0,0,0,0,-0.0039867997*J1^2*J2^2+0.0002657866*J1^1*J2^3+0.0013289332*J2^4+0,0.0046035598*J1^2*J2^2+-0.0032224918*J1^1*J2^3+0.0015345199*J2^4+0,0.0046035598*J1^2*J2^2+-0.0049104638*J1^1*J2^3+-0.0010741639*J2^4+0,-0.0108972525*J1^2*J2^2+0.0143524790*J1^1*J2^3+-0.0017719110*J2^4+0,0,0,0,0,0.0055755397*J1^2*J2^2+-0.0016288094*J1^1*J2^3+0,-0.0020254630*J1^1*J2^3+0.0009765625*J2^4+0,-0.0093677662*J1^2*J2^2+0.0115379051*J1^1*J2^3+0.0001085069*J2^4+0,-0.0033829117*J1^2*J2^2+0.0040302590*J1^1*J2^3+-0.0012529303*J2^4+0,0,0,0,0,-0.0066446662*J1^2*J2^2+0.0066446662*J2^4+0,0,0.0076725996*J1^2*J2^2+-0.0076725996*J2^4+0,-0.0066446662*J1^2*J2^2+0.0066446662*J2^4+0,0,0,0,0,-0.0033469430*J1^2*J2^2+0.0031894398*J1^1*J2^3+-0.0033469430*J2^4+0,0.0038362998*J1^2*J2^2+0.0038647168*J1^1*J2^3+-0.0056777237*J2^4+0,0.0208978880*J1^2*J2^2+-0.0152769984*J1^1*J2^3+-0.0076441826*J2^4+0,-0.0010828345*J1^2*J2^2+-0.0076520304*J1^1*J2^3+0.0099030136*J2^4+0,0,0,0,0,-0.0070303310*J1^2*J2^2+0.0185712109*J1^1*J2^3+-0.0070303310*J2^4+0,-0.0026925797*J1^2*J2^2+0.0081179270*J1^1*J2^3+-0.0080295139*J2^4+0,0.0322064686*J1^2*J2^2+-0.0457979681*J1^1*J2^3+0.0161956662*J2^4+0,0.0101394542*J1^2*J2^2+-0.0279449855*J1^1*J2^3+0.0163020150*J2^4+0,0,0,0,0,-0.0023920798*J1^2*J2^2+0.0105428703*J1^1*J2^3+-0.0001771911*J2^4+0,-0.0068541890*J1^2*J2^2+0.0014833693*J1^1*J2^3+0.0007672600*J2^4+0,-0.0004603560*J1^2*J2^2+0.0047570118*J1^1*J2^3+0.0001023013*J2^4+0,-0.0026578665*J1^2*J2^2+0.0002067229*J1^1*J2^3+-0.0000885955*J2^4+0,0,0,0,0,-0.0023920798*J1^2*J2^2+0.0078850039*J1^1*J2^3+0.0000885955*J2^4+0,-0.0045524091*J1^2*J2^2+0.0013299173*J1^1*J2^3+0,0.0027621359*J1^2*J2^2+-0.0013810679*J1^1*J2^3+0.0001023013*J2^4+0,-0.0016537836*J1^1*J2^3+0.0007973599*J2^4+0,0,0,0,0,0.0016914559*J1^2*J2^2+-0.0093343305*J1^1*J2^3+0.0003132326*J2^4+0,0.0064742477*J1^2*J2^2+-0.0011574074*J1^1*J2^3+-0.0010850694*J2^4+0,0.0026041667*J1^2*J2^2+-0.0077039931*J1^1*J2^3+-0.0000723380*J2^4+0,0.0037587908*J1^2*J2^2+-0.0014617520*J1^1*J2^3+0.0006891116*J2^4+0,0,0,0,0,0,0,0,0,0,0,0,0,0,0,0,0,0,0,0,0,0,0,0,0},
{0,0,0,0,0.0068541890*J1^2*J2^2+-0.0014833693*J1^1*J2^3+-0.0007672600*J2^4+0,-0.0026578665*J1^2*J2^2+0.0002067229*J1^1*J2^3+-0.0000885955*J2^4+0,-0.0103066156*J1^2*J2^2+0.0122557176*J1^1*J2^3+0.0007087644*J2^4+0,0.0035293958*J1^2*J2^2+-0.0049957149*J1^1*J2^3+0,0,0,0,0,-0.0045524091*J1^2*J2^2+0.0013299173*J1^1*J2^3+0,0.0016537836*J1^1*J2^3+-0.0007973599*J2^4+0,0.0076487491*J1^2*J2^2+-0.0094206601*J1^1*J2^3+-0.0000885955*J2^4+0,0.0027621359*J1^2*J2^2+-0.0032906927*J1^1*J2^3+0.0010230133*J2^4+0,0,0,0,0,0.0064742477*J1^2*J2^2+-0.0011574074*J1^1*J2^3+-0.0010850694*J2^4+0,-0.0037587908*J1^2*J2^2+0.0014617520*J1^1*J2^3+-0.0006891116*J2^4+0,-0.0091672732*J1^2*J2^2+0.0106707895*J1^1*J2^3+0.0009396977*J2^4+0,0.0069444444*J1^2*J2^2+-0.0093918789*J1^1*J2^3+0.0007233796*J2^4+0,0,0,0,0,0,-0.0066446662*J1^2*J2^2+0.0066446662*J2^4+0,-0.0066446662*J1^2*J2^2+0.0066446662*J2^4+0,0,0,0,0,0,0.0038362998*J1^2*J2^2+0.0038647168*J1^1*J2^3+-0.0056777237*J2^4+0,0.0010828345*J1^2*J2^2+0.0076520304*J1^1*J2^3+-0.0099030136*J2^4+0,-0.0010828345*J1^2*J2^2+-0.0076520304*J1^1*J2^3+0.0099030136*J2^4+0,0.0196475384*J1^2*J2^2+-0.0241128020*J1^1*J2^3+0.0037908326*J2^4+0,0,0,0,0,-0.0026925797*J1^2*J2^2+0.0081179270*J1^1*J2^3+-0.0080295139*J2^4+0,-0.0101394542*J1^2*J2^2+0.0279449855*J1^1*J2^3+-0.0163020150*J2^4+0,0.0101394542*J1^2*J2^2+-0.0279449855*J1^1*J2^3+0.0163020150*J2^4+0,0.0439145019*J1^2*J2^2+-0.0780660580*J1^1*J2^3+0.0350196116*J2^4+0,0,0,0,0,-0.0068541890*J1^2*J2^2+0.0014833693*J1^1*J2^3+0.0007672600*J2^4+0,-0.0103066156*J1^2*J2^2+0.0122557176*J1^1*J2^3+0.0007087644*J2^4+0,-0.0026578665*J1^2*J2^2+0.0002067229*J1^1*J2^3+-0.0000885955*J2^4+0,-0.0035293958*J1^2*J2^2+0.0049957149*J1^1*J2^3+0,0,0,0,0,-0.0045524091*J1^2*J2^2+0.0013299173*J1^1*J2^3+0,-0.0076487491*J1^2*J2^2+0.0094206601*J1^1*J2^3+0.0000885955*J2^4+0,-0.0016537836*J1^1*J2^3+0.0007973599*J2^4+0,0.0027621359*J1^2*J2^2+-0.0032906927*J1^1*J2^3+0.0010230133*J2^4+0,0,0,0,0,0.0064742477*J1^2*J2^2+-0.0011574074*J1^1*J2^3+-0.0010850694*J2^4+0,0.0091672732*J1^2*J2^2+-0.0106707895*J1^1*J2^3+-0.0009396977*J2^4+0,0.0037587908*J1^2*J2^2+-0.0014617520*J1^1*J2^3+0.0006891116*J2^4+0,0.0069444444*J1^2*J2^2+-0.0093918789*J1^1*J2^3+0.0007233796*J2^4+0,0,0,0,0,0,0,0,0,0,0,0,0,0,0,0,0,0,0,0,0,0,0,0,0}
}