96
{{0,0,0,0,0,0,0,0,0,0,0,0,0,0,0,0,0,0,0,0,0,0,0,0,0,0,0,0,0,0,0,0,0,0,0,0,0,0,0,0,0,0,0,0,0,0,0,0,0,0,0,0,0,0,0,0,0,0,0,0,0,0,0,0,0,0,0,0,0,0,0,0,0,0,0,0,0,0,0,0,0,0,0,0,0,0,0,0,0,0,0,0,0,0,0,0},
{0,0,0,0,0,0,0,0,0,0,0,0,0,0,0,0,0,0,0,0,0,0,0,0,0,0,0,0,0,0,0,0,0,0,0,0,0,0,0,0,0,0,0,0,0,0,0,0,0,0,0,0,0,0,0,0,0,0,0,0,0,0,0,0,0,0,0,0,0,0,0,0,0,0,0,0,0,0,0,0,0,0,0,0,0,0,0,0,0,0,0,0,0,0,0,0},
{0,0,0,0,0,0,0,0,0,0,0,0,0,0,0,0,0,0,0,0,0,0,0,0,0,0,0,0,0,0,0,0,0,0,0,0,0,0,0,0,0,0,0,0,0,0,0,0,0,0,0,0,0,0,0,0,0,0,0,0,0,0,0,0,0,0,0,0,0,0,0,0,0,0,0,0,0,0,0,0,0,0,0,0,0,0,0,0,0,0,0,0,0,0,0,0},
{0,0,0,0,0,0,0,0,0,0,0,0,0,0,0,0,0,0,0,0,0,0,0,0,0,0,0,0,0,0,0,0,0,0,0,0,0,0,0,0,0,0,0,0,0,0,0,0,0,0,0,0,0,0,0,0,0,0,0,0,0,0,0,0,0,0,0,0,0,0,0,0,0,0,0,0,0,0,0,0,0,0,0,0,0,0,0,0,0,0,0,0,0,0,0,0},
{0,0,0,0,0,0,0,0,0,0,0,0,0,0,0,0,0,0,0,0,0,0,0,0,0,0,0,0,0,0,0,0,0,0,0,0,0,0,0,0,0,0,0,0,0,0,0,0,0,0,0,0,0,0,0,0,0,0,0,0,0,0,0,0,0,0,0,0,0,0,0,0,0,0,0,0,0,0,0,0,0,0,0,0,0,0,0,0,0,0,0,0,0,0,0,0},
{0,0,0,0,0,0,0,0,0,0,0,0,0,0,0,0,0,0,0,0,0,0,0,0,0,0,0,0,0,0,0,0,0,0,0,0,0,0,0,0,0,0,0,0,0,0,0,0,0,0,0,0,0,0,0,0,0,0,0,0,0,0,0,0,0,0,0,0,0,0,0,0,0,0,0,0,0,0,0,0,0,0,0,0,0,0,0,0,0,0,0,0,0,0,0,0},
{0,0,0,0,0,0,0,0,0,0,0,0,0,0,0,0,0,0,0,0,0,0,0,0,0,0,0,0,0,0,0,0,0,0,0,0,0,0,0,0,0,0,0,0,0,0,0,0,0,0,0,0,0,0,0,0,0,0,0,0,0,0,0,0,0,0,0,0,0,0,0,0,0,0,0,0,0,0,0,0,0,0,0,0,0,0,0,0,0,0,0,0,0,0,0,0},
{0,0,0,0,0,0,0,0,0,0,0,0,0,0,0,0,0,0,0,0,0,0,0,0,0,0,0,0,0,0,0,0,0,0,0,0,0,0,0,0,0,0,0,0,0,0,0,0,0,0,0,0,0,0,0,0,0,0,0,0,0,0,0,0,0,0,0,0,0,0,0,0,0,0,0,0,0,0,0,0,0,0,0,0,0,0,0,0,0,0,0,0,0,0,0,0},
{0,0,0,0,0,0,0,0,0,0,0,0,0,0,0,0,0,0,0,0,0,0,0,0,0,0,0,0,0,0,0,0,0,0,0,0,0,0,0,0,0,0,0,0,0,0,0,0,0,0,0,0,0,0,0,0,0,0,0,0,0,0,0,0,0,0,0,0,0,0,0,0,0,0,0,0,0,0,0,0,0,0,0,0,0,0,0,0,0,0,0,0,0,0,0,0},
{0,0,0,0,0,0,0,0,0,0,0,0,0,0,0,0,0,0,0,0,0,0,0,0,0,0,0,0,0,0,0,0,0,0,0,0,0,0,0,0,0,0,0,0,0,0,0,0,0,0,0,0,0,0,0,0,0,0,0,0,0,0,0,0,0,0,0,0,0,0,0,0,0,0,0,0,0,0,0,0,0,0,0,0,0,0,0,0,0,0,0,0,0,0,0,0},
{0,0,0,0,0,0,0,0,0,0,0,0,0,0,0,0,0,0,0,0,0,0,0,0,0,0,0,0,0,0,0,0,0,0,0,0,0,0,0,0,0,0,0,0,0,0,0,0,0,0,0,0,0,0,0,0,0,0,0,0,0,0,0,0,0,0,0,0,0,0,0,0,0,0,0,0,0,0,0,0,0,0,0,0,0,0,0,0,0,0,0,0,0,0,0,0},
{0,0,0,0,0,0,0,0,0,0,0,0,0,0,0,0,0,0,0,0,0,0,0,0,0,0,0,0,0,0,0,0,0,0,0,0,0,0,0,0,0,0,0,0,0,0,0,0,0,0,0,0,0,0,0,0,0,0,0,0,0,0,0,0,0,0,0,0,0,0,0,0,0,0,0,0,0,0,0,0,0,0,0,0,0,0,0,0,0,0,0,0,0,0,0,0},
{0,0,0,0,0,0,0,0,0,0,0,0,0,0,0,0,0,0,0,0,0,0,0,0,0,0,0,0,0,0,0,0,0,0,0,0,0,0,0,0,0,0,0,0,0,0,0,0,0,0,0,0,0,0,0,0,0,0,0,0,0,0,0,0,0,0,0,0,0,0,0,0,0,0,0,0,0,0,0,0,0,0,0,0,0,0,0,0,0,0,0,0,0,0,0,0},
{0,0,0,0,0,0,0,0,0,0,0,0,0,0,0,0,0,0,0,0,0,0,0,0,0,0,0,0,0,0,0,0,0,0,0,0,0,0,0,0,0,0,0,0,0,0,0,0,0,0,0,0,0,0,0,0,0,0,0,0,0,0,0,0,0,0,0,0,0,0,0,0,0,0,0,0,0,0,0,0,0,0,0,0,0,0,0,0,0,0,0,0,0,0,0,0},
{0,0,0,0,0,0,0,0,0,0,0,0,0,0,0,0,0,0,0,0,0,0,0,0,0,0,0,0,0,0,0,0,0,0,0,0,0,0,0,0,0,0,0,0,0,0,0,0,0,0,0,0,0,0,0,0,0,0,0,0,0,0,0,0,0,0,0,0,0,0,0,0,0,0,0,0,0,0,0,0,0,0,0,0,0,0,0,0,0,0,0,0,0,0,0,0},
{0,0,0,0,0,0,0,0,0,0,0,0,0,0,0,0,0,0,0,0,0,0,0,0,0,0,0,0,0,0,0,0,0,0,0,0,0,0,0,0,0,0,0,0,0,0,0,0,0,0,0,0,0,0,0,0,0,0,0,0,0,0,0,0,0,0,0,0,0,0,0,0,0,0,0,0,0,0,0,0,0,0,0,0,0,0,0,0,0,0,0,0,0,0,0,0},
{0,0,0,0,0,0,0,0,0,0,0,0,0,0,0,0,0,0,0,0,0,0,0,0,0,0,0,0,0,0,0,0,0,0,0,0,0,0,0,0,0,0,0,0,0,0,0,0,0,0,0,0,0,0,0,0,0,0,0,0,0,0,0,0,0,0,0,0,0,0,0,0,0,0,0,0,0,0,0,0,0,0,0,0,0,0,0,0,0,0,0,0,0,0,0,0},
{0,0,0,0,0,0,0,0,0,0,0,0,0,0,0,0,0,0,0,0,0,0,0,0,0,0,0,0,0,0,0,0,0,0,0,0,0,0,0,0,0,0,0,0,0,0,0,0,0,0,0,0,0,0,0,0,0,0,0,0,0,0,0,0,0,0,0,0,0,0,0,0,0,0,0,0,0,0,0,0,0,0,0,0,0,0,0,0,0,0,0,0,0,0,0,0},
{0,0,0,0,0,0,0,0,0,0,0,0,0,0,0,0,0,0,0,0,0,0,0,0,0,0,0,0,0,0,0,0,0,0,0,0,0,0,0,0,0,0,0,0,0,0,0,0,0,0,0,0,0,0,0,0,0,0,0,0,0,0,0,0,0,0,0,0,0,0,0,0,0,0,0,0,0,0,0,0,0,0,0,0,0,0,0,0,0,0,0,0,0,0,0,0},
{0,0,0,0,0,0,0,0,0,0,0,0,0,0,0,0,0,0,0,0,0,0,0,0,0,0,0,0,0,0,0,0,0,0,0,0,0,0,0,0,0,0,0,0,0,0,0,0,0,0,0,0,0,0,0,0,0,0,0,0,0,0,0,0,0,0,0,0,0,0,0,0,0,0,0,0,0,0,0,0,0,0,0,0,0,0,0,0,0,0,0,0,0,0,0,0},
{0,0,0,0,0,0,0,0,0,0,0,0,0,0,0,0,0,0,0,0,0,0,0,0,0,0,0,0,0,0,0,0,0,0,0,0,0,0,0,0,0,0,0,0,0,0,0,0,0,0,0,0,0,0,0,0,0,0,0,0,0,0,0,0,0,0,0,0,0,0,0,0,0,0,0,0,0,0,0,0,0,0,0,0,0,0,0,0,0,0,0,0,0,0,0,0},
{0,0,0,0,0,0,0,0,0,0,0,0,0,0,0,0,0,0,0,0,0,0,0,0,0,0,0,0,0,0,0,0,0,0,0,0,0,0,0,0,0,0,0,0,0,0,0,0,0,0,0,0,0,0,0,0,0,0,0,0,0,0,0,0,0,0,0,0,0,0,0,0,0,0,0,0,0,0,0,0,0,0,0,0,0,0,0,0,0,0,0,0,0,0,0,0},
{0,0,0,0,0,0,0,0,0,0,0,0,0,0,0,0,0,0,0,0,0,0,0,0,0,0,0,0,0,0,0,0,0,0,0,0,0,0,0,0,0,0,0,0,0,0,0,0,0,0,0,0,0,0,0,0,0,0,0,0,0,0,0,0,0,0,0,0,0,0,0,0,0,0,0,0,0,0,0,0,0,0,0,0,0,0,0,0,0,0,0,0,0,0,0,0},
{0,0,0,0,0,0,0,0,0,0,0,0,0,0,0,0,0,0,0,0,0,0,0,0,0,0,0,0,0,0,0,0,0,0,0,0,0,0,0,0,0,0,0,0,0,0,0,0,0,0,0,0,0,0,0,0,0,0,0,0,0,0,0,0,0,0,0,0,0,0,0,0,0,0,0,0,0,0,0,0,0,0,0,0,0,0,0,0,0,0,0,0,0,0,0,0},
{0,0,0,0,0,0,0,0,0,0,0,0,0,0,0,0,0,0,0,0,0,0,0,0,0,0,0,0,0,0,0,0,0,0,0,0,0,0,0,0,0,0,0,0,0,0,0,0,0,0,0,0,0,0,0,0,0,0,0,0,0,0,0,0,0,0,0,0,0,0,0,0,0,0,0,0,0,0,0,0,0.0039062500*J1^1*J2^3+-0.0156250000*J1^1*J2^2*(J2-J1)^1+0,-0.0007517582*J2^4+0,0.0022552745*J2^4+-0.0022552745*J2^3*(J2-J1)^1+0,-0.0004340278*J1^1*J2^3+0.0039062500*J1^1*J2^2*(J2-J1)^1+0,0,0,0,0,0,0,0,0,0,0,0,0},
{0,0,0,0,0,0,0,0,0,0,0,0,0,0,0,0,0,0,0,0,0,0,0,0,0,0,0,0,0,0,0,0,0,0,0,0,0,0,0,0,0,0,0,0,0,0,0,0,0,0,0,0,0,0,0,0,0,0,0,0,0,0,0,0,0,0,0,0,0,0,0,0,0,0,0,0,0,0,0,0,-0.0007517582*J2^4+-0.0135316469*J2^3*(J2-J1)^1+0,0.0039062500*J1^1*J2^3+0.0008680556*J2^4+-0.0104166667*J1^1*J2^2*(J2-J1)^1+0.0078125000*J2^3*(J2-J1)^1+0,-0.0004340278*J1^1*J2^3+-0.0039062500*J1^1*J2^2*(J2-J1)^1+0,0.0005011721*J1^1*J2^3+0.0022552745*J2^4+0.0007517582*J2^3*(J2-J1)^1+0,0,0,0,0,0,0,0,0,0,0,0,0},
{0,0,0,0,0,0,0,0,0,0,0,0,0,0,0,0,0,0,0,0,0,0,0,0,0,0,0,0,0,0,0,0,0,0,0,0,0,0,0,0,0,0,0,0,0,0,0,0,0,0,0,0,0,0,0,0,0,0,0,0,0,0,0,0,0,0,0,0,0,0,0,0,0,0,0,0,0,0,0,0,0,0,0,0,-0.0013020833*J1^1*J2^3+0.0052083333*J1^1*J2^2*(J2-J1)^1+0,0.0002505861*J2^4+0,-0.0007517582*J2^4+0.0007517582*J2^3*(J2-J1)^1+0,0.0001446759*J1^1*J2^3+-0.0013020833*J1^1*J2^2*(J2-J1)^1+0,0,0,0,0,0,0,0,0},
{0,0,0,0,0,0,0,0,0,0,0,0,0,0,0,0,0,0,0,0,0,0,0,0,0,0,0,0,0,0,0,0,0,0,0,0,0,0,0,0,0,0,0,0,0,0,0,0,0,0,0,0,0,0,0,0,0,0,0,0,0,0,0,0,0,0,0,0,0,0,0,0,0,0,0,0,0,0,0,0,0,0,0,0,0.0002505861*J2^4+0.0045105490*J2^3*(J2-J1)^1+0,-0.0013020833*J1^1*J2^3+-0.0002893519*J2^4+0.0034722222*J1^1*J2^2*(J2-J1)^1+-0.0026041667*J2^3*(J2-J1)^1+0,0.0001446759*J1^1*J2^3+0.0013020833*J1^1*J2^2*(J2-J1)^1+0,-0.0001670574*J1^1*J2^3+-0.0007517582*J2^4+-0.0002505861*J2^3*(J2-J1)^1+0,0,0,0,0,0,0,0,0},
{0,0,0,0,0,0,0,0,0,0,0,0,0,0,0,0,0,0,0,0,0,0,0,0,0,0,0,0,0,0,0,0,0,0,0,0,0,0,0,0,0,0,0,0,0,0,0,0,0,0,0,0,0,0,0,0,0,0,0,0,0,0,0,0,0,0,0,0,0,0,0,0,-0.0022552745*J1^1*J2^3+0.0090210980*J1^1*J2^2*(J2-J1)^1+0,0.0004340278*J2^4+0,-0.0013020833*J2^4+0.0013020833*J2^3*(J2-J1)^1+0,0.0002505861*J1^1*J2^3+-0.0022552745*J1^1*J2^2*(J2-J1)^1+0,0,0,0,0,0,0,0,0,0,0,0,0,0.0031894398*J1^1*J2^3+-0.0127577591*J1^1*J2^2*(J2-J1)^1+0,-0.0006138080*J2^4+0,0.0018414239*J2^4+-0.0018414239*J2^3*(J2-J1)^1+0,-0.0003543822*J1^1*J2^3+0.0031894398*J1^1*J2^2*(J2-J1)^1+0,0,0,0,0},
{0,0,0,0,0,0,0,0,0,0,0,0,0,0,0,0,0,0,0,0,0,0,0,0,0,0,0,0,0,0,0,0,0,0,0,0,0,0,0,0,0,0,0,0,0,0,0,0,0,0,0,0,0,0,0,0,0,0,0,0,0,0,0,0,0,0,0,0,0,0,0,0,0.0004340278*J2^4+0.0078125000*J2^3*(J2-J1)^1+0,-0.0022552745*J1^1*J2^3+-0.0005011721*J2^4+0.0060140653*J1^1*J2^2*(J2-J1)^1+-0.0045105490*J2^3*(J2-J1)^1+0,0.0002505861*J1^1*J2^3+0.0022552745*J1^1*J2^2*(J2-J1)^1+0,-0.0002893519*J1^1*J2^3+-0.0013020833*J2^4+-0.0004340278*J2^3*(J2-J1)^1+0,0,0,0,0,0,0,0,0,0,0,0,0,-0.0006138080*J2^4+-0.0110485435*J2^3*(J2-J1)^1+0,0.0031894398*J1^1*J2^3+0.0007087644*J2^4+-0.0085051727*J1^1*J2^2*(J2-J1)^1+0.0063788795*J2^3*(J2-J1)^1+0,-0.0003543822*J1^1*J2^3+-0.0031894398*J1^1*J2^2*(J2-J1)^1+0,0.0004092053*J1^1*J2^3+0.0018414239*J2^4+0.0006138080*J2^3*(J2-J1)^1+0,0,0,0,0},
{0,0,0,0,0,0,0,0,0,0,0,0,0,0,0,0,0,0,0,0,0,0,0,0,0,0,0,0,0,0,0,0,0,0,0,0,0,0,0,0,0,0,0,0,0,0,0,0,0,0,0,0,0,0,0,0,0,0,0,0,0,0,0,0,0,0,0,0,0,0,0,0,0,0,0,0,0.0007517582*J1^1*J2^3+-0.0030070327*J1^1*J2^2*(J2-J1)^1+0,-0.0001446759*J2^4+0,0.0004340278*J2^4+-0.0004340278*J2^3*(J2-J1)^1+0,-0.0000835287*J1^1*J2^3+0.0007517582*J1^1*J2^2*(J2-J1)^1+0,0,0,0,0,0,0,0,0,0,0,0,0,-0.0010631466*J1^1*J2^3+0.0042525864*J1^1*J2^2*(J2-J1)^1+0,0.0002046027*J2^4+0,-0.0006138080*J2^4+0.0006138080*J2^3*(J2-J1)^1+0,0.0001181274*J1^1*J2^3+-0.0010631466*J1^1*J2^2*(J2-J1)^1+0},
{0,0,0,0,0,0,0,0,0,0,0,0,0,0,0,0,0,0,0,0,0,0,0,0,0,0,0,0,0,0,0,0,0,0,0,0,0,0,0,0,0,0,0,0,0,0,0,0,0,0,0,0,0,0,0,0,0,0,0,0,0,0,0,0,0,0,0,0,0,0,0,0,0,0,0,0,-0.0001446759*J2^4+-0.0026041667*J2^3*(J2-J1)^1+0,0.0007517582*J1^1*J2^3+0.0001670574*J2^4+-0.0020046884*J1^1*J2^2*(J2-J1)^1+0.0015035163*J2^3*(J2-J1)^1+0,-0.0000835287*J1^1*J2^3+-0.0007517582*J1^1*J2^2*(J2-J1)^1+0,0.0000964506*J1^1*J2^3+0.0004340278*J2^4+0.0001446759*J2^3*(J2-J1)^1+0,0,0,0,0,0,0,0,0,0,0,0,0,0.0002046027*J2^4+0.0036828478*J2^3*(J2-J1)^1+0,-0.0010631466*J1^1*J2^3+-0.0002362548*J2^4+0.0028350576*J1^1*J2^2*(J2-J1)^1+-0.0021262932*J2^3*(J2-J1)^1+0,0.0001181274*J1^1*J2^3+0.0010631466*J1^1*J2^2*(J2-J1)^1+0,-0.0001364018*J1^1*J2^3+-0.0006138080*J2^4+-0.0002046027*J2^3*(J2-J1)^1+0},
{0,0,0,0,0,0,0,0,0,0,0,0,0,0,0,0,0,0,0,0,0,0,0,0,0,0,0,0,0,0,0,0,0,0,0,0,0,0,0,0,0,0,0,0,0,0,0,0,0,0,0,0,0,0,0,0,0,0,0,0,0,0,0,0,0,0,0,0,0,0,0,0,0,0,0,0,0,0,0,0,-0.0039062500*J2^4+0.0156250000*J2^3*(J2-J1)^1+0,0.0007517582*J1^1*J2^3+0,-0.0022552745*J1^1*J2^3+0.0022552745*J1^1*J2^2*(J2-J1)^1+0,0.0004340278*J2^4+-0.0039062500*J2^3*(J2-J1)^1+0,0,0,0,0,0,0,0,0,0,0,0,0},
{0,0,0,0,0,0,0,0,0,0,0,0,0,0,0,0,0,0,0,0,0,0,0,0,0,0,0,0,0,0,0,0,0,0,0,0,0,0,0,0,0,0,0,0,0,0,0,0,0,0,0,0,0,0,0,0,0,0,0,0,0,0,0,0,0,0,0,0,0,0,0,0,0,0,0,0,0,0,0,0,0.0007517582*J1^1*J2^3+0.0135316469*J1^1*J2^2*(J2-J1)^1+0,-0.0008680556*J1^1*J2^3+-0.0039062500*J2^4+-0.0078125000*J1^1*J2^2*(J2-J1)^1+0.0104166667*J2^3*(J2-J1)^1+0,0.0004340278*J2^4+0.0039062500*J2^3*(J2-J1)^1+0,-0.0022552745*J1^1*J2^3+-0.0005011721*J2^4+-0.0007517582*J1^1*J2^2*(J2-J1)^1+0,0,0,0,0,0,0,0,0,0,0,0,0},
{0,0,0,0,0,0,0,0,0,0,0,0,0,0,0,0,0,0,0,0,0,0,0,0,0,0,0,0,0,0,0,0,0,0,0,0,0,0,0,0,0,0,0,0,0,0,0,0,0,0,0,0,0,0,0,0,0,0,0,0,0,0,0,0,0,0,0,0,0,0,0,0,0,0,0,0,0,0,0,0,0,0,0,0,0.0013020833*J2^4+-0.0052083333*J2^3*(J2-J1)^1+0,-0.0002505861*J1^1*J2^3+0,0.0007517582*J1^1*J2^3+-0.0007517582*J1^1*J2^2*(J2-J1)^1+0,-0.0001446759*J2^4+0.0013020833*J2^3*(J2-J1)^1+0,0,0,0,0,0,0,0,0},
{0,0,0,0,0,0,0,0,0,0,0,0,0,0,0,0,0,0,0,0,0,0,0,0,0,0,0,0,0,0,0,0,0,0,0,0,0,0,0,0,0,0,0,0,0,0,0,0,0,0,0,0,0,0,0,0,0,0,0,0,0,0,0,0,0,0,0,0,0,0,0,0,0,0,0,0,0,0,0,0,0,0,0,0,-0.0002505861*J1^1*J2^3+-0.0045105490*J1^1*J2^2*(J2-J1)^1+0,0.0002893519*J1^1*J2^3+0.0013020833*J2^4+0.0026041667*J1^1*J2^2*(J2-J1)^1+-0.0034722222*J2^3*(J2-J1)^1+0,-0.0001446759*J2^4+-0.0013020833*J2^3*(J2-J1)^1+0,0.0007517582*J1^1*J2^3+0.0001670574*J2^4+0.0002505861*J1^1*J2^2*(J2-J1)^1+0,0,0,0,0,0,0,0,0},
{0,0,0,0,0,0,0,0,0,0,0,0,0,0,0,0,0,0,0,0,0,0,0,0,0,0,0,0,0,0,0,0,0,0,0,0,0,0,0,0,0,0,0,0,0,0,0,0,0,0,0,0,0,0,0,0,0,0,0,0,0,0,0,0,0,0,0,0,0,0,0,0,0.0022552745*J2^4+-0.0090210980*J2^3*(J2-J1)^1+0,-0.0004340278*J1^1*J2^3+0,0.0013020833*J1^1*J2^3+-0.0013020833*J1^1*J2^2*(J2-J1)^1+0,-0.0002505861*J2^4+0.0022552745*J2^3*(J2-J1)^1+0,0,0,0,0,0,0,0,0,0,0,0,0,-0.0031894398*J2^4+0.0127577591*J2^3*(J2-J1)^1+0,0.0006138080*J1^1*J2^3+0,-0.0018414239*J1^1*J2^3+0.0018414239*J1^1*J2^2*(J2-J1)^1+0,0.0003543822*J2^4+-0.0031894398*J2^3*(J2-J1)^1+0,0,0,0,0},
{0,0,0,0,0,0,0,0,0,0,0,0,0,0,0,0,0,0,0,0,0,0,0,0,0,0,0,0,0,0,0,0,0,0,0,0,0,0,0,0,0,0,0,0,0,0,0,0,0,0,0,0,0,0,0,0,0,0,0,0,0,0,0,0,0,0,0,0,0,0,0,0,-0.0004340278*J1^1*J2^3+-0.0078125000*J1^1*J2^2*(J2-J1)^1+0,0.0005011721*J1^1*J2^3+0.0022552745*J2^4+0.0045105490*J1^1*J2^2*(J2-J1)^1+-0.0060140653*J2^3*(J2-J1)^1+0,-0.0002505861*J2^4+-0.0022552745*J2^3*(J2-J1)^1+0,0.0013020833*J1^1*J2^3+0.0002893519*J2^4+0.0004340278*J1^1*J2^2*(J2-J1)^1+0,0,0,0,0,0,0,0,0,0,0,0,0,0.0006138080*J1^1*J2^3+0.0110485435*J1^1*J2^2*(J2-J1)^1+0,-0.0007087644*J1^1*J2^3+-0.0031894398*J2^4+-0.0063788795*J1^1*J2^2*(J2-J1)^1+0.0085051727*J2^3*(J2-J1)^1+0,0.0003543822*J2^4+0.0031894398*J2^3*(J2-J1)^1+0,-0.0018414239*J1^1*J2^3+-0.0004092053*J2^4+-0.0006138080*J1^1*J2^2*(J2-J1)^1+0,0,0,0,0},
{0,0,0,0,0,0,0,0,0,0,0,0,0,0,0,0,0,0,0,0,0,0,0,0,0,0,0,0,0,0,0,0,0,0,0,0,0,0,0,0,0,0,0,0,0,0,0,0,0,0,0,0,0,0,0,0,0,0,0,0,0,0,0,0,0,0,0,0,0,0,0,0,0,0,0,0,-0.0007517582*J2^4+0.0030070327*J2^3*(J2-J1)^1+0,0.0001446759*J1^1*J2^3+0,-0.0004340278*J1^1*J2^3+0.0004340278*J1^1*J2^2*(J2-J1)^1+0,0.0000835287*J2^4+-0.0007517582*J2^3*(J2-J1)^1+0,0,0,0,0,0,0,0,0,0,0,0,0,0.0010631466*J2^4+-0.0042525864*J2^3*(J2-J1)^1+0,-0.0002046027*J1^1*J2^3+0,0.0006138080*J1^1*J2^3+-0.0006138080*J1^1*J2^2*(J2-J1)^1+0,-0.0001181274*J2^4+0.0010631466*J2^3*(J2-J1)^1+0},
{0,0,0,0,0,0,0,0,0,0,0,0,0,0,0,0,0,0,0,0,0,0,0,0,0,0,0,0,0,0,0,0,0,0,0,0,0,0,0,0,0,0,0,0,0,0,0,0,0,0,0,0,0,0,0,0,0,0,0,0,0,0,0,0,0,0,0,0,0,0,0,0,0,0,0,0,0.0001446759*J1^1*J2^3+0.0026041667*J1^1*J2^2*(J2-J1)^1+0,-0.0001670574*J1^1*J2^3+-0.0007517582*J2^4+-0.0015035163*J1^1*J2^2*(J2-J1)^1+0.0020046884*J2^3*(J2-J1)^1+0,0.0000835287*J2^4+0.0007517582*J2^3*(J2-J1)^1+0,-0.0004340278*J1^1*J2^3+-0.0000964506*J2^4+-0.0001446759*J1^1*J2^2*(J2-J1)^1+0,0,0,0,0,0,0,0,0,0,0,0,0,-0.0002046027*J1^1*J2^3+-0.0036828478*J1^1*J2^2*(J2-J1)^1+0,0.0002362548*J1^1*J2^3+0.0010631466*J2^4+0.0021262932*J1^1*J2^2*(J2-J1)^1+-0.0028350576*J2^3*(J2-J1)^1+0,-0.0001181274*J2^4+-0.0010631466*J2^3*(J2-J1)^1+0,0.0006138080*J1^1*J2^3+0.0001364018*J2^4+0.0002046027*J1^1*J2^2*(J2-J1)^1+0},
{0,0,0,0,0,0,0,0,0,0,0,0,0,0,0,0,0,0,0,0,0,0,0,0,0,0,0,0,0,0,0,0,0,0,0,0,0,0,0,0,0,0,0,0,0,0,0,0,0,0,0,0,0,0,0,0,0,0,0,0,0,0,0,0,0,0,0,0,0,0,0,0,0,0,0,0,0,0,0,0,0,0,0.0031894398*J1^1*J2^3+-0.0031894398*J2^4+-0.0079735994*J1^1*J2^2*(J2-J1)^1+0.0079735994*J2^3*(J2-J1)^1+0,0.0006138080*J1^1*J2^3+-0.0006138080*J2^4+-0.0027621359*J1^1*J2^2*(J2-J1)^1+0.0027621359*J2^3*(J2-J1)^1+0,0,0,0,0,0,0,0,0,0,0,0,0},
{0,0,0,0,0,0,0,0,0,0,0,0,0,0,0,0,0,0,0,0,0,0,0,0,0,0,0,0,0,0,0,0,0,0,0,0,0,0,0,0,0,0,0,0,0,0,0,0,0,0,0,0,0,0,0,0,0,0,0,0,0,0,0,0,0,0,0,0,0,0,0,0,0,0,0,0,0,0,0,0,0,0,0.0006138080*J1^1*J2^3+-0.0006138080*J2^4+0.0082864076*J1^1*J2^2*(J2-J1)^1+-0.0082864076*J2^3*(J2-J1)^1+0,0.0024806754*J1^1*J2^3+-0.0024806754*J2^4+-0.0069104528*J1^1*J2^2*(J2-J1)^1+0.0069104528*J2^3*(J2-J1)^1+0,0,0,0,0,0,0,0,0,0,0,0,0},
{0,0,0,0,0,0,0,0,0,0,0,0,0,0,0,0,0,0,0,0,0,0,0,0,0,0,0,0,0,0,0,0,0,0,0,0,0,0,0,0,0,0,0,0,0,0,0,0,0,0,0,0,0,0,0,0,0,0,0,0,0,0,0,0,0,0,0,0,0,0,0,0,0,0,0,0,0,0,0,0,0,0,0,0,0,0,-0.0010631466*J1^1*J2^3+0.0010631466*J2^4+0.0026578665*J1^1*J2^2*(J2-J1)^1+-0.0026578665*J2^3*(J2-J1)^1+0,-0.0002046027*J1^1*J2^3+0.0002046027*J2^4+0.0009207120*J1^1*J2^2*(J2-J1)^1+-0.0009207120*J2^3*(J2-J1)^1+0,0,0,0,0,0,0,0,0},
{0,0,0,0,0,0,0,0,0,0,0,0,0,0,0,0,0,0,0,0,0,0,0,0,0,0,0,0,0,0,0,0,0,0,0,0,0,0,0,0,0,0,0,0,0,0,0,0,0,0,0,0,0,0,0,0,0,0,0,0,0,0,0,0,0,0,0,0,0,0,0,0,0,0,0,0,0,0,0,0,0,0,0,0,0,0,-0.0002046027*J1^1*J2^3+0.0002046027*J2^4+-0.0027621359*J1^1*J2^2*(J2-J1)^1+0.0027621359*J2^3*(J2-J1)^1+0,-0.0008268918*J1^1*J2^3+0.0008268918*J2^4+0.0023034843*J1^1*J2^2*(J2-J1)^1+-0.0023034843*J2^3*(J2-J1)^1+0,0,0,0,0,0,0,0,0},
{0,0,0,0,0,0,0,0,0,0,0,0,0,0,0,0,0,0,0,0,0,0,0,0,0,0,0,0,0,0,0,0,0,0,0,0,0,0,0,0,0,0,0,0,0,0,0,0,0,0,0,0,0,0,0,0,0,0,0,0,0,0,0,0,0,0,0,0,0,0,0,0,0,0,-0.0018414239*J1^1*J2^3+0.0018414239*J2^4+0.0046035598*J1^1*J2^2*(J2-J1)^1+-0.0046035598*J2^3*(J2-J1)^1+0,-0.0003543822*J1^1*J2^3+0.0003543822*J2^4+0.0015947199*J1^1*J2^2*(J2-J1)^1+-0.0015947199*J2^3*(J2-J1)^1+0,0,0,0,0,0,0,0,0,0,0,0,0,0,0,0.0026041667*J1^1*J2^3+-0.0026041667*J2^4+-0.0065104167*J1^1*J2^2*(J2-J1)^1+0.0065104167*J2^3*(J2-J1)^1+0,0.0005011721*J1^1*J2^3+-0.0005011721*J2^4+-0.0022552745*J1^1*J2^2*(J2-J1)^1+0.0022552745*J2^3*(J2-J1)^1+0,0,0,0,0},
{0,0,0,0,0,0,0,0,0,0,0,0,0,0,0,0,0,0,0,0,0,0,0,0,0,0,0,0,0,0,0,0,0,0,0,0,0,0,0,0,0,0,0,0,0,0,0,0,0,0,0,0,0,0,0,0,0,0,0,0,0,0,0,0,0,0,0,0,0,0,0,0,0,0,-0.0003543822*J1^1*J2^3+0.0003543822*J2^4+-0.0047841597*J1^1*J2^2*(J2-J1)^1+0.0047841597*J2^3*(J2-J1)^1+0,-0.0014322186*J1^1*J2^3+0.0014322186*J2^4+0.0039897518*J1^1*J2^2*(J2-J1)^1+-0.0039897518*J2^3*(J2-J1)^1+0,0,0,0,0,0,0,0,0,0,0,0,0,0,0,0.0005011721*J1^1*J2^3+-0.0005011721*J2^4+0.0067658235*J1^1*J2^2*(J2-J1)^1+-0.0067658235*J2^3*(J2-J1)^1+0,0.0020254630*J1^1*J2^3+-0.0020254630*J2^4+-0.0056423611*J1^1*J2^2*(J2-J1)^1+0.0056423611*J2^3*(J2-J1)^1+0,0,0,0,0},
{0,0,0,0,0,0,0,0,0,0,0,0,0,0,0,0,0,0,0,0,0,0,0,0,0,0,0,0,0,0,0,0,0,0,0,0,0,0,0,0,0,0,0,0,0,0,0,0,0,0,0,0,0,0,0,0,0,0,0,0,0,0,0,0,0,0,0,0,0,0,0,0,0,0,0,0,0,0,0.0006138080*J1^1*J2^3+-0.0006138080*J2^4+-0.0015345199*J1^1*J2^2*(J2-J1)^1+0.0015345199*J2^3*(J2-J1)^1+0,0.0001181274*J1^1*J2^3+-0.0001181274*J2^4+-0.0005315733*J1^1*J2^2*(J2-J1)^1+0.0005315733*J2^3*(J2-J1)^1+0,0,0,0,0,0,0,0,0,0,0,0,0,0,0,-0.0008680556*J1^1*J2^3+0.0008680556*J2^4+0.0021701389*J1^1*J2^2*(J2-J1)^1+-0.0021701389*J2^3*(J2-J1)^1+0,-0.0001670574*J1^1*J2^3+0.0001670574*J2^4+0.0007517582*J1^1*J2^2*(J2-J1)^1+-0.0007517582*J2^3*(J2-J1)^1+0},
{0,0,0,0,0,0,0,0,0,0,0,0,0,0,0,0,0,0,0,0,0,0,0,0,0,0,0,0,0,0,0,0,0,0,0,0,0,0,0,0,0,0,0,0,0,0,0,0,0,0,0,0,0,0,0,0,0,0,0,0,0,0,0,0,0,0,0,0,0,0,0,0,0,0,0,0,0,0,0.0001181274*J1^1*J2^3+-0.0001181274*J2^4+0.0015947199*J1^1*J2^2*(J2-J1)^1+-0.0015947199*J2^3*(J2-J1)^1+0,0.0004774062*J1^1*J2^3+-0.0004774062*J2^4+-0.0013299173*J1^1*J2^2*(J2-J1)^1+0.0013299173*J2^3*(J2-J1)^1+0,0,0,0,0,0,0,0,0,0,0,0,0,0,0,-0.0001670574*J1^1*J2^3+0.0001670574*J2^4+-0.0022552745*J1^1*J2^2*(J2-J1)^1+0.0022552745*J2^3*(J2-J1)^1+0,-0.0006751543*J1^1*J2^3+0.0006751543*J2^4+0.0018807870*J1^1*J2^2*(J2-J1)^1+-0.0018807870*J2^3*(J2-J1)^1+0},
{0,0,0,0,0,0,0,0,0,0,0,0,0,0,0,0,0,0,0,0,0,0,0,0,0,0,0,0,0,0,0,0,0,0,0,0,0,0,0,0,0,0,0,0,0,0,0,0,0,0,0,0,0,0,0,0,0,0,0,0,0,0,0,0,0,0,0,0,0,0,0,0,0,0,0,0,0,0,0,0,0,0,0,0,0,0,0,0,0,0,0,0,0,0,0,0},
{0,0,0,0,0,0,0,0,0,0,0,0,0,0,0,0,0,0,0,0,0,0,0,0,0,0,0,0,0,0,0,0,0,0,0,0,0,0,0,0,0,0,0,0,0,0,0,0,0,0,0,0,0,0,0,0,0,0,0,0,0,0,0,0,0,0,0,0,0,0,0,0,0,0,0,0,0,0,0,0,0,0,0,0,0,0,0,0,0,0,0,0,0,0,0,0},
{0,0,0,0,0,0,0,0,0,0,0,0,0,0,0,0,0,0,0,0,0,0,0,0,0,0,0,0,0,0,0,0,0,0,0,0,0,0,0,0,0,0,0,0,0,0,0,0,0,0,0,0,0,0,0,0,0,0,0,0,0,0,0,0,0,0,0,0,0,0,0,0,0,0,0,0,0,0,0,0,0,0,0,0,0,0,0,0,0,0,0,0,0,0,0,0},
{0,0,0,0,0,0,0,0,0,0,0,0,0,0,0,0,0,0,0,0,0,0,0,0,0,0,0,0,0,0,0,0,0,0,0,0,0,0,0,0,0,0,0,0,0,0,0,0,0,0,0,0,0,0,0,0,0,0,0,0,0,0,0,0,0,0,0,0,0,0,0,0,0,0,0,0,0,0,0,0,0,0,0,0,0,0,0,0,0,0,0,0,0,0,0,0},
{0,0,0,0,0,0,0,0,0,0,0,0,0,0,0,0,0,0,0,0,0,0,0,0,0,0,0,0,0,0,0,0,0,0,0,0,0,0,0,0,0,0,0,0,0,0,0,0,0,0,0,0,0,0,0,0,0,0,0,0,0,0,0,0,0,0,0,0,0,0,0,0,0,0,0,0,0,0,0,0,0,0,0,0,0,0,0,0,0,0,0,0,0,0,0,0},
{0,0,0,0,0,0,0,0,0,0,0,0,0,0,0,0,0,0,0,0,0,0,0,0,0,0,0,0,0,0,0,0,0,0,0,0,0,0,0,0,0,0,0,0,0,0,0,0,0,0,0,0,0,0,0,0,0,0,0,0,0,0,0,0,0,0,0,0,0,0,0,0,0,0,0,0,0,0,0,0,0,0,0,0,0,0,0,0,0,0,0,0,0,0,0,0},
{0,0,0,0,0,0,0,0,0,0,0,0,0,0,0,0,0,0,0,0,0,0,0,0,0,0,0,0,0,0,0,0,0,0,0,0,0,0,0,0,0,0,0,0,0,0,0,0,0,0,0,0,0,0,0,0,0,0,0,0,0,0,0,0,0,0,0,0,0,0,0,0,0,0,0,0,0,0,0,0,0,0,0,0,0,0,0,0,0,0,0,0,0,0,0,0},
{0,0,0,0,0,0,0,0,0,0,0,0,0,0,0,0,0,0,0,0,0,0,0,0,0,0,0,0,0,0,0,0,0,0,0,0,0,0,0,0,0,0,0,0,0,0,0,0,0,0,0,0,0,0,0,0,0,0,0,0,0,0,0,0,0,0,0,0,0,0,0,0,0,0,0,0,0,0,0,0,0,0,0,0,0,0,0,0,0,0,0,0,0,0,0,0},
{0,0,0,0,0,0,0,0,0,0,0,0,0,0,0,0,0,0,0,0,0,0,0,0,0,0,0,0,0,0,0,0,0,0,0,0,0,0,0,0,0,0,0,0,0,0,0,0,0,0,0,0,0,0,0,0,0,0,0,0,0,0,0,0,0,0,0,0,0,0,0,0,0,0,0,0,0,0,0,0,0,0,0,0,0,0,0,0,0,0,0,0,0,0,0,0},
{0,0,0,0,0,0,0,0,0,0,0,0,0,0,0,0,0,0,0,0,0,0,0,0,0,0,0,0,0,0,0,0,0,0,0,0,0,0,0,0,0,0,0,0,0,0,0,0,0,0,0,0,0,0,0,0,0,0,0,0,0,0,0,0,0,0,0,0,0,0,0,0,0,0,0,0,0,0,0,0,0,0,0,0,0,0,0,0,0,0,0,0,0,0,0,0},
{0,0,0,0,0,0,0,0,0,0,0,0,0,0,0,0,0,0,0,0,0,0,0,0,0,0,0,0,0,0,0,0,0,0,0,0,0,0,0,0,0,0,0,0,0,0,0,0,0,0,0,0,0,0,0,0,0,0,0,0,0,0,0,0,0,0,0,0,0,0,0,0,0,0,0,0,0,0,0,0,0,0,0,0,0,0,0,0,0,0,0,0,0,0,0,0},
{0,0,0,0,0,0,0,0,0,0,0,0,0,0,0,0,0,0,0,0,0,0,0,0,0,0,0,0,0,0,0,0,0,0,0,0,0,0,0,0,0,0,0,0,0,0,0,0,0,0,0,0,0,0,0,0,0,0,0,0,0,0,0,0,0,0,0,0,0,0,0,0,0,0,0,0,0,0,0,0,0,0,0,0,0,0,0,0,0,0,0,0,0,0,0,0},
{0,0,0,0,0,0,0,0,0,0,0,0,0,0,0,0,0,0,0,0,0,0,0,0,0,0,0,0,0,0,0,0,0,0,0,0,0,0,0,0,0,0,0,0,0,0,0,0,0,0,0,0,0,0,0,0,0,0,0,0,0,0,0,0,0,0,0,0,0,0,0,0,0,0,0,0,0,0,0,0,0,0,0,0,0,0,0,0,0,0,0,0,0,0,0,0},
{0,0,0,0,0,0,0,0,0,0,0,0,0,0,0,0,0,0,0,0,0,0,0,0,0,0,0,0,0,0,0,0,0,0,0,0,0,0,0,0,0,0,0,0,0,0,0,0,0,0,0,0,0,0,0,0,0,0,0,0,0,0,0,0,0,0,0,0,0,0,0,0,0,0,0,0,0,0,0,0,0,0,0,0,0,0,0,0,0,0,0,0,0,0,0,0},
{0,0,0,0,0,0,0,0,0,0,0,0,0,0,0,0,0,0,0,0,0,0,0,0,0,0,0,0,0,0,0,0,0,0,0,0,0,0,0,0,0,0,0,0,0,0,0,0,0,0,0,0,0,0,0,0,0,0,0,0,0,0,0,0,0,0,0,0,0,0,0,0,0,0,0,0,0,0,0,0,0,0,0,0,0,0,0,0,0,0,0,0,0,0,0,0},
{0,0,0,0,0,0,0,0,0,0,0,0,0,0,0,0,0,0,0,0,0,0,0,0,0,0,0,0,0,0,0,0,0,0,0,0,0,0,0,0,0,0,0,0,0,0,0,0,0,0,0,0,0,0,0,0,0,0,0,0,0,0,0,0,0,0,0,0,0,0,0,0,0,0,0,0,0,0,0,0,0,0,0,0,0,0,0,0,0,0,0,0,0,0,0,0},
{0,0,0,0,0,0,0,0,0,0,0,0,0,0,0,0,0,0,0,0,0,0,0,0,0,0,0,0,0,0,0,0,0,0,0,0,0,0,0,0,0,0,0,0,0,0,0,0,0,0,0,0,0,0,0,0,0,0,0,0,0,0,0,0,0,0,0,0,0,0,0,0,0,0,0,0,0,0,0,0,0,0,0,0,0,0,0,0,0,0,0,0,0,0,0,0},
{0,0,0,0,0,0,0,0,0,0,0,0,0,0,0,0,0,0,0,0,0,0,0,0,0,0,0,0,0,0,0,0,0,0,0,0,0,0,0,0,0,0,0,0,0,0,0,0,0,0,0,0,0,0,0,0,0,0,0,0,0,0,0,0,0,0,0,0,0,0,0,0,0,0,0,0,0,0,0,0,0,0,0,0,0,0,0,0,0,0,0,0,0,0,0,0},
{0,0,0,0,0,0,0,0,0,0,0,0,0,0,0,0,0,0,0,0,0,0,0,0,0,0,0,0,0,0,0,0,0,0,0,0,0,0,0,0,0,0,0,0,0,0,0,0,0,0,0,0,0,0,0,0,0,0,0,0,0,0,0,0,0,0,0,0,0,0,0,0,0,0,0,0,0,0,0,0,0,0,0,0,0,0,0,0,0,0,0,0,0,0,0,0},
{0,0,0,0,0,0,0,0,0,0,0,0,0,0,0,0,0,0,0,0,0,0,0,0,0,0,0,0,0,0,0,0,0,0,0,0,0,0,0,0,0,0,0,0,0,0,0,0,0,0,0,0,0,0,0,0,0,0,0,0,0,0,0,0,0,0,0,0,0,0,0,0,0,0,0,0,0,0,0,0,0,0,0,0,0,0,0,0,0,0,0,0,0,0,0,0},
{0,0,0,0,0,0,0,0,0,0,0,0,0,0,0,0,0,0,0,0,0,0,0,0,0,0,0,0,0,0,0,0,0,0,0,0,0,0,0,0,0,0,0,0,0,0,0,0,0,0,0,0,0,0,0,0,0,0,0,0,0,0,0,0,0,0,0,0,0,0,0,0,0,0,0,0,0,0,0,0,0,0,0,0,0,0,0,0,0,0,0,0,0,0,0,0},
{0,0,0,0,0,0,0,0,0,0,0,0,0,0,0,0,0,0,0,0,0,0,0,0,0,0,0,0,0,0,0,0,0,0,0,0,0,0,0,0,0,0,0,0,0,0,0,0,0,0,0,0,0,0,0,0,0,0,0,0,0,0,0,0,0,0,0,0,0,0,0,0,0,0,0,0,0,0,0,0,0,0,0,0,0,0,0,0,0,0,0,0,0,0,0,0},
{0,0,0,0,0,0,0,0,0,0,0,0,0,0,0,0,0,0,0,0,0,0,0,0,0,0,0,0,0,0,0,0,0,0,0,0,0,0,0,0,0,0,0,0,0,0,0,0,0,0,0,0,0,0,0,0,0,0,0,0,0,0,0,0,0,0,0,0,0,0,0,0,0,0,0,0,0,0,0,0,0,0,0,0,0,0,0,0,0,0,0,0,0,0,0,0},
{0,0,0,0,0,0,0,0,0,0,0,0,0,0,0,0,0,0,0,0,0,0,0,0,0,0,0,0,0,0,0,0,0,0,0,0,0,0,0,0,0,0,0,0,0,0,0,0,0,0,0,0,0,0,0,0,0,0,0,0,0,0,0,0,0,0,0,0,0,0,0,0,0,0,0,0,0,0,0,0,0,0,0,0,0,0,0,0,0,0,0,0,0,0,0,0},
{0,0,0,0,0,0,0,0,0,0,0,0,0,0,0,0,0,0,0,0,0,0,0,0,0,0,0,0,0.0045105490*J1^1*J2^3+0.0022552745*J1^1*J2^2*(J2-J1)^1+0,0.0004340278*J2^4+-0.0026041667*J2^3*(J2-J1)^1+0,0,0,0,0,0,0,-0.0045105490*J2^4+-0.0022552745*J2^3*(J2-J1)^1+0,-0.0004340278*J1^1*J2^3+0.0026041667*J1^1*J2^2*(J2-J1)^1+0,0,0,0,0,0,0,0,0,0,0,0,0,0,0,0,0,0,0,0,0,0,0,0,0,0,0,0,0,0,0,0,0,0,0,0,0,0,0,0,0,0,0,0,0,0,0,0,0,0,0,0,0,0,0,0,0,0,0},
{0,0,0,0,0,0,0,0,0,0,0,0,0,0,0,0,0,0,0,0,0,0,0,0,0,0,0,0,0.0004340278*J2^4+0.0013020833*J2^3*(J2-J1)^1+0,0.0045105490*J1^1*J2^3+-0.0005011721*J2^4+-0.0022552745*J1^1*J2^2*(J2-J1)^1+0.0007517582*J2^3*(J2-J1)^1+0,0,0,0,0,0,0,-0.0004340278*J1^1*J2^3+-0.0013020833*J1^1*J2^2*(J2-J1)^1+0,0.0005011721*J1^1*J2^3+-0.0045105490*J2^4+-0.0007517582*J1^1*J2^2*(J2-J1)^1+0.0022552745*J2^3*(J2-J1)^1+0,0,0,0,0,0,0,0,0,0,0,0,0,0,0,0,0,0,0,0,0,0,0,0,0,0,0,0,0,0,0,0,0,0,0,0,0,0,0,0,0,0,0,0,0,0,0,0,0,0,0,0,0,0,0,0,0,0,0},
{0,0,0,0,0,0,0,0,0,0,0,0,0,0,0,0,0,0,0,0,0,0,0,0,0,0,0,0,0.0026041667*J2^4+0.0013020833*J2^3*(J2-J1)^1+0,0.0002505861*J1^1*J2^3+-0.0015035163*J1^1*J2^2*(J2-J1)^1+0,0,0,0,0,0,0,-0.0026041667*J1^1*J2^3+-0.0013020833*J1^1*J2^2*(J2-J1)^1+0,-0.0002505861*J2^4+0.0015035163*J2^3*(J2-J1)^1+0,0,0,0,0,0,0,0.0036828478*J1^1*J2^3+-0.0036828478*J2^4+0.0018414239*J1^1*J2^2*(J2-J1)^1+-0.0018414239*J2^3*(J2-J1)^1+0,-0.0003543822*J1^1*J2^3+0.0003543822*J2^4+0.0021262932*J1^1*J2^2*(J2-J1)^1+-0.0021262932*J2^3*(J2-J1)^1+0,0,0,0,0,0,0,0,0,0,0,0,0,0,0,0,0,0,0,0,0,0,0,0,0,0,0,0,0,0,0,0,0,0,0,0,0,0,0,0,0,0,0,0,0,0,0,0,0,0,0},
{0,0,0,0,0,0,0,0,0,0,0,0,0,0,0,0,0,0,0,0,0,0,0,0,0,0,0,0,0.0002505861*J1^1*J2^3+0.0007517582*J1^1*J2^2*(J2-J1)^1+0,-0.0002893519*J1^1*J2^3+0.0026041667*J2^4+0.0004340278*J1^1*J2^2*(J2-J1)^1+-0.0013020833*J2^3*(J2-J1)^1+0,0,0,0,0,0,0,-0.0002505861*J2^4+-0.0007517582*J2^3*(J2-J1)^1+0,-0.0026041667*J1^1*J2^3+0.0002893519*J2^4+0.0013020833*J1^1*J2^2*(J2-J1)^1+-0.0004340278*J2^3*(J2-J1)^1+0,0,0,0,0,0,0,-0.0003543822*J1^1*J2^3+0.0003543822*J2^4+-0.0010631466*J1^1*J2^2*(J2-J1)^1+0.0010631466*J2^3*(J2-J1)^1+0,0.0040920531*J1^1*J2^3+-0.0040920531*J2^4+-0.0024552319*J1^1*J2^2*(J2-J1)^1+0.0024552319*J2^3*(J2-J1)^1+0,0,0,0,0,0,0,0,0,0,0,0,0,0,0,0,0,0,0,0,0,0,0,0,0,0,0,0,0,0,0,0,0,0,0,0,0,0,0,0,0,0,0,0,0,0,0,0,0,0,0},
{0,0,0,0,0,0,0,0,0,0,0,0,0,0,0,0,0,0,0,0,0,0,0,0,0,0,0,0,0,0,-0.0015035163*J1^1*J2^3+-0.0007517582*J1^1*J2^2*(J2-J1)^1+0,-0.0001446759*J2^4+0.0008680556*J2^3*(J2-J1)^1+0,0,0,0,0,0,0,0.0015035163*J2^4+0.0007517582*J2^3*(J2-J1)^1+0,0.0001446759*J1^1*J2^3+-0.0008680556*J1^1*J2^2*(J2-J1)^1+0,0,0,0,0,0,0,0,0,0,0,0,0,0,0,0,0,0,0,0,0,0,0,0,0,0,0,0,0,0,0,0,0,0,0,0,0,0,0,0,0,0,0,0,0,0,0,0,0,0,0,0,0,0,0,0,0},
{0,0,0,0,0,0,0,0,0,0,0,0,0,0,0,0,0,0,0,0,0,0,0,0,0,0,0,0,0,0,-0.0001446759*J2^4+-0.0004340278*J2^3*(J2-J1)^1+0,-0.0015035163*J1^1*J2^3+0.0001670574*J2^4+0.0007517582*J1^1*J2^2*(J2-J1)^1+-0.0002505861*J2^3*(J2-J1)^1+0,0,0,0,0,0,0,0.0001446759*J1^1*J2^3+0.0004340278*J1^1*J2^2*(J2-J1)^1+0,-0.0001670574*J1^1*J2^3+0.0015035163*J2^4+0.0002505861*J1^1*J2^2*(J2-J1)^1+-0.0007517582*J2^3*(J2-J1)^1+0,0,0,0,0,0,0,0,0,0,0,0,0,0,0,0,0,0,0,0,0,0,0,0,0,0,0,0,0,0,0,0,0,0,0,0,0,0,0,0,0,0,0,0,0,0,0,0,0,0,0,0,0,0,0,0,0},
{0,0,0,0,0,0,0,0,0,0,0,0,0,0,0,0,0,0,0,0,0,0,0,0,0,0,0,0,0,0,-0.0008680556*J2^4+-0.0004340278*J2^3*(J2-J1)^1+0,-0.0000835287*J1^1*J2^3+0.0005011721*J1^1*J2^2*(J2-J1)^1+0,0,0,0,0,0,0,0.0008680556*J1^1*J2^3+0.0004340278*J1^1*J2^2*(J2-J1)^1+0,0.0000835287*J2^4+-0.0005011721*J2^3*(J2-J1)^1+0,0,0,0,0,0,0,-0.0012276159*J1^1*J2^3+0.0012276159*J2^4+-0.0006138080*J1^1*J2^2*(J2-J1)^1+0.0006138080*J2^3*(J2-J1)^1+0,0.0001181274*J1^1*J2^3+-0.0001181274*J2^4+-0.0007087644*J1^1*J2^2*(J2-J1)^1+0.0007087644*J2^3*(J2-J1)^1+0,0,0,0,0,0,0,0,0,0,0,0,0,0,0,0,0,0,0,0,0,0,0,0,0,0,0,0,0,0,0,0,0,0,0,0,0,0,0,0,0,0,0,0,0,0,0,0,0},
{0,0,0,0,0,0,0,0,0,0,0,0,0,0,0,0,0,0,0,0,0,0,0,0,0,0,0,0,0,0,-0.0000835287*J1^1*J2^3+-0.0002505861*J1^1*J2^2*(J2-J1)^1+0,0.0000964506*J1^1*J2^3+-0.0008680556*J2^4+-0.0001446759*J1^1*J2^2*(J2-J1)^1+0.0004340278*J2^3*(J2-J1)^1+0,0,0,0,0,0,0,0.0000835287*J2^4+0.0002505861*J2^3*(J2-J1)^1+0,0.0008680556*J1^1*J2^3+-0.0000964506*J2^4+-0.0004340278*J1^1*J2^2*(J2-J1)^1+0.0001446759*J2^3*(J2-J1)^1+0,0,0,0,0,0,0,0.0001181274*J1^1*J2^3+-0.0001181274*J2^4+0.0003543822*J1^1*J2^2*(J2-J1)^1+-0.0003543822*J2^3*(J2-J1)^1+0,-0.0013640177*J1^1*J2^3+0.0013640177*J2^4+0.0008184106*J1^1*J2^2*(J2-J1)^1+-0.0008184106*J2^3*(J2-J1)^1+0,0,0,0,0,0,0,0,0,0,0,0,0,0,0,0,0,0,0,0,0,0,0,0,0,0,0,0,0,0,0,0,0,0,0,0,0,0,0,0,0,0,0,0,0,0,0,0,0},
{0,0,0,0,0,0,0,0,0,0,0,0,0,0,0,0,0,0,0,0,0,0,0,0,-0.0078125000*J1^1*J2^3+-0.0156250000*J1^1*J2^2*(J2-J1)^1+0,-0.0007517582*J2^4+-0.0022552745*J2^3*(J2-J1)^1+0,0,0,0,0,0,0,0.0078125000*J2^4+0.0156250000*J2^3*(J2-J1)^1+0,0.0007517582*J1^1*J2^3+0.0022552745*J1^1*J2^2*(J2-J1)^1+0,0,0,0,0,0,0,0,0,0,0,0,0,0,0,0,0,0,0,0,0,0,0,0,0,0,0,0,0,0,0,0,0,0,0,0,0,0,0,0,0,0,0,0,0,0,0,0,0,0,0,0,0,0,0,0,0,0,0,0,0,0,0},
{0,0,0,0,0,0,0,0,0,0,0,0,0,0,0,0,0,0,0,0,0,0,0,0,-0.0007517582*J2^4+-0.0090210980*J2^3*(J2-J1)^1+0,-0.0078125000*J1^1*J2^3+0.0008680556*J2^4+-0.0078125000*J1^1*J2^2*(J2-J1)^1+0.0065104167*J2^3*(J2-J1)^1+0,0,0,0,0,0,0,0.0007517582*J1^1*J2^3+0.0090210980*J1^1*J2^2*(J2-J1)^1+0,-0.0008680556*J1^1*J2^3+0.0078125000*J2^4+-0.0065104167*J1^1*J2^2*(J2-J1)^1+0.0078125000*J2^3*(J2-J1)^1+0,0,0,0,0,0,0,0,0,0,0,0,0,0,0,0,0,0,0,0,0,0,0,0,0,0,0,0,0,0,0,0,0,0,0,0,0,0,0,0,0,0,0,0,0,0,0,0,0,0,0,0,0,0,0,0,0,0,0,0,0,0,0},
{0,0,0,0,0,0,0,0,0,0,0,0,0,0,0,0,0,0,0,0,0,0,0,0,-0.0045105490*J2^4+-0.0090210980*J2^3*(J2-J1)^1+0,-0.0004340278*J1^1*J2^3+-0.0013020833*J1^1*J2^2*(J2-J1)^1+0,0,0,0,0,0,0,0.0045105490*J1^1*J2^3+0.0090210980*J1^1*J2^2*(J2-J1)^1+0,0.0004340278*J2^4+0.0013020833*J2^3*(J2-J1)^1+0,0,0,0,0,0,0,-0.0063788795*J1^1*J2^3+0.0063788795*J2^4+-0.0127577591*J1^1*J2^2*(J2-J1)^1+0.0127577591*J2^3*(J2-J1)^1+0,0.0006138080*J1^1*J2^3+-0.0006138080*J2^4+0.0018414239*J1^1*J2^2*(J2-J1)^1+-0.0018414239*J2^3*(J2-J1)^1+0,0,0,0,0,0,0,0,0,0,0,0,0,0,0,0,0,0,0,0,0,0,0,0,0,0,0,0,0,0,0,0,0,0,0,0,0,0,0,0,0,0,0,0,0,0,0,0,0,0,0,0,0,0,0},
{0,0,0,0,0,0,0,0,0,0,0,0,0,0,0,0,0,0,0,0,0,0,0,0,-0.0004340278*J1^1*J2^3+-0.0052083333*J1^1*J2^2*(J2-J1)^1+0,0.0005011721*J1^1*J2^3+-0.0045105490*J2^4+0.0037587908*J1^1*J2^2*(J2-J1)^1+-0.0045105490*J2^3*(J2-J1)^1+0,0,0,0,0,0,0,0.0004340278*J2^4+0.0052083333*J2^3*(J2-J1)^1+0,0.0045105490*J1^1*J2^3+-0.0005011721*J2^4+0.0045105490*J1^1*J2^2*(J2-J1)^1+-0.0037587908*J2^3*(J2-J1)^1+0,0,0,0,0,0,0,0.0006138080*J1^1*J2^3+-0.0006138080*J2^4+0.0073656956*J1^1*J2^2*(J2-J1)^1+-0.0073656956*J2^3*(J2-J1)^1+0,-0.0070876439*J1^1*J2^3+0.0070876439*J2^4+-0.0116946125*J1^1*J2^2*(J2-J1)^1+0.0116946125*J2^3*(J2-J1)^1+0,0,0,0,0,0,0,0,0,0,0,0,0,0,0,0,0,0,0,0,0,0,0,0,0,0,0,0,0,0,0,0,0,0,0,0,0,0,0,0,0,0,0,0,0,0,0,0,0,0,0,0,0,0,0},
{0,0,0,0,0,0,0,0,0,0,0,0,0,0,0,0,0,0,0,0,0,0,0,0,0,0,0.0026041667*J1^1*J2^3+0.0052083333*J1^1*J2^2*(J2-J1)^1+0,0.0002505861*J2^4+0.0007517582*J2^3*(J2-J1)^1+0,0,0,0,0,0,0,-0.0026041667*J2^4+-0.0052083333*J2^3*(J2-J1)^1+0,-0.0002505861*J1^1*J2^3+-0.0007517582*J1^1*J2^2*(J2-J1)^1+0,0,0,0,0,0,0,0,0,0,0,0,0,0,0,0,0,0,0,0,0,0,0,0,0,0,0,0,0,0,0,0,0,0,0,0,0,0,0,0,0,0,0,0,0,0,0,0,0,0,0,0,0,0,0,0,0,0,0,0,0},
{0,0,0,0,0,0,0,0,0,0,0,0,0,0,0,0,0,0,0,0,0,0,0,0,0,0,0.0002505861*J2^4+0.0030070327*J2^3*(J2-J1)^1+0,0.0026041667*J1^1*J2^3+-0.0002893519*J2^4+0.0026041667*J1^1*J2^2*(J2-J1)^1+-0.0021701389*J2^3*(J2-J1)^1+0,0,0,0,0,0,0,-0.0002505861*J1^1*J2^3+-0.0030070327*J1^1*J2^2*(J2-J1)^1+0,0.0002893519*J1^1*J2^3+-0.0026041667*J2^4+0.0021701389*J1^1*J2^2*(J2-J1)^1+-0.0026041667*J2^3*(J2-J1)^1+0,0,0,0,0,0,0,0,0,0,0,0,0,0,0,0,0,0,0,0,0,0,0,0,0,0,0,0,0,0,0,0,0,0,0,0,0,0,0,0,0,0,0,0,0,0,0,0,0,0,0,0,0,0,0,0,0,0,0,0,0},
{0,0,0,0,0,0,0,0,0,0,0,0,0,0,0,0,0,0,0,0,0,0,0,0,0,0,0.0015035163*J2^4+0.0030070327*J2^3*(J2-J1)^1+0,0.0001446759*J1^1*J2^3+0.0004340278*J1^1*J2^2*(J2-J1)^1+0,0,0,0,0,0,0,-0.0015035163*J1^1*J2^3+-0.0030070327*J1^1*J2^2*(J2-J1)^1+0,-0.0001446759*J2^4+-0.0004340278*J2^3*(J2-J1)^1+0,0,0,0,0,0,0,0.0021262932*J1^1*J2^3+-0.0021262932*J2^4+0.0042525864*J1^1*J2^2*(J2-J1)^1+-0.0042525864*J2^3*(J2-J1)^1+0,-0.0002046027*J1^1*J2^3+0.0002046027*J2^4+-0.0006138080*J1^1*J2^2*(J2-J1)^1+0.0006138080*J2^3*(J2-J1)^1+0,0,0,0,0,0,0,0,0,0,0,0,0,0,0,0,0,0,0,0,0,0,0,0,0,0,0,0,0,0,0,0,0,0,0,0,0,0,0,0,0,0,0,0,0,0,0,0,0,0,0,0,0},
{0,0,0,0,0,0,0,0,0,0,0,0,0,0,0,0,0,0,0,0,0,0,0,0,0,0,0.0001446759*J1^1*J2^3+0.0017361111*J1^1*J2^2*(J2-J1)^1+0,-0.0001670574*J1^1*J2^3+0.0015035163*J2^4+-0.0012529303*J1^1*J2^2*(J2-J1)^1+0.0015035163*J2^3*(J2-J1)^1+0,0,0,0,0,0,0,-0.0001446759*J2^4+-0.0017361111*J2^3*(J2-J1)^1+0,-0.0015035163*J1^1*J2^3+0.0001670574*J2^4+-0.0015035163*J1^1*J2^2*(J2-J1)^1+0.0012529303*J2^3*(J2-J1)^1+0,0,0,0,0,0,0,-0.0002046027*J1^1*J2^3+0.0002046027*J2^4+-0.0024552319*J1^1*J2^2*(J2-J1)^1+0.0024552319*J2^3*(J2-J1)^1+0,0.0023625480*J1^1*J2^3+-0.0023625480*J2^4+0.0038982042*J1^1*J2^2*(J2-J1)^1+-0.0038982042*J2^3*(J2-J1)^1+0,0,0,0,0,0,0,0,0,0,0,0,0,0,0,0,0,0,0,0,0,0,0,0,0,0,0,0,0,0,0,0,0,0,0,0,0,0,0,0,0,0,0,0,0,0,0,0,0,0,0,0,0},
{0,0,0,0,0,0,0,0,0,0,0,0,0,0,0,0,0,0,0,0,0,0,0,0,0,0,0,0,-0.0063788795*J1^1*J2^3+-0.0079735994*J1^1*J2^2*(J2-J1)^1+0,-0.0006138080*J2^4+0.0009207120*J2^3*(J2-J1)^1+0,0,0,0,0,0,0,0.0063788795*J2^4+0.0079735994*J2^3*(J2-J1)^1+0,0.0006138080*J1^1*J2^3+-0.0009207120*J1^1*J2^2*(J2-J1)^1+0,0,0,0,0,0,0,0,0,0,0,0,0,0,0,0,0,0,0,0,0,0,0,0,0,0,0,0,0,0,0,0,0,0,0,0,0,0,0,0,0,0,0,0,0,0,0,0,0,0,0,0,0,0,0,0,0,0,0},
{0,0,0,0,0,0,0,0,0,0,0,0,0,0,0,0,0,0,0,0,0,0,0,0,0,0,0,0,-0.0006138080*J2^4+-0.0046035598*J2^3*(J2-J1)^1+0,-0.0063788795*J1^1*J2^3+0.0007087644*J2^4+-0.0015947199*J1^1*J2^2*(J2-J1)^1+0.0021262932*J2^3*(J2-J1)^1+0,0,0,0,0,0,0,0.0006138080*J1^1*J2^3+0.0046035598*J1^1*J2^2*(J2-J1)^1+0,-0.0007087644*J1^1*J2^3+0.0063788795*J2^4+-0.0021262932*J1^1*J2^2*(J2-J1)^1+0.0015947199*J2^3*(J2-J1)^1+0,0,0,0,0,0,0,0,0,0,0,0,0,0,0,0,0,0,0,0,0,0,0,0,0,0,0,0,0,0,0,0,0,0,0,0,0,0,0,0,0,0,0,0,0,0,0,0,0,0,0,0,0,0,0,0,0,0,0},
{0,0,0,0,0,0,0,0,0,0,0,0,0,0,0,0,0,0,0,0,0,0,0,0,0,0,0,0,-0.0036828478*J2^4+-0.0046035598*J2^3*(J2-J1)^1+0,-0.0003543822*J1^1*J2^3+0.0005315733*J1^1*J2^2*(J2-J1)^1+0,0,0,0,0,0,0,0.0036828478*J1^1*J2^3+0.0046035598*J1^1*J2^2*(J2-J1)^1+0,0.0003543822*J2^4+-0.0005315733*J2^3*(J2-J1)^1+0,0,0,0,0,0,0,-0.0052083333*J1^1*J2^3+0.0052083333*J2^4+-0.0065104167*J1^1*J2^2*(J2-J1)^1+0.0065104167*J2^3*(J2-J1)^1+0,0.0005011721*J1^1*J2^3+-0.0005011721*J2^4+-0.0007517582*J1^1*J2^2*(J2-J1)^1+0.0007517582*J2^3*(J2-J1)^1+0,0,0,0,0,0,0,0,0,0,0,0,0,0,0,0,0,0,0,0,0,0,0,0,0,0,0,0,0,0,0,0,0,0,0,0,0,0,0,0,0,0,0,0,0,0,0,0,0,0,0},
{0,0,0,0,0,0,0,0,0,0,0,0,0,0,0,0,0,0,0,0,0,0,0,0,0,0,0,0,-0.0003543822*J1^1*J2^3+-0.0026578665*J1^1*J2^2*(J2-J1)^1+0,0.0004092053*J1^1*J2^3+-0.0036828478*J2^4+0.0012276159*J1^1*J2^2*(J2-J1)^1+-0.0009207120*J2^3*(J2-J1)^1+0,0,0,0,0,0,0,0.0003543822*J2^4+0.0026578665*J2^3*(J2-J1)^1+0,0.0036828478*J1^1*J2^3+-0.0004092053*J2^4+0.0009207120*J1^1*J2^2*(J2-J1)^1+-0.0012276159*J2^3*(J2-J1)^1+0,0,0,0,0,0,0,0.0005011721*J1^1*J2^3+-0.0005011721*J2^4+0.0037587908*J1^1*J2^2*(J2-J1)^1+-0.0037587908*J2^3*(J2-J1)^1+0,-0.0057870370*J1^1*J2^3+0.0057870370*J2^4+-0.0030381944*J1^1*J2^2*(J2-J1)^1+0.0030381944*J2^3*(J2-J1)^1+0,0,0,0,0,0,0,0,0,0,0,0,0,0,0,0,0,0,0,0,0,0,0,0,0,0,0,0,0,0,0,0,0,0,0,0,0,0,0,0,0,0,0,0,0,0,0,0,0,0,0},
{0,0,0,0,0,0,0,0,0,0,0,0,0,0,0,0,0,0,0,0,0,0,0,0,0,0,0,0,0,0,0.0021262932*J1^1*J2^3+0.0026578665*J1^1*J2^2*(J2-J1)^1+0,0.0002046027*J2^4+-0.0003069040*J2^3*(J2-J1)^1+0,0,0,0,0,0,0,-0.0021262932*J2^4+-0.0026578665*J2^3*(J2-J1)^1+0,-0.0002046027*J1^1*J2^3+0.0003069040*J1^1*J2^2*(J2-J1)^1+0,0,0,0,0,0,0,0,0,0,0,0,0,0,0,0,0,0,0,0,0,0,0,0,0,0,0,0,0,0,0,0,0,0,0,0,0,0,0,0,0,0,0,0,0,0,0,0,0,0,0,0,0,0,0,0,0},
{0,0,0,0,0,0,0,0,0,0,0,0,0,0,0,0,0,0,0,0,0,0,0,0,0,0,0,0,0,0,0.0002046027*J2^4+0.0015345199*J2^3*(J2-J1)^1+0,0.0021262932*J1^1*J2^3+-0.0002362548*J2^4+0.0005315733*J1^1*J2^2*(J2-J1)^1+-0.0007087644*J2^3*(J2-J1)^1+0,0,0,0,0,0,0,-0.0002046027*J1^1*J2^3+-0.0015345199*J1^1*J2^2*(J2-J1)^1+0,0.0002362548*J1^1*J2^3+-0.0021262932*J2^4+0.0007087644*J1^1*J2^2*(J2-J1)^1+-0.0005315733*J2^3*(J2-J1)^1+0,0,0,0,0,0,0,0,0,0,0,0,0,0,0,0,0,0,0,0,0,0,0,0,0,0,0,0,0,0,0,0,0,0,0,0,0,0,0,0,0,0,0,0,0,0,0,0,0,0,0,0,0,0,0,0,0},
{0,0,0,0,0,0,0,0,0,0,0,0,0,0,0,0,0,0,0,0,0,0,0,0,0,0,0,0,0,0,0.0012276159*J2^4+0.0015345199*J2^3*(J2-J1)^1+0,0.0001181274*J1^1*J2^3+-0.0001771911*J1^1*J2^2*(J2-J1)^1+0,0,0,0,0,0,0,-0.0012276159*J1^1*J2^3+-0.0015345199*J1^1*J2^2*(J2-J1)^1+0,-0.0001181274*J2^4+0.0001771911*J2^3*(J2-J1)^1+0,0,0,0,0,0,0,0.0017361111*J1^1*J2^3+-0.0017361111*J2^4+0.0021701389*J1^1*J2^2*(J2-J1)^1+-0.0021701389*J2^3*(J2-J1)^1+0,-0.0001670574*J1^1*J2^3+0.0001670574*J2^4+0.0002505861*J1^1*J2^2*(J2-J1)^1+-0.0002505861*J2^3*(J2-J1)^1+0,0,0,0,0,0,0,0,0,0,0,0,0,0,0,0,0,0,0,0,0,0,0,0,0,0,0,0,0,0,0,0,0,0,0,0,0,0,0,0,0,0,0,0,0,0,0,0,0},
{0,0,0,0,0,0,0,0,0,0,0,0,0,0,0,0,0,0,0,0,0,0,0,0,0,0,0,0,0,0,0.0001181274*J1^1*J2^3+0.0008859555*J1^1*J2^2*(J2-J1)^1+0,-0.0001364018*J1^1*J2^3+0.0012276159*J2^4+-0.0004092053*J1^1*J2^2*(J2-J1)^1+0.0003069040*J2^3*(J2-J1)^1+0,0,0,0,0,0,0,-0.0001181274*J2^4+-0.0008859555*J2^3*(J2-J1)^1+0,-0.0012276159*J1^1*J2^3+0.0001364018*J2^4+-0.0003069040*J1^1*J2^2*(J2-J1)^1+0.0004092053*J2^3*(J2-J1)^1+0,0,0,0,0,0,0,-0.0001670574*J1^1*J2^3+0.0001670574*J2^4+-0.0012529303*J1^1*J2^2*(J2-J1)^1+0.0012529303*J2^3*(J2-J1)^1+0,0.0019290123*J1^1*J2^3+-0.0019290123*J2^4+0.0010127315*J1^1*J2^2*(J2-J1)^1+-0.0010127315*J2^3*(J2-J1)^1+0,0,0,0,0,0,0,0,0,0,0,0,0,0,0,0,0,0,0,0,0,0,0,0,0,0,0,0,0,0,0,0,0,0,0,0,0,0,0,0,0,0,0,0,0,0,0,0,0}
}